1
4
3
3
4
3
1
1
0
-1
-2
-4
-4
-4
-4
-3
-7
-4
-3
-2
0
1
-1
0
0
0
3
2
1
0
-2
-3
-6
-2
-3
-5
-2
-3
-5
-4
-4
-6
-2
-3
-1
1
-1
2
2
-3
-4
-4
-4
-6
-4
-2
-2
-5
-4
-3
-3
-1
-5
-2
0
-1
-1
2
1
2
6
3
4
6
4
5
5
2
3
5
7
8
7
8
5
4
3
4
3
8
8
6
9
7
3
0
3
-1
0
2
1
1
2
1
2
1
2
4
4
4
1
-3
-6
-7
-5
-5
-1
-2
-4
-2
-4
-5
-6
-5
-6
-9
-5
-7
-6
-1
1
0
0
0
0
-2
-2
2
2
-1
1
1
1
5
-1
-1
3
4
3
8
8
7
3
1
-1
-2
-1
1
2
1
4
3
2
3
3
3
5
7
7
5
2
3
2
0
1
0
-1
-2
-5
-9
-6
-5
-9
-5
-5
-4
-5
-4
-5
-4
-5
-7
-8
-6
-9
-7
-7
-9
-9
-9
-6
-6
-5
-2
-4
-3
-2
-2
-1
-2
-3
-5
-3
-3
-1
2
4
1
0
1
0
1
3
4
4
1
5
4
4
5
4
4
3
6
7
7
8
8
6
10
10
9
9
5
5
4
1
-1
1
1
1
0
2
1
1
0
-2
-2
-3
-1
-2
1
1
-1
-2
1
0
2
2
0
3
-1
1
0
1
4
2
2
2
0
-3
-2
-1
-3
0
3
2
4
3
3
1
0
1
-1
3
0
-2
-2
0
3
1
5
3
-1
0
0
0
3
5
4
4
0
-1
-3
-3
1
-1
-2
-2
-4
-7
-10
-8
-7
-6
-7
-6
-3
-2
-5
-2
-1
-2
-5
-6
-5
-6
-8
-6
-6
-3
-2
-4
0
-1
-2
1
0
-2
-3
-1
-2
-3
-3
-1
-2
-2
-1
-3
1
1
1
5
3
6
6
4
2
4
5
2
4
3
0
1
1
1
1
2
3
1
1
2
2
3
2
2
2
3
1
-1
-3
-5
-5
-3
-1
-1
-1
-2
-1
-1
1
1
1
2
1
2
3
2
2
1
2
2
3
5
3
1
2
2
4
6
7
5
6
3
1
1
0
2
2
3
3
4
4
4
3
3
0
1
-1
1
2
2
3
2
6
3
3
4
3
4
3
2
-1
-3
-5
-7
-5
-4
-5
-2
-3
-4
-5
-7
-9
-6
-9
-6
-5
-7
-7
-8
-7
-9
-6
-5
-5
-7
-7
-4
-3
-3
-6
-5
-4
-5
-2
-1
-2
-2
-3
0
5
6
4
4
2
0
-2
0
4
2
5
4
3
3
5
3
7
8
6
5
4
5
4
3
2
4
2
4
2
2
3
-4
-5
-2
-2
-4
-1
-2
0
2
-2
1
-2
-1
1
-1
-1
2
1
1
0
1
0
-3
-2
-4
-4
-5
-4
-3
-5
-4
-2
-3
-4
-4
-4
1
2
2
6
6
6
7
4
2
2
3
5
6
6
6
7
5
5
4
8
6
4
4
2
-3
-4
0
-2
0
0
0
2
1
0
0
1
1
-2
-2
-3
-2
1
0
0
-2
-4
-5
-8
-6
-5
-6
-3
-3
-1
1
1
0
-2
-3
-2
-5
-8
-4
-5
-6
-2
-2
-3
-1
1
-3
1
-1
3
4
1
0
-4
-4
-3
3
1
5
5
1
-1
-2
-1
1
3
5
8
6
1
2
3
2
3
0
-1
-1
1
-1
0
1
1
3
4
4
3
2
1
5
6
4
3
1
-2
-3
0
1
3
3
0
-4
-6
-9
-6
-1
-2
0
-4
-5
-6
-3
-7
-6
-5
-5
-3
0
2
1
3
-2
0
2
3
1
1
-1
1
0
0
2
2
-1
-2
-3
-3
1
2
2
3
3
0
1
-2
-1
-2
-4
-3
-4
-3
-3
1
1
2
2
3
2
2
4
3
2
2
1
-1
1
-1
-3
-1
-2
-2
1
2
2
1
2
2
3
3
4
4
3
1
0
-2
-2
-2
1
3
6
8
5
6
5
3
2
2
1
3
3
2
0
-2
-4
-3
-2
0
1
2
1
3
3
0
-1
-1
-5
-5
-4
-4
-2
2
0
0
-2
-1
-4
-5
-5
-6
-2
0
1
1
2
1
-1
-4
-4
-5
-5
-4
-2
-1
-3
-5
-5
-3
-4
-2
0
1
1
1
-1
-2
-2
-2
1
2
0
4
5
0
4
0
-2
0
-2
1
-2
1
4
1
0
-1
-2
-3
-1
0
2
0
0
0
0
-1
-3
0
-2
0
-1
3
4
2
3
4
5
6
6
3
6
5
5
8
8
7
6
2
-1
0
4
4
5
5
5
5
0
5
2
0
-2
-2
-1
0
2
3
0
0
0
-1
2
0
3
1
-4
-5
-6
-5
-7
-8
-7
-6
-11
-10
-9
-10
-11
-10
-6
-8
-9
-8
-7
-10
-13
-10
-9
-11
-10
-8
-9
-9
-9
-6
-5
-7
-6
-8
-5
-9
-8
-6
-5
-2
-1
-2
-1
3
0
2
2
1
3
2
5
10
10
10
9
7
9
10
17
20
18
18
16
16
15
14
15
16
15
18
20
23
23
19
15
14
12
14
15
17
18
14
12
11
9
10
10
9
9
10
8
7
8
6
3
0
-6
-10
-9
-8
-11
-8
-7
-8
-10
-8
-8
-10
-13
-17
-21
-24
-25
-30
-29
-33
-32
-31
-33
-35
-35
-35
-32
-31
-31
-35
-36
-38
-34
-26
-17
-12
-9
-9
-11
-8
-11
-10
-10
-8
-9
-10
-6
-7
-1
2
1
2
3
-1
1
3
8
9
12
13
16
19
22
25
28
32
31
29
36
36
37
36
35
33
33
34
37
38
42
47
50
53
54
54
54
51
51
55
59
64
63
65
58
51
37
29
25
26
29
30
29
19
8
-3
-11
-21
-27
-28
-33
-36
-42
-47
-53
-58
-65
-72
-85
-91
-99
-102
-96
-94
-89
-91
-93
-100
-106
-102
-94
-84
-74
-65
-60
-54
-54
-53
-52
-49
-47
-45
-39
-33
-28
-27
-26
-32
-36
-35
-30
-26
-15
-3
1
8
14
24
26
35
39
45
52
56
61
65
71
73
79
73
75
78
78
80
83
82
79
80
78
77
76
77
77
79
79
83
92
99
98
98
104
113
113
115
115
116
115
105
103
104
97
89
69
47
30
20
13
6
-1
-15
-32
-57
-82
-92
-96
-95
-94
-101
-108
-121
-134
-141
-136
-135
-135
-146
-161
-159
-151
-137
-121
-109
-105
-114
-130
-137
-136
-124
-107
-89
-80
-77
-78
-85
-89
-97
-107
-112
-117
-110
-99
-84
-65
-53
-48
-49
-44
-39
-23
-4
12
30
34
43
55
57
64
67
76
79
78
79
85
91
95
100
101
100
99
100
106
119
129
127
127
125
121
115
119
121
118
113
107
104
103
103
106
105
106
103
97
94
111
130
167
208
223
211
172
133
122
128
149
194
225
225
175
107
36
-11
-43
-51
-58
-57
-66
-87
-125
-167
-184
-205
-212
-209
-214
-217
-227
-231
-224
-212
-206
-217
-247
-275
-287
-283
-267
-245
-229
-219
-208
-199
-191
-178
-171
-165
-159
-153
-133
-113
-92
-86
-99
-115
-135
-152
-154
-138
-124
-104
-88
-83
-69
-55
-49
-34
-13
-2
19
42
64
89
113
121
125
129
132
137
154
165
172
174
167
168
165
183
201
208
209
212
206
203
217
222
229
229
217
207
202
189
199
211
212
206
188
169
160
163
160
162
156
143
124
105
104
105
104
115
151
224
262
241
183
107
48
26
56
144
227
271
219
102
-35
-137
-195
-209
-187
-175
-174
-197
-237
-278
-304
-328
-372
-395
-397
-394
-372
-347
-317
-296
-283
-306
-346
-360
-359
-347
-325
-302
-294
-290
-289
-290
-280
-245
-219
-194
-176
-155
-130
-122
-123
-131
-146
-150
-170
-183
-158
-142
-141
-133
-119
-113
-99
-86
-59
-30
0
21
47
93
143
183
213
232
235
236
231
236
259
272
284
287
271
263
257
262
272
287
292
296
295
294
298
308
328
330
333
322
309
299
292
288
289
274
263
247
226
230
222
203
194
183
164
144
112
110
96
74
55
30
28
57
141
252
306
266
157
25
-76
-99
1
178
338
368
269
84
-106
-264
-350
-359
-317
-294
-321
-359
-379
-398
-424
-464
-509
-550
-582
-591
-578
-512
-454
-408
-372
-373
-385
-383
-398
-408
-417
-421
-415
-416
-370
-295
-221
-169
-157
-180
-210
-219
-234
-213
-180
-156
-155
-177
-185
-198
-192
-186
-191
-165
-147
-130
-91
-36
3
49
95
138
173
212
264
313
366
391
404
416
410
411
444
452
433
412
403
400
417
425
441
454
438
409
401
397
414
427
436
442
431
399
368
343
299
275
247
218
200
198
215
200
177
173
139
115
101
105
118
121
102
74
43
-5
-23
-64
-88
-82
-35
43
134
183
171
137
74
4
-22
44
161
295
332
282
167
16
-166
-300
-389
-425
-456
-502
-527
-554
-559
-567
-620
-696
-769
-861
-905
-886
-785
-636
-504
-448
-442
-469
-511
-550
-553
-509
-429
-338
-262
-207
-168
-148
-193
-245
-293
-296
-252
-205
-134
-94
-97
-167
-225
-272
-266
-216
-154
-92
-52
-31
5
62
117
189
247
284
295
353
430
510
579
641
637
631
591
565
554
541
563
537
539
527
506
477
492
457
446
411
373
371
394
417
432
434
405
375
353
340
329
339
322
300
275
262
248
250
246
239
222
203
164
138
135
113
119
89
16
-30
-81
-114
-108
-106
-82
-100
-157
-206
-209
-142
-46
40
69
52
-31
-108
-180
-148
-20
128
196
166
49
-101
-230
-364
-441
-492
-521
-570
-614
-663
-672
-709
-791
-918
-1051
-1134
-1174
-1100
-941
-751
-624
-601
-647
-677
-645
-572
-459
-314
-181
-115
-88
-95
-51
0
17
-5
-40
-32
15
56
62
49
11
-73
-161
-199
-170
-112
-86
-54
-18
51
104
157
221
320
402
432
451
524
621
695
744
769
758
711
682
669
683
718
722
660
612
604
577
578
573
542
525
473
416
367
399
396
357
348
329
292
294
300
292
290
312
291
281
311
307
294
250
166
117
95
38
24
43
62
6
-60
-123
-172
-224
-253
-292
-292
-303
-334
-328
-362
-345
-335
-292
-212
-102
-40
-104
-192
-264
-296
-278
-148
44
177
174
48
-157
-300
-423
-492
-504
-501
-483
-527
-603
-677
-717
-804
-914
-1047
-1087
-1044
-960
-829
-731
-626
-625
-651
-665
-629
-477
-321
-167
-60
35
62
70
81
79
96
81
77
87
107
117
75
11
-57
-115
-181
-196
-177
-137
-80
-53
15
50
115
171
236
333
430
500
543
595
650
748
785
827
801
835
812
789
801
846
845
813
763
725
678
617
612
525
496
464
428
395
359
336
317
277
277
235
205
225
217
229
255
245
230
209
225
202
204
201
148
79
-1
-44
-92
-110
-136
-195
-239
-288
-329
-323
-323
-307
-351
-409
-438
-491
-518
-457
-255
-68
29
-20
-178
-290
-380
-405
-206
116
388
367
129
-199
-454
-563
-573
-475
-396
-360
-491
-719
-909
-1026
-1068
-1201
-1309
-1322
-1209
-1129
-983
-899
-754
-424
-783
-941
-844
-613
-284
24
167
305
158
4
-187
-214
73
268
411
522
544
338
174
7
49
34
127
152
261
337
319
206
118
168
352
524
575
673
656
604
520
741
823
1268
1372
989
768
739
774
964
1128
1358
1246
732
523
140
207
358
451
345
389
75
234
150
-79
-339
-434
-317
-205
516
601
495
33
-378
-628
-325
-28
392
392
268
-255
-646
-545
-97
89
61
61
-223
-311
-352
-109
-78
-8
-77
-105
-161
-176
-295
-182
218
700
589
-116
-630
-656
-253
243
1007
1596
1384
145
-1076
-1364
-553
456
930
547
-427
-1560
-2499
-2436
-1485
-464
-430
-1365
-2510
-2859
-2604
-2055
-1360
-826
-716
-1190
-1633
-1434
-703
-97
111
98
51
124
161
232
616
1087
1192
1004
862
889
843
617
613
819
974
857
503
112
-100
-115
0
182
340
250
-202
-581
-496
27
504
668
630
516
426
490
825
1277
1556
1477
1214
1088
1195
1405
1494
1478
1366
1183
903
677
619
633
589
391
186
56
-107
-238
-358
-431
-409
-378
-468
-414
-337
-351
-413
-391
-327
-217
-7
123
206
151
122
24
35
137
256
286
135
-98
-220
144
1043
1741
1319
-147
-1186
-822
255
1042
1546
1803
1224
-222
-1526
-1372
-112
876
707
-245
-1377
-2261
-2686
-2343
-1455
-796
-1309
-2574
-3439
-3344
-2679
-2218
-1799
-1550
-1481
-1869
-2169
-1999
-1218
-384
77
313
258
5
-256
-1
683
1507
1800
1453
898
668
630
929
1380
1658
1390
618
-98
-280
17
370
570
340
-174
-696
-918
-737
-227
236
248
-14
-299
-237
123
667
1189
1406
1352
1136
1075
1311
1833
2257
2406
2145
1797
1496
1397
1567
1815
1898
1603
1035
499
311
285
413
485
429
120
-275
-518
-648
-584
-454
-333
-300
-356
-519
-409
-351
-205
-97
7
-58
-80
-174
215
1278
2074
1742
273
-640
-179
873
1388
1756
2066
1754
368
-1114
-1277
-226
550
332
-501
-1650
-2626
-3383
-3284
-2287
-1568
-2084
-3331
-4189
-4187
-3689
-3223
-2568
-1981
-1903
-2450
-2870
-2590
-1697
-729
-165
9
-197
-502
-595
-52
824
1492
1500
1122
753
704
832
1142
1526
1618
1206
426
-26
-54
115
233
376
220
-149
-611
-849
-651
-330
3
189
133
7
44
314
830
1295
1548
1545
1517
1596
1814
2105
2423
2617
2550
2290
2084
2107
2244
2412
2443
2243
1851
1440
1125
1121
1270
1390
1223
784
354
-28
-21
163
345
322
109
-254
-371
-243
101
348
245
21
-325
-303
485
1588
1655
588
-609
-377
545
885
946
1438
1624
716
-777
-1500
-820
-22
-10
-663
-1590
-2479
-3223
-3476
-3002
-2421
-2622
-3447
-4120
-4252
-4004
-3864
-3599
-2902
-2367
-2443
-2913
-3074
-2611
-1676
-902
-536
-565
-816
-953
-633
178
883
1083
818
621
543
622
802
1180
1436
1233
732
244
16
6
156
256
200
-130
-513
-675
-579
-313
-88
36
37
-49
10
359
820
1172
1359
1408
1402
1477
1692
2090
2454
2525
2434
2343
2312
2367
2495
2581
2519
2377
2178
2033
1800
1671
1552
1682
1670
1443
1107
891
803
702
702
810
905
517
331
325
548
638
581
370
374
356
913
2077
2292
1103
-373
-324
933
1660
1168
1435
2015
1412
-334
-1472
-952
72
138
-665
-1406
-2477
-3287
-3634
-3188
-2602
-2745
-3698
-4437
-4515
-4454
-4289
-4083
-3356
-2766
-2830
-3386
-3611
-3236
-2232
-1220
-865
-993
-1406
-1578
-1205
-329
356
705
616
429
227
52
86
573
1055
1070
471
-322
-656
-491
-209
67
-29
-513
-1013
-1342
-1201
-822
-457
-217
-231
-454
-487
-207
422
1109
1530
1606
1485
1378
1625
2169
2670
2925
2875
2631
2479
2485
2673
2951
3033
2880
2631
2418
2110
1948
2033
2163
2119
1683
1342
1113
1017
972
1045
1047
909
605
326
323
616
875
860
692
541
540
519
1295
2510
2701
1240
-109
247
1625
1928
1442
1882
2500
1695
-369
-1459
-607
571
305
-650
-1509
-2413
-3328
-3643
-3097
-2394
-2696
-3769
-4410
-4618
-4632
-4545
-4058
-3095
-2545
-2992
-3764
-3927
-3141
-1897
-1007
-886
-1164
-1555
-1554
-990
-8
580
807
535
176
-30
-28
325
926
1199
738
-44
-773
-921
-725
-442
-481
-797
-1401
-1742
-1696
-1480
-1280
-1174
-1017
-1025
-1168
-1085
-537
100
597
809
807
780
862
1290
2001
2562
2688
2501
2332
2343
2676
3018
3209
3102
2901
2777
2586
2258
2198
2394
2510
2251
1816
1586
1459
1302
1107
1242
1056
1039
852
794
821
979
933
789
614
476
747
890
1802
2931
2714
920
-331
281
1957
2302
1813
2125
2538
1510
-415
-1014
148
1424
747
-387
-1302
-2086
-2875
-3019
-2391
-1923
-2486
-3742
-4228
-4392
-4334
-4139
-3518
-2750
-2590
-3244
-3849
-3663
-2964
-1816
-1054
-1004
-1361
-1810
-1765
-1086
-371
156
580
585
279
-183
-396
104
864
1046
669
-66
-586
-688
-725
-693
-560
-792
-1326
-1866
-2133
-2037
-1803
-1610
-1401
-1458
-1768
-1752
-1268
-489
79
242
228
227
396
896
1591
2146
2296
2139
2051
2140
2459
2818
2962
2891
2785
2739
2529
2343
2313
2475
2407
2134
1567
1315
1204
1128
1078
982
945
720
508
532
766
969
903
745
730
943
964
1042
1100
2071
3491
3324
1498
14
787
2609
3082
2207
2619
3230
2383
114
-799
259
1605
1105
61
-857
-2042
-3055
-3222
-2287
-1686
-2331
-3767
-4233
-4448
-4408
-4008
-3265
-2551
-2539
-3114
-3623
-3439
-2904
-1741
-661
-427
-907
-1407
-1320
-815
-349
81
667
801
354
-99
-51
351
531
380
224
139
-275
-854
-1192
-1179
-1074
-1207
-1631
-1957
-2169
-2435
-2507
-2329
-2027
-1793
-1814
-1769
-1447
-1109
-820
-377
66
445
685
898
1289
1739
2089
2311
2455
2485
2485
2512
2662
2847
2837
2536
2180
2185
2278
2208
1887
1461
1285
1107
945
790
755
660
500
315
137
38
186
703
763
547
449
744
1061
1014
997
1263
2135
3698
4055
2625
638
712
2534
3805
3390
3327
3933
3405
1180
-606
191
2114
2317
993
-393
-1651
-2831
-3342
-2496
-1339
-1640
-3320
-4443
-4816
-4675
-4277
-3524
-2650
-2509
-3231
-3946
-3915
-3266
-1919
-756
-447
-970
-1704
-1699
-1119
-194
609
1115
718
38
-312
-41
426
710
895
675
-62
-992
-1337
-1194
-881
-1019
-1386
-2014
-2716
-3207
-2999
-2671
-2375
-2364
-2476
-2476
-2522
-2130
-1387
-622
-265
104
337
563
778
1283
2168
2838
2962
2709
2581
2616
2999
3408
3571
3275
2715
2269
2226
2301
2164
1949
1661
1171
444
72
180
364
295
151
-145
-352
-666
-534
-49
475
747
745
530
643
731
991
1324
2998
5037
4872
2208
223
1570
4034
4663
3824
4341
5007
3611
493
-537
1357
3127
2357
947
-416
-1985
-3736
-3868
-2127
-952
-2177
-4162
-4874
-5138
-5112
-4666
-3495
-2543
-2693
-3476
-3831
-3710
-3207
-1755
-291
116
-766
-1697
-1721
-960
38
916
1373
923
152
-433
-532
6
764
1244
1040
-118
-1513
-2015
-1832
-1314
-952
-1234
-2045
-3038
-3746
-3753
-3270
-2753
-2336
-2237
-2632
-3100
-2900
-1936
-635
160
462
514
514
728
1408
2503
3334
3451
3062
2811
2809
2919
3235
3594
3714
3226
2343
1818
1728
1683
1602
1606
1290
450
-496
-746
-309
-53
-162
-332
-641
-923
-1042
-602
132
566
490
573
845
919
896
1363
4156
5952
4887
1692
803
2725
5070
4891
4806
5756
5738
3135
193
56
2233
3240
2156
1071
-895
-3246
-4811
-3725
-1828
-1298
-3169
-4564
-5094
-5857
-5950
-4836
-2958
-2133
-2590
-3464
-3577
-3812
-3228
-997
1049
1274
-152
-1349
-1170
-165
586
1653
2579
2152
896
-200
-674
-236
644
1423
1450
-74
-2030
-2907
-2815
-2225
-1603
-1604
-2210
-3550
-4844
-4949
-4098
-3027
-2222
-2242
-2911
-3426
-3268
-2042
-436
663
1186
1148
822
815
1487
2763
3906
4267
3888
3162
2507
2485
3155
3862
3764
2809
1738
1210
899
730
860
1041
794
-87
-1003
-1410
-1026
-719
-168
-102
-370
-909
-1039
-577
135
807
1059
1364
1184
1349
1004
2928
5811
6773
4183
1424
1509
4111
5503
5244
5973
6560
5219
1356
-826
358
2754
2631
1675
-173
-2560
-4897
-5376
-3894
-2282
-2543
-3985
-5024
-6539
-7065
-6054
-3869
-2235
-1999
-2628
-2905
-3439
-3740
-1769
1223
2740
2000
373
-355
70
599
1724
3485
3872
2570
975
-169
-392
44
1044
1642
927
-885
-2517
-3441
-3644
-3077
-2200
-1944
-3071
-4871
-5772
-5235
-4460
-3582
-2554
-2294
-2808
-3263
-2943
-1464
146
1177
1976
2283
1823
1472
2118
3559
4722
4721
3999
3202
2394
2076
2415
2929
2847
1957
852
0
-590
-917
-755
-139
-98
-991
-1909
-2078
-1755
-1075
-577
-123
180
17
-274
-90
626
1604
2252
2462
2397
1951
4373
7140
6985
3669
1773
2920
5839
5962
5436
6326
6856
4294
201
-930
1018
2301
968
53
-1312
-3691
-6385
-6543
-4321
-2820
-4075
-5623
-5936
-6343
-6753
-6075
-3916
-1749
-1448
-2068
-2078
-2057
-1868
-231
2329
3984
3557
1955
1106
1255
1706
2682
3879
3868
2664
985
-309
-876
-884
-130
704
-248
-2580
-4102
-4893
-4952
-4430
-3714
-3124
-3753
-5394
-6255
-5639
-4417
-3023
-1949
-1279
-1428
-2069
-1579
-43
1566
2791
3565
3676
3397
2814
2761
3827
4568
4466
3826
3013
1774
522
251
619
1217
596
-891
-1964
-2491
-2705
-2492
-1528
-671
-1199
-1926
-2005
-1401
-420
413
1001
1279
1523
1266
1379
2043
2886
3387
3100
3302
5987
8489
7376
3284
876
2470
5376
5866
5980
6802
6559
2246
-2666
-2838
832
2117
444
-1130
-2573
-4991
-8007
-7665
-4182
-1971
-3566
-5628
-6109
-5864
-6072
-5397
-2319
678
1075
-195
-1029
-911
-61
1821
4450
6026
5062
2837
1465
1322
1738
2444
3339
3552
2055
-571
-2208
-2482
-2182
-2003
-2123
-2553
-3893
-5720
-6768
-6562
-5709
-4794
-4365
-4365
-4831
-5565
-5267
-3554
-1421
-122
474
735
1007
1215
1876
3377
4568
5199
4920
4200
3633
2992
2635
2720
2670
2014
958
-86
-1319
-2277
-2414
-1892
-1826
-2647
-3196
-3279
-3133
-2933
-2274
-1070
-55
11
-44
664
1670
2366
2583
2930
3512
3849
3457
3522
3493
3935
6849
9466
8208
3503
409
1057
3526
4327
5198
6989
6862
1573
-4776
-5696
-1698
434
-400
-1173
-2160
-5290
-9314
-9450
-5268
-1821
-2426
-3495
-3400
-3541
-5203
-5495
-1845
2986
4790
3767
2724
1703
631
942
3914
7503
8090
5459
2007
-5
-715
-304
1186
2357
1758
-858
-3751
-5845
-6520
-5738
-4182
-3185
-3965
-5821
-7617
-8309
-7580
-5409
-2868
-1360
-1714
-3121
-3752
-2703
-444
2166
4439
5023
4101
2953
2541
2999
4060
5044
5219
4446
2499
382
-920
-1186
-1219
-1139
-1357
-1660
-3175
-5427
-5994
-4950
-3204
-1768
-1449
-1811
-2280
-1776
-534
800
2421
3539
3939
3605
3815
4418
4850
5311
5679
5698
4517
3274
2979
5217
9021
9343
4189
-887
-2309
-15
1916
2891
4520
5041
1412
-5561
-8375
-5230
-1918
-2008
-2289
-2034
-3413
-7456
-9473
-6187
-1152
-10
-1407
-691
735
114
-1836
-655
3710
6944
6924
6357
6195
4355
1902
1763
4504
6198
4426
1063
-1114
-2835
-4634
-5255
-4044
-2916
-3621
-5245
-6545
-7467
-8169
-7881
-6134
-4165
-3102
-2986
-3336
-3540
-3274
-1914
458
2790
3552
3221
2748
2725
3056
3495
4095
4617
4447
3089
1252
-354
-1571
-2271
-2324
-2081
-2158
-3314
-5275
-6964
-7133
-5940
-4224
-2737
-1998
-2082
-2598
-2543
-930
1929
4266
5008
4969
4967
5050
5406
5835
6571
7081
6568
5279
4074
2831
1998
1408
1702
4928
8077
6317
192
-4848
-5563
-2346
703
3159
5374
5532
332
-6527
-8813
-5027
-1266
-399
398
419
-1720
-5791
-8012
-5403
-255
1626
1684
2590
3027
1510
-1149
-1121
2901
6819
7780
7031
5465
3297
659
-878
318
2462
3141
1714
-932
-3638
-6204
-7805
-7110
-4662
-2475
-1821
-3015
-5121
-6699
-6706
-4996
-2727
-364
1297
1109
-454
-1778
-1630
582
3086
4078
3824
2782
1468
215
-263
621
1829
1976
1104
-827
-3154
-4827
-5646
-4980
-3490
-2688
-3116
-4431
-5844
-6245
-5613
-3851
-1456
528
1571
1509
983
1317
2575
4170
5634
6253
6036
5617
5294
5106
4570
3918
3511
3041
2149
919
201
-84
1549
5315
6748
3248
-1781
-4626
-3224
364
3335
5693
7382
4888
-1229
-5701
-5291
-2760
-1898
-1110
5
-721
-3735
-6805
-7231
-4640
-3096
-2396
334
3166
3084
533
-1284
3
2733
4958
6925
8191
7412
4610
1617
639
774
893
1322
1741
1271
-1092
-4541
-6834
-7257
-6174
-4354
-2652
-1689
-2202
-4018
-5885
-6585
-5082
-1682
1106
2057
1894
1050
277
-285
-91
1660
3989
4578
3723
2032
466
-496
-1300
-1085
93
451
-1146
-3588
-5712
-6875
-5808
-4436
-4245
-4419
-3729
-3311
-4243
-4483
-3208
-955
1432
3055
3308
3261
3522
3268
3432
5038
6670
7131
6545
4941
2947
1590
1112
1462
2152
1806
2886
6290
7454
3686
-1046
-3785
-3603
-944
2654
6139
8269
6005
-560
-6386
-7945
-6515
-4491
-1306
867
-63
-3473
-7021
-8726
-7231
-5205
-2600
1478
4702
4969
2573
-49
-596
1145
3912
7134
9346
8898
5872
2481
461
-451
-847
-800
418
1227
-837
-4073
-6417
-7559
-7357
-6477
-3928
-643
117
-1302
-3236
-4445
-3460
-1412
785
3429
4898
4375
3068
1721
1098
1753
1788
3068
4259
3020
1410
-778
-2743
-3160
-2997
-2081
-2615
-3825
-3888
-5715
-7089
-6403
-5996
-5255
-3744
-3129
-2785
-2405
-2174
-1635
-246
2462
4141
4346
4471
3721
3594
4705
4972
5169
4828
3960
3086
2080
1142
432
-94
600
4377
7821
6656
2025
-2090
-3486
-2720
-564
3544
8119
9132
4240
-2812
-6288
-6452
-7064
-6072
-2369
239
-470
-3821
-6691
-6937
-6758
-6772
-4023
1408
5502
6067
4279
2572
1395
982
1960
5048
8505
9207
6993
3815
774
-1829
-3605
-3718
-1999
-506
-689
-2211
-4441
-6515
-7875
-7674
-4971
-1279
1233
2178
1405
-255
-1341
-1276
404
3206
5627
6786
6362
4521
2372
956
605
1193
1916
2255
1749
295
-1577
-3528
-5311
-6061
-5521
-4339
-3272
-3459
-4556
-5742
-6871
-7015
-5527
-3060
-828
233
401
340
344
951
2065
3528
4782
5116
5141
5110
4263
3057
2266
1815
1523
1395
1063
469
2298
5980
6587
3869
283
-2776
-3026
-1066
1641
5700
8633
6443
847
-4015
-6209
-7098
-6955
-4620
-1849
-868
-2266
-5190
-6756
-6979
-7549
-6437
-2504
2388
5485
5266
3604
2960
2903
2719
3133
5222
7454
7392
5614
3583
1289
-1640
-4689
-5566
-3701
-2168
-2298
-3219
-4212
-5426
-6947
-7122
-4836
-1710
846
2510
3164
3014
2065
697
900
2926
5082
6563
7180
6085
4025
2284
915
238
343
732
1054
920
93
-1618
-4107
-5896
-6518
-6004
-4254
-2771
-2556
-3353
-4515
-5633
-5765
-4417
-2248
-364
1134
2228
2572
2326
1734
1412
1724
2917
4208
4964
4725
3429
1704
372
-298
-773
-891
1863
6790
8464
5571
1219
-2555
-3790
-2629
89
5078
9581
8832
3518
-1909
-5124
-7199
-8613
-7035
-3138
-49
63
-2621
-5327
-7165
-9106
-9244
-5594
25
4396
5753
4976
3936
2632
865
223
2119
5216
7359
7778
6289
3102
-991
-5005
-6799
-5494
-3232
-1656
-1394
-2523
-4260
-6087
-7137
-6596
-5127
-2391
1224
3884
4644
3894
2136
138
-662
1126
4458
7309
8386
6978
4148
1362
-766
-1720
-643
1227
2273
2118
1052
-1249
-4127
-6199
-6648
-5231
-2701
-881
-892
-2324
-4054
-5158
-4915
-3655
-1737
531
1959
2746
3241
2939
1889
938
696
2296
4379
5284
4413
2853
911
-831
-1517
548
5551
8774
7259
3785
241
-2445
-3106
-2522
1644
7374
9092
6038
1153
-3057
-5834
-8544
-8474
-5939
-3122
-1226
-1254
-2132
-2977
-5872
-8992
-8878
-5293
260
4676
6533
6498
5191
2597
98
-383
959
2533
4232
5352
5405
3495
-1205
-6561
-9205
-8738
-6102
-2794
-402
67
-1769
-4636
-6018
-5606
-4195
-1387
1763
3933
5420
5469
3828
2084
1110
1273
2510
4154
5662
6162
4843
2416
-419
-1870
-1605
-1246
-434
933
1489
15
-2768
-4651
-5144
-4913
-3619
-1613
-332
-566
-2108
-3594
-3676
-2666
-997
914
2749
3937
3700
2995
2453
1945
1679
2189
3268
4279
3890
2284
596
-789
210
4207
6962
6315
3887
230
-2481
-2573
-896
2327
6063
7143
5193
1735
-1096
-3541
-6579
-7681
-6574
-4262
-1563
-609
-1040
-1850
-4873
-7877
-7959
-5309
-785
2969
4653
5628
5528
3523
875
-329
142
991
2308
3466
3672
2651
-826
-4920
-7284
-8485
-8020
-5662
-3150
-1492
-1566
-2717
-3611
-4646
-4688
-2918
-631
1515
3458
4540
4946
4096
2376
1684
2176
2967
3629
4503
5197
4262
1792
147
-436
-802
-1097
-1125
-213
380
-986
-2822
-3939
-4463
-4421
-3759
-2533
-1473
-1400
-2245
-2594
-1915
-937
79
1463
3122
4244
4568
4470
3833
2918
2462
3040
4099
4668
4059
2265
880
3012
5787
5851
4434
2127
-854
-1784
-1331
304
3521
5202
4337
2364
421
-1190
-3960
-6548
-7102
-6195
-3718
-1237
-142
79
-1831
-5130
-6680
-6252
-3774
-269
2678
4955
6157
5701
3628
1394
-167
-1166
-293
1802
3162
3544
1895
-1551
-4843
-7658
-9076
-8012
-6138
-4294
-2785
-2083
-2116
-3194
-4728
-5072
-4056
-2561
-492
2046
3855
4014
3025
2052
1804
1512
1616
2643
3714
4734
4487
3061
2181
1260
-83
-703
-404
287
278
-649
-1328
-2069
-3263
-4190
-4482
-3955
-3119
-2875
-2589
-1645
-1135
-1291
-1005
170
1777
3143
3825
4203
4490
4068
3520
3665
4049
4130
3559
4301
7092
8244
6581
3938
841
-1137
-1395
-644
1739
4566
5099
3119
473
-1413
-3226
-5508
-6218
-5361
-3884
-2159
-1275
-357
-181
-2577
-4720
-4914
-3916
-1910
-51
1955
4126
5062
4893
4152
3274
1806
-80
-468
650
2078
2764
2134
794
-1457
-4711
-7023
-7606
-6981
-5764
-4645
-3329
-2059
-2260
-3611
-4675
-5283
-5442
-4420
-2301
24
1898
2572
1929
827
-142
-380
168
1012
2385
3702
3961
3531
2617
1497
923
672
445
379
509
204
-349
-1108
-1791
-2535
-3644
-4331
-4088
-3436
-2721
-1860
-1305
-1399
-1378
-899
-114
1182
2676
3387
3453
3506
3323
3108
3801
6439
8533
8357
7871
6516
3802
2108
1078
1308
3665
5170
4855
3814
1773
-1027
-4464
-6702
-6774
-6353
-4972
-3152
-1510
10
-1212
-3706
-5163
-5974
-5154
-3306
-818
2523
4710
5317
4733
3955
2840
853
461
2060
4115
5805
5465
4311
3298
767
-1999
-3570
-3993
-3693
-3632
-3291
-2165
-2097
-4057
-6112
-7022
-7322
-7050
-5954
-4341
-2692
-1879
-1983
-1847
-1574
-1401
-1328
-1101
402
2252
3065
3395
3325
2955
2307
1750
2036
2293
2154
1739
751
73
-461
-1515
-2369
-2772
-3099
-3419
-3769
-3999
-3906
-3604
-2961
-2032
-1429
-1196
-784
-310
430
1514
2447
3054
3619
5801
8216
8099
7619
7277
5632
5078
5044
5183
6839
7307
5926
4554
2798
1231
-1411
-4190
-4960
-5792
-6222
-5754
-4631
-2703
-3557
-5955
-6550
-6381
-5541
-4903
-3806
-689
2066
3190
3346
3930
4489
2950
1714
2593
4296
5915
5696
5191
5954
5114
2645
506
-732
-1038
-1491
-1732
-523
584
-504
-3032
-4926
-6150
-7050
-7123
-6518
-4779
-2747
-1974
-1873
-2568
-3543
-4112
-4424
-3028
-105
2296
3372
3128
2493
1416
246
-64
333
1555
2926
3110
2656
1687
-277
-2560
-4215
-4459
-3448
-2336
-2020
-1969
-2210
-3365
-4627
-4886
-4095
-2588
-1217
-119
1102
1347
772
319
2176
5754
6781
6628
7184
6179
5006
4549
4635
6701
8200
7338
6532
5727
4399
1651
-2077
-3273
-3328
-3682
-3483
-3298
-2158
-2725
-5779
-7364
-7586
-6883
-5847
-5133
-2904
-216
1187
1099
742
1186
687
-130
630
2663
5471
6390
5292
5050
4593
2813
1117
483
1287
2371
2431
2298
2458
1902
-221
-2243
-3201
-3707
-3547
-3500
-3129
-1826
-1471
-2165
-3171
-4105
-4049
-3931
-3596
-2068
-594
148
405
566
692
267
-157
-121
180
1222
2024
2129
2124
1485
264
-787
-1790
-2239
-2304
-2539
-2314
-1714
-1592
-1839
-2240
-3088
-3879
-3957
-3259
-1988
-509
539
966
952
1989
3397
3048
2886
3797
3873
4105
5053
5568
6610
7287
5896
5002
4670
4068
2987
923
35
-369
-1547
-2419
-2749
-1522
-1484
-3599
-4959
-5829
-5915
-6003
-6434
-4579
-1906
-631
-809
-1087
-702
-1165
-2089
-1849
285
3323
4250
3559
3752
3530
2123
596
69
1557
3008
3055
3338
3711
3032
1208
-427
-1305
-1575
-1118
-1156
-990
153
275
-592
-1952
-3137
-3214
-3271
-2922
-1602
-539
-391
-461
-598
-1119
-1071
-642
-715
-337
661
1427
2117
2198
1270
297
-708
-1440
-1097
-572
-138
370
188
-397
-965
-1802
-2600
-2936
-2751
-1982
-1129
-723
-415
-362
-1151
-1415
541
2420
2395
2845
3678
2939
2458
2614
3201
5400
6314
5372
5244
4563
3522
1866
-252
-152
122
-609
-1193
-1096
-188
-1260
-3510
-4533
-4766
-4576
-5069
-5017
-3404
-2108
-2000
-2892
-3222
-2572
-2285
-2256
-1509
170
1554
1376
958
1433
1814
1538
821
801
1915
2814
3093
3228
3254
2953
1989
898
-104
-423
-67
-179
108
711
770
-13
-1683
-2707
-2966
-2870
-2109
-1437
-963
-619
-858
-1484
-1977
-1722
-891
-133
579
1413
2176
2027
1128
330
-46
-18
245
678
1287
1915
1794
1017
-49
-934
-1445
-1707
-1726
-1197
-351
-307
-692
-855
-1456
-2178
-1819
7
1311
1615
2636
3283
2709
2121
1648
2157
4000
4769
4705
5214
5098
4264
1785
-618
-522
-294
-624
-811
-139
895
-396
-2623
-3742
-4032
-4130
-4835
-4873
-3561
-2214
-2017
-2904
-3333
-3230
-3360
-3446
-2942
-1301
255
370
189
316
510
496
177
459
1265
2242
3161
3136
2970
2566
1651
795
-136
215
1134
928
663
257
-283
-737
-1470
-1953
-2064
-1742
-1255
-1249
-1391
-1455
-1590
-1836
-1716
-1183
-457
406
949
1118
1069
728
464
146
-89
545
1547
1925
1911
1749
1374
768
-4
-497
-410
-80
226
279
421
394
-143
-1066
-1890
-1768
-342
1459
2038
2155
2841
2679
1780
1415
1461
2600
3836
3886
4246
4642
4502
3565
861
-747
-582
-555
-328
-71
845
1450
80
-1687
-2875
-3526
-3809
-4063
-3799
-2739
-1589
-1570
-2555
-3237
-3587
-3832
-3880
-3469
-2212
-964
-526
-283
-352
-829
-963
-661
-392
232
1283
1794
1964
1835
1416
1592
1061
120
15
-54
78
283
32
-71
-233
-747
-1296
-1502
-1341
-1222
-1181
-1150
-912
-508
-576
-755
-576
-386
-32
276
467
607
302
-213
-450
-333
314
836
1046
1253
1249
1068
485
-113
-222
215
637
787
1095
1271
955
230
-578
-752
-221
1113
2312
2608
2869
2751
1554
653
911
1714
3129
4163
4346
4198
3452
2669
1675
319
-41
141
367
708
983
1443
1104
-68
-1458
-2729
-3190
-3042
-2643
-1947
-1289
-1144
-1582
-2493
-3138
-3164
-3061
-2883
-2566
-2077
-1425
-1034
-1008
-1163
-1302
-1449
-1507
-1341
-676
277
553
578
434
207
304
-130
-602
-395
-119
180
377
326
207
-203
-626
-793
-734
-431
-385
-553
-672
-562
-515
-563
-368
93
429
332
113
125
27
-413
-567
-202
384
809
878
636
535
379
4
-226
-179
73
425
697
894
1039
905
123
-343
-135
581
1538
1613
1640
2028
2008
1840
1588
1362
1703
2268
2540
3010
3501
3143
2335
1121
279
395
475
759
999
1047
982
538
-22
-654
-1217
-1595
-1726
-1572
-1461
-1231
-1016
-1094
-1298
-1827
-2367
-2477
-2451
-2319
-1841
-1439
-1241
-1102
-1248
-1588
-1525
-1331
-1366
-1113
-543
-214
-175
-328
-470
-426
-376
-402
-355
-10
315
354
187
-123
-235
-167
-315
-82
467
364
-147
-354
-444
-509
-598
-543
133
509
618
620
206
-46
-216
-391
-83
419
918
946
909
668
335
337
-136
-492
-125
267
676
866
973
536
271
348
368
663
1027
1238
1338
1346
1296
1392
1379
1432
1776
1651
1825
1692
1258
1107
498
681
587
324
433
143
192
69
-42
-14
-241
-244
-319
-448
-524
-674
-790
-1103
-1222
-1078
-1086
-1253
-1539
-1629
-1625
-1771
-1842
-1845
-1826
-1725
-1608
-1539
-1250
-853
-900
-1068
-941
-702
-405
-616
-679
-297
-20
210
329
240
335
411
159
240
587
1006
850
730
889
579
347
189
-24
-132
134
660
417
202
432
41
-390
-439
42
-56
-134
400
542
675
783
589
211
506
594
183
80
493
497
738
608
647
653
581
203
-249
-112
493
590
681
867
826
895
252
72
266
300
582
596
584
890
528
353
214
121
174
-17
147
318
346
345
501
447
352
50
-226
-379
-683
-760
-638
-478
-433
-688
-1051
-1193
-1426
-1721
-1966
-1902
-1604
-1372
-1395
-1232
-1107
-1154
-1249
-1441
-1198
-859
-595
-505
-334
-164
45
301
-25
246
95
256
488
661
973
1040
813
1041
981
447
305
-78
240
355
601
740
726
584
201
-509
-626
-857
141
68
229
364
335
999
413
414
454
145
32
83
179
759
972
813
375
694
281
-109
48
-99
344
404
580
574
139
297
-29
-199
165
-97
140
551
288
131
-5
-485
-278
-538
-285
-25
-174
148
128
258
599
198
130
144
66
584
318
86
345
-73
103
-23
-403
-114
-351
-366
-605
-1175
-1092
-1276
-1300
-944
-849
-792
-860
-1038
-852
-1156
-1034
-814
-694
-272
-258
-339
-269
-89
-47
-217
63
394
695
831
616
981
387
230
202
321
813
742
594
594
577
902
352
-110
-174
-242
-234
-247
84
146
248
126
222
321
149
32
-49
18
283
262
451
498
811
587
256
471
257
50
167
112
148
529
260
174
114
-170
-179
-480
-258
-122
-229
-97
-649
-140
-196
-215
-212
-589
-300
10
182
527
563
397
138
-170
183
-162
-34
61
-121
335
169
-84
-18
-403
-264
-586
-413
-411
-488
-504
-750
-629
-668
-766
-599
-903
-694
-598
-675
-457
-429
-306
-615
-667
-279
-32
330
585
240
454
469
693
483
500
662
419
336
430
410
531
412
445
340
229
248
134
-60
-85
48
-334
212
218
374
651
251
220
98
-48
120
137
280
467
593
709
665
146
314
28
203
514
286
380
292
87
1
6
-82
-77
-137
-355
-272
-481
-433
-449
-543
-335
-463
-250
-387
-400
-307
-312
-382
204
54
304
328
165
-26
-107
-86
-188
27
42
44
38
280
-155
-193
-547
-545
-645
-280
-128
-481
-201
-286
-709
-473
-540
-760
-424
-581
-415
-311
-28
-327
-394
-601
-345
-244
101
317
305
497
296
222
184
15
130
295
241
413
515
418
263
310
-175
416
-49
90
-39
-23
363
-67
211
385
241
194
629
-98
536
495
94
498
475
515
1014
486
862
619
563
435
275
364
438
396
411
568
134
396
37
-204
-233
184
-88
-132
-80
57
-649
-497
-518
-430
-635
-302
-198
-114
175
-242
-19
-290
-294
-133
-234
-340
160
-227
-470
-393
-159
-133
-666
-466
-115
-840
-370
-432
-740
-378
-252
-566
-241
17
-589
-274
-658
-517
-147
-92
-468
124
-204
-233
-254
-90
-277
93
380
72
678
516
280
95
-28
-244
200
-58
-43
480
465
74
238
-246
-108
-442
-581
-133
77
-11
584
19
-274
274
73
-224
589
162
170
639
234
373
999
384
651
613
457
971
106
1109
420
333
797
688
75
958
236
309
98
364
24
362
-24
504
131
-776
191
-530
-414
-551
664
-493
338
-72
21
-485
-275
-256
-594
-67
-386
101
-286
-300
-298
-139
-1233
1
-1122
-300
-718
-247
-215
-490
-565
-383
-567
-675
374
-605
-141
-156
-307
-367
421
-659
22
106
-99
-62
-235
796
-533
30
738
281
20
971
7
-79
115
237
155
-293
657
135
355
99
-48
-428
116
-935
136
-90
-71
317
-27
-405
-218
-388
-46
-297
63
649
-623
521
276
367
180
227
76
334
249
564
490
657
341
424
350
309
395
282
468
421
543
213
449
81
299
-79
-60
190
-460
162
-55
-387
378
108
-150
-202
48
-477
-420
-614
360
-747
-286
380
-966
-184
219
-813
-612
-318
-553
-405
-307
-179
-354
-240
-387
-652
-94
-764
-262
150
-100
-446
401
102
-1050
336
-30
5
-368
1193
-588
292
575
63
-5
670
162
202
200
490
321
362
309
135
442
-257
355
-19
297
-525
156
-444
-91
-374
99
-199
-220
-197
-243
-495
67
-459
-89
268
-70
255
515
164
-152
166
351
153
127
981
131
504
704
96
117
1003
-201
784
520
415
631
709
-121
738
184
9
224
246
160
50
708
-426
130
-26
416
-743
425
-284
-727
-252
87
-714
-203
-75
-715
-695
-292
-620
-724
-353
-92
-1057
-536
-77
-1027
23
-492
-1001
-412
-55
-1419
-89
-91
-265
-903
749
-852
-467
-54
-97
-683
613
304
-257
607
225
-115
100
465
-113
579
56
619
287
303
114
269
-79
146
-60
164
35
-121
-80
412
-664
-54
318
-857
101
-279
246
-141
-92
88
29
123
299
364
389
614
-100
242
898
-564
585
1006
99
502
891
787
-3
398
912
-359
711
768
119
501
886
317
-464
1147
145
-363
394
692
296
162
746
-138
-381
498
-435
-645
3
185
-96
-857
208
-753
-778
104
-936
-669
-26
-785
-992
185
-795
-597
102
-1231
-790
79
-966
-860
-253
-88
-1342
-211
322
-1146
103
-398
27
-970
424
4
-187
391
703
-395
303
663
-337
-2
511
632
-363
965
182
19
-135
654
-820
263
-250
544
-385
192
-144
-271
-1209
267
-90
-1185
1200
-261
-164
211
445
-398
33
526
414
-97
662
171
857
-673
1109
373
269
765
680
990
-692
474
920
-535
227
860
163
302
568
343
-239
360
411
-214
117
365
202
355
149
-11
19
-292
-354
366
204
-702
278
-352
-723
-482
429
-377
-1007
581
-1357
-225
526
-1271
57
-230
-871
-22
-1225
158
-1063
201
-985
-5
-876
-201
-615
-63
-912
336
40
-582
-465
794
-560
-416
1361
-436
401
791
499
-738
752
125
635
-526
829
548
-77
558
190
-228
422
-235
-88
546
-598
44
137
-144
159
153
-165
-434
862
-106
283
731
73
-434
1032
-550
335
602
345
695
38
61
877
185
-75
1208
38
-166
898
-481
-99
944
-326
76
-125
275
-208
-232
483
-355
-233
-516
55
320
-1011
565
60
-1030
230
-128
-698
-635
753
-1201
395
-580
-33
-143
-1320
225
2
-445
-514
454
-719
-612
272
-1222
-357
352
-1446
523
-263
-433
-681
6
426
-1723
97
352
-994
-1437
1308
50
-1356
665
-144
-1049
469
1325
-1044
745
874
-1053
772
1094
357
607
523
818
236
542
644
1074
-556
613
915
-490
-180
298
345
237
-309
826
333
-276
-96
1248
-409
-545
2141
44
-82
1214
146
355
-271
1266
474
50
1092
5
33
-593
116
679
-708
607
399
-514
208
-386
-469
-133
-348
-212
-210
-466
48
-800
-886
-180
-494
-863
-21
-117
-99
-670
236
-753
-1515
424
-559
-296
568
-175
-776
-329
-319
-683
-261
62
-145
-311
68
-945
-8
-491
-1154
241
-249
-872
1100
-717
-562
-339
200
-926
-255
937
106
-260
910
-450
-189
623
-254
382
921
107
739
819
-286
558
478
83
202
1048
-591
717
961
-509
787
196
-319
353
482
443
242
466
723
-594
459
682
-356
934
597
-165
64
906
-536
351
597
128
-398
594
383
-221
355
200
-442
183
155
-366
180
-350
570
-1132
-207
-274
-233
-531
-322
113
-603
-1193
643
-351
-1362
505
-463
-1033
-168
431
-683
-715
-195
105
-1445
1041
-677
-600
159
133
-652
-423
515
278
-1004
546
105
-1402
816
42
-538
59
448
-538
-674
333
501
-1375
1227
303
-938
648
196
-140
130
86
476
198
284
511
566
337
-34
758
558
74
1469
-195
-359
707
-116
142
1027
242
755
-169
487
263
-587
634
213
307
84
455
423
-471
212
611
-809
404
208
292
312
236
46
-780
70
-206
-132
16
739
-133
-512
-191
-596
-478
-172
-333
-84
351
-796
-202
-649
-1200
-764
-137
-641
-311
155
-645
-590
-808
-650
-502
-311
-100
32
-162
-300
-758
347
-679
-244
534
-365
56
811
-619
-108
295
-666
-16
96
244
3
310
424
-628
-497
445
-140
-121
466
185
-72
64
344
-435
-121
276
417
-404
656
833
-196
311
630
-104
438
515
338
1087
332
865
-24
601
819
144
710
820
-339
1103
698
-23
429
615
142
-93
419
372
-3
378
622
-90
490
-335
82
346
318
79
430
-36
-154
-136
188
-341
-17
-169
-206
-20
-569
-73
-353
-866
-214
-590
-513
-332
-837
-381
-586
-1353
-143
-673
-1042
-164
-451
-889
-615
-618
-579
-559
-412
-141
-397
-151
-203
160
-440
-335
227
-117
-829
683
38
-419
-281
222
-440
-495
411
34
-821
215
240
-316
-123
297
58
-342
432
218
-21
395
333
-149
585
131
-27
728
103
32
1045
85
689
339
30
631
244
392
708
727
514
420
659
595
218
647
707
230
643
895
-154
363
374
317
-1
650
593
29
429
98
-113
46
-56
160
569
122
212
285
-419
-628
-168
-227
16
-170
61
-399
-85
-724
-784
-393
-843
-785
165
-751
-521
-442
-586
-1131
-671
-215
-703
-393
130
-474
-794
27
-900
-328
-52
-351
-10
-115
-479
-48
-131
-170
-134
28
71
-175
224
-190
-348
-97
-53
56
476
-31
106
152
-643
-248
389
-184
105
627
166
272
122
-139
8
30
145
261
649
331
202
569
-108
-91
692
426
470
676
296
371
339
225
720
228
396
808
422
62
510
359
122
343
578
304
103
250
366
85
-72
338
-170
162
211
-146
164
-60
-174
321
-484
-151
-101
-467
142
-313
-88
-121
-358
-722
-442
-653
-679
-313
-471
-623
-615
-629
-743
-511
-754
-582
-499
-491
-426
-198
-314
-523
-397
-53
-449
156
187
-111
45
-147
100
162
-107
58
242
19
-125
38
124
-127
69
362
161
-131
332
7
89
-73
350
179
11
515
350
89
212
464
38
324
548
180
383
715
-42
162
575
87
125
888
163
162
416
329
353
108
666
134
24
356
130
142
256
56
359
212
334
202
111
147
-222
426
187
-31
254
242
-99
77
-125
-33
-122
-30
-72
-69
-108
-630
-171
-283
-475
-330
-320
-701
-495
-315
-525
-856
-489
-514
-776
-263
-579
-685
-486
-546
-629
-117
-427
-346
-113
-146
-360
63
-157
-192
12
-64
49
12
177
-74
-44
-49
53
197
50
85
227
-178
-147
118
-5
-29
129
273
134
29
107
116
126
177
281
277
91
280
256
136
311
59
206
222
81
490
238
149
224
233
220
307
130
5
303
41
-3
399
40
-129
297
47
-223
259
429
-47
14
173
103
-13
343
551
60
238
419
193
34
68
422
-32
0
317
161
60
-104
-16
103
-148
175
613
348
621
633
438
430
284
485
754
695
783
918
432
330
22
-363
-532
-602
-790
-593
-819
-1376
-1234
-1531
-1835
-1737
-1623
-1688
-1521
-1295
-1296
-1221
-1268
-1184
-1050
-909
-685
-305
-142
-203
58
24
50
310
250
422
626
512
777
566
358
332
213
-63
-76
88
-340
-353
-351
-621
-765
-633
-751
-680
-319
-379
-191
365
194
269
770
763
829
1080
1592
1383
1372
1478
1156
987
1076
1430
1732
3050
3686
2771
1879
911
39
1077
2158
3384
4368
3541
2155
672
-672
-984
-445
-210
592
344
-1099
-2322
-3376
-4279
-3851
-3053
-2406
-1918
-1994
-2617
-3209
-3586
-3264
-1966
-821
15
633
530
183
3
-78
441
1062
1689
2246
2318
1771
1323
550
205
287
569
713
837
69
-1145
-1770
-2501
-2589
-2399
-2124
-2244
-2605
-2952
-3079
-3155
-2807
-2158
-1413
-840
-599
-269
-139
146
852
1803
2353
2576
2499
2033
1867
2167
2200
2549
2649
1772
1504
743
74
-49
-261
-466
-324
6
838
2023
1694
484
-255
-650
-45
1952
3669
4994
4953
3703
2030
828
688
1285
2081
2621
2233
592
-1357
-2640
-3387
-3107
-2360
-1937
-1974
-2509
-3612
-4286
-4546
-4066
-2794
-1472
-565
-487
-1077
-1657
-1665
-906
359
1742
2494
2408
1592
960
922
1139
1911
2690
2838
2242
1492
253
-1004
-1440
-1283
-1292
-1208
-1508
-2751
-4001
-4449
-4545
-3909
-2998
-2583
-2252
-2457
-2270
-1842
-1284
-185
767
1534
2034
1986
1964
1982
2232
2766
3181
3219
2520
1765
1006
710
791
887
719
216
-636
-1209
-1680
-1517
79
2273
2673
1291
-194
-1195
-826
1257
3598
5880
6463
4923
2845
1142
820
1634
2694
3740
3961
2102
-404
-2216
-3385
-3148
-2216
-1597
-1370
-2206
-3808
-5078
-5428
-5093
-3541
-1639
-729
-583
-1459
-2417
-2323
-1478
38
1773
2459
2189
1651
977
781
1454
2631
3319
3200
2591
1681
496
-227
-323
-285
-528
-638
-1604
-3430
-4322
-4882
-4620
-3627
-3144
-3348
-3719
-4095
-3858
-2999
-1820
-766
13
620
870
1031
951
1283
1919
2970
3627
3541
2494
1307
673
544
974
1458
880
-14
-841
-1540
-1585
-1573
-1506
-417
2288
3346
1738
-125
-1279
-899
1636
4302
6726
7654
5771
2897
1051
1031
2366
3737
4852
4691
2188
-834
-3039
-3576
-2619
-1160
-753
-1334
-2820
-5005
-6152
-5890
-4675
-2617
-789
-82
-744
-2388
-3376
-2679
-759
1604
3190
3103
2023
456
-285
605
2331
3584
4327
3926
2249
1077
235
-240
327
641
626
-187
-2091
-3830
-4961
-4840
-3452
-2555
-2777
-3730
-4970
-5469
-4633
-3219
-1579
-601
-276
-18
100
154
558
1147
2130
3292
3746
3444
2421
1516
945
1332
1771
1537
767
-293
-1162
-1332
-1093
-1188
-1279
-1629
-2023
92
3465
3155
332
-1352
-1579
379
3737
5904
7257
6722
4094
1645
979
2293
3600
4067
4784
3748
627
-2438
-3644
-2838
-1022
-388
-1130
-2498
-4680
-6193
-5878
-4615
-3110
-1751
-1257
-1261
-2312
-3593
-3133
-1350
711
2548
2807
1661
190
-621
75
2111
3570
4215
4161
3147
1710
547
4
641
1835
2510
2127
-198
-3001
-4552
-4262
-2464
-804
-774
-2403
-4458
-5965
-6050
-4294
-2279
-707
-102
-815
-1688
-2148
-1787
-41
1979
3342
3732
2674
1287
423
367
1352
2492
2530
1757
253
-1444
-2033
-1759
-1022
-296
-477
-1550
-2478
-2584
1016
4027
2533
195
-863
-696
1726
4170
5975
7344
6495
3866
1614
1395
2710
3486
4294
5037
3108
-531
-3145
-3228
-1565
56
-396
-1557
-2974
-4939
-6000
-5225
-3882
-2291
-1164
-1018
-1468
-2958
-3968
-2951
-410
1823
2807
1920
521
-552
-531
880
2656
3596
3815
3073
1753
1146
958
1145
1823
2120
1734
791
-1414
-3326
-3350
-2370
-1344
-955
-2182
-3790
-4987
-5240
-3971
-2685
-2045
-1819
-1996
-1768
-1355
-1135
-346
695
1618
2063
2030
1382
648
644
1134
1832
2034
1405
156
-772
-1357
-1237
-929
-883
-1250
-1514
-1947
-2238
-2546
-1009
3245
4670
1976
-343
-1182
-349
2867
5676
7988
8312
5886
2340
297
1208
3573
4826
5682
5000
1302
-2689
-4218
-2836
-390
607
-607
-2303
-4469
-6534
-6756
-5118
-3001
-1297
-1017
-1811
-3073
-4599
-4662
-1930
1428
2952
2621
766
-932
-1242
-77
2432
4732
5192
4142
2067
473
504
1671
3074
4004
3279
935
-1283
-2711
-2866
-1509
31
249
-997
-3006
-5104
-5780
-4355
-1990
-712
-802
-1581
-3143
-3646
-2129
-453
920
1886
1482
406
-163
49
532
1166
1909
2124
1140
-248
-1311
-1774
-1475
-606
-336
-1034
-1809
-2624
-3030
-2479
-1661
-922
2748
5059
2367
-984
-2010
-881
3082
6426
7968
8041
5495
2145
15
1285
4628
6036
5426
4228
852
-2920
-4137
-2528
434
1745
-432
-3375
-5352
-7069
-6659
-4191
-1819
-488
-1162
-2890
-3845
-4493
-4035
-938
2647
3970
2800
173
-1284
-647
896
3535
5962
5850
3715
1171
-349
632
2482
3476
4047
2923
199
-2022
-3219
-2989
-1661
-486
-18
-1421
-4187
-5696
-5681
-4324
-1888
-834
-1660
-2651
-3595
-3525
-1703
241
1002
1091
922
605
155
413
1443
2140
2284
2030
878
-368
-757
-704
-264
26
-418
-1490
-2309
-2853
-2706
-2112
-1230
-1034
1131
4468
3240
-511
-2065
-977
2503
6332
7547
7575
5941
3232
993
1116
3982
6055
5500
4515
2268
-1639
-3971
-3133
-49
2089
616
-2961
-5595
-6905
-6511
-4261
-2080
-1098
-1831
-3509
-4019
-3763
-3534
-1617
1443
3197
2776
620
-1049
-801
668
3087
5617
5753
3434
742
-955
43
2583
3738
3759
2276
-821
-2578
-2675
-2385
-1256
-669
-1072
-1862
-3679
-5074
-4927
-3971
-2046
-620
-1311
-2613
-3670
-3782
-1681
844
1867
1588
459
-269
-22
860
2375
2983
1911
891
379
-113
42
238
-178
-570
-1035
-1867
-2247
-2326
-2070
-1677
-1319
-1477
-1214
2158
4023
1791
-462
-459
1124
4263
6080
6867
7017
5487
2978
1432
2662
5187
5486
4359
3126
386
-2330
-2861
-1064
872
268
-2857
-5233
-5832
-5607
-4519
-3185
-2380
-2389
-3568
-4359
-3591
-2932
-1956
543
2324
2278
753
-1059
-812
1233
3037
4550
5133
3408
1205
-223
36
2279
3601
3498
2588
-28
-2518
-2668
-1933
-902
45
-372
-2065
-3824
-4828
-4772
-3611
-1863
-643
-1488
-3414
-4201
-3592
-1648
984
2050
1211
-162
-627
-175
1034
2787
3350
1975
536
77
-33
152
613
515
-158
-999
-2027
-2590
-2379
-1537
-1090
-1084
-1497
-1730
1523
4186
2397
-146
-592
680
3807
5975
6808
7146
5644
3070
1510
2399
4772
5287
4215
3376
1093
-2012
-3085
-1512
444
369
-2550
-5032
-5637
-5742
-4911
-3659
-2790
-2702
-3659
-4430
-3588
-2677
-2129
-309
1410
1524
427
-1010
-656
1285
2689
3762
4366
3073
1179
73
263
2201
3403
3084
2617
637
-1947
-2331
-1827
-975
275
203
-1368
-3341
-4545
-4210
-3090
-1668
-504
-1570
-3453
-3503
-2580
-1131
904
1725
1013
180
-99
277
1011
2279
3199
2247
778
235
-240
-304
436
660
-59
-1026
-2032
-2466
-2099
-1267
-1192
-1536
-2157
-883
3036
3949
1201
-1052
-1259
1013
4786
6540
7208
6417
3846
1490
1135
3306
5534
5081
3793
2345
-542
-2994
-2663
-426
1104
-8
-3371
-5387
-5801
-5328
-3631
-2040
-1864
-2793
-4220
-4599
-3134
-1844
-821
863
1411
280
-1020
-1330
136
2164
3022
3276
3141
1645
421
-49
831
3190
3740
2461
1222
-1072
-2494
-1187
-1
553
661
-1103
-3228
-4185
-3672
-2111
-1327
-1350
-1768
-3142
-3914
-2861
-1387
87
1090
567
-456
-693
-306
670
1642
2410
2390
732
-718
-508
241
883
1367
715
-881
-2146
-2426
-1466
-325
202
-340
-1493
-2390
315
4202
4012
1435
-487
-697
1996
4964
6305
7268
6128
3380
1067
926
3510
5262
4261
3313
1672
-1345
-3295
-2475
-88
1162
-758
-3911
-5326
-5708
-5056
-3190
-1820
-1940
-3192
-4608
-4327
-2808
-2090
-1034
692
981
-365
-1820
-1810
151
2089
2635
2820
2276
626
-221
26
1601
3523
3469
2034
686
-859
-1647
-643
552
917
524
-754
-2411
-3464
-2830
-1418
-893
-964
-1470
-2814
-3531
-2575
-903
552
1299
530
-927
-1229
-234
1262
2126
2443
1943
272
-709
45
939
1156
1085
311
-684
-1580
-1735
-1000
-304
-275
-494
-1727
-1497
2579
4245
1881
-119
-838
192
3360
5186
6336
6381
4061
1225
36
1886
4832
4791
3129
1710
-587
-2688
-2588
-407
1231
119
-3169
-5216
-5568
-5174
-3699
-2221
-1679
-2660
-4747
-5367
-3612
-2159
-1458
-100
634
-161
-1788
-2491
-921
1626
2815
2706
2233
1084
130
402
2052
4113
4115
2445
858
-6
53
631
1185
1374
540
-668
-1396
-2200
-2219
-1281
-887
-1229
-1934
-3064
-3482
-2406
-853
-21
197
-306
-1455
-1641
-257
1515
2186
1565
872
350
-125
161
1023
1266
1073
399
-654
-1137
-1113
-974
-262
76
-274
-1285
-1605
1973
4317
2035
-459
-973
-21
2793
4731
5876
6390
4042
776
-153
1993
4948
5046
3111
1501
-784
-2783
-2242
304
1846
305
-3304
-5377
-5343
-4792
-3411
-1888
-1547
-2621
-4706
-5692
-3983
-1901
-975
-24
391
-825
-2258
-2508
-729
1846
2981
2605
1704
567
77
653
2204
4332
4517
2458
614
-107
-293
799
2104
2058
906
-747
-2043
-2477
-1795
-508
-282
-1311
-2148
-3108
-4125
-2807
-723
-147
-124
-618
-1669
-2018
-1054
768
2224
1936
687
-248
-618
146
1373
1581
1170
483
-910
-1527
-656
96
110
-319
-795
-1415
-1603
1412
4206
2618
-278
-1331
-652
2157
4528
5412
6122
4754
1244
-608
1251
4454
5399
3740
1751
-358
-2510
-2576
246
2600
1431
-2467
-5353
-5274
-4297
-3187
-1655
-1129
-2256
-4242
-5445
-4199
-1882
-919
-319
329
-513
-2088
-2477
-1097
1424
2727
2265
1589
620
-73
536
2253
4022
4205
2482
981
211
-286
900
2198
1602
640
-371
-2097
-2381
-1159
-486
-733
-1410
-2220
-3061
-3372
-2469
-1159
-668
-690
-995
-1537
-1515
-764
305
1329
1722
1090
-147
-522
550
1548
1443
945
382
-397
-1040
-549
427
535
-418
-1338
-1561
-1086
1880
4111
2401
-368
-1610
-1188
1811
4690
5590
5779
4017
915
-535
1272
4427
5635
4095
1652
-968
-2590
-1960
559
2772
1953
-2181
-5449
-5372
-4070
-2550
-1042
-997
-2650
-4622
-5466
-4141
-1802
-393
-34
-312
-1409
-2753
-2675
-746
1604
2521
1585
291
-426
-293
750
2473
3771
3231
1686
899
412
20
1059
1841
1372
830
-110
-1437
-1769
-1006
-395
-710
-1402
-2079
-2707
-2650
-1696
-836
-767
-992
-1316
-1290
-562
172
579
935
1103
897
301
59
923
1602
1180
567
191
-179
-512
-528
-76
559
46
-1226
-1893
-1352
2046
4130
2013
-448
-1356
-1015
1774
4559
5565
5623
3441
160
-347
2158
4670
5063
3502
1522
-847
-2383
-1347
1228
2605
1197
-2475
-4907
-4508
-3498
-2333
-957
-1148
-3179
-4980
-4977
-3305
-1464
-688
-660
-1068
-2197
-3057
-2154
16
1635
1664
490
-511
-669
45
1593
2987
3260
2027
785
642
868
1182
1809
1745
709
166
-356
-971
-842
-283
-304
-836
-1765
-2449
-2366
-1728
-1044
-862
-1065
-1443
-1709
-1412
-279
536
319
54
250
419
409
387
744
1237
938
264
20
38
-10
-80
-140
114
136
-581
-1197
-442
2300
3304
1214
-475
-609
159
2420
4216
4865
4767
2822
142
319
3223
4972
4169
2508
976
-790
-1537
-254
1872
2416
221
-3176
-4366
-3339
-2347
-1575
-921
-1669
-3688
-4977
-4212
-2092
-788
-852
-1327
-1935
-2614
-2698
-1497
501
1317
524
-497
-875
-653
522
1996
2591
2249
1136
427
703
1037
1537
2164
1467
321
-142
-495
-475
-110
-36
-346
-1092
-1909
-2201
-1968
-1167
-713
-1084
-1415
-1680
-1932
-1272
-52
393
136
-222
-282
-96
104
399
799
782
303
-15
-25
52
-87
-194
-149
-147
-26
-61
-328
238
2123
2496
870
-118
89
1071
2811
3825
4128
3995
2477
639
1183
3593
4776
3675
1838
526
-584
-659
727
2161
1932
-523
-3349
-3670
-2235
-1456
-1142
-1172
-2284
-3817
-4371
-3195
-1408
-811
-1381
-2041
-2396
-2536
-2121
-947
340
372
-659
-1161
-934
-262
999
1953
1756
1040
485
534
1310
1661
1489
1385
848
109
109
353
300
14
-391
-693
-1035
-1254
-1146
-1196
-1285
-1147
-1336
-1298
-1114
-1287
-1166
-596
-549
-643
-148
260
234
-72
-198
54
351
422
459
484
194
-333
-456
-60
414
530
350
199
728
1964
1800
576
174
818
1846
3161
3494
3215
2851
1850
998
2070
3875
3830
2355
1025
234
-184
285
1402
1870
820
-1308
-3076
-2703
-1279
-799
-1162
-1775
-2906
-3910
-3512
-2032
-922
-1044
-1893
-2635
-2720
-2226
-1275
-269
109
-662
-1613
-1355
-513
304
1069
1159
705
513
542
783
1187
1157
982
1052
723
460
458
147
-198
-342
-358
-341
-474
-830
-1062
-1369
-1450
-1023
-603
-429
-787
-1492
-1443
-731
-426
-256
124
205
-117
-312
-114
146
145
255
556
662
454
-169
-492
-132
522
850
929
693
960
1536
1275
782
922
1254
1986
2915
3046
2901
2336
1486
1203
2370
3590
3299
1802
662
114
-36
749
1717
1445
-57
-1905
-2794
-1872
-661
-440
-1030
-2188
-3469
-3729
-2631
-1039
-485
-1394
-2390
-2852
-2597
-1607
-571
-142
-490
-1370
-1672
-1024
-220
398
898
877
254
-15
458
1013
1227
1214
759
257
-7
245
620
587
219
-330
-783
-722
-513
-460
-213
-448
-1253
-1369
-749
-231
-167
-585
-961
-1094
-1071
-592
302
775
269
-630
-974
-525
27
440
766
603
-34
-565
-506
3
706
1161
1304
1525
1045
307
357
1088
1857
2500
2528
2397
2140
1588
1333
1784
2577
3040
2534
1395
591
13
180
1056
1566
926
-452
-1835
-2027
-1083
-316
-316
-1022
-2101
-2874
-2706
-1729
-758
-722
-1460
-2135
-2386
-2066
-1093
-345
-334
-757
-1323
-1541
-910
-95
383
447
-15
-595
-483
260
1012
1250
721
-19
-590
-559
158
992
1030
79
-1069
-1232
-640
-42
488
411
-387
-1164
-1396
-710
424
860
318
-666
-1320
-1225
-451
549
1068
568
-421
-990
-734
-11
692
858
404
-185
-398
-170
362
804
1246
1547
1124
464
368
861
1554
2258
2420
2265
1761
1201
1173
1810
2473
2444
1509
809
613
506
776
1246
881
-16
-736
-1288
-1007
-281
-144
-581
-1278
-2055
-2104
-1478
-810
-637
-1187
-1868
-2057
-1850
-1285
-619
-648
-1112
-1339
-1433
-1187
-493
-137
-221
-499
-790
-741
-319
-10
88
147
24
-249
-509
-401
-204
-151
-87
72
-44
-456
-678
-507
-67
217
161
-55
-224
-316
-223
234
647
534
28
-355
-303
-65
159
331
407
240
-53
-145
103
291
271
288
391
462
747
950
858
650
702
967
1427
1812
1840
1749
1522
1202
1080
1505
2087
2200
1605
837
334
251
516
1057
1333
851
-284
-1228
-1251
-493
222
203
-459
-1206
-1677
-1619
-944
-307
-354
-969
-1580
-1676
-1158
-688
-598
-673
-973
-1352
-1321
-874
-348
-98
-437
-786
-821
-850
-776
-459
-319
-416
-680
-902
-653
-300
-335
-517
-593
-691
-616
-394
-68
168
-133
-517
-374
-18
284
494
461
327
199
148
389
783
772
507
320
281
280
200
294
456
448
424
449
344
277
362
466
602
598
550
625
750
834
959
1113
1205
1147
1032
1095
1156
955
770
854
1037
1004
728
485
278
84
-25
108
331
284
-155
-647
-772
-639
-435
-307
-340
-522
-767
-1003
-918
-584
-469
-574
-683
-730
-796
-818
-738
-627
-603
-632
-703
-755
-639
-537
-581
-601
-563
-640
-828
-787
-681
-673
-741
-784
-703
-528
-539
-622
-581
-599
-510
-170
50
83
-25
-235
-112
344
690
879
853
583
335
412
834
1227
1133
735
459
363
361
568
680
648
468
247
259
325
331
321
323
326
434
501
548
623
537
448
594
808
990
953
771
564
322
177
435
827
841
431
-55
-256
-212
-79
203
374
171
-233
-542
-505
-190
-28
-114
-221
-338
-494
-649
-543
-347
-344
-506
-621
-646
-705
-863
-913
-761
-762
-989
-1079
-966
-856
-803
-870
-970
-994
-1021
-1067
-887
-689
-731
-866
-810
-543
-335
-278
-338
-347
-326
-134
307
642
681
409
232
477
895
1121
1256
1181
768
475
531
811
1144
1096
635
412
406
252
241
374
387
285
126
81
162
106
26
164
435
544
395
283
293
290
319
622
896
832
542
365
449
481
456
526
634
505
244
148
213
202
-9
-51
75
153
73
-158
-277
-301
-459
-516
-272
-155
-375
-653
-797
-763
-732
-772
-678
-541
-617
-829
-996
-976
-890
-904
-837
-707
-689
-807
-905
-839
-653
-513
-562
-596
-594
-605
-491
-255
-31
38
-255
-502
-380
-109
217
490
511
318
126
160
510
864
920
788
646
555
535
598
740
958
894
572
454
483
411
350
421
458
358
131
24
106
166
164
205
173
55
32
97
186
264
289
286
262
241
200
273
490
496
248
120
225
321
359
379
369
247
53
19
212
428
348
57
-151
-225
-256
-252
-106
-101
-276
-471
-617
-648
-593
-564
-568
-564
-622
-691
-726
-696
-716
-779
-823
-762
-625
-563
-612
-666
-546
-481
-489
-449
-411
-456
-454
-355
-239
-152
-198
-296
-210
71
261
310
308
288
279
384
574
674
641
590
535
583
682
633
516
538
587
538
551
534
374
235
226
207
180
183
98
4
-7
-34
-110
-118
-63
-6
60
2
-112
-119
49
214
239
177
149
185
216
278
311
285
232
252
409
491
355
183
130
114
196
279
261
173
25
-113
-117
-63
-195
-268
-239
-252
-279
-341
-406
-427
-419
-419
-380
-414
-548
-663
-713
-635
-585
-573
-522
-576
-632
-550
-471
-470
-462
-527
-543
-429
-340
-203
-143
-263
-379
-362
-146
114
218
182
120
26
69
315
461
498
484
391
359
405
380
407
545
584
528
404
267
225
302
414
436
248
29
-72
-7
200
314
200
-15
-183
-157
104
270
187
102
68
-6
18
150
302
414
327
202
203
178
170
317
542
621
390
127
120
246
329
372
387
343
185
-3
31
185
90
-103
-97
-22
-47
-148
-251
-277
-294
-388
-412
-341
-394
-559
-711
-740
-687
-692
-655
-580
-576
-624
-711
-767
-681
-566
-540
-441
-370
-429
-427
-393
-340
-207
-82
12
61
29
32
82
217
399
474
423
371
310
318
422
481
459
434
412
379
363
331
315
329
281
179
80
19
35
73
79
54
-88
-251
-245
-107
51
87
-83
-193
-122
-59
87
240
239
168
43
16
200
313
273
331
406
436
381
271
331
477
466
426
388
355
304
247
289
345
188
-7
-25
45
110
47
-168
-259
-254
-353
-374
-316
-376
-532
-677
-724
-658
-622
-653
-650
-636
-664
-705
-710
-629
-577
-616
-570
-474
-452
-419
-387
-349
-244
-171
-84
64
125
134
168
230
310
337
352
423
431
442
483
449
434
470
441
464
496
343
275
313
311
266
195
86
32
-23
-11
45
0
-83
-89
-56
26
84
25
20
93
104
115
146
136
187
206
238
371
394
297
292
380
500
560
465
425
414
357
372
418
364
266
164
141
185
108
1
16
-7
-75
-129
-231
-308
-330
-398
-453
-438
-539
-695
-702
-689
-732
-773
-795
-776
-787
-782
-727
-724
-736
-752
-696
-526
-404
-388
-406
-390
-355
-276
-136
-16
64
77
73
113
188
278
319
371
395
363
363
419
387
330
314
305
338
367
304
206
177
146
153
181
150
95
49
47
37
29
-11
-11
59
104
154
151
122
173
226
263
302
292
326
328
297
296
314
305
318
364
411
397
339
341
370
337
280
244
204
179
157
136
154
90
-24
-1
53
-16
-122
-213
-245
-198
-221
-305
-353
-460
-618
-597
-529
-530
-578
-650
-667
-632
-582
-549
-510
-515
-516
-486
-409
-317
-279
-282
-226
-150
-105
-39
10
94
196
261
265
240
185
159
236
284
277
246
192
125
114
199
241
229
174
130
107
125
141
116
129
82
38
91
123
69
-1
5
61
116
176
174
134
86
93
153
213
226
194
173
158
142
123
152
188
217
243
236
192
159
176
208
233
203
162
144
165
176
140
122
78
33
29
31
-3
-131
-248
-216
-147
-170
-300
-410
-503
-556
-540
-461
-453
-534
-589
-646
-593
-495
-479
-489
-439
-408
-429
-399
-341
-265
-199
-133
-78
-45
-33
-24
68
175
240
237
184
136
133
205
241
233
262
250
170
167
210
240
238
224
207
168
153
146
177
220
192
147
166
184
163
120
124
184
176
156
187
192
164
118
134
199
195
148
147
145
112
99
86
106
187
221
181
190
200
199
206
231
225
180
143
147
124
46
-5
-32
-7
41
61
-14
-158
-297
-282
-168
-99
-168
-350
-525
-601
-550
-431
-361
-405
-523
-620
-610
-521
-414
-377
-363
-352
-357
-354
-306
-227
-130
-57
-40
-63
-83
-51
24
142
189
181
124
58
97
181
229
216
195
145
81
64
89
155
174
135
103
63
31
83
156
191
167
80
63
134
198
195
145
110
89
87
160
206
197
136
52
53
113
150
161
151
97
51
33
63
134
217
224
175
156
149
154
169
221
274
252
172
104
80
111
127
125
133
69
-15
-102
-123
-71
-52
-109
-196
-292
-400
-435
-387
-320
-291
-339
-409
-431
-439
-383
-284
-261
-295
-306
-290
-278
-236
-195
-143
-79
-68
-89
-73
-9
38
93
103
66
-1
-10
32
79
75
20
6
23
41
60
112
118
89
28
17
65
87
113
149
174
122
47
94
192
243
204
129
71
25
30
118
198
181
89
-20
-28
27
75
110
98
35
-27
-33
17
120
187
145
104
71
61
107
160
196
251
227
119
75
63
126
192
199
183
107
-5
-45
1
57
92
30
-102
-163
-203
-229
-209
-204
-211
-236
-317
-363
-342
-313
-266
-226
-232
-238
-250
-255
-201
-147
-147
-142
-119
-104
-68
-52
-22
7
20
10
-30
-30
13
24
31
19
-26
-49
-49
-16
24
46
9
-26
-15
13
67
119
142
125
50
-13
27
128
189
205
137
20
-49
-14
116
226
236
134
4
-34
42
132
194
203
109
11
-26
8
97
178
206
157
96
88
119
170
231
281
256
169
101
80
148
251
288
242
117
1
-18
45
101
128
41
-127
-198
-212
-175
-126
-171
-235
-301
-373
-357
-307
-282
-285
-306
-341
-387
-376
-331
-260
-219
-221
-233
-235
-188
-134
-69
-15
-10
-51
-93
-115
-80
-6
50
44
-29
-71
-82
-24
78
130
111
-1
-50
-5
79
151
177
131
32
-35
-24
75
171
195
148
31
-37
-29
37
128
185
171
106
31
33
94
131
161
179
127
79
56
54
117
199
227
186
150
147
188
244
288
306
248
172
157
177
259
300
259
188
110
56
99
148
156
98
-15
-108
-145
-122
-101
-108
-155
-244
-328
-348
-317
-290
-284
-296
-338
-370
-380
-356
-302
-238
-260
-279
-306
-308
-224
-160
-89
-42
-61
-142
-165
-120
-24
62
90
45
-49
-98
-70
29
102
98
47
-66
-109
-29
44
90
78
28
-49
-84
-60
20
89
117
76
5
-37
-29
28
133
210
183
117
66
71
132
188
227
205
168
152
123
136
196
260
260
217
213
242
261
278
295
305
247
176
164
178
195
209
174
137
98
71
63
102
103
79
1
-74
-95
-120
-118
-128
-171
-235
-310
-354
-329
-301
-286
-314
-355
-377
-363
-308
-235
-213
-206
-242
-280
-263
-216
-136
-97
-108
-131
-179
-202
-160
-78
2
10
-39
-100
-164
-166
-102
-35
-26
-62
-127
-161
-131
-52
-5
10
2
-31
-47
-21
47
105
112
92
67
45
81
131
224
300
293
238
202
219
252
299
321
318
280
248
222
253
270
293
284
229
223
233
240
284
271
213
176
147
147
160
199
198
154
90
37
25
64
83
93
49
-57
-115
-132
-90
-58
-84
-136
-218
-277
-288
-247
-207
-230
-284
-311
-316
-310
-260
-221
-226
-243
-279
-287
-247
-207
-157
-125
-136
-156
-193
-208
-170
-111
-77
-85
-122
-168
-205
-162
-106
-86
-95
-129
-152
-167
-108
-62
-64
-68
-65
-74
-34
9
38
76
81
73
81
89
105
163
215
227
256
251
241
278
304
300
264
268
253
220
213
246
251
205
198
201
192
198
218
204
177
150
118
137
175
164
148
150
121
63
51
69
96
86
59
46
3
-36
-42
-47
-31
-53
-112
-167
-195
-206
-201
-176
-183
-229
-277
-275
-260
-261
-234
-208
-215
-237
-242
-214
-209
-175
-170
-179
-178
-217
-230
-210
-191
-161
-113
-111
-147
-158
-130
-104
-96
-77
-64
-76
-67
-49
-43
-27
-6
9
27
58
61
63
105
163
197
216
231
213
187
211
252
271
267
240
236
251
254
250
265
246
219
188
173
162
136
96
97
108
97
113
109
85
53
34
38
40
38
45
28
18
-31
-64
-58
-54
-29
-22
-41
-77
-140
-160
-128
-81
-62
-82
-134
-154
-150
-125
-98
-102
-154
-209
-213
-201
-180
-151
-133
-158
-162
-177
-155
-135
-142
-134
-126
-134
-153
-161
-149
-108
-72
-49
-42
-59
-58
-57
-30
9
-13
-37
-35
-12
-2
12
26
31
29
42
87
128
132
119
141
149
172
201
209
209
216
209
200
207
234
237
243
207
155
163
183
191
202
175
130
102
78
96
125
136
91
47
16
8
-9
10
18
8
-19
-32
-23
-34
-38
-32
-20
-24
-30
-61
-86
-100
-101
-84
-68
-74
-111
-137
-143
-146
-130
-122
-132
-169
-188
-176
-168
-149
-132
-135
-157
-178
-178
-172
-162
-152
-130
-102
-104
-135
-151
-146
-117
-77
-61
-60
-95
-110
-83
-76
-47
-33
-55
-48
-26
15
48
55
65
56
66
97
150
186
166
157
173
181
201
214
220
203
184
178
182
201
197
170
149
140
133
116
114
107
103
67
59
68
56
70
69
71
44
26
6
3
35
53
42
17
-1
-15
-15
12
11
20
40
29
5
-2
-16
-26
-3
9
-19
-44
-75
-102
-87
-91
-88
-106
-147
-144
-154
-126
-106
-109
-105
-117
-144
-154
-154
-152
-152
-159
-170
-179
-205
-205
-174
-145
-127
-122
-123
-150
-164
-161
-112
-77
-70
-56
-58
-36
-14
-11
6
15
33
38
56
86
80
74
85
119
142
173
156
129
124
115
121
154
187
188
143
120
122
116
119
120
115
109
94
61
55
62
52
59
77
78
71
58
41
72
75
68
51
29
45
31
26
44
48
78
61
48
28
15
23
24
48
9
-32
-74
-82
-53
-28
-8
-20
-49
-81
-105
-95
-84
-96
-108
-133
-164
-168
-152
-149
-146
-130
-120
-113
-107
-116
-122
-130
-131
-123
-99
-89
-83
-73
-64
-42
-15
-11
12
-2
-12
20
34
57
61
71
85
95
105
118
127
141
157
164
178
164
131
108
115
112
117
121
109
101
79
84
74
73
78
46
24
1
-3
10
23
17
29
16
-6
-9
-24
-18
-22
-43
-44
-52
-62
-62
-63
-61
-44
-21
-9
-9
-17
-27
-46
-52
-72
-82
-108
-119
-120
-115
-85
-83
-83
-78
-83
-113
-107
-104
-85
-81
-83
-71
-101
-128
-129
-126
-104
-74
-72
-96
-105
-112
-118
-82
-38
-4
-3
11
0
9
40
69
87
97
92
61
54
75
79
96
126
122
139
147
140
154
190
204
196
183
166
156
129
100
104
98
62
61
65
70
75
73
68
57
37
13
8
-3
-16
-35
-23
16
21
11
11
-9
-22
-17
-15
0
-5
-24
-43
-56
-45
-7
8
8
-13
-37
-36
-48
-40
-39
-11
-12
-35
-47
-43
-37
-71
-60
-40
-38
-58
-66
-89
-103
-88
-80
-44
-45
-86
-116
-114
-109
-93
-78
-94
-109
-134
-139
-113
-73
-27
-8
-17
-37
-49
-38
-35
-7
-2
-11
-1
-3
0
12
22
42
51
65
77
71
59
62
83
102
89
75
73
58
34
32
37
21
23
26
22
33
39
15
18
20
11
38
43
36
22
10
18
25
42
29
16
26
40
48
60
83
75
62
74
71
78
85
67
53
41
26
11
9
10
4
-7
-8
-17
-23
-34
-39
-23
-27
-37
-22
-20
-42
-66
-63
-40
-66
-73
-98
-120
-154
-148
-108
-94
-79
-85
-96
-121
-91
-65
-51
-29
-27
-51
-51
-44
-21
-9
6
13
22
3
9
46
78
93
87
96
88
75
75
104
133
122
111
113
94
84
71
70
54
49
49
43
46
53
38
20
18
39
48
36
46
18
7
-21
-38
-4
15
-14
-11
0
-6
-1
20
34
29
-15
-40
-26
-42
-44
-43
-29
-53
-58
-55
-68
-52
-39
-43
-35
-26
-49
-50
-49
-55
-25
-32
-33
-32
-44
-73
-77
-40
-28
-14
-18
-49
-62
-74
-70
-37
-29
-64
-88
-106
-114
-117
-91
-76
-90
-83
-85
-62
-40
-21
-5
0
-14
-14
-7
5
1
14
30
26
28
40
44
59
85
91
88
105
100
76
79
74
91
73
72
56
49
77
69
75
75
91
80
65
48
38
39
36
49
54
57
48
66
64
76
83
81
83
70
61
45
35
28
44
57
64
42
11
3
3
17
16
0
-12
-21
-42
-38
-25
-31
-13
-13
-14
-37
-53
-63
-80
-74
-60
-49
-80
-85
-87
-88
-73
-63
-50
-59
-77
-77
-93
-83
-70
-74
-76
-100
-104
-102
-97
-91
-80
-72
-51
-28
-35
-44
-33
-23
-20
3
3
6
11
7
13
26
11
15
5
7
23
22
5
7
38
26
34
59
61
50
40
40
38
25
35
46
56
81
83
79
70
72
75
89
83
50
62
75
90
98
77
85
79
57
77
92
66
36
24
15
9
18
25
20
11
