0
1
2
1
1
0
0
-2
-5
-3
-4
-4
-3
-4
-3
-2
-3
-2
-1
0
-1
1
2
-2
-2
-2
-1
-1
0
1
4
3
3
3
4
4
8
8
9
9
9
7
7
7
7
6
7
5
5
5
4
5
4
3
3
5
3
3
0
-2
-2
-2
-5
-6
-6
-9
-8
-9
-8
-6
-5
-6
-6
-4
-3
-4
-3
-3
-3
-3
-2
-2
-1
-1
-3
-2
-3
-6
-9
-8
-10
-10
-10
-10
-9
-10
-11
-9
-10
-9
-7
-7
-6
-5
-5
-2
-2
-2
-2
-1
-1
-1
0
0
0
2
5
3
4
5
3
5
5
6
5
7
6
9
8
9
7
8
9
8
8
8
8
7
10
10
12
11
9
9
9
9
9
9
7
4
2
2
3
0
0
-4
-6
-4
-3
0
-1
-2
-1
-2
0
4
4
3
1
0
-1
-1
-1
2
1
0
-1
-3
-6
-6
-6
-5
-4
-6
-7
-6
-6
-5
-4
-4
-4
-4
-2
-4
-2
-2
-2
-1
0
-1
-3
-2
-4
-3
-2
-2
-3
-2
1
-2
0
1
-2
-4
-2
-5
-4
1
-3
-3
0
2
1
4
4
4
4
2
0
6
9
5
9
9
10
9
8
8
6
6
2
-1
-2
-3
-6
-6
-6
-7
-8
-8
-7
-5
-6
-5
-3
-2
0
1
3
3
1
1
2
2
1
0
-2
-2
-5
-7
-6
-4
-7
-6
-6
-9
-9
-7
-9
-14
-6
-4
-8
-5
-5
-3
-1
-6
0
3
-1
4
-2
0
3
-5
2
4
-1
5
9
2
8
7
0
7
6
2
3
9
8
6
15
12
10
17
14
13
20
16
14
20
18
16
19
17
13
13
10
7
3
-2
-7
-9
-9
-13
-13
-14
-15
-14
-12
-11
-11
-8
-6
-5
-2
-1
-2
1
0
2
0
-2
-5
-7
-11
-13
-14
-13
-17
-16
-14
-18
-19
-19
-16
-16
-15
-12
-14
-13
-10
-8
-5
-5
-4
-4
-2
1
1
1
1
1
2
2
4
8
7
8
7
4
6
16
9
13
17
13
19
18
15
18
20
16
18
19
16
16
20
16
22
30
25
30
32
28
21
18
17
9
6
5
-10
-13
-15
-23
-20
-21
-25
-21
-24
-20
-14
-12
-3
-2
-2
2
3
5
7
6
8
5
-2
-2
-8
-12
-11
-19
-22
-25
-28
-29
-32
-28
-27
-24
-24
-22
-15
-16
-10
-7
-7
-5
-4
-3
-1
-2
-2
0
-3
-4
-2
0
2
5
2
2
-1
-1
-1
-1
1
1
4
4
5
6
8
8
10
10
12
12
14
16
12
18
19
21
23
28
27
27
30
29
27
30
30
27
28
28
23
19
10
3
1
-4
-12
-13
-17
-30
-31
-31
-32
-33
-31
-29
-28
-21
-14
-6
0
5
8
10
12
16
16
14
11
6
0
-5
-9
-13
-18
-24
-29
-34
-39
-39
-35
-35
-32
-27
-22
-18
-12
-7
-3
5
4
3
11
10
8
12
11
11
10
3
1
2
-3
-7
-5
-8
-11
-4
-4
-1
6
2
1
7
3
5
11
15
15
18
18
17
22
23
27
32
32
34
37
39
40
49
54
57
64
62
58
55
46
31
22
10
-9
-21
-33
-47
-56
-63
-66
-69
-66
-62
-59
-49
-36
-24
-9
6
17
28
39
45
49
50
47
40
28
19
6
-10
-23
-34
-54
-65
-72
-76
-77
-75
-65
-63
-56
-46
-35
-26
-12
-4
5
12
18
18
18
22
18
19
16
11
7
3
-2
-7
-13
-16
-20
-24
-24
-22
-22
-23
-18
-13
-12
-8
-4
-7
-3
3
3
7
17
17
18
26
29
29
36
37
36
38
39
34
37
36
33
33
35
32
36
41
40
49
55
59
64
75
71
75
73
60
48
40
25
9
-1
-18
-32
-48
-57
-70
-76
-81
-85
-83
-78
-69
-57
-48
-30
-16
-9
6
17
21
26
30
29
22
17
12
-2
-17
-30
-44
-59
-71
-78
-87
-89
-84
-81
-74
-61
-49
-35
-24
-14
-6
1
6
13
15
20
22
24
23
19
17
10
7
3
-3
-5
-9
-15
-23
-22
-18
-16
-11
-13
-6
-1
-1
8
12
8
18
25
29
46
60
70
88
100
98
103
102
97
89
87
78
70
65
64
70
86
107
119
130
132
118
104
93
73
56
36
12
-15
-39
-66
-93
-113
-134
-152
-169
-178
-181
-168
-144
-120
-99
-75
-44
-17
15
44
64
68
65
62
51
41
25
-2
-32
-66
-96
-127
-153
-170
-185
-200
-205
-200
-186
-165
-139
-111
-84
-57
-25
6
34
55
68
74
78
77
71
67
57
44
22
11
2
-12
-22
-33
-48
-59
-59
-59
-46
-42
-34
-29
-14
7
28
43
63
81
88
97
112
117
124
132
122
121
118
111
104
111
104
103
111
105
103
109
102
95
105
101
96
120
152
173
218
251
244
246
235
191
165
146
94
37
-4
-68
-138
-177
-222
-277
-320
-351
-375
-370
-339
-302
-258
-210
-159
-108
-42
30
92
128
152
167
165
163
151
122
73
16
-53
-119
-177
-229
-278
-324
-363
-386
-387
-365
-325
-265
-220
-155
-91
-44
15
61
111
147
167
192
202
191
190
179
140
108
92
49
0
-33
-79
-136
-153
-168
-209
-195
-169
-184
-155
-104
-83
-54
-12
21
51
93
128
152
184
225
232
236
264
249
234
234
199
156
139
111
83
83
72
69
79
103
116
140
188
176
204
286
321
384
480
486
477
483
427
335
296
207
40
-57
-176
-330
-421
-480
-578
-646
-668
-704
-698
-619
-542
-464
-354
-260
-160
-39
96
246
353
414
461
461
440
413
359
253
130
-8
-170
-317
-414
-500
-606
-671
-716
-765
-769
-689
-596
-507
-369
-249
-167
-29
115
214
308
418
451
445
490
481
425
405
326
184
94
6
-111
-199
-238
-333
-415
-443
-502
-503
-460
-413
-360
-263
-190
-119
-4
99
168
279
374
413
514
572
583
631
611
550
505
434
334
279
190
105
96
40
-30
10
41
10
84
161
157
207
307
366
501
719
815
884
992
962
858
807
657
434
235
-23
-308
-513
-713
-929
-1088
-1232
-1370
-1429
-1429
-1400
-1245
-1073
-905
-653
-376
-97
234
554
788
997
1115
1142
1127
1063
927
732
488
174
-138
-434
-729
-970
-1173
-1370
-1491
-1523
-1543
-1451
-1256
-1104
-867
-568
-305
-18
340
603
792
985
1059
1066
1082
1048
926
835
658
389
186
-7
-253
-467
-639
-864
-1050
-1122
-1208
-1210
-1066
-957
-827
-617
-414
-210
67
313
492
697
866
917
1032
1149
1142
1160
1118
1006
912
811
629
441
293
80
-104
-166
-287
-313
-284
-288
-190
-32
109
249
457
546
586
809
1017
1233
1625
1871
1943
1962
1916
1675
1384
1147
710
164
-321
-839
-1388
-1825
-2128
-2450
-2770
-2900
-2963
-2905
-2597
-2204
-1758
-1259
-714
-186
360
944
1500
1936
2211
2387
2407
2283
2140
1920
1492
999
420
-281
-972
-1572
-2126
-2609
-2970
-3238
-3389
-3341
-3081
-2654
-2149
-1591
-1004
-447
65
612
1105
1418
1692
1931
1919
1890
1927
1802
1569
1318
866
285
-197
-675
-1189
-1535
-1816
-2167
-2313
-2310
-2177
-1876
-1483
-1011
-620
-238
203
536
851
1183
1407
1540
1709
1860
1857
1955
2062
1978
1917
1812
1519
1234
977
586
241
-30
-344
-586
-605
-581
-518
-287
-52
85
327
624
733
922
1190
1156
1154
1498
1838
2179
2955
3877
4266
4485
4566
4083
3341
2712
1794
530
-660
-1851
-3182
-4313
-4960
-5564
-6200
-6424
-6351
-6229
-5729
-4743
-3655
-2676
-1524
-250
831
1919
3167
4171
4785
5238
5361
5062
4593
4034
3157
1977
774
-631
-2150
-3429
-4437
-5257
-5948
-6334
-6529
-6457
-5999
-5260
-4337
-3305
-2208
-1172
-120
1090
2090
3008
3917
4611
5057
5185
5160
4636
3994
3448
2322
1200
325
-899
-2180
-2996
-3647
-4483
-4634
-4594
-4819
-4309
-3446
-2810
-1904
-704
139
751
1593
2193
2520
3067
3355
3348
3492
3573
3456
3335
3196
2824
2382
1873
1144
488
-104
-762
-1183
-1473
-1722
-1687
-1422
-1253
-948
-494
-252
-175
91
251
223
576
879
1041
1531
2130
2802
4324
6281
7212
7477
7339
5923
4153
3146
1977
384
-778
-2260
-4457
-5845
-6293
-7027
-7584
-7558
-7888
-8266
-7488
-5910
-4338
-2408
-334
989
1807
3192
4823
5863
6751
7350
6850
5807
5113
4295
3191
2315
1119
-963
-2996
-4397
-5610
-6617
-7009
-7354
-7892
-7974
-7467
-6533
-5164
-3449
-1899
-801
400
1607
2623
3786
4801
5296
5691
5941
5562
5475
5350
4309
3418
2370
356
-1114
-2000
-3593
-4771
-4885
-5661
-6395
-5690
-5087
-4763
-3227
-1818
-1428
-307
1044
1373
2020
3158
3240
3341
3944
3988
4000
4412
4332
3801
3474
2869
2001
1367
628
-281
-983
-1724
-2396
-2459
-2291
-2074
-1540
-1153
-983
-732
-323
-77
224
779
1028
1073
1516
2011
2349
2989
3952
5227
6609
7276
7444
7242
5990
4657
3646
2039
326
-760
-2480
-4690
-5558
-6076
-7460
-7999
-7863
-8540
-8541
-7142
-5914
-4625
-2449
-627
348
1739
3551
4825
5744
6725
6982
6269
5652
5255
4262
3140
2386
930
-1172
-2803
-4082
-5601
-6728
-7304
-8092
-8758
-8595
-7967
-7143
-5569
-3676
-2240
-896
698
2056
3222
4253
5134
5802
5777
5648
5728
5242
4735
4595
3527
1886
871
-480
-2381
-3193
-3675
-4912
-5506
-5428
-5749
-5430
-4137
-3242
-2478
-1217
-390
18
904
1765
2247
2828
3291
3488
3784
4177
4374
4490
4365
3862
3273
2503
1602
903
232
-736
-1543
-2017
-2449
-2473
-1994
-1718
-1411
-881
-700
-400
249
725
1170
1614
1854
2149
2626
2995
3444
4138
4871
5997
6979
7021
6899
6334
4768
3448
2379
741
-720
-1711
-3502
-5378
-5962
-6769
-8035
-8192
-8149
-8569
-7925
-6478
-5289
-3677
-1502
-2
1020
2555
4075
4938
5594
6215
6074
5365
4894
4311
3235
2365
1459
-274
-2121
-3455
-4928
-6438
-7296
-7951
-8702
-8858
-8326
-7508
-6210
-4329
-2447
-908
600
2220
3417
4284
5320
6067
6112
5954
6060
5550
4896
4727
3736
2190
1127
-156
-1937
-2949
-3489
-4592
-5292
-5396
-5712
-5598
-4609
-3677
-2909
-1709
-676
-24
965
1958
2636
3347
3806
4020
4340
4606
4692
4666
4406
3830
3175
2543
1765
1036
424
-508
-1441
-2004
-2426
-2440
-1955
-1619
-1361
-913
-672
-443
177
841
1252
1667
1960
2091
2392
2876
3227
3459
3580
3678
3989
4745
5727
5986
5750
5091
3388
1856
1016
-151
-1262
-2188
-3765
-5659
-6714
-7372
-8186
-8209
-7794
-7952
-7592
-6183
-4636
-3021
-848
982
1824
2763
3951
4536
4945
5560
5504
4713
4068
3459
2596
1900
1179
-150
-1994
-3673
-5141
-6582
-7487
-7771
-8068
-8184
-7561
-6526
-5148
-3183
-1185
318
1563
2638
3450
4308
4980
5290
5476
5103
4559
4364
3842
3189
2779
1724
198
-841
-1740
-2917
-3543
-3903
-4752
-5087
-4662
-4359
-3709
-2480
-1635
-1031
-114
710
1452
2326
3019
3427
3766
4027
4189
4332
4449
4438
4229
3772
3140
2514
1787
968
324
-308
-981
-1243
-1256
-1260
-1028
-697
-638
-504
-208
184
478
721
1137
1227
1425
1970
2420
2733
3168
3358
3110
3151
3455
3678
4491
5083
4568
4220
3450
1920
1238
703
-573
-1738
-2867
-4763
-6374
-6841
-7437
-8107
-7821
-7583
-7533
-6488
-4784
-3209
-1563
103
1143
1728
2538
3431
3907
4146
4496
4283
3575
3324
3093
2337
1596
622
-1192
-3140
-4540
-5881
-7127
-7644
-7846
-8066
-7657
-6543
-5250
-3657
-1784
-260
823
1915
2911
3792
4382
4731
4951
4560
4145
4078
3643
3148
2793
1833
438
-573
-1452
-2544
-3119
-3413
-3996
-4260
-3941
-3691
-3165
-2081
-1263
-673
101
783
1469
2225
2879
3440
3812
4090
4238
4455
4600
4585
4452
3925
3253
2677
1987
1313
882
444
-163
-588
-795
-1071
-1118
-837
-726
-794
-513
-308
-254
227
832
1209
1768
2441
2748
3066
3556
3598
3377
3204
2975
2825
3243
4032
4003
3814
3666
2613
1732
1396
523
-696
-1814
-3353
-5494
-6747
-7233
-8060
-8254
-7749
-7607
-7186
-5712
-4079
-2720
-1100
330
851
1301
2208
2836
3181
3754
4099
3751
3467
3453
2956
2220
1477
73
-1938
-3653
-5090
-6479
-7417
-7787
-7958
-7917
-7145
-5865
-4438
-2807
-1101
174
1212
2149
3108
3893
4126
4465
4526
3900
3827
3977
3500
3266
3095
1950
755
245
-721
-1655
-1850
-2402
-3223
-3347
-3184
-3086
-2385
-1524
-1046
-402
372
1020
1805
2566
3107
3534
3771
3793
3986
4240
4184
4212
4073
3451
2918
2565
1886
1253
904
308
-397
-641
-877
-1224
-1090
-861
-940
-671
-245
-72
405
1022
1396
1844
2326
2580
2810
3123
3111
2917
2809
2600
2512
3053
3774
3752
3720
3552
2432
1617
1326
262
-910
-1791
-3557
-5621
-6599
-7317
-8288
-8376
-8089
-8200
-7593
-6108
-4677
-3116
-1343
-42
582
1246
2240
2919
3258
3822
3999
3508
3215
3171
2638
1993
1382
-20
-1877
-3365
-4800
-6249
-7078
-7492
-7905
-7900
-7186
-6024
-4602
-2915
-1206
74
1168
2206
3059
3837
4554
4971
4995
4860
4863
4724
4559
4446
3804
2767
1631
337
-875
-1688
-2408
-3095
-3563
-3940
-4004
-3533
-2699
-1849
-873
-7
577
1248
2027
2715
3355
3930
4167
4224
4449
4595
4562
4609
4388
3699
2913
2179
1358
703
281
-210
-684
-891
-1061
-1085
-804
-550
-423
-224
-24
132
562
890
1257
1727
1958
2257
2682
2891
2905
2882
2546
1799
1269
1020
1071
1929
2499
2422
2662
2274
1380
1326
990
-271
-1184
-2383
-4713
-6261
-6705
-7699
-8288
-7807
-7771
-7715
-6367
-4773
-3545
-1902
-435
89
421
1115
1753
2034
2444
3021
2886
2600
2898
2899
2439
2163
1346
-472
-2208
-3526
-5093
-6339
-6753
-7154
-7467
-6982
-5978
-4822
-3221
-1398
24
1094
2149
3062
3647
4086
4685
4963
4726
4852
4950
4432
4209
3983
2916
1871
1167
76
-1048
-1499
-2138
-2929
-3147
-3238
-3191
-2615
-1800
-1123
-288
561
1286
2091
2816
3467
4071
4334
4386
4436
4244
3900
3608
3208
2525
1959
1445
790
359
291
202
-6
-17
-127
-401
-465
-411
-451
-271
-63
-47
174
539
901
1416
1867
2123
2304
2238
1871
1582
1126
461
-154
-740
-1070
-575
841
1924
2620
3467
3281
2470
2370
1794
381
-676
-2163
-4664
-6261
-6733
-7645
-8146
-7598
-7486
-7487
-6333
-4995
-3970
-2530
-1259
-947
-749
-36
696
1230
2147
3084
3260
3327
3812
3865
3543
3434
2533
644
-1072
-2623
-4329
-5467
-5945
-6333
-6507
-6149
-5416
-4505
-3189
-1558
-246
682
1708
2516
2871
3455
4099
4244
4561
4999
4913
4898
5014
4523
3865
3300
2321
1226
502
-428
-1535
-2041
-2587
-3144
-3002
-2712
-2527
-1807
-1017
-491
494
1505
2026
2582
3052
3119
3145
3190
3058
2922
2710
2278
1930
1719
1620
1615
1622
1587
1426
1142
737
325
-46
-457
-807
-1087
-1246
-1342
-1222
-807
-455
-25
487
676
859
1005
836
642
404
-77
-596
-909
-1236
-1363
-893
-40
1544
3245
4042
4618
4727
3812
2937
2208
726
-843
-2104
-4030
-5868
-6366
-6739
-7334
-7140
-6931
-7171
-6790
-5862
-5132
-4254
-3105
-2423
-2155
-1406
-152
977
2190
3664
4585
4847
5312
5622
5291
4905
4249
2614
584
-995
-2422
-3706
-4338
-4653
-5097
-5294
-5032
-4542
-3784
-2651
-1665
-1079
-476
93
611
1343
2097
2766
3253
3658
4213
4716
5087
5516
5494
4892
4302
3530
2521
1732
1054
89
-820
-1461
-2201
-2706
-2732
-2738
-2723
-2426
-2148
-1823
-1271
-726
-238
279
706
1115
1617
2091
2600
3052
3386
3683
3963
4100
4081
3956
3552
2932
2138
1243
349
-532
-1315
-1983
-2595
-2921
-2947
-2847
-2421
-1851
-1371
-980
-617
-402
-373
-278
-303
-466
-451
-327
-175
226
839
1407
2101
2850
3661
4466
4639
4457
4017
2792
1508
669
-493
-1697
-2379
-3375
-4722
-5330
-5785
-6618
-6970
-7081
-7565
-7651
-7062
-6289
-5266
-3802
-2346
-1152
173
1744
3134
4222
5215
5795
5649
5381
5112
4439
3822
3325
2393
1190
214
-775
-1759
-2461
-3005
-3658
-4314
-4762
-5007
-4988
-4619
-3978
-3325
-2635
-1716
-713
226
1388
2527
3244
3993
4730
5026
5340
5726
5683
5424
5209
4608
3847
3353
2571
1569
771
-218
-1516
-2409
-3142
-3994
-4405
-4628
-4880
-4708
-4110
-3415
-2488
-1364
-339
695
1756
2772
3730
4615
5288
5652
5820
5745
5513
5135
4492
3599
2565
1346
104
-971
-1867
-2712
-3384
-3919
-4316
-4387
-4189
-3824
-3337
-2802
-2401
-2058
-1590
-1018
-433
225
865
1337
1694
2084
2452
2704
2790
2719
2507
2296
2476
2662
2568
2517
2101
1239
523
-33
-888
-1662
-2394
-3670
-4940
-5659
-6271
-6833
-6763
-6489
-6340
-5722
-4684
-3664
-2512
-1163
-96
605
1347
2161
2733
3199
3775
4062
3927
3925
3900
3532
3348
3202
2600
1828
1092
285
-632
-1427
-2070
-2869
-3580
-4001
-4353
-4495
-4172
-3638
-3123
-2470
-1604
-814
35
899
1626
2207
2584
2991
3463
3846
4348
4809
4909
5012
5011
4664
4264
3780
2853
1661
414
-990
-2292
-3377
-4213
-4755
-5056
-4973
-4533
-3850
-2972
-1971
-946
-74
830
1722
2424
3118
3655
3881
4035
4113
4042
3869
3686
3353
2812
2092
1271
469
-373
-1187
-1848
-2507
-3107
-3462
-3683
-3735
-3637
-3334
-3032
-2694
-2239
-1892
-1533
-1063
-674
-413
-126
218
491
783
1182
1572
1824
1955
2079
2100
2176
2468
2546
2323
2136
1688
945
553
279
-167
-400
-612
-1160
-1670
-1914
-2332
-2782
-2962
-3258
-3613
-3761
-3749
-3583
-3176
-2543
-1867
-1308
-765
-160
354
877
1476
1857
2116
2405
2452
2415
2447
2402
2125
1768
1340
834
391
48
-233
-585
-898
-1219
-1622
-1860
-1788
-1726
-1616
-1336
-1252
-1261
-949
-600
-298
172
634
888
1217
1622
1901
2213
2528
2535
2379
2237
1979
1699
1396
1156
785
381
162
8
-166
-133
-161
-353
-457
-521
-591
-543
-371
-334
-398
-481
-564
-643
-528
-279
-133
-128
-157
-205
-299
-189
43
204
332
406
369
432
578
640
581
383
-1
-428
-753
-985
-1118
-1244
-1421
-1578
-1600
-1553
-1343
-1031
-815
-591
-454
-355
-221
-52
120
233
288
333
422
627
879
1127
1385
1585
1755
1833
1896
1963
1922
1806
1564
1185
744
381
32
-359
-639
-837
-1121
-1378
-1413
-1479
-1483
-1302
-1176
-1130
-1004
-855
-822
-705
-526
-433
-367
-272
-201
-189
-143
-97
-135
-230
-279
-380
-491
-476
-413
-418
-330
-179
-73
67
274
449
556
667
749
798
809
862
886
803
779
762
708
703
789
830
862
929
821
653
541
316
76
-23
-187
-356
-443
-564
-582
-522
-453
-387
-350
-347
-403
-394
-473
-560
-583
-627
-647
-611
-537
-519
-415
-317
-303
-275
-236
-200
-174
-161
-111
-136
-236
-345
-439
-545
-571
-546
-572
-542
-504
-482
-475
-392
-290
-222
-164
-126
-82
-31
47
158
315
464
670
885
1033
1302
1591
1769
1941
2144
2161
2056
1962
1719
1349
958
462
-48
-488
-877
-1176
-1371
-1461
-1421
-1276
-1035
-755
-452
-192
-42
133
259
266
345
390
454
568
661
762
847
943
1013
988
929
758
450
133
-202
-534
-788
-1000
-1146
-1166
-1098
-952
-796
-582
-344
-75
198
374
531
654
680
632
578
558
545
491
423
408
384
237
72
-112
-346
-583
-810
-1041
-1265
-1433
-1507
-1578
-1529
-1404
-1312
-1172
-1078
-985
-884
-798
-755
-652
-564
-518
-423
-290
-133
7
155
251
323
409
409
359
290
84
-150
-359
-560
-684
-714
-739
-780
-803
-775
-729
-698
-600
-444
-298
-136
18
124
252
425
576
674
856
1004
1078
1230
1386
1493
1583
1619
1592
1589
1562
1455
1325
1178
999
806
615
477
352
248
158
47
33
2
-1
77
147
152
199
171
169
231
240
258
290
306
260
214
187
158
193
196
114
25
-129
-240
-289
-332
-327
-293
-297
-213
-87
18
112
206
210
139
83
-21
-114
-144
-154
-140
-75
-32
11
86
211
342
382
409
412
307
166
23
-194
-452
-620
-758
-865
-865
-814
-750
-686
-607
-493
-383
-321
-261
-328
-411
-457
-510
-543
-580
-610
-574
-573
-592
-509
-436
-391
-396
-419
-494
-570
-617
-683
-764
-853
-999
-1137
-1184
-1158
-1061
-949
-759
-608
-473
-258
-37
189
392
525
619
671
730
784
833
954
1009
981
893
762
592
382
240
99
-34
-163
-248
-242
-224
-86
90
185
296
460
558
674
790
837
906
970
939
927
951
884
794
680
460
221
25
-189
-366
-508
-567
-666
-710
-689
-636
-543
-479
-359
-266
-149
-48
33
123
186
241
348
433
509
568
663
745
823
960
1030
1076
1071
1033
986
933
833
758
682
565
460
350
193
119
67
5
-5
-24
-88
-102
-91
-88
-63
10
33
35
61
-13
-107
-136
-137
-213
-252
-281
-352
-327
-230
-165
-155
-159
-274
-444
-645
-811
-976
-1191
-1360
-1551
-1718
-1809
-1752
-1682
-1540
-1290
-1077
-911
-692
-449
-286
-159
-78
-63
-17
-25
23
104
133
195
243
255
283
316
259
191
57
-164
-316
-464
-613
-688
-707
-702
-648
-534
-385
-137
58
216
338
440
499
573
660
667
711
730
712
671
668
580
421
331
181
3
-97
-188
-289
-350
-375
-357
-391
-318
-196
-107
-23
15
41
34
76
116
145
195
197
179
170
217
313
392
508
632
766
911
1108
1307
1403
1456
1448
1382
1309
1217
1089
954
760
593
481
397
376
351
351
355
338
344
370
364
329
296
303
326
328
346
388
413
451
470
452
363
237
116
-49
-242
-418
-639
-833
-945
-1075
-1160
-1189
-1190
-1176
-1164
-1111
-1065
-1053
-1060
-1029
-1037
-1062
-1008
-975
-922
-862
-833
-833
-771
-708
-678
-589
-513
-493
-452
-397
-357
-375
-394
-387
-377
-388
-417
-453
-483
-522
-568
-545
-529
-456
-359
-289
-155
24
107
207
260
235
259
196
175
213
222
261
329
384
420
472
523
526
506
429
309
184
38
-113
-236
-333
-374
-330
-333
-289
-160
-74
16
119
178
260
317
324
404
446
546
698
835
993
1136
1231
1305
1381
1435
1379
1281
1175
1006
833
706
609
492
370
284
292
296
387
473
473
474
520
562
630
745
839
921
949
953
949
928
865
701
464
220
-32
-246
-421
-545
-704
-862
-958
-1026
-1010
-1019
-1040
-1067
-1094
-1118
-1103
-1080
-994
-852
-727
-641
-535
-454
-398
-334
-349
-428
-512
-568
-600
-648
-642
-631
-657
-654
-636
-617
-622
-644
-680
-712
-754
-785
-776
-739
-672
-619
-520
-410
-357
-331
-286
-249
-223
-205
-244
-257
-175
-104
16
183
296
398
462
459
463
408
316
210
59
-106
-241
-344
-374
-353
-338
-289
-221
-164
-97
-2
26
24
59
127
198
283
441
545
678
845
948
1035
1135
1170
1150
1156
1076
999
971
959
972
991
1003
935
895
842
757
684
565
423
311
213
159
180
239
323
481
630
767
860
874
860
779
668
503
352
202
65
-60
-141
-185
-261
-365
-412
-438
-489
-545
-636
-725
-811
-869
-849
-827
-766
-671
-596
-565
-518
-491
-526
-522
-560
-664
-756
-818
-855
-804
-712
-658
-585
-549
-561
-548
-552
-566
-596
-619
-609
-542
-446
-314
-150
-25
69
151
195
172
70
-90
-290
-476
-574
-605
-581
-486
-340
-222
-68
103
237
364
426
421
371
232
115
23
-63
-106
-102
-55
0
112
240
352
430
452
421
374
294
257
248
201
184
184
177
214
288
306
306
335
297
285
280
311
367
454
554
638
763
878
933
973
1027
1004
902
761
661
536
432
379
299
239
210
182
144
144
133
57
-10
-86
-158
-203
-245
-314
-369
-380
-418
-433
-427
-398
-356
-340
-375
-390
-366
-362
-323
-270
-232
-228
-242
-222
-177
-137
-179
-260
-350
-415
-504
-545
-596
-694
-712
-757
-807
-760
-701
-682
-635
-603
-521
-447
-389
-273
-143
-67
20
121
199
291
361
409
415
415
378
313
233
150
75
-58
-161
-257
-330
-341
-303
-292
-234
-154
-110
0
94
144
211
284
315
303
320
359
393
430
476
544
592
635
678
718
718
708
670
603
542
470
404
308
188
64
-47
-132
-198
-248
-263
-278
-297
-300
-175
-19
93
233
347
419
491
555
541
553
520
427
338
294
249
203
162
140
74
-26
-19
-67
-98
-142
-248
-314
-326
-372
-432
-459
-465
-522
-553
-537
-545
-557
-613
-672
-678
-700
-744
-752
-731
-688
-639
-562
-500
-397
-328
-280
-186
-123
-146
-152
-158
-179
-240
-302
-310
-305
-308
-259
-215
-161
-127
-109
-54
20
71
93
192
292
344
375
413
479
554
593
621
614
567
533
468
426
392
375
366
325
337
332
345
382
427
435
399
361
313
293
301
359
366
375
374
401
437
430
433
415
352
282
180
100
31
7
-19
-79
-100
-124
-159
-141
-84
-49
-49
-74
-61
-49
-1
21
60
96
114
137
138
167
163
120
86
58
-62
-179
-319
-412
-468
-541
-596
-639
-657
-644
-659
-690
-658
-667
-674
-614
-551
-517
-519
-500
-452
-438
-416
-392
-342
-352
-391
-394
-404
-435
-430
-435
-464
-420
-408
-409
-356
-277
-245
-237
-210
-185
-159
-189
-180
-157
-170
-178
-103
-6
96
171
240
333
405
479
496
523
557
564
510
512
555
574
597
660
668
640
607
555
526
486
441
405
401
355
338
364
382
411
443
461
475
486
488
553
616
621
655
649
658
671
699
701
707
716
660
547
478
429
336
273
197
143
52
-58
-109
-155
-205
-230
-273
-323
-348
-335
-337
-331
-291
-267
-285
-258
-244
-268
-295
-320
-363
-410
-479
-540
-569
-614
-622
-642
-690
-714
-698
-670
-680
-697
-726
-767
-839
-861
-858
-858
-829
-810
-785
-755
-684
-613
-553
-504
-455
-417
-374
-322
-328
-308
-237
-208
-168
-142
-128
-100
-86
-78
-80
-82
-93
-147
-188
-166
-168
-193
-145
-81
-24
59
136
228
301
379
438
499
555
567
601
613
624
626
585
543
544
513
468
450
456
477
479
468
515
537
547
596
630
656
662
654
687
716
698
697
705
716
696
663
657
660
637
628
635
596
547
511
479
457
388
319
248
212
224
188
175
147
123
124
98
91
116
60
8
1
-19
-35
-73
-115
-142
-171
-232
-281
-315
-374
-446
-457
-518
-553
-590
-628
-624
-653
-677
-721
-726
-746
-795
-828
-868
-914
-911
-911
-946
-948
-935
-895
-854
-799
-725
-681
-651
-654
-628
-580
-551
-517
-509
-473
-431
-420
-344
-306
-275
-244
-288
-282
-293
-282
-286
-318
-270
-249
-228
-133
-60
-35
-35
4
46
96
168
190
223
250
271
330
389
464
497
493
522
549
528
503
491
478
440
423
410
410
446
491
504
520
527
525
530
548
571
575
600
565
554
595
615
642
669
696
670
629
652
663
660
658
631
599
536
522
517
524
526
486
450
426
386
350
335
328
283
211
187
127
91
84
71
44
5
-48
-114
-146
-137
-170
-200
-231
-270
-315
-358
-357
-358
-392
-443
-468
-535
-620
-684
-745
-795
-855
-905
-911
-947
-922
-915
-941
-886
-850
-861
-858
-834
-816
-789
-743
-662
-590
-508
-418
-320
-245
-215
-198
-155
-130
-114
-118
-123
-122
-101
-73
-13
58
92
143
213
243
212
219
192
161
89
57
65
46
72
130
184
204
228
266
274
278
266
237
222
201
191
177
227
267
268
290
321
336
327
306
273
231
151
86
77
62
44
53
57
102
151
186
253
314
326
306
304
301
301
299
333
365
396
409
422
447
464
453
409
382
337
253
178
136
92
51
2
-29
-56
-70
-78
-92
-109
-148
-144
-128
-113
-83
-83
-114
-83
-92
-102
-110
-119
-132
-174
-200
-241
-269
-330
-363
-385
-399
-411
-427
-428
-412
-399
-395
-381
-375
-351
-323
-292
-243
-229
-211
-178
-135
-110
-86
-47
10
63
94
125
179
184
170
200
232
239
221
210
183
182
206
223
249
276
265
250
223
216
191
159
142
127
124
118
117
106
114
98
78
78
99
97
95
96
74
88
68
64
61
41
40
10
-17
-74
-132
-164
-205
-269
-318
-341
-376
-391
-366
-353
-331
-277
-259
-247
-239
-235
-188
-133
-109
-104
-107
-139
-133
-115
-93
-88
-86
-87
-84
-77
-83
-76
-109
-132
-135
-155
-170
-172
-214
-256
-238
-224
-217
-186
-153
-151
-124
-88
-54
-17
41
83
95
117
117
101
123
118
104
94
80
107
127
186
236
283
315
353
356
371
378
345
327
284
239
221
240
248
254
286
328
363
384
401
410
374
350
337
341
344
332
325
329
314
316
298
286
252
210
202
163
126
96
66
54
64
31
17
64
59
49
55
45
4
-39
-59
-65
-57
-70
-84
-97
-69
-64
-54
-32
-36
-49
-71
-99
-144
-179
-210
-262
-320
-383
-424
-448
-442
-447
-484
-500
-530
-554
-560
-549
-507
-509
-527
-490
-483
-478
-463
-432
-407
-380
-353
-364
-379
-368
-375
-379
-334
-329
-331
-309
-293
-289
-300
-291
-303
-294
-275
-282
-279
-275
-235
-179
-140
-107
-54
-12
47
118
155
190
223
210
232
308
345
391
439
478
509
512
538
550
566
562
519
507
487
470
461
478
512
534
565
593
609
617
596
540
533
549
534
517
529
516
510
533
503
479
494
469
427
415
373
322
277
221
191
155
113
91
52
27
0
-63
-140
-150
-163
-188
-225
-249
-294
-307
-294
-292
-263
-231
-228
-206
-171
-169
-178
-176
-157
-158
-184
-237
-292
-359
-405
-440
-461
-478
-517
-525
-550
-542
-541
-552
-543
-575
-566
-552
-536
-507
-471
-447
-451
-435
-403
-369
-345
-311
-272
-239
-231
-234
-230
-259
-278
-294
-318
-341
-359
-342
-334
-313
-262
-230
-211
-187
-155
-123
-101
-78
-39
20
79
127
181
228
281
312
347
383
399
411
426
428
449
435
420
427
444
448
430
453
439
427
403
390
386
374
371
402
416
431
457
464
479
495
494
507
528
506
508
517
516
510
507
478
449
402
373
342
281
227
159
81
40
22
-1
-41
-84
-117
-115
-91
-82
-69
-82
-103
-126
-123
-120
-120
-105
-90
-73
-92
-94
-91
-97
-111
-151
-198
-245
-274
-313
-320
-374
-430
-482
-514
-495
-458
-448
-446
-464
-471
-463
-441
-400
-364
-376
-389
-370
-333
-320
-312
-265
-249
-258
-251
-217
-236
-250
-295
-315
-341
-355
-328
-332
-328
-344
-325
-303
-276
-247
-195
-154
-112
-110
-78
-32
-12
58
89
130
134
148
150
164
202
214
231
231
256
251
276
314
307
305
333
351
347
320
309
297
292
325
346
338
315
322
334
346
332
327
321
307
314
316
345
378
390
376
347
315
291
285
256
229
205
138
98
74
71
59
54
42
24
-2
-30
-40
-51
-61
-88
-61
-30
-28
-18
0
21
16
16
17
7
7
-8
-18
-43
-86
-129
-107
-100
-100
-88
-131
-138
-158
-162
-198
-209
-191
-194
-195
-204
-176
-177
-163
-143
-138
-120
-122
-153
-194
-235
-249
-282
-285
-288
-259
-248
-262
-270
-260
-240
-245
-241
-255
-283
-308
-327
-307
-289
-268
-241
-194
-143
-101
-45
2
59
81
103
144
150
141
147
146
151
167
151
159
189
201
198
189
195
167
146
144
144
118
102
104
108
107
120
138
167
178
173
176
182
194
187
176
149
145
112
104
110
132
131
109
89
75
67
51
58
9
-15
-27
-38
-43
-55
-66
-66
-57
-54
-36
-34
-28
-19
-24
-44
-30
-34
-13
-16
-48
-18
-18
-24
-6
-19
-52
-46
-81
-107
-129
-148
-153
-156
-145
-140
-140
-141
-117
-115
-116
-105
-73
-33
-32
-4
63
76
100
137
137
148
125
90
80
79
52
45
44
49
60
48
37
42
37
24
3
-19
0
-12
-48
-36
-7
-14
-14
32
57
59
61
89
124
141
131
126
161
146
122
147
118
112
115
103
122
108
82
45
37
27
15
-17
-20
-20
-47
-57
-77
-94
-87
-65
-45
-36
-29
-22
-23
-15
-14
-30
-41
-55
-79
-95
-85
-93
-119
-145
-135
-104
-132
-149
-160
-189
-197
-165
-173
-180
-166
-172
-181
-191
-193
-183
-164
-149
-131
-82
-61
-69
-69
-68
-100
-78
-21
-15
-42
-58
-87
-81
-73
-81
-84
-79
-102
-89
-65
-60
-37
-49
-50
-27
-36
-31
-2
9
34
70
96
124
174
211
203
187
194
182
197
208
214
208
206
204
198
204
230
232
231
197
186
195
157
169
170
159
160
153
134
136
137
169
190
167
178
175
150
141
162
159
153
150
142
120
102
96
83
90
89
33
5
-31
-88
-98
-105
-118
-122
-141
-165
-165
-154
-149
-117
-122
-123
-115
-143
-146
-144
-144
-157
-154
-162
-178
-179
-174
-161
-182
-175
-179
-186
-171
-170
-207
-205
-248
-277
-264
-273
-268
-259
-249
-236
-221
-210
-168
-135
-117
-105
-70
-38
-14
0
31
57
45
42
67
45
51
36
16
31
40
38
33
16
28
35
26
34
28
38
29
4
1
26
44
70
85
96
113
119
113
142
166
164
175
192
187
195
207
183
174
144
132
140
118
102
104
89
101
122
131
154
176
182
200
200
207
199
188
205
203
212
209
212
214
209
212
207
175
130
111
113
84
77
93
75
37
1
-28
-67
-84
-81
-83
-102
-124
-134
-144
-165
-158
-137
-141
-153
-158
-156
-152
-146
-166
-196
-195
-180
-165
-163
-171
-190
-194
-182
-215
-214
-215
-253
-284
-277
-290
-283
-263
-269
-240
-225
-219
-224
-220
-218
-189
-168
-151
-96
-106
-101
-74
-45
-20
-31
-27
-59
-79
-95
-114
-104
-96
-68
-65
-57
-57
-25
-23
-13
7
-4
7
-7
10
18
26
47
92
102
125
155
197
205
220
252
238
251
250
228
196
194
197
184
186
193
194
176
177
164
169
167
168
170
165
186
197
200
215
230
235
261
242
239
237
204
194
182
164
144
133
133
134
133
102
60
51
33
29
16
2
-6
-30
-33
-60
-64
-70
-121
-129
-122
-116
-105
-77
-76
-61
-60
-67
-63
-78
-15
-7
-8
-2
-16
-57
-91
-82
-84
-106
-122
-127
-175
-165
-161
-156
-167
-191
-219
-193
-189
-185
-158
-168
-174
-177
-168
-161
-132
-104
-91
-103
-86
-88
-81
-63
-46
-53
-76
-97
-114
-97
-97
-111
-130
-143
-158
-152
-126
-117
-119
-100
-94
-66
-51
-59
-59
-46
-51
-10
5
-9
23
31
30
62
83
74
109
102
107
118
103
106
117
93
79
68
39
43
23
41
39
43
67
106
130
122
133
113
105
89
116
143
128
145
136
115
113
126
131
126
110
118
111
115
112
134
154
141
116
97
99
104
100
97
94
44
35
21
17
-2
6
29
29
41
54
72
58
52
42
38
32
42
41
23
17
-20
-40
-13
-27
-8
-25
-28
-40
-73
-63
-78
-56
-62
-63
-78
-77
-84
-77
-64
-49
-39
-56
-62
-56
-43
-52
-40
-69
-86
-85
-97
-94
-100
-99
-129
-127
-112
-109
-109
-104
-82
-102
-87
-85
-72
-60
-83
-83
-68
-71
-74
-49
-53
-61
-57
-64
-69
-69
-69
-69
-68
-62
-48
-44
-30
-49
-39
-6
-12
7
31
32
39
47
53
44
55
39
41
26
-2
-8
-20
-19
-3
0
-19
-14
-7
-12
-3
8
0
8
-7
-15
-19
-25
-33
-11
10
32
40
50
45
49
57
48
33
34
43
21
36
60
64
72
88
81
84
76
49
48
59
69
70
50
59
66
70
77
104
111
116
123
120
151
151
133
168
162
150
162
147
148
139
120
112
109
109
92
89
77
54
6
-13
13
15
34
32
19
-9
-11
-24
-40
-39
-43
-27
-33
-24
-20
-39
-49
-30
-43
-61
-58
-79
-104
-110
-127
-119
-119
-157
-159
-153
-143
-149
-142
-122
-126
-149
-157
-136
-128
-130
-125
-114
-105
-101
-104
-103
-87
-75
-70
-43
-37
-44
-53
-47
-70
-65
-72
-98
-91
-81
-84
-69
-77
-59
-71
-60
-36
-63
-49
-56
-69
-63
-33
-22
-1
-8
7
18
22
31
10
9
12
24
39
44
34
35
47
44
47
54
38
41
53
58
45
70
52
39
43
42
73
90
116
115
126
109
95
103
122
152
160
152
131
130
122
118
127
107
93
92
83
80
91
86
77
47
52
54
69
96
116
104
87
87
78
57
54
61
65
47
49
54
50
43
24
16
2
-4
1
-4
-7
11
-1
-20
-16
-21
-43
-53
-65
-74
-91
-97
-90
-89
-59
-57
-49
-41
-34
-51
-52
-43
-58
-37
-51
-78
-80
-84
-90
-81
-84
-91
-96
-108
-121
-128
-125
-114
-123
-126
-139
-124
-119
-122
-96
-86
-92
-91
-88
-99
-97
-82
-80
-94
-83
-89
-70
-68
-50
-45
-66
-48
-44
-38
-13
-4
-6
-12
-4
2
-4
10
33
37
35
36
41
43
42
59
64
69
77
60
62
74
82
88
97
95
87
90
91
96
94
111
103
74
77
76
59
55
58
54
35
45
76
69
77
91
76
72
57
64
63
54
46
44
43
38
40
30
51
40
31
31
34
37
33
39
19
25
19
7
-4
-3
6
0
-2
-5
-4
-2
7
4
1
10
-11
-14
-3
-13
-11
-15
-16
-23
-17
-8
-16
-27
-25
-32
-50
-39
-30
-26
-39
-38
-46
-52
-53
-50
-41
-42
-30
-27
-36
-50
-47
-49
-59
-57
-50
-47
-58
-54
-54
-55
-66
-57
-53
-59
-54
-41
-36
-40
-41
-39
-30
-31
-35
-47
-45
-54
-57
-54
-55
-39
-29
-29
-28
-8
-23
-36
-17
-15
-18
-12
-10
-19
-13
-14
8
15
15
13
9
14
11
11
2
3
-8
-1
4
2
0
-5
-4
4
-4
-2
-2
16
21
10
24
20
14
26
33
43
61
63
64
57
70
69
56
57
62
57
60
68
69
78
73
74
72
69
78
74
66
70
79
83
71
79
83
79
70
73
65
73
70
57
51
50
53
55
55
47
40
17
17
11
9
21
23
7
-3
-3
-3
-3
-22
-20
-30
-46
-24
-31
-41
-35
-32
-36
-40
-37
-38
-58
-58
-53
-51
-53
-46
-45
-66
-72
-86
-72
-68
-68
-60
-82
-87
-85
-70
-73
-72
-73
-78
-68
-60
-61
-56
-59
-70
-65
-70
-58
-57
-60
-70
-68
-69
-56
-40
-39
-42
-30
-32
-44
-33
-30
-43
-33
-37
-40
-29
-35
-31
-19
-10
-6
-11
-24
-5
10
8
23
10
10
24
19
18
20
26
29
29
35
33
47
57
64
70
81
69
64
66
59
80
82
72
59
65
54
60
76
89
83
61
70
55
60
60
64
66
47
52
61
55
49
61
57
49
43
30
30
40
41
34
31
31
28
24
26
34
29
16
19
19
11
16
11
7
16
21
26
31
23
27
17
9
14
9
10
2
11
4
-1
-16
-16
-23
-27
-36
-49
-44
-48
-43
-40
-43
-44
-46
-51
-51
-63
-62
-68
-80
-82
-82
-74
-85
-75
-73
-82
-77
-88
-93
-90
-95
-89
-78
-65
-70
-66
-74
-84
-90
-90
-83
-74
-68
-72
-66
-65
-50
-44
-45
-27
-9
-8
-11
-1
-4
-4
7
15
13
10
9
16
25
24
37
41
47
42
31
50
50
48
61
60
48
56
55
66
77
76
72
64
76
68
70
78
83
70
68
52
54
70
67
68
53
54
55
38
42
41
36
26
28
27
25
38
26
28
30
21
19
26
29
22
18
15
23
24
21
15
13
15
8
-2
1
2
-11
-9
-3
-11
-21
-20
-15
-24
-31
-24
-34
-43
-39
-31
-33
-30
-31
-40
-40
-36
-34
-27
-31
-42
-20
-26
-30
-25
-40
-38
-38
-40
-43
-44
-44
-46
-43
-36
-41
-41
-46
-53
-50
-45
-43
-55
-53
-54
-66
-54
-38
-32
-27
-35
-40
-25
-16
-8
-14
-14
-17
-20
-11
-11
2
2
-5
-13
2
4
16
24
18
17
11
18
18
31
40
35
39
44
48
50
49
46
45
52
50
52
59
56
57
59
62
56
58
54
52
42
34
49
53
54
51
40
41
33
29
26
32
25
11
5
0
-12
-11
-3
1
10
1
-8
-9
0
-6
-6
0
-11
-15
-7
-5
0
-1
-8
-15
-13
-11
-8
4
-4
-11
-13
-4
-2
-9
-1
1
-7
-23
-19
-8
-17
-26
-27
-24
-29
-26
-20
-8
-5
-13
-24
-23
-26
-20
-17
-18
-23
-23
-30
-42
-36
-42
-50
-55
-53
-46
-43
-47
-34
-33
-36
-27
-24
-26
-20
-24
-18
-11
-11
-19
-23
-22
-17
-13
-8
-9
-12
-3
-10
-9
-2
3
2
4
2
11
17
13
22
28
29
33
35
42
39
29
34
33
29
40
36
39
37
37
35
29
23
15
17
20
22
17
17
20
13
18
16
26
27
26
24
19
19
10
17
17
17
7
-4
-8
-1
8
8
9
4
-6
4
7
0
6
-3
-10
-8
2
-14
-17
-13
-21
-21
-19
-10
-8
-8
-16
-19
-19
-24
-19
-12
-10
-12
-2
-10
-7
-3
-5
-3
-7
-10
-16
-20
-24
-18
-15
-16
-13
-7
-7
-3
-4
-8
-4
-4
-1
-1
2
6
1
-1
0
5
10
13
8
7
11
7
10
17
16
11
13
9
12
15
16
18
12
11
8
2
-3
4
7
10
9
7
14
12
11
13
5
5
13
5
-1
-2
0
-4
-3
0
2
-5
-4
-2
-4
-7
-7
-9
-13
-14
-15
-13
-15
-7
-5
-11
-10
-18
-17
-14
-13
-8
-17
-26
-24
-20
-19
-17
-17
-9
-11
-12
-5
-2
-4
-3
-3
3
-2
-4
-11
-22
-17
-13
-13
-15
-14
-12
-10
-5
-2
-6
-10
-11
-7
-8
-9
-5
-2
-5
-9
-3
0
2
5
-1
6
8
9
13
14
10
11
12
11
17
18
17
17
22
27
29
27
29
31
28
27
30
33
36
35
34
30
24
25
27
27
30
34
32
27
32
33
28
19
19
26
16
21
20
16
15
12
8
5
-2
-6
-8
-4
-4
-6
-2
-5
-6
-6
-11
-8
-8
-14
-14
-18
-24
-27
-28
-24
-25
-29
-37
-40
-27
-23
-26
-30
-35
-36
-30
-25
-23
-23
-31
-22
-17
-14
-8
-8
-16
-26
-27
-32
-24
-24
-25
-26
-22
-24
-29
-22
-14
-15
-16
-14
-15
-21
-17
-16
-19
-15
-14
-20
-10
-9
-10
-8
-16
-10
-11
-9
1
6
10
8
6
13
14
6
7
15
16
10
13
18
20
28
27
29
37
34
36
34
39
36
38
38
35
35
26
34
37
37
41
35
28
24
25
27
33
33
28
24
21
15
19
18
12
16
8
2
2
-1
1
-4
-7
-13
-8
-8
-13
-12
-15
-16
-20
-18
