8.817729e-001 1.182271e-001 0.000000e+000 0.000000e+000 0.000000e+000 
0.000000e+000 8.195500e-001 1.804500e-001 0.000000e+000 0.000000e+000 
0.000000e+000 0.000000e+000 9.230769e-001 7.692308e-002 0.000000e+000 
0.000000e+000 0.000000e+000 0.000000e+000 9.714286e-001 2.857143e-002 
0.000000e+000 0.000000e+000 0.000000e+000 0.000000e+000 1.000000e+000 
1.000000e-030 1.000000e-030 1.000000e-030 1.000000e-030 1.000000e-030 1.000000e-030 1.000000e-030 1.000000e-030 1.000000e-030 1.000000e-030 1.000000e-030 1.000000e-030 1.000000e-030 1.000000e-030 1.000000e-030 2.061095e-002 1.000000e-030 1.000000e-030 1.000000e-030 1.000000e-030 1.000000e-030 1.000000e-030 1.000000e-030 1.182271e-001 1.000000e-030 1.000000e-030 1.515247e-217 2.364541e-001 1.000000e-030 1.182271e-001 1.000000e-030 5.064808e-001 
1.000000e-030 1.000000e-030 1.000000e-030 1.000000e-030 1.000000e-030 1.000000e-030 1.000000e-030 1.000000e-030 1.000000e-030 1.000000e-030 6.820534e-262 1.000000e-030 1.000000e-030 1.000000e-030 1.000000e-030 5.098916e-001 1.000000e-030 1.000000e-030 1.000000e-030 1.000000e-030 1.000000e-030 1.000000e-030 1.000000e-030 9.780724e-263 1.000000e-030 1.000000e-030 1.458217e-059 3.698832e-025 1.000000e-030 1.000000e-030 1.000000e-030 4.901084e-001 
1.000000e-030 1.000000e-030 1.000000e-030 1.000000e-030 1.000000e-030 1.000000e-030 1.000000e-030 1.000000e-030 1.000000e-030 1.000000e-030 1.538462e-001 1.000000e-030 3.070557e-055 1.000000e-030 1.000000e-030 3.879959e-079 1.000000e-030 1.000000e-030 7.692308e-002 1.000000e-030 1.000000e-030 1.000000e-030 1.000000e-030 1.000000e-030 1.000000e-030 1.000000e-030 6.153846e-001 1.000000e-030 1.538462e-001 1.000000e-030 1.000000e-030 1.000000e-030 
8.571429e-002 1.000000e-030 2.857143e-002 1.000000e-030 1.142857e-001 1.000000e-030 1.000000e-030 1.000000e-030 1.000000e-030 1.000000e-030 2.857143e-002 1.000000e-030 1.714286e-001 1.000000e-030 5.757420e-234 1.000000e-030 5.428571e-001 1.000000e-030 3.168292e-298 1.000000e-030 1.000000e-030 1.000000e-030 1.000000e-030 1.000000e-030 2.857143e-002 1.000000e-030 1.000000e-030 1.000000e-030 6.096971e-069 1.000000e-030 1.000000e-030 1.678292e-021 
1.000000e-030 2.857143e-001 1.675550e-032 1.000000e-030 1.000000e-030 3.142857e-001 1.000000e-030 1.000000e-030 1.000000e-030 1.000000e-030 7.143380e-150 4.285714e-002 1.000000e-030 1.428571e-002 4.285714e-002 1.428571e-002 1.000000e-030 4.285714e-002 1.000000e-030 1.000000e-030 1.000000e-030 1.428571e-001 1.000000e-030 1.000000e-030 1.000000e-030 1.428571e-002 1.000000e-030 2.857143e-002 1.000000e-030 1.000000e-030 1.428571e-002 4.285714e-002 
