5.000000e-001 5.000000e-001 0.000000e+000 0.000000e+000 0.000000e+000 
0.000000e+000 9.166667e-001 8.333333e-002 0.000000e+000 0.000000e+000 
0.000000e+000 0.000000e+000 9.090909e-001 9.090909e-002 0.000000e+000 
0.000000e+000 0.000000e+000 0.000000e+000 9.166667e-001 8.333333e-002 
0.000000e+000 0.000000e+000 0.000000e+000 0.000000e+000 1.000000e+000 
1.000000e-030 1.000000e-030 1.000000e-030 1.000000e-030 1.000000e-030 1.000000e-030 1.000000e-030 1.000000e-030 1.000000e-030 1.000000e-030 1.000000e-030 1.000000e-030 1.000000e-030 1.000000e-030 1.000000e-030 1.000000e-030 1.000000e-030 1.000000e-030 1.000000e-030 1.000000e-030 1.000000e-030 1.000000e-030 1.000000e-030 5.000000e-001 1.000000e-030 1.000000e-030 1.000000e-030 1.719030e-277 1.000000e-030 5.000000e-001 1.000000e-030 5.338545e-017 
1.000000e-030 1.000000e-030 1.000000e-030 1.000000e-030 1.000000e-030 1.000000e-030 1.000000e-030 1.000000e-030 1.000000e-030 1.000000e-030 8.743448e-233 1.000000e-030 1.000000e-030 1.000000e-030 1.000000e-030 2.500000e-001 1.000000e-030 1.000000e-030 1.000000e-030 1.000000e-030 1.000000e-030 1.000000e-030 1.000000e-030 1.323659e-030 1.000000e-030 1.000000e-030 1.274117e-052 1.666667e-001 1.000000e-030 1.000000e-030 1.000000e-030 5.833333e-001 
1.000000e-030 1.000000e-030 1.000000e-030 1.000000e-030 1.000000e-030 1.000000e-030 1.000000e-030 1.000000e-030 1.000000e-030 1.000000e-030 1.818182e-001 1.000000e-030 2.945147e-229 1.000000e-030 1.000000e-030 2.542835e-023 1.000000e-030 1.000000e-030 9.090909e-002 1.000000e-030 1.000000e-030 1.000000e-030 1.000000e-030 1.000000e-030 1.000000e-030 1.000000e-030 7.272727e-001 1.000000e-030 8.786387e-022 1.000000e-030 1.000000e-030 4.418497e-201 
2.500000e-001 1.000000e-030 1.000000e-030 1.000000e-030 1.000000e-030 1.000000e-030 1.000000e-030 1.000000e-030 1.000000e-030 1.000000e-030 7.279106e-018 1.000000e-030 5.000000e-001 1.000000e-030 1.000000e-030 1.000000e-030 6.537232e-026 1.000000e-030 4.360999e-093 1.000000e-030 1.000000e-030 1.000000e-030 1.000000e-030 1.000000e-030 8.333333e-002 1.000000e-030 2.201224e-304 1.000000e-030 1.666667e-001 1.000000e-030 1.000000e-030 1.000000e-030 
1.866558e-070 2.105263e-001 1.052632e-002 1.000000e-030 4.210526e-002 2.315789e-001 1.000000e-030 1.000000e-030 1.000000e-030 1.000000e-030 1.052632e-002 3.157895e-002 1.000000e-030 1.052632e-002 3.157895e-002 1.052632e-002 2.000000e-001 3.157895e-002 1.000000e-030 1.000000e-030 1.000000e-030 1.052632e-001 1.000000e-030 1.000000e-030 7.683188e-235 1.052632e-002 1.000000e-030 2.105263e-002 1.000000e-030 1.000000e-030 1.052632e-002 3.157895e-002 
