6.666667e-001 3.333333e-001 0.000000e+000 0.000000e+000 0.000000e+000 
0.000000e+000 8.571429e-001 1.428571e-001 0.000000e+000 0.000000e+000 
0.000000e+000 0.000000e+000 9.166667e-001 8.333333e-002 0.000000e+000 
0.000000e+000 0.000000e+000 0.000000e+000 9.729730e-001 2.702703e-002 
0.000000e+000 0.000000e+000 0.000000e+000 0.000000e+000 1.000000e+000 
1.000000e-030 1.000000e-030 1.000000e-030 1.000000e-030 1.000000e-030 1.000000e-030 1.000000e-030 1.000000e-030 1.000000e-030 1.000000e-030 1.000000e-030 1.000000e-030 1.000000e-030 1.000000e-030 1.000000e-030 5.639197e-021 1.000000e-030 1.000000e-030 1.000000e-030 1.000000e-030 1.000000e-030 1.000000e-030 1.000000e-030 1.000000e-030 1.000000e-030 1.000000e-030 1.000000e-030 1.000000e+000 1.000000e-030 1.000000e-030 1.000000e-030 1.000000e-030 
1.000000e-030 1.000000e-030 1.000000e-030 1.000000e-030 1.000000e-030 1.000000e-030 1.000000e-030 1.000000e-030 1.000000e-030 1.000000e-030 2.131932e-051 1.000000e-030 1.000000e-030 1.000000e-030 1.000000e-030 5.714286e-001 2.392194e-080 1.000000e-030 1.000000e-030 1.000000e-030 1.000000e-030 1.000000e-030 1.000000e-030 1.000000e-030 1.000000e-030 1.000000e-030 4.285714e-001 9.359075e-040 1.000000e-030 1.000000e-030 1.000000e-030 1.000000e-030 
1.000000e-030 1.000000e-030 1.000000e-030 1.000000e-030 7.579829e-177 1.000000e-030 1.000000e-030 1.000000e-030 1.000000e-030 1.000000e-030 6.666667e-001 1.000000e-030 1.229429e-038 1.000000e-030 1.000000e-030 1.751741e-308 8.333333e-002 1.000000e-030 1.666667e-001 1.000000e-030 8.333333e-002 1.000000e-030 1.000000e-030 1.000000e-030 1.000000e-030 1.000000e-030 4.425179e-033 1.000000e-030 1.000000e-030 1.000000e-030 1.000000e-030 1.000000e-030 
1.081081e-001 1.000000e-030 1.000000e-030 1.000000e-030 5.405405e-002 1.000000e-030 1.000000e-030 1.000000e-030 1.000000e-030 1.000000e-030 1.000000e-030 1.000000e-030 2.162162e-001 1.000000e-030 1.833043e-171 1.000000e-030 5.945946e-001 1.000000e-030 1.000000e-030 1.000000e-030 3.020300e-025 1.000000e-030 1.000000e-030 1.000000e-030 1.000000e-030 1.000000e-030 1.000000e-030 1.000000e-030 2.702703e-002 1.000000e-030 4.766223e-026 1.000000e-030 
1.000000e-030 1.666667e-001 1.000000e-030 1.000000e-030 1.000000e-030 2.307692e-001 1.000000e-030 1.000000e-030 2.564103e-002 1.282051e-002 1.000000e-030 3.846154e-002 1.000000e-030 1.000000e-030 1.282051e-002 1.000000e-030 9.234153e-204 1.282051e-002 1.000000e-030 1.000000e-030 1.000000e-030 1.794872e-001 1.000000e-030 1.000000e-030 1.000000e-030 1.923077e-001 1.000000e-030 6.410256e-002 2.964388e-018 1.000000e-030 6.410256e-002 1.000000e-030 
