6.666667e-001 3.333333e-001 0.000000e+000 0.000000e+000 0.000000e+000 
0.000000e+000 7.500000e-001 2.500000e-001 0.000000e+000 0.000000e+000 
0.000000e+000 0.000000e+000 9.333333e-001 6.666667e-002 0.000000e+000 
0.000000e+000 0.000000e+000 0.000000e+000 9.743590e-001 2.564103e-002 
0.000000e+000 0.000000e+000 0.000000e+000 0.000000e+000 1.000000e+000 
1.000000e-030 1.000000e-030 1.000000e-030 1.000000e-030 1.000000e-030 1.000000e-030 1.000000e-030 1.000000e-030 1.000000e-030 1.000000e-030 1.000000e-030 1.000000e-030 1.000000e-030 1.000000e-030 1.000000e-030 7.417542e-024 1.000000e-030 1.000000e-030 1.000000e-030 1.000000e-030 1.000000e-030 1.000000e-030 1.000000e-030 1.000000e-030 1.000000e-030 1.000000e-030 2.235528e-142 1.000000e+000 1.000000e-030 1.000000e-030 1.000000e-030 1.000000e-030 
1.000000e-030 1.000000e-030 1.000000e-030 1.000000e-030 1.000000e-030 1.000000e-030 1.000000e-030 1.000000e-030 1.000000e-030 1.000000e-030 1.000000e-030 1.000000e-030 1.000000e-030 1.000000e-030 1.000000e-030 1.000000e+000 1.000000e-030 1.000000e-030 1.000000e-030 1.000000e-030 1.000000e-030 1.000000e-030 1.000000e-030 1.000000e-030 1.000000e-030 1.000000e-030 5.743751e-022 9.250748e-025 1.000000e-030 1.000000e-030 1.000000e-030 1.000000e-030 
1.000000e-030 1.000000e-030 1.333333e-001 1.000000e-030 1.000000e-030 1.000000e-030 1.000000e-030 1.000000e-030 1.000000e-030 1.000000e-030 1.333333e-001 1.000000e-030 3.927576e-031 1.000000e-030 1.000000e-030 2.565736e-048 1.000000e-030 1.000000e-030 1.333333e-001 1.000000e-030 1.000000e-030 1.000000e-030 1.000000e-030 1.000000e-030 1.000000e-030 1.000000e-030 6.000000e-001 1.000000e-030 1.000000e-030 1.000000e-030 1.000000e-030 1.000000e-030 
2.564103e-001 1.000000e-030 1.000000e-030 1.000000e-030 1.000000e-030 1.000000e-030 1.000000e-030 1.000000e-030 1.000000e-030 1.000000e-030 5.128205e-002 1.000000e-030 1.794872e-001 1.000000e-030 2.053271e-018 1.000000e-030 5.128205e-001 1.000000e-030 5.936241e-024 1.000000e-030 1.000000e-030 1.000000e-030 1.000000e-030 1.000000e-030 1.000000e-030 1.000000e-030 3.610172e-285 1.000000e-030 1.000000e-030 1.000000e-030 1.000000e-030 1.000000e-030 
1.000000e-030 1.951220e-001 1.000000e-030 1.000000e-030 1.000000e-030 3.536585e-001 1.000000e-030 1.000000e-030 1.000000e-030 1.000000e-030 1.228489e-028 1.219512e-002 1.000000e-030 1.000000e-030 6.097561e-002 1.219512e-002 1.000000e-030 1.000000e-030 1.000000e-030 1.000000e-030 1.000000e-030 2.195122e-001 1.000000e-030 1.000000e-030 1.000000e-030 4.878049e-002 1.000000e-030 3.658537e-002 1.000000e-030 1.000000e-030 2.439024e-002 3.658537e-002 
