8.000000e-001 2.000000e-001 0.000000e+000 0.000000e+000 0.000000e+000 
0.000000e+000 7.500000e-001 2.500000e-001 0.000000e+000 0.000000e+000 
0.000000e+000 0.000000e+000 9.090909e-001 9.090909e-002 0.000000e+000 
0.000000e+000 0.000000e+000 0.000000e+000 9.561417e-001 4.385826e-002 
0.000000e+000 0.000000e+000 0.000000e+000 0.000000e+000 1.000000e+000 
1.000000e-030 1.000000e-030 1.000000e-030 1.000000e-030 1.000000e-030 1.000000e-030 1.000000e-030 1.000000e-030 1.000000e-030 1.000000e-030 1.000000e-030 1.000000e-030 2.000000e-001 1.000000e-030 1.000000e-030 6.133315e-028 1.000000e-030 1.000000e-030 2.504466e-214 1.000000e-030 1.000000e-030 1.000000e-030 2.705921e-125 1.000000e-030 1.252233e-214 1.000000e-030 1.000000e-030 1.000000e-030 8.000000e-001 1.000000e-030 1.000000e-030 1.000000e-030 
1.000000e-030 1.000000e-030 1.000000e-030 1.000000e-030 1.000000e-030 1.000000e-030 1.000000e-030 1.000000e-030 1.000000e-030 1.000000e-030 1.000000e-030 1.000000e-030 2.898769e-274 1.000000e-030 1.000000e-030 7.500000e-001 1.000000e-030 1.000000e-030 3.992024e-174 1.000000e-030 1.000000e-030 1.000000e-030 2.500000e-001 1.000000e-030 2.748784e-016 1.000000e-030 1.000000e-030 1.000000e-030 1.322842e-032 1.000000e-030 1.000000e-030 1.000000e-030 
2.645799e-100 1.000000e-030 1.000000e-030 1.000000e-030 1.000000e-030 1.000000e-030 5.635526e-019 1.000000e-030 1.000000e-030 1.000000e-030 1.000000e-030 1.000000e-030 1.000000e-030 1.000000e-030 1.000000e-030 9.806790e-119 1.000000e-030 1.000000e-030 6.363636e-001 1.000000e-030 1.000000e-030 1.000000e-030 1.801843e-023 1.000000e-030 3.636364e-001 1.000000e-030 1.000000e-030 1.000000e-030 1.000000e-030 1.000000e-030 1.000000e-030 1.000000e-030 
4.824409e-001 1.000000e-030 1.228348e-001 1.000000e-030 3.549541e-042 1.000000e-030 1.754330e-001 1.000000e-030 2.192913e-001 1.000000e-030 1.000000e-030 1.000000e-030 1.000000e-030 1.000000e-030 1.000000e-030 1.000000e-030 1.000000e-030 1.000000e-030 2.560731e-057 1.000000e-030 1.000000e-030 1.000000e-030 1.000000e-030 1.000000e-030 6.149702e-266 1.000000e-030 1.000000e-030 1.000000e-030 1.000000e-030 1.000000e-030 1.000000e-030 1.000000e-030 
1.000000e-030 1.438858e-001 1.977781e-002 1.000000e-030 1.618716e-001 1.000000e-030 1.798573e-002 2.697859e-002 1.377409e-187 8.093578e-002 1.000000e-030 8.992864e-003 1.000000e-030 2.697859e-002 2.697859e-002 8.992864e-003 4.496432e-002 1.000000e-030 1.000000e-030 8.093578e-002 1.000000e-030 1.000000e-030 1.798573e-002 1.528787e-001 1.798573e-002 3.597146e-002 1.000000e-030 1.000000e-030 1.798573e-002 4.496432e-002 6.295005e-002 1.000000e-030 
