8.454750e-001 1.545250e-001 0.000000e+000 0.000000e+000 0.000000e+000 
0.000000e+000 8.671724e-001 1.328276e-001 0.000000e+000 0.000000e+000 
0.000000e+000 0.000000e+000 8.334339e-001 1.665661e-001 0.000000e+000 
0.000000e+000 0.000000e+000 0.000000e+000 9.230555e-001 7.694452e-002 
0.000000e+000 0.000000e+000 0.000000e+000 0.000000e+000 1.000000e+000 
1.000000e-030 1.000000e-030 1.000000e-030 1.000000e-030 1.000000e-030 1.000000e-030 1.000000e-030 1.000000e-030 1.000000e-030 1.000000e-030 1.901132e-131 1.000000e-030 6.840811e-271 1.000000e-030 1.000000e-030 4.883265e-001 1.000000e-030 1.000000e-030 1.000000e-030 1.000000e-030 1.000000e-030 1.000000e-030 1.000000e-030 1.000000e-030 4.658900e-271 1.000000e-030 9.505659e-132 2.026234e-001 1.000000e-030 1.000000e-030 1.000000e-030 3.090501e-001 
1.000000e-030 1.000000e-030 1.000000e-030 1.000000e-030 1.000000e-030 1.000000e-030 1.000000e-030 1.000000e-030 1.000000e-030 1.000000e-030 1.000000e-030 1.000000e-030 1.440355e-270 1.000000e-030 1.000000e-030 5.100343e-001 1.000000e-030 1.000000e-030 1.000000e-030 1.000000e-030 1.000000e-030 1.000000e-030 1.000000e-030 1.000000e-030 1.066229e-271 1.000000e-030 1.654716e-038 4.899657e-001 1.000000e-030 1.000000e-030 1.000000e-030 4.540140e-088 
1.065993e-300 1.000000e-030 1.000000e-030 1.000000e-030 1.000000e-030 1.000000e-030 1.000000e-030 1.000000e-030 1.000000e-030 1.000000e-030 3.331321e-001 1.000000e-030 6.065988e-208 1.000000e-030 1.000000e-030 3.806164e-051 1.000000e-030 1.000000e-030 1.000000e-030 1.000000e-030 1.000000e-030 1.000000e-030 1.000000e-030 1.000000e-030 6.035654e-004 1.000000e-030 3.331321e-001 1.000000e-030 1.000000e-030 1.000000e-030 1.000000e-030 3.331321e-001 
5.386117e-001 1.000000e-030 1.000000e-030 1.000000e-030 1.000000e-030 1.000000e-030 1.000000e-030 1.000000e-030 1.000000e-030 1.000000e-030 3.874500e-149 1.000000e-030 3.077781e-001 1.000000e-030 1.000000e-030 1.000000e-030 1.795731e-051 1.000000e-030 1.000000e-030 1.000000e-030 1.000000e-030 1.000000e-030 1.000000e-030 1.000000e-030 1.536102e-001 1.000000e-030 9.452208e-061 1.000000e-030 1.000000e-030 1.000000e-030 1.000000e-030 5.280174e-267 
6.145593e-170 1.764706e-001 1.000000e-030 1.000000e-030 1.000000e-030 2.843137e-001 1.000000e-030 1.000000e-030 1.000000e-030 1.000000e-030 9.803922e-003 8.823529e-002 1.000000e-030 1.000000e-030 1.000000e-030 1.000000e-030 2.254902e-001 1.000000e-030 1.000000e-030 1.000000e-030 1.000000e-030 5.882353e-002 1.000000e-030 1.000000e-030 1.000000e-030 6.862745e-002 1.000000e-030 1.000000e-030 1.000000e-030 1.000000e-030 8.823529e-002 1.000000e-030 
