8.388407e-001 1.611593e-001 0.000000e+000 0.000000e+000 0.000000e+000 
0.000000e+000 7.917767e-001 2.082233e-001 0.000000e+000 0.000000e+000 
0.000000e+000 0.000000e+000 8.947445e-001 1.052555e-001 0.000000e+000 
0.000000e+000 0.000000e+000 0.000000e+000 9.789432e-001 2.105685e-002 
0.000000e+000 0.000000e+000 0.000000e+000 0.000000e+000 1.000000e+000 
1.000000e-030 1.000000e-030 1.000000e-030 1.000000e-030 1.000000e-030 1.000000e-030 1.000000e-030 1.000000e-030 1.000000e-030 1.000000e-030 6.019320e-243 1.000000e-030 1.000000e-030 1.000000e-030 1.000000e-030 3.624209e-002 3.909466e-134 1.000000e-030 3.909466e-134 1.000000e-030 6.308543e-301 1.000000e-030 1.000000e-030 1.000000e-030 1.000000e-030 1.000000e-030 1.089948e-030 9.637579e-001 1.000000e-030 1.000000e-030 1.000000e-030 1.000000e-030 
1.000000e-030 1.000000e-030 1.000000e-030 1.000000e-030 1.000000e-030 1.000000e-030 1.000000e-030 1.000000e-030 1.000000e-030 1.000000e-030 3.721100e-213 1.000000e-030 1.000000e-030 1.000000e-030 1.000000e-030 7.860559e-001 3.327904e-217 1.000000e-030 8.721465e-051 1.000000e-030 2.335070e-271 1.000000e-030 1.000000e-030 1.000000e-030 1.000000e-030 1.000000e-030 1.589124e-003 2.123550e-001 1.000000e-030 1.000000e-030 1.000000e-030 1.000000e-030 
1.000000e-030 1.000000e-030 1.000000e-030 1.000000e-030 1.000000e-030 1.000000e-030 1.000000e-030 1.000000e-030 1.000000e-030 1.000000e-030 1.966380e-001 1.000000e-030 2.355609e-095 1.000000e-030 1.000000e-030 5.734286e-006 2.080173e-001 1.000000e-030 1.052555e-001 1.000000e-030 6.986481e-002 1.000000e-030 1.000000e-030 1.000000e-030 1.000000e-030 1.000000e-030 4.202187e-001 1.468823e-062 1.962161e-015 1.000000e-030 1.000000e-030 1.000000e-030 
4.211370e-002 1.237477e-189 1.000000e-030 1.000000e-030 8.422740e-002 1.000000e-030 1.000000e-030 1.000000e-030 1.000000e-030 1.000000e-030 2.383220e-002 1.000000e-030 1.895116e-001 1.000000e-030 1.000000e-030 1.424237e-208 5.269201e-001 2.943101e-160 1.438391e-038 1.000000e-030 7.025062e-002 1.000000e-030 1.000000e-030 1.000000e-030 1.000000e-030 4.117410e-132 2.157050e-013 1.000000e-030 6.314209e-002 1.000000e-030 2.246567e-006 1.000000e-030 
1.000000e-030 2.328727e-001 1.000000e-030 1.000000e-030 1.831089e-271 3.150631e-001 1.000000e-030 1.000000e-030 1.000000e-030 1.000000e-030 1.399061e-057 1.369840e-001 1.000000e-030 1.000000e-030 1.000000e-030 1.000000e-030 3.273618e-016 1.369840e-002 1.000000e-030 1.000000e-030 1.000000e-030 6.849198e-002 1.000000e-030 1.000000e-030 1.000000e-030 9.588878e-002 1.000000e-030 2.739679e-002 1.851351e-005 1.000000e-030 1.095857e-001 1.000000e-030 
