8.004460e-001 1.995540e-001 0.000000e+000 0.000000e+000 0.000000e+000 
0.000000e+000 8.197671e-001 1.802329e-001 0.000000e+000 0.000000e+000 
0.000000e+000 0.000000e+000 8.815225e-001 1.184775e-001 0.000000e+000 
0.000000e+000 0.000000e+000 0.000000e+000 9.535996e-001 4.640038e-002 
0.000000e+000 0.000000e+000 0.000000e+000 0.000000e+000 1.000000e+000 
1.000000e-030 1.000000e-030 1.000000e-030 1.000000e-030 1.000000e-030 1.000000e-030 1.000000e-030 1.000000e-030 1.000000e-030 1.000000e-030 1.000000e-030 1.000000e-030 1.000000e-030 1.000000e-030 1.000000e-030 2.295523e-003 1.000000e-030 1.000000e-030 1.000000e-030 1.000000e-030 1.000000e-030 3.990472e-001 1.000000e-030 1.000000e-030 1.000000e-030 1.000000e-030 1.000000e-030 5.986573e-001 1.000000e-030 2.212699e-312 1.000000e-030 1.983866e-030 
1.000000e-030 1.000000e-030 1.000000e-030 1.000000e-030 1.000000e-030 1.000000e-030 1.000000e-030 1.000000e-030 2.799564e-099 1.000000e-030 1.000000e-030 1.000000e-030 1.000000e-030 1.000000e-030 1.000000e-030 3.553271e-001 1.000000e-030 1.000000e-030 1.000000e-030 1.000000e-030 1.000000e-030 4.819866e-005 1.000000e-030 1.000000e-030 1.000000e-030 1.000000e-030 1.000000e-030 3.200376e-003 1.000000e-030 4.716446e-013 1.000000e-030 6.414243e-001 
1.000000e-030 8.049756e-100 1.000000e-030 1.000000e-030 1.000000e-030 1.000000e-030 1.000000e-030 1.000000e-030 6.116158e-008 1.000000e-030 1.000000e-030 1.000000e-030 1.000000e-030 1.000000e-030 1.000000e-030 1.204889e-001 1.000000e-030 1.000000e-030 1.000000e-030 1.000000e-030 1.000000e-030 1.184820e-001 1.000000e-030 1.000000e-030 1.000000e-030 2.571250e-158 1.000000e-030 2.348541e-001 1.000000e-030 1.184775e-001 1.000000e-030 4.076974e-001 
1.000000e-030 9.280076e-002 1.000000e-030 1.000000e-030 1.000000e-030 1.000000e-030 1.000000e-030 1.000000e-030 5.104042e-001 1.000000e-030 1.000000e-030 2.559057e-002 1.000000e-030 1.000000e-030 1.000000e-030 1.476331e-006 1.000000e-030 1.000000e-030 1.000000e-030 3.353264e-047 1.000000e-030 9.280076e-002 1.000000e-030 1.000000e-030 1.000000e-030 2.784023e-001 1.000000e-030 1.000000e-030 1.000000e-030 4.435721e-163 1.000000e-030 2.239809e-035 
1.000000e-030 4.643803e-297 4.681183e-002 1.000000e-030 1.000000e-030 1.000000e-030 3.510887e-002 1.000000e-030 1.000000e-030 1.000000e-030 2.340592e-002 1.695154e-002 1.000000e-030 1.000000e-030 1.000000e-030 1.287325e-001 1.000000e-030 1.000000e-030 1.000000e-030 2.691680e-001 1.000000e-030 9.362366e-002 3.042769e-001 1.000000e-030 1.000000e-030 1.310342e-013 5.851479e-002 2.340592e-002 1.000000e-030 1.000000e-030 1.000000e-030 1.000000e-030 
