9.166881e-001 8.331186e-002 0.000000e+000 0.000000e+000 0.000000e+000 
0.000000e+000 8.332474e-001 1.667526e-001 0.000000e+000 0.000000e+000 
0.000000e+000 0.000000e+000 0.000000e+000 1.000000e+000 0.000000e+000 
0.000000e+000 0.000000e+000 0.000000e+000 9.641710e-001 3.582898e-002 
0.000000e+000 0.000000e+000 0.000000e+000 0.000000e+000 1.000000e+000 
1.000000e-030 1.000000e-030 1.000000e-030 1.000000e-030 1.000000e-030 1.000000e-030 1.000000e-030 1.000000e-030 1.000000e-030 1.000000e-030 1.000000e-030 1.000000e-030 1.000000e-030 1.000000e-030 1.000000e-030 1.514017e-004 1.000000e-030 1.000000e-030 1.000000e-030 1.000000e-030 1.000000e-030 1.000000e-030 1.000000e-030 1.000000e-030 1.000000e-030 1.000000e-030 1.000000e-030 3.333537e-001 1.000000e-030 1.000000e-030 1.000000e-030 6.664949e-001 
1.000000e-030 1.000000e-030 1.000000e-030 1.000000e-030 1.000000e-030 1.000000e-030 1.000000e-030 1.000000e-030 1.000000e-030 1.000000e-030 1.000000e-030 2.242003e-238 1.000000e-030 1.000000e-030 1.000000e-030 1.664496e-001 1.000000e-030 1.000000e-030 1.000000e-030 1.000000e-030 1.000000e-030 1.000000e-030 1.000000e-030 1.000000e-030 1.000000e-030 1.000000e-030 1.000000e-030 8.335504e-001 1.000000e-030 1.000000e-030 1.000000e-030 6.913218e-064 
1.000000e-030 1.000000e-030 1.000000e-030 1.000000e-030 1.000000e-030 1.000000e-030 1.000000e-030 1.000000e-030 1.000000e-030 1.344508e-237 1.000000e-030 1.000000e+000 1.000000e-030 1.000000e-030 1.000000e-030 2.613994e-242 1.000000e-030 1.000000e-030 1.000000e-030 1.000000e-030 1.000000e-030 1.000000e-030 1.000000e-030 1.000000e-030 1.000000e-030 1.000000e-030 1.000000e-030 6.099590e-050 1.000000e-030 1.000000e-030 1.000000e-030 3.562588e-239 
1.000000e-030 5.732636e-001 1.000000e-030 1.000000e-030 1.000000e-030 1.000000e-030 1.000000e-030 1.000000e-030 1.074869e-001 1.433159e-001 1.000000e-030 1.759335e-001 1.000000e-030 1.000000e-030 1.000000e-030 1.276439e-240 1.000000e-030 1.000000e-030 1.000000e-030 1.076036e-090 1.000000e-030 1.000000e-030 1.000000e-030 1.000000e-030 1.000000e-030 1.000000e-030 1.000000e-030 3.033490e-081 1.000000e-030 1.000000e-030 1.000000e-030 1.276439e-240 
1.000000e-030 5.571052e-123 1.000000e-030 1.000000e-030 1.000000e-030 1.000000e-030 2.689218e-001 1.000000e-030 1.000000e-030 1.000000e-030 1.280580e-001 1.395358e-002 1.000000e-030 1.000000e-030 1.280580e-002 2.561160e-002 1.000000e-030 1.000000e-030 1.000000e-030 2.176986e-001 1.000000e-030 5.122319e-002 2.048928e-001 1.000000e-030 1.000000e-030 1.000000e-030 1.000000e-030 3.841739e-002 1.000000e-030 1.000000e-030 1.000000e-030 3.841739e-002 
