8.960407e-001 1.039593e-001 0.000000e+000 0.000000e+000 0.000000e+000 
0.000000e+000 5.799820e-001 4.200180e-001 0.000000e+000 0.000000e+000 
0.000000e+000 0.000000e+000 8.750000e-001 1.250000e-001 0.000000e+000 
0.000000e+000 0.000000e+000 0.000000e+000 9.583333e-001 4.166667e-002 
0.000000e+000 0.000000e+000 0.000000e+000 0.000000e+000 1.000000e+000 
1.000000e-030 1.000000e-030 1.000000e-030 1.000000e-030 1.000000e-030 1.000000e-030 1.000000e-030 1.000000e-030 1.000000e-030 1.000000e-030 1.000000e-030 1.000000e-030 1.000000e-030 1.000000e-030 1.000000e-030 6.575871e-065 1.000000e-030 1.000000e-030 1.000000e-030 1.000000e-030 1.000000e-030 1.000000e-030 1.000000e-030 1.000000e-030 1.000000e-030 1.000000e-030 1.000000e-030 8.316743e-001 1.000000e-030 1.000000e-030 1.000000e-030 1.683257e-001 
1.000000e-030 1.000000e-030 1.000000e-030 1.000000e-030 1.000000e-030 1.000000e-030 1.000000e-030 1.000000e-030 1.000000e-030 1.000000e-030 1.000000e-030 1.000000e-030 1.000000e-030 1.000000e-030 1.000000e-030 4.200180e-001 1.000000e-030 6.769538e-284 1.000000e-030 1.000000e-030 1.000000e-030 4.200180e-001 1.000000e-030 1.000000e-030 1.000000e-030 1.000000e-030 1.000000e-030 1.578462e-029 1.000000e-030 1.000000e-030 1.000000e-030 1.599640e-001 
1.000000e-030 1.000000e-030 1.000000e-030 1.000000e-030 1.000000e-030 1.000000e-030 1.000000e-030 1.000000e-030 1.000000e-030 1.060159e-027 1.000000e-030 1.000000e-030 1.000000e-030 1.000000e-030 1.000000e-030 3.089193e-104 1.000000e-030 1.250000e-001 1.000000e-030 1.000000e-030 1.000000e-030 8.609151e-038 1.000000e-030 1.250000e-001 1.000000e-030 1.565563e-285 1.000000e-030 7.500000e-001 1.000000e-030 1.000000e-030 1.000000e-030 1.640072e-199 
1.000000e-030 7.083333e-001 1.000000e-030 1.000000e-030 1.000000e-030 1.000000e-030 1.000000e-030 1.000000e-030 1.000000e-030 2.083333e-001 1.000000e-030 1.000000e-030 1.000000e-030 1.000000e-030 1.000000e-030 1.000000e-030 1.000000e-030 1.000000e-030 1.000000e-030 1.848767e-103 1.000000e-030 1.000000e-030 1.000000e-030 3.732454e-289 1.000000e-030 8.333333e-002 1.000000e-030 4.213009e-131 1.000000e-030 1.000000e-030 1.000000e-030 1.000000e-030 
1.000000e-030 5.145891e-177 1.000000e-030 1.000000e-030 1.000000e-030 1.000000e-030 3.095238e-001 1.000000e-030 1.000000e-030 1.000000e-030 1.000000e-030 1.000000e-030 1.000000e-030 1.000000e-030 1.000000e-030 1.000000e-030 1.000000e-030 1.000000e-030 1.000000e-030 4.047619e-001 1.000000e-030 1.000000e-030 2.619048e-001 1.000000e-030 1.000000e-030 1.000000e-030 2.380952e-002 1.000000e-030 1.000000e-030 1.000000e-030 1.000000e-030 1.000000e-030 
