7.859445e-001 2.140555e-001 0.000000e+000 0.000000e+000 0.000000e+000 
0.000000e+000 9.024233e-001 9.757668e-002 0.000000e+000 0.000000e+000 
0.000000e+000 0.000000e+000 8.811992e-001 1.188008e-001 0.000000e+000 
0.000000e+000 0.000000e+000 0.000000e+000 9.355952e-001 6.440476e-002 
0.000000e+000 0.000000e+000 0.000000e+000 0.000000e+000 1.000000e+000 
1.000000e-030 1.000000e-030 1.000000e-030 1.000000e-030 1.000000e-030 1.000000e-030 1.000000e-030 1.000000e-030 1.000000e-030 1.000000e-030 1.000000e-030 1.000000e-030 1.000000e-030 1.000000e-030 1.000000e-030 7.835782e-047 1.000000e-030 1.000000e-030 1.000000e-030 1.000000e-030 1.000000e-030 1.000000e-030 1.000000e-030 1.000000e-030 1.000000e-030 1.000000e-030 1.000000e-030 9.999585e-001 1.000000e-030 1.000000e-030 1.000000e-030 4.150101e-005 
1.000000e-030 1.122271e-227 1.000000e-030 1.000000e-030 1.000000e-030 1.000000e-030 1.000000e-030 1.000000e-030 9.683673e-198 1.000000e-030 1.000000e-030 1.000000e-030 1.000000e-030 3.824582e-041 1.000000e-030 2.927300e-001 1.000000e-030 1.000000e-030 1.000000e-030 1.000000e-030 1.000000e-030 8.707945e-129 1.000000e-030 1.000000e-030 1.000000e-030 1.000000e-030 1.000000e-030 2.194055e-001 1.000000e-030 1.000000e-030 8.568470e-011 4.878644e-001 
1.000000e-030 2.772990e-016 1.000000e-030 1.000000e-030 1.000000e-030 1.000000e-030 1.000000e-030 1.000000e-030 4.009504e-002 1.000000e-030 1.000000e-030 1.000000e-030 1.000000e-030 1.188008e-001 1.000000e-030 6.096180e-047 1.000000e-030 1.000000e-030 1.000000e-030 1.000000e-030 1.000000e-030 1.188008e-001 1.000000e-030 1.000000e-030 1.000000e-030 1.000000e-030 1.000000e-030 2.471015e-001 1.000000e-030 1.000000e-030 4.752018e-001 4.646722e-008 
1.000000e-030 8.371884e-001 1.000000e-030 1.000000e-030 1.000000e-030 1.000000e-030 1.000000e-030 1.000000e-030 4.266828e-002 1.000000e-030 1.000000e-030 1.319610e-180 1.000000e-030 4.236579e-317 1.000000e-030 1.000000e-030 1.000000e-030 1.201425e-001 1.000000e-030 3.505734e-209 1.000000e-030 2.157931e-136 1.000000e-030 1.000000e-030 1.000000e-030 3.659347e-009 1.000000e-030 1.291862e-051 1.000000e-030 1.000000e-030 8.315058e-007 1.000000e-030 
1.000000e-030 5.874316e-002 1.000000e-030 1.000000e-030 1.000000e-030 1.000000e-030 2.349190e-001 1.000000e-030 3.001311e-130 1.000000e-030 2.349190e-002 2.349190e-002 1.000000e-030 3.427267e-249 1.174595e-002 2.349190e-002 1.000000e-030 1.332661e-002 1.000000e-030 3.523786e-002 1.000000e-030 1.292055e-001 2.819029e-001 1.000000e-030 1.000000e-030 1.174595e-001 1.174595e-002 2.349190e-002 1.000000e-030 1.000000e-030 7.095929e-160 1.174595e-002 
