7.583600e-001 2.416400e-001 0.000000e+000 0.000000e+000 0.000000e+000 
0.000000e+000 8.871537e-001 1.128463e-001 0.000000e+000 0.000000e+000 
0.000000e+000 0.000000e+000 9.000000e-001 1.000000e-001 0.000000e+000 
0.000000e+000 0.000000e+000 0.000000e+000 9.795665e-001 2.043347e-002 
0.000000e+000 0.000000e+000 0.000000e+000 0.000000e+000 1.000000e+000 
1.000000e-030 1.000000e-030 1.000000e-030 1.000000e-030 1.000000e-030 1.000000e-030 1.000000e-030 4.025259e-296 1.000000e-030 1.000000e-030 1.000000e-030 1.000000e-030 1.000000e-030 1.000000e-030 1.000000e-030 1.000000e-030 1.000000e-030 1.000000e-030 1.000000e-030 1.000000e-030 1.000000e-030 1.000000e-030 1.000000e-030 1.000000e-030 1.000000e-030 1.000000e-030 1.000000e-030 2.743878e-021 1.000000e-030 2.012630e-296 3.032350e-149 1.000000e+000 
1.000000e-030 1.000000e-030 1.000000e-030 1.000000e-030 1.000000e-030 1.000000e-030 1.000000e-030 1.000000e-030 1.000000e-030 1.000000e-030 1.000000e-030 1.000000e-030 1.000000e-030 1.000000e-030 1.000000e-030 1.000000e-030 1.000000e-030 1.000000e-030 1.000000e-030 1.000000e-030 1.000000e-030 1.000000e-030 1.000000e-030 1.000000e-030 1.000000e-030 1.000000e-030 1.000000e-030 5.642314e-001 1.000000e-030 1.360752e-210 3.134156e-022 4.357686e-001 
1.000000e-030 2.033970e-032 1.000000e-030 1.000000e-030 1.000000e-030 1.000000e-030 1.000000e-030 2.000000e-001 3.000000e-001 1.000000e-030 1.000000e-030 1.000000e-030 1.000000e-030 1.000000e-030 1.000000e-030 1.000000e-030 1.000000e-030 1.000000e-030 1.000000e-030 1.000000e-030 1.000000e-030 1.000000e-030 1.000000e-030 1.000000e-030 1.000000e-030 1.000000e-030 1.000000e-030 1.000000e-030 1.000000e-030 1.000000e-001 4.000000e-001 2.398853e-021 
1.000000e-030 6.130042e-001 1.000000e-030 1.000000e-030 1.000000e-030 2.054926e-094 1.000000e-030 1.000000e-030 1.327668e-033 2.043347e-002 1.000000e-030 4.086695e-002 1.000000e-030 1.000000e-030 1.000000e-030 1.000000e-030 1.000000e-030 1.000000e-030 1.000000e-030 1.000000e-030 1.000000e-030 1.026124e-025 1.000000e-030 1.000000e-030 1.000000e-030 3.256953e-001 1.000000e-030 1.000000e-030 1.000000e-030 1.000000e-030 1.000000e-030 1.000000e-030 
1.000000e-030 3.271046e-162 1.000000e-030 1.000000e-030 1.000000e-030 1.722336e-002 7.061576e-001 1.000000e-030 1.000000e-030 1.000000e-030 1.722336e-002 1.000000e-030 1.000000e-030 1.000000e-030 1.000000e-030 3.444671e-002 1.000000e-030 1.000000e-030 1.000000e-030 1.000000e-030 1.000000e-030 1.033401e-001 1.722336e-002 1.000000e-030 1.000000e-030 1.826876e-002 6.889342e-002 1.000000e-030 1.000000e-030 1.000000e-030 1.000000e-030 1.722336e-002 
