8.567414e-001 1.432586e-001 0.000000e+000 0.000000e+000 0.000000e+000 
0.000000e+000 8.159924e-001 1.840076e-001 0.000000e+000 0.000000e+000 
0.000000e+000 0.000000e+000 8.693490e-001 1.306510e-001 0.000000e+000 
0.000000e+000 0.000000e+000 0.000000e+000 9.511472e-001 4.885284e-002 
0.000000e+000 0.000000e+000 0.000000e+000 0.000000e+000 1.000000e+000 
1.000000e-030 1.000000e-030 1.000000e-030 1.000000e-030 1.000000e-030 1.000000e-030 1.000000e-030 2.865172e-001 1.000000e-030 1.000000e-030 1.000000e-030 1.000000e-030 2.418374e-005 1.000000e-030 1.000000e-030 1.000000e-030 1.000000e-030 1.000000e-030 1.915321e-020 1.000000e-030 9.436222e-068 1.000000e-030 1.000000e-030 1.000000e-030 1.000000e-030 1.000000e-030 1.000000e-030 1.000000e-030 7.134586e-001 1.000000e-030 2.240551e-185 1.000000e-030 
1.000000e-030 1.000000e-030 1.000000e-030 1.000000e-030 1.000000e-030 1.000000e-030 1.000000e-030 2.595941e-027 1.000000e-030 1.000000e-030 1.000000e-030 1.000000e-030 4.505412e-001 1.000000e-030 3.916988e-010 1.000000e-030 1.000000e-030 1.000000e-030 1.840076e-001 1.000000e-030 1.838845e-001 4.079959e-089 1.000000e-030 1.000000e-030 1.000000e-030 1.000000e-030 1.000000e-030 1.000000e-030 3.640791e-003 1.000000e-030 1.779259e-001 1.000000e-030 
1.000000e-030 1.000000e-030 1.000000e-030 1.000000e-030 1.000000e-030 1.000000e-030 1.000000e-030 1.306510e-001 1.000000e-030 3.093817e-016 1.000000e-030 1.000000e-030 3.333349e-001 1.000000e-030 1.306510e-001 1.000000e-030 1.000000e-030 1.000000e-030 2.097679e-011 1.000000e-030 8.739639e-005 2.606345e-001 1.000000e-030 1.000000e-030 1.000000e-030 9.672051e-003 1.000000e-030 1.000000e-030 4.578863e-036 1.000000e-030 1.349692e-001 1.000000e-030 
1.000000e-030 1.000000e-030 1.000000e-030 1.000000e-030 1.000000e-030 1.000000e-030 1.000000e-030 5.060643e-016 1.000000e-030 9.282039e-001 1.000000e-030 1.000000e-030 1.583434e-041 1.000000e-030 8.715658e-098 1.000000e-030 1.000000e-030 7.062910e-026 1.000000e-030 1.000000e-030 1.000000e-030 2.495538e-004 1.000000e-030 1.000000e-030 1.000000e-030 7.154605e-002 1.000000e-030 1.000000e-030 1.000000e-030 4.738613e-007 8.729880e-214 1.000000e-030 
1.000000e-030 1.189685e-001 1.000000e-030 1.000000e-030 1.000000e-030 1.000000e-030 1.000000e-030 1.081532e-002 1.000000e-030 5.144538e-016 1.000000e-030 1.000000e-030 1.081532e-002 4.109821e-001 1.514145e-001 1.000000e-030 1.000000e-030 4.326128e-002 1.000000e-030 2.163064e-002 1.000000e-030 1.000000e-030 1.000000e-030 1.000000e-030 1.000000e-030 5.906731e-002 2.163064e-002 1.000000e-030 2.163064e-002 8.652245e-002 4.326128e-002 1.000000e-030 
