9.230769e-001 7.692308e-002 0.000000e+000 0.000000e+000 0.000000e+000 
0.000000e+000 5.000003e-001 4.999997e-001 0.000000e+000 0.000000e+000 
0.000000e+000 0.000000e+000 6.666665e-001 3.333335e-001 0.000000e+000 
0.000000e+000 0.000000e+000 0.000000e+000 9.473684e-001 5.263158e-002 
0.000000e+000 0.000000e+000 0.000000e+000 0.000000e+000 1.000000e+000 
1.000000e-030 1.000000e-030 1.000000e-030 1.000000e-030 1.000000e-030 1.000000e-030 1.000000e-030 1.000000e-030 5.857462e-300 2.668600e-300 1.000000e-030 1.000000e-030 1.000000e-030 1.000000e-030 1.000000e-030 1.000000e-030 1.000000e-030 2.783810e-300 1.000000e-030 1.000000e-030 1.000000e-030 2.783810e-300 1.000000e-030 5.020425e-029 1.000000e-030 1.000000e-030 1.000000e-030 8.461538e-001 1.000000e-030 1.000000e-030 3.368344e-269 1.538462e-001 
1.000000e-030 1.000000e-030 1.000000e-030 1.000000e-030 1.000000e-030 1.000000e-030 1.000000e-030 1.000000e-030 3.430552e-299 7.488615e-301 1.000000e-030 1.000000e-030 1.000000e-030 1.000000e-030 1.000000e-030 1.000000e-030 1.000000e-030 1.520161e-190 1.000000e-030 1.000000e-030 1.000000e-030 1.000000e-030 1.000000e-030 9.999994e-001 1.000000e-030 1.000000e-030 1.000000e-030 9.006553e-013 1.000000e-030 1.000000e-030 6.142535e-007 1.961818e-281 
1.000000e-030 1.000000e-030 1.000000e-030 1.000000e-030 1.000000e-030 1.000000e-030 1.000000e-030 1.000000e-030 4.847439e-149 8.063757e-010 1.000000e-030 1.000000e-030 1.000000e-030 1.000000e-030 1.000000e-030 1.000000e-030 1.000000e-030 3.333335e-001 1.000000e-030 1.000000e-030 1.000000e-030 3.333335e-001 1.000000e-030 7.781603e-010 1.000000e-030 1.000000e-030 1.000000e-030 1.233824e-088 1.000000e-030 1.000000e-030 3.333331e-001 1.000000e-030 
1.000000e-030 1.578947e-001 1.000000e-030 1.000000e-030 1.000000e-030 1.000000e-030 1.000000e-030 1.000000e-030 2.631579e-001 4.210526e-001 1.000000e-030 3.572222e-009 1.000000e-030 1.000000e-030 1.000000e-030 1.000000e-030 1.000000e-030 1.294063e-279 1.000000e-030 9.249967e-053 1.000000e-030 5.579915e-020 1.000000e-030 1.000000e-030 1.000000e-030 1.578947e-001 1.000000e-030 1.000000e-030 1.000000e-030 1.000000e-030 1.000000e-030 1.000000e-030 
1.000000e-030 1.338203e-214 1.000000e-030 1.000000e-030 1.000000e-030 1.000000e-030 1.123596e-001 1.000000e-030 1.000000e-030 1.000000e-030 5.617978e-002 8.988764e-002 1.000000e-030 1.000000e-030 1.000000e-030 3.370787e-002 1.000000e-030 1.000000e-030 1.000000e-030 1.685393e-001 1.000000e-030 8.988764e-002 2.584270e-001 1.000000e-030 1.000000e-030 5.231368e-035 1.011236e-001 4.494382e-002 1.000000e-030 1.000000e-030 1.000000e-030 4.494382e-002 
