7.614828e-001 2.385172e-001 0.000000e+000 0.000000e+000 0.000000e+000 
0.000000e+000 9.056220e-001 9.437802e-002 0.000000e+000 0.000000e+000 
0.000000e+000 0.000000e+000 8.390151e-001 1.609849e-001 0.000000e+000 
0.000000e+000 0.000000e+000 0.000000e+000 9.752268e-001 2.477317e-002 
0.000000e+000 0.000000e+000 0.000000e+000 0.000000e+000 1.000000e+000 
1.000000e-030 5.958401e-151 1.000000e-030 1.000000e-030 1.000000e-030 1.000000e-030 1.000000e-030 1.000000e-030 1.000000e-030 1.000000e-030 1.000000e-030 8.142022e-006 1.000000e-030 1.000000e-030 1.000000e-030 5.914778e-001 1.000000e-030 1.000000e-030 1.000000e-030 1.000000e-030 1.000000e-030 1.000000e-030 1.000000e-030 1.000000e-030 1.000000e-030 1.000000e-030 1.000000e-030 9.768487e-002 1.000000e-030 1.000000e-030 1.000000e-030 3.108292e-001 
1.000000e-030 1.389586e-036 1.000000e-030 1.000000e-030 1.000000e-030 1.000000e-030 1.000000e-030 1.000000e-030 1.000000e-030 1.000000e-030 1.000000e-030 9.437480e-002 1.000000e-030 1.000000e-030 1.000000e-030 2.373882e-001 1.000000e-030 1.000000e-030 1.000000e-030 1.000000e-030 1.000000e-030 1.000000e-030 1.000000e-030 1.000000e-030 1.000000e-030 1.000000e-030 1.000000e-030 4.137158e-001 1.000000e-030 1.000000e-030 1.000000e-030 2.545212e-001 
1.000000e-030 3.045708e-006 1.000000e-030 1.000000e-030 1.000000e-030 1.000000e-030 1.000000e-030 1.000000e-030 1.000000e-030 1.000000e-030 1.000000e-030 4.909729e-027 1.000000e-030 1.000000e-030 1.000000e-030 7.884124e-004 1.000000e-030 1.000000e-030 1.000000e-030 1.000000e-030 1.000000e-030 1.115278e-293 1.000000e-030 1.000000e-030 1.000000e-030 1.000000e-030 1.000000e-030 9.992085e-001 1.000000e-030 1.000000e-030 1.000000e-030 4.323813e-009 
1.000000e-030 9.413799e-001 1.000000e-030 1.000000e-030 1.000000e-030 1.000000e-030 1.000000e-030 1.000000e-030 1.000000e-030 1.000000e-030 1.000000e-030 8.861018e-033 1.000000e-030 1.000000e-030 1.000000e-030 1.063543e-136 1.000000e-030 1.000000e-030 1.000000e-030 3.384693e-002 1.000000e-030 2.477317e-002 3.378944e-258 1.000000e-030 1.000000e-030 1.000000e-030 1.000000e-030 1.096453e-008 1.000000e-030 1.000000e-030 1.000000e-030 2.197812e-293 
1.000000e-030 2.553930e-008 1.000000e-030 1.000000e-030 1.000000e-030 1.000000e-030 1.626407e-001 1.000000e-030 1.000000e-030 1.000000e-030 7.392761e-002 1.478552e-002 1.000000e-030 1.000000e-030 1.000000e-030 4.435657e-002 1.000000e-030 1.000000e-030 1.000000e-030 1.128686e-001 1.000000e-030 4.435657e-002 4.435657e-001 1.000000e-030 1.000000e-030 1.000000e-030 4.435657e-002 4.435657e-002 1.000000e-030 1.000000e-030 1.000000e-030 1.478552e-002 
