5.594652e-001 4.405348e-001 0.000000e+000 0.000000e+000 0.000000e+000 
0.000000e+000 9.147487e-001 8.525126e-002 0.000000e+000 0.000000e+000 
0.000000e+000 0.000000e+000 8.000000e-001 2.000000e-001 0.000000e+000 
0.000000e+000 0.000000e+000 0.000000e+000 9.285714e-001 7.142857e-002 
0.000000e+000 0.000000e+000 0.000000e+000 0.000000e+000 1.000000e+000 
1.000000e-030 1.000000e-030 1.000000e-030 1.000000e-030 1.000000e-030 1.000000e-030 1.000000e-030 1.000000e-030 1.000000e-030 1.000000e-030 1.000000e-030 1.000000e-030 1.000000e-030 1.000000e-030 1.000000e-030 1.000000e-030 1.000000e-030 1.000000e-030 1.000000e-030 1.000000e-030 1.000000e-030 3.353226e-115 1.000000e-030 1.000000e-030 1.000000e-030 1.000000e-030 1.000000e-030 6.043794e-007 1.000000e-030 1.000000e-030 5.241868e-276 9.999994e-001 
1.000000e-030 1.000000e-030 1.000000e-030 1.000000e-030 1.000000e-030 1.000000e-030 1.000000e-030 1.120276e-247 1.103600e-277 1.000000e-030 1.000000e-030 1.000000e-030 1.000000e-030 2.707984e-175 1.000000e-030 1.000000e-030 1.000000e-030 1.000000e-030 1.000000e-030 1.000000e-030 1.000000e-030 8.525126e-002 1.000000e-030 1.000000e-030 1.000000e-030 1.000000e-030 1.000000e-030 5.115075e-001 1.000000e-030 1.548201e-204 1.792830e-011 4.032413e-001 
1.000000e-030 1.000000e-030 1.000000e-030 1.000000e-030 1.000000e-030 1.000000e-030 1.000000e-030 1.999999e-001 2.531308e-015 1.000000e-030 1.000000e-030 1.000000e-030 1.000000e-030 2.000000e-001 1.000000e-030 1.000000e-030 1.000000e-030 1.000000e-030 1.000000e-030 1.000000e-030 1.000000e-030 1.000000e-030 1.000000e-030 1.000000e-030 1.000000e-030 1.000000e-030 1.000000e-030 3.151700e-009 1.000000e-030 2.000000e-001 4.000001e-001 8.438766e-078 
1.000000e-030 3.037977e-090 1.000000e-030 1.000000e-030 1.000000e-030 1.000000e-030 1.000000e-030 6.473131e-008 9.999999e-001 1.000000e-030 1.000000e-030 1.000000e-030 1.000000e-030 1.000000e-030 1.000000e-030 1.000000e-030 1.000000e-030 1.703387e-199 1.000000e-030 1.000000e-030 1.000000e-030 1.000000e-030 1.000000e-030 1.000000e-030 1.000000e-030 1.295532e-009 1.000000e-030 1.000000e-030 1.000000e-030 1.071556e-059 1.000000e-030 1.000000e-030 
1.000000e-030 2.233010e-001 1.000000e-030 1.000000e-030 1.000000e-030 1.000000e-030 4.466019e-001 1.000000e-030 9.680758e-037 1.000000e-030 1.000000e-030 1.000000e-030 1.000000e-030 1.000000e-030 1.000000e-030 1.000000e-030 1.000000e-030 3.883495e-002 1.000000e-030 1.000000e-030 1.000000e-030 8.737864e-002 1.941748e-002 1.000000e-030 1.000000e-030 1.650485e-001 1.000000e-030 1.941748e-002 1.000000e-030 1.000000e-030 1.000000e-030 1.000000e-030 
