8.527776e-001 1.472224e-001 0.000000e+000 0.000000e+000 0.000000e+000 
0.000000e+000 8.782533e-001 1.217467e-001 0.000000e+000 0.000000e+000 
0.000000e+000 0.000000e+000 8.290026e-001 1.709974e-001 0.000000e+000 
0.000000e+000 0.000000e+000 0.000000e+000 9.762632e-001 2.373675e-002 
0.000000e+000 0.000000e+000 0.000000e+000 0.000000e+000 1.000000e+000 
1.000000e-030 1.000000e-030 1.000000e-030 1.000000e-030 1.000000e-030 1.000000e-030 1.000000e-030 2.067481e-238 1.000000e-030 1.000000e-030 1.000000e-030 1.000000e-030 1.000000e-030 6.176979e-074 1.000000e-030 1.471820e-001 1.000000e-030 1.000000e-030 1.000000e-030 1.000000e-030 1.000000e-030 1.000000e-030 1.000000e-030 5.299789e-004 1.000000e-030 1.000000e-030 1.000000e-030 8.522881e-001 1.000000e-030 1.000000e-030 1.000000e-030 1.000000e-030 
2.583233e-183 5.975575e-297 1.000000e-030 1.000000e-030 1.000000e-030 1.000000e-030 1.000000e-030 1.650951e-018 3.079937e-212 1.000000e-030 1.000000e-030 1.000000e-030 1.000000e-030 7.701459e-004 1.000000e-030 3.344927e-005 1.000000e-030 1.000000e-030 1.000000e-030 1.000000e-030 1.000000e-030 1.000000e-030 1.000000e-030 1.213085e-001 1.000000e-030 1.000000e-030 1.000000e-030 8.778879e-001 1.000000e-030 1.000000e-030 1.000000e-030 1.000000e-030 
1.709813e-001 3.475548e-028 1.000000e-030 1.000000e-030 1.000000e-030 1.000000e-030 1.000000e-030 5.129923e-001 1.460918e-001 1.000000e-030 1.000000e-030 1.000000e-030 1.000000e-030 1.699157e-001 1.000000e-030 1.018198e-247 1.000000e-030 1.000000e-030 1.000000e-030 1.000000e-030 1.000000e-030 1.000000e-030 1.000000e-030 2.377284e-057 1.000000e-030 1.000000e-030 1.000000e-030 1.885630e-005 1.000000e-030 1.000000e-030 1.000000e-030 1.000000e-030 
2.238473e-006 9.728035e-001 1.000000e-030 1.000000e-030 1.000000e-030 1.000000e-030 1.000000e-030 1.560107e-019 2.719399e-002 1.000000e-030 1.000000e-030 2.812587e-007 1.000000e-030 4.470415e-134 1.000000e-030 1.000000e-030 1.000000e-030 1.000000e-030 1.000000e-030 2.560422e-147 1.000000e-030 1.000000e-030 1.000000e-030 1.000000e-030 1.000000e-030 1.000000e-030 1.000000e-030 2.173889e-322 1.000000e-030 1.000000e-030 1.000000e-030 1.000000e-030 
1.000000e-030 1.564191e-002 1.000000e-030 1.000000e-030 1.000000e-030 1.000000e-030 1.999478e-001 1.000000e-030 1.000000e-030 1.000000e-030 7.690299e-002 4.614161e-002 1.000000e-030 1.000000e-030 1.000000e-030 3.076120e-002 1.000000e-030 1.000000e-030 1.000000e-030 7.690299e-002 1.000000e-030 1.230448e-001 4.152761e-001 1.000000e-030 1.000000e-030 1.000000e-030 1.000000e-030 1.538060e-002 1.000000e-030 1.000000e-030 1.000000e-030 1.000000e-030 
