7.494826e-001 2.505174e-001 0.000000e+000 0.000000e+000 0.000000e+000 
0.000000e+000 9.000822e-001 9.991778e-002 0.000000e+000 0.000000e+000 
0.000000e+000 0.000000e+000 8.648495e-001 1.351505e-001 0.000000e+000 
0.000000e+000 0.000000e+000 0.000000e+000 9.693260e-001 3.067403e-002 
0.000000e+000 0.000000e+000 0.000000e+000 0.000000e+000 1.000000e+000 
1.000000e-030 1.000000e-030 1.000000e-030 1.000000e-030 1.000000e-030 1.000000e-030 1.000000e-030 1.000000e-030 1.000000e-030 1.000000e-030 1.000000e-030 1.000000e-030 1.000000e-030 1.000000e-030 1.000000e-030 8.420882e-005 1.000000e-030 1.000000e-030 1.000000e-030 1.000000e-030 1.000000e-030 2.483635e-001 1.000000e-030 1.000000e-030 1.000000e-030 1.000000e-030 1.000000e-030 7.515523e-001 1.000000e-030 1.000000e-030 1.000000e-030 1.096102e-028 
1.000000e-030 1.000000e-030 1.000000e-030 1.000000e-030 1.000000e-030 1.000000e-030 1.000000e-030 9.016612e-018 1.000000e-030 1.000000e-030 1.000000e-030 1.000000e-030 1.000000e-030 1.000000e-030 1.000000e-030 6.993876e-001 1.000000e-030 1.000000e-030 1.000000e-030 1.000000e-030 1.000000e-030 8.590944e-004 1.000000e-030 1.000000e-030 1.000000e-030 1.000000e-030 1.000000e-030 1.177641e-014 1.000000e-030 1.000000e-030 1.000000e-030 2.997533e-001 
1.000000e-030 1.988091e-070 1.000000e-030 1.000000e-030 1.000000e-030 1.000000e-030 1.000000e-030 4.054514e-001 1.701616e-012 2.703010e-001 1.000000e-030 1.000000e-030 1.000000e-030 1.000000e-030 1.000000e-030 4.415269e-006 1.000000e-030 1.000000e-030 1.000000e-030 1.000000e-030 1.000000e-030 1.000000e-030 1.000000e-030 1.000000e-030 1.000000e-030 1.000000e-030 1.000000e-030 1.351505e-001 5.402400e-002 1.000000e-030 1.350687e-001 2.365652e-038 
1.000000e-030 7.975247e-001 1.000000e-030 1.000000e-030 1.000000e-030 3.430899e-200 1.000000e-030 1.310722e-232 3.067403e-002 3.571998e-016 1.000000e-030 1.000000e-030 1.000000e-030 1.000000e-030 1.000000e-030 1.000000e-030 1.000000e-030 1.000000e-030 1.000000e-030 1.204919e-009 1.000000e-030 1.216542e-142 1.000000e-030 1.000000e-030 1.000000e-030 1.533701e-001 1.000000e-030 6.447905e-079 1.841263e-002 1.000000e-030 1.855651e-005 1.000000e-030 
1.000000e-030 6.197782e-013 1.000000e-030 1.000000e-030 1.000000e-030 1.666667e-002 3.500000e-001 1.000000e-030 1.000000e-030 1.000000e-030 5.000000e-002 1.000000e-030 1.000000e-030 1.000000e-030 1.000000e-030 1.000000e-030 1.000000e-030 1.000000e-030 1.000000e-030 2.500000e-001 1.000000e-030 2.000000e-001 1.333333e-001 1.000000e-030 1.000000e-030 1.092552e-177 1.000000e-030 1.000000e-030 1.000000e-030 1.000000e-030 1.000000e-030 1.000000e-030 
