-5
-4
-5
-4
-4
-4
-5
-5
-5
-5
-5
-7
-6
-4
-2
-2
-1
1
1
1
2
3
4
4
3
2
3
3
3
3
3
1
0
-1
-3
-1
-2
-1
-3
-3
-3
-5
-7
-4
-4
-3
-2
0
-1
-1
-1
1
1
1
2
2
1
2
2
3
4
3
4
2
2
3
4
2
1
1
-1
0
1
1
0
-2
-3
-2
-1
1
2
3
3
2
3
3
2
3
0
0
-1
0
2
3
2
1
-2
-3
-3
-4
-3
-3
-3
-3
-3
-4
-3
-3
-2
-5
-2
-1
-1
-1
-1
-1
-1
0
-1
-2
0
-1
-2
-1
-1
-1
-2
-1
-1
-1
-2
-3
-3
-4
-4
-3
-2
-2
-1
-1
1
1
1
2
2
2
3
4
4
5
4
5
5
4
4
2
0
1
1
2
1
2
2
2
1
1
0
0
0
2
3
3
3
2
3
2
2
2
2
3
4
5
5
4
3
1
2
-1
-1
-2
-3
-4
-4
-4
-6
-6
-4
-4
-4
-5
-5
-5
-4
-2
-3
-2
0
0
-1
-1
-1
0
1
0
2
2
1
0
-2
-4
-4
-5
-3
-4
-4
-4
-5
-5
-5
-5
-3
-1
0
2
2
4
3
1
0
-1
1
1
3
4
3
5
6
6
7
5
6
2
0
0
0
0
0
0
0
-1
-1
0
0
-1
-2
0
0
1
1
2
2
3
2
2
3
4
2
1
2
1
0
0
0
0
-1
-3
-4
-1
-2
-3
-3
-2
-2
-2
-1
0
2
3
2
2
2
1
2
1
2
1
1
3
3
4
3
3
4
3
1
0
0
-4
-4
-4
-3
-1
0
-2
-2
-1
-3
-2
-5
-3
-3
-2
-2
0
0
0
-2
-2
-4
-3
-2
0
-2
0
2
0
1
0
-1
-3
-3
-5
-5
-4
-4
-2
0
-1
0
-1
-1
-2
-1
-1
0
-1
0
1
1
0
0
0
1
0
0
0
0
1
-2
-3
-3
-5
-3
-1
-1
-1
-2
-3
-3
-1
-1
-2
1
1
3
3
4
5
5
5
3
4
4
4
4
1
1
0
1
2
0
1
0
-1
1
0
0
0
1
1
1
4
4
3
3
3
3
3
2
1
1
1
2
3
2
2
1
0
2
1
1
0
-1
0
0
0
-2
-3
-3
-3
-3
-1
-1
0
2
2
2
2
2
1
0
1
2
1
1
2
1
0
0
-1
-2
-2
-2
-4
-3
-2
-2
-2
-4
-3
-3
-3
-1
1
0
1
2
2
3
4
6
5
4
4
2
2
4
4
4
1
0
0
-2
-2
-2
-3
-1
0
2
1
1
0
0
0
-3
-3
-2
-2
1
3
3
2
1
-1
-1
0
-2
-3
-3
-4
-5
-5
-3
-2
-4
-4
-4
-5
-4
-2
-2
-4
-6
-5
-5
-5
-5
-4
-5
-5
-3
-3
-4
-3
-3
-4
-4
-4
-3
-3
-2
-1
-2
-2
-1
0
-1
-1
0
0
0
2
2
1
0
1
1
1
0
2
1
1
4
5
6
7
8
6
5
5
6
5
6
5
7
6
6
7
8
7
8
6
7
6
5
5
4
4
0
-2
-1
-3
-3
-2
-1
-1
0
1
2
2
2
1
0
-1
-1
0
-1
0
1
0
-1
-1
-1
-1
-2
-3
-2
-3
-3
-2
-2
-2
-2
-1
-2
-3
-2
-1
-2
0
2
2
2
3
0
0
-1
-3
-2
-1
-2
-1
-1
-1
-3
-2
-3
-1
-1
-2
-2
-1
-1
-1
-1
-2
-2
-2
-1
0
0
2
3
3
4
3
1
0
0
-1
-3
-2
-2
-2
-4
-4
-5
-6
-6
-7
-6
-6
-6
-6
-4
-4
-4
-1
0
0
-1
2
2
1
0
1
2
1
2
2
2
1
0
0
0
0
0
0
0
-1
0
0
0
-1
-2
-1
-2
1
2
5
6
5
4
4
4
5
5
5
5
5
6
4
3
2
1
1
0
1
1
1
0
1
2
3
3
3
3
4
2
4
4
4
4
3
5
6
3
2
1
0
0
2
2
1
2
-1
-2
-3
-1
-3
-2
0
-1
0
0
0
0
-2
0
-1
-2
1
1
0
1
2
1
0
0
-2
-3
-4
-4
-4
-6
-4
-3
-5
-4
-4
-5
-5
-5
-4
-4
-3
-2
-1
-1
0
-1
0
1
2
0
-1
0
-2
-1
-2
-2
-2
-3
-2
-2
-1
-1
-2
-4
-6
-5
-4
-4
-2
-1
0
1
1
2
2
1
-1
0
0
1
1
0
0
0
-2
0
-2
1
1
0
2
2
2
1
0
0
0
-1
1
1
1
2
1
2
3
2
1
2
0
1
2
0
2
3
3
4
4
4
3
2
1
2
3
2
2
3
2
3
3
4
3
2
1
1
0
2
2
2
1
-1
-1
-1
0
1
2
3
2
3
5
4
4
3
2
3
3
2
2
0
0
-1
-2
0
0
0
0
-1
-1
-2
-1
0
-1
-1
-3
-3
-4
-3
-3
-2
-2
-1
-2
-2
-2
-1
-2
-2
-3
-3
-5
-6
-7
-6
-6
-6
-5
-5
-7
-8
-8
-8
-7
-5
-2
0
0
0
-2
-1
1
1
1
3
5
7
7
8
7
7
6
5
6
5
2
3
2
1
1
0
1
0
-2
-2
-3
-3
-3
-3
-2
-1
0
0
0
2
0
1
1
1
0
-1
-2
-1
-1
0
-1
-1
-5
-7
-5
-7
-5
-6
-5
-6
-5
-5
-4
-3
-3
-4
-2
0
-1
1
1
1
2
3
5
5
6
6
6
6
5
5
5
3
3
4
3
3
1
1
1
2
1
2
2
1
0
0
0
0
0
1
2
2
1
3
4
6
8
8
7
6
3
4
3
1
4
4
5
6
5
5
4
5
4
5
5
2
0
0
-2
-1
-1
-1
-1
-2
-2
-3
-3
-4
-6
-7
-7
-6
-3
-1
0
0
-2
-2
-3
-3
-2
-2
-2
-3
-4
-4
-5
-6
-5
-6
-4
-3
-3
-5
-4
-3
-7
-6
-6
-6
-5
-5
-3
-2
-3
-3
-3
-3
-3
-4
-6
-7
-7
-6
-7
-6
-5
-5
-6
-7
-6
-8
-10
-8
-8
-7
-5
-5
-4
-3
-3
-1
-2
-1
1
2
3
3
4
5
7
9
10
8
7
9
7
9
10
10
11
11
12
14
14
16
18
19
18
19
22
21
22
22
20
21
22
22
21
19
17
16
13
12
10
8
6
4
2
-2
-5
-6
-7
-7
-9
-10
-10
-12
-13
-16
-17
-18
-18
-18
-18
-19
-21
-23
-25
-24
-23
-23
-24
-25
-27
-27
-26
-25
-25
-26
-26
-28
-27
-24
-20
-19
-19
-17
-17
-15
-13
-12
-9
-8
-7
-2
1
3
5
8
10
10
11
12
14
15
16
17
17
18
19
21
23
23
27
26
26
28
30
33
35
37
40
39
41
42
45
49
52
54
52
50
46
43
43
43
43
40
35
29
25
19
15
8
1
-6
-13
-19
-22
-26
-31
-39
-46
-51
-56
-59
-60
-63
-64
-67
-69
-68
-67
-66
-67
-68
-69
-68
-64
-62
-59
-59
-61
-62
-60
-55
-52
-48
-44
-43
-41
-37
-33
-30
-26
-23
-19
-14
-8
-1
4
7
10
11
18
22
26
30
33
34
38
41
44
48
50
52
51
54
55
57
58
59
60
59
57
59
58
60
62
62
66
71
76
87
98
108
112
107
106
109
110
115
116
118
112
96
87
85
83
76
63
53
42
25
14
5
0
-17
-40
-54
-66
-75
-85
-96
-105
-116
-130
-134
-134
-134
-137
-143
-148
-150
-149
-147
-146
-148
-149
-151
-146
-143
-136
-132
-129
-126
-125
-114
-105
-102
-92
-83
-73
-63
-62
-52
-45
-45
-33
-28
-19
-12
-10
-3
-1
4
10
10
19
22
27
36
40
45
46
44
49
49
54
61
65
70
71
73
74
75
81
85
87
87
87
89
95
96
99
102
102
102
102
105
109
109
112
118
119
121
126
136
157
180
189
181
162
153
149
157
171
186
181
154
125
115
108
104
90
64
46
15
-3
-8
-11
-28
-70
-114
-142
-154
-156
-167
-188
-216
-248
-266
-266
-250
-245
-256
-272
-275
-263
-243
-227
-225
-235
-240
-235
-221
-196
-182
-179
-182
-180
-169
-147
-125
-108
-93
-87
-78
-62
-47
-34
-23
-19
-8
-1
4
14
22
25
28
41
48
48
50
47
42
45
38
37
38
33
39
48
55
59
57
55
57
71
79
86
90
92
89
93
100
106
110
113
118
122
132
140
146
147
151
161
168
174
180
187
190
191
187
191
196
209
254
291
300
279
249
232
243
266
296
317
291
235
189
172
174
172
136
94
44
-3
-17
-13
-19
-68
-151
-230
-270
-273
-271
-281
-312
-369
-420
-426
-412
-387
-389
-422
-445
-444
-414
-369
-345
-349
-368
-379
-363
-323
-282
-259
-267
-279
-277
-250
-215
-183
-161
-145
-135
-130
-99
-73
-59
-41
-38
-27
-11
-12
3
17
23
38
40
43
40
32
45
52
72
76
64
65
61
74
93
89
93
84
81
101
118
133
140
135
131
138
160
183
198
205
193
196
213
228
256
271
262
259
258
277
288
291
296
283
283
276
272
280
302
364
423
421
384
335
311
331
354
403
436
380
281
214
192
219
223
170
105
23
-44
-55
-25
-16
-98
-222
-327
-376
-355
-346
-367
-428
-538
-612
-611
-566
-528
-543
-595
-629
-601
-538
-481
-449
-471
-515
-518
-482
-425
-365
-355
-382
-393
-374
-311
-262
-232
-228
-251
-253
-215
-167
-115
-90
-102
-92
-77
-66
-29
0
8
30
24
28
44
36
40
49
68
72
78
99
101
138
162
167
191
192
200
220
246
272
291
288
281
288
316
330
349
364
354
353
358
375
397
398
377
359
347
361
376
383
376
337
333
328
308
314
292
276
360
467
525
484
383
300
292
359
413
508
523
378
260
190
199
281
218
130
53
-64
-89
-57
8
-29
-201
-379
-496
-480
-442
-461
-493
-604
-759
-802
-781
-719
-698
-773
-834
-846
-788
-693
-619
-596
-644
-696
-685
-644
-553
-500
-538
-574
-598
-557
-470
-399
-372
-398
-413
-398
-354
-269
-206
-198
-199
-182
-167
-97
-28
0
39
34
13
55
73
103
140
145
157
154
167
180
218
244
223
241
276
278
327
365
377
412
404
412
447
474
492
502
511
515
535
564
571
590
595
554
550
563
567
583
588
561
538
544
517
493
497
452
423
524
713
878
877
729
579
506
583
694
804
889
749
519
410
357
465
466
266
172
-32
-126
-80
-28
1
-211
-515
-748
-808
-708
-692
-741
-833
-1106
-1267
-1271
-1190
-1059
-1122
-1277
-1355
-1336
-1208
-1063
-1000
-1007
-1101
-1154
-1120
-989
-824
-818
-897
-940
-957
-871
-736
-669
-615
-631
-670
-663
-575
-448
-339
-257
-214
-184
-129
-91
-21
60
92
142
169
202
231
236
285
335
327
322
319
330
373
399
441
441
406
406
416
483
562
608
619
611
599
629
692
744
759
742
729
739
781
808
825
791
726
722
757
795
842
850
831
770
744
714
696
700
813
1105
1390
1386
1164
936
765
940
1131
1286
1470
1282
912
698
557
741
836
569
403
41
-121
-53
66
170
-140
-611
-1010
-1227
-1078
-955
-1061
-1228
-1658
-1953
-1958
-1841
-1647
-1730
-2022
-2215
-2210
-1989
-1729
-1607
-1663
-1881
-1991
-1872
-1664
-1336
-1273
-1449
-1571
-1615
-1419
-1140
-976
-970
-1098
-1210
-1123
-846
-536
-359
-361
-366
-303
-194
27
219
349
425
336
376
535
580
640
647
629
652
642
697
775
857
875
827
842
857
837
888
939
996
1054
1032
1020
1004
1035
1119
1173
1177
1157
1094
1109
1150
1163
1172
1121
1024
966
994
1088
1131
1106
1037
964
879
838
860
863
1137
1494
1715
1641
1364
991
879
1147
1396
1647
1699
1336
946
652
518
853
807
535
252
-323
-389
-207
21
63
-395
-977
-1432
-1520
-1279
-1214
-1286
-1531
-2122
-2354
-2305
-2140
-1929
-2130
-2474
-2640
-2566
-2233
-1882
-1750
-1854
-2089
-2126
-1988
-1688
-1340
-1318
-1429
-1538
-1561
-1299
-977
-864
-907
-980
-1060
-964
-675
-437
-321
-264
-282
-208
-31
169
334
417
426
383
426
500
584
614
554
532
576
546
520
585
590
593
649
694
745
772
807
836
911
967
977
990
972
1006
1051
1120
1195
1176
1096
1092
1112
1128
1147
1136
1139
1093
1094
1149
1219
1256
1204
1071
978
927
1156
1716
2174
2158
1894
1584
1280
1501
1762
1999
2246
1810
1300
1084
840
1050
1140
821
586
-52
-410
-280
35
287
-166
-790
-1313
-1595
-1314
-1087
-1159
-1348
-1995
-2389
-2350
-2198
-1923
-2065
-2500
-2832
-2877
-2577
-2144
-1924
-2064
-2401
-2484
-2273
-1904
-1464
-1410
-1604
-1729
-1701
-1421
-1044
-893
-1006
-1236
-1368
-1198
-905
-627
-548
-672
-716
-665
-385
-34
111
174
174
151
352
520
559
529
370
293
322
445
549
529
411
309
357
526
634
714
730
706
845
1016
1169
1296
1274
1178
1145
1262
1405
1468
1466
1370
1315
1359
1406
1477
1473
1368
1278
1237
1281
1379
1423
1320
1219
1160
1404
1939
2400
2367
2169
1828
1551
1850
2086
2317
2432
1901
1415
1164
867
1068
1017
672
402
-336
-648
-575
-301
-79
-527
-1109
-1603
-1908
-1642
-1403
-1427
-1539
-2216
-2641
-2633
-2458
-2115
-2203
-2550
-2853
-2996
-2723
-2176
-1816
-1811
-2185
-2447
-2331
-1907
-1324
-1162
-1309
-1500
-1664
-1519
-989
-713
-860
-1122
-1447
-1397
-954
-558
-332
-458
-831
-905
-659
-182
294
409
302
131
197
428
587
719
516
185
115
196
418
627
490
293
165
191
403
664
815
776
783
844
1006
1248
1361
1287
1251
1295
1402
1584
1619
1578
1513
1498
1599
1687
1695
1605
1453
1331
1349
1343
1295
1247
1357
1814
2352
2459
2327
1935
1454
1654
2028
2483
2911
2450
1715
1251
805
1031
1256
952
652
-177
-687
-588
-234
162
-218
-992
-1664
-1996
-1586
-1112
-1066
-1227
-1965
-2551
-2474
-2176
-1782
-1824
-2382
-2873
-2965
-2688
-2182
-1816
-1885
-2281
-2484
-2272
-1921
-1424
-1294
-1532
-1598
-1564
-1261
-737
-518
-795
-1184
-1437
-1438
-978
-608
-639
-697
-952
-1120
-851
-562
-264
-135
-299
-231
-114
129
353
363
260
-87
-180
-75
-30
191
230
-37
-73
-111
-15
284
385
479
505
601
847
1081
1296
1355
1271
1189
1229
1447
1676
1710
1691
1570
1503
1581
1648
1790
1786
1716
1570
1436
1467
1756
2225
2856
2967
2682
2466
2000
2112
2574
2802
2722
2671
2141
1917
1676
1668
2002
1254
1194
701
-190
-74
-29
231
-175
-842
-1320
-1957
-1913
-1508
-1613
-1477
-1819
-2385
-2440
-2379
-1886
-1816
-2168
-2477
-2921
-2915
-2804
-2565
-2405
-2835
-3130
-3172
-2784
-2184
-1719
-1377
-1364
-1013
-574
70
812
1044
1060
617
418
462
538
499
-161
-822
-1578
-2383
-2476
-2471
-2530
-2743
-3118
-3145
-3047
-2479
-1911
-1521
-1251
-1241
-866
-350
300
897
1057
1041
970
1078
1367
1615
1788
1642
1401
1251
1372
1604
1653
1607
1310
1092
1016
1111
1379
1319
1180
907
739
825
944
1106
971
811
1257
2076
3184
4245
4637
4819
4688
4896
5582
6055
6474
6247
5024
3726
2694
1682
957
-93
-1409
-2777
-4282
-5069
-5235
-5086
-4953
-5187
-5299
-5055
-4397
-3205
-2101
-1270
-749
-752
-557
181
1059
1597
1697
1462
1208
1102
1262
1659
1697
1168
300
-464
-718
-663
-626
-1022
-1711
-2491
-3216
-3406
-3087
-2723
-2756
-3046
-3192
-2952
-2515
-1891
-1272
-1150
-1186
-1097
-860
-331
311
519
426
357
213
256
361
489
369
-95
-587
-989
-1228
-1503
-1877
-2072
-2246
-2479
-2358
-2212
-2041
-1649
-1269
-764
-170
499
1102
1560
2046
2510
2755
2907
3028
3077
3037
2995
3006
2799
2513
2269
2039
1840
1772
1579
1747
2510
3263
3969
4217
4242
3980
3955
4257
4388
4613
4367
3267
2046
1122
111
-543
-1266
-2356
-3461
-4659
-5301
-5222
-4770
-4469
-4392
-4363
-4131
-3529
-2445
-1382
-617
-128
-276
-242
437
1305
1925
2051
1781
1439
1271
1449
1907
2060
1662
897
322
133
193
203
-153
-828
-1450
-1908
-2078
-1893
-2011
-2570
-3338
-3739
-3613
-3245
-2766
-2564
-2732
-2872
-2711
-2078
-1008
-135
369
585
722
999
1282
1531
1412
832
19
-727
-1128
-1302
-1593
-2023
-2510
-2930
-3011
-2669
-2001
-1379
-867
-408
33
609
1225
1607
1758
1809
1753
1721
1885
2145
2236
2147
2137
2188
2279
2459
2584
3111
4073
4970
5673
5878
5851
5245
4825
4842
4476
4295
3829
2409
1105
153
-953
-1624
-2346
-3230
-4181
-5178
-5424
-5107
-4537
-4111
-4085
-4088
-3974
-3521
-2361
-1261
-544
21
47
308
1187
2216
2950
3185
3032
2743
2597
2693
2812
2481
1654
468
-528
-1156
-1468
-1593
-1862
-2210
-2428
-2407
-2181
-1832
-1645
-1844
-2078
-2190
-2215
-1876
-1679
-1934
-2198
-2376
-2538
-2308
-1730
-1272
-780
-316
48
407
707
842
724
284
-292
-693
-1033
-1477
-1918
-2404
-3017
-3360
-3238
-2849
-2359
-1838
-1299
-695
-21
746
1455
1947
2173
2269
2378
2466
2597
2619
2357
2064
1959
1889
1905
2141
2988
3966
4744
5338
5659
5638
5259
5398
5277
4901
4747
3730
2157
1080
-56
-1236
-1951
-2775
-3623
-4644
-5488
-5622
-5279
-4795
-4619
-4557
-4485
-4341
-3710
-2710
-1913
-1116
-709
-640
129
1306
2469
3356
3752
3773
3693
3710
3963
4091
3625
2529
1231
329
-366
-692
-883
-1369
-1923
-2403
-2725
-2551
-2111
-1881
-1938
-2141
-2185
-2083
-1837
-1536
-1550
-1772
-1975
-2025
-1523
-757
-131
334
605
713
807
974
1110
944
309
-469
-1145
-1588
-1894
-2338
-2984
-3656
-4141
-4164
-3723
-2975
-2263
-1823
-1464
-911
-145
656
1417
1931
2072
2132
2261
2691
3153
3301
3143
2692
2297
2588
3675
4903
5807
5996
5718
5213
5099
5613
5527
5242
4650
2979
1390
541
-345
-1273
-2336
-3599
-4774
-5822
-6083
-5785
-5234
-4719
-4693
-4641
-4423
-3922
-2979
-2155
-1565
-872
-824
-825
-40
1002
1904
2446
2727
2850
2959
3155
3527
3708
3415
2449
1263
451
-28
-183
-418
-790
-1119
-1513
-1861
-1652
-1050
-900
-1128
-1343
-1468
-1428
-1250
-1178
-1392
-1678
-1956
-1927
-1317
-377
265
565
736
936
1275
1507
1605
1429
689
-285
-1072
-1539
-1926
-2473
-3187
-3929
-4455
-4485
-4059
-3344
-2678
-2273
-1913
-1271
-328
719
1433
1766
1906
1897
2035
2307
2665
2787
2475
1990
2295
3453
4709
5748
6136
5909
5342
5294
5865
6166
6269
5603
3668
1868
794
-205
-941
-1947
-3288
-4793
-6284
-6666
-6217
-5600
-5146
-5194
-5385
-5132
-4278
-2994
-1980
-1325
-941
-1077
-874
184
1451
2306
2557
2426
2276
2316
2679
3175
3139
2444
1298
259
-270
-284
-225
-605
-1167
-1625
-1896
-1758
-1143
-600
-682
-990
-1198
-1239
-816
-441
-506
-897
-1394
-1653
-1460
-725
219
775
866
990
1255
1659
2059
2273
1988
1211
355
-331
-782
-1210
-1774
-2580
-3455
-4030
-4077
-3790
-3295
-2721
-2359
-1982
-1374
-610
258
955
1386
1691
1809
2065
2377
2538
2606
2340
2395
3193
4238
5274
5873
6144
5924
5475
5843
6086
5928
6028
4928
3075
1835
586
-543
-1472
-2618
-3773
-5230
-6263
-6388
-6202
-5724
-5489
-5573
-5631
-5446
-4554
-3509
-2764
-1932
-1654
-1788
-1138
-28
1152
1977
2215
2284
2283
2450
2938
3160
2857
1946
642
-385
-824
-697
-752
-1259
-1756
-2124
-2317
-1823
-859
-358
-360
-596
-793
-658
-206
150
-42
-498
-851
-1114
-865
20
869
1219
1288
1486
1892
2276
2638
2735
2180
1326
515
-114
-659
-1248
-2022
-2954
-3772
-4128
-4135
-3867
-3283
-2730
-2324
-1891
-1161
-263
476
1033
1436
1630
1736
1897
2027
1954
1771
2020
2827
3908
4959
5554
5850
5764
5636
6104
6267
6319
6337
5124
3479
2364
1159
64
-939
-2167
-3523
-5096
-6012
-6145
-5912
-5460
-5351
-5484
-5521
-5164
-4222
-3239
-2422
-1701
-1741
-1823
-1125
-103
926
1539
1670
1616
1612
1802
2367
2720
2487
1600
381
-433
-850
-743
-839
-1255
-1721
-2341
-2697
-2372
-1682
-1301
-1230
-1356
-1560
-1343
-854
-559
-490
-582
-872
-975
-601
197
1022
1488
1736
1878
2066
2398
2781
2881
2446
1690
881
159
-318
-684
-1328
-2132
-2908
-3418
-3498
-3273
-2791
-2272
-1913
-1549
-1008
-332
436
986
1386
1620
1759
1954
2183
2169
2241
3064
3997
4787
5584
6018
5844
5703
6127
6303
6240
6346
5413
3695
2518
1429
285
-674
-1738
-3063
-4718
-5804
-5938
-5811
-5407
-5113
-5285
-5511
-5190
-4206
-3265
-2542
-1835
-1822
-2149
-1607
-681
273
995
1170
1066
938
1135
1681
2009
1775
1049
-1
-877
-1269
-1134
-1205
-1543
-1851
-2338
-2636
-2278
-1592
-1322
-1165
-1135
-1498
-1377
-820
-627
-651
-727
-996
-1073
-806
-76
762
1245
1704
2016
2218
2478
2900
3170
2789
2162
1440
476
-297
-708
-1206
-1757
-2370
-2891
-3046
-3058
-2590
-1911
-1335
-904
-463
52
567
1127
1608
1687
1554
1539
1537
1447
1726
2793
3731
4352
5064
5542
5610
5846
6474
6608
6478
6575
5732
4234
3345
2267
834
-359
-1352
-2439
-3955
-5082
-5520
-5768
-5523
-5186
-5193
-5222
-5025
-4384
-3674
-2833
-1834
-1643
-1943
-1568
-898
-86
729
1136
1112
826
805
1214
1663
1697
1122
-34
-1070
-1614
-1640
-1601
-1833
-2197
-2885
-3478
-3248
-2560
-2145
-1912
-2096
-2491
-2502
-2106
-1557
-1365
-1563
-1784
-1980
-1573
-541
514
1337
1806
2162
2560
3005
3706
4205
3921
3266
2565
1762
1067
449
-281
-1242
-2209
-2847
-3045
-3011
-2791
-2430
-2036
-1535
-841
-51
583
1207
1660
1805
1880
2019
1969
1919
2628
3658
4459
5073
5423
5360
5259
5783
6283
6474
6800
6254
4652
3435
2568
1524
512
-500
-1718
-3490
-4895
-5256
-5337
-4985
-4571
-4828
-5196
-4973
-4181
-3051
-1904
-885
-732
-1283
-1161
-373
654
1429
1701
1413
903
772
1303
1920
2081
1506
199
-986
-1522
-1451
-1481
-1885
-2567
-3585
-4520
-4555
-3758
-3102
-3040
-3201
-3446
-3532
-2877
-1872
-1369
-1261
-1545
-2045
-2073
-1248
-234
261
386
537
637
912
1704
2624
2913
2568
2037
1637
1452
1374
1085
463
-445
-1320
-1920
-2188
-2112
-1987
-2054
-2041
-1605
-810
12
783
1593
2086
2217
2498
2913
3277
4032
4943
5416
5603
5854
5620
5159
5503
5699
5474
5628
5248
4053
3070
2263
1349
473
-307
-1272
-2801
-4057
-4639
-5037
-4889
-4598
-4795
-5082
-4912
-4202
-3354
-2327
-1233
-833
-909
-559
106
1037
1847
2142
2098
1839
1655
1785
2157
2406
2171
1386
353
-450
-711
-959
-1362
-1710
-2386
-3237
-3739
-3701
-3377
-3160
-3230
-3387
-3475
-3321
-2961
-2496
-2121
-2052
-2131
-2185
-1967
-1414
-857
-514
-219
-68
-125
69
580
1053
1163
944
652
425
252
191
166
-113
-641
-1247
-1716
-1789
-1538
-1419
-1438
-1340
-1105
-799
-102
830
1541
1842
1958
2050
2562
3789
5019
5896
6342
6350
5854
5585
6139
6444
6250
6130
5252
3872
3102
2374
1513
773
-87
-1284
-2805
-3647
-4044
-4604
-4422
-4257
-4729
-5022
-4862
-4280
-3545
-2620
-1671
-1395
-1341
-884
-321
696
1731
2228
2279
2095
2091
2302
2566
2868
2810
2109
1149
450
357
183
-135
-375
-996
-1913
-2392
-2427
-2269
-2160
-2256
-2624
-3073
-3050
-2750
-2590
-2423
-2426
-2768
-2977
-2761
-2136
-1569
-1321
-1050
-974
-968
-765
-266
201
289
-2
-312
-578
-618
-492
-524
-703
-1125
-1573
-1966
-2062
-1777
-1543
-1567
-1511
-1284
-1048
-619
177
887
1119
1289
1382
1680
2853
4271
5192
5783
6025
5748
5487
6000
6534
6490
6410
5623
4203
3404
2837
2098
1497
765
-376
-1878
-2757
-3041
-3492
-3537
-3640
-4282
-4661
-4700
-4437
-3877
-3188
-2627
-2503
-2389
-1855
-1276
-284
729
1326
1684
1756
1847
2153
2460
2736
2852
2478
1823
1198
975
860
799
795
340
-312
-759
-949
-945
-778
-744
-1056
-1592
-1950
-2010
-1980
-1863
-1903
-2205
-2603
-2844
-2638
-2104
-1657
-1320
-1242
-1311
-1221
-727
-111
249
264
-17
-590
-881
-739
-574
-620
-915
-1486
-2097
-2348
-2127
-1803
-1666
-1660
-1848
-1857
-1457
-687
147
608
711
682
652
1410
2849
4092
4914
5202
4952
4600
4933
5678
5945
6122
5824
4409
3307
2806
2227
1863
1468
642
-756
-1971
-2497
-2913
-2890
-2644
-3271
-4019
-4495
-4628
-4255
-3655
-3058
-2824
-2978
-2899
-2490
-1508
-214
633
1209
1362
1351
1671
2151
2591
2911
2671
1906
1049
665
578
511
832
980
655
472
536
638
890
1278
1265
713
264
-22
-558
-852
-934
-1426
-2110
-2526
-2825
-2926
-2591
-2035
-1731
-1619
-1404
-1120
-657
-43
383
446
138
-253
-554
-608
-498
-501
-860
-1408
-1909
-2054
-1886
-1568
-1168
-1103
-1328
-1439
-1130
-599
-31
425
443
170
8
434
1467
2698
3601
3964
3839
3580
3921
4602
4938
5320
5284
4115
2985
2466
1899
1561
1318
645
-534
-1638
-2266
-2708
-2696
-2293
-2658
-3278
-3956
-4280
-4280
-4057
-3545
-3213
-3449
-3617
-3399
-2788
-1687
-562
315
597
782
1094
1481
2062
2812
3027
2568
1853
1275
971
919
1381
1721
1590
1345
1121
1073
1401
1980
2274
1978
1417
854
186
-193
-257
-564
-1210
-2014
-2689
-3018
-2903
-2365
-1890
-1747
-1659
-1525
-1193
-526
169
517
382
89
-234
-350
-204
-23
-124
-531
-1119
-1503
-1547
-1248
-840
-672
-829
-931
-861
-608
-141
317
446
362
8
-78
625
1688
2685
3397
3615
3374
3324
3869
4272
4634
5236
4714
3430
2675
1953
1331
1131
949
172
-965
-1844
-2416
-2746
-2240
-1956
-2369
-3000
-3805
-4287
-4564
-4236
-3638
-3553
-3925
-4065
-4137
-3492
-2400
-1227
-397
-124
34
195
659
1545
2259
2366
1971
1211
680
441
692
1431
1747
1618
1538
1545
1734
2307
2936
2988
2559
2066
1441
791
588
224
-514
-1297
-2054
-2666
-2869
-2541
-2100
-1819
-1605
-1372
-1156
-704
-260
175
440
405
249
52
-104
-148
-218
-351
-571
-733
-793
-753
-494
-141
10
85
164
98
67
220
420
403
305
57
-103
364
1330
2194
2962
3314
3148
3060
3393
3753
4141
4680
4354
3389
2639
1761
1274
1201
1086
510
-379
-1302
-1899
-2263
-2010
-1904
-2140
-2796
-3822
-4420
-4837
-4713
-4294
-4077
-4291
-4362
-4422
-3958
-3027
-1863
-1016
-557
-250
-106
76
576
1048
1279
1117
695
398
363
579
1146
1739
2036
2271
2407
2564
2657
2994
3043
2541
2129
1433
415
-355
-848
-1327
-1732
-1988
-2107
-2175
-2073
-1640
-1248
-776
-390
-95
-100
-96
32
196
214
361
201
-223
-488
-533
-427
-311
-79
-25
-174
-225
-193
9
265
415
367
250
98
84
180
305
338
378
674
1229
2058
2851
3365
3435
3530
3582
3561
3634
4138
4254
3756
3265
2480
1924
1662
1430
1075
451
-350
-1111
-1777
-2075
-2144
-2401
-2785
-3623
-4224
-4799
-4966
-4619
-4151
-4008
-3860
-3756
-3523
-3073
-2333
-1554
-1067
-669
-498
-601
-579
-397
-98
158
226
328
238
289
766
1495
2220
2889
3253
3254
2911
2653
2546
2277
1937
1293
328
-760
-1546
-1792
-1820
-1659
-1453
-1395
-1502
-1459
-1205
-761
-319
17
-31
-245
-415
-406
-222
-16
79
-49
-362
-638
-747
-650
-380
-117
92
-11
-140
-165
-47
82
243
310
179
79
157
210
363
290
398
637
1107
1677
2317
2804
2919
3119
3322
3294
3606
4222
4272
3945
3672
3056
2592
2383
2141
1559
868
59
-849
-1610
-1938
-2066
-2223
-2600
-3267
-3710
-4218
-4302
-3942
-3603
-3428
-3251
-3200
-3090
-2775
-2126
-1573
-1174
-885
-954
-1186
-1142
-836
-413
-167
-15
136
96
332
934
1668
2430
2986
3166
2998
2692
2460
2180
1769
1105
242
-701
-1551
-2012
-2032
-1906
-1712
-1391
-1182
-1074
-923
-698
-446
-291
-147
-228
-422
-551
-614
-534
-538
-520
-497
-762
-1001
-978
-826
-495
4
304
272
251
246
162
237
416
484
406
357
271
115
89
15
-98
78
508
1137
1803
2473
2836
3061
3369
3609
3778
4033
4312
4083
3784
3424
2937
2616
2253
1763
1023
299
-309
-797
-1255
-1454
-1689
-1894
-2485
-2985
-3367
-3683
-3756
-3552
-3488
-3290
-3057
-2818
-2452
-2009
-1523
-1225
-947
-876
-846
-860
-849
-710
-395
-200
4
370
680
1111
1634
2119
2487
2788
2721
2350
1909
1390
711
156
-396
-982
-1389
-1622
-1769
-1616
-1302
-864
-527
-312
-227
-258
-270
-249
-334
-464
-646
-861
-1106
-1238
-1262
-1115
-1001
-974
-1047
-1039
-921
-608
-151
218
420
391
275
112
86
80
105
99
36
-234
-411
-464
-416
-354
-227
-273
-282
128
856
1807
2747
3557
3778
3949
3954
3803
3666
3855
3798
3391
2853
2185
1803
1609
1468
1190
761
167
-438
-1049
-1572
-1755
-1801
-2078
-2745
-3274
-3793
-4005
-3813
-3371
-2897
-2275
-1795
-1431
-1209
-889
-486
-92
138
210
150
-61
-98
146
521
927
1427
1699
1737
1704
1699
1748
1879
1780
1387
698
-25
-604
-859
-936
-867
-770
-905
-1026
-1031
-812
-497
-77
141
14
-306
-665
-1001
-1143
-1182
-1210
-1266
-1453
-1582
-1577
-1350
-1061
-745
-524
-518
-525
-537
-478
-243
-35
-51
-254
-552
-808
-925
-799
-688
-644
-680
-690
-735
-564
-263
22
232
370
355
686
1506
2525
3351
3971
3987
3680
3560
3369
3176
3229
3530
3331
2922
2484
2018
1831
1733
1504
964
350
-404
-1228
-2078
-2565
-2761
-2766
-3091
-3417
-3583
-3572
-3171
-2405
-1842
-1215
-646
-390
-344
-274
22
232
547
662
716
701
742
781
927
977
1189
1411
1355
1129
891
567
417
403
463
382
218
3
-263
-345
-229
-10
137
14
-305
-600
-784
-732
-551
-518
-703
-1070
-1479
-1779
-1824
-1698
-1465
-1296
-1220
-1192
-1121
-1019
-910
-810
-925
-1125
-1300
-1424
-1400
-1058
-816
-578
-457
-472
-673
-744
-682
-532
-230
-40
74
2
50
191
467
703
854
760
571
946
1843
2798
3529
3848
3468
2922
2601
2423
2570
3337
3945
3730
3207
2422
1811
1505
1165
533
-186
-998
-1875
-2650
-3095
-2913
-2272
-1820
-1878
-1958
-2048
-2090
-1848
-1529
-1258
-834
-656
-738
-1001
-940
-599
-18
419
667
679
401
59
-1
200
619
1271
1665
1572
1289
1008
816
1022
1416
1604
1362
985
459
98
100
403
797
815
424
-259
-905
-1324
-1254
-1109
-1087
-1329
-1731
-2182
-2296
-1951
-1370
-1077
-1142
-1660
-2385
-2869
-2830
-2309
-1742
-1359
-1243
-1421
-1468
-1187
-607
-28
410
507
211
-54
-73
124
526
853
894
646
315
115
115
259
472
426
522
1316
2419
3344
3862
3681
2818
2267
2058
2075
2748
4057
4706
4262
3404
2161
1389
1068
655
51
-439
-848
-1225
-1662
-1802
-1388
-910
-1338
-2455
-3491
-4232
-4280
-3671
-2979
-2130
-1188
-881
-1103
-1422
-1427
-1165
-821
-741
-619
-350
-40
414
1093
1614
2088
2400
2154
1618
1305
1231
1507
2098
2628
2728
2423
1833
1086
513
279
144
83
-107
-418
-721
-902
-907
-835
-880
-1298
-1880
-2547
-3054
-3083
-2653
-2147
-1871
-1991
-2475
-3030
-3306
-3182
-2670
-1959
-1364
-1003
-877
-747
-383
90
465
658
653
437
237
278
601
951
1305
1351
1065
616
368
202
174
240
771
2171
3651
4533
4352
3280
1749
1166
1410
2042
3494
5415
6098
5076
3374
1457
413
456
615
575
702
731
142
-1071
-2179
-2626
-2656
-3530
-4755
-5373
-5151
-4175
-2736
-1706
-1210
-1066
-1919
-3478
-4362
-3663
-1946
-57
1236
1627
1383
612
-109
-120
493
1666
2801
3223
3195
3127
3046
2924
2800
2354
1600
937
504
612
1225
1715
1743
1249
-50
-1601
-2356
-2443
-1966
-1236
-849
-1190
-1941
-3005
-3890
-4098
-3683
-3130
-2664
-2601
-2698
-2612
-2476
-2343
-2053
-1782
-1642
-1501
-1274
-778
-28
663
867
768
482
234
299
718
1178
1635
1825
1621
1205
884
639
678
612
982
2590
4378
5154
4521
2782
739
471
1895
3548
5650
7549
7354
4685
1539
-703
-850
923
2443
2757
2125
774
-1350
-3761
-5268
-4943
-3507
-3193
-3832
-4320
-4394
-4035
-3724
-3889
-4096
-3683
-3521
-3739
-3284
-1790
-166
544
109
-729
-1044
-718
175
1699
3036
3881
3814
2744
1567
1325
1949
2970
3962
4107
3326
2071
818
201
556
1143
1418
1255
278
-1095
-1890
-2157
-2240
-2203
-2238
-2556
-2888
-3011
-3022
-2855
-2784
-2909
-3199
-3479
-3406
-2675
-1937
-1687
-1732
-2052
-2433
-2418
-1751
-653
642
1503
1459
841
275
170
607
1404
2157
2498
2271
1591
936
673
967
1509
1755
1461
2434
4192
5189
4876
3445
1346
621
2509
4402
6073
7740
7637
4567
765
-1569
-1403
1472
4164
4245
2361
-227
-3075
-5535
-6347
-4840
-2062
-935
-2555
-4824
-6535
-6830
-5948
-4784
-3699
-2345
-1763
-2754
-3713
-3392
-2258
-1214
-588
-240
274
948
1419
1747
1856
1807
1860
1808
2262
3496
4669
4855
4127
2742
1254
692
1262
2388
3289
3167
1688
-590
-2646
-3387
-2499
-899
222
89
-1527
-3418
-4616
-4895
-4254
-2836
-1724
-1639
-2321
-3448
-4276
-4097
-3502
-3084
-2643
-2028
-1399
-891
-607
-362
-93
-28
-7
193
888
1770
2308
2129
1443
1012
966
1296
1764
2482
2718
2560
1899
1191
547
1608
4568
6512
6418
4256
1296
-456
1702
4797
6670
8232
7948
4231
-326
-2078
-1050
2500
5583
4638
1040
-1991
-4121
-5471
-5332
-3376
-1287
-1422
-4418
-7015
-7483
-6416
-4748
-3841
-3561
-2896
-2419
-3572
-4305
-3285
-1993
-1621
-1303
-386
1085
2208
1972
871
349
504
1402
2699
4420
5878
5607
3376
1180
514
967
2174
3278
3523
2650
992
-982
-1986
-1507
-456
162
-125
-1244
-2522
-3633
-3939
-3253
-2495
-2527
-2990
-3605
-4260
-4475
-4321
-4135
-3556
-2881
-2724
-2591
-1887
-1200
-1047
-1234
-1249
-753
-1
604
983
1275
1327
1342
1330
1581
2325
3109
3164
2790
2595
2519
2709
2932
3037
2703
2472
1887
3079
5600
6788
5711
3057
474
201
3820
6465
7498
7732
5846
1303
-1949
-1608
852
4349
5056
1608
-2379
-4229
-5088
-5450
-4633
-3064
-2343
-3816
-6343
-6969
-6131
-5212
-5107
-5289
-4526
-2818
-2201
-3199
-3367
-2558
-2310
-2193
-935
1030
2467
2189
584
5
1252
2802
3747
3984
3964
3215
1576
295
1341
3544
4118
3135
1564
244
-235
25
37
389
1184
499
-1649
-3100
-3184
-2760
-2487
-2491
-2859
-2924
-3182
-3885
-4455
-4243
-3554
-3068
-2951
-2854
-2417
-2341
-2827
-3109
-2856
-2067
-1028
-217
208
401
500
441
784
1774
3065
3859
3928
3463
2955
2720
2953
3620
4291
4369
4000
3069
2432
2221
2530
2559
3828
6418
6782
4772
1663
-280
24
4386
7369
6766
5512
3427
-462
-3072
-1320
1641
4216
3878
-679
-5161
-5872
-4836
-4299
-3695
-2671
-2139
-3436
-6385
-7447
-6303
-5138
-4679
-4361
-3282
-1488
-1010
-3185
-4722
-3422
-1525
-477
663
1975
2725
1952
-187
-1087
750
2944
3779
3297
2805
2828
2197
696
708
2444
3635
3138
1607
295
-15
-231
-1099
-1219
-428
125
-494
-1833
-2829
-2711
-2584
-3039
-2904
-2245
-1969
-2559
-3671
-4498
-4186
-3586
-3443
-3320
-3003
-2989
-3169
-3175
-2457
-1111
36
257
203
363
814
1594
2473
3259
3678
3556
3041
3048
3605
4432
4861
4778
4406
3903
3520
3565
4052
4415
4370
3352
1950
804
2695
5370
5806
3713
528
-1575
-190
4239
5385
4489
3594
1528
-1998
-3325
-1559
971
3170
1617
-2967
-5320
-4089
-3340
-4337
-4812
-3557
-2330
-3424
-5858
-6113
-4810
-3852
-4244
-4396
-2514
-42
-631
-3633
-4202
-1853
108
421
614
1609
2436
1171
-930
-652
2142
4050
3617
2277
2169
2395
1191
-631
-275
1884
3168
2021
46
-789
-411
-578
-998
-465
410
218
-1232
-2882
-3419
-2702
-2273
-2642
-2800
-2758
-3358
-4299
-4661
-3986
-3027
-2401
-2268
-2255
-2353
-2520
-2522
-1948
-744
516
913
822
822
1048
1381
2176
3277
4251
4670
4319
3774
3580
4038
4792
5375
5586
5367
4433
3234
2520
2297
2563
3080
3241
2532
1640
270
1025
3328
3703
1795
-411
-1165
-105
3501
3683
1600
1058
636
-1748
-2593
-315
1414
2120
-250
-4388
-5333
-2908
-1886
-2823
-3255
-2511
-2288
-4285
-6771
-5793
-3200
-2197
-2634
-2650
-1530
-805
-2180
-4295
-2937
810
2348
1169
245
492
812
-88
-893
743
3193
3084
1043
-312
421
1741
1344
154
776
2058
1566
-458
-1515
-716
69
-605
-1473
-1208
-805
-948
-2321
-3486
-2616
-983
-1405
-2239
-1762
-1694
-2806
-3548
-3645
-2610
-920
-558
-1636
-2087
-1789
-1688
-1588
-534
1243
2252
1842
1136
1195
1668
2324
2851
3316
4070
4843
4585
3954
3931
4268
4142
3889
4060
4581
4525
4065
3308
2583
1939
1530
1063
700
1018
758
-343
-1515
366
2198
1655
-567
-2543
-2902
-347
3285
2488
915
721
-343
-3006
-3354
-1101
1006
2138
-167
-3799
-4244
-2389
-2169
-3274
-2762
-633
139
-2395
-5012
-4526
-2892
-1886
-1584
-959
523
863
-1893
-4854
-3402
324
1870
1202
692
899
561
-1130
-2253
-711
1944
2638
1117
-347
-281
33
-905
-1637
-310
1369
975
-287
-1395
-1627
-1347
-1380
-1452
-349
748
-690
-2808
-3263
-2313
-1047
-93
119
-487
-1224
-2566
-3385
-2239
188
1601
1199
-73
-1124
-1755
-1848
-713
1366
3082
3490
2579
1361
936
1340
2144
3257
4767
5574
4909
3258
1997
1811
2523
3457
4308
4427
3424
1762
242
-413
57
1076
1447
1046
349
-852
-2104
-2743
-2593
-2464
-150
2600
1978
-1171
-4175
-5158
-2748
2641
3800
2332
1972
1127
-1691
-2800
-717
2088
4579
3156
-881
-1992
-412
-449
-1907
-1792
658
2636
571
-3527
-4322
-2853
-2066
-2167
-1227
628
1191
-1831
-5745
-5034
-1009
992
233
-489
10
-59
-2292
-4111
-2203
1290
2301
517
-1217
-1151
-819
-2077
-3009
-1006
1598
1471
-659
-2263
-1752
-1040
-1495
-1345
379
1498
617
-941
-2107
-1211
233
162
-203
936
1136
-429
-1012
-19
1410
2409
2036
1074
986
1252
708
579
1683
2908
2979
1739
924
1136
1578
1627
1994
2485
2651
2138
1052
361
690
1238
1274
1015
1015
713
142
-593
-727
-270
-144
-535
-1041
-1289
-1400
-1361
-1651
-1989
-2076
-2125
-1860
823
2308
1124
-1445
-2529
-1543
2401
5448
3907
2857
3010
2194
449
1207
3081
4433
4355
1451
-613
221
1032
-302
-1486
-794
647
180
-2873
-4357
-3022
-2197
-2740
-3055
-2182
-1477
-2300
-4657
-5173
-2585
-673
-1505
-2742
-2267
-1397
-1861
-3192
-2776
-576
456
-728
-1936
-1493
-551
-775
-1656
-1235
678
1136
-380
-1400
-524
1256
1759
781
439
1294
1656
988
1403
2504
3259
2886
1639
733
1392
2120
1497
1470
2424
2814
1790
349
-332
69
847
1033
897
709
42
-1290
-2493
-2147
-482
786
531
-427
-1173
-1653
-1763
-1240
-24
1168
1298
241
-1131
-1684
-1044
-59
508
909
960
167
-755
-1204
-785
47
567
526
374
89
-294
-481
-515
2307
4573
3765
952
-463
103
3231
6315
4855
3684
4067
3333
875
936
2656
4121
4570
1603
-1319
-743
205
-1366
-2960
-2484
-989
-896
-3675
-5760
-4844
-3863
-4372
-4987
-4020
-2478
-2309
-4666
-6200
-4294
-2003
-1768
-2370
-2082
-1274
-1340
-2516
-2407
-301
1294
813
-94
-122
570
671
157
719
2686
3206
1881
619
802
1954
2388
1966
2044
3089
3088
1991
1193
1394
1794
1730
1215
1172
1614
1176
-182
-812
-345
261
-173
-1125
-1788
-1743
-1802
-2100
-2014
-1497
-1534
-2398
-3058
-2838
-2102
-1702
-1651
-1436
-768
-432
-601
-621
10
672
940
789
972
1496
1699
1566
1745
2129
2194
1667
1162
1256
1928
2496
2272
1636
1063
732
527
851
1667
2007
1858
3275
3531
2253
611
191
1190
4495
6504
3868
1887
1449
702
-495
466
1969
2813
2128
-1562
-4364
-3580
-2043
-2479
-2997
-2341
-1623
-2787
-5995
-7041
-4865
-2827
-2648
-3132
-2707
-2194
-2995
-4808
-4375
-945
1466
743
-732
-755
-133
-394
-1020
251
2789
3564
1715
157
414
1084
968
677
1481
2907
2487
394
-515
421
950
716
681
1302
1722
812
-1227
-1582
234
1030
449
61
117
-646
-1857
-2699
-2092
-313
538
-870
-2455
-2918
-2802
-2779
-2311
-1210
-600
-1422
-2765
-3029
-2071
-687
336
801
991
879
283
-245
490
2303
3482
3403
2708
2202
1842
1788
2137
3015
4094
4027
2813
1467
983
1381
2114
2627
2531
2071
871
-109
-293
289
598
885
439
1579
3419
2020
-566
-1855
-1200
832
4367
3986
1576
854
-177
-1993
-1404
1091
1712
1607
-84
-2537
-2763
-2032
-2514
-2801
-1590
-461
-791
-2986
-4733
-3894
-2589
-2138
-1679
-621
-112
-948
-2720
-3402
-1527
465
659
211
315
235
-894
-2158
-1771
568
1703
612
-907
-1195
-958
-1117
-1536
-828
852
1059
-737
-2384
-2039
-576
22
-66
230
781
90
-1360
-2108
-1299
369
907
324
-59
-112
-877
-1714
-1404
15
1100
787
-576
-1576
-1493
-1040
-726
-212
443
443
-306
-1036
-816
224
1296
1664
1556
1515
1408
1212
1394
2221
3113
3332
2850
2128
1905
2167
2342
2712
3042
3057
2433
1121
140
342
1184
1678
1446
675
68
-402
-772
-603
-154
183
-3
-514
-1051
1192
2790
1650
-73
-667
-342
1957
4518
2875
1805
2061
1109
-122
1162
2308
2122
2138
140
-1657
-1070
-587
-1636
-1840
-1297
-1145
-1841
-3785
-4665
-3583
-2711
-2673
-2669
-2358
-2545
-3166
-4024
-3775
-2083
-1126
-1586
-2141
-2026
-1932
-2387
-2724
-1759
-441
-430
-1400
-1763
-1568
-1399
-1437
-1374
-407
863
560
-697
-1283
-749
-241
72
449
1230
1648
1057
-59
6
794
1288
1438
1714
1842
1468
761
277
600
1535
1673
713
188
272
7
-461
-205
524
757
191
-641
-860
-295
318
513
730
1315
1244
385
-96
781
2258
2676
2093
1647
1585
1643
1401
1321
1771
2285
1998
1188
710
800
987
819
766
1201
1452
713
-119
54
415
866
1093
850
605
794
139
664
3060
3414
1934
113
-785
350
3714
3786
1962
2005
1107
-739
-812
415
882
1541
-98
-3025
-2904
-1690
-2679
-3801
-3345
-2623
-2501
-3884
-5468
-4909
-3904
-4063
-4254
-3325
-2297
-2539
-3913
-4469
-2796
-1389
-1660
-2205
-1588
-871
-1209
-2354
-2086
-454
233
-544
-1021
-460
-57
-369
-645
393
1844
1595
83
-401
549
1765
1894
1575
1930
2056
1222
496
1102
2199
2599
2091
1523
1701
1462
501
-94
582
1425
1401
601
-162
-418
-752
-1051
-588
569
830
-139
-1248
-1291
-508
154
548
899
1293
1370
814
386
875
1667
2136
2499
2976
2909
2248
1462
1329
2082
2815
2829
2528
2111
1634
1029
568
900
1802
2055
1426
761
259
-47
-96
-63
311
790
515
-692
-1254
-1138
-575
1215
1585
595
-750
-1797
-2285
-347
1600
1290
951
-314
-2295
-2839
-1674
-1172
-624
-767
-2395
-2925
-2769
-3580
-4185
-3581
-2839
-2035
-2092
-3382
-3902
-3802
-3962
-3248
-1597
-539
-931
-2036
-3034
-2410
-1064
-639
-681
-114
228
-351
-1197
-1295
-247
704
677
486
779
709
229
-207
24
1148
2080
1704
1191
1189
1123
608
489
1232
1974
2041
1555
924
688
841
938
907
1408
1763
1253
448
91
212
420
654
689
659
450
26
-273
-175
287
677
502
278
434
788
1012
1156
1262
1240
1348
1446
1592
1894
2355
2331
2003
1746
1697
1793
1898
1890
1766
1735
1475
923
561
234
283
491
238
53
26
-712
-1485
-1139
-1080
-955
-411
-1128
-2088
-1764
-1782
-2044
-1247
-753
-1428
-763
-9
-518
-866
-1524
-2201
-970
1066
978
545
103
-1135
-1612
-1151
-585
329
689
-791
-1922
-1516
-1311
-1495
-1666
-1973
-1567
-1047
-1548
-1935
-1720
-2041
-2256
-1833
-1180
-454
-435
-1550
-2011
-1253
-834
-738
-580
-446
-363
-446
-724
-581
-207
-137
-263
55
606
943
546
-88
-18
478
1054
1492
1648
1441
1068
1005
1212
1377
1711
1925
1924
2070
2199
1705
1487
1683
1468
1300
1666
1691
1108
588
240
196
665
741
227
106
307
166
-74
8
282
524
394
348
450
532
525
477
586
890
1061
768
662
974
1031
659
451
596
577
484
254
14
-109
-345
-649
-601
-518
-682
-630
-1183
-1371
-1017
-938
-1110
-829
-670
-1144
-1086
-756
-609
-454
-222
-474
-690
-477
-567
-555
168
588
393
-92
-553
-783
-459
183
602
961
619
-341
-1085
-1088
-620
28
188
-187
-756
-1145
-1367
-1418
-1326
-1213
-973
-822
-734
-891
-1555
-2041
-1768
-1131
-374
92
-136
-778
-1212
-1257
-879
-231
325
401
260
119
1
-160
-157
295
964
1413
1428
1311
1006
764
862
1141
1478
1967
1960
1410
949
780
540
637
1116
1350
1112
524
-175
-394
40
384
386
262
29
-357
-612
-579
-183
241
438
286
-14
-292
-342
-305
-6
370
619
500
176
-86
-48
105
198
554
771
581
-32
-78
59
-25
338
541
448
324
323
-379
-575
105
155
157
467
242
-234
-328
-533
-460
424
485
63
201
-116
-344
-236
-650
-596
297
248
-462
-608
-908
-1455
-852
-400
-565
-166
-306
-1130
-1050
-485
-356
-21
70
-161
38
217
15
213
299
160
429
429
288
437
410
-21
-45
336
428
630
461
-171
-353
-233
-196
-44
60
-91
-293
-579
-747
-513
-156
-211
-443
-472
-298
-229
-403
-619
-400
69
317
164
-109
-320
-478
-617
-346
274
403
-19
-538
-797
-333
42
-109
-164
-3
14
-86
-24
9
374
341
23
297
734
844
572
480
260
528
904
614
365
547
166
-54
354
-15
514
312
-360
-130
284
-293
-519
495
-165
-322
179
-133
-804
204
187
-781
48
161
-539
-147
87
-442
384
-27
-356
-107
206
-24
-182
417
-46
117
114
-70
-158
101
-158
-169
451
474
433
103
-77
246
653
402
377
638
532
474
398
277
751
792
531
728
764
475
312
214
93
682
1140
471
213
270
-129
-206
275
391
73
379
-278
-719
-568
-328
-93
-378
-324
-538
-655
-781
-813
-903
-958
-623
-561
-755
-797
-907
-985
-1213
-1054
-880
-517
-452
-680
-730
-918
-752
-426
-349
-281
142
-24
-304
36
412
186
737
579
254
488
554
598
198
811
549
386
247
209
429
-75
277
110
225
45
313
-547
-715
104
-431
-464
-434
-224
-1014
-145
-631
-933
-324
-836
-429
-757
-206
-227
-333
-392
-1032
-101
-147
-30
547
-26
-158
-457
128
-360
424
1203
278
302
569
235
284
833
724
890
1323
1178
366
1042
925
479
1115
1566
1357
1449
1270
427
602
1314
964
915
1368
880
738
346
233
347
703
453
166
271
396
-762
-398
6
-360
5
77
-588
-832
-38
-1282
-1004
-159
-396
-877
-747
-1048
-1342
-883
-908
-1227
-683
-577
-1042
-1253
-1140
-849
-615
-391
-682
-197
-436
-448
-910
-171
285
355
669
525
320
-193
256
233
1246
1204
1197
620
466
689
368
1115
665
1280
866
547
130
162
806
27
163
-25
-1
-153
-542
-846
-737
-601
-898
-1031
-786
-763
-1334
-1550
-1502
-1211
-1121
-937
-1323
-1526
-1071
-1455
-1052
-1309
-713
-702
-1250
-1118
-835
-284
-940
-215
-330
-206
-239
240
-303
-1
869
176
713
996
1032
308
1114
718
1349
1146
1597
1245
721
1714
573
1130
1373
1661
759
1312
1227
62
806
839
993
602
1260
548
-368
689
149
-510
688
492
-312
66
-20
-338
-191
-96
-217
-209
133
-65
-612
-375
-309
-444
-277
169
-278
-337
-350
-742
-689
-191
-84
-79
33
-231
-81
-453
-184
97
559
468
387
870
49
776
798
851
1139
874
1411
746
769
1353
1030
1438
974
1350
1112
624
1055
496
788
651
611
476
-125
317
-457
-122
-274
-808
-189
-1372
-904
-1146
-1440
-1163
-1513
-1198
-2122
-1235
-2117
-1984
-1147
-2353
-1530
-1419
-1405
-2467
-1307
-1433
-2299
-877
-1356
-1065
-1268
-754
-1437
-1336
-205
-754
-120
-412
-64
-331
-424
-310
-124
658
356
680
414
-26
447
280
254
1005
889
669
304
269
-84
769
238
438
859
-47
501
171
25
-30
658
75
275
667
-136
32
51
-94
38
479
390
255
606
-30
-204
665
97
618
1288
293
385
679
402
87
1122
956
414
1104
325
544
288
629
537
1086
1032
593
899
476
583
808
934
1274
1417
1023
741
897
534
1067
1466
667
1397
774
1204
26
696
1210
117
951
884
381
68
636
-536
-451
330
366
-436
104
-442
-451
-1035
-470
-674
-694
0
-646
-1118
-1199
-715
-1612
-755
-1081
-362
-1412
-474
-1809
-1417
-1012
-1245
-836
-1645
-284
-1875
-528
-1984
-774
-1022
-1256
-1052
-888
-929
-1397
-166
-1689
-1001
-222
-737
-1276
-30
-627
-590
-550
-82
-1035
97
140
-1049
422
-475
-187
-307
-17
-156
252
-38
-806
443
-18
106
371
-238
414
-153
517
245
241
739
193
141
682
782
83
1421
-229
813
1034
470
759
774
819
332
805
493
903
376
1273
403
289
852
410
185
858
496
103
711
149
916
-93
568
329
96
805
514
571
86
689
199
300
530
673
887
24
846
-103
605
745
200
983
311
714
265
10
373
596
560
647
369
508
98
656
171
458
580
268
442
-828
1078
-418
-111
446
-379
-20
-206
-401
-990
-85
-205
-963
-709
-107
-1391
-600
-977
-820
-952
-1041
-406
-2087
-363
-1160
-1620
-690
-1275
-727
-1382
-677
-1025
-966
-254
-1655
-122
-981
-28
-524
-776
278
-1599
741
-1003
-24
238
-266
-181
-517
96
-686
242
0
-155
320
-195
271
-443
52
879
-720
889
385
-14
281
83
498
-759
1215
-190
197
1071
-346
417
120
574
-184
610
794
-891
914
-6
-816
579
73
-85
274
149
-133
-45
463
-298
195
211
-177
56
151
466
138
442
321
-249
713
104
714
809
661
827
-43
760
196
760
380
1100
459
847
630
551
707
293
791
811
928
600
1044
-139
1101
-214
715
783
61
550
302
-77
-313
522
-483
93
-247
184
-430
252
-523
-585
-481
-593
-827
136
-485
-956
-40
-1347
-614
-1031
25
-1414
168
-949
-418
-655
-1042
-9
-1450
475
-1123
69
-287
-766
3
-322
-636
-380
228
-534
-334
420
-298
-647
449
-571
-197
28
440
-795
215
-17
-960
646
-108
-473
114
281
-851
164
500
-906
-138
545
-1076
384
352
-364
-229
324
41
-728
637
-181
-342
355
117
-451
183
230
-343
-555
591
-465
332
273
-536
195
-305
757
-973
1001
289
-71
486
-113
715
-275
1211
-16
211
1206
313
652
220
911
424
479
1180
346
782
735
347
458
834
1106
150
1141
591
-58
872
502
-22
766
734
-390
54
880
-655
-173
753
-998
94
538
-755
-778
496
-1116
-778
814
-1350
-219
-187
-566
-1555
381
-499
-1463
676
-999
-705
-532
-201
-1476
59
-444
-833
-237
-660
-421
-528
-26
-658
-310
165
-631
-286
87
-77
-204
-127
328
-788
473
644
-727
426
441
-153
-189
352
630
-374
899
139
-138
486
-324
563
-505
717
176
-81
343
-252
641
-615
703
318
-240
730
-347
88
71
151
-128
38
478
-221
232
313
-586
147
239
-309
-139
375
380
-731
107
126
-547
159
409
-86
-94
307
235
-662
361
575
-271
629
34
537
243
-273
738
-99
455
256
480
88
43
683
-269
134
412
-21
372
-257
552
-239
-100
286
-682
799
-474
81
-347
-104
-508
-329
262
-978
662
-744
-827
-153
-740
-8
-875
-182
-340
-661
-251
-704
-302
-720
130
-757
-545
211
-790
-227
-450
-22
-371
122
-42
-237
1
1
83
-48
241
103
138
202
-152
604
128
300
133
-19
510
27
72
477
343
-114
296
482
-398
372
420
89
-26
554
193
-326
865
274
171
480
469
53
353
533
395
286
576
627
29
512
841
115
446
794
604
-291
929
386
-416
994
405
-94
292
763
-260
-409
936
-728
-50
334
-465
-120
-402
118
-381
-626
-86
-630
-396
-567
-239
-510
-883
-101
-635
-841
-383
-270
-960
-740
-79
-916
-593
-84
-684
-917
37
-775
-722
121
-289
-695
164
-263
-841
74
-152
-532
-20
46
-542
97
-225
-124
327
-629
50
-13
-321
-87
260
-83
-573
536
-379
-543
695
-192
-547
633
43
-382
423
405
-582
401
537
-599
941
301
-166
413
822
-229
375
1286
-800
998
597
-68
487
928
12
86
1099
-1
217
1013
341
-35
1115
466
-71
1089
587
-191
1445
265
285
1395
385
177
968
1103
-326
1271
1114
-267
1039
857
8
509
1139
333
147
926
-248
93
456
-478
471
-137
39
-611
-142
-268
-1300
369
-1233
-409
-792
-299
-1166
-1347
38
-2311
-257
-886
-1079
-718
-1413
-514
-2067
-555
-314
-1906
-129
-933
-884
-1457
-346
-576
-1869
776
-1459
-495
-255
-707
-350
-653
336
-895
283
-32
-784
316
-38
-334
264
412
-13
-135
318
-121
-171
322
153
-91
473
321
-138
37
285
-154
-92
628
-220
234
311
-99
40
-9
312
299
-100
1030
-72
-185
604
61
226
359
1503
-499
668
829
-95
644
676
1451
-165
1248
926
202
674
982
955
24
1817
833
92
1519
798
144
968
1160
756
388
1691
240
156
1443
-26
847
425
1090
437
136
803
96
470
-177
834
-154
-336
990
-809
5
101
-312
-416
-466
176
-1239
-32
-337
-1113
-503
-402
-1026
-1185
-500
-900
-1254
-641
-1105
-908
-1040
-917
-919
-1323
-936
-729
-1299
-685
-813
-1202
-629
-1083
-716
-883
-50
-1410
-518
-408
-740
-628
-234
-64
-975
155
-509
-352
-666
396
-200
-457
205
62
-585
286
-110
-153
98
36
103
-486
507
-218
-58
56
393
-182
121
175
-84
-105
602
53
-29
504
311
57
265
606
-182
440
906
173
258
1370
-235
697
851
262
777
807
1028
128
1275
689
265
1086
795
726
465
1305
557
65
1435
547
460
967
1032
188
606
847
460
352
1090
380
283
668
212
351
279
634
237
210
383
-64
-33
103
63
29
-35
-49
-178
-423
-268
0
-699
167
-368
-383
-704
112
-895
-537
-166
-885
-410
-595
-483
-965
-73
-1032
-596
-384
-874
-681
-188
-1232
-672
-187
-1100
-506
-572
-469
-1297
-136
-675
-810
-603
-163
-1182
-248
-420
-908
-84
-795
42
-922
307
-952
-118
-57
-998
548
-476
-183
-13
78
-619
532
243
-453
204
836
-651
-187
1472
-926
266
834
-128
-286
955
336
-350
801
284
-140
730
104
337
516
335
70
222
846
-332
780
297
151
227
430
25
219
518
456
59
604
55
243
573
-209
837
-183
1020
-231
433
535
124
413
281
429
87
714
16
721
-137
930
-413
693
277
167
817
-41
491
-128
811
-645
874
452
-129
440
335
29
-458
796
-462
-366
580
93
-437
48
357
-1056
179
-56
-710
122
-172
-248
-760
-319
-505
-632
-163
-574
217
-980
-357
-323
-892
-577
-182
-443
-790
163
-411
-785
-422
142
-1358
246
-156
-597
-17
-281
-467
-396
193
-685
300
-230
34
-249
145
-197
-92
97
419
-177
193
522
-272
450
-181
570
-266
619
-68
38
212
176
38
32
631
-248
-13
359
-454
-51
488
-410
444
-240
-141
-464
253
-526
180
276
-556
499
-526
88
-334
-50
169
-422
422
-228
9
561
-194
88
62
318
-145
724
131
13
530
49
305
39
687
91
401
139
325
422
84
665
-44
481
84
314
198
-122
636
-160
179
-123
264
-85
-159
170
-223
255
-554
121
-228
-366
-47
-15
-257
-276
34
-285
-826
57
-77
-763
449
-278
-417
-182
-10
-653
-180
269
-513
130
166
-433
108
-10
-286
276
-176
38
315
-225
133
385
-101
217
119
425
-129
288
515
-216
771
-92
628
21
204
461
127
561
-237
844
-147
229
62
397
40
-27
470
-119
-113
236
-74
-122
168
-150
-194
73
-227
-316
61
-476
-215
-138
-187
-501
-21
-200
-602
-344
243
-774
-318
323
-533
-434
83
156
-958
391
-122
-369
-12
167
21
-393
166
-36
-103
54
-58
175
-229
42
256
-454
324
-12
-227
156
-87
-302
333
-27
-438
151
-110
-354
-87
-75
-141
-306
-124
56
-380
-187
54
-113
-426
206
-345
-210
-187
77
-411
-187
285
-649
192
-207
-216
-54
-22
-27
-157
184
-169
143
115
-224
542
-86
94
532
-11
342
411
215
331
324
282
530
186
438
586
334
383
407
566
297
579
414
441
575
379
456
506
413
350
369
435
142
439
812
-66
216
825
-252
119
592
-2
35
550
-8
-84
377
-48
-137
46
-45
-61
113
-280
-159
-199
-235
-484
197
-575
-20
-83
-795
145
-679
-53
-546
-47
-502
-167
-204
-425
-89
-597
179
-566
-131
-213
-305
-215
-302
-120
-423
-240
-179
-333
-328
-298
-151
-303
-396
-180
-451
-425
-239
-376
-428
-242
-258
-803
-404
-359
-803
-409
-209
-479
-498
-308
-526
-736
-264
-489
-393
-328
-108
-442
-328
-209
-466
2
-160
-207
162
-76
-119
86
89
29
227
402
145
543
170
383
365
308
616
403
737
461
735
678
456
526
741
380
569
927
552
590
869
286
414
905
276
475
704
672
222
829
390
318
612
337
449
389
591
288
413
456
187
362
171
237
78
289
247
-64
435
-19
32
-68
57
-83
-58
179
-119
143
-296
104
-218
-111
-75
-153
139
-513
308
-254
-481
92
-367
-178
-345
76
-361
-379
-101
-329
-590
-107
12
-731
-182
-105
-748
-587
-83
-664
-650
-237
-395
-875
-439
-215
-900
-442
-353
-629
-776
-291
-628
-823
-301
-466
-862
-370
-455
-752
-632
-288
-467
-788
-154
-424
-592
-323
-180
-343
-395
129
-256
-291
111
-10
-174
180
469
-195
183
550
-194
386
477
308
176
643
451
218
644
365
479
447
375
489
671
261
558
500
446
320
719
488
187
841
278
352
522
475
283
635
494
280
448
404
333
215
542
313
365
422
409
127
545
280
109
467
134
294
89
303
219
129
98
207
136
-136
295
-23
19
-32
113
-19
-109
29
-112
-166
-260
75
-208
-197
-85
-215
-341
-222
-383
-224
-183
-428
-12
-366
-371
-242
-295
-523
-332
-240
-470
-352
-322
-450
-381
-454
-391
-437
-335
-242
-406
-441
-342
-397
-492
-271
-396
-319
-352
-222
-479
-284
-282
-181
-440
-68
-293
-254
-59
-285
-114
-58
-90
-153
63
-136
49
-79
176
-84
207
88
-33
180
76
172
69
296
190
184
272
255
87
434
158
148
318
211
141
285
295
107
354
296
148
203
417
245
158
283
410
14
283
490
-91
380
213
91
134
450
24
172
312
16
220
283
128
-19
439
-94
33
326
2
-17
132
192
-146
114
67
-118
87
-52
49
25
93
-47
-24
-46
-287
126
-214
40
-5
-69
22
-270
-73
-194
-136
-139
-104
-195
-90
-46
-273
-44
-82
-146
-245
16
-91
-276
12
-118
-312
-106
-66
-182
-88
-93
-19
-199
-166
-26
-92
-185
-49
-103
-115
-168
-19
-157
-183
-36
-109
-136
-82
-12
-126
-79
77
-81
-14
53
47
28
-107
245
-142
107
92
41
-1
200
76
1
337
44
129
98
24
82
170
-66
144
117
-45
78
154
-150
102
124
-121
-7
90
-20
-94
180
-117
-79
150
-93
-173
126
-12
-226
37
64
-225
21
-1
-142
47
-14
-91
5
11
-59
-41
11
34
-48
-9
57
-66
-17
95
-61
36
19
-18
17
2
114
18
78
84
-9
57
-16
56
52
70
2
51
33
-71
83
-34
134
66
29
22
110
-61
-58
99
-143
54
116
-65
54
12
-61
-14
-54
-27
-15
76
-18
68
12
-83
-80
-17
8
-64
102
54
29
61
59
24
41
99
136
140
63
278
74
57
185
86
101
100
267
138
113
215
195
75
172
234
52
138
137
93
97
93
140
-35
62
42
-37
101
-75
151
-95
-99
46
-244
-116
-141
-133
-238
-227
-97
-304
-334
-40
-399
-232
-191
-303
-283
-301
-231
-320
-302
-212
-324
-287
-159
-330
-141
-195
-178
-235
-130
-175
-196
-19
-197
-11
22
-162
-19
88
-156
-49
29
10
-51
94
87
-41
133
46
-56
22
95
-55
11
168
-38
-56
135
-112
-89
151
0
-30
149
-20
16
181
33
50
190
52
-13
172
-62
140
188
-27
142
120
89
109
114
57
67
181
-1
180
206
120
205
119
177
209
93
255
214
233
277
288
191
167
394
150
134
347
232
123
277
216
72
215
201
45
139
169
153
41
93
169
33
19
52
-5
-107
3
-57
-86
-44
-68
-38
-128
-139
-90
-157
-178
-175
-131
-178
-214
-74
-252
-218
-124
-186
-241
-123
-171
-240
-172
-205
-212
-234
-89
-236
-203
-88
-253
-181
-153
-206
-195
-126
-161
-175
-105
-196
-121
-150
-170
-57
-138
-148
-130
-156
-143
-111
-123
-55
-100
-102
-58
-144
-86
-30
-141
-31
-46
-21
-29
-8
15
-37
30
105
-26
58
103
-51
1
23
78
-7
108
141
55
148
172
102
146
158
259
145
136
239
116
92
223
129
140
218
110
217
156
197
247
201
200
253
216
144
225
217
130
260
148
218
149
143
171
119
145
125
158
85
185
96
105
119
127
163
40
128
89
26
69
30
73
6
47
28
-61
40
-62
20
4
-100
32
-88
-125
-29
-103
-101
-159
-97
-207
-167
-169
-163
-146
-99
-185
-196
-129
-277
-205
-200
-281
-226
-251
-224
-210
-282
-199
-271
-238
-232
-238
-198
-210
-205
-228
-183
-225
-183
-164
-195
-180
-140
-209
-154
-142
-159
-183
-69
-122
-140
-39
-94
-55
-71
1
-35
-50
12
-49
-35
30
17
35
92
55
13
106
4
63
138
78
109
169
107
53
137
93
115
201
174
199
136
163
124
124
163
187
166
196
216
177
193
208
159
204
214
177
294
198
222
262
161
198
226
170
211
201
218
173
204
212
210
245
181
233
219
175
204
166
176
61
132
92
28
123
62
71
51
24
38
17
-27
-3
-111
-63
-87
-111
-121
-121
-157
-171
-170
-184
-140
-225
-141
-236
-244
-228
-286
-270
-238
-251
-231
-217
-220
-264
-246
-224
-331
-200
-193
-194
-141
-203
-166
-219
-201
-185
-184
-131
-176
-123
-153
-207
-134
-197
-127
-84
-151
-106
-76
-142
-127
-39
-136
-88
-40
-59
-67
-48
-75
-57
-14
-46
-3
-18
-56
-17
-58
-43
54
-14
20
44
26
23
61
75
73
84
139
94
69
145
123
124
167
190
188
201
219
187
204
263
185
241
249
262
269
238
233
278
253
246
298
264
242
220
214
202
246
224
206
212
172
130
145
142
117
110
92
26
55
10
-1
15
2
-7
-15
4
-32
-46
-75
-77
-113
-73
-56
-113
-72
-97
-120
-106
-135
-140
-82
-135
-110
-93
-61
-101
-90
-59
-146
-92
-145
-178
-95
-122
-141
-69
-127
-86
-103
-116
-82
-82
-82
-129
-93
-100
-90
-101
-84
-82
-103
-123
-71
-98
-108
-102
-121
-115
-82
-84
-45
-44
-83
-38
-88
-76
-49
-52
-16
-10
-51
3
21
-10
6
9
4
9
29
35
51
4
25
42
35
52
93
33
46
56
13
49
30
84
22
32
80
-30
15
32
19
37
6
67
36
78
76
55
73
52
50
61
80
67
85
63
25
54
41
-8
33
23
-2
37
47
29
60
24
26
43
-8
26
46
1
5
28
-16
7
-10
22
-35
16
18
-8
15
-31
-34
-61
-47
-54
-26
-46
-28
-47
-27
-24
12
-19
-1
1
-29
-31
-39
-36
-43
6
-29
0
-25
0
-40
-25
-21
-2
2
26
37
7
70
36
34
53
81
63
116
122
94
127
83
89
118
57
127
95
68
100
60
88
90
99
81
106
77
28
37
9
14
21
-12
-9
4
-77
-60
-42
-117
-84
-88
-93
-71
-97
-79
-82
-111
-119
-102
-119
-151
-107
-119
-155
-135
-132
-167
-137
-107
-151
-92
-47
-96
-65
-61
-42
-69
-38
-30
-73
-51
-43
-95
-38
-11
-62
-32
-13
-45
-6
53
-31
33
37
-23
14
9
-3
-18
0
-24
-35
-3
-15
11
28
4
20
36
-11
-16
29
-17
9
18
3
24
26
40
11
61
27
59
74
74
80
100
75
67
104
100
94
134
155
86
164
133
97
120
107
82
127
127
118
147
116
153
139
144
146
160
129
123
123
58
82
56
49
87
75
68
63
36
28
-4
1
8
5
-12
36
-24
-35
-30
-53
-48
-69
-44
-62
-73
-69
-108
-104
-103
-111
-118
-99
-72
-89
-94
-77
-91
-133
-149
-146
-159
-125
-121
-145
-110
-133
-121
-116
-97
-94
-135
-106
-155
-114
-96
-136
-101
-106
-98
-107
-88
-89
-78
-83
-107
-94
-76
-93
-69
-77
-72
-86
-62
-83
-58
-9
-73
-36
-70
-48
-54
-28
8
-18
26
25
-13
29
48
41
47
55
37
48
28
9
55
47
77
101
120
108
135
129
87
142
136
157
152
151
197
147
147
186
167
207
160
185
183
154
187
145
179
183
154
177
161
152
127
134
134
121
121
120
113
100
99
83
76
78
81
57
110
56
48
39
17
23
10
-21
-11
-19
-56
-39
-57
-78
-79
-86
-119
-105
-119
-104
-139
-116
-116
-132
-107
-122
-131
-120
-100
-117
-140
-90
-114
-164
-116
-145
-123
-135
-122
-108
-119
-100
-138
-123
-111
-134
-106
-102
-114
-97
-118
-112
-124
-103
-133
-117
-102
-99
-93
-92
-91
-100
-91
-107
-93
-94
-122
-111
-120
-95
-129
-77
-47
-80
-38
-62
-48
-38
-55
-58
-69
-55
-70
-33
-3
-22
10
7
11
39
27
31
47
55
45
62
60
112
124
114
135
141
173
173
160
189
191
160
199
187
186
201
212
168
201
198
175
177
219
191
204
223
194
211
179
205
183
165
174
154
150
134
130
109
95
78
68
77
85
75
65
52
72
42
26
42
-20
-21
-33
-43
-32
-39
-36
-36
-31
-42
-45
-55
-86
-93
-77
-97
-86
-88
-68
-53
-64
-66
-83
-100
-129
-103
-104
-134
-116
-121
-150
-131
-137
-150
-138
-137
-148
-134
-126
-151
-152
-150
-182
-192
-180
-173
-160
-154
-121
-134
-119
-155
-164
-162
-177
-159
-161
-163
-136
-97
-113
-93
-85
-83
-87
-93
-76
-64
-41
-55
-52
-23
-21
-8
6
36
41
43
84
38
64
67
25
85
73
52
91
92
109
119
154
150
140
169
137
160
151
154
170
171
194
187
165
172
173
163
152
176
159
168
179
166
145
150
160
131
137
143
130
114
105
101
78
100
93
68
95
75
46
67
35
31
48
26
20
19
-2
-7
-21
-32
-6
-13
-29
-21
-10
-43
-48
-32
-66
-92
-90
-98
-100
-129
-113
-122
-113
-114
-107
-143
-150
-135
-140
-123
-112
-102
-89
-88
-79
-92
-109
-114
-118
-133
-111
-106
-122
-108
-106
-84
-78
-103
-94
-112
-108
-91
-64
-52
-51
-63
-71
-68
-94
-72
-52
-52
-37
-16
-28
-32
-20
-33
-42
-40
-51
-31
-27
-19
6
26
19
19
14
26
20
13
33
44
30
61
63
68
56
60
73
44
87
86
84
105
103
106
109
91
110
111
90
108
108
108
107
117
116
115
105
112
96
87
114
100
82
72
65
49
42
34
29
40
34
18
34
33
34
45
26
30
-2
-18
-17
-24
-41
-13
-1
-11
-10
-22
-21
-56
-44
-63
-67
-48
-55
-30
-31
-32
-37
-57
-70
-57
-92
-84
-65
-59
-35
-28
-14
-9
-20
-26
-25
-41
-28
-26
-44
-26
-13
-27
-16
-12
-14
-14
7
2
-6
-27
-1
-15
-14
5
-15
-4
-24
-12
-1
-8
-2
-6
-37
-27
-17
-50
-19
-25
-27
-6
-10
20
19
23
33
30
20
20
32
24
-1
9
1
3
19
15
54
36
32
29
22
24
10
-17
10
4
4
7
0
0
26
18
-11
15
-2
-23
-8
7
-7
-7
-12
4
-11
-19
8
-14
-13
-17
-16
-9
-20
-31
-6
-2
-29
-22
-15
-18
-9
-1
0
1
-19
-38
-43
-32
-28
-15
0
0
11
15
0
6
-9
-15
-3
-11
-12
-18
-18
-34
-24
-6
0
7
0
-2
-11
5
5
4
-7
8
5
-6
2
-15
-8
4
15
28
44
19
8
-18
-28
-20
5
17
15
31
25
50
39
27
40
38
36
47
59
65
62
62
58
52
59
36
35
25
29
25
34
33
30
33
32
29
27
34
24
29
11
9
21
11
-2
-1
-16
-11
7
11
23
11
2
-5
-3
7
-9
-21
-14
-32
-29
-36
-48
-37
-38
-40
-60
-55
-53
-48
-53
-52
-52
-66
-59
-69
-59
-64
-59
-59
-56
-39
-41
-43
-37
-38
-32
-22
-17
-27
-32
-44
-56
-52
-42
-28
-23
-14
1
-3
3
-2
2
2
11
12
12
21
13
7
10
9
12
14
4
11
12
13
17
23
21
29
9
13
20
12
16
14
30
31
21
21
6
-2
15
18
31
48
48
52
53
48
43
45
43
38
27
31
32
45
38
49
57
52
45
36
34
18
24
28
27
39
42
31
25
23
19
12
9
5
-1
13
17
13
7
-12
-24
-12
-19
-19
-13
-8
-20
-11
-1
-13
-11
-19
-34
-30
-38
-42
-57
-52
-29
-41
-39
-29
-54
-57
-44
-40
-35
-33
-21
-28
-37
-31
-44
-40
-43
-51
-40
-34
-37
-20
-15
-18
-9
-18
-10
-27
-34
-42
-46
-46
-38
-31
-29
-30
-16
-17
-13
-6
1
4
-4
5
-6
-13
-5
-16
-12
0
-5
-1
-2
-1
1
2
6
14
23
34
33
26
32
22
24
35
33
40
38
31
38
53
53
60
64
67
77
58
60
52
39
44
45
43
44
53
55
53
55
59
45
41
30
35
37
35
32
27
25
13
20
20
18
22
19
23
27
16
11
9
5
-7
-18
-18
-16
-11
-1
1
0
-7
-25
-23
-30
-30
-34
-30
-20
-20
-30
-30
-33
-42
-43
-40
-43
-47
-35
-48
-52
-48
-47
-48
-59
-45
-53
-55
-53
-57
-53
-44
-39
-33
-31
-41
-47
-51
-62
-63
-51
-48
-54
-48
-43
-48
-41
-36
-29
-18
-11
-11
-9
-10
-5
-9
1
6
-7
2
-9
-14
-11
-9
-13
-12
4
-6
-2
4
11
20
32
35
38
43
35
39
40
38
41
34
35
28
34
37
37
33
27
36
45
49
52
57
59
64
57
54
54
53
49
41
45
46
40
47
54
53
54
41
38
35
30
32
37
32
37
40
