-1
-1
-1
0
-1
-2
-1
0
-1
0
-2
-1
-2
-3
-2
-3
-3
-2
-3
-3
-2
-3
-2
-1
-2
-2
-2
-2
-3
-3
-2
-2
-2
0
0
-2
-1
-1
-1
-1
-2
0
2
0
0
2
1
1
1
1
1
1
1
0
-1
-1
0
-1
1
3
4
3
4
3
2
0
1
1
1
3
2
1
1
1
2
3
1
2
0
1
2
1
1
1
1
1
1
1
0
-1
0
-2
-2
-1
-1
-1
1
1
2
3
2
0
-1
-2
-1
-1
0
0
0
0
1
1
2
1
1
1
1
-1
0
-1
-1
-1
1
2
0
2
0
-1
-1
-1
-3
-2
-1
-1
0
0
0
1
0
0
0
-1
-3
-3
-2
-2
-2
1
1
2
1
1
2
0
0
0
0
-1
-1
-2
-1
0
-1
0
-1
-1
-1
-2
-2
-2
-1
0
0
-1
0
0
-2
-2
-1
-3
-3
-2
-4
-3
-2
0
1
1
1
1
0
2
1
0
0
0
-1
0
0
-1
-1
-1
1
-1
0
1
0
1
-1
0
-1
-1
0
0
1
1
1
1
1
1
1
1
1
3
3
3
3
3
3
3
3
1
2
2
1
2
3
1
0
0
2
2
1
2
2
1
0
0
0
0
1
1
0
3
1
0
2
1
1
1
-1
-1
-1
1
0
0
0
0
0
0
-1
0
-1
-2
-2
-2
0
0
0
-1
-1
1
0
0
0
-1
-1
-1
1
0
0
-1
-2
-2
-2
-1
-1
-1
-1
-3
-1
-2
-2
-2
-3
-3
-2
-3
-2
-3
-2
-2
-1
0
-1
-1
-1
0
0
1
2
2
2
1
1
0
0
0
0
-1
-1
-2
-4
-1
-1
-3
-1
-1
0
1
2
3
3
4
3
3
3
4
3
1
1
1
-1
-2
-1
1
1
3
3
3
1
2
1
1
-1
0
-2
-1
-2
-2
-3
-4
-4
-3
-3
0
-1
-1
0
1
1
1
3
4
3
1
2
1
-1
-1
-2
-2
-1
-1
-2
-1
0
0
1
1
1
1
0
-2
0
0
0
0
0
-1
-1
-1
0
-1
-1
0
1
2
3
3
3
4
2
2
1
2
1
1
0
0
1
0
2
0
1
2
1
-1
0
0
-1
-1
0
-2
-3
-4
-3
-3
-3
-2
-1
-3
-2
-1
-2
2
0
1
-1
-2
-1
-1
-1
-1
0
-1
-1
0
-1
0
1
0
1
-1
-1
0
-1
-1
-2
-1
-1
-1
0
0
0
0
0
1
0
2
2
1
3
4
3
4
4
4
3
3
2
3
1
1
1
0
0
2
1
1
0
-2
0
-2
-2
-2
-2
-3
-2
-2
-2
-1
-1
0
-1
0
1
1
1
0
2
1
2
2
2
0
-1
-1
-3
-1
-1
0
0
0
0
0
-1
0
0
0
-2
-2
-1
-2
-3
-1
-2
-2
-1
-1
-1
1
2
2
2
2
1
1
1
0
-1
1
-1
-2
-1
0
0
0
-1
-1
-2
-3
-3
-1
-1
1
-1
-1
0
1
1
0
0
0
0
0
-1
-1
-2
0
1
0
1
1
0
-1
0
-2
-2
-1
0
0
0
-2
-1
0
-2
-2
-1
-2
-3
-3
-2
-1
-1
-2
-1
-1
-1
0
0
1
2
0
0
0
-1
0
0
0
1
0
2
2
3
1
2
0
1
2
2
2
2
1
1
3
4
4
4
2
3
3
1
2
2
2
0
0
2
2
2
3
1
1
2
2
2
2
1
1
2
3
1
2
4
3
2
1
-1
-2
0
0
0
1
1
-1
0
0
1
0
0
0
-1
-2
-3
-3
-2
-2
-2
-3
-2
-1
0
1
1
1
0
-1
-1
-1
-2
-2
-2
-1
-2
-3
-3
-4
-3
-4
-3
-3
-1
-2
-3
-1
0
-2
-3
-1
-2
-3
-3
-2
-3
-3
-3
-3
-1
-3
-1
1
1
2
2
2
2
1
1
1
2
1
0
-2
0
-1
-2
-1
0
1
1
0
1
1
1
2
1
1
0
0
-1
-2
-3
-3
-2
-3
-3
-1
-2
-2
-2
0
0
1
3
2
0
1
-1
-2
-1
-2
0
-1
-1
0
0
1
0
-1
0
-1
-1
-1
0
0
1
2
0
0
2
2
2
4
3
4
4
4
4
5
4
3
3
5
4
4
4
3
5
5
4
5
4
3
2
3
2
3
2
-1
-1
0
-2
0
0
1
2
3
2
2
2
1
2
1
1
1
0
-1
-1
-2
-1
0
0
-1
-2
0
0
0
0
-1
0
-1
-1
-1
-2
-3
-2
-1
-2
-4
-3
-2
-2
-2
-2
-1
-1
-2
-1
-1
0
-2
-1
-2
-3
-3
-3
-3
-5
-4
-4
-4
-5
-6
-4
-3
-4
-2
-2
0
-1
-1
-2
-2
-3
-3
-3
-2
-2
-2
-2
-2
-1
-1
-1
-2
-1
-2
-3
-2
-2
-1
-1
0
-1
-1
-1
1
1
1
1
2
1
1
1
2
2
2
3
2
2
3
1
3
1
0
1
1
2
2
3
2
4
3
3
4
4
3
3
2
2
1
3
3
4
4
4
5
4
6
5
3
3
3
3
2
2
2
4
3
3
3
2
1
1
2
2
3
0
1
0
0
2
1
1
0
-3
-1
-1
-1
-2
-1
0
-1
0
-2
-1
-2
-3
-3
-4
-5
-4
-5
-4
-4
-6
-5
-4
-4
-2
-3
-3
-4
-4
-5
-5
-5
-5
-4
-4
-4
-3
-3
-5
-4
-1
-1
0
0
-1
-2
-2
0
1
1
0
1
0
-1
0
0
2
1
0
1
1
-2
0
-2
-1
0
0
-1
1
2
2
3
3
1
1
1
0
1
1
0
-1
0
0
0
1
2
3
2
3
3
3
3
2
2
2
3
1
0
1
0
0
0
2
0
1
1
-1
0
1
2
3
2
4
3
1
0
-1
-2
-2
-1
-2
-1
-1
-2
0
-1
-1
0
0
0
-1
-2
-2
-3
-1
1
-1
-1
-1
-1
0
0
-1
1
0
0
1
2
2
1
2
3
2
1
0
2
1
2
2
0
2
2
3
4
3
4
4
3
4
4
2
2
4
4
4
4
3
2
3
2
3
5
4
2
1
1
0
1
1
-2
-2
-3
-4
-3
-4
-3
-3
-3
-4
-4
-4
-4
-5
-4
-5
-6
-7
-7
-8
-7
-8
-8
-6
-6
-7
-6
-6
-6
-7
-8
-9
-8
-9
-10
-9
-8
-7
-7
-6
-9
-9
-8
-9
-8
-7
-6
-5
-4
-6
-4
-4
-4
-4
-3
-3
0
-1
-1
2
0
2
2
5
7
9
9
9
10
9
9
10
12
12
13
13
14
14
15
17
17
17
17
19
19
20
21
22
22
22
21
22
20
22
23
23
23
22
21
19
19
18
17
18
17
13
10
8
6
4
0
-2
-4
-5
-9
-10
-10
-15
-15
-18
-21
-25
-28
-32
-32
-34
-35
-36
-39
-39
-39
-40
-38
-38
-38
-39
-38
-37
-35
-33
-34
-32
-30
-31
-29
-27
-27
-25
-23
-19
-17
-16
-14
-12
-9
-7
-3
-3
-2
-2
0
1
4
8
10
13
14
15
18
21
23
25
29
31
32
33
37
36
36
39
37
40
41
45
44
48
52
52
56
59
59
67
73
73
73
68
62
60
60
59
59
57
48
38
27
16
8
4
-1
-7
-14
-25
-33
-39
-47
-55
-62
-72
-78
-78
-78
-78
-80
-83
-85
-84
-84
-81
-75
-71
-65
-63
-60
-51
-49
-50
-47
-47
-48
-40
-38
-36
-27
-27
-33
-32
-33
-38
-33
-28
-26
-19
-13
-16
-11
-8
-9
-6
-2
-3
4
13
15
16
20
17
17
20
22
29
36
39
46
48
48
45
46
49
48
54
55
53
53
51
48
48
46
44
44
46
49
52
55
56
60
59
60
70
89
114
133
128
113
97
85
90
104
123
136
127
100
73
54
37
30
34
29
11
-11
-32
-34
-42
-60
-81
-109
-133
-143
-140
-133
-134
-146
-166
-180
-183
-175
-161
-147
-139
-133
-129
-125
-123
-121
-119
-115
-110
-103
-99
-99
-98
-94
-86
-81
-79
-79
-74
-64
-51
-38
-26
-19
-4
6
11
22
23
24
37
41
51
68
63
53
51
41
31
45
50
42
55
53
43
60
56
47
58
53
43
54
58
49
58
60
52
58
63
57
68
74
71
80
84
84
84
88
92
99
104
100
101
99
93
94
91
81
72
64
61
60
59
63
86
131
161
157
144
118
97
107
125
160
189
175
129
79
42
10
-3
-4
-18
-35
-77
-112
-108
-112
-130
-156
-200
-236
-250
-237
-215
-208
-219
-252
-281
-291
-279
-253
-227
-213
-202
-190
-174
-165
-158
-144
-140
-133
-118
-101
-91
-90
-90
-87
-87
-92
-96
-100
-94
-69
-39
-24
-28
-30
-34
-22
9
17
24
34
24
28
49
57
45
41
29
22
47
48
51
71
65
61
72
70
62
81
85
83
103
119
119
130
138
139
143
145
135
141
155
154
156
158
148
138
132
133
141
153
160
163
163
155
145
136
130
121
111
99
91
85
106
173
219
221
196
155
129
134
159
211
266
258
202
134
75
23
-2
-3
-4
-14
-76
-138
-157
-165
-180
-222
-282
-343
-379
-359
-326
-302
-310
-358
-403
-427
-409
-369
-336
-319
-315
-293
-265
-250
-244
-230
-222
-221
-204
-164
-142
-138
-151
-158
-141
-142
-154
-154
-130
-85
-36
4
21
-14
-58
-69
-45
24
84
110
102
77
55
41
52
62
60
81
82
83
114
128
125
118
120
107
108
136
152
179
200
187
186
181
175
184
201
217
222
234
219
208
192
172
168
163
166
175
192
196
174
165
158
140
136
137
133
134
120
95
91
76
63
87
171
283
339
311
262
203
180
202
262
350
380
342
224
115
59
11
10
17
1
-67
-182
-217
-220
-220
-256
-365
-461
-525
-550
-499
-449
-449
-503
-596
-652
-629
-559
-510
-486
-478
-454
-416
-385
-363
-340
-336
-358
-341
-294
-262
-261
-268
-260
-248
-213
-188
-180
-155
-121
-111
-73
-49
-58
-30
-13
20
95
115
94
87
96
116
182
237
215
222
233
205
241
251
209
217
225
238
298
318
286
284
280
280
337
372
364
388
400
393
405
381
338
329
309
304
333
309
260
230
218
234
258
260
251
238
222
226
245
249
214
185
138
131
138
100
98
126
201
330
413
379
284
186
165
209
293
414
458
392
224
79
-11
-78
-83
-127
-161
-234
-395
-443
-448
-477
-527
-658
-802
-851
-854
-804
-716
-702
-816
-936
-989
-995
-916
-841
-815
-767
-722
-693
-591
-532
-527
-529
-523
-476
-402
-336
-290
-273
-267
-250
-256
-275
-295
-262
-205
-138
-59
-59
-69
-68
-64
10
114
158
189
219
269
354
401
395
375
354
361
399
451
493
496
490
507
565
595
596
596
597
625
691
732
734
708
671
638
630
622
588
568
538
509
513
508
452
381
367
383
427
472
475
443
417
404
413
435
386
328
305
271
232
237
192
179
337
478
513
471
310
152
217
265
344
580
551
358
147
-85
-233
-252
-266
-387
-450
-625
-864
-848
-842
-900
-969
-1201
-1389
-1418
-1362
-1252
-1157
-1205
-1405
-1529
-1522
-1494
-1364
-1244
-1221
-1167
-1089
-1006
-881
-832
-829
-782
-700
-560
-404
-313
-305
-354
-390
-393
-311
-256
-248
-200
-179
-143
-75
-29
-21
-5
-4
83
216
346
421
452
506
554
607
649
660
661
644
647
711
752
770
770
769
807
845
883
938
993
1002
1012
1031
1033
1027
1033
1022
991
983
976
922
896
847
807
771
735
702
693
691
712
736
689
673
660
609
594
603
537
475
458
381
376
370
408
551
578
522
397
226
145
263
292
294
377
225
24
-128
-378
-547
-490
-584
-738
-752
-961
-1143
-1097
-1216
-1330
-1404
-1658
-1858
-1838
-1749
-1647
-1573
-1718
-1949
-2027
-2029
-1968
-1749
-1634
-1637
-1612
-1580
-1486
-1252
-1075
-1040
-997
-956
-845
-635
-426
-316
-229
-171
-232
-259
-257
-292
-262
-158
-155
-62
33
-17
-26
25
56
179
381
483
602
744
752
778
886
831
775
770
704
716
801
814
814
857
818
839
943
1039
1176
1308
1388
1431
1527
1538
1516
1492
1422
1386
1383
1325
1278
1239
1106
1025
986
980
1007
1020
1035
1030
1037
1023
977
971
942
830
757
703
615
566
495
524
778
1031
1041
906
679
325
306
516
579
777
812
423
69
-258
-606
-644
-600
-802
-1006
-1161
-1479
-1539
-1428
-1535
-1645
-1848
-2228
-2356
-2241
-2140
-2000
-1987
-2250
-2461
-2496
-2478
-2332
-2163
-2100
-2008
-1917
-1895
-1749
-1549
-1467
-1375
-1264
-1175
-1016
-818
-708
-578
-358
-255
-302
-315
-469
-628
-476
-367
-286
-24
14
-104
-57
-16
-43
211
484
560
830
1090
1077
1234
1327
1186
1197
1188
1081
1135
1241
1187
1116
1051
942
953
1091
1158
1370
1541
1551
1677
1804
1815
1801
1798
1734
1722
1743
1693
1614
1521
1313
1130
1089
982
908
919
916
911
975
1013
1029
1024
951
849
818
806
656
597
573
661
867
1002
928
671
299
82
186
340
549
677
517
191
-233
-581
-762
-738
-761
-954
-1173
-1523
-1710
-1710
-1753
-1746
-1904
-2190
-2423
-2467
-2330
-2117
-1989
-2116
-2361
-2523
-2573
-2462
-2269
-2176
-2144
-2134
-2075
-1943
-1747
-1576
-1455
-1440
-1438
-1252
-993
-801
-648
-561
-541
-556
-541
-532
-519
-503
-522
-451
-362
-319
-229
-133
-39
66
234
445
592
775
959
1153
1351
1469
1481
1482
1460
1430
1498
1576
1620
1573
1427
1264
1230
1257
1317
1425
1421
1412
1505
1599
1701
1794
1836
1798
1779
1753
1716
1683
1577
1428
1321
1244
1161
1129
968
832
758
742
811
922
907
846
814
694
680
604
650
-536
-194
95
704
1350
1435
2027
1723
1749
763
1372
1434
1477
1631
1049
860
-15
-18
-1137
-1696
-2538
-3821
-3633
-4161
-3804
-3904
-3864
-3734
-4061
-3103
-3184
-2647
-2286
-2465
-1881
-2140
-1637
-1583
-1192
-1059
-1284
-638
-974
-554
-552
-551
-307
-451
-50
-258
258
168
172
357
-115
-75
-637
-879
-1385
-1653
-1885
-2352
-2265
-2657
-2457
-2230
-1970
-1383
-939
-192
322
1101
1720
2188
2773
2984
3252
3296
3273
3166
2976
2778
2434
2120
1692
1288
939
679
604
544
426
313
315
355
511
777
917
958
947
982
1093
1267
1343
1350
1314
1282
1390
1611
1810
1969
2095
2124
2200
2346
2391
2299
2152
1896
1815
1992
2228
2279
2097
1711
1124
722
706
910
1009
867
403
-154
-736
-1401
-1942
-2319
-2758
-3340
-3776
-4134
-4310
-4161
-4003
-3768
-3510
-3472
-3274
-2776
-2218
-1575
-1087
-867
-888
-888
-804
-542
-281
-284
-412
-544
-677
-807
-738
-803
-892
-913
-1010
-942
-899
-924
-1095
-1237
-1458
-1773
-1800
-1887
-2056
-2039
-2117
-2105
-1952
-1850
-1636
-1306
-851
-490
101
729
1137
1738
2110
2393
2666
2764
2825
2632
2587
2307
1937
1757
1358
1223
995
872
752
547
516
461
599
742
998
1135
1156
1288
1325
1427
1532
1555
1573
1649
1802
1914
2163
2274
2296
2314
2309
2460
2518
2540
2465
2252
1930
1601
1360
1067
750
590
642
889
1067
1170
1220
1014
877
967
1237
1452
1537
1205
605
-50
-845
-1546
-2091
-2645
-3396
-3993
-4498
-4790
-4763
-4559
-4287
-3969
-3727
-3458
-2827
-2190
-1622
-1154
-885
-818
-782
-671
-523
-396
-327
-434
-394
-368
-415
-389
-509
-547
-626
-647
-636
-612
-731
-1015
-1209
-1394
-1610
-1768
-1946
-2186
-2444
-2594
-2583
-2420
-2097
-1768
-1378
-1055
-645
-175
300
964
1558
2040
2405
2700
2760
2719
2749
2594
2373
2108
1818
1597
1371
1254
1082
875
712
593
613
654
708
787
889
1024
1144
1291
1393
1390
1369
1434
1612
1824
2072
2242
2347
2557
2673
2730
2835
2794
2553
2386
2203
1837
1504
1273
1278
1479
1785
1939
1976
1808
1442
1379
1581
1863
2031
1751
1125
409
-486
-1307
-1873
-2336
-2988
-3602
-4103
-4510
-4586
-4487
-4236
-3900
-3686
-3521
-3074
-2447
-1771
-1141
-786
-724
-843
-986
-914
-632
-398
-395
-495
-602
-792
-793
-736
-681
-700
-898
-1021
-1079
-1097
-1215
-1366
-1625
-1937
-2069
-2181
-2329
-2421
-2489
-2718
-2637
-2371
-2200
-1764
-1340
-1133
-779
-243
180
713
1369
1791
2070
2363
2335
2253
2260
2120
1931
1765
1503
1227
1069
840
729
711
597
475
400
476
635
917
1121
1255
1382
1300
1318
1429
1481
1581
1730
1851
1967
2202
2409
2525
2635
2585
2590
2598
2499
2412
2183
1920
1774
2014
2381
2660
2784
2658
2342
2094
2068
2260
2485
2459
1983
1395
694
-104
-849
-1458
-1999
-2689
-3297
-3792
-4138
-4264
-4293
-4154
-3799
-3702
-3499
-2991
-2379
-1720
-1268
-905
-783
-831
-806
-622
-221
32
26
-66
-186
-276
-407
-502
-633
-893
-1258
-1474
-1435
-1515
-1574
-1730
-1972
-2253
-2447
-2527
-2772
-2793
-2917
-3030
-2833
-2632
-2509
-2304
-1978
-1735
-1334
-642
37
721
1353
1751
2070
2416
2568
2623
2631
2387
2161
1953
1772
1534
1192
800
432
242
87
137
239
271
364
511
743
964
1104
1066
1012
939
933
1192
1454
1603
1706
1806
1940
2147
2436
2616
2707
2740
2588
2484
2360
2367
2607
2916
3068
3138
3094
2706
2355
2271
2289
2340
2393
1967
1362
674
-162
-961
-1497
-2002
-2733
-3365
-3892
-4222
-4251
-4192
-3918
-3574
-3382
-3165
-2667
-1960
-1291
-700
-295
-69
-22
-61
20
296
490
423
284
31
-196
-377
-543
-588
-717
-1050
-1321
-1404
-1482
-1524
-1569
-1772
-2115
-2408
-2749
-2948
-2966
-3114
-3329
-3316
-3296
-3207
-2865
-2407
-2018
-1545
-902
-236
566
1328
1856
2285
2616
2651
2659
2626
2395
2056
1646
1282
946
626
266
-65
-267
-425
-348
-130
115
395
579
795
990
1130
1172
1240
1278
1213
1291
1305
1375
1510
1589
1758
2019
2271
2314
2457
2567
2562
2611
2849
3309
3683
3763
3810
3566
3148
2774
2751
2746
2620
2244
1575
942
140
-667
-1384
-1791
-2353
-3037
-3513
-3808
-3945
-3920
-3826
-3498
-3289
-3235
-2974
-2430
-1774
-1296
-767
-428
-213
-128
39
444
841
960
863
807
554
308
101
-106
-291
-750
-1235
-1473
-1605
-1714
-1853
-1912
-2030
-2207
-2336
-2465
-2431
-2590
-2818
-2854
-2789
-2769
-2689
-2456
-2348
-2132
-1776
-1280
-600
142
699
1218
1794
2149
2327
2508
2394
2160
1807
1412
1131
773
414
-26
-406
-729
-930
-884
-723
-464
-169
108
488
804
1060
1211
1323
1362
1386
1439
1522
1536
1446
1369
1348
1382
1546
1718
1839
1850
1823
2222
2869
3549
3865
4084
3859
3451
3250
3404
3444
3516
3041
2161
1440
542
-332
-989
-1454
-2283
-3042
-3553
-3778
-3654
-3447
-3348
-2980
-2806
-2733
-2381
-1698
-1039
-664
-354
-220
1
90
281
620
924
965
936
995
966
905
701
376
162
-217
-650
-847
-1025
-1250
-1628
-1871
-2231
-2539
-2748
-2966
-3023
-3094
-3259
-3282
-3212
-3234
-3183
-2919
-2616
-2325
-1888
-1342
-636
31
565
1115
1620
1925
2079
2154
2101
1934
1633
1242
968
610
142
-274
-542
-737
-828
-693
-532
-345
-166
-61
120
344
506
648
772
847
888
959
1100
1332
1507
1631
1726
1769
1768
1827
1867
2000
2436
3027
3404
3728
3943
3734
3403
3354
3500
3532
3579
3049
2262
1373
506
-460
-1128
-1620
-2510
-3369
-3958
-4362
-4296
-4007
-3731
-3243
-3011
-2846
-2392
-1425
-422
318
777
927
1007
1060
1208
1584
1905
1750
1538
1310
1270
1291
1174
907
548
16
-515
-687
-712
-907
-1299
-1714
-2192
-2496
-2706
-2818
-2952
-3259
-3478
-3403
-3205
-2994
-2725
-2668
-2536
-2355
-2006
-1433
-699
-121
199
586
991
1304
1570
1731
1691
1470
1124
928
816
656
295
-176
-602
-939
-1122
-1042
-768
-525
-417
-303
1
315
685
1027
1240
1355
1340
1389
1524
1720
1735
1743
1733
1768
1712
1704
1703
1907
2396
2911
3284
3677
3695
3296
3097
3141
3286
3378
3263
2608
1839
1015
129
-643
-1176
-1983
-2965
-3704
-4243
-4396
-4190
-4061
-3800
-3544
-3423
-3110
-2405
-1418
-626
0
366
575
899
1165
1529
1899
1983
1840
1766
1744
1821
1858
1714
1388
923
408
46
-105
-238
-529
-894
-1421
-1896
-2064
-2236
-2379
-2498
-2843
-3295
-3445
-3306
-3118
-2862
-2540
-2409
-2359
-2079
-1623
-967
-322
203
573
890
1163
1331
1499
1564
1380
1058
729
474
319
88
-180
-493
-835
-1068
-1039
-786
-464
-259
-110
65
261
548
810
1005
1123
1145
1179
1291
1547
1680
1717
1699
1694
1723
1761
1955
2390
2842
3225
3520
3741
3583
3271
3030
2900
2846
2894
2563
1983
1369
585
-254
-916
-1380
-2039
-2787
-3494
-4034
-4162
-4075
-3950
-3601
-3421
-3373
-3221
-2697
-1819
-929
-284
50
392
662
1027
1599
2171
2392
2264
2051
1950
2005
2020
1861
1535
1009
391
62
46
133
34
-275
-751
-1238
-1531
-1770
-1865
-2056
-2545
-3086
-3331
-3460
-3505
-3320
-3112
-3067
-2892
-2517
-1968
-1185
-391
234
788
1193
1414
1612
1686
1656
1368
921
540
306
51
-196
-342
-538
-805
-894
-674
-359
-94
41
150
251
371
547
734
859
868
784
799
957
1168
1350
1531
1659
1733
1766
2025
2642
3274
3630
3789
3913
3668
3390
3286
3255
3068
2845
2196
1499
783
64
-739
-1389
-1923
-2668
-3313
-3865
-4192
-4250
-4184
-3972
-3522
-3311
-3145
-2879
-2473
-1853
-1119
-522
-181
197
484
831
1428
2031
2326
2407
2324
2182
2239
2327
2317
2095
1603
960
444
172
96
49
-152
-558
-876
-1124
-1347
-1293
-1407
-1890
-2327
-2724
-3000
-3019
-2738
-2652
-2665
-2691
-2673
-2448
-1888
-1253
-631
-93
224
449
756
1025
1194
1230
934
516
162
-56
-206
-224
-333
-621
-808
-769
-471
-19
374
646
764
793
931
1116
1290
1273
1148
1002
844
924
1157
1321
1415
1333
1235
1525
2292
3015
3493
3819
3732
3308
3120
3248
3403
3441
3095
2274
1462
645
-112
-726
-1160
-1914
-2807
-3555
-4082
-4232
-4083
-4044
-3817
-3587
-3598
-3361
-2857
-2200
-1564
-1023
-750
-602
-303
-23
474
1124
1501
1689
1825
1847
1975
2186
2379
2428
2263
1818
1402
1188
1018
958
918
660
134
-216
-578
-876
-1014
-1279
-1662
-1984
-2372
-2705
-2821
-2765
-2709
-2615
-2499
-2336
-2017
-1690
-1267
-701
-350
-194
36
206
270
410
424
300
121
-55
-209
-236
-255
-349
-399
-427
-387
-147
156
389
584
594
580
635
809
939
1012
1061
944
941
1042
1289
1519
1646
1602
1543
1718
2199
2839
3178
3367
3152
2764
2465
2546
2777
2942
2766
2154
1424
739
122
-348
-730
-1388
-2133
-2964
-3530
-3721
-3665
-3623
-3495
-3405
-3447
-3342
-3000
-2392
-1751
-1281
-1025
-808
-480
-154
293
866
1252
1428
1475
1450
1546
1661
1807
1836
1785
1531
1229
1145
1147
1182
1214
1088
835
576
294
36
-160
-450
-852
-1287
-1735
-2108
-2309
-2387
-2382
-2335
-2277
-2144
-1905
-1575
-1203
-817
-553
-460
-416
-374
-313
-196
-171
-258
-410
-596
-747
-647
-473
-300
-139
-8
95
258
496
722
835
823
791
676
628
651
705
688
625
649
684
923
1227
1506
1656
1661
1649
1937
2378
2728
2938
2885
2450
2009
1761
1711
1880
2002
1628
1123
611
111
-239
-406
-756
-1367
-2042
-2695
-3091
-3053
-2924
-2814
-2703
-2798
-2849
-2707
-2306
-1718
-1209
-975
-939
-807
-579
-223
386
883
1135
1237
1241
1250
1458
1644
1715
1672
1428
1102
885
890
980
1089
1063
890
708
502
300
275
223
61
-182
-535
-984
-1250
-1420
-1527
-1534
-1548
-1600
-1581
-1496
-1357
-1159
-972
-869
-834
-844
-881
-830
-693
-645
-618
-544
-544
-517
-417
-308
-194
-69
4
160
365
589
766
877
890
795
656
567
601
604
585
591
640
800
1001
1239
1420
1423
1311
1159
1215
1534
1804
1901
1844
1562
1221
1044
1137
1289
1439
1270
836
418
14
-360
-608
-887
-1402
-1914
-2418
-2762
-2769
-2606
-2464
-2255
-2209
-2252
-2136
-1880
-1499
-1070
-761
-634
-467
-323
-142
252
689
933
1095
1144
1041
1094
1207
1241
1384
1357
1092
882
763
703
798
972
961
862
659
394
334
395
420
362
190
-169
-501
-687
-752
-673
-643
-715
-810
-928
-960
-868
-692
-660
-746
-927
-1108
-1135
-1057
-907
-744
-602
-576
-460
-308
-165
-44
93
153
211
253
423
640
826
877
738
632
507
479
493
622
732
848
937
1034
1126
1192
1219
1117
948
643
467
444
506
501
551
522
443
311
321
466
618
754
638
447
72
-353
-721
-997
-1335
-1637
-1909
-2176
-2315
-2342
-2279
-1976
-1625
-1522
-1459
-1336
-1234
-981
-635
-353
-169
18
75
215
516
825
1111
1254
1178
1041
1001
1005
1096
1185
1072
855
647
470
431
509
607
644
597
452
379
388
456
503
397
204
-55
-275
-398
-458
-516
-561
-645
-708
-734
-653
-560
-574
-638
-792
-877
-887
-835
-661
-492
-364
-291
-244
-139
13
174
337
420
518
559
658
827
898
823
780
679
571
527
505
620
762
882
910
945
941
930
870
769
572
250
-168
-558
-653
-556
-338
-204
-64
-130
-224
-227
-82
116
349
344
126
-158
-535
-689
-747
-797
-992
-1225
-1566
-1880
-1920
-1825
-1589
-1294
-1161
-1178
-1155
-1014
-775
-390
-75
137
259
311
389
632
955
1208
1272
1149
905
704
648
663
753
775
701
518
292
191
234
404
573
685
623
485
357
310
341
359
230
0
-322
-655
-842
-811
-631
-489
-448
-504
-585
-573
-469
-374
-356
-417
-567
-699
-709
-539
-234
27
170
214
195
384
648
920
1132
1242
1140
1016
903
888
931
934
887
716
642
570
770
930
1056
983
808
563
369
247
117
-11
-335
-669
-1162
-1420
-1342
-1056
-804
-658
-578
-682
-679
-602
-343
-86
144
52
-172
-375
-451
-471
-433
-553
-760
-1019
-1323
-1503
-1472
-1277
-1008
-740
-653
-668
-594
-466
-249
-13
144
239
257
279
325
545
794
925
870
650
469
355
316
362
460
442
361
302
268
373
559
698
723
641
517
418
371
308
183
21
-227
-445
-586
-607
-531
-447
-390
-380
-380
-344
-241
-146
-135
-251
-366
-449
-425
-336
-152
129
367
587
792
1016
1174
1303
1299
1160
1016
898
870
829
816
824
832
819
795
788
805
823
733
617
377
163
-73
-294
-458
-626
-800
-988
-1174
-1395
-1578
-1728
-1647
-1391
-1089
-894
-642
-580
-478
-409
-328
-110
142
255
151
20
-163
-248
-316
-366
-461
-515
-659
-851
-946
-852
-574
-255
-144
-183
-257
-369
-353
-174
-16
138
150
14
-115
-98
99
297
398
326
202
82
33
164
378
569
659
514
355
337
433
649
775
759
488
123
-190
-367
-337
-233
-196
-223
-295
-348
-339
-175
-11
81
56
27
32
154
300
395
407
268
132
95
224
523
916
1124
1151
1126
1070
1036
988
946
886
815
704
742
830
965
1070
1001
842
656
432
196
28
-187
-393
-658
-822
-937
-994
-1036
-1056
-1130
-1259
-1307
-1432
-1504
-1621
-1522
-1243
-805
-482
-284
-275
-383
-404
-433
-213
162
516
553
429
276
303
426
496
467
368
169
-131
-359
-366
-208
22
2
-272
-566
-803
-936
-841
-691
-571
-580
-761
-935
-873
-629
-253
52
144
102
-13
-165
-118
83
290
435
452
313
242
325
431
590
644
424
52
-253
-404
-366
-185
-9
133
142
102
114
239
458
591
552
436
365
414
565
775
916
859
631
341
222
303
548
764
921
927
873
915
998
1118
1221
1158
1011
737
659
819
743
554
210
-219
-624
-801
-837
-683
-590
-798
-1019
-1327
-1447
-1459
-1315
-1130
-1115
-1134
-1220
-1275
-1380
-1476
-1142
-554
-70
173
270
118
-25
-58
122
710
1509
1984
1974
1665
1400
1374
1303
959
638
297
-157
-598
-802
-655
-277
-123
-557
-1193
-1719
-2028
-2083
-1867
-1492
-1128
-944
-1029
-987
-657
-217
101
96
-248
-658
-936
-904
-450
209
744
963
819
464
220
192
336
484
491
266
45
29
301
711
1092
1174
1003
604
161
84
397
763
897
807
553
364
378
488
568
448
114
-303
-504
-378
132
710
986
896
538
123
-34
54
230
378
341
98
-94
-82
86
234
205
-5
-281
-483
-427
-195
1
61
-145
-510
-931
-1148
-1100
-940
-822
-860
-1052
-1292
-1532
-1079
3
966
1303
1085
302
-320
-364
89
1374
3059
3982
3505
2257
1004
455
428
251
232
297
86
-463
-862
-855
-500
-575
-1679
-2926
-3584
-3476
-2685
-1410
-200
436
57
-1298
-2420
-2589
-2009
-1056
-332
-90
-153
-365
-507
-106
573
939
822
399
9
182
945
1859
2520
2421
1494
404
-194
-89
539
1262
1688
1665
1064
298
-22
135
318
242
-82
-411
-412
-154
145
403
352
-191
-972
-1492
-1342
-551
187
463
215
-414
-1055
-1246
-971
-378
213
398
185
-74
-118
210
680
883
741
432
170
124
395
752
940
680
60
-594
-840
-692
-254
57
-12
-599
-881
-67
998
1651
1607
885
-249
-682
-352
1164
3522
5180
4690
2302
-265
-1500
-1131
-34
1140
2021
1697
58
-2082
-3293
-3097
-2140
-1880
-2348
-2681
-2674
-2381
-1767
-1106
-772
-1296
-2571
-3576
-3117
-1450
430
1383
995
-430
-1948
-2628
-1828
159
2150
3090
2681
1390
180
-85
648
1718
2456
2233
1485
903
794
1075
1407
1311
710
-137
-901
-858
87
1066
1069
136
-1210
-2142
-2159
-1364
-204
567
510
-389
-1553
-2109
-1646
-659
-25
26
-404
-886
-999
-604
5
527
651
347
59
188
744
1446
1778
1548
959
376
279
711
1311
1649
1437
635
-197
-647
-510
-85
418
339
211
1091
1891
1880
1124
158
-790
-518
474
2427
4690
5417
3447
44
-2476
-2637
-528
1638
2773
2709
662
-2497
-4777
-4765
-2831
-521
-13
-1129
-2451
-3614
-4127
-3465
-2046
-807
-664
-1525
-2231
-1704
-850
-222
-56
-420
-948
-1040
-500
788
2122
2208
1112
-68
-469
212
1648
2944
3278
2362
580
-726
-629
586
1986
2536
1797
424
-978
-1826
-1511
-426
365
305
-450
-1365
-1882
-1838
-1589
-1204
-968
-1086
-1181
-1128
-1021
-892
-887
-1212
-1427
-1216
-735
-80
474
661
482
208
144
622
1334
1786
1865
1515
1114
1098
1323
1658
2027
2007
1443
838
497
497
744
921
727
346
-149
-454
1064
2764
2937
1560
-145
-1439
-829
954
3146
5351
5441
2572
-1507
-3455
-2141
1390
3657
3195
1351
-1517
-4290
-5093
-3241
-331
1288
-166
-3298
-5021
-4925
-3872
-2165
-550
-29
-974
-2616
-3371
-2170
-573
142
236
91
40
97
25
185
693
627
239
677
1786
2608
2570
1510
141
-423
-92
944
2143
2796
2125
156
-1714
-1983
-839
355
1212
871
-587
-2244
-3021
-2793
-1537
-27
282
-573
-1897
-2783
-2776
-2054
-1159
-522
-454
-1011
-1533
-1741
-1478
-768
-138
217
516
723
748
787
872
934
1230
1561
1894
2152
2044
1633
1350
1370
1735
2209
2329
2008
1278
443
-126
57
482
883
636
827
1997
2294
1175
-331
-893
-467
1355
2870
4244
4799
3289
-449
-3191
-2152
1257
3972
3472
1062
-1365
-3352
-4247
-3221
-467
1435
574
-2701
-4998
-4541
-2977
-1842
-901
-129
-444
-1948
-3267
-2960
-970
565
807
705
756
336
-622
-1218
-499
1053
2055
2187
1982
1437
410
-504
-531
702
2242
2571
1451
-21
-1099
-1308
-884
-49
935
1032
-409
-2092
-2517
-2090
-1185
-553
-592
-1132
-1655
-2177
-2475
-2149
-1511
-1053
-1265
-1498
-1386
-1350
-1558
-1644
-1341
-807
24
544
478
267
102
-6
309
1182
1926
2266
2091
1538
1187
1345
1839
2388
2608
2325
1881
1379
1073
1160
1332
1289
910
380
-178
-186
-140
435
2220
2842
1407
-727
-1706
-1155
1203
3243
4539
4693
2546
-1283
-3465
-1665
2223
4880
3667
504
-1857
-3491
-3865
-2204
844
2321
719
-2907
-4945
-3821
-2225
-1560
-706
316
100
-1643
-3300
-2769
-500
696
524
494
721
140
-1161
-1893
-666
1429
2104
1379
697
267
-333
-613
-128
1166
2016
1276
-320
-1278
-1301
-931
-543
-228
297
152
-1000
-2059
-1979
-1388
-792
-462
-572
-930
-1532
-2264
-2477
-1777
-702
-4
-318
-1321
-2013
-2182
-1892
-911
325
865
462
-525
-1312
-1038
170
1467
2242
2206
1441
542
89
574
1892
3019
3242
2688
1644
581
369
851
1639
2295
2198
1199
118
-592
-777
-456
50
206
585
1941
2176
888
-957
-1532
-778
1197
2989
4235
4339
2343
-934
-2694
-756
2935
4818
3165
314
-1367
-2206
-2010
-528
1754
2424
221
-3199
-4330
-2702
-1040
-659
-405
128
-270
-2125
-3481
-2623
-427
639
277
-152
-218
-849
-2108
-2244
-368
1748
1988
560
-770
-1335
-1396
-968
161
1535
1903
428
-1728
-2736
-1939
-636
236
928
977
154
-1570
-2928
-2709
-1213
161
699
297
-823
-2050
-2777
-2471
-1125
522
960
-88
-1571
-2388
-2045
-996
271
1062
905
-134
-1148
-1231
-200
1198
1904
1527
765
259
210
710
1663
2417
2441
1713
834
495
926
1638
1914
1696
1275
721
-9
-241
103
702
973
704
-148
-770
-1083
-439
1482
2312
1428
-158
-851
-205
1735
2884
3535
3748
2540
211
-569
1317
3780
4528
2388
-55
-493
-153
-127
209
1156
1093
-652
-2916
-3144
-1182
-138
-977
-1697
-1499
-1460
-2450
-3301
-2439
-466
17
-1097
-1876
-1783
-1767
-2189
-2040
-510
1032
568
-1292
-2274
-1838
-877
-202
160
550
516
-602
-1909
-1840
-616
400
303
-249
-313
-513
-1448
-2043
-1329
-75
829
625
-530
-1372
-1422
-1304
-712
591
1450
898
-716
-2023
-1748
-327
845
1077
542
-278
-974
-1235
-844
308
1322
1289
665
62
-217
-38
471
1054
1741
1984
1377
453
-88
156
1038
1796
1859
1419
679
-42
-215
231
863
1204
812
-15
-460
-453
-181
324
1938
2758
1785
-39
-509
691
2536
3630
3882
4027
3318
1499
0
1200
3990
5217
3399
666
-190
-131
-328
-284
785
1602
347
-2394
-3974
-3029
-1734
-1857
-2067
-1154
-671
-2288
-4515
-4637
-2556
-826
-747
-1339
-1597
-2165
-3231
-3491
-1905
350
867
-478
-1773
-1817
-1399
-1123
-501
544
1175
513
-909
-1778
-1297
-439
59
400
792
507
-692
-1545
-1200
-10
999
1139
558
-8
-361
-522
-194
570
1103
785
-240
-1139
-1085
-350
181
242
-47
-581
-1132
-1359
-932
25
660
364
-567
-1205
-1124
-476
384
1138
1450
1002
81
-411
1
945
1772
2042
1690
1004
342
58
363
1291
1998
1882
947
14
-405
-18
729
1391
1464
2177
2800
1743
156
78
1571
3347
4465
4210
3802
3183
1531
47
1090
3784
5009
3434
300
-1095
-679
-432
-409
213
769
-501
-2974
-4475
-3604
-2012
-2028
-2642
-2208
-1760
-2829
-4639
-4886
-2877
-823
-706
-1589
-1961
-2230
-2842
-2900
-1592
432
1126
-207
-1799
-1853
-987
-224
387
914
1092
387
-901
-1441
-591
679
1271
1080
586
59
-409
-643
-164
840
1337
945
77
-610
-711
-144
438
622
389
-139
-748
-1108
-878
-316
66
-109
-740
-1428
-1741
-1601
-1292
-803
-190
25
-456
-1076
-1222
-690
187
763
859
858
815
572
569
1016
1710
2038
1814
1362
1334
1634
1742
1597
1433
1481
1516
1394
1181
1389
1465
1246
806
684
696
2033
3336
2766
1176
208
486
1739
3146
3718
3980
3463
1576
-282
62
2093
3548
2776
289
-1114
-1260
-1511
-1734
-1207
-463
-971
-2882
-4589
-4271
-2928
-2395
-2419
-2180
-2081
-2936
-4259
-4263
-2247
-284
-292
-1442
-2272
-2468
-2327
-1726
-588
861
1086
-340
-1713
-1548
-260
783
1201
1300
1137
338
-635
-793
183
1286
1493
725
-79
-401
-559
-568
-76
506
587
9
-863
-1042
-554
-34
258
236
-239
-717
-877
-928
-765
-367
-414
-873
-1143
-1252
-1253
-1067
-741
-481
-346
-408
-521
-439
-131
393
941
1309
1374
1209
989
1007
1473
2062
2434
2484
2175
1588
1285
1443
1808
2193
2147
1719
1194
764
617
839
1127
1182
996
484
164
234
1660
3020
2502
720
-345
81
1364
2631
3144
3456
2880
932
-1041
-662
1522
2998
2245
6
-1207
-1395
-1730
-2030
-1153
-43
-626
-2638
-4243
-3897
-2645
-2405
-2574
-1908
-1329
-2221
-3699
-3775
-2089
-411
-419
-1238
-1433
-1346
-1692
-1961
-911
749
1200
-1
-1191
-1122
-467
-83
148
543
823
207
-1127
-1655
-763
260
308
-156
-449
-595
-923
-1099
-604
323
627
-25
-635
-745
-495
-163
271
574
627
216
-527
-935
-585
266
682
481
-47
-522
-886
-797
-128
491
762
510
1
-142
334
937
1196
1308
1289
1164
1104
1245
1639
1966
1987
1789
1498
1447
1615
1729
1785
1777
1572
1177
866
703
625
741
748
689
462
124
-300
-318
-41
999
2390
2086
575
-664
-486
785
2385
3190
3375
2910
1231
-691
-693
1298
2994
2782
710
-1072
-1621
-1786
-1623
-758
169
-310
-2178
-3963
-4001
-2764
-2081
-2058
-1703
-1425
-2239
-3725
-4074
-2578
-733
-264
-1038
-1712
-2185
-2658
-2541
-1424
168
672
-555
-2029
-2119
-1275
-577
-101
429
579
-203
-1359
-1675
-735
359
571
210
-44
-216
-663
-951
-320
870
1315
672
14
-153
-108
439
1067
1384
1353
768
-210
-382
442
1103
1047
601
2
-551
-699
-483
115
712
735
222
-250
-293
-20
413
984
1620
1794
1242
596
605
1181
1835
2125
1990
1634
1222
923
1044
1610
1948
1711
1051
383
301
738
1039
1116
1131
742
146
-137
29
415
993
995
1196
1612
1022
-76
-285
675
2046
2937
2626
1963
1389
451
-340
491
2069
2637
1349
-1098
-2405
-2067
-1322
-911
-714
-1019
-2309
-3728
-4399
-3614
-2242
-1925
-2421
-2777
-2954
-3418
-3692
-3097
-1699
-737
-1126
-2047
-2525
-2502
-2134
-1451
-576
195
61
-1149
-2047
-1625
-554
308
830
836
375
-441
-1144
-897
315
1319
1328
669
-37
-391
-447
-34
793
1695
1746
803
-34
-337
-83
774
1629
1848
1463
554
-362
-487
322
1152
1280
777
31
-478
-627
-405
204
754
829
394
-200
-331
71
597
1041
1474
1589
1282
878
724
1074
1669
2118
2137
1874
1512
1260
1315
1528
1763
1719
1396
914
637
682
805
897
865
626
92
-200
-191
-118
164
400
182
368
1019
742
-60
-512
-202
686
1539
1606
1426
1149
219
-709
-460
652
1301
754
-796
-1783
-1737
-1727
-1876
-1593
-1247
-1806
-2940
-3709
-3486
-2700
-2449
-2540
-2214
-1985
-2518
-3378
-3289
-2020
-832
-780
-1326
-1540
-1631
-1795
-1561
-691
305
394
-535
-1327
-1138
-379
150
501
858
839
166
-690
-612
437
1282
1246
681
193
52
46
205
887
1608
1573
758
-85
-123
336
976
1357
1456
1043
447
-54
-199
359
1157
1356
873
372
-231
-451
-55
576
1125
1196
679
-25
-28
455
1118
1609
1690
1464
1093
904
1097
1601
2016
2095
1799
1367
1055
965
984
1240
1463
1295
835
128
-239
-125
177
261
250
-90
-713
-1118
-1066
-648
-142
-36
-536
-1004
-773
251
684
179
-380
-427
-23
544
1040
1350
1524
923
-357
-827
8
890
914
127
-719
-1182
-1613
-1932
-1704
-988
-846
-1677
-2698
-3103
-2811
-2578
-2336
-1665
-1166
-1605
-2581
-3010
-2452
-1403
-793
-737
-801
-1014
-1583
-1799
-1122
-148
300
65
-421
-581
-424
-308
-44
549
942
661
15
-300
-29
485
799
948
1055
872
299
-94
124
783
1245
1424
1272
837
640
533
543
1135
1896
1891
1396
977
708
800
1197
1439
1499
1412
777
150
101
491
944
1036
721
397
215
65
134
542
998
1189
892
305
47
219
559
844
903
711
383
69
-119
56
320
424
306
-62
-521
-665
-577
-593
-404
-318
-466
-705
-938
-1060
-906
-679
-662
-669
-694
-406
349
529
7
-420
-363
64
853
1460
1786
1857
1080
-44
-206
764
1532
1351
414
-501
-813
-1242
-1522
-1081
-631
-1022
-2101
-2872
-2807
-2290
-2256
-2443
-1899
-1305
-1660
-2534
-2731
-1965
-1066
-782
-854
-786
-986
-1513
-1569
-805
191
536
2
-468
-223
193
204
349
932
1345
1235
740
435
678
940
996
1146
1462
1555
1179
701
695
1136
1701
1865
1679
1498
1157
924
1096
1604
1943
1973
1425
749
474
539
688
800
713
233
-166
-461
-514
-330
-173
-121
-285
-523
-738
-648
-377
-150
29
46
-53
-154
-243
-247
27
374
459
257
11
-156
-218
-168
-48
68
55
-114
-463
-682
-659
-443
-290
-243
-289
-515
-652
-662
-431
-331
-247
-257
-257
-207
271
1012
1196
720
73
68
733
1616
1909
1986
1926
1146
92
-252
563
1345
1139
-43
-991
-1167
-1405
-1738
-1581
-1064
-1206
-2143
-2931
-2843
-2311
-2136
-2076
-1536
-1019
-1382
-2189
-2330
-1628
-789
-397
-321
-310
-548
-1031
-1076
-319
584
934
787
514
368
313
379
821
1545
1815
1459
916
627
587
806
1142
1464
1616
1349
827
565
696
905
1102
1331
1337
1150
892
514
476
676
782
880
993
724
295
-52
-217
-114
138
136
-25
-224
-700
-1045
-931
-593
-283
-198
-461
-779
-878
-812
-611
-180
85
12
-280
-517
-375
-108
42
118
268
299
119
-92
-180
0
276
354
350
268
42
-110
-125
-19
146
201
133
23
-107
-302
-385
-253
-130
-39
-103
-133
233
711
560
110
-102
-38
389
885
1209
1449
1322
340
-418
-204
412
674
326
-218
-450
-779
-1482
-1519
-843
-606
-1039
-1523
-1622
-1430
-1600
-1898
-1294
-270
-184
-838
-1148
-918
-590
-494
-153
588
810
83
-504
-197
427
747
663
680
844
661
138
52
507
841
800
655
592
422
55
-147
132
499
663
486
179
-60
-106
66
371
564
482
328
321
602
512
367
559
595
443
453
397
381
384
-44
-250
122
19
-544
-725
-720
-749
-590
-673
-753
-661
-898
-1162
-871
-368
-298
-302
-232
-47
91
-107
-105
268
529
583
563
470
412
375
244
358
645
572
310
205
93
68
51
-4
-49
-30
-110
-329
-326
-392
-491
-567
-523
-502
-455
-491
-467
-140
457
874
648
154
-158
151
730
1365
1932
2172
1604
478
-91
361
1136
1447
1227
835
341
-505
-1042
-616
112
282
-115
-466
-618
-1066
-1587
-1434
-589
-80
-328
-699
-887
-1049
-1214
-1004
-312
118
-226
-794
-944
-802
-748
-642
-388
-233
-359
-618
-655
-531
-566
-600
-390
-155
-97
-107
3
73
19
91
389
747
814
697
705
737
707
722
904
1407
1349
1005
847
664
489
574
701
912
1145
371
-434
-483
-555
-706
-383
-258
-610
-994
-1602
-1678
-1030
-781
-862
-660
-578
-821
-815
-602
-336
4
77
189
346
223
-13
21
347
667
846
690
468
159
-148
47
486
639
530
234
-21
-147
-257
-220
95
399
309
127
-74
-108
-91
44
439
796
782
517
362
330
605
1145
1501
1477
1231
649
478
830
1238
1650
1973
1677
862
284
53
176
475
580
465
213
-442
-1180
-1265
-1014
-887
-849
-863
-978
-1306
-1725
-1809
-1490
-1144
-1038
-925
-911
-1112
-1422
-1556
-1269
-805
-606
-603
-595
-813
-1095
-1020
-627
-197
29
17
-50
-20
-16
59
310
525
586
740
754
705
595
536
606
735
821
869
1136
892
504
259
206
398
551
483
543
503
-242
-706
-758
-730
-617
-462
-572
-775
-1079
-1711
-1676
-1265
-1077
-892
-705
-822
-1011
-989
-866
-440
-33
106
355
486
311
95
344
762
1090
1338
1271
1192
949
702
901
1263
1423
1327
1166
987
829
653
657
951
949
749
562
464
348
128
79
386
449
400
201
-26
27
9
40
189
264
73
-102
-121
-48
1
70
2
211
270
151
74
-55
-147
-192
-7
251
468
297
-107
-424
-419
-292
-224
-171
-135
-169
-358
-468
-572
-697
-770
-767
-596
-360
-433
-763
-966
-953
-803
-521
-338
-288
-332
-464
-573
-550
-321
-131
11
80
18
-63
-163
-178
-133
36
249
293
95
-87
-122
-110
-24
121
134
117
-53
-386
-297
-252
-267
-373
-566
-642
-551
-612
-568
-345
-548
-709
-757
-750
-541
-366
-482
-527
-445
-580
-483
-207
-161
-101
19
-73
-28
215
279
364
588
686
935
835
848
1085
842
981
1284
1111
1181
1239
806
971
940
1033
957
761
798
598
537
414
314
378
301
-117
73
148
49
-90
-280
-70
-15
40
-138
87
-29
-100
179
109
224
295
68
53
304
109
208
273
-72
-98
-30
-91
-99
-75
-218
-158
-260
-390
-371
-198
-95
-205
-220
-301
-313
-311
-88
175
296
315
194
131
135
205
367
494
499
423
291
224
214
130
63
111
69
-79
-144
-214
-233
-246
-341
-414
-454
-478
-482
-449
-417
-537
-728
-837
-740
-683
-537
-469
-625
-723
-807
-800
-678
-580
-571
-513
-708
-830
-874
-942
-868
-726
-656
-737
-701
-834
-941
-904
-857
-696
-552
-417
-485
-611
-376
-321
-67
217
184
437
327
263
410
474
698
866
807
1005
947
789
946
771
883
1041
967
937
799
774
449
651
455
493
738
373
613
330
125
307
268
332
574
524
447
463
281
465
512
504
539
547
478
379
395
190
378
313
293
543
308
9
143
-38
50
129
20
57
-160
-287
-214
-66
-124
-209
-203
-215
-92
58
54
4
41
37
9
206
304
512
442
366
310
293
275
295
500
450
507
403
250
243
255
226
363
157
199
191
37
-61
-170
-195
-274
-312
-422
-246
-420
-690
-865
-867
-856
-1014
-906
-1050
-1246
-1160
-1376
-1499
-1419
-1431
-1463
-1318
-1512
-1377
-1391
-1666
-1477
-1380
-1122
-1052
-1215
-1272
-1021
-1012
-780
-1033
-468
-245
-427
-432
-238
-79
31
13
143
832
440
577
521
655
567
635
981
970
809
886
1047
435
812
841
825
1149
879
829
800
562
525
970
708
991
739
512
445
542
351
485
890
480
532
311
434
251
438
469
281
461
244
161
94
414
238
381
105
231
-98
27
192
-90
262
166
-14
22
220
-11
416
476
172
588
551
388
589
622
903
704
823
896
653
1028
550
855
1070
704
892
854
621
611
766
556
666
477
276
292
326
146
-138
117
-201
-394
-539
-425
-507
-708
-777
-832
-1024
-1165
-1153
-1524
-1082
-1297
-1356
-1357
-1883
-1568
-2169
-1893
-1345
-1939
-1846
-1467
-2155
-2185
-1311
-2065
-1335
-1596
-1593
-1406
-1461
-1328
-949
-931
-924
-584
-787
-376
-431
-121
-318
141
109
62
580
244
345
742
517
509
680
783
759
909
987
834
869
640
811
635
1254
585
932
880
777
461
665
777
213
749
489
627
392
315
272
199
289
341
235
758
138
38
401
-231
347
287
208
246
578
-210
32
171
276
223
94
756
281
522
355
497
924
488
902
1146
745
838
1102
602
1282
776
1261
1227
1152
880
1031
1283
738
1222
1071
842
766
1129
356
762
826
451
271
689
126
-214
672
-335
-393
295
-432
-851
75
-1094
-366
-736
-906
-658
-1393
-791
-1412
-1401
-951
-1667
-1090
-1239
-1895
-1025
-1649
-1927
-1244
-1784
-1494
-1360
-1887
-1425
-1323
-1656
-1509
-1202
-1334
-989
-1183
-852
-1024
-832
-424
-755
-353
75
-816
120
110
-804
581
-314
240
197
15
252
327
121
247
324
298
722
11
761
428
468
330
642
254
639
398
15
832
157
414
114
573
-66
267
443
33
559
183
362
-103
425
8
385
450
165
119
612
-211
-160
709
-359
883
131
296
608
402
95
675
607
571
976
359
967
560
673
727
938
830
875
937
366
1124
497
440
1266
299
640
1187
72
732
777
143
901
137
603
336
433
304
-123
727
-165
31
292
-174
63
-129
-333
-99
-58
-636
61
-601
-408
-291
-715
-341
-965
-214
-839
-797
-590
-659
-735
-849
-695
-1248
-384
-1170
-803
-376
-1082
-725
-678
-988
-715
-545
-712
-454
-499
-731
-26
-1111
-337
-93
-908
79
-187
-829
147
-527
-496
145
-611
205
-405
12
14
-59
-178
256
23
-261
812
-70
240
488
54
362
383
-39
539
359
-123
516
321
74
205
641
-16
211
685
-267
824
108
-96
216
95
-274
119
258
-243
406
-777
434
-682
-107
153
-338
650
-318
-77
347
-433
-50
578
-193
498
371
-134
288
75
-139
614
95
451
358
-34
518
16
249
313
724
-349
836
236
-326
786
-116
119
750
211
-160
1007
-116
-184
809
-82
216
913
-477
372
630
-583
347
459
-320
259
281
-568
467
-167
-521
541
-467
-477
311
-577
-273
201
-726
221
-259
-837
-162
-133
-862
130
-186
-888
202
-781
-169
-47
-256
-483
528
-620
-259
401
-882
432
-223
-52
18
404
-611
79
469
-431
648
346
251
197
395
91
625
133
485
978
-194
587
345
145
375
381
149
512
322
64
279
-5
-241
205
-318
-181
116
-543
-463
37
-678
-900
-62
-1070
-608
-276
-869
-607
-729
-891
-898
-412
-1198
-64
-805
-730
-547
-695
-432
-769
-67
-573
32
-255
-152
-206
-40
-270
88
275
73
338
-34
527
-299
500
363
79
646
525
303
414
608
51
759
156
555
566
489
206
577
674
-131
411
319
269
237
340
61
526
-24
-155
625
-287
367
363
-14
270
26
209
-514
313
-62
148
424
-14
134
-282
67
-135
42
648
222
37
498
-338
132
525
-498
868
424
-199
550
483
-417
557
412
-303
913
26
54
734
-106
487
389
244
386
157
470
424
11
700
167
-370
734
-395
149
600
-3
39
145
-129
-502
48
-503
-133
52
-458
-345
-694
-563
-1051
-538
-370
-1141
-435
-602
-1612
-679
-1165
-1172
-700
-1148
-771
-764
-990
-1302
-852
-913
-1024
-616
-652
-480
-968
-183
-888
-542
-342
-455
-289
-41
39
-414
342
-233
-27
120
238
565
78
527
504
240
333
525
381
1045
62
752
867
-5
590
381
504
443
587
525
604
267
118
762
-93
516
611
62
765
334
-185
830
480
-220
1003
87
278
760
-291
788
293
-64
801
222
121
751
170
146
639
64
478
362
425
285
310
411
197
193
450
153
224
504
10
703
237
-173
704
248
-347
898
155
170
403
-167
300
185
-319
312
24
-163
287
-473
314
-49
-407
-77
-117
-451
-73
-323
-523
-177
-718
-478
-193
-1092
-187
-789
-906
-303
-1078
-1030
-171
-1237
-1057
-170
-1357
-634
-790
-1099
-650
-756
-1077
-678
-968
-717
-897
-1100
-56
-924
-538
-415
-601
-500
-134
-831
131
-13
-592
321
-134
-285
290
26
-114
576
27
114
569
-174
412
384
89
898
113
681
438
376
394
519
486
345
690
399
563
179
629
397
312
636
364
651
293
638
255
499
227
563
255
508
381
406
533
-70
817
156
334
598
353
270
645
179
367
546
109
637
234
476
476
615
-18
745
323
143
857
-88
678
267
158
314
199
-10
542
-128
231
432
-376
518
-220
-223
168
-36
-398
181
-175
-386
63
-732
-247
-33
-786
-23
-188
-702
-166
-805
-398
-365
-1059
-62
-518
-946
-250
-790
-788
-374
-1021
-639
-352
-926
-715
-561
-936
-693
-558
-973
-332
-458
-1045
48
-887
-692
-210
-850
-513
-87
-650
-330
101
-756
-255
-83
-382
-245
449
-332
331
145
-313
540
71
208
548
302
288
566
-70
534
248
156
781
298
354
666
404
-14
640
151
191
815
-56
491
404
67
150
389
10
217
372
152
425
224
196
-50
73
304
-67
540
420
85
643
-291
403
250
346
316
303
599
222
149
391
271
220
727
179
793
463
244
203
444
263
158
811
64
611
295
60
134
498
-69
415
328
-198
248
-112
-160
-160
70
-62
-12
-275
-97
-213
-441
-182
-305
-435
-165
-381
-522
-108
-591
-436
-264
-662
-391
-464
-502
-323
-552
-492
-308
-623
-521
-400
-337
-623
-77
-628
-452
-321
-563
-257
-429
-101
-570
159
-800
-111
-164
-366
40
-167
-24
-85
23
-392
240
23
-140
294
23
81
323
-160
188
392
-309
414
410
-143
463
334
-158
381
131
-213
531
-68
-103
684
-332
46
210
-262
-26
139
-222
-99
254
-475
-27
-10
-463
49
-54
-266
141
-203
-211
230
-341
-108
575
-524
196
297
-388
353
190
-192
534
185
-199
995
-277
341
471
100
281
428
377
367
655
-136
880
204
235
583
332
162
802
31
212
769
-188
222
732
-211
168
794
-571
263
474
-479
6
573
-676
142
214
-683
176
-20
-527
40
-63
-627
378
-346
-483
321
-507
-366
234
-439
-179
297
-569
59
184
-663
238
82
-593
409
41
-511
448
-200
-110
208
-171
-88
152
-133
-397
507
-450
-55
387
-354
93
303
-369
4
374
-330
122
353
-417
26
387
-678
156
268
-799
192
254
-944
519
-139
-777
418
-264
-740
372
-87
-930
398
-412
-727
220
-307
-786
440
-626
-708
429
-721
-571
414
-561
-519
390
-739
-148
292
-684
-73
409
-788
148
300
-472
179
366
-303
142
266
-344
433
236
-330
590
351
-363
568
146
-44
335
341
-1
248
430
-305
586
371
-169
576
260
-229
265
311
-156
203
447
-229
286
344
-491
625
193
-459
897
121
-270
564
231
-307
449
281
-142
449
275
-208
489
499
-468
828
278
-139
649
396
-51
513
509
-42
505
466
-47
443
297
-252
558
219
-205
568
256
-190
427
-33
-112
335
-164
-111
456
-124
-291
313
-32
-581
206
0
-610
403
-346
-390
25
-344
-685
-65
-207
-801
75
-280
-626
-238
-175
-874
-313
-149
-998
-120
-196
-862
-84
-300
-806
-329
-120
-772
-281
-110
-583
-250
-313
-562
-205
-166
-459
-93
-161
-341
-317
-237
-275
-329
-33
-276
-299
-34
-202
-357
32
-164
-364
293
-140
-215
65
85
-167
-87
409
-224
93
388
-230
86
414
-305
75
696
-268
212
514
-37
132
349
137
66
708
69
163
635
156
41
508
424
24
671
321
346
558
323
260
522
391
282
631
359
619
410
381
725
206
505
402
375
398
402
460
192
587
271
258
284
519
104
370
312
166
212
305
173
51
578
-62
33
435
-109
-18
292
-276
71
209
-247
-116
184
-209
-256
-107
-112
-237
-227
-118
-485
-269
-243
-675
-181
-418
-598
-251
-743
-457
-497
-487
-453
-523
-497
-390
-571
-620
-279
-679
-473
-385
-575
-650
-308
-557
-706
-280
-435
-558
-284
-305
-561
-304
-208
-654
-187
-119
-654
-152
-162
-461
-271
-221
-304
-243
-209
-82
-238
-70
44
-237
-10
354
-261
4
421
-70
20
345
55
111
190
336
160
139
557
74
218
475
301
296
537
498
184
609
545
59
607
616
24
680
488
248
594
413
440
460
391
341
533
385
429
469
351
302
317
177
369
398
262
391
240
250
238
241
280
182
321
342
0
210
377
-49
230
204
74
171
8
-3
216
-112
64
104
-60
138
14
-186
-2
-20
-262
-18
-231
190
-403
-79
-71
-358
-275
-112
-404
-335
76
-476
-275
-83
-561
-462
-166
-694
-198
-248
-616
-78
-453
-558
-175
-472
-517
-266
-436
-462
-176
-449
-306
-206
-413
-394
-181
-533
-344
-140
-450
-145
-154
-311
-160
-182
-186
-274
-207
-162
-122
-202
-242
45
-250
-55
-65
-251
85
70
-284
206
8
12
136
-95
159
198
243
-61
367
154
104
119
183
159
391
113
261
472
104
329
369
252
257
373
176
421
190
322
241
378
130
347
342
65
385
247
200
161
257
210
250
134
209
126
201
144
3
271
46
-18
264
238
-115
304
167
-133
95
155
-16
71
350
-139
219
162
-292
148
157
-255
228
213
-120
203
6
3
32
77
-102
4
68
-169
98
-161
-125
60
-137
-280
79
-157
-197
4
-208
-133
-195
-89
-188
-212
-91
-192
-238
-201
-201
-208
-113
-322
-66
-163
-319
-70
-288
-120
-220
-268
-11
-95
-281
31
-168
-194
-134
-163
-137
-51
-103
-131
4
-25
-119
-75
24
-198
20
3
-85
42
-11
-84
43
-40
-159
13
-30
-76
-14
-25
13
2
-16
-65
-5
-29
-65
45
-14
-18
48
27
-94
23
88
-66
111
-2
-17
89
-19
-56
267
-36
4
191
-23
49
67
125
161
9
68
191
78
46
29
125
128
-55
117
166
-32
95
114
36
136
19
195
135
-8
220
58
157
158
81
109
94
54
25
144
22
73
206
-50
84
169
41
95
28
205
44
-1
168
28
-23
55
-4
13
90
-19
-32
115
-6
-41
230
27
90
171
41
95
-18
85
123
-54
25
212
-57
-68
176
-22
-120
125
13
-28
153
-75
12
53
-10
-55
33
35
-133
-57
-59
-136
-37
-117
-135
-48
-246
-21
-141
-166
-58
-141
-233
-107
-178
-224
-180
-256
-125
-320
-193
-127
-311
-230
-127
-174
-283
-64
-218
-187
-182
-218
-164
-171
-148
-126
-118
-206
-77
-172
-110
-110
-102
-152
-8
-34
-182
107
-92
-102
-6
-79
19
-56
38
55
63
26
82
110
-13
141
89
50
123
182
-4
155
165
51
99
106
196
2
109
157
81
-20
231
202
55
243
148
117
64
160
75
104
144
137
88
151
165
59
214
119
177
147
170
156
223
140
107
238
7
76
140
45
126
139
178
89
82
129
107
69
200
201
117
137
148
111
128
148
58
73
64
-5
104
44
53
107
-1
-22
21
52
-110
-17
-13
-91
-72
-44
-51
-93
-98
-117
-109
-149
-115
-120
-51
-168
-118
-78
-254
-125
-189
-212
-167
-225
-196
-250
-259
-192
-304
-256
-225
-224
-308
-255
-217
-251
-262
-166
-224
-206
-240
-213
-173
-261
-221
-219
-150
-209
-169
-109
-128
-150
-137
-9
-139
-106
64
-29
-73
18
-9
-28
13
7
60
34
46
41
119
50
28
168
75
50
136
178
62
147
172
162
139
112
170
175
93
174
219
103
156
164
149
128
153
82
205
95
99
228
119
145
221
141
107
174
65
115
164
131
117
264
150
71
209
148
96
168
171
132
132
150
148
107
175
163
14
168
74
6
163
43
109
152
55
88
111
40
74
93
20
58
46
-23
-86
1
-79
-111
-23
-53
-38
-25
-69
-63
-37
-90
-138
-111
-166
-147
-177
-189
-193
-247
-218
-258
-271
-239
-233
-246
-224
-236
-264
-213
-213
-259
-166
-205
-277
-182
-247
-275
-185
-192
-231
-122
-139
-190
-125
-157
-175
-83
-98
-95
-30
-77
-62
-37
-130
-81
-8
-122
16
-6
-79
25
-22
-5
81
93
69
73
82
-11
60
85
49
105
95
63
55
43
80
70
97
165
91
119
152
143
132
180
177
139
184
185
134
175
177
148
145
144
157
151
110
161
180
127
170
173
122
192
167
114
178
143
137
127
174
126
144
187
140
146
166
120
134
106
162
124
69
128
42
24
55
12
-42
16
-1
-72
16
-28
-87
-21
-83
-110
-97
-119
-131
-108
-166
-152
-112
-169
-141
-125
-153
-137
-154
-173
-160
-140
-148
-163
-153
-142
-189
-165
-139
-176
-114
-147
-177
-127
-149
-170
-116
-125
-172
-97
-99
-150
-89
-100
-122
-92
-146
-79
-119
-78
-97
-78
-47
-72
-47
-44
-62
-20
-57
-39
2
-51
-38
16
-16
-27
44
-21
1
20
24
7
-1
15
68
8
78
90
31
89
61
54
99
70
35
104
55
65
90
41
90
160
105
131
190
118
108
148
79
113
163
106
149
196
130
185
173
135
186
180
164
169
183
122
161
109
135
152
164
138
149
117
89
66
38
71
-19
45
14
-17
20
16
-48
13
-19
-43
-43
-45
-85
-69
-67
-126
-54
-107
-100
-88
-122
-101
-98
-106
-118
-87
-137
-123
-103
-138
-99
-68
-76
-85
-51
-96
-69
-66
-107
-40
-64
-62
-69
-67
-79
-51
-99
-76
-76
-120
-108
-57
-69
-63
-7
-65
-28
-55
-59
-37
-50
-36
-9
-65
14
-43
-51
-36
-39
-37
-62
12
-72
-65
-15
-53
-56
-11
-16
-42
-46
-32
-54
-32
-24
-28
-19
-18
-10
-20
-4
-18
-7
1
-15
28
30
55
40
39
37
27
55
64
74
94
102
82
91
62
74
59
52
85
76
49
117
110
85
152
132
104
105
102
104
80
86
109
98
86
87
68
35
72
60
37
79
47
26
75
42
51
58
31
53
29
27
40
5
19
-8
-13
21
-10
-35
25
-3
-18
21
1
-13
-16
-6
-3
-2
-24
-23
-16
-49
-62
-51
-95
-99
-40
-49
-20
-26
-58
-13
-29
-41
-1
14
2
-42
16
-29
-18
-6
-38
3
-42
-47
-5
-28
-58
-12
-32
-32
-4
1
-43
-15
-40
-57
-21
-82
-58
-32
-69
-98
-57
-102
-115
-67
-108
-85
-65
-95
-129
-84
-124
-121
-99
-83
-93
-90
-64
-69
-61
-74
-31
-33
-22
-48
8
-11
-25
8
7
0
-20
6
-6
16
44
44
44
66
31
41
78
51
38
85
56
30
91
46
58
96
65
73
78
66
75
87
94
78
72
65
63
38
65
72
75
91
80
51
54
62
20
34
59
47
39
71
40
11
27
-7
-10
-10
-3
27
-19
3
-4
-19
30
19
24
68
48
37
66
43
30
71
57
25
82
62
41
67
64
56
70
88
69
95
70
46
69
76
59
64
40
43
27
3
-3
-18
-5
-26
-23
-10
-21
-49
-31
-32
-75
-34
-90
-111
-83
-140
-150
-132
-138
-166
-144
-148
-172
-164
-168
-177
-148
-188
-178
-152
-181
-149
-145
-153
-148
-151
-153
-125
-128
-131
-81
-113
-109
-64
-75
-63
-62
-71
-36
-47
-58
-13
-10
-26
16
28
1
57
44
61
68
34
76
67
69
87
67
75
69
70
42
80
56
35
89
57
88
100
80
79
104
56
65
107
99
87
87
73
54
59
40
47
56
48
41
58
60
64
60
89
69
65
91
81
72
81
92
60
95
65
54
51
45
64
57
87
86
77
69
68
61
72
64
55
76
50
92
57
39
55
44
30
45
47
11
38
40
28
36
41
2
11
13
-11
-9
-5
-28
-39
-33
-56
-63
-87
-116
-112
-112
-109
-97
-119
-107
-125
-117
-103
-120
-107
-100
-118
-105
-120
-127
-132
-141
-142
-146
-131
-123
-119
-114
-88
-65
-86
-96
-84
-94
-95
-69
-81
-78
-76
-90
-91
-73
-82
-52
-53
-55
-55
-39
-37
-60
-1
0
-10
5
8
-14
6
-19
-1
0
-28
13
-1
0
12
23
31
50
47
56
78
37
59
103
55
79
109
66
65
68
56
70
89
86
95
98
75
82
84
103
89
103
116
96
87
71
84
60
70
109
78
90
112
70
107
119
100
119
106
103
103
74
90
86
57
75
79
69
92
80
79
74
76
54
46
35
46
37
44
42
15
-8
-21
-18
-30
-31
-29
-25
-29
-36
-17
-28
-38
-57
-59
-70
-82
-79
-103
-104
-107
-102
-89
-60
-71
-72
-61
-93
-86
-77
-98
-96
-94
-109
-104
-107
-92
-92
-80
-90
-97
-103
-121
-128
-112
-105
-93
-86
-84
-79
-92
-94
-92
-99
-89
-79
-90
-76
-88
-86
-51
-54
-49
-22
-13
-36
-31
-15
-30
-37
-29
-32
-19
-25
-38
-16
-34
-28
-7
2
3
17
17
27
55
64
53
51
54
49
49
56
62
61
64
63
61
86
94
112
127
131
122
126
130
129
131
121
129
126
117
108
114
95
89
116
108
113
111
110
100
88
96
95
87
76
77
63
54
56
60
50
46
46
31
24
10
3
-6
-7
6
11
7
7
5
-20
-24
-31
-37
-43
-45
-43
-45
-24
-41
-37
-42
-65
-61
-58
-58
-47
-62
-55
-52
-68
-57
-44
-65
-59
-39
-68
-50
-40
-51
-42
-28
-50
-53
-56
-57
-63
-71
-55
-73
-68
-58
-78
-72
-61
-63
-73
-49
-61
-82
-52
-71
-92
-69
-75
-93
-70
-66
-76
-71
-89
-83
-61
-64
-68
-54
-42
-50
-31
-27
-33
-31
-30
-16
-14
-12
-9
2
-3
11
17
25
39
26
30
51
51
59
79
79
82
92
92
87
95
97
87
95
113
93
94
105
81
86
102
86
75
100
84
81
98
93
81
74
68
64
54
52
50
51
47
35
27
21
21
15
22
19
12
2
7
20
-1
14
9
-4
-10
-9
-7
-28
-13
-12
-22
-21
-24
-31
-44
-44
-29
-18
-22
-18
-7
-31
-22
-19
-35
-18
-15
-30
-13
1
-8
3
7
-6
-4
6
-4
-9
-7
-12
-6
-15
-18
-22
-33
-24
-30
-33
-19
-17
-18
-27
-26
-29
-28
-20
-32
-33
-27
-51
-57
-53
-61
-52
-49
-44
-39
-36
-36
-44
-36
-44
-58
-46
-57
-57
-45
-45
-52
-46
-44
-45
-54
-48
-38
-31
-18
-19
-1
0
-1
4
-3
3
15
8
18
7
10
8
-1
3
1
18
20
15
19
27
25
30
33
26
32
27
25
25
29
35
32
38
38
40
37
48
44
45
50
39
38
46
39
34
32
34
45
35
29
30
29
31
38
28
41
49
41
41
48
42
47
38
25
29
14
10
18
20
26
32
22
30
24
31
26
17
25
20
15
9
5
9
-2
2
3
-4
3
15
-1
3
18
11
4
3
11
0
4
1
-6
-17
-37
-35
-41
-50
-40
-36
-35
-21
-24
-31
-25
-33
-40
-35
-44
-44
-41
-46
-55
-57
-60
-60
-63
-67
-69
-71
-63
-57
-53
-58
-46
-49
-50
-40
-51
-49
-38
-43
-46
-37
-34
-38
-32
-25
-19
-23
-13
-7
-3
-2
-3
3
5
7
0
6
12
-2
4
13
-4
12
13
7
16
5
3
-5
-5
2
5
0
10
6
7
11
7
12
13
19
19
21
23
26
29
34
30
30
32
23
25
37
39
39
43
41
41
53
55
60
67
71
69
66
59
59
62
56
46
47
45
26
34
35
28
33
42
46
41
43
45
40
41
34
40
39
38
36
30
16
7
19
21
16
21
13
-1
-3
-4
-8
-6
-15
-15
-25
-31
-32
-34
-35
-49
-49
-45
-56
-62
-58
-59
-62
-59
-55
-56
-49
-54
-48
-41
-35
-31
-33
-31
-36
-41
-44
-50
-59
-57
-57
-59
-44
-41
-48
-33
-34
-45
-37
-40
-37
-28
-27
-22
-19
-20
-24
-25
-30
-30
-32
-36
-24
-19
-24
-12
-9
-7
-1
-3
5
6
0
1
0
-7
-2
-1
2
9
21
14
10
19
31
32
41
41
34
33
33
32
33
41
34
31
39
32
25
33
35
39
40
41
32
28
34
39
37
38
41
35
31
34
30
30
32
27
31
35
33
31
34
26
20
17
12
12
16
17
13
10
10
9
6
1
5
3
2
1
8
15
15
18
14
11
4
-1
1
-5
-6
-3
-3
0
7
1
-2
2
-5
-4
-7
-5
-10
-11
-13
-19
-8
-17
-19
-23
-23
-21
-15
-14
-18
-18
-28
-31
-31
-37
-41
-38
-41
-41
-34
-43
-45
-40
-50
-44
-45
-52
-43
-43
-38
-25
-24
-30
-28
-29
-37
-37
-36
-39
-30
-25
-26
-20
-13
-8
-7
0
0
4
3
-6
-6
-3
-8
-5
-1
1
3
8
10
10
18
23
21
28
36
36
38
35
43
42
34
35
37
32
29
30
33
35
34
36
32
31
38
34
34
38
38
36
33
30
22
23
17
16
14
9
11
3
0
4
8
1
0
5
10
4
1
7
1
4
11
4
2
-5
-5
-7
-5
-5
-2
0
0
6
7
1
-1
-7
-9
-10
-9
-12
-16
-12
-8
-5
-9
-7
-2
-1
-6
-7
-7
-15
-12
-12
-13
-12
-13
-12
-9
-7
-5
-6
-12
-12
-9
-8
-10
-6
-12
-12
-10
-12
-12
-17
-17
-25
-28
-27
-27
-24
-18
-19
-20
-12
-14
-19
-20
-17
-18
-21
-19
-19
-16
-23
-23
-24
-25
-17
-20
-15
-8
-8
-4
-1
-2
1
3
3
8
12
11
13
8
1
2
8
11
15
18
12
13
