-2.015100
-1.477740
-3.089820
-3.089820
-1.477740
-0.403020
1.209060
-0.403020
2.283780
1.746420
-0.403020
-1.477740
0.134340
2.821140
1.209060
3.358500
2.821140
1.746420
0.671700
-0.403020
-0.940380
-2.015100
-0.940380
-3.089820
-1.477740
0.134340
0.671700
2.821140
3.895860
2.821140
2.283780
1.209060
-0.403020
-0.940380
0.134340
-1.477740
-0.403020
-1.477740
-3.089820
-2.015100
-2.015100
-3.089820
-0.940380
0.671700
-0.403020
0.134340
0.671700
-1.477740
-1.477740
-2.552460
-2.552460
0.671700
0.671700
0.134340
-0.403020
-0.940380
0.134340
-0.403020
2.283780
2.283780
1.209060
0.134340
-3.089820
-0.940380
0.134340
0.134340
1.209060
4.433220
1.746420
1.746420
3.895860
2.821140
0.671700
2.283780
0.671700
0.671700
0.671700
0.134340
0.671700
-0.940380
0.671700
-0.940380
0.134340
0.134340
0.134340
1.209060
-1.477740
-2.552460
-0.940380
0.671700
0.134340
-1.477740
-3.627180
0.134340
2.283780
1.209060
1.209060
-0.940380
-2.015100
-3.089820
-3.627180
-3.627180
-2.015100
0.134340
1.209060
1.746420
1.746420
-0.940380
-0.940380
-1.477740
-3.089820
-2.015100
-2.552460
-2.015100
1.746420
4.433220
4.970580
4.433220
3.895860
3.358500
0.134340
0.134340
0.134340
0.134340
0.671700
-0.403020
1.209060
-0.403020
-2.552460
-1.477740
-0.403020
0.671700
1.746420
0.671700
0.134340
1.209060
0.671700
0.671700
-1.477740
-0.403020
0.134340
-2.552460
-2.552460
-1.477740
-2.015100
-3.089820
-4.701900
-4.701900
-4.701900
-3.089820
-2.015100
-2.015100
-1.477740
-0.403020
-0.403020
0.134340
2.283780
2.283780
0.134340
1.209060
0.671700
0.134340
-0.940380
-0.403020
-2.015100
-0.940380
-1.477740
-2.552460
-0.403020
-1.477740
-2.015100
-1.477740
0.134340
-0.403020
-2.015100
-0.940380
-1.477740
-2.015100
-0.940380
-0.403020
-0.403020
1.209060
-2.552460
-3.627180
-2.015100
-3.089820
-2.552460
-5.239260
-4.701900
-2.015100
-2.552460
-2.552460
-0.403020
2.283780
1.746420
-0.403020
1.746420
1.746420
1.209060
1.746420
2.283780
1.209060
1.209060
2.821140
1.746420
-0.403020
-2.552460
-2.015100
-3.627180
-3.089820
-0.403020
-0.940380
-2.552460
-1.477740
-1.477740
-2.552460
-0.940380
-1.477740
-2.015100
-2.015100
-4.701900
-3.627180
-2.015100
-0.403020
2.283780
1.746420
0.671700
0.671700
0.671700
1.746420
2.283780
-0.403020
1.746420
1.746420
0.134340
0.134340
0.671700
4.433220
2.283780
3.895860
1.209060
-1.477740
1.746420
0.134340
-2.015100
-0.403020
0.134340
0.134340
1.746420
3.358500
3.895860
4.970580
6.582659
0.134340
-1.477740
0.671700
-1.477740
0.134340
1.746420
0.671700
1.209060
2.283780
1.209060
-0.940380
-0.403020
-0.940380
-0.403020
0.134340
1.746420
4.970580
2.821140
1.746420
1.209060
0.671700
-0.403020
-0.940380
-1.477740
-0.940380
-0.403020
-4.164540
-4.701900
-2.015100
0.671700
-2.015100
-1.477740
-0.940380
-2.552460
0.134340
2.821140
-0.403020
-2.552460
-1.477740
-3.089820
-2.552460
-2.015100
-1.477740
-2.015100
-3.627180
-3.627180
-2.552460
-3.627180
-5.776619
-6.851339
-7.388699
-7.388699
-4.164540
-6.851339
-7.388699
-6.313979
-5.776619
-4.701900
-4.701900
-4.164540
-2.552460
-1.477740
-0.403020
1.746420
2.283780
0.134340
1.209060
3.895860
2.283780
1.746420
0.671700
2.821140
1.209060
6.045299
3.895860
3.895860
4.970580
0.671700
2.821140
1.746420
1.746420
0.134340
0.671700
0.671700
2.821140
6.045299
4.970580
6.045299
3.358500
3.895860
2.283780
3.358500
3.895860
1.209060
2.821140
1.746420
1.209060
0.134340
0.671700
1.746420
2.283780
0.134340
-0.403020
0.671700
0.134340
0.671700
-0.940380
1.209060
3.895860
0.671700
-0.940380
-2.015100
-2.015100
-3.089820
-0.940380
-0.403020
-0.940380
-2.015100
-4.701900
-5.776619
-3.627180
-0.940380
0.134340
2.283780
0.671700
1.209060
0.134340
1.209060
0.671700
0.134340
-0.940380
-3.089820
-4.164540
-0.940380
-0.403020
1.209060
2.283780
2.283780
1.209060
0.134340
-0.940380
-3.089820
-4.164540
-4.701900
-4.701900
-5.239260
-6.313979
-2.015100
-0.940380
-2.552460
-4.164540
-3.089820
-2.552460
-2.015100
-0.940380
-1.477740
0.134340
-0.940380
0.134340
-0.940380
-3.089820
-4.164540
-4.701900
-2.015100
-1.477740
0.671700
2.283780
-0.403020
0.671700
3.895860
1.209060
1.209060
2.821140
2.283780
2.821140
0.671700
-2.015100
-2.015100
-3.089820
-3.627180
-0.940380
-1.477740
-0.940380
-2.015100
-2.552460
-2.015100
-2.015100
-3.089820
-5.239260
-6.851339
-6.313979
-3.089820
-2.552460
0.671700
-2.015100
-5.776619
-6.851339
-7.926059
-7.926059
-7.388699
-6.313979
-4.701900
-7.388699
-6.851339
-4.164540
-3.627180
-2.015100
-3.089820
-3.627180
-3.627180
-1.477740
-2.552460
-3.089820
1.209060
2.283780
1.746420
4.433220
4.970580
4.970580
4.970580
1.746420
0.134340
0.671700
2.283780
4.433220
6.045299
7.657379
7.657379
6.045299
6.582659
8.732099
8.732099
10.881539
8.194739
7.657379
10.344179
10.344179
9.269459
8.732099
8.194739
9.269459
8.732099
9.269459
9.269459
8.194739
8.732099
8.732099
7.657379
4.433220
2.821140
4.970580
3.895860
1.746420
1.746420
3.358500
1.209060
1.746420
0.134340
1.209060
3.358500
0.671700
0.134340
-2.015100
-3.627180
-4.701900
-6.313979
-6.851339
-7.926059
-7.926059
-7.926059
-6.313979
-4.701900
-4.701900
-4.701900
-4.164540
-5.776619
-6.313979
-5.239260
-7.926059
-7.926059
-8.463419
-6.313979
-5.239260
-5.239260
-5.776619
-7.926059
-5.239260
-9.538139
-7.388699
-4.701900
-5.239260
-6.313979
-4.164540
-2.552460
-3.627180
-4.164540
-5.239260
-3.089820
-4.164540
-6.313979
-8.463419
-6.851339
-7.388699
-5.239260
-4.701900
-4.701900
-4.701900
-6.851339
-6.313979
-4.164540
-2.015100
-0.403020
0.671700
-2.552460
-2.015100
-0.403020
0.134340
2.283780
0.134340
0.134340
0.134340
-2.552460
-3.089820
-2.552460
-2.552460
-2.015100
-1.477740
-0.403020
0.134340
0.134340
-1.477740
2.283780
3.358500
0.134340
0.134340
1.209060
-1.477740
-0.403020
-0.940380
-2.552460
0.134340
1.746420
1.746420
3.895860
6.582659
6.045299
4.970580
4.970580
6.045299
4.970580
7.120019
3.895860
2.283780
4.433220
4.970580
4.970580
6.045299
6.582659
5.507939
3.895860
3.895860
4.433220
4.433220
3.895860
3.358500
1.209060
-0.940380
1.209060
3.358500
1.746420
3.358500
1.746420
1.746420
2.283780
0.671700
1.746420
3.358500
2.283780
1.209060
3.895860
5.507939
2.821140
1.746420
0.134340
-0.403020
0.671700
1.209060
1.209060
1.746420
1.746420
1.209060
0.671700
0.134340
1.746420
0.134340
-4.164540
-1.477740
-0.403020
0.671700
1.746420
3.895860
2.821140
0.134340
-0.940380
-0.940380
-2.015100
-1.477740
1.746420
0.134340
1.209060
1.209060
-0.403020
-0.403020
-0.940380
-1.477740
0.134340
0.134340
-2.552460
-0.940380
-1.477740
-1.477740
-0.403020
-2.015100
-3.089820
-5.239260
-3.627180
-3.627180
-4.701900
-2.552460
-2.015100
-3.627180
-5.776619
-7.388699
-5.239260
-3.089820
-2.015100
-2.552460
-4.164540
-6.313979
-7.388699
-5.776619
-4.164540
-0.940380
-1.477740
-2.015100
-3.089820
-6.313979
-5.776619
-4.164540
-4.701900
-4.164540
-0.940380
-2.552460
-3.089820
-3.089820
-2.552460
-2.015100
-3.089820
-2.552460
-4.701900
-5.776619
-4.164540
-6.851339
-6.851339
-5.239260
-3.627180
-3.089820
-4.164540
-4.164540
-4.164540
-4.701900
-6.313979
-4.701900
-3.089820
-3.627180
-3.627180
-2.552460
-0.403020
0.134340
-0.940380
0.134340
3.358500
4.433220
2.283780
1.209060
0.134340
-1.477740
0.671700
-0.940380
-0.940380
-0.940380
-1.477740
-2.015100
-0.940380
-0.403020
-0.940380
2.821140
2.283780
2.821140
2.283780
2.821140
2.283780
1.209060
1.209060
-0.403020
-1.477740
-3.089820
0.134340
0.134340
1.209060
2.821140
1.209060
4.433220
4.433220
6.582659
9.269459
8.732099
9.269459
8.732099
5.507939
7.120019
7.120019
4.970580
4.970580
6.045299
7.120019
8.732099
8.194739
5.507939
4.433220
2.821140
3.895860
6.045299
8.732099
7.657379
4.970580
3.895860
4.433220
3.895860
2.821140
3.358500
2.283780
1.746420
0.134340
0.134340
1.209060
1.746420
0.671700
1.746420
-0.940380
0.671700
1.746420
1.746420
1.209060
1.209060
3.895860
0.671700
0.134340
0.671700
0.134340
0.134340
-2.015100
-3.089820
-2.015100
-2.015100
-0.403020
-3.089820
-2.015100
-4.164540
-6.313979
-6.313979
-7.926059
-7.926059
-5.239260
-6.851339
-9.000779
-10.075499
-8.463419
-7.926059
-8.463419
-7.388699
-9.000779
-6.313979
-8.463419
-6.851339
-4.701900
-5.776619
-5.776619
-7.388699
-6.313979
-3.627180
0.671700
1.209060
0.134340
0.134340
-2.015100
-4.164540
-3.627180
-6.313979
-3.089820
-2.552460
-5.776619
-4.701900
-1.477740
-3.089820
-2.552460
-0.403020
-2.552460
-1.477740
-0.403020
-1.477740
-0.403020
1.209060
0.134340
-2.015100
-4.164540
-2.015100
-0.403020
-2.015100
-2.015100
-0.940380
-4.164540
-3.627180
-0.403020
-0.403020
1.209060
2.821140
2.821140
0.134340
-1.477740
0.134340
0.134340
-1.477740
-1.477740
-3.089820
-2.015100
-2.015100
-0.403020
-0.940380
0.671700
-0.403020
-0.940380
0.671700
0.134340
0.134340
-2.015100
0.134340
-0.940380
1.209060
1.746420
2.283780
2.821140
4.970580
4.970580
2.821140
-0.403020
0.671700
1.746420
1.746420
2.283780
0.671700
0.671700
1.209060
1.209060
0.671700
1.209060
-0.403020
-0.403020
-4.701900
-2.015100
2.283780
3.358500
4.970580
1.209060
0.671700
1.209060
1.746420
3.358500
7.120019
4.433220
0.134340
-2.552460
-4.701900
-1.477740
4.970580
4.970580
3.895860
3.895860
0.134340
1.209060
3.895860
4.970580
3.895860
4.970580
3.358500
1.209060
1.209060
3.895860
9.269459
7.657379
6.045299
3.895860
3.358500
1.209060
2.821140
6.582659
2.821140
4.970580
4.433220
0.134340
2.821140
2.283780
2.821140
5.507939
2.821140
1.209060
-0.403020
0.671700
5.507939
2.283780
-0.403020
-2.015100
-0.940380
1.209060
0.671700
0.671700
-0.403020
-2.015100
-0.940380
-2.552460
0.671700
2.283780
-2.552460
-3.627180
-2.552460
-5.776619
-6.313979
-6.851339
-11.150219
-7.388699
-6.313979
-6.851339
-5.776619
-7.926059
-7.926059
-6.313979
-7.388699
-10.612859
-12.224939
-9.000779
-8.463419
-7.926059
-4.701900
-5.239260
-7.926059
-10.612859
-10.612859
-7.926059
-6.851339
-7.388699
-9.000779
-10.612859
-11.150219
-7.388699
-2.552460
0.671700
-0.940380
-2.552460
-1.477740
-3.627180
-4.164540
-0.940380
-1.477740
-0.940380
1.746420
-0.940380
-4.164540
-0.940380
0.671700
-0.403020
3.358500
4.433220
1.209060
-2.015100
2.283780
0.671700
-2.015100
4.433220
6.045299
3.358500
4.970580
3.895860
4.970580
8.194739
6.045299
3.358500
5.507939
5.507939
3.358500
3.358500
4.970580
4.970580
1.746420
2.821140
3.895860
1.746420
0.134340
3.895860
2.821140
0.671700
-0.940380
-1.477740
1.209060
0.671700
0.134340
3.358500
3.895860
1.746420
0.134340
-5.239260
-0.403020
-0.940380
-2.552460
-2.015100
-6.313979
-6.851339
-5.239260
-3.089820
-1.477740
1.209060
-3.089820
-1.477740
2.283780
-1.477740
0.134340
4.433220
0.134340
-0.403020
-1.477740
1.209060
2.283780
1.746420
1.746420
0.134340
-0.940380
-0.940380
1.209060
1.746420
4.970580
3.895860
2.283780
1.746420
2.821140
2.821140
3.895860
2.283780
-0.403020
-4.164540
-4.701900
-2.015100
0.134340
6.582659
6.045299
2.821140
1.746420
-1.477740
-3.627180
4.433220
7.657379
2.283780
3.895860
-3.627180
-4.164540
-3.089820
-0.940380
3.895860
2.821140
3.895860
2.283780
1.746420
3.895860
6.582659
6.045299
3.358500
-0.940380
1.746420
2.821140
0.671700
-0.403020
-3.627180
-4.701900
-4.164540
-2.552460
-0.403020
3.358500
2.821140
1.746420
-0.403020
-4.701900
-3.627180
-9.000779
-11.150219
-8.463419
-7.926059
-7.926059
-6.851339
-3.627180
0.671700
-1.477740
-3.627180
-5.239260
-7.388699
-5.776619
-5.239260
-3.089820
-0.940380
-0.403020
-3.089820
-3.627180
-0.940380
-1.477740
-1.477740
-2.552460
-4.701900
-6.313979
-3.627180
-0.940380
1.746420
0.134340
-3.627180
-6.313979
-4.164540
-2.552460
-0.403020
0.671700
0.671700
2.821140
-0.940380
-0.403020
-0.940380
0.671700
2.283780
1.746420
-2.015100
-4.164540
-4.701900
-6.313979
0.134340
1.746420
0.671700
1.209060
0.671700
0.671700
3.358500
9.806819
7.120019
28.614417
46.884656
58.169215
47.959376
16.255139
-24.046858
-42.854456
-46.615976
-50.914855
-45.541256
-34.794057
-15.449099
8.732099
13.030979
-3.089820
-14.911739
-22.434778
-29.957817
-31.032537
-35.331417
-51.452215
-53.601655
-36.943497
-7.388699
35.062737
65.154894
61.930734
48.496736
38.286896
30.226497
23.778178
7.120019
-21.360058
-34.256697
-14.911739
14.105699
35.600097
41.511056
39.361616
40.436336
33.450657
8.194739
-8.463419
-12.224939
-9.000779
-6.313979
-18.135898
-35.868777
-28.345737
-5.239260
3.895860
0.134340
-0.940380
-6.313979
-3.627180
-3.627180
-20.285338
-39.092936
-41.242376
-18.673258
11.956259
38.824256
37.212177
22.703458
9.269459
7.120019
19.479298
34.525377
34.525377
33.988017
31.838577
35.600097
37.749537
27.539697
3.895860
-11.687579
-6.851339
4.433220
13.030979
6.582659
-10.075499
-21.360058
-12.224939
-7.926059
-10.075499
-17.598538
-22.972138
-15.986459
7.120019
20.016658
4.433220
-16.523818
-26.196298
-14.911739
10.881539
32.375937
31.301217
15.180419
1.209060
-19.747978
-30.495177
-34.794057
-35.868777
-19.747978
-0.403020
11.956259
12.493619
2.821140
-14.374379
-19.210618
-3.089820
6.045299
-2.015100
-14.911739
-31.032537
-39.630296
-33.181977
-24.584218
-24.584218
-24.046858
-14.911739
-2.552460
6.582659
1.746420
-21.360058
-42.317096
-50.914855
-41.779736
-15.986459
-10.075499
-4.164540
4.433220
6.582659
4.433220
4.433220
-4.164540
-14.374379
-8.463419
-6.851339
-2.015100
0.671700
-9.000779
-20.285338
-13.299659
-0.940380
9.269459
20.554018
22.703458
8.194739
9.806819
10.344179
-0.403020
-5.776619
-7.926059
-1.477740
11.418899
28.614417
32.375937
26.464978
25.927618
20.554018
6.582659
6.582659
4.433220
8.732099
16.792498
21.091378
21.628738
18.941938
11.956259
9.806819
18.941938
20.016658
13.030979
4.970580
-0.403020
-4.164540
0.134340
5.507939
6.582659
10.344179
16.792498
29.689137
37.212177
29.151777
11.956259
-3.089820
-8.463419
-20.822698
-13.299659
0.134340
2.821140
21.091378
36.137457
25.390258
7.657379
-4.164540
-18.135898
-12.762299
0.134340
0.671700
-1.477740
-5.239260
-2.552460
1.746420
9.806819
9.806819
3.358500
-6.313979
-20.285338
-26.196298
-21.360058
-27.271017
-24.584218
-14.911739
-4.164540
10.881539
14.643059
8.194739
-0.403020
-2.015100
-12.762299
-22.434778
-26.733658
-28.345737
-22.972138
-4.164540
7.657379
10.344179
16.255139
4.433220
-13.837019
-25.121578
-33.719337
-35.331417
-19.747978
-13.837019
-17.061178
-14.374379
-9.000779
-13.837019
-1.477740
11.956259
8.194739
4.970580
1.209060
-9.000779
-26.733658
-35.868777
-38.555576
-27.808377
-10.075499
11.956259
14.105699
14.105699
7.657379
-4.164540
-6.851339
-4.701900
5.507939
7.657379
15.717779
23.778178
20.016658
19.479298
23.240818
16.255139
17.329858
14.105699
6.582659
9.269459
13.568339
11.418899
4.433220
9.269459
10.344179
16.255139
17.867218
11.956259
3.895860
-1.477740
-6.313979
3.895860
16.255139
14.643059
17.329858
17.329858
8.732099
6.045299
12.493619
6.582659
2.821140
3.358500
8.732099
8.194739
7.120019
2.821140
8.732099
20.554018
24.852898
21.091378
16.255139
9.269459
10.344179
15.180419
13.030979
11.418899
9.806819
22.703458
27.002338
33.988017
31.301217
10.881539
-5.239260
-15.986459
-18.673258
-9.538139
-2.015100
-7.926059
-18.135898
-23.509498
-32.107257
-36.943497
-40.167656
-53.601655
-67.573014
-74.558693
-74.558693
-77.245493
-79.932293
-84.231172
-92.828931
-90.142132
-85.305892
-74.558693
-64.348854
-64.886214
-65.960934
-65.423574
-64.886214
-57.363175
-38.018217
-27.808377
-21.897418
-13.299659
-4.164540
1.746420
6.045299
12.493619
8.732099
8.194739
22.703458
37.212177
54.407695
72.140573
69.453774
59.243935
52.795615
57.631855
54.407695
47.422016
39.898976
39.898976
44.735216
45.809936
47.422016
47.422016
46.347296
45.809936
51.183535
53.870335
47.959376
36.137457
32.375937
23.240818
18.404578
24.315538
30.226497
43.123136
54.407695
54.407695
54.945055
55.482415
50.646175
45.272576
37.212177
35.062737
28.077057
22.703458
15.717779
13.568339
17.867218
23.240818
43.660496
71.065853
99.008571
111.905210
96.321771
66.229614
45.272576
57.631855
87.186652
106.531610
100.620651
78.588893
56.019775
32.375937
8.194739
-14.911739
-13.837019
-4.164540
1.746420
-12.224939
-61.662054
-127.219968
-183.105403
-209.973401
-205.674521
-187.941643
-191.165802
-216.959080
-254.574277
-277.143395
-274.993955
-247.051237
-221.257960
-205.137161
-186.866923
-171.283484
-161.073645
-149.251726
-149.789086
-150.863806
-141.191327
-113.248610
-64.348854
-18.673258
23.778178
50.108815
70.528494
75.902093
89.873452
108.143690
124.801849
126.413928
117.816169
97.396491
69.453774
54.945055
54.407695
69.453774
96.321771
123.189769
128.563368
122.652409
104.382170
71.065853
36.137457
3.895860
-13.837019
-10.075499
10.344179
33.988017
51.720895
64.617534
67.841694
86.111932
101.158011
118.890889
137.161127
139.310567
133.399608
114.054650
94.709691
82.350412
81.813052
87.186652
100.083291
110.830490
111.905210
89.873452
57.631855
44.197856
37.212177
37.749537
23.778178
4.970580
4.433220
32.913297
100.083291
159.192885
175.313684
135.549048
69.991134
56.019775
101.695371
170.477444
194.121282
157.043446
94.172331
40.973696
11.418899
-9.538139
-22.972138
-0.403020
47.959376
68.916414
5.507939
-146.564927
-320.669550
-417.931702
-400.198823
-315.833311
-258.335796
-291.652113
-402.885623
-510.357613
-535.076171
-456.084258
-334.640909
-276.068675
-274.993955
-310.997071
-329.267310
-319.057471
-308.847632
-297.025713
-259.410516
-189.553723
-90.679492
2.283780
81.275693
138.235847
180.687283
220.451920
233.885918
236.035358
230.661759
250.544077
260.216556
253.230877
211.854161
161.342325
125.876568
132.324888
188.747683
240.334238
246.245197
195.196002
116.741449
33.450657
-27.271017
-60.587334
-86.380612
-106.262930
-84.768532
-36.406137
22.166098
60.318654
101.695371
135.549048
180.149923
228.512319
241.946318
230.124399
207.555281
173.164244
147.908326
150.057766
152.207206
179.075204
213.466240
248.394637
265.052796
236.035358
188.210323
114.054650
61.930734
36.674817
24.315538
-7.926059
-63.811494
-125.607888
-166.447245
-152.475886
-92.828931
-41.242376
4.970580
50.108815
101.158011
187.672963
232.811199
204.868481
121.577689
84.499852
126.951288
220.989280
287.084554
268.276955
208.630001
163.491765
119.965609
87.724012
53.870335
57.631855
123.727129
159.730245
64.617534
-184.717483
-479.728096
-681.238077
-690.910556
-563.018888
-444.262339
-457.158978
-626.427362
-810.204465
-891.345818
-784.948548
-601.171445
-490.475295
-479.728096
-539.912410
-561.944168
-527.015772
-495.848894
-483.489616
-446.411779
-340.551869
-146.027567
57.631855
212.928880
281.173594
311.803111
341.895269
380.585185
435.933260
512.775733
584.244606
584.781966
499.879094
368.763266
248.931997
193.046562
228.512319
368.225906
493.968135
515.462533
371.987426
150.057766
-41.779736
-116.472769
-74.021333
-7.388699
-20.822698
-136.892447
-249.200677
-292.726833
-232.005159
-64.886214
130.712808
261.828636
312.340471
285.472474
234.423278
226.900239
230.661759
193.583922
140.385287
105.994250
116.741449
161.879685
232.273839
284.935114
269.351675
230.661759
186.060883
161.879685
169.402724
158.118165
102.770091
0.671700
-136.892447
-261.559956
-294.338913
-227.168919
-114.323329
-16.523818
7.657379
-55.751095
-75.633413
63.005454
316.101991
526.747092
524.597652
312.877831
133.936968
163.491765
347.268868
512.775733
538.569010
478.384696
420.349821
387.570864
333.297509
291.383433
321.475590
404.229023
432.709100
269.351675
-132.056208
-612.993364
-934.871974
-993.444209
-824.713184
-639.861361
-703.269835
-1025.148446
-1333.055697
-1401.837771
-1150.890674
-765.603590
-547.972810
-615.680163
-825.787904
-940.245573
-907.466617
-812.353905
-698.433596
-623.203203
-531.852011
-348.074908
-74.558693
207.017921
444.531019
570.273248
605.739004
668.610118
758.349230
859.910261
901.824337
862.059701
710.524195
505.252694
359.628147
326.311830
467.637497
710.524195
868.508020
802.950106
554.152449
259.141836
55.482415
-40.167656
-102.501411
-211.585481
-376.554985
-530.777291
-609.769204
-577.527607
-470.055617
-312.609151
-137.429807
30.763857
173.164244
281.173594
270.963755
153.281926
14.105699
-101.426691
-74.021333
51.720895
154.356646
239.259518
306.966872
344.582068
365.539106
371.450066
365.539106
338.671109
343.507348
294.607593
125.339208
-114.860689
-388.376904
-489.400575
-423.305301
-218.571160
-18.135898
63.005454
-20.822698
-190.091083
-302.399312
-290.040033
-175.045004
21.628738
304.817432
520.836132
579.408367
428.947581
295.144953
374.136866
702.463795
1083.452000
1174.265832
992.100809
740.616352
628.845482
589.618206
545.554690
493.968135
527.284451
673.446358
783.605148
617.023563
78.051533
-587.737446
-1034.820925
-1112.200758
-995.056288
-895.107338
-1100.378839
-1564.657836
-1939.735082
-1891.910046
-1423.332169
-896.182058
-691.447916
-799.994626
-958.515812
-1012.251807
-952.067492
-937.021414
-1054.165883
-1121.873237
-985.383809
-647.921760
-220.183240
133.399608
321.475590
440.232139
646.578361
926.005535
1181.251511
1238.749026
1035.626965
745.452591
546.092050
471.936377
496.117574
504.715334
563.287568
734.705392
943.201053
1073.242161
1024.879766
799.188586
420.349821
50.108815
-158.386845
-281.979634
-425.454741
-619.979043
-847.282302
-925.199495
-812.891265
-532.389371
-251.350117
-54.139015
40.973696
65.154894
62.468094
60.318654
32.375937
-47.690696
-111.636530
-117.547489
-54.139015
82.887772
182.299363
218.839840
243.021038
309.653672
432.171740
504.177974
418.737741
173.701604
-78.320213
-193.852602
-179.881243
-110.024450
-176.119724
-254.036917
-291.114753
-194.389962
-24.584218
37.212177
60.856014
-42.317096
-220.720600
-366.882506
-376.554985
-164.835165
261.291276
728.257073
941.588973
865.821220
763.185470
908.810016
1395.658132
1834.143851
1886.805126
1591.794514
1244.122626
1065.181762
1032.402805
1025.954486
988.876649
1063.569682
1274.214783
1356.430855
1096.348639
500.416454
-223.407399
-786.023268
-998.280448
-1051.479083
-1226.121067
-1704.908783
-2359.413203
-2757.059566
-2618.958059
-2053.655391
-1544.238158
-1338.429297
-1432.467288
-1566.269916
-1531.341519
-1508.772401
-1655.471668
-1978.424998
-2183.696499
-2043.445552
-1538.327198
-882.748059
-347.537548
-11.150219
259.141836
513.313093
788.978747
1068.405922
1270.453263
1359.117655
1233.912786
847.550982
408.527902
133.936968
268.814315
889.465058
1484.322523
1754.614579
1596.093393
1152.771434
723.420833
563.287568
554.689809
369.837986
-75.096053
-753.781671
-1369.058814
-1568.419356
-1242.779226
-791.934227
-395.899944
-172.358204
-43.391816
168.328005
386.496144
536.956931
461.726538
232.811199
-76.170773
-245.976517
-233.079879
-91.216852
83.962492
219.377200
344.582068
461.726538
605.739004
706.762675
696.552836
588.006126
441.844219
251.618797
6.582659
-297.025713
-513.044413
-536.150891
-330.342030
-17.061178
136.623767
10.344179
-317.982751
-535.076171
-455.009538
-200.838282
-62.736774
-198.688842
-334.103549
-39.630296
715.360434
1517.638840
1939.466402
1910.448964
1809.425294
2021.682474
2331.739165
2477.901072
2360.219243
2008.785835
1689.056665
1467.664365
1308.605820
1360.192375
1613.288912
1919.046723
2000.188076
1603.079073
819.070905
-134.743008
-953.142212
-1405.599291
-1622.692711
-1926.301083
-2515.247589
-3264.864720
-3705.499879
-3449.179183
-2660.872135
-1908.030844
-1626.991590
-1818.829093
-2146.618663
-2251.941213
-2124.049545
-2113.839706
-2334.157285
-2638.303017
-2760.283726
-2437.330396
-1731.776781
-956.366372
-271.232435
202.181681
555.227169
913.108896
1290.335581
1583.196754
1659.501867
1483.247804
1021.118246
525.135012
349.418308
634.219082
1138.262715
1606.303232
1784.706736
1695.504984
1521.400360
1414.465730
1393.508692
1315.591499
986.727209
309.116312
-476.503936
-1074.585561
-1266.423063
-1061.151562
-725.838953
-472.205057
-237.378758
34.525377
279.561514
489.131895
655.176120
742.765792
562.212848
227.974959
-164.835165
-408.259222
-455.009538
-391.601064
-201.913001
-51.452215
119.965609
328.998630
522.448212
766.409629
919.019855
856.686101
531.045971
89.336092
-297.563073
-413.632822
-283.054354
-165.372525
-150.863806
-174.507644
-268.545635
-201.375641
107.606330
359.090787
495.580214
414.976222
126.413928
-87.455332
126.413928
775.007389
1484.859883
1863.161289
1839.517451
1740.105860
1938.391682
2491.872431
2900.265993
2787.420404
2253.284613
1726.134501
1476.262124
1465.514925
1437.572208
1255.407185
1114.081518
1056.584003
1010.371047
696.552836
23.240818
-832.773583
-1599.048873
-2014.965475
-2196.593138
-2427.120557
-3001.020984
-3742.040356
-4164.942637
-3848.974986
-3023.590102
-2228.297375
-1963.378919
-2219.699616
-2517.934388
-2508.799269
-2248.717053
-2086.434348
-2307.826648
-2759.746366
-2907.520353
-2498.589430
-1641.500309
-740.347672
-149.789086
105.456890
378.973105
917.407776
1635.320670
2203.310137
2222.117736
1699.803864
1010.908407
605.739004
736.854832
1194.685510
1624.036111
1705.177463
1541.820038
1480.561004
1642.843709
1977.081598
2133.453344
1844.353690
1137.187995
352.642468
-242.214998
-496.386254
-445.337059
-403.422983
-506.596093
-514.119133
-279.830194
247.319917
834.116983
1182.863591
1259.706064
1041.537924
682.044117
302.130632
-35.331417
-309.922351
-511.969693
-615.142803
-553.346409
-338.402429
-35.331417
287.621914
561.675488
823.907144
989.951369
945.350493
670.222198
220.989280
-198.151482
-446.411779
-618.904323
-624.277923
-524.866332
-336.790349
-123.458449
84.499852
309.653672
501.491174
569.735888
507.939493
464.413337
522.448212
804.024826
1224.777667
1483.785163
1458.529246
1388.135092
1603.079073
2111.421586
2616.539939
2652.005696
2144.200543
1535.371719
1274.214783
1299.470700
1263.467584
975.980010
502.565894
256.455036
341.895269
427.335501
86.111932
-756.468470
-1755.420619
-2441.091915
-2622.182219
-2546.951826
-2668.932534
-3219.726484
-3929.041619
-4166.554717
-3631.344206
-2696.337892
-2017.652274
-1906.418765
-2174.561380
-2404.014079
-2307.289288
-2099.868347
-2069.238830
-2280.421290
-2477.095032
-2330.933126
-1762.406298
-951.530132
-213.197560
342.432628
723.958193
1107.095838
1546.118918
1905.612725
2027.593433
1913.673124
1554.179317
1190.923990
1014.132567
1087.213520
1372.014294
1674.547946
1928.719203
2145.275263
2329.052366
2390.311400
2290.362449
2010.397915
1631.021790
1200.059110
799.725946
459.577098
197.345442
20.554018
-141.728687
-169.134044
4.970580
427.872861
792.740267
978.666810
932.453854
708.374755
463.875977
157.580806
-76.708133
-373.868186
-693.597356
-913.914936
-925.199495
-779.037588
-518.418012
-331.954109
-366.345146
-399.661463
-304.011392
-96.053091
-20.285338
-94.441011
-377.629705
-689.835837
-870.926140
-826.862624
-593.648405
-272.307155
-31.569897
-2.552460
-51.989575
-40.167656
102.232731
355.329267
538.031651
499.879094
361.777587
278.486794
508.476853
1098.498079
1668.636986
1953.975120
1903.463285
1743.330020
1834.143851
2027.593433
2041.564792
1793.304495
1397.807571
1097.423359
881.942019
625.621322
412.289422
423.036621
611.112604
692.253956
392.407104
-324.968430
-1117.574357
-1675.891346
-1774.765577
-1738.762460
-1847.309170
-2298.154169
-3025.739542
-3469.061501
-3261.640560
-2473.333512
-1746.822859
-1607.109272
-2031.086273
-2437.867756
-2327.708966
-1837.099331
-1437.840888
-1491.576883
-1855.369569
-2138.558263
-1980.037078
-1252.989065
-412.020742
203.256401
334.909589
205.405841
373.599506
964.158091
1683.145705
2070.582230
1940.541121
1514.414681
1173.728472
1272.602703
1662.188667
2070.582230
2274.779011
2178.054220
2015.234155
1868.534888
1921.733523
2008.785835
2063.059190
1952.900400
1593.943953
1018.431446
428.947581
-123.458449
-492.087375
-702.195115
-855.342701
-694.134716
-358.822107
78.588893
358.016067
306.966872
-83.693812
-538.300330
-758.617910
-852.655902
-854.267981
-1018.162766
-1296.515221
-1526.505280
-1611.945512
-1466.858325
-1114.887557
-636.637201
-175.582364
236.572718
395.093904
299.443832
23.240818
-285.203794
-438.888740
-413.095462
-222.332680
-76.170773
-115.398049
-180.418603
-246.513877
-165.372525
113.517290
365.539106
533.732771
626.158682
636.905881
699.776996
993.175529
1557.940837
2243.074774
2590.209302
2509.067949
2278.003170
2311.319487
2530.562347
2453.719874
1947.526801
1447.244687
1340.847417
1418.227250
1263.467584
747.064671
247.319917
172.626884
268.276955
109.218410
-575.378167
-1524.355840
-2365.324162
-2772.105645
-2831.752599
-2906.982993
-3167.602569
-3750.100755
-4117.117601
-3804.374110
-2946.747629
-2141.782423
-1912.329724
-2017.652274
-1996.695236
-1578.091835
-968.725651
-619.979043
-606.007684
-775.276069
-854.267981
-597.409925
-119.696929
407.453183
949.649373
1439.184288
1872.296408
2357.532443
2689.620893
2796.018163
2824.498240
2682.097853
2231.252855
1528.923399
837.878503
490.206615
557.913969
677.745238
536.956931
186.060883
-9.000779
132.324888
499.341734
597.678605
318.251431
-301.324592
-922.512695
-1180.445471
-1177.758672
-1225.046347
-1266.960423
-1100.916199
-638.786641
150.057766
849.700422
1304.306940
1549.343077
1762.674978
1856.175609
1651.441468
1075.391601
369.300626
-178.269164
-524.866332
-678.551278
-853.193262
-1075.122921
-1226.658427
-1143.367635
-798.382547
-367.957226
-233.617239
-500.147774
-903.167737
-1225.046347
-1314.785459
-1308.874500
-1320.696418
-1265.885704
-1079.421801
-853.730621
-730.675193
-581.826486
-282.516994
234.960638
753.512991
1074.854241
1083.989360
1021.118246
1446.707327
2419.866197
3560.144012
4062.575566
3874.499584
3643.972165
3691.259840
3784.760472
3305.435396
2516.590988
2095.838147
2211.907897
2181.278379
1380.612053
196.270722
-626.427362
-680.163357
-618.366963
-1082.108600
-2154.141702
-3208.441925
-3701.200999
-3846.288186
-4024.691690
-4454.579650
-4907.574089
-5000.000000
-4586.232838
-3847.362906
-3109.567694
-2452.913834
-1844.085010
-1278.782342
-801.069346
-352.373788
235.497998
867.970660
1209.731589
1086.138800
809.398426
718.584594
973.830570
1393.508692
1782.019936
2004.486956
2065.208630
2117.332545
2252.209893
2399.983879
2380.101561
1986.754077
1160.831833
167.253285
-615.142803
-916.601736
-911.765496
-938.633494
-1104.677718
-1365.834654
-1412.584970
-1036.433005
-435.127220
17.329858
41.511056
-209.436041
-445.874419
-521.104812
-431.903060
-321.206910
-172.358204
147.908326
696.552836
1326.338698
1864.236008
2282.839410
2709.503211
3018.485182
2939.493270
2390.848760
1500.443322
684.193557
-33.719337
-671.028238
-1244.391306
-1685.026465
-1994.008437
-2191.756898
-2220.236976
-2078.373949
-1837.099331
-1666.756227
-1584.540154
-1593.675273
-1577.554475
-1520.056960
-1393.240012
-1176.146592
-842.983422
-504.446654
-185.254843
34.525377
306.966872
700.851716
1143.098955
1559.552917
1871.759048
2118.944625
2505.843789
3296.300277
4126.521400
4607.458556
4401.649695
4024.960370
3885.246783
3700.932320
3134.017572
2178.054220
1590.719794
1540.745318
1566.001236
963.620731
-79.394933
-931.647814
-1196.566270
-1027.297885
-1304.038260
-2118.138585
-3133.748892
-3784.491792
-4127.864800
-4454.042290
-4677.046670
-4774.308821
-4690.480668
-4468.013649
-3972.030415
-3270.775679
-2339.530885
-1431.392568
-752.169591
-425.992101
-186.866923
388.645584
1097.960719
1429.511808
1076.466321
568.123808
325.237110
418.200382
599.828045
713.210994
777.156829
879.255219
1010.908407
1122.141917
1178.564712
1145.248395
1034.552245
660.549719
-10.075499
-717.241194
-1043.418684
-1018.162766
-1075.660281
-1316.934899
-1529.729439
-1323.383218
-740.885032
-93.366291
320.400871
472.473737
549.316209
742.228432
977.592090
1038.313764
926.542895
837.341143
941.588973
1202.208549
1496.681802
1866.385448
2225.879255
2518.203068
2710.040571
2670.275934
2337.650125
1815.336253
1250.570945
503.103254
-422.767941
-1215.911228
-1661.919987
-1891.910046
-2203.578817
-2572.207743
-2689.352213
-2356.726403
-1866.116768
-1478.142884
-1236.868266
-1118.111717
-953.142212
-621.591123
-326.043150
-117.547489
35.600097
261.828636
433.783820
532.120691
694.940756
979.204170
1331.174938
1625.110830
1900.776485
2212.982616
2925.521911
3741.234316
4221.634112
3983.583654
3667.616003
3590.236170
3393.025068
2776.673205
1713.237862
1093.124479
937.827454
1002.848008
521.910852
-403.422983
-1177.758672
-1455.036406
-1239.555066
-1360.461055
-1936.510922
-2750.611247
-3380.397109
-3931.728418
-4411.590854
-4620.086515
-4584.083398
-4506.166205
-4482.522368
-4268.115747
-3756.549074
-2793.062683
-1616.781751
-682.850157
-268.008275
-131.518848
397.780703
1126.978156
1480.023644
1256.481904
799.188586
449.367259
193.046562
16.792498
9.269459
195.196002
498.267014
758.886590
841.102663
868.508020
1085.601440
1477.336844
1518.176200
890.539778
8.194739
-415.782262
-373.330826
-408.796582
-631.263602
-877.911819
-800.531986
-385.690105
236.572718
871.194820
1254.332465
1407.480051
1506.354281
1612.214192
1589.107714
1501.518042
1365.565974
1150.621994
906.660577
929.767054
1380.612053
1857.787689
2097.450227
2194.712378
2123.780865
1841.129531
1526.773960
1201.133829
643.891561
-280.904914
-1307.262420
-1964.453639
-2321.260646
-2665.171015
-2894.086354
-2847.336038
-2682.903893
-2428.195277
-2011.741315
-1550.149117
-1202.477229
-833.310943
-413.632822
-139.579247
-64.886214
73.752653
360.702867
585.856686
687.417717
783.067788
945.350493
1110.319998
1338.160617
1608.452672
1922.270883
2517.128348
3307.584836
3878.798463
3798.731831
3384.427309
3338.214353
3354.335151
2880.921035
1808.350574
970.606411
674.521078
650.877240
370.375346
-359.896827
-1093.393159
-1626.991590
-1633.439910
-1705.446143
-2045.057632
-2585.641742
-3035.949381
-3397.055267
-3887.664902
-4224.052231
-4320.777022
-4169.778876
-4096.697923
-3989.763293
-3640.479325
-3016.067063
-2059.566351
-1080.496521
-405.035063
-84.231172
383.809345
1196.834950
1734.194900
1661.113947
1283.887262
983.503050
709.449475
337.596389
86.649292
144.684167
430.559660
719.121954
795.964427
685.805637
758.349230
1237.136946
1651.978828
1340.847417
495.042854
-72.409253
-106.800290
22.703458
-63.811494
-399.124103
-695.209436
-593.648405
-126.145248
515.999893
1036.164325
1261.855504
1325.263978
1339.772697
1424.675569
1588.032994
1777.183696
1755.151939
1403.718531
1136.650635
1288.723501
1750.315699
2073.269029
2074.881109
1835.218571
1390.821892
983.503050
688.492437
318.251431
-375.480265
-1242.779226
-1930.599962
-2374.996642
-2717.832290
-2917.730192
-2869.367796
-2795.212123
-2752.223327
-2657.647975
-2449.152315
-2050.968591
-1495.875762
-939.170854
-537.225611
-344.313388
-86.380612
374.674226
828.743384
1022.730326
1131.277036
1295.171821
1471.963245
1553.641957
1610.064752
1673.473226
1839.517451
2448.883635
3233.966522
3710.067439
3472.554341
3143.152691
3248.475241
3357.559311
2999.140224
2034.041753
1180.176791
733.093313
630.457562
347.268868
-435.127220
-1331.980977
-1983.798597
-2141.245063
-2338.993525
-2627.018458
-2973.078266
-3158.467449
-3362.126871
-3817.808109
-4052.097047
-3891.426422
-3466.912061
-3257.879040
-3248.743921
-3181.036567
-2700.636772
-1819.903813
-897.794137
-293.264193
-10.612859
467.100137
1081.302561
1615.438351
1790.080335
1730.970741
1614.900991
1299.470700
854.536661
535.344851
547.166770
828.743384
987.801929
772.857949
424.111341
359.628147
734.705392
1078.615761
858.298181
335.446949
83.962492
187.135603
276.874715
-18.673258
-330.342030
-419.006421
-230.930439
86.649292
360.702867
578.333647
715.360434
851.312502
915.258336
967.919611
1014.669927
1127.515516
1167.280153
1039.925844
948.037293
1158.145033
1500.443322
1635.858030
1523.012440
1201.671189
937.827454
686.880357
324.162390
-184.180123
-946.693893
-1669.443026
-2103.629866
-2346.516564
-2565.222064
-2782.852844
-2772.105645
-2548.026546
-2370.160402
-2287.406970
-2155.216422
-1734.463580
-1153.040114
-729.063113
-453.934818
-221.257960
141.997367
643.891561
1024.879766
1170.504312
1261.318144
1497.756522
1802.439614
1890.566646
1789.005615
1727.746581
1883.043607
2179.666299
2681.023133
3142.615331
3314.033155
3117.896773
2997.528144
3112.523174
3077.594777
2497.783390
1597.705473
1125.903436
1017.356726
847.013622
190.359762
-758.617910
-1575.405035
-1886.536446
-1858.593729
-1983.798597
-2327.708966
-2724.280609
-2959.644268
-3204.143045
-3418.549665
-3344.393992
-3056.369059
-2928.477391
-3140.734571
-3255.192241
-2886.025954
-2126.198984
-1366.372014
-855.342701
-596.872565
-347.537548
192.509202
830.355464
1185.013031
1122.679277
856.148741
635.831162
427.335501
242.483678
306.429512
617.023563
772.320589
601.977485
351.567748
367.151186
643.891561
889.465058
879.792579
550.390929
242.483678
234.423278
320.938230
198.957522
-17.598538
-41.779736
174.776324
332.222789
319.863511
271.501115
378.973105
475.160536
431.097020
320.400871
191.434482
162.417045
223.138719
313.415191
390.257664
571.347967
841.102663
1076.466321
1141.486875
1075.391601
996.399688
857.223461
506.327413
-41.242376
-570.541928
-1003.116688
-1296.515221
-1453.424326
-1625.379510
-1825.814772
-1932.749402
-1741.986620
-1438.378248
-1288.992181
-1234.181466
-1021.386926
-642.010801
-356.672667
-163.760445
50.646175
321.475590
625.621322
851.312502
982.428330
1135.038556
1421.988769
1633.171230
1623.498751
1503.130122
1410.166850
1497.219162
1497.756522
1425.750289
1689.594025
2214.057336
2532.711787
2394.610280
2329.052366
2602.568581
2803.003842
2505.306430
1810.500013
1437.572208
1449.394127
1459.066606
862.059701
-207.286601
-1091.781080
-1465.783605
-1402.912491
-1556.597437
-2061.715790
-2585.641742
-2750.073887
-2837.663559
-3050.458099
-3212.203444
-3252.505441
-3227.786883
-3372.874070
-3424.997985
-3212.203444
-2680.217093
-2066.552030
-1616.244391
-1454.499046
-1328.219458
-825.250544
-159.998925
251.618797
191.434482
38.824256
140.922647
379.510465
542.867890
696.015476
902.361697
998.549128
967.919611
1060.345522
1274.214783
1461.753406
1592.869233
1555.254037
1298.933340
1022.192966
994.250249
1126.440796
1168.892232
928.154975
644.428921
566.511728
573.497407
583.169886
506.864773
382.734625
153.819286
-136.355087
-419.006421
-565.168328
-578.064967
-435.664580
-252.962197
-230.393079
-136.892447
225.288159
809.398426
1165.668073
1146.323115
1005.534807
741.691072
426.798141
169.402724
-9.538139
-239.528198
-544.748650
-763.991510
-995.056288
-1237.405626
-1324.457938
-1089.094280
-775.813429
-770.439829
-893.495258
-847.819662
-568.929848
-295.950993
-118.084849
-25.658938
15.180419
50.646175
303.205352
603.052205
760.498670
831.430184
885.166179
944.813133
867.970660
853.461941
910.959456
858.835541
601.440125
460.114458
881.404659
1584.271474
2111.958946
2124.855585
2161.396061
2459.093474
2689.620893
2586.447782
2081.866788
1739.568500
1666.487547
1556.866117
906.660577
-108.949730
-877.374459
-1146.054435
-1201.402509
-1574.330315
-2118.675945
-2510.411349
-2748.999167
-3085.923856
-3445.417663
-3559.337973
-3501.303098
-3526.021656
-3659.824283
-3592.654289
-3248.206561
-2686.665413
-2135.871463
-1808.081894
-1697.923104
-1464.708885
-849.431742
-215.884360
112.442570
111.905210
215.615680
604.664284
1003.922728
1264.542304
1492.920283
1671.861146
1793.841855
1886.267766
1994.277117
2136.140143
2286.063570
2393.535560
2224.804535
1850.264650
1635.320670
1707.864263
1759.450818
1492.382923
1024.342406
708.374755
520.298772
359.628147
154.894006
-56.825815
-408.259222
-845.670222
-1161.100513
-1187.968511
-1013.863887
-929.498374
-839.221903
-763.991510
-450.173299
54.945055
577.796287
824.444504
750.826191
636.368521
655.713480
751.900911
574.572127
256.992396
-1.477740
-219.108520
-424.917381
-508.745533
-530.777291
-613.530724
-735.511432
-772.589269
-820.414305
-903.705097
-865.015180
-697.896236
-577.527607
-692.522636
-802.144066
-617.829603
-252.962197
54.945055
298.906473
413.364142
588.006126
812.622585
977.054730
1046.374164
937.290094
822.295064
677.207878
377.361025
66.229614
71.603213
666.998039
1375.238453
1777.183696
1737.956420
1902.388565
2520.889868
3079.744217
3107.686934
2509.605309
2046.401032
1966.334399
1891.104006
1231.763347
175.313684
-645.234961
-1072.973481
-1403.449851
-1889.223246
-2455.063274
-2921.491711
-3126.225852
-3405.653027
-3687.229641
-3658.749563
-3408.339826
-3213.815524
-3314.839195
-3225.637443
-2765.119966
-2145.543943
-1710.282383
-1583.465434
-1529.729439
-1275.020823
-717.241194
-124.533169
205.943201
286.547194
520.298772
954.485612
1414.465730
1745.479459
1945.914721
2077.030549
2150.648862
2196.861818
2355.383003
2533.786507
2614.927859
2521.964588
2179.666299
1818.023053
1682.070985
1765.899138
1784.169376
1461.216046
867.433300
352.642468
151.669846
116.741449
-193.852602
-717.778554
-1210.000269
-1491.039523
-1554.985357
-1426.556329
-1316.397539
-1337.891937
-1243.853946
-1030.522045
-683.387517
-367.419866
-25.121578
210.779441
208.092641
122.115049
152.744566
311.803111
342.432628
114.054650
-118.622209
-222.332680
-154.087966
-61.662054
-158.386845
-479.728096
-744.109192
-779.037588
-760.229990
-845.670222
-1077.272361
-1186.893791
-1170.235632
-1079.959161
-858.029501
-510.357613
-106.800290
223.138719
502.565894
728.257073
1044.762084
1278.513662
1265.079664
1080.227841
807.248986
491.818695
232.811199
0.134340
-224.482119
-285.203794
105.456890
899.137537
1592.869233
1983.529918
2284.451490
2870.711196
3404.846987
3431.177624
2919.073591
2408.581638
2252.209893
2091.001908
1492.382923
441.844219
-651.145920
-1362.073135
-1639.350869
-2022.488514
-2592.090062
-3147.720250
-3423.385905
-3448.641823
-3438.431984
-3278.836078
-2995.647384
-2738.789328
-2655.498536
-2625.406378
-2315.349687
-1903.731965
-1636.126709
-1536.177759
-1590.988474
-1450.200167
-910.153416
-163.223085
313.415191
458.502378
645.503641
1174.803192
1779.870496
2148.499422
2284.451490
2363.443403
2420.403557
2428.463957
2517.665708
2569.252264
2519.277788
2408.581638
2235.014374
1963.110239
1688.519305
1597.168113
1501.518042
1034.552245
304.817432
-300.787232
-541.524490
-642.010801
-866.627260
-1223.971627
-1554.447997
-1718.342782
-1616.781751
-1363.685215
-1256.750584
-1287.380102
-1217.523308
-1032.134125
-834.385663
-626.427362
-287.353234
-32.107257
-87.992692
-183.105403
-3.089820
380.585185
543.942610
418.200382
262.903356
190.897122
170.477444
182.299363
67.304334
-308.847632
-760.767350
-966.038851
-1004.728768
-1150.353314
-1374.432414
-1401.300411
-1186.893791
-949.380693
-625.890002
-106.262930
369.837986
607.888444
836.266423
1090.975040
1248.421505
1259.168704
1142.024235
899.137537
534.807491
226.900239
143.072087
172.089524
-13.837019
-257.261076
-110.561810
565.437008
1592.331874
2439.211156
2743.356888
2733.684409
2940.030630
3404.846987
3548.322094
3010.424783
2240.925334
1809.962653
1539.670598
961.471292
-9.000779
-1026.760526
-1745.210779
-2133.184664
-2488.379591
-2836.051479
-3047.233940
-3064.429458
-2941.911389
-2844.111878
-2827.991080
-2666.783095
-2399.177839
-2366.398882
-2452.913834
-2427.120557
-2264.300492
-1971.439319
-1748.972299
-1594.212633
-1431.929928
-1080.496521
-496.386254
42.585776
379.510465
627.770762
1057.121363
1610.602112
1992.665037
2072.194309
2037.803273
2071.656949
2267.255971
2460.168194
2442.972675
2246.836293
2056.073511
1889.491926
1680.458905
1331.174938
871.732180
470.861657
7.120019
-497.998334
-905.854537
-1070.286682
-1104.677718
-1167.011473
-1292.216341
-1334.130417
-1293.828421
-1200.327790
-1124.022677
-1156.264274
-1198.178350
-1173.459792
-1042.343964
-860.178941
-682.312797
-508.208173
-255.648996
-3.089820
398.318063
853.461941
1126.978156
1119.455117
987.264569
907.197937
879.255219
791.665547
518.686692
94.709691
-436.739300
-820.414305
-964.426771
-980.010210
-1039.119804
-1090.706360
-1045.030764
-765.603590
-262.634676
232.811199
509.551573
629.920202
744.915231
945.887853
1065.181762
1001.773288
849.700422
704.613235
524.597652
371.450066
369.837986
401.004863
411.752062
395.631264
460.114458
665.385959
998.549128
1600.929633
2238.238534
2584.298342
2530.562347
2584.835702
2966.361267
3089.954056
2550.444665
1621.349311
992.638169
780.918348
589.618206
-158.924205
-1248.690185
-2137.483543
-2450.764395
-2364.786802
-2399.177839
-2608.210860
-2808.646122
-2800.585722
-2689.352213
-2542.115586
-2393.804240
-2256.777452
-2250.866493
-2405.626159
-2397.565759
-2113.302346
-1669.980386
-1383.567533
-1434.079368
-1570.568796
-1338.966657
-545.286010
258.604476
627.770762
713.210994
950.724093
1500.443322
2021.682474
2210.833177
2171.605900
2188.801419
2230.178135
2194.712378
2054.461431
1826.620812
1597.705473
1367.178054
1004.460088
530.508611
117.816169
-54.139015
-123.995809
-413.632822
-777.962868
-861.253661
-643.622881
-478.653376
-544.211290
-714.554394
-736.048792
-716.703834
-812.353905
-915.527016
-1011.714447
-1107.364518
-1152.502754
-1092.855799
-939.708214
-644.160241
-313.683871
104.919530
450.979339
691.716596
893.226578
1001.773288
953.410892
817.458825
702.463795
478.384696
142.534727
-206.211881
-459.308418
-713.479674
-960.665252
-1051.479083
-1007.952927
-944.544453
-862.328381
-630.726242
-244.364438
137.161127
286.009834
328.461270
440.232139
652.489320
847.550982
948.037293
869.045380
697.627556
565.437008
561.138128
692.791316
730.943873
655.176120
647.653080
684.193557
718.584594
761.573390
957.172412
1325.801338
1708.401623
1950.750961
1919.046723
1946.452081
2114.645745
2174.830060
1766.973857
1043.687364
495.580214
360.702867
330.073350
-186.866923
-1072.973481
-1819.903813
-2078.911309
-2013.353395
-2004.218276
-2170.799860
-2379.295521
-2355.114323
-2147.693382
-1884.387007
-1739.299820
-1659.233187
-1692.012144
-1844.085010
-1932.749402
-1853.220130
-1633.439910
-1434.616728
-1462.559445
-1474.918724
-1125.097396
-540.449770
61.930734
511.701013
903.436417
1330.100218
1758.913458
2058.760311
2173.217980
2135.065424
2018.995674
1951.825680
1801.902254
1493.457643
1158.682393
934.603294
748.139391
573.497407
418.200382
353.717187
348.880948
289.771353
149.520406
61.393374
139.847927
241.408958
124.264489
-182.568043
-456.621618
-662.430479
-792.471587
-968.725651
-1229.882587
-1460.947366
-1557.134797
-1498.025202
-1304.575620
-998.280448
-674.252398
-343.238668
-82.619092
137.161127
344.582068
557.913969
646.578361
548.778850
356.941347
183.911443
22.703458
-185.254843
-391.063704
-528.627851
-671.565598
-798.919906
-754.856391
-701.657755
-596.872565
-415.244902
-166.984605
83.425132
365.539106
581.020447
713.748354
762.648110
728.794433
774.470029
786.291948
720.734034
598.753325
581.020447
582.095166
632.069642
710.524195
766.946989
781.455708
669.147478
608.963164
574.034767
530.508611
623.471883
925.468175
1209.731589
1316.666219
1363.953895
1523.549800
1728.821301
1651.441468
1189.849271
838.953223
784.142508
707.837395
333.297509
-389.988984
-1098.766759
-1430.855208
-1366.372014
-1308.337140
-1480.829684
-1692.549504
-1640.962949
-1404.524571
-1270.721943
-1334.667777
-1515.758081
-1712.431822
-1877.938687
-1978.424998
-2004.755636
-1978.962358
-1970.364599
-1940.272441
-1812.918133
-1409.360810
-678.013918
100.083291
599.290685
790.590827
1060.882882
1570.837475
1963.110239
1963.647599
1627.260270
1252.183025
1117.305677
1074.316881
978.666810
757.274510
512.775733
446.680459
510.088933
517.074612
569.198528
754.050351
859.910261
768.021709
505.790053
349.955668
370.912706
318.788791
3.358500
-443.724979
-889.196378
-1142.830275
-1294.365781
-1432.467288
-1616.244391
-1800.558854
-1764.018378
-1558.209517
-1250.839625
-905.317177
-553.883769
-313.683871
-160.536285
51.720895
319.863511
447.755179
355.329267
196.270722
171.552164
86.111932
-114.860689
-256.186356
-353.448507
-439.426100
-536.688251
-491.012655
-236.304038
47.422016
234.960638
369.300626
507.402133
655.713480
765.872270
756.199790
645.503641
536.956931
578.333647
683.118837
743.840512
704.613235
681.506757
814.772025
989.414009
1049.598323
986.727209
827.131304
615.411483
433.246460
224.213439
-16.523818
-249.200677
-79.932293
410.139982
843.789462
963.620731
1053.359843
1460.678686
1902.925925
1988.366157
1514.414681
1089.362960
981.890970
979.741530
632.069642
-40.705016
-615.142803
-854.805341
-819.339585
-863.940461
-945.619173
-997.743088
-847.819662
-847.282302
-1065.987802
-1320.159059
-1485.128563
-1665.144147
-2112.764986
-2555.549585
-2661.409495
-2428.195277
-2090.195868
-1884.387007
-1726.940541
-1350.788576
-552.809049
297.294393
721.271394
835.729063
936.215374
1220.478788
1346.758376
1121.604557
779.306268
610.037884
541.793170
460.114458
337.059029
295.682313
435.933260
690.104517
914.720976
1003.385368
1064.107042
1207.044789
1349.445176
1213.493108
926.542895
706.225315
468.174857
118.353529
-402.348263
-846.744942
-1185.819071
-1429.243129
-1717.268062
-1970.901959
-2057.954271
-1934.898842
-1712.969182
-1473.306644
-1304.575620
-1106.827158
-633.950402
-247.588597
-78.857573
-149.789086
-98.202531
58.706575
161.879685
193.583922
194.658642
165.103845
81.813052
101.695371
258.067116
424.111341
436.470620
464.413337
581.557806
597.678605
522.448212
457.965018
546.092050
582.632526
442.918939
308.041592
320.938230
443.456299
654.638760
751.900911
730.406513
719.121954
770.708509
871.194820
873.344260
714.285714
410.677342
103.844810
-140.116607
-351.836428
-503.371934
-688.223757
-775.813429
-391.601064
337.596389
1073.779521
1375.238453
1503.130122
1942.153201
2419.328837
2383.863081
1823.934012
1335.473817
1195.760230
1123.216637
630.994922
-15.449099
-459.308418
-524.866332
-394.825224
-435.127220
-547.435450
-657.056880
-676.401838
-895.644698
-1412.047610
-1873.639808
-2033.235713
-2190.144819
-2610.360300
-3044.547140
-3072.489857
-2635.078858
-2127.273704
-1831.188372
-1578.091835
-1097.692039
-414.170182
231.199119
536.956931
585.319326
716.972514
911.496816
831.430184
443.456299
167.253285
281.173594
454.740858
400.467503
301.055912
507.402133
1031.865445
1509.041081
1686.369865
1692.280824
1696.042344
1767.511217
1775.034257
1535.909079
1050.673043
635.831162
379.510465
36.137457
-493.699455
-977.860770
-1223.434267
-1349.713856
-1531.341519
-1710.819743
-1731.776781
-1602.810393
-1385.179613
-1232.569387
-1115.424917
-881.135979
-583.975926
-331.416750
-199.763562
-114.323329
79.126253
337.059029
469.786937
402.079583
383.271985
523.522932
683.656197
784.142508
786.291948
691.716596
533.195411
420.887181
452.591418
471.399017
428.410221
446.680459
481.071496
505.252694
474.085816
535.344851
714.823074
783.605148
699.239636
564.899648
496.117574
489.669255
427.872861
304.817432
85.037212
-189.553723
-350.224348
-456.084258
-539.375050
-712.942314
-841.908703
-865.015180
-845.132862
-548.510170
148.983046
958.247132
1415.003090
1419.301969
1518.176200
1982.992558
2259.732932
1837.368011
1113.006798
704.075875
772.857949
887.852978
536.956931
-116.472769
-544.748650
-445.874419
-226.094199
-232.005159
-488.325855
-762.916790
-1041.269244
-1422.257449
-1797.334695
-2002.606196
-2182.084419
-2546.414466
-2972.540907
-3117.090733
-2739.326688
-2123.512185
-1651.172788
-1506.622961
-1359.923695
-910.690776
-144.415487
405.303743
500.416454
339.745829
212.928880
222.064000
187.135603
179.612563
260.753916
386.496144
512.238373
709.449475
1104.409038
1644.993149
2169.993820
2470.915393
2463.392353
2330.127086
2290.899809
2322.066686
2048.550472
1460.678686
821.220344
348.880948
43.660496
-365.270426
-895.107338
-1429.243129
-1778.527096
-1867.191488
-1877.401327
-1812.918133
-1714.581262
-1613.557592
-1559.821596
-1509.309761
-1331.980977
-1032.671485
-755.931110
-668.341439
-629.651522
-400.198823
4.970580
333.297509
486.982455
538.569010
673.983718
840.027943
1049.060963
1238.749026
1195.222870
1023.267686
836.803783
816.921465
859.372901
855.611381
686.880357
540.181090
518.149332
576.184207
579.408367
525.672372
486.982455
449.367259
365.539106
164.566485
38.286896
-18.673258
-67.573014
-246.513877
-510.357613
-704.344555
-768.827749
-770.977189
-828.474704
-909.616056
-960.127892
-834.385663
-359.359467
469.249577
1265.079664
1626.722910
1638.007469
1830.919692
2236.089094
2439.748516
2009.860555
1305.919020
950.724093
1009.296327
1032.940165
667.535399
125.339208
-172.358204
-124.533169
-19.747978
-11.150219
-223.944759
-518.955372
-888.659018
-1415.271770
-1896.746285
-2205.190897
-2395.416320
-2716.757570
-3163.841049
-3244.982401
-2856.471157
-2160.590021
-1650.098068
-1438.378248
-1167.548833
-635.562482
55.482415
434.321180
447.217819
352.105108
338.671109
348.880948
282.785674
201.644321
377.361025
742.228432
1010.371047
1135.038556
1410.166850
1970.633279
2580.536823
2833.633359
2604.718020
2338.724845
2180.203659
1980.305758
1557.403477
836.266423
95.247051
-394.287864
-626.427362
-876.837099
-1254.601145
-1611.408152
-1765.630458
-1838.711411
-1856.444289
-1811.843413
-1753.271179
-1732.851501
-1817.217013
-1848.383890
-1690.937424
-1342.728176
-1043.956044
-926.811575
-794.621027
-525.403692
-55.213735
396.168624
650.339880
806.174266
957.172412
1083.452000
1223.165587
1302.694860
1234.450146
995.324968
776.619469
725.570273
751.363551
765.872270
625.083962
504.177974
480.534136
489.669255
426.798141
310.191031
192.509202
116.741449
62.468094
-31.032537
-107.337650
-161.073645
-214.272280
-277.680754
-392.138424
-467.368817
-436.201940
-393.213144
-435.127220
-559.794728
-611.918644
-547.972810
-212.660200
455.278218
1221.016148
1706.789543
1782.557296
1828.770252
2155.485102
2433.837556
2143.125823
1480.023644
1015.744647
998.549128
1041.000564
758.886590
212.391520
-159.461565
-118.622209
-5.239260
-18.135898
-216.959080
-570.541928
-988.607969
-1502.861442
-2007.442435
-2296.004729
-2441.091915
-2717.832290
-3100.969935
-3147.720250
-2730.191569
-2093.420027
-1592.600553
-1394.852092
-1160.025793
-636.099841
33.988017
409.065262
383.271985
242.483678
208.630001
276.337355
237.110078
160.804965
347.268868
719.121954
1030.253365
1268.303823
1634.783310
2202.235417
2640.721137
2703.592251
2459.093474
2079.717349
1776.646337
1528.386039
1132.351756
445.068379
-258.873156
-632.338322
-706.493995
-799.994626
-1024.611086
-1248.690185
-1315.860179
-1297.589941
-1359.386335
-1438.915608
-1469.545125
-1527.579999
-1667.830947
-1800.558854
-1728.015261
-1434.616728
-1127.246836
-909.078696
-642.548161
-242.214998
219.914560
647.115720
899.137537
1024.879766
1128.052876
1212.418388
1153.308794
1037.239045
967.382251
902.361697
743.303152
633.681722
700.851716
738.466912
653.026680
527.821811
497.729654
544.479970
507.939493
374.136866
289.771353
256.455036
187.672963
33.450657
-66.498294
-74.021333
-32.644617
-29.957817
-99.814611
-212.122840
-269.620355
-294.876273
-378.704425
-507.133453
-611.381284
-648.459120
-504.446654
29.689137
831.967543
1429.511808
1530.535479
1487.546683
1723.447701
2006.636395
1830.382332
1034.014885
401.542223
354.791907
519.224052
388.645584
-89.067412
-391.063704
-265.321476
22.166098
130.712808
-1.477740
-210.510761
-484.564335
-985.383809
-1571.106155
-2036.997233
-2244.418174
-2483.005992
-2907.520353
-3091.297456
-2759.209006
-2055.804831
-1460.947366
-1199.790430
-1014.938607
-609.231844
-20.285338
351.030388
280.636234
0.134340
-132.056208
-189.016363
-314.221231
-369.569306
-220.183240
209.167361
696.552836
984.577769
1295.709181
1845.428410
2379.026841
2627.824498
2436.524356
1987.828797
1631.559150
1368.252774
1068.943282
655.713480
193.046562
-56.825815
-71.334533
-4.164540
-83.156452
-310.997071
-470.055617
-496.386254
-637.174561
-942.395013
-1191.730030
-1351.325936
-1501.249362
-1722.104302
-1724.791101
-1469.007765
-1120.798517
-856.954781
-738.735592
-494.774174
-73.483973
356.403987
613.262044
653.564040
708.374755
839.490583
898.600177
864.209140
832.504903
738.466912
578.333647
439.694780
514.925173
736.317472
794.352347
746.527311
767.484349
822.295064
822.295064
791.665547
718.584594
676.670518
585.856686
417.125662
238.722158
172.626884
109.755770
7.657379
-191.703162
-455.009538
-566.780408
-648.996480
-732.824633
-817.190145
-908.003976
-959.590532
-988.607969
-926.811575
-515.731213
152.207206
756.737150
856.148741
656.788200
709.449475
1032.940165
1071.092721
504.715334
-61.662054
103.844810
731.481233
988.876649
694.403396
443.456299
733.093313
1207.044789
1238.749026
840.027943
490.743975
182.836723
-391.063704
-1121.335877
-1559.821596
-1650.635428
-1762.406298
-2174.024020
-2475.482952
-2208.415057
-1549.074397
-1032.134125
-993.444209
-1147.666514
-1062.763642
-751.094871
-526.478412
-630.726242
-950.455413
-1134.232516
-1156.264274
-1103.602998
-949.918053
-561.944168
-33.181977
476.235256
804.024826
1137.187995
1656.277708
2207.071657
2428.463957
2127.005024
1730.970741
1591.257154
1678.846826
1624.036111
1212.418388
709.986835
548.778850
711.061555
731.481233
401.004863
79.126253
-39.630296
-141.728687
-432.977780
-823.101104
-1118.649077
-1363.147855
-1658.158467
-2030.548913
-2173.486660
-1889.760606
-1511.459201
-1345.414976
-1285.768022
-1025.685806
-444.799699
99.008571
289.233993
274.725275
310.728391
486.445095
604.664284
591.767646
576.721567
539.106370
535.344851
605.739004
864.746500
1196.834950
1371.476934
1425.750289
1486.471963
1543.969478
1549.343077
1376.850533
1060.345522
729.331793
390.257664
130.712808
-140.116607
-279.292834
-324.968430
-546.360730
-787.635348
-860.716301
-818.802225
-783.873828
-887.046938
-1083.183320
-1223.434267
-1287.917462
-1330.906258
-1410.435530
-1475.993444
-1329.831538
-842.446062
-267.470915
37.749537
164.029125
422.499261
837.341143
1027.566565
847.550982
728.257073
1119.992477
1713.775222
1885.193047
1685.832505
1608.452672
1753.002499
1946.452081
1864.236008
1538.058518
1161.906553
748.676751
210.779441
-356.672667
-713.479674
-829.549424
-976.248690
-1372.820334
-1661.382627
-1567.881996
-1271.259303
-1179.370751
-1380.343373
-1631.827830
-1768.317257
-1689.325345
-1609.258712
-1665.681507
-1761.868938
-1790.886375
-1603.885112
-1246.003385
-793.546307
-317.982751
56.019775
426.260781
805.636906
1210.268949
1579.435235
1757.301378
1723.447701
1541.282678
1398.882291
1391.359252
1402.106451
1320.427739
1288.186141
1344.071576
1399.419651
1352.669336
1158.145033
959.321852
671.834278
182.836723
-406.647143
-803.756146
-974.099250
-1140.143475
-1473.844004
-1853.757489
-1951.557000
-1782.825976
-1551.761197
-1334.130417
-1324.995298
-1319.084339
-1156.801634
-751.632231
-363.120987
-185.254843
-172.895564
-130.981488
76.976813
373.599506
644.966281
818.533545
945.887853
1096.885999
1290.872941
1533.222279
1777.183696
1848.115210
1710.551063
1456.917166
1244.122626
1191.998710
1018.968806
675.595798
367.151186
174.238964
78.588893
-73.483973
-370.644026
-729.600473
-931.110454
-1013.326527
-1043.418684
-1059.539483
-1186.893791
-1372.820334
-1472.769285
-1506.085601
-1520.594320
-1559.284237
-1580.778635
-1597.974153
-1606.034552
-1456.111126
-1045.030764
-502.297214
-91.754212
144.684167
398.318063
871.194820
1406.942691
1728.821301
1733.120181
1684.220425
1929.793922
2311.319487
2454.794594
2297.348129
2072.194309
1921.733523
1800.827534
1604.153792
1359.117655
1034.014885
716.435154
353.717187
-3.089820
-194.389962
-369.569306
-705.419275
-1175.609232
-1565.195196
-1778.527096
-1800.021494
-1769.929337
-1853.757489
-2078.911309
-2183.696499
-1998.307316
-1652.247508
-1426.018969
-1401.837771
-1350.788576
-1134.769876
-755.393751
-460.920498
-236.841398
28.614417
168.865364
243.021038
409.602622
654.638760
936.215374
1071.092721
982.428330
965.770171
1143.636315
1404.793251
1490.233483
1343.534216
1131.277036
1000.161208
903.973777
686.880357
406.915823
182.299363
-29.957817
-368.494586
-718.853274
-847.819662
-834.385663
-934.334614
-1213.761788
-1428.168409
-1340.578737
-1154.114834
-1049.867003
-1040.731884
-938.633494
-661.893119
-378.167065
-105.188210
59.781295
231.736479
425.186061
618.098283
826.056584
1047.448884
1114.081518
1112.469438
1268.841183
1361.804455
1412.316290
1479.486284
1674.547946
1621.886671
1214.030468
690.641876
420.887181
442.381579
239.259518
-193.852602
-542.061850
-553.346409
-489.937935
-558.182649
-848.357022
-1146.054435
-1176.146592
-1157.876353
-1268.572503
-1493.188963
-1636.664069
-1642.037669
-1710.282383
-1797.872055
-1752.196459
-1547.999678
-1359.386335
-1156.801634
-844.058142
-403.422983
111.905210
576.721567
1031.865445
1382.761493
1649.292028
1883.043607
2006.099035
2068.432790
2067.358070
2094.763427
2182.353099
2193.637658
2094.763427
1971.170639
1878.207367
1830.919692
1687.444585
1418.227250
1110.857358
751.363551
342.969988
-89.604772
-552.809049
-984.846449
-1298.127301
-1515.220721
-1653.859588
-1678.040786
-1724.253741
-1743.598700
-1693.086864
-1677.503426
-1575.405035
-1387.329052
-1230.419947
-1198.178350
-1201.402509
-1146.591795
-947.768613
-636.099841
-463.607297
-449.098579
-322.818990
-78.320213
180.687283
352.105108
528.359171
719.121954
768.559069
778.231548
931.379134
1131.814396
1194.148150
1034.552245
832.504903
735.242752
638.517961
455.278218
191.971842
0.134340
-162.148365
-338.402429
-509.820253
-623.203203
-740.347672
-892.420538
-1010.102367
-1071.361401
-1009.565007
-923.587415
-883.822779
-898.331497
-835.997743
-511.432333
-158.924205
114.592009
235.497998
326.849190
405.303743
538.031651
648.190440
714.823074
863.134421
834.116983
901.824337
1067.868562
1269.915903
1338.160617
1112.469438
771.783229
573.497407
570.810607
389.720304
-15.986459
-315.833311
-379.779145
-472.742417
-658.668959
-968.725651
-1157.338994
-1103.602998
-1082.645960
-1264.273624
-1521.669040
-1515.220721
-1270.184583
-1232.032027
-1525.430560
-1634.514630
-1370.133534
-960.665252
-725.301593
-607.082404
-349.686988
93.634971
494.505495
697.090196
888.927698
1248.421505
1603.079073
1741.180580
1780.945216
1881.431527
2115.720465
2296.810769
2194.175018
1873.908488
1826.083452
2004.486956
1992.127677
1703.565383
1372.551654
1252.183025
1209.731589
962.008651
473.011096
-49.302775
-364.195706
-587.737446
-916.064376
-1215.373868
-1331.980977
-1277.707622
-1262.124184
-1391.627932
-1490.502163
-1408.286090
-1264.273624
-1189.580591
-1255.675864
-1309.949219
-1201.402509
-998.817808
-812.891265
-760.767350
-628.576802
-389.451624
-141.191327
-10.075499
98.471211
299.443832
523.522932
603.052205
582.632526
648.190440
731.481233
779.306268
711.061555
598.753325
493.968135
341.357909
236.035358
231.199119
224.750799
115.129369
-58.975255
-181.493323
-261.022596
-333.566189
-549.047529
-784.411188
-883.822779
-823.101104
-783.873828
-788.172707
-721.540074
-653.832720
-517.880652
-395.362584
-350.224348
-249.738037
-78.857573
92.022892
174.238964
162.954405
258.604476
553.077729
719.659314
665.385959
728.257073
840.027943
1077.541041
1128.052876
704.613235
528.359171
642.816841
560.063408
168.865364
-173.970284
-142.803407
-189.553723
-419.543781
-772.589269
-992.906849
-933.259894
-959.053172
-1177.221312
-1414.734410
-1419.033289
-1227.195787
-1151.428034
-1184.744351
-1208.388189
-1075.122921
-766.678309
-478.653376
-288.965313
-47.153336
202.719041
446.143099
742.228432
893.226578
966.844891
1078.078401
1232.838067
1317.203579
1287.648782
1285.499342
1535.909079
1813.724173
1841.666891
1694.430264
1626.185550
1596.093393
1549.880437
1301.082780
915.795696
573.497407
294.607593
105.456890
-161.073645
-306.698192
-345.925468
-318.520111
-398.049383
-566.243048
-617.292243
-618.904323
-724.764233
-899.406217
-1029.447325
-1063.838362
-990.220049
-901.018297
-849.431742
-856.954781
-748.945431
-524.328972
-291.114753
-200.838282
-151.401166
-34.794057
94.709691
211.854161
320.400871
405.303743
543.942610
606.276364
539.106370
503.640614
533.195411
483.220936
352.642468
252.156157
125.876568
15.180419
-69.185094
-4.701900
28.614417
-93.366291
-190.091083
-198.688842
-255.111637
-399.124103
-565.705688
-758.080550
-884.897499
-914.452296
-928.961015
-984.846449
-1000.429888
-856.954781
-670.490878
-545.286010
-526.478412
-518.418012
-386.764824
-204.062441
-53.601655
-14.374379
63.542814
202.719041
260.753916
395.093904
497.729654
578.333647
501.491174
505.252694
548.778850
496.117574
454.740858
254.842957
248.394637
209.704721
63.542814
-118.622209
-263.709396
-313.683871
-431.903060
-538.837690
-700.583036
-818.802225
-836.535103
-820.951664
-881.673339
-758.617910
-492.624735
-380.316505
-349.149628
-274.456595
38.286896
286.547194
309.116312
287.621914
428.410221
635.831162
757.811870
794.889707
865.283860
1032.402805
1175.877912
1317.740939
1430.049168
1546.118918
1591.257154
1506.891641
1418.764609
1279.051022
1118.917757
887.315618
607.888444
326.311830
59.243935
-135.817728
-256.723716
-352.373788
-348.074908
-394.287864
-493.162095
-441.038179
-383.540665
-439.426100
-631.263602
-787.635348
-827.937344
-813.965985
-827.937344
-811.816545
-669.953518
-517.343292
-400.736183
-294.338913
-136.355087
-28.345737
46.884656
144.684167
180.149923
260.216556
432.709100
562.212848
535.344851
475.160536
510.626293
629.382842
598.215965
448.829899
344.582068
239.259518
175.851044
141.997367
127.488648
103.307450
-16.523818
-158.386845
-264.784116
-294.876273
-392.138424
-539.375050
-649.533840
-799.457266
-1005.266128
-1134.232516
-1085.870120
-1070.286682
-1069.749322
-1061.688922
-1022.461646
-815.040705
-552.809049
-426.529461
-405.572423
-359.359467
-238.453478
-89.067412
-0.940380
-46.615976
-56.825815
72.677933
158.118165
168.865364
246.245197
419.812461
485.370375
420.349821
309.653672
376.823665
478.922056
224.750799
-95.515731
-93.903651
-36.406137
-87.455332
-252.962197
-249.738037
-205.137161
-137.429807
-193.315242
-330.879390
-214.272280
-113.785970
-161.073645
-295.413633
-319.594831
-120.234289
24.315538
-93.903651
-157.849485
39.898976
427.872861
578.333647
548.241490
705.687955
898.062817
1020.580886
1120.529837
1135.575916
1099.035439
1173.191112
1278.513662
1195.760230
950.724093
653.564040
633.144362
663.773879
450.979339
146.833606
-61.124694
-31.032537
-51.452215
-188.479003
-325.505790
-345.388108
-317.982751
-376.554985
-450.710659
-570.004568
-635.562482
-700.583036
-783.336468
-872.538220
-869.314060
-784.411188
-743.034472
-631.263602
-469.518257
-227.168919
-46.615976
51.720895
115.129369
279.024154
502.565894
629.920202
663.236519
624.546603
634.219082
761.573390
884.628819
874.418980
796.501787
775.544749
791.665547
739.541632
629.920202
546.092050
517.074612
359.090787
160.804965
112.442570
140.385287
22.166098
-199.763562
-412.020742
-546.360730
-580.751767
-648.459120
-767.753029
-909.078696
-912.840216
-934.334614
-970.875091
-971.412451
-912.840216
-796.770467
-703.269835
-660.818399
-650.608560
-587.200086
-444.799699
-296.488353
-335.715629
-392.675784
-314.758591
-241.677638
-248.663317
-202.987721
-245.439157
-207.286601
-96.590451
-96.053091
-57.900535
-117.547489
-191.703162
-283.054354
-215.884360
-209.436041
-337.327709
-490.475295
-561.406808
-414.707542
-295.413633
-353.448507
-337.327709
-371.718746
-251.887477
-100.889331
-179.343884
-85.843252
8.194739
15.717779
13.030979
182.836723
294.070233
465.488057
719.659314
785.754588
834.654343
956.635052
1107.095838
1149.547274
1106.021118
912.571536
770.708509
859.372901
909.884736
776.082109
607.888444
584.244606
684.730917
668.072759
484.295655
385.958784
309.653672
213.466240
-0.403020
-98.739891
-102.501411
-144.415487
-281.442274
-493.162095
-587.200086
-627.502082
-581.826486
-602.783525
-682.312797
-631.263602
-500.685134
-449.098579
-486.176415
-343.238668
-111.099170
-24.046858
-115.935409
-45.003896
246.782557
416.050942
413.901502
425.186061
460.651818
656.788200
829.280744
780.918348
738.466912
741.691072
819.608265
767.484349
582.632526
493.430775
543.942610
540.181090
340.820549
129.100728
206.480561
353.717187
297.831753
6.045299
-137.429807
33.450657
25.390258
-240.602918
-463.607297
-421.155861
-425.454741
-712.942314
-896.719418
-744.646551
-615.680163
-664.579919
-744.109192
-667.804079
-508.745533
-384.615385
-309.922351
-466.831457
-557.107929
-386.764824
-327.655230
-511.432333
-573.766087
-453.934818
-367.957226
-381.928585
-351.836428
-432.977780
-336.790349
-228.780999
-442.112899
-546.360730
-461.995217
-494.236815
-610.306564
-493.162095
-620.516403
-661.893119
-425.992101
-437.814020
-499.073054
-343.776028
-168.059325
-305.086112
-194.389962
27.002338
122.115049
191.971842
114.054650
246.245197
392.944464
587.468766
639.055321
661.087079
704.613235
742.228432
988.339289
910.422096
813.697305
828.206024
745.452591
637.443241
659.474999
745.452591
551.465649
509.014213
546.092050
487.519815
560.063408
442.918939
319.863511
288.696633
251.081437
65.154894
-118.084849
-30.495177
-113.248610
-387.302184
-549.047529
-489.400575
-315.833311
-424.917381
-591.498966
-488.325855
-220.720600
-206.749241
-356.672667
-263.172036
-112.711250
-108.412370
-184.180123
-166.447245
-28.345737
153.819286
292.458153
210.779441
191.971842
441.844219
639.592681
519.224052
341.895269
426.260781
417.125662
305.354792
239.259518
198.420162
233.348559
253.230877
228.512319
169.940084
225.288159
277.412074
232.811199
126.413928
63.542814
133.936968
93.634971
-15.986459
-129.369408
-175.582364
-189.553723
-166.984605
-183.642763
-337.865069
-321.744270
-168.059325
-115.398049
-229.318359
-216.421720
-99.814611
-139.579247
-201.375641
-212.122840
-40.167656
105.994250
-130.981488
-291.652113
-216.421720
12.493619
-117.547489
-498.535694
-507.133453
-242.752358
-248.125957
-696.284156
-748.945431
-480.802816
-348.612268
-658.131599
-897.256777
-560.332088
-189.016363
-379.779145
-715.629114
-660.281039
-358.822107
-228.243639
-573.228727
-796.233107
-317.982751
135.549048
-160.536285
-359.359467
-141.728687
408.527902
466.025417
233.885918
137.161127
498.804374
853.461941
488.057175
210.242081
352.642468
608.425804
437.545340
272.038475
312.340471
455.815578
491.281335
308.041592
269.351675
447.217819
624.009243
446.143099
238.184798
341.895269
515.999893
441.844219
166.178565
-22.972138
-11.687579
47.959376
-146.027567
-302.936672
-300.787232
-230.393079
-203.525081
-326.043150
-241.140278
-87.992692
12.493619
-12.762299
-49.840135
-6.851339
97.396491
106.531610
-2.015100
28.614417
89.873452
43.123136
71.603213
272.038475
295.144953
210.779441
308.578952
362.314947
350.493028
313.952551
347.268868
363.389667
320.938230
232.811199
185.523523
327.386550
356.941347
248.394637
161.342325
132.324888
265.052796
248.394637
59.781295
36.137457
103.307450
217.227760
69.991134
-181.493323
-155.700046
-2.552460
61.393374
-261.022596
-467.368817
-38.018217
175.313684
-90.679492
-423.842661
-210.510761
178.537844
109.218410
-233.079879
-352.373788
-41.779736
66.229614
-39.092936
-407.184503
-428.141541
-123.995809
-151.938526
-492.624735
-576.990247
-371.718746
-208.361321
-464.144657
-810.741825
-599.022005
-269.082995
-227.706279
-576.452887
-739.810312
-438.888740
-236.841398
-551.734329
-810.741825
-524.328972
-233.079879
-362.583627
-546.360730
-471.130337
-75.633413
248.931997
91.485532
-239.528198
50.108815
461.189178
352.642468
-45.541256
-69.722454
160.267605
157.043446
30.763857
-76.708133
114.054650
326.311830
318.788791
204.331121
178.000484
383.809345
520.836132
431.634380
259.141836
75.902093
290.308713
354.791907
91.485532
-151.938526
-107.337650
38.286896
90.948172
3.895860
-127.219968
82.350412
261.291276
153.281926
-20.285338
18.404578
270.963755
251.618797
27.002338
-2.015100
204.868481
290.308713
25.927618
43.660496
27.539697
84.499852
253.768237
266.664875
171.014804
236.035358
475.697896
464.950697
320.938230
353.179828
513.313093
455.815578
331.148070
198.420162
244.633117
399.392783
347.806228
80.738333
36.674817
79.126253
218.302480
86.111932
-71.871893
153.281926
277.412074
185.523523
-2.552460
-21.360058
119.965609
202.181681
-2.552460
-270.157715
-255.111637
3.895860
-41.779736
-214.272280
-204.599801
-33.181977
163.491765
-18.673258
-238.453478
-150.326446
86.111932
-101.426691
-376.554985
-329.267310
-286.278514
-202.450361
-180.418603
-400.736183
-358.284747
-233.617239
-206.211881
-372.256106
-473.279776
-316.908031
-219.645880
-212.660200
-330.879390
-432.440420
-376.017625
-280.367554
-300.787232
-418.469062
-457.158978
-293.801553
-110.561810
-124.533169
-302.399312
-138.504527
187.135603
4.433220
-286.278514
-207.823961
34.525377
142.534727
-291.114753
-479.190736
-164.835165
104.382170
-143.878127
-340.014509
-49.302775
174.776324
141.997367
-78.857573
-62.736774
295.682313
358.016067
-92.828931
-232.005159
9.269459
47.959376
-121.846369
-240.602918
-194.927322
-13.299659
139.847927
53.332975
47.959376
216.153040
240.871598
251.081437
218.302480
153.281926
200.032242
143.609447
67.841694
4.970580
214.540960
306.429512
45.809936
54.407695
358.553427
408.527902
251.618797
371.450066
319.863511
333.834869
428.410221
308.041592
244.633117
210.779441
242.483678
370.912706
219.914560
115.666729
146.296247
347.806228
228.512319
13.568339
74.290013
267.739595
421.961901
125.339208
-18.673258
171.014804
320.938230
225.288159
109.218410
109.755770
141.997367
193.046562
150.057766
-72.946613
28.614417
33.988017
36.674817
-29.957817
-62.199414
-136.892447
-82.081732
33.450657
-104.113490
-127.757328
-109.487090
-133.130928
-275.531315
-204.062441
-204.599801
-394.825224
-334.103549
-176.119724
-294.338913
-364.733066
-212.122840
-178.806524
-386.764824
-171.283484
-62.199414
-266.933555
-335.715629
-199.226202
-71.334533
-247.051237
-313.146511
-215.884360
-17.061178
-65.423574
-169.671404
-184.717483
52.795615
20.554018
-121.846369
-54.139015
-101.426691
-86.380612
-175.045004
-119.159569
-42.317096
-189.553723
-306.698192
-93.366291
-10.612859
-234.154598
-164.835165
-93.903651
45.272576
-0.940380
-176.657084
-252.962197
-54.676375
11.418899
-199.763562
-172.895564
-188.479003
41.511056
86.111932
-243.289718
-335.715629
54.407695
279.561514
71.603213
-4.701900
246.245197
445.068379
121.577689
-105.725570
167.253285
259.141836
103.307450
-67.035654
-6.313979
197.882802
197.345442
101.158011
146.833606
322.550310
239.796878
298.369113
412.826782
303.205352
188.210323
166.178565
222.064000
250.006717
196.808082
68.379054
158.118165
246.782557
143.072087
68.916414
227.437599
212.928880
229.587039
219.377200
81.275693
158.118165
388.108224
154.356646
-31.569897
90.410812
265.590156
248.394637
44.197856
113.517290
299.981192
252.156157
-15.986459
35.600097
238.722158
168.865364
-128.294688
-170.208764
99.008571
13.030979
-79.394933
-121.846369
-224.482119
-62.736774
53.870335
-142.266047
-161.611005
-121.309009
-159.998925
-61.662054
-170.208764
-349.686988
-251.887477
-106.800290
-240.602918
-381.391225
-158.924205
-87.992692
-96.590451
-92.291572
-63.274134
-22.972138
-76.708133
-34.256697
9.269459
-67.573014
-204.062441
-183.642763
-27.808377
-106.262930
-245.976517
-185.254843
-143.340767
-94.441011
-126.682608
-129.906768
-125.607888
-140.653967
-222.870039
-205.137161
-171.820844
-270.157715
-234.691958
-185.254843
-292.189473
-276.606035
-204.599801
-340.551869
-287.353234
-159.998925
-206.749241
-364.195706
-203.525081
-81.544372
-229.318359
-150.863806
-146.027567
-154.625326
-77.245493
-132.056208
-110.024450
24.852898
13.568339
-99.277251
-75.096053
85.574572
115.666729
40.436336
14.643059
104.382170
212.391520
78.051533
137.698487
251.081437
268.276955
225.825519
237.110078
337.059029
296.757033
216.690400
189.285043
250.006717
218.302480
204.868481
40.973696
145.221527
323.087670
199.494882
17.329858
136.623767
394.556544
398.855423
299.981192
217.227760
338.133749
510.088933
301.593272
47.959376
218.839840
396.168624
355.329267
152.207206
207.555281
339.745829
388.108224
209.704721
67.841694
308.041592
313.415191
117.816169
21.091378
173.164244
169.940084
-54.139015
-46.615976
159.192885
171.552164
78.051533
-21.897418
-60.049974
1.209060
-2.552460
-224.482119
-250.275397
-89.067412
-177.731804
-259.410516
-193.315242
-178.806524
-146.564927
-178.269164
-110.561810
-46.078616
-144.415487
-266.396195
-112.173890
109.218410
-119.696929
-250.812757
-237.916118
-130.444128
-65.423574
-254.036917
-394.287864
-234.154598
-34.794057
-226.631559
-349.149628
-372.256106
-101.964051
-3.089820
-274.456595
-437.276660
-259.947876
31.838577
-208.898681
-391.063704
-304.011392
-84.768532
-104.650850
-293.264193
-303.474032
-31.569897
121.577689
-126.145248
-305.623472
23.778178
234.960638
-143.340767
-259.947876
-122.921089
32.913297
-15.986459
-132.056208
-180.955963
-14.911739
170.477444
-44.466536
-134.743008
-45.003896
179.612563
116.741449
0.671700
14.643059
209.167361
312.340471
169.402724
2.821140
40.973696
279.561514
197.345442
-71.334533
-191.165802
151.132486
217.227760
-50.914855
-67.035654
145.758887
270.426395
107.068970
-10.612859
88.261372
242.483678
184.986163
2.821140
-34.794057
209.167361
201.106961
5.507939
76.439453
274.725275
348.880948
227.974959
68.379054
214.003600
415.513582
277.412074
22.703458
138.235847
376.823665
226.362879
-20.285338
30.226497
201.644321
133.936968
-0.940380
-14.374379
139.310567
263.440716
150.057766
-34.256697
-11.687579
228.512319
194.121282
-118.622209
-129.369408
-34.794057
-7.926059
-187.941643
-327.655230
-175.582364
25.390258
-147.102286
-371.718746
-178.806524
161.879685
24.852898
-227.168919
-131.518848
26.464978
-62.199414
-252.962197
-139.579247
-78.320213
-159.461565
-200.300922
-182.030683
-108.412370
-171.820844
-234.154598
-201.375641
-183.105403
-184.717483
-198.151482
-143.878127
-187.941643
-238.453478
-130.981488
-142.266047
-139.041887
-212.660200
-191.703162
-113.248610
-137.967167
-6.851339
-7.926059
56.557135
119.428249
89.336092
51.720895
42.048416
16.255139
23.778178
54.945055
-54.139015
-110.561810
62.468094
146.296247
-2.552460
99.545931
226.362879
137.698487
87.724012
166.715925
203.793761
61.930734
40.436336
94.172331
132.324888
83.962492
13.030979
13.568339
22.166098
-60.587334
-127.219968
-78.320213
-23.509498
-4.701900
-87.992692
-183.642763
-98.739891
67.841694
76.439453
-91.754212
-118.622209
110.293130
222.064000
-9.000779
-165.372525
14.643059
233.348559
212.928880
-20.822698
55.482415
288.159273
317.714071
215.078320
61.930734
128.026008
306.429512
237.647438
94.709691
50.108815
181.224643
237.647438
147.370966
99.008571
25.927618
116.741449
265.590156
217.765120
114.054650
119.965609
270.426395
305.354792
184.448803
74.827373
22.703458
17.329858
49.034095
-40.167656
-184.717483
-105.725570
53.332975
114.592009
-38.555576
-180.955963
-8.463419
182.836723
57.094495
-136.355087
-136.355087
18.404578
63.005454
-106.262930
-163.760445
-135.280368
-212.660200
-335.715629
-249.200677
-199.226202
-271.232435
-316.370671
-285.741154
-258.335796
-220.183240
-306.698192
-350.761708
-264.246756
-233.079879
-242.214998
-337.327709
-293.264193
-198.151482
-213.197560
-256.723716
-233.079879
-130.981488
-31.569897
-90.679492
-74.558693
45.272576
118.890889
94.709691
47.422016
-0.940380
-27.808377
7.657379
48.496736
40.436336
21.091378
39.361616
124.264489
217.227760
143.609447
66.229614
52.258255
137.161127
144.146807
-15.449099
-27.271017
63.542814
59.243935
-119.696929
-157.849485
-14.911739
-43.929176
-150.326446
-111.636530
-55.751095
-111.636530
-148.714366
-93.903651
-63.811494
-65.960934
-110.024450
-162.685725
-132.056208
-43.391816
-49.302775
-105.188210
-110.024450
7.657379
129.638088
81.813052
61.393374
100.083291
202.181681
178.000484
100.083291
147.370966
232.273839
245.707837
243.021038
231.199119
171.552164
185.523523
238.184798
182.299363
138.235847
123.727129
237.110078
391.869744
279.561514
244.095758
332.760149
395.631264
279.561514
197.345442
238.184798
302.667992
247.857277
101.695371
90.410812
201.106961
184.448803
65.154894
88.798732
180.149923
187.672963
148.445686
149.520406
126.951288
97.933851
109.218410
70.528494
-7.388699
-82.081732
-98.202531
-129.906768
-198.688842
-249.200677
-223.944759
-209.973401
-256.186356
-280.367554
-287.890594
-221.795320
-184.717483
-229.855719
-207.823961
-135.817728
-89.604772
-154.625326
-316.370671
-292.726833
-202.987721
-233.617239
-287.353234
-273.919235
-198.688842
-56.825815
-44.466536
-172.895564
-93.366291
29.151777
-7.926059
-72.409253
-103.576130
-43.929176
10.344179
-62.199414
-85.305892
50.646175
109.755770
7.120019
-20.285338
34.525377
21.091378
-35.868777
-58.975255
-5.239260
-9.000779
-70.259814
-53.064295
42.585776
51.183535
-102.501411
-150.326446
-12.224939
-58.437895
-161.611005
-165.372525
-84.768532
-33.181977
-81.544372
-116.472769
-101.426691
-14.374379
-12.224939
-125.607888
-173.432924
-110.024450
-26.196298
-92.291572
-126.682608
-49.840135
12.493619
-6.851339
-64.886214
-19.747978
51.720895
31.301217
-27.808377
2.283780
128.026008
144.146807
56.557135
44.197856
123.727129
111.367850
65.692254
102.770091
142.534727
133.936968
160.804965
259.141836
309.116312
327.923910
311.265751
312.877831
303.742712
273.113195
241.408958
259.141836
244.633117
138.773207
112.442570
220.451920
194.121282
91.485532
103.307450
156.506086
141.460007
131.787528
128.026008
93.634971
118.890889
14.105699
-37.480857
-3.627180
-29.420457
-126.682608
-169.134044
-155.700046
-147.102286
-185.254843
-183.642763
-126.682608
-136.892447
-155.700046
-150.863806
-94.978371
-100.351971
-170.208764
-151.401166
-105.725570
-109.487090
-121.846369
-161.611005
-111.636530
-67.573014
10.344179
-6.313979
-62.199414
-21.897418
13.568339
-35.331417
-84.768532
-42.317096
-4.164540
-72.409253
-136.892447
-50.914855
-67.035654
-123.995809
-129.906768
-64.886214
-18.673258
-53.064295
-17.061178
17.329858
3.358500
-45.541256
-9.538139
-26.196298
-75.096053
-53.601655
-43.929176
-41.779736
-48.765416
-32.107257
26.464978
37.749537
29.151777
42.048416
102.232731
152.744566
73.752653
61.930734
102.232731
130.712808
97.396491
27.539697
28.077057
37.749537
-14.911739
-36.406137
-47.153336
-120.234289
-54.676375
44.735216
-9.538139
-39.092936
75.364733
129.638088
-3.627180
-34.256697
67.841694
48.496736
-24.046858
-27.271017
10.881539
-31.032537
-31.569897
9.806819
49.571455
111.367850
93.097611
132.862248
214.003600
230.661759
169.402724
180.687283
217.227760
203.793761
129.100728
126.951288
155.968726
60.318654
-3.627180
14.105699
31.838577
-3.089820
-74.021333
-27.271017
9.806819
25.390258
26.464978
-5.776619
-12.224939
-25.658938
-60.049974
-180.955963
-229.855719
-155.700046
-156.774766
-246.513877
-231.467799
-185.254843
-107.337650
-133.668288
-203.525081
-201.913001
-104.113490
-51.989575
-121.846369
-156.774766
-103.576130
-26.733658
-55.213735
-72.409253
-42.317096
-31.032537
-35.331417
-31.032537
-17.598538
45.809936
74.290013
42.048416
-20.285338
0.134340
66.766974
35.600097
1.209060
2.283780
29.151777
15.717779
-51.989575
-82.619092
-35.331417
-74.021333
-120.771649
-75.096053
-17.598538
-50.377495
-94.978371
-19.210618
-22.972138
-76.170773
-95.515731
-52.526935
-23.509498
-39.630296
-43.929176
-18.135898
37.212177
-0.403020
-63.811494
16.255139
100.083291
113.517290
66.766974
107.068970
124.264489
103.844810
86.111932
24.852898
36.674817
2.821140
-34.794057
-58.437895
-46.078616
-27.808377
72.140573
65.692254
-24.584218
-19.747978
13.568339
-25.121578
-90.142132
-21.897418
25.927618
56.557135
34.525377
22.703458
60.318654
72.677933
73.752653
53.332975
73.752653
158.118165
245.707837
229.049679
240.871598
301.593272
347.806228
353.717187
282.248314
200.569602
210.779441
248.931997
165.641205
128.026008
174.238964
212.928880
195.196002
126.951288
154.894006
227.974959
219.914560
166.715925
69.991134
45.809936
67.304334
27.002338
-25.121578
-29.420457
-41.779736
-56.288455
-100.889331
-138.504527
-112.173890
-132.593568
-154.625326
-119.159569
-86.917972
-133.130928
-169.671404
-183.642763
-166.984605
-162.148365
-151.401166
-144.415487
-108.412370
-101.426691
-137.967167
-77.782853
-62.736774
-106.800290
-112.711250
-76.170773
-30.495177
-79.394933
-108.412370
-55.751095
-25.121578
-100.351971
-187.404283
-185.254843
-113.248610
-124.533169
-219.108520
-191.703162
-83.693812
-63.274134
-150.326446
-191.703162
-164.297805
-141.728687
-163.760445
-192.240522
-202.987721
-166.984605
-99.814611
-141.191327
-178.806524
-126.682608
-55.751095
-69.722454
-141.728687
-137.967167
-73.483973
-29.957817
-62.736774
-69.722454
-19.747978
17.867218
-26.733658
-72.946613
-58.975255
-43.929176
-24.046858
-13.837019
-36.943497
-10.075499
26.464978
-12.762299
-43.929176
-25.658938
-2.015100
27.539697
50.108815
25.927618
76.976813
88.261372
32.375937
32.913297
70.528494
100.620651
58.706575
113.517290
151.669846
164.566485
189.285043
204.331121
246.245197
283.860394
258.067116
227.437599
218.839840
182.299363
103.844810
126.951288
207.555281
209.704721
218.302480
234.423278
274.725275
273.650555
296.219673
258.604476
222.064000
225.825519
169.940084
89.336092
77.514173
36.137457
24.852898
30.763857
-7.388699
-19.747978
-56.825815
-25.658938
12.493619
-5.776619
-55.213735
-19.210618
8.194739
-57.363175
-135.280368
-120.234289
-78.320213
-48.228056
-101.964051
-151.938526
-67.573014
-0.940380
-33.719337
-91.216852
-47.153336
-22.434778
-41.779736
-103.038771
-86.917972
-24.584218
-13.837019
-11.150219
-6.851339
14.105699
43.660496
-21.360058
-79.394933
-50.377495
-27.271017
-39.630296
-18.135898
-42.317096
-60.587334
-36.406137
-70.797173
-73.483973
-62.199414
-65.960934
-78.857573
-89.604772
-58.437895
-53.064295
-62.199414
-30.495177
37.212177
-4.701900
-80.469653
-49.840135
-48.228056
-72.946613
-87.455332
-17.598538
33.450657
-32.644617
-129.906768
-156.774766
-101.964051
-42.854456
-104.650850
-128.832048
-89.067412
-81.007013
-106.800290
-137.429807
-140.653967
-87.455332
-53.064295
-46.078616
-65.423574
-33.719337
-0.403020
-76.708133
-106.800290
-61.662054
-43.391816
-36.406137
-1.477740
53.870335
97.396491
137.698487
135.011688
107.068970
100.083291
97.933851
94.709691
108.143690
164.566485
147.370966
150.057766
184.448803
190.359762
150.057766
133.399608
152.207206
177.463124
128.563368
63.542814
107.068970
141.460007
89.873452
17.329858
3.895860
11.956259
35.600097
20.554018
-46.615976
2.283780
45.809936
43.123136
-28.883097
-36.943497
36.137457
38.286896
-46.615976
-66.498294
-9.538139
-11.687579
-47.153336
-110.561810
-94.441011
-94.978371
-94.441011
-98.739891
-118.084849
-79.394933
-27.808377
-18.135898
-19.210618
11.956259
37.212177
13.568339
-55.751095
-63.811494
-59.512615
-38.018217
-51.989575
-99.814611
-72.946613
-54.139015
-75.096053
-50.914855
-18.135898
-58.975255
-37.480857
-32.107257
6.582659
81.813052
37.212177
-6.313979
33.988017
9.806819
-46.615976
-41.779736
-69.722454
-31.032537
-31.032537
-34.794057
15.180419
53.870335
78.051533
51.720895
33.988017
-30.495177
-91.754212
-113.785970
-94.441011
-116.472769
-96.590451
-77.245493
-116.472769
-60.049974
-51.452215
-73.483973
-96.590451
-100.351971
-104.113490
-91.754212
-105.725570
-99.277251
-50.914855
-49.302775
-70.259814
-67.573014
-22.972138
-18.673258
-18.135898
22.703458
42.048416
27.539697
63.005454
83.962492
111.367850
155.431366
119.965609
120.502969
158.118165
166.715925
196.270722
175.851044
194.658642
202.719041
186.598243
142.534727
128.026008
175.851044
230.661759
250.544077
221.526640
186.598243
200.569602
191.434482
153.819286
156.506086
140.385287
122.115049
73.215293
48.496736
40.436336
53.332975
9.269459
-40.705016
-49.840135
-39.092936
-32.107257
-3.089820
-2.015100
-19.747978
-28.345737
-53.601655
-35.331417
-48.228056
-115.935409
-119.159569
-65.423574
-57.900535
-83.693812
-69.722454
-38.555576
-26.733658
-43.929176
-20.285338
-6.851339
-30.495177
-53.064295
-64.348854
-107.337650
-118.622209
-90.142132
-40.705016
-4.701900
-42.854456
-62.736774
-69.722454
-53.064295
-57.363175
-56.288455
-37.480857
23.778178
28.077057
-10.075499
-68.647734
-48.228056
-14.374379
-45.541256
-72.409253
-65.423574
-33.181977
-64.886214
-109.487090
-115.398049
-78.320213
-79.394933
-77.782853
-21.897418
-10.075499
18.404578
-36.943497
-53.601655
-70.797173
-123.458449
-91.216852
-135.817728
-120.234289
-179.343884
-186.329563
-189.016363
-161.073645
-163.223085
-158.924205
-119.696929
-165.909885
-112.711250
-158.924205
-143.340767
-84.768532
-112.173890
-128.832048
-67.035654
-31.569897
-17.061178
-29.420457
-53.601655
-58.437895
-42.317096
7.120019
10.344179
64.617534
89.336092
137.161127
108.681050
95.247051
142.534727
216.690400
252.156157
210.779441
256.455036
277.949434
282.785674
244.095758
187.672963
202.181681
226.362879
234.960638
175.313684
190.897122
171.552164
152.744566
118.890889
94.172331
79.663613
59.781295
114.592009
76.976813
79.663613
118.353529
64.617534
37.749537
43.123136
57.631855
50.646175
19.479298
11.418899
8.732099
0.134340
-4.164540
-22.434778
-6.851339
-18.135898
-25.121578
-15.986459
9.806819
66.766974
35.062737
42.048416
56.019775
63.542814
44.735216
-7.388699
24.315538
28.077057
32.913297
-21.897418
-36.406137
25.927618
31.301217
-12.762299
-46.078616
-5.239260
-5.239260
0.134340
0.134340
9.806819
11.956259
21.091378
-22.434778
-78.857573
-56.825815
-91.754212
-77.245493
-113.785970
-69.185094
-45.003896
-77.245493
-64.886214
-95.515731
-40.167656
-69.185094
-72.946613
-79.394933
-92.291572
-95.515731
-96.053091
-74.021333
-95.515731
-116.472769
-106.800290
-80.469653
-126.682608
-148.714366
-182.030683
-139.579247
-126.682608
-161.073645
-141.728687
-117.547489
-100.889331
-178.269164
-162.685725
-159.998925
-196.539402
-190.628442
-205.137161
-175.045004
-155.162686
-153.013246
-169.134044
-151.401166
-110.024450
-71.334533
-38.018217
16.255139
-4.164540
11.418899
12.493619
-17.061178
24.852898
71.065853
74.827373
68.916414
93.634971
131.250168
138.235847
105.456890
92.560251
124.264489
166.715925
127.488648
125.876568
131.250168
105.994250
68.916414
68.379054
79.126253
149.520406
123.189769
72.677933
88.261372
88.261372
102.770091
67.304334
63.005454
92.560251
69.991134
37.212177
33.450657
90.948172
121.577689
83.425132
82.887772
87.186652
100.620651
109.218410
112.979930
102.770091
128.563368
160.267605
152.207206
139.847927
128.026008
128.563368
77.514173
69.453774
104.382170
104.919530
99.545931
122.115049
104.382170
100.083291
80.738333
49.034095
-13.299659
-31.032537
-0.403020
-18.673258
2.821140
37.749537
8.194739
-30.495177
-42.317096
-76.170773
-86.380612
-117.010129
-124.533169
-121.309009
-110.024450
-74.021333
-79.394933
-51.452215
-50.914855
-33.181977
-34.256697
-77.782853
-70.259814
-113.248610
-112.173890
-62.736774
-84.768532
-73.483973
-81.007013
-79.932293
-100.351971
-98.739891
-55.751095
-60.049974
-76.170773
-137.429807
-106.262930
-102.501411
-116.472769
-157.849485
-140.653967
-121.846369
-128.294688
-127.757328
-155.700046
-118.084849
-29.420457
-25.658938
-75.096053
-89.604772
-27.271017
-2.552460
-69.185094
-72.946613
-18.673258
-21.897418
-46.615976
-31.569897
-31.032537
31.838577
66.229614
3.895860
1.746420
81.275693
56.557135
25.927618
13.568339
63.542814
82.350412
54.407695
59.243935
42.048416
77.514173
44.735216
21.091378
44.735216
64.080174
86.111932
79.663613
42.048416
37.749537
53.870335
21.091378
-18.673258
-14.911739
34.525377
75.902093
59.781295
60.856014
99.545931
88.798732
75.364733
82.350412
82.350412
141.997367
162.417045
135.549048
168.328005
150.057766
130.712808
137.698487
129.100728
107.606330
83.425132
99.008571
91.485532
109.218410
86.649292
71.603213
101.695371
69.453774
47.422016
56.557135
48.496736
39.361616
45.272576
35.600097
36.674817
31.301217
23.778178
4.970580
-61.124694
-76.170773
-92.291572
-91.754212
-52.526935
-45.541256
-19.210618
-50.377495
-35.868777
-28.345737
-40.705016
-64.348854
-74.021333
-83.156452
-107.337650
-105.188210
-94.978371
-78.857573
-125.607888
-178.806524
-196.539402
-187.404283
-134.205648
-118.622209
-99.814611
-114.860689
-70.797173
-122.921089
-205.137161
-182.568043
-184.717483
-193.315242
-219.645880
-190.091083
-122.383729
-94.441011
-96.590451
-63.274134
-58.975255
-57.363175
-72.409253
-106.262930
-114.323329
-69.722454
-36.943497
-29.957817
-60.587334
-46.078616
-22.972138
-20.285338
-39.630296
-49.840135
-21.360058
20.554018
-4.701900
9.269459
55.482415
74.827373
-7.388699
-22.434778
6.582659
23.240818
32.913297
37.749537
78.051533
76.976813
88.261372
87.186652
59.781295
18.941938
3.895860
23.778178
44.197856
87.724012
138.773207
129.638088
103.844810
88.261372
85.574572
132.324888
123.189769
88.261372
126.413928
117.278809
115.129369
134.474328
182.299363
205.943201
176.388404
158.655525
140.922647
129.638088
107.068970
131.250168
116.741449
109.218410
118.890889
126.951288
149.520406
145.758887
144.146807
154.356646
176.388404
134.474328
104.382170
126.951288
155.968726
121.577689
113.517290
74.290013
41.511056
27.539697
30.226497
58.706575
75.902093
65.692254
9.806819
-15.986459
-4.164540
20.554018
9.806819
21.628738
7.120019
-11.687579
-52.526935
-54.676375
-58.975255
-113.785970
-139.041887
-154.087966
-151.401166
-164.835165
-162.685725
-183.642763
-220.183240
-232.005159
-235.766678
-229.318359
-218.033800
-180.955963
-165.909885
-187.941643
-183.642763
-175.582364
-161.611005
-159.998925
-161.611005
-163.760445
-166.447245
-188.479003
-207.823961
-176.119724
-147.639646
-134.205648
-104.650850
-58.975255
-84.231172
-80.469653
-88.530052
-63.811494
-35.331417
-66.498294
-99.814611
-76.708133
-64.348854
-86.917972
-74.558693
-59.512615
-29.957817
-22.972138
-11.150219
10.881539
36.674817
36.137457
43.123136
55.482415
52.258255
54.407695
43.123136
23.778178
7.657379
-12.762299
13.568339
33.450657
43.123136
100.620651
128.563368
114.054650
52.795615
44.197856
110.830490
88.798732
51.183535
45.809936
93.634971
93.634971
67.304334
110.830490
141.460007
132.324888
76.439453
35.062737
54.407695
86.111932
79.126253
63.005454
78.051533
88.798732
110.830490
107.068970
97.396491
132.324888
125.876568
122.652409
119.428249
138.773207
113.517290
65.154894
104.382170
101.158011
93.634971
111.367850
115.666729
86.111932
50.646175
35.600097
74.827373
76.976813
53.332975
68.379054
65.692254
43.123136
-22.434778
-21.897418
-6.313979
0.134340
12.493619
-16.523818
7.120019
22.703458
-15.986459
-18.673258
-17.061178
-18.135898
-58.437895
-94.441011
-89.067412
-79.932293
-73.483973
-56.825815
-40.705016
-26.733658
-16.523818
-9.538139
-22.434778
-51.452215
-40.167656
-72.946613
-83.693812
-83.693812
-86.917972
-67.035654
-70.797173
-71.334533
-77.245493
-75.633413
-78.857573
-56.825815
-74.021333
-84.231172
-72.946613
-50.914855
-76.708133
-128.294688
-136.892447
-75.633413
-24.584218
-56.288455
-70.797173
-59.512615
-49.302775
-77.245493
-87.992692
-79.394933
-77.245493
-64.348854
-61.662054
-80.469653
-79.932293
-58.975255
-90.142132
-120.234289
-75.633413
-61.662054
-32.644617
-40.167656
-50.914855
-26.733658
-17.061178
-17.061178
-18.135898
-17.061178
-18.673258
-13.837019
-3.627180
30.226497
24.852898
59.243935
58.706575
40.973696
37.749537
4.970580
-4.164540
12.493619
20.016658
57.631855
61.393374
63.542814
69.453774
51.720895
76.439453
81.275693
105.994250
119.965609
111.367850
121.040329
100.083291
87.186652
113.517290
124.264489
117.278809
70.528494
71.603213
63.542814
50.646175
49.571455
68.916414
115.666729
119.428249
115.666729
122.115049
100.083291
115.666729
114.054650
114.592009
112.442570
103.307450
120.502969
92.560251
76.439453
61.930734
48.496736
9.806819
15.717779
9.806819
27.002338
54.407695
38.824256
24.315538
-11.150219
-14.911739
-19.210618
-24.046858
-41.242376
-49.302775
-20.285338
-2.552460
-41.779736
-72.946613
-55.213735
-86.380612
-98.202531
-106.262930
-81.007013
-60.587334
-58.437895
-49.840135
-64.886214
-104.650850
-118.622209
-126.145248
-122.921089
-119.696929
-127.219968
-137.967167
-148.714366
-122.383729
-110.561810
-63.274134
-49.840135
-70.797173
-106.800290
-118.622209
-89.067412
-66.498294
-64.886214
-86.917972
-94.441011
-53.064295
-60.587334
-68.110374
-41.242376
-53.064295
-55.751095
-42.317096
-36.943497
-37.480857
-29.420457
-45.541256
-25.121578
3.358500
21.091378
35.062737
10.344179
14.643059
60.318654
60.856014
30.226497
2.821140
2.283780
3.895860
13.568339
32.913297
50.646175
46.884656
16.255139
11.418899
-2.552460
32.913297
47.422016
38.824256
39.898976
63.542814
91.485532
85.574572
75.902093
67.304334
72.677933
49.034095
43.123136
41.511056
37.749537
45.272576
58.706575
93.097611
86.649292
80.200973
76.976813
72.140573
96.321771
87.186652
48.496736
43.660496
47.422016
45.272576
51.183535
56.557135
58.706575
46.884656
37.749537
23.778178
27.002338
50.646175
57.094495
29.151777
27.002338
25.927618
29.151777
3.358500
23.240818
30.226497
16.792498
-6.313979
-24.046858
-24.046858
-62.199414
-78.857573
-83.693812
-70.259814
-23.509498
-27.808377
-40.705016
14.105699
14.105699
-8.463419
-22.434778
-26.733658
-48.228056
-64.348854
-64.886214
-68.110374
-60.049974
-72.946613
-65.423574
-60.049974
-48.765416
-54.676375
-50.377495
-38.018217
-48.228056
-61.662054
-63.811494
-49.840135
-24.046858
-28.883097
-15.986459
-23.509498
-27.271017
-36.406137
-49.302775
-61.662054
-65.960934
-56.825815
-64.886214
-62.736774
-68.647734
-28.883097
-19.747978
-29.957817
-15.986459
23.240818
15.180419
-20.285338
-15.986459
-20.285338
-18.135898
-3.627180
9.269459
5.507939
15.717779
10.881539
-19.747978
-17.598538
5.507939
8.194739
13.030979
11.418899
5.507939
20.554018
36.674817
3.895860
-2.552460
-21.360058
-31.569897
-25.658938
-24.584218
3.358500
-13.299659
-2.015100
30.763857
55.482415
72.140573
78.051533
77.648513
