2
1
3
1
0
0
-2
-3
-2
-3
-3
-3
-3
-4
-4
-3
-2
-2
-2
0
-1
-2
0
0
0
0
1
2
1
0
0
-1
0
0
-1
-1
-1
-2
0
-1
-1
0
-1
0
0
0
1
2
2
2
3
2
1
0
3
3
2
2
2
2
1
2
3
3
3
3
3
4
3
3
3
3
1
0
0
0
0
-1
0
-1
-1
-1
-3
-2
-2
-3
-2
-2
0
0
0
-2
-1
-2
0
0
1
1
1
0
1
0
0
-1
0
0
0
0
-2
-2
-1
0
0
1
0
0
0
1
-1
0
-1
-2
-2
-2
-2
-1
-1
-1
-2
-2
-2
-2
-1
0
0
-1
-1
0
1
1
1
0
0
-1
-2
-1
-1
-1
-1
-1
0
0
0
0
0
0
0
0
0
-1
-1
1
1
0
0
0
0
-1
-1
0
-2
-1
-1
-2
-1
-1
-2
-2
-3
-2
-1
-2
-1
0
0
-1
-1
-2
0
1
1
2
2
2
3
2
3
6
4
3
2
1
1
1
1
2
1
2
1
1
1
1
3
2
2
3
2
3
2
1
0
1
0
1
1
0
0
0
-1
-2
-1
0
0
0
-1
-2
-2
-4
-5
-5
-5
-4
-3
-3
-3
-3
-4
-3
-2
-1
0
0
0
0
0
0
1
0
1
2
2
2
2
0
0
-1
0
0
1
1
-1
-1
-1
-1
-1
-1
-1
-2
0
0
0
-1
-2
0
0
2
1
0
0
-1
-3
-1
0
-1
0
1
1
2
2
3
3
3
1
1
0
0
0
0
1
0
-1
0
0
-2
-1
-1
-1
0
1
1
0
2
1
1
1
1
3
2
3
3
3
2
2
1
1
2
1
1
0
0
-1
1
0
-2
-1
-2
0
-2
-1
-3
-3
-2
-1
-1
1
1
1
-1
-2
0
0
0
0
2
1
1
1
1
0
1
-1
1
2
2
1
1
2
2
1
0
1
1
1
0
0
0
2
2
2
3
3
1
1
1
0
1
1
0
0
-1
-2
-1
-1
-1
0
0
0
0
0
-1
-2
-3
-5
-3
-4
-3
-2
-1
-3
-3
-2
-2
-3
-1
-3
-2
-1
-1
-1
0
-1
-1
-1
1
1
1
-1
-1
-1
0
1
-1
0
0
0
-1
0
-1
0
1
1
1
3
3
3
2
2
1
1
0
0
0
0
1
0
0
0
2
2
2
2
2
2
2
3
2
3
3
1
1
-1
0
-1
-2
-2
-2
-1
-3
-4
-4
-2
-1
-3
-3
-3
-2
-2
-3
-2
-2
-2
-3
-3
-4
-4
-5
-2
-2
-1
0
-1
1
1
0
-1
-1
-1
-2
-1
-1
-2
-2
-2
-3
-1
-1
1
1
1
2
3
4
6
5
5
4
4
4
3
4
4
3
4
3
3
2
4
4
3
2
3
2
1
1
0
-1
-2
-1
-1
-1
-1
1
1
3
2
1
0
1
2
2
2
3
2
1
0
-1
1
2
0
-1
-1
-3
-3
-4
-5
-4
-3
-4
-5
-4
-3
-5
-3
-3
-3
-3
-2
0
0
-1
-1
-1
-1
0
2
2
2
0
-1
-1
0
-1
0
0
0
0
0
0
0
0
0
0
0
0
-1
-1
-1
-2
-1
-1
-1
0
0
1
0
1
3
1
2
2
2
2
2
2
1
2
0
1
1
0
0
-1
0
1
1
0
0
1
1
2
2
2
1
1
0
2
1
2
3
3
3
3
3
3
3
2
2
1
0
0
-1
0
0
-1
0
-2
-1
-1
0
-1
-2
-1
-1
-1
-1
-1
-1
0
-1
0
0
0
-1
-2
0
-2
-1
1
0
1
1
1
1
2
2
1
1
1
-2
-1
-1
-1
-1
-1
-2
-1
-1
0
-1
1
0
-1
0
0
0
1
1
1
1
1
0
1
0
-1
0
0
0
0
1
0
-1
1
0
-2
-2
-2
-3
-1
-1
-2
-2
-2
-2
-2
-1
-1
1
1
0
0
0
-1
1
1
0
0
-1
0
2
1
0
1
0
-1
-1
-1
0
-1
-1
-1
-1
0
-2
-1
-1
0
0
1
1
0
0
1
2
3
3
3
4
4
5
5
5
4
4
3
2
2
0
0
-1
-2
-2
-1
-2
-2
-2
-1
-2
-3
-2
-2
-2
-3
-2
-2
0
0
0
1
0
1
2
2
3
2
2
2
3
1
0
-1
0
-1
-1
-2
-2
-3
-4
-3
-2
-3
-4
-3
-3
-3
-3
-1
-3
-2
-1
-1
0
1
2
2
1
1
0
1
2
1
1
2
2
2
2
1
1
1
-1
-2
-2
-2
-3
-3
-2
-1
-2
-1
-1
-1
1
3
2
3
3
3
3
3
2
1
1
1
1
1
0
-1
-1
-1
-2
-1
-2
-2
-1
-3
-4
-4
-4
-2
-3
-2
-3
-4
-4
-4
-3
-2
0
0
1
1
1
2
4
4
3
3
3
2
2
2
2
1
0
-1
-2
-2
0
-1
-1
0
-1
0
1
0
1
1
1
0
2
2
3
5
5
5
5
5
4
5
4
2
2
3
1
0
0
-1
-3
-2
-3
-3
-3
-3
-3
-2
-1
-2
-2
-2
-2
-3
-2
-3
0
0
2
3
3
4
4
4
3
1
1
2
1
0
0
-1
-3
-3
-3
-3
-2
-4
-3
-3
-2
-3
-3
-2
-2
-1
-1
-1
1
0
-1
-1
0
0
1
2
3
4
5
4
3
4
5
4
3
3
1
2
1
0
0
-1
-1
0
-1
1
0
-1
0
0
0
1
2
2
3
3
3
3
2
4
3
2
2
1
1
-1
-1
-1
2
1
0
0
0
-4
-4
-6
-6
-6
-7
-6
-5
-6
-7
-5
-4
-5
-3
-2
-2
-2
-1
-1
-1
-2
0
1
-1
-1
1
0
0
1
1
0
-1
-2
-3
-4
-3
-3
-1
-1
0
0
0
0
0
2
2
1
2
4
4
5
6
6
6
4
5
4
5
5
6
4
4
5
3
3
1
0
-1
-1
-1
-2
-2
-3
-3
-3
-4
-2
-3
-1
-1
-1
0
1
0
0
2
2
2
0
0
0
0
-1
1
0
0
-1
-3
-4
-3
-4
-5
-5
-5
-4
-4
-3
-3
-2
-2
-1
-2
0
-2
-1
0
0
3
3
3
5
3
3
4
2
1
2
1
2
2
2
3
2
3
2
-1
-1
-2
-2
-2
0
1
-1
1
-1
0
-1
1
1
2
1
0
2
2
2
2
1
0
-1
-2
0
0
-1
-1
-1
-2
-4
-3
-4
-3
-4
-4
-5
-6
-7
-6
-5
-4
-3
-3
-3
-3
-1
0
2
3
4
4
5
5
5
5
5
5
4
4
4
3
3
5
5
4
5
5
4
4
1
0
0
0
1
1
1
2
0
1
1
3
2
3
3
2
0
0
0
1
3
2
1
2
2
1
-1
0
-1
-3
-2
-3
-4
-4
-5
-4
-5
-5
-6
-5
-4
-4
-3
-1
-2
-2
1
-2
2
0
3
1
6
-3
13
29
7
23
-2
-8
-13
-22
9
-9
-16
-2
-27
0
4
4
13
-2
-14
2
-11
16
6
5
8
-1
2
9
2
0
-5
-8
-2
-7
6
-12
-2
-8
-4
-1
-1
-1
-1
-14
1
-3
-1
1
1
2
2
5
5
1
-6
-5
-10
1
-6
-1
-4
-8
-1
1
11
10
14
11
2
8
1
10
-6
3
-6
-6
2
-3
4
-5
-2
1
3
4
11
1
3
3
-2
11
4
4
4
-4
5
1
8
6
2
-6
0
-11
5
-5
-4
-2
-6
-2
-4
4
1
-1
4
-1
2
0
-2
-8
-4
-8
0
-3
0
5
-9
0
-2
-4
2
-3
-2
-5
-9
7
-3
0
2
-5
0
0
2
9
2
-4
-4
3
3
1
8
-1
-12
7
-6
12
7
2
-2
-7
6
-2
6
8
1
-6
-4
-6
7
1
-3
1
-7
-5
-3
-1
0
-4
-5
-4
0
-4
2
-14
-15
-9
-15
0
-3
1
-1
-2
-4
1
5
10
5
0
5
-5
3
2
5
12
1
8
10
11
8
11
0
-2
-5
-18
-11
-11
-8
-3
1
11
9
13
12
8
7
9
-5
-2
8
-4
1
6
-3
4
3
3
10
1
14
1
-6
7
-5
-6
-4
-11
-5
-8
-8
-4
-2
2
4
-1
7
11
5
4
3
1
4
-4
-7
1
-1
-1
-8
-1
1
-4
17
12
5
11
-8
-7
-7
-9
-7
-11
-4
-5
2
11
14
16
14
12
3
3
-2
-3
-14
-11
-13
-14
-6
-8
6
3
1
0
2
4
-1
-2
-6
-6
-5
-6
-6
-2
3
-6
8
7
5
16
7
2
2
6
-1
-10
7
13
11
26
-2
-21
-7
-24
-23
-24
-14
-16
-24
-13
-33
-18
-14
-34
-33
-25
-22
-12
6
6
19
35
20
20
16
17
2
-4
-2
-16
-7
-9
-8
-3
3
3
-2
15
10
7
-2
-6
-7
-17
-10
-14
-7
17
25
34
42
41
31
17
3
7
5
14
26
38
56
69
80
86
83
73
57
47
28
17
15
12
18
27
33
36
29
17
0
-18
-30
-50
-64
-74
-86
-89
-82
-85
-86
-95
-109
-114
-121
-109
-98
-88
-69
-56
-38
-17
4
14
15
10
0
-4
-3
-5
-4
0
-2
-5
-9
-16
-23
-33
-47
-60
-64
-73
-75
-73
-63
-40
-23
-8
13
24
34
52
60
71
82
84
85
82
83
79
84
91
96
151
306
499
588
517
352
233
236
279
268
283
276
192
69
-48
-90
-149
-271
-456
-666
-764
-801
-768
-640
-527
-477
-437
-409
-358
-258
-151
-35
78
166
256
398
534
643
734
767
750
655
513
446
400
296
117
-101
-323
-465
-512
-505
-558
-696
-914
-1159
-1283
-1323
-1335
-1251
-1114
-996
-816
-544
-220
82
369
566
662
746
868
1036
1202
1332
1342
1269
1163
1005
776
581
385
100
-217
-542
-756
-896
-941
-915
-969
-984
-986
-927
-745
-490
-215
-47
79
253
441
742
1052
1194
1371
1820
2753
3645
3640
3057
2211
1797
2111
2185
2260
2296
1758
820
-313
-846
-907
-1255
-1750
-2591
-3577
-3966
-4038
-3734
-2968
-2723
-2918
-2992
-2922
-2386
-1565
-832
-349
-204
-238
47
758
1518
2122
2216
1882
1477
1042
917
1091
1188
935
85
-753
-1189
-1275
-797
-261
-28
-198
-932
-1534
-1803
-2015
-1864
-1737
-1855
-2027
-2150
-1981
-1409
-728
-583
-727
-618
-657
-602
-60
367
432
577
789
979
1376
1768
1775
1562
1194
605
218
338
708
724
366
-32
-400
-504
-213
12
-73
-400
-772
-973
-847
-314
271
668
1017
958
865
1058
1225
1335
1223
848
352
2
1171
4317
6430
6308
4971
3287
3373
4199
4213
4609
4529
3481
1569
145
1275
2305
1711
284
-2850
-5580
-6445
-6753
-5543
-4109
-4610
-5639
-6260
-5977
-4366
-2602
-1709
-1792
-2728
-3365
-2475
-460
1720
2956
2893
2594
2337
2633
3517
3954
3743
2311
418
-137
216
962
1887
1909
873
-591
-1760
-1814
-1249
-1310
-2441
-3907
-4859
-5126
-4187
-2651
-1763
-1732
-2451
-3037
-2854
-2066
-1118
-552
-473
-896
-985
273
2226
3726
4258
3744
2621
1706
1387
1435
1563
1332
362
-690
-1089
-823
-73
475
372
-453
-1669
-2215
-1883
-1270
-630
-441
-718
-661
-106
741
1832
2560
2546
2112
1744
1522
1473
1593
1638
2378
4887
6608
6315
5787
4885
4567
4453
3388
3305
3522
2872
1228
72
1539
2238
603
-1309
-3991
-5908
-6423
-7097
-6323
-5056
-5433
-6104
-6210
-5319
-3488
-2121
-1800
-2283
-3041
-3078
-1663
407
2013
2668
2844
3092
3131
3449
4126
4277
3739
2157
396
297
941
1215
1496
1399
882
221
-607
-1013
-1278
-2179
-3538
-4737
-5254
-5213
-4462
-3350
-2757
-2381
-2491
-2940
-2857
-2610
-2225
-1633
-1334
-1250
-508
1102
2594
3507
3970
3870
3249
2638
2082
1501
1279
1191
810
488
601
742
791
394
-432
-977
-1277
-1315
-1282
-1704
-1761
-1423
-1145
-233
887
1610
1987
1900
1663
1806
2076
2301
2400
2047
1554
1122
2392
5743
7285
6839
5695
4002
3825
3458
2651
3382
3312
2049
0
-653
1588
1755
-309
-2319
-5219
-6564
-6897
-7401
-5990
-5038
-5997
-6853
-6697
-4697
-2215
-1087
-1317
-2410
-3147
-2665
-927
1230
2672
2988
2755
2718
3036
4084
5062
4752
3433
1198
-489
-106
752
1089
1359
980
380
-10
-369
-117
-151
-1487
-3391
-5123
-6036
-5629
-4307
-2960
-2323
-2458
-3074
-3339
-2876
-2280
-1931
-1882
-2107
-2090
-948
1170
3059
4287
4592
3891
2932
2434
2343
2327
2035
1249
398
36
384
1204
1648
1268
449
-605
-1366
-1454
-1539
-1631
-1421
-1327
-1202
-469
611
1550
2241
2490
2177
1797
1527
1075
695
580
768
2638
5705
6631
6181
5677
4840
4849
4269
3483
3891
3399
1640
-437
-116
2117
1499
-691
-2716
-4956
-5605
-6423
-7322
-6093
-5721
-6934
-7562
-6758
-4050
-1552
-983
-1522
-1962
-1651
-816
635
1932
2341
2254
2245
2724
3649
4972
5552
4845
3437
1424
405
1030
1195
674
239
-223
-371
-354
-418
-62
-143
-1693
-3783
-5213
-5784
-5569
-4813
-4427
-4367
-4006
-3807
-3385
-2343
-1720
-1756
-1992
-2368
-2591
-1485
561
1969
2967
3619
3614
3579
3623
3514
3083
2290
1374
362
-1
362
754
1150
1050
604
483
425
429
235
-555
-961
-1002
-1242
-646
695
1673
2386
2560
2338
2269
1816
1229
830
507
1189
3592
5319
5386
5377
4838
4844
5270
4417
4190
4059
2665
419
-901
957
2052
-82
-2209
-4152
-5209
-5058
-6058
-6092
-5113
-6152
-7480
-7515
-5818
-2856
-1614
-2085
-2489
-2024
-796
442
1708
2227
1966
1728
1874
2756
4269
5547
5120
3731
2513
1560
1832
2189
1433
720
177
-438
-590
-190
315
370
-736
-2741
-4149
-4667
-5056
-5188
-4823
-4675
-4714
-4184
-3564
-2773
-1720
-1820
-2545
-2612
-2450
-1840
-355
761
1168
1768
2412
3011
3621
3878
3632
2720
1614
680
320
759
747
436
540
530
796
1007
730
719
398
-564
-1004
-1106
-982
-250
281
801
1707
2304
2587
2384
1788
1217
437
10
1339
4126
5471
5162
4761
4440
4900
4956
4481
4667
4211
2479
-145
-284
2175
1882
-676
-2743
-4452
-4795
-5087
-5954
-5160
-5012
-7010
-8130
-7046
-4195
-1816
-1896
-2564
-2256
-1156
43
1232
2688
3084
2221
1592
2144
3688
5354
5761
4576
3468
2710
2062
2176
1923
1037
208
-930
-1620
-1138
-147
256
-525
-2031
-3371
-4024
-4506
-5244
-5445
-5341
-5556
-5557
-4672
-3375
-2145
-1684
-2475
-2680
-1925
-1631
-1027
79
521
973
1829
2500
3211
3842
3955
3370
2400
1611
978
819
802
-53
-477
-48
191
496
461
465
820
278
-507
-519
-231
-75
-214
-16
1006
2099
2835
3020
2618
2141
1463
623
1298
4169
5614
4896
4485
3938
4181
4869
4666
5025
4825
3042
475
-405
1828
2120
-736
-3042
-4731
-5133
-4997
-5921
-5406
-4605
-6440
-8192
-7298
-4696
-2388
-2393
-3423
-2933
-1300
-109
1034
2988
3974
3086
1999
2120
3678
5126
5171
4072
3142
2950
2491
2487
2705
1813
977
-320
-1786
-1556
-548
-81
-813
-2503
-3548
-3604
-3792
-4690
-5265
-5000
-5210
-5763
-5291
-3793
-2336
-1785
-2500
-2862
-1650
-711
-498
119
501
610
1118
1821
2797
3809
3923
3206
2293
1864
1867
1685
1307
293
-885
-767
-230
149
641
699
656
410
-164
-32
585
694
204
-144
408
1500
2333
2954
2797
2209
1644
1410
3028
6199
7101
5658
4211
2966
3279
4053
4250
4631
3618
1298
-1115
-952
1223
248
-2947
-5379
-7055
-7280
-7548
-8232
-6731
-5663
-7147
-8273
-6617
-3422
-1310
-1387
-1733
-643
1027
1916
3141
5785
6871
5737
4538
4735
6316
6981
5757
3780
2473
1757
702
345
415
-567
-1713
-2995
-4298
-4231
-3511
-3566
-4551
-5798
-6333
-5686
-4970
-4930
-4315
-3237
-2811
-2562
-1469
398
1944
2115
1383
1487
2627
2967
2615
2855
2724
1803
1159
921
1084
1057
-304
-2154
-2987
-3336
-3648
-3672
-3492
-3533
-3832
-3435
-2084
-487
667
984
1278
2102
2834
3791
5099
5453
5340
5263
5054
5348
5990
5788
4704
3094
1697
2852
6166
7472
6254
4225
2454
1547
438
-82
-287
-893
-2380
-5313
-5274
-2675
-2669
-4662
-6823
-8453
-9123
-9139
-8835
-7130
-5061
-5013
-5008
-2707
783
4068
5443
5431
5868
6419
6706
7448
8700
8605
6887
5153
4342
3982
3461
2177
-248
-2919
-5289
-6952
-7172
-7328
-8019
-8176
-7875
-7144
-6130
-4380
-2488
-1753
-1916
-2084
-1105
621
1985
3107
4074
5065
5691
5949
6655
7059
5970
3613
1460
-26
-1357
-2362
-3212
-4287
-5351
-6244
-6539
-6080
-5800
-6255
-6886
-7149
-6825
-5833
-4250
-2192
-256
1080
2361
4373
6543
7898
8476
8399
7969
7751
7616
7390
7173
6544
5354
3861
2500
1817
1094
-303
-2569
-3778
-1401
1133
1161
737
115
-12
-407
-1447
-1228
-63
359
-1981
-3842
-1479
496
-645
-2779
-3923
-4054
-4846
-6316
-6255
-4095
-2807
-4039
-4397
-1878
1384
3058
2794
2947
4369
4827
4358
4928
5995
5867
3959
1898
1683
2069
1466
-157
-2061
-3320
-4326
-5240
-5310
-4594
-3899
-3891
-4139
-3335
-1619
-331
-39
-157
-320
-409
-318
286
1189
1772
1971
1701
1632
2563
3210
2540
1158
-280
-1653
-2639
-3072
-3577
-3891
-4001
-4535
-4876
-4330
-3216
-2585
-2995
-3593
-3767
-3586
-2774
-1678
-429
1190
2525
3484
4650
6000
7205
7534
6859
6098
5388
4783
4277
3692
3152
2553
1720
533
524
3393
5962
6005
5199
3765
2920
2362
1245
490
55
-490
-2989
-5611
-4302
-2415
-3321
-5470
-7300
-7848
-7662
-7863
-7453
-5375
-3426
-3784
-4509
-2380
1484
3826
3966
4112
5408
6121
5964
6222
6870
7047
5349
2588
1389
1144
46
-1993
-4005
-5180
-6187
-7236
-7487
-6710
-5362
-4670
-4797
-3976
-1948
-117
897
1424
1920
2389
2537
2434
2992
4319
4965
4269
3422
3620
4030
3299
1942
844
-273
-1891
-3775
-5104
-5414
-5431
-6209
-7102
-6607
-5284
-4513
-4072
-3202
-2283
-1780
-1310
-856
-314
805
1874
2556
3641
5175
6648
7622
7980
7776
7401
7028
6072
4453
2946
1617
178
-1471
-2185
591
4108
4732
4867
4807
4477
4638
3570
2548
1829
620
-2128
-5511
-4433
-2098
-3247
-4831
-5899
-6665
-6804
-7108
-7227
-6049
-4716
-5287
-6111
-4078
-646
1393
2127
2682
3998
5040
5347
5933
6452
6042
4341
1905
471
191
-588
-2269
-3868
-4767
-5487
-6001
-6005
-5987
-5657
-4999
-4783
-4085
-1964
178
1323
1774
2276
2789
3120
3416
3295
3110
3164
2814
2425
2863
3628
3485
2628
2055
1263
-23
-1040
-2115
-3564
-4770
-5609
-6324
-6067
-5050
-4612
-4227
-3384
-2585
-1921
-1201
-559
-455
-594
-180
584
1650
2978
4085
5140
6114
6740
7228
7369
7084
5918
4045
2618
1250
-292
-981
1142
4098
4654
5094
5768
5916
6125
5052
3643
2974
1847
-1175
-4233
-3674
-2982
-4996
-6613
-7305
-7416
-7047
-7475
-7359
-5626
-4522
-5164
-5387
-3295
-705
379
1130
2546
4195
5205
5554
6207
6837
6569
5055
3026
1644
300
-1783
-3991
-5541
-6702
-7869
-8239
-7883
-7402
-6156
-4732
-3744
-2287
-643
729
1881
2416
2674
3101
3723
4190
4371
4614
4583
4298
4112
3594
3154
2747
1693
563
-342
-1315
-2035
-2464
-3238
-4393
-4969
-5357
-5661
-5340
-5300
-5106
-4138
-3446
-2853
-1677
-328
689
1112
1569
2256
2866
3303
3444
3927
4688
5058
5374
5748
5949
5840
5110
3827
2465
904
-868
-159
2585
3440
3726
4402
4883
5788
6006
6032
5922
5133
2599
-1595
-2680
-1752
-3320
-5427
-6714
-7556
-7527
-7539
-7168
-5405
-3851
-4397
-5730
-4781
-2394
-1117
-491
426
1647
2731
3302
4514
6246
6903
5913
4011
2761
1951
201
-1899
-3752
-5508
-7384
-8622
-8406
-7728
-7095
-6328
-5477
-3897
-1730
226
1660
2672
3135
2903
2752
3279
3936
3931
3402
3044
3284
3605
3498
3433
3377
2640
1276
-380
-1267
-1212
-1930
-3571
-4784
-5161
-5001
-4685
-4420
-3817
-3112
-3016
-3111
-2709
-1532
-388
-190
16
770
1823
2939
3588
4306
4920
4961
5144
5256
5332
5424
4647
3626
2470
1131
13
21
2698
4620
4264
4358
4568
5256
5802
5677
5710
5135
3707
654
-1464
-397
-702
-3547
-5932
-7369
-7848
-7808
-7778
-6869
-5328
-4720
-5392
-4647
-1696
192
390
618
1058
1658
2258
3029
4510
5425
4698
3287
2818
3021
2124
91
-1929
-3607
-5615
-7714
-8458
-8274
-8397
-8524
-7830
-6062
-3880
-1925
-125
1499
2795
3166
3051
3596
4160
4004
3265
2700
3254
3727
3465
3546
3863
3664
2665
1342
581
347
-560
-2532
-4151
-4841
-5276
-5398
-5393
-5078
-4327
-4030
-3745
-2877
-1740
-844
-485
-23
621
1469
2586
3159
3808
4530
4462
4834
5523
5564
5548
5239
4260
3260
2206
902
-288
-1086
-136
1935
3087
3848
4333
5175
6203
6380
6325
5732
4885
3309
646
-260
-279
-1948
-4117
-6048
-7275
-7109
-6953
-7042
-6161
-4936
-4763
-4695
-3175
-1379
-92
842
787
926
2258
3197
3985
4794
4523
3746
3011
2249
1577
572
-782
-2592
-4703
-6150
-6773
-7039
-7555
-8176
-7697
-6610
-5604
-4055
-1853
91
934
1286
2016
2882
3485
3336
2742
2628
2627
2164
2207
3111
3796
3605
2873
2322
2109
1625
509
-789
-2196
-3884
-5048
-5520
-5723
-5655
-5527
-5220
-4468
-3706
-2922
-1839
-489
498
891
1669
2648
3346
3786
3947
4541
5353
5420
5303
5412
5461
5119
4182
3066
1969
902
-555
-260
2125
3273
3519
3406
4109
5703
6118
6174
5813
5272
4070
942
-473
-3
-1391
-3939
-6415
-7570
-6956
-6948
-6942
-5563
-3854
-3259
-3571
-2496
-177
1241
1489
894
1047
2156
2358
2555
3479
4025
3514
2379
1849
1557
552
-951
-2803
-4313
-5604
-7113
-7899
-8043
-7973
-7571
-7162
-6172
-4276
-2300
-1036
-144
1093
2404
3016
3097
3420
3966
3992
3483
3142
3224
3425
3141
2386
2116
2319
2014
836
-252
-906
-2272
-3959
-4937
-5279
-5460
-6107
-6516
-5736
-4505
-3590
-2705
-1276
226
1081
1603
2443
3696
4302
3819
3772
4401
4749
4783
4941
5374
5586
4917
3891
3190
2441
1011
-979
-2644
-1693
969
1852
2242
3191
4468
5578
5808
6733
7235
6426
4733
1787
726
895
-1177
-3744
-5583
-6721
-7058
-7461
-6778
-4995
-4027
-4353
-4465
-2655
-719
-221
41
178
523
1100
1212
2459
4130
3998
3033
2578
2974
3220
2156
780
-433
-2030
-4294
-6093
-6215
-6356
-7616
-8438
-7889
-6136
-4544
-3405
-1956
-548
371
428
525
1793
2776
2492
1677
1653
2561
3048
3122
3545
4149
4238
3538
2782
2443
1859
420
-1587
-3203
-4066
-4961
-6005
-6537
-6383
-6219
-6063
-5188
-3849
-2536
-1471
-713
295
1511
2289
2936
3772
4506
4937
5046
5268
6002
6494
6177
5641
5281
4499
3025
1478
198
-1108
-1079
809
1860
2258
2778
3241
4214
5078
5899
5944
5213
4055
1575
323
381
-1101
-3412
-5540
-6730
-6848
-6961
-6126
-4459
-3243
-2983
-3068
-1499
385
1084
1245
873
902
1210
1038
2045
3515
3753
3012
2198
2392
2639
1932
802
-730
-2357
-4324
-6108
-6437
-6768
-7497
-7766
-7458
-6144
-4816
-3627
-2049
-666
276
845
1433
2256
2833
2923
2338
2066
2472
2521
2386
2648
3031
3025
2469
1709
950
441
-204
-1622
-3071
-3954
-4824
-5789
-6326
-6215
-5718
-5211
-4557
-3621
-2485
-1239
-169
557
1248
2146
3046
3827
4421
4858
5287
5627
5836
5972
6005
5655
4675
3237
2007
1004
-41
-1283
-1685
484
2053
2216
3015
3858
5052
5616
5849
6140
5478
4299
1938
176
147
-1058
-3279
-5121
-6260
-6381
-6676
-6313
-4742
-3586
-3337
-3491
-2387
-686
122
587
564
713
1330
1287
1944
3248
3789
3711
3344
3287
3396
2925
1992
593
-993
-2959
-5020
-5969
-6644
-7451
-7681
-7429
-6665
-5775
-4556
-2809
-1275
-164
372
806
1531
2033
2341
2226
2216
2416
1997
1995
2826
3570
3648
2938
2345
1840
1282
612
-560
-1774
-3100
-4724
-5812
-6128
-5887
-5781
-6010
-5619
-4761
-3795
-2747
-1701
-632
164
978
2125
3374
4522
5272
5551
5828
6164
6352
6127
5674
5240
4203
2923
1998
1105
182
-1083
-737
1564
2410
2772
3326
4102
5206
5261
5367
5037
4201
2967
212
-785
-459
-1852
-3837
-5408
-5679
-5520
-5934
-5107
-3720
-2994
-3349
-3819
-2453
-916
-252
-69
-106
722
1222
1218
2489
4025
4585
3864
2905
3212
3489
2839
1567
224
-1057
-3287
-5130
-5458
-5688
-6367
-7303
-7491
-6587
-5516
-4135
-2777
-1477
-395
-137
388
1472
2468
2944
2239
1588
1743
1951
2147
2596
3106
2857
2111
1812
1733
1813
1304
-355
-2097
-3372
-4359
-5068
-5524
-5684
-6012
-6315
-6104
-5289
-3853
-2582
-1975
-1311
-261
1164
2817
4095
4790
5222
5465
5667
5884
5975
5679
5055
4075
3012
2525
2310
1750
708
-677
-1165
919
2956
3498
4134
4483
4646
4283
4620
5545
4721
3264
963
-898
-502
-853
-2446
-3729
-4459
-4952
-5741
-5368
-3734
-2916
-3384
-4618
-4388
-2966
-2176
-1443
-920
-593
1
584
2139
4207
5304
5215
4470
4248
4327
4094
3437
1927
140
-2169
-4265
-4754
-4992
-5868
-6651
-6927
-6712
-6138
-4682
-2908
-1851
-1535
-1455
-749
231
845
1305
1077
570
474
635
1468
2643
3231
3041
2878
3383
3591
3470
3159
1883
67
-1904
-3437
-4093
-4885
-5926
-6885
-7371
-7000
-6370
-5279
-3907
-2838
-1915
-1091
405
2341
3303
3775
4095
4330
4716
4950
5277
5678
5343
4518
3984
3978
4144
3840
3113
1841
492
-416
400
2763
3617
3367
2859
2528
2872
3374
4351
4036
2894
1648
-483
-514
576
-379
-2345
-3883
-4634
-5138
-5427
-4645
-3963
-4219
-5504
-6051
-4179
-2342
-1407
-1004
-1077
-219
843
1714
3654
5449
5667
4469
3551
4186
4769
4099
2169
-44
-1690
-3524
-4468
-4291
-4684
-5365
-6136
-6417
-5412
-3770
-2336
-1904
-2043
-2111
-1887
-961
-82
355
291
-399
-313
541
1659
3078
3723
3509
3256
3393
3829
3710
3072
1858
-113
-1898
-3164
-3938
-4431
-5321
-6249
-6865
-6911
-6028
-4678
-3354
-2249
-1579
-1109
-70
1467
2557
3079
3420
3604
3880
4395
5101
5884
5991
5452
4943
4741
4904
4808
4101
2810
1246
2
-354
1451
3076
2692
2236
1891
1916
2425
3418
3934
2882
1842
224
-668
566
605
-1130
-2853
-3949
-4584
-5298
-5385
-4815
-4944
-5956
-7031
-6191
-4132
-2736
-1686
-1137
-507
904
2185
3797
5679
6221
5245
4016
3749
4091
3731
2356
343
-1324
-2832
-4073
-3854
-3595
-4374
-5010
-5175
-4700
-3689
-2533
-1968
-2349
-2606
-2566
-2471
-1662
-658
-121
-326
-490
453
1829
3244
4230
4174
3766
3591
3542
3151
2509
1698
-1
-2247
-3679
-3956
-3975
-4506
-5304
-5787
-5600
-4879
-4006
-3073
-2417
-2114
-2131
-1848
-445
1265
2172
2493
2997
4042
5218
6117
6744
6986
6779
6234
5776
5469
5116
4338
2886
1420
136
-703
-1366
-861
842
1229
1220
1560
2016
2805
3419
4093
3746
2894
2139
865
866
1166
-63
-1948
-3455
-4308
-5173
-6116
-6232
-6108
-6442
-6983
-6519
-4762
-3107
-2019
-1322
-484
914
2127
3021
4229
4979
4568
3709
3337
3668
3469
2408
1038
62
-707
-1740
-2070
-1999
-2713
-3616
-4081
-3966
-3661
-3710
-3724
-3731
-3749
-3669
-3310
-2387
-1440
-954
-849
-337
938
2028
2629
2930
3079
2813
2442
2467
2464
1856
804
-156
-958
-1548
-1917
-2343
-2831
-3291
-3815
-4314
-4387
-4047
-3856
-3925
-3647
-3166
-2444
-1183
305
1661
2730
3719
4798
5839
6697
7262
7258
6911
6503
5793
5014
4463
3792
2691
1478
551
-175
-941
-1489
-417
1256
1843
2098
2082
2474
2970
3149
3448
2934
2490
1501
-8
236
395
-1066
-2964
-4336
-5075
-6030
-6668
-6264
-5808
-5822
-6405
-6033
-4206
-2577
-1395
-641
78
1171
1828
2592
3860
4593
4173
3083
2895
3326
3117
2477
1575
803
-216
-1360
-1625
-1824
-2581
-3477
-4288
-4615
-4707
-4430
-3863
-3653
-3443
-3338
-3008
-1849
-812
-327
-131
229
832
1109
1645
2213
2244
1947
1533
1573
1712
1553
1381
927
250
-352
-895
-1312
-1910
-2577
-3465
-4498
-4615
-4356
-4153
-3612
-3143
-2515
-1353
159
1926
3291
4321
5381
6151
6628
6838
6940
6713
5847
4861
3986
3437
3187
2710
2147
1497
773
142
-422
-816
-875
514
1548
1250
1510
1548
1482
1821
2495
2963
2163
1512
618
-196
611
397
-1630
-3299
-4081
-4806
-5965
-6327
-5755
-5844
-6326
-6564
-5483
-3715
-2880
-2162
-1200
-242
747
1341
2504
4119
4526
3690
3085
3802
4450
3692
2645
2038
1482
-98
-1729
-1694
-1656
-2809
-4256
-4806
-4313
-4127
-4259
-3986
-3296
-3005
-3538
-3371
-2111
-1272
-1268
-1685
-1265
-137
109
60
970
2089
2314
2068
2455
3252
3371
2619
1701
1243
653
-333
-1305
-1918
-2491
-3395
-4233
-4025
-2981
-2417
-2308
-1532
-129
983
1914
2992
4113
4791
4802
4708
4965
5283
4984
4382
4035
4074
4172
4008
3985
4047
3519
2414
1534
1139
497
-819
-2433
-2136
-272
203
196
414
751
1058
1451
2539
2704
2574
2093
218
50
644
-603
-2456
-3586
-4461
-5935
-6999
-6701
-6125
-5995
-6618
-6646
-5120
-3467
-1916
-623
195
1228
1990
2490
3617
4779
4777
3967
3713
3916
3556
2997
2340
1590
332
-1475
-2149
-2174
-2806
-3554
-4185
-4693
-4917
-4723
-4218
-3852
-3595
-3817
-4104
-3756
-3023
-2283
-1913
-1593
-969
-571
137
1451
2536
2800
2834
3217
3298
3222
3295
2867
1914
817
12
-486
-887
-1247
-1688
-2067
-2221
-2131
-1667
-1150
-522
-125
-87
484
1429
2205
2850
3572
4184
4351
4490
4902
5463
5714
5352
5219
4989
4465
4073
3328
2376
1476
315
-981
-2259
-2752
-3426
-3535
-1818
-817
-241
524
759
1557
2644
3613
3434
2789
2674
1348
540
444
-768
-2361
-4006
-5570
-6638
-7069
-6826
-6657
-6352
-5796
-5182
-3960
-2665
-1074
278
640
1323
2050
2302
3016
3789
3934
3608
3475
3474
3109
2974
2460
1527
598
-690
-1384
-1845
-2755
-3466
-4175
-4772
-5074
-5181
-4841
-4492
-4141
-4172
-4201
-3600
-2913
-2270
-1705
-1229
-712
-413
14
968
1977
2535
2824
3284
3660
3780
3927
3941
3544
2848
2154
1475
880
241
-508
-1259
-1912
-2172
-2273
-2147
-1516
-996
-608
267
1446
2340
2884
3526
4020
4004
4021
4318
4605
4479
4005
3708
3484
3135
2507
1682
1169
623
-357
-1433
-2036
-2581
-3463
-4325
-4070
-1759
84
844
1953
2641
3188
3509
4014
4284
3116
1909
-4
-1474
-1361
-2250
-3959
-4864
-5312
-6265
-6946
-5918
-4372
-3750
-3775
-3732
-2689
-1517
-741
60
598
856
741
682
1923
3752
4390
3906
3787
4022
3595
3075
2828
2227
936
-1085
-2404
-2707
-3057
-3648
-4176
-4431
-4834
-5142
-4860
-4206
-3469
-3672
-4275
-4122
-3714
-3145
-2472
-1719
-1084
-816
-58
1475
3195
4469
5006
5529
5711
5426
5414
5269
4728
3464
1738
512
-303
-685
-1008
-1396
-1711
-2137
-2114
-1346
-289
368
300
374
797
968
1100
1497
2040
2212
2073
2407
3049
3642
3956
3672
3221
2653
1927
1310
893
426
-686
-1851
-2329
-2374
-2387
-2457
-2361
-1907
-129
1604
2442
3285
3169
2496
1828
1552
1329
340
-163
-1124
-2237
-2022
-1818
-1797
-1671
-1997
-3047
-3927
-3463
-2887
-2915
-3048
-3583
-3865
-3743
-3139
-1849
-657
73
338
591
1743
3207
3935
4080
3924
3301
2322
1944
2120
1854
897
-712
-1935
-2317
-2637
-2872
-3088
-3503
-4245
-5130
-5060
-4191
-3625
-3857
-4107
-3909
-3757
-2859
-1511
-568
361
749
986
2212
3774
4579
4868
5382
5392
4813
4726
4832
4661
3869
2571
1630
1001
691
425
-69
-414
-886
-1518
-1793
-1435
-1194
-1726
-1970
-1773
-1523
-870
40
874
1523
1886
1994
2187
2558
2544
2114
1518
1010
1027
1062
1038
1227
1146
600
178
60
-203
-593
-1072
-2128
-2352
-439
907
1005
1311
1038
459
343
875
1047
911
1164
115
-437
617
828
279
-287
-1182
-2768
-3987
-3829
-3782
-4095
-4453
-4728
-4240
-3416
-1966
-536
290
1225
1303
1163
2159
3187
3162
2462
2056
1541
973
1017
930
678
215
-710
-1364
-1799
-1994
-2120
-2447
-2659
-2942
-3311
-3347
-2895
-2734
-3136
-3335
-3398
-3299
-2665
-1871
-994
-78
687
1509
2568
3694
4679
5407
5523
5224
4905
4485
4345
4041
3120
2232
1489
889
393
-5
-291
-742
-1230
-1761
-2309
-2460
-2595
-2639
-2485
-2383
-2031
-1588
-1124
-639
-184
183
535
1018
1390
1816
2225
2475
2704
2722
2561
2262
2022
1660
1100
553
13
-327
-633
-978
-1222
-1616
-1557
-261
931
1577
1905
984
350
534
774
991
1029
1620
1456
853
1191
1309
1025
185
-1387
-3042
-4029
-3962
-4004
-3699
-2534
-1991
-1920
-1478
-565
-70
-430
-824
-1341
-1953
-1993
-1538
-703
268
1136
1549
1954
2913
3331
2856
2301
1574
356
-1070
-1752
-1845
-1986
-2055
-2167
-2025
-1837
-1908
-2173
-2381
-2277
-2465
-3052
-3059
-2272
-1295
-584
293
1328
1887
2239
2515
2866
3341
3403
3270
3277
3577
3815
3559
3399
3235
2408
1161
13
-819
-1481
-2281
-3060
-3476
-3414
-3098
-2701
-2195
-1776
-1804
-2206
-2410
-2171
-1827
-1528
-975
-244
525
1326
2207
3094
3729
3961
3586
3279
3129
2854
2580
2133
1791
1290
578
84
-304
-878
-1774
-2562
-2578
-978
895
1663
1958
1672
1317
1155
1353
1830
1940
2118
1650
1079
1566
2033
1948
1446
399
-1087
-2245
-2732
-3097
-3239
-3327
-3796
-4330
-4699
-4359
-3470
-2778
-2304
-2056
-1675
-825
325
1380
2202
2740
2598
2075
1950
1872
1614
1455
1120
880
795
697
814
1012
882
253
-792
-1896
-2694
-3376
-4048
-4494
-4699
-4557
-3994
-3200
-2217
-1024
-65
495
789
1039
1514
1999
2245
2419
2722
2944
2928
2909
2953
2881
2695
2237
1565
998
426
-254
-965
-1587
-2272
-3035
-3716
-4207
-4448
-4485
-4174
-3542
-2913
-2105
-1063
-132
723
1536
2133
2470
2637
2690
2805
3189
3720
3896
3833
3840
3682
3155
2600
2027
1164
182
-432
-1040
-1442
-1487
-1533
-1427
-255
1251
1674
1959
1978
1345
1044
1084
1393
1757
2546
2980
2541
2427
2264
1644
511
-913
-2224
-3392
-3909
-4117
-4034
-3220
-2411
-2332
-3002
-3309
-3048
-3202
-3260
-2800
-2173
-1187
-115
925
2156
3400
4007
3656
3029
2495
1695
869
514
640
708
406
189
101
-1
-300
-1166
-2284
-3115
-3662
-4128
-4383
-4049
-3613
-3393
-3083
-2771
-2471
-2156
-1915
-1612
-1116
-211
943
1891
2587
3057
3311
3240
2903
2402
1709
1254
985
666
579
687
570
-2
-677
-1268
-1947
-2612
-3223
-3578
-3556
-3254
-2671
-1942
-989
11
603
1011
1542
1985
2272
2509
2808
3083
3323
3497
3441
3369
3227
2878
2539
2233
2025
1853
1657
1477
1189
896
477
-52
-435
-616
-520
300
1355
1700
1830
1910
1867
1787
1704
1718
1737
2087
2017
1565
1584
1282
170
-1089
-2059
-2698
-3074
-3230
-3268
-2944
-2456
-2281
-2118
-1896
-1827
-2009
-2406
-2692
-2543
-2168
-1568
-718
-128
360
868
1136
1164
1042
788
529
517
473
381
287
-92
-596
-1090
-1423
-1789
-2284
-2798
-3125
-3204
-3116
-2836
-2515
-2401
-2516
-2680
-2657
-2392
-2161
-2116
-1914
-1392
-713
270
1146
1633
1836
1776
1771
1966
2180
2096
1728
1292
863
569
535
559
526
328
151
192
319
549
800
745
460
208
76
45
44
-85
-252
-97
495
1248
1938
2576
2948
2937
2807
2695
2594
2359
2071
1816
1726
1863
2102
2300
2268
2135
1670
1079
825
654
511
264
29
33
448
1246
1545
1391
1166
657
239
60
294
764
1193
1607
1798
2007
2028
1376
130
-1144
-2073
-3007
-3588
-3631
-3660
-3603
-3444
-3185
-2873
-2736
-2719
-2803
-2844
-2785
-2654
-2298
-1696
-1174
-1089
-1151
-984
-815
-859
-878
-648
-405
-179
91
261
301
27
-449
-961
-1415
-1666
-1953
-2067
-1916
-1715
-1594
-1459
-1172
-1157
-1291
-1376
-1575
-1704
-1798
-1792
-1662
-1429
-1033
-718
-329
259
709
1071
1521
2154
2781
3159
3307
3191
3023
2821
2393
1896
1462
1140
831
713
985
1338
1548
1565
1428
1287
952
452
101
28
120
160
586
1136
1531
1794
2018
2337
2700
2894
2749
2522
2315
2004
1689
1469
1625
1526
1214
1047
1149
1365
1320
1387
1372
1071
650
293
103
-185
-392
-385
-283
-122
-194
-353
-605
-888
-951
-1063
-795
-416
-170
-39
-26
-45
-399
-941
-1646
-2430
-3050
-3412
-3352
-3194
-2991
-2781
-2726
-2713
-2789
-2867
-2986
-3117
-3108
-3020
-2746
-2431
-2215
-1976
-1674
-1294
-976
-612
-234
-34
63
57
40
12
-55
-238
-579
-868
-1079
-1222
-1144
-953
-823
-699
-555
-498
-510
-455
-450
-343
-139
129
401
644
852
966
1073
1233
1411
1545
1671
1846
1968
2047
2221
2373
2409
2282
2069
1787
1655
1620
1456
1590
1574
1659
1798
1883
1956
1936
2102
1661
1321
1474
1186
1023
1006
1258
1283
1325
1724
1714
1739
1947
1725
1384
1316
1288
1167
943
885
654
546
282
-32
-178
-291
-176
-505
-447
-51
-173
-379
-542
-768
-1076
-1399
-1726
-1639
-1833
-1984
-1988
-1960
-1634
-1232
-922
-878
-878
-1136
-1499
-1727
-1734
-1674
-1606
-1536
-1313
-1075
-991
-992
-1011
-1174
-1433
-1506
-1508
-1375
-1276
-1295
-1409
-1556
-1664
-1890
-2034
-2067
-2015
-1915
-1786
-1434
-1059
-734
-594
-667
-681
-787
-889
-952
-778
-443
-112
156
572
1042
1253
1283
1258
1339
1400
1264
1070
939
761
486
236
212
261
369
471
662
1086
1237
1301
1464
1525
1401
1140
1283
1312
1391
1711
1661
2077
2512
2486
2463
2581
2424
1868
1934
1867
1384
1675
1674
1281
761
1318
1260
293
529
736
135
-312
99
276
-187
89
205
43
-446
266
187
-1011
10
-150
-633
-491
63
54
-165
33
44
-538
-519
-555
-1148
-885
-552
-1263
-1038
-959
-1088
-1406
-1500
-1400
-1876
-2016
-1891
-1933
-2070
-1549
-1562
-1588
-1278
-1236
-1181
-994
-1001
-1058
-917
-769
-565
-545
-278
-170
-139
-185
-138
-76
-157
-173
-287
-323
-336
-422
-697
-721
-685
-794
-826
-732
-590
-534
-463
-319
-208
-225
-223
-201
-122
99
281
593
889
1155
1319
1338
1401
1296
1059
815
740
617
506
497
647
819
809
964
1265
1202
1471
1272
1098
1329
1033
772
866
1090
879
798
858
1010
1071
516
751
739
592
645
170
881
478
-142
427
298
-195
-204
-165
-287
-549
-203
-202
-603
-159
-197
-684
-830
37
-475
-736
196
-183
-504
-144
-136
-398
-220
-89
-479
-412
-121
-482
-809
-282
-862
-936
-641
-919
-994
-729
-695
-899
-563
65
-727
-758
122
-411
-587
-123
116
-130
121
130
197
-203
22
-226
-738
-549
-581
-1118
-903
-756
-406
-516
-406
95
89
-62
15
286
127
47
114
185
224
109
469
531
648
911
846
782
765
908
573
335
382
227
104
104
392
555
533
772
617
737
543
236
273
207
142
-13
130
583
523
611
805
702
588
912
443
388
570
433
-52
-162
382
-141
-502
-256
96
-466
-520
215
-382
-349
-150
-393
-253
-296
-223
-848
-709
-411
-698
-926
-257
-456
-1136
-420
-816
-1016
-1288
-631
-1139
-1448
-1111
-1039
-1132
-819
-825
-760
-35
13
-366
157
445
307
-53
117
87
70
121
34
429
289
514
490
395
420
10
559
-489
-922
307
-313
-821
14
490
210
-227
549
1000
86
109
497
108
1
110
222
956
432
440
1093
865
794
618
781
897
454
401
901
498
898
1097
603
1152
1107
707
344
584
334
-250
-215
116
-135
-374
267
57
23
93
355
51
-116
294
-160
79
204
19
549
399
316
351
473
419
289
162
602
245
-23
423
0
-146
-102
-501
-421
-478
-424
-254
-335
-291
-403
-214
-605
-555
-893
-766
-1154
-1550
-1212
-1261
-1402
-1424
-932
-577
-1268
-978
-641
-669
-1430
-942
-570
-1343
-1118
-804
-468
-1160
-723
-290
-964
-520
-278
-436
-380
-143
-78
-208
-10
160
232
-86
302
317
-241
301
7
81
326
161
173
238
186
-168
-153
64
52
-74
-229
440
21
327
816
644
932
591
941
905
645
1215
1237
1147
859
1508
1237
1138
1237
961
1177
522
716
667
653
646
457
672
478
342
105
663
191
-60
29
115
-145
-236
434
222
180
273
641
441
556
493
876
591
422
581
343
525
-84
208
119
-310
161
3
-142
296
-223
17
-316
-264
71
-314
-404
-119
-146
-536
-354
262
-201
-458
-187
112
-620
-627
-35
-660
-918
-780
-747
-1298
-969
-742
-1165
-820
-677
-443
-504
-811
-270
-777
-668
-912
-880
-356
-711
-1011
-422
-201
-809
-437
-293
-401
-1050
-575
-569
-844
-1100
-512
-900
-1056
-1049
-731
-544
-1120
-542
-146
-458
-334
-419
408
-131
-250
472
235
115
265
596
-50
330
522
434
685
612
1226
898
826
1338
803
831
1162
542
630
858
473
615
834
613
429
607
684
335
214
714
730
-203
637
558
262
518
620
470
472
662
490
568
532
654
320
537
480
371
447
586
184
14
339
-29
-473
195
-308
-280
-155
267
244
-32
476
345
-121
483
300
-153
96
425
-23
-186
396
476
153
322
521
502
-63
554
208
-24
67
158
45
-3
-43
382
143
-338
-65
108
-804
-488
-439
-806
-905
-810
-853
-1251
-868
-749
-1214
-998
-876
-933
-1240
-1034
-992
-1109
-1075
-1002
-763
-714
-804
-783
-374
-629
-430
-556
-312
-294
-822
-215
-477
-563
-457
-269
-250
-604
88
36
-295
-34
198
-67
-257
254
405
-48
345
516
220
418
269
313
614
85
125
482
585
250
253
802
542
40
574
592
185
410
496
248
255
454
40
125
324
-166
-152
109
-349
-293
304
62
-94
505
380
139
346
680
158
348
735
340
220
1014
745
389
778
1144
125
620
783
357
492
415
669
259
355
918
54
355
633
373
243
453
472
363
357
134
300
107
181
-39
254
-82
148
-170
-242
-21
-286
-296
-348
-636
-563
-928
-579
-641
-752
-533
-261
-529
-541
-266
-268
-450
-533
-456
-451
-549
-536
-401
-211
-619
-61
-117
-408
-144
-215
-284
-693
-343
-426
-450
-564
-444
-646
-438
-373
-490
-221
155
-215
-88
152
211
-45
-186
151
-153
-182
218
-132
-34
160
284
-102
178
111
82
82
-621
18
-138
-826
-157
-158
-338
-479
-42
35
-431
-19
134
65
-468
243
155
-58
270
475
441
271
679
502
668
375
777
478
134
672
179
318
209
491
214
18
671
-131
333
268
33
277
103
220
29
163
258
56
221
480
162
294
660
-15
117
283
-241
-118
138
-302
-158
311
-466
167
8
-84
5
-154
269
-488
-6
399
-495
70
194
54
-41
370
219
58
601
-123
204
554
-36
107
455
383
-52
-140
757
-104
-413
441
353
-495
-64
426
-273
-312
-96
79
-880
-434
-2
-749
-254
-77
-163
-313
-52
115
-324
-31
-159
-84
-216
-48
-333
224
-45
-495
13
77
-323
-209
-307
-118
-381
-716
-117
-345
-597
-320
-303
-305
-356
-427
148
-483
6
97
109
-305
222
208
-605
201
174
-438
-175
166
49
-617
227
293
-515
4
96
-522
-32
54
-269
84
31
276
-277
298
-40
-10
-297
109
-427
-214
172
-188
-321
524
-355
184
219
-120
353
271
-142
414
-23
378
315
-129
386
492
-30
424
565
317
433
413
607
65
298
766
153
-211
903
536
-297
766
786
201
210
794
357
-287
609
245
-234
264
170
-1
129
378
81
133
563
239
-255
356
357
-343
198
136
-88
134
-83
65
10
-330
263
-478
-442
306
-828
-211
3
-550
-452
-112
-361
-363
-305
-159
33
-714
58
-56
-894
172
-199
-543
-104
-144
-329
-86
-439
-75
-186
-507
43
-219
-363
141
-100
-193
-141
-46
-364
-325
-413
-248
-245
-501
-352
-69
-387
-259
-124
-305
-105
-497
-238
-93
-541
-212
-79
-262
-379
211
-190
-37
-96
-213
223
-183
-211
265
48
143
84
-64
376
24
-40
379
147
128
384
275
387
385
323
498
445
68
733
229
320
653
211
495
452
369
405
234
405
625
205
279
941
228
287
595
435
-31
333
483
70
57
545
571
-217
600
834
-219
362
458
-104
-289
130
-102
-624
172
-31
-317
11
88
-9
-247
-167
-102
-296
-314
-362
-279
-469
-48
-418
-134
-283
-152
-292
-400
-512
-325
-168
-599
-321
-190
-400
-225
-412
-210
-94
-414
-230
-130
-284
-29
-156
-81
-77
-338
-80
-230
-426
-15
-507
-274
-48
-529
-85
-185
-129
102
-395
418
39
-291
323
112
-376
114
-78
-156
-85
-164
301
96
-283
536
125
-120
228
219
-255
167
-73
5
216
-154
441
-68
-30
572
-94
168
296
232
285
305
344
387
449
314
500
250
318
430
114
230
370
228
133
445
302
157
339
189
57
200
-127
131
-80
-169
39
-193
-111
5
-136
43
65
-101
-130
19
-368
-290
-178
-446
-268
-362
-245
11
-364
212
-144
-194
153
-251
-81
-407
79
-303
-480
-199
-13
-328
-391
274
-412
13
-92
-21
32
-216
206
-255
67
4
-11
4
257
21
-20
276
112
3
135
347
-122
162
442
-316
180
167
25
-364
154
153
-182
35
128
611
-374
350
625
-293
205
279
127
-213
254
374
-266
-22
329
331
-647
333
559
-384
60
294
238
-353
243
244
-184
211
63
115
-110
158
192
-137
128
114
-6
-8
136
34
68
-36
113
-97
-151
-59
197
-132
-351
188
83
-455
-35
-109
-204
-337
-317
-326
-221
-584
-466
-291
-462
-686
-558
-40
-844
-503
-113
-341
-538
-449
86
-672
-527
-147
-540
-459
-246
-206
-440
48
-132
-149
-60
-17
182
-162
211
34
134
147
80
255
133
421
157
515
244
242
690
232
79
585
400
-21
413
405
51
407
368
33
162
644
117
60
478
691
-118
433
1019
55
400
1006
283
401
315
607
307
166
449
383
551
440
227
569
458
278
138
372
265
110
216
221
248
-63
416
-35
318
3
-40
203
79
-181
-126
315
-87
-444
258
-45
-438
-89
61
-379
-342
-16
-168
-678
-259
81
-701
-717
-233
-452
-876
-1015
-324
-641
-1340
-398
-756
-843
-753
-873
-563
-1054
-852
-657
-874
-794
-785
-679
-717
-610
-723
-325
-580
-421
-133
-456
-273
-43
-230
-212
-45
100
-245
43
-48
152
-244
158
235
-303
224
342
53
12
384
298
32
327
465
99
433
467
230
375
469
421
340
560
428
464
774
331
662
612
639
534
626
554
625
656
504
576
652
755
303
845
687
441
637
470
703
362
478
420
568
312
392
558
204
671
139
725
331
262
880
110
288
356
297
-4
226
276
58
149
181
272
-330
179
-25
-550
94
-592
-217
-281
-486
-156
-694
-400
-394
-598
-644
-523
-564
-708
-646
-710
-576
-851
-875
-544
-894
-662
-766
-748
-787
-606
-833
-686
-602
-843
-492
-734
-660
-303
-781
-596
-553
-418
-659
-567
-199
-411
-584
-358
-155
-422
-241
-379
-46
-224
-284
-174
-284
278
-136
-297
310
252
-41
-179
447
118
-155
368
170
87
160
320
123
237
526
14
395
544
174
351
580
575
239
715
650
531
608
651
808
531
660
874
622
651
787
770
564
691
819
740
706
572
1006
675
510
591
647
493
378
263
662
434
170
516
482
216
255
216
183
14
133
73
-100
-49
176
-230
-306
179
-251
-532
-358
-28
-533
-560
-101
-224
-522
-432
-240
-259
-496
-446
-250
-389
-462
-381
-374
-502
-531
-422
-659
-648
-267
-580
-732
-281
-484
-606
-682
-234
-535
-708
-315
-298
-514
-413
-192
-354
-333
-233
-347
-144
-214
-300
-220
-154
-236
-138
-126
-127
-240
-103
-81
-391
-65
-97
-305
-77
13
-152
-68
79
19
-111
0
113
10
-42
159
164
70
184
207
145
149
400
208
114
346
489
185
257
471
531
201
368
551
383
343
456
511
316
291
408
331
223
364
362
158
210
392
297
149
329
389
171
184
177
351
129
150
220
181
169
2
197
143
-79
46
50
-55
-91
38
80
-113
12
156
-119
-32
83
-145
-30
-77
-204
-35
38
-189
-159
9
-63
-386
-125
-59
-336
-260
-156
-143
-259
-174
-80
-77
-111
-137
8
-99
-152
-125
-106
-127
-199
-211
-56
-139
-185
-92
-177
-205
-67
-125
-136
-177
-112
-39
-273
-131
-21
-245
-230
-27
-192
-124
-76
-68
47
-202
-68
67
-58
-45
-6
78
36
24
53
167
83
89
141
94
153
218
127
92
149
104
30
59
60
73
-33
-32
113
16
10
85
62
142
-8
56
74
42
-49
0
91
52
116
56
106
25
54
-2
42
77
-22
11
-33
-71
-10
-77
-159
-50
1
-258
-106
-23
-104
-173
-164
-51
-196
-130
-111
-118
-58
-51
-152
-37
38
-62
-26
0
126
50
-66
175
103
42
-24
53
36
-31
-32
-107
-67
-67
-103
-156
15
-31
-112
-106
3
-5
-107
87
52
14
94
112
157
27
89
194
72
115
110
228
162
75
167
198
72
2
113
85
107
121
178
255
232
185
195
350
192
196
344
213
268
290
199
199
165
218
125
-14
184
107
-34
110
73
-47
45
-30
-78
-70
-66
-47
-59
-107
-72
26
-30
-71
-27
47
-45
-99
-1
8
-58
-1
8
-91
-65
-22
-115
-83
-162
-75
-124
-224
-126
-199
-273
-306
-265
-430
-359
-298
-390
-355
-282
-265
-361
-314
-216
-287
-331
-218
-179
-295
-253
-138
-215
-218
-189
-154
-290
-272
-133
-231
-219
-194
-131
-192
-174
-127
-161
-122
-105
-140
-92
-106
-7
-22
-118
24
35
52
40
60
122
115
91
63
160
126
93
107
95
143
132
162
247
294
258
326
360
339
303
361
360
292
371
374
304
347
429
361
383
413
320
447
363
319
391
299
359
288
282
384
297
298
331
294
239
326
278
274
251
288
223
160
195
162
147
143
214
103
130
105
67
51
52
10
-34
-37
-60
-115
-109
-166
-183
-188
-298
-246
-169
-248
-216
-202
-206
-247
-270
-315
-296
-402
-404
-374
-445
-404
-437
-374
-422
-490
-463
-424
-459
-462
-404
-443
-482
-530
-444
-452
-577
-422
-416
-448
-484
-410
-332
-449
-414
-367
-356
-370
-324
-295
-303
-231
-263
-219
-183
-152
-133
-98
-58
24
-9
-64
89
14
16
106
126
225
132
152
242
252
241
326
369
363
400
341
434
419
413
445
408
434
465
439
423
508
460
422
527
433
478
531
461
512
510
460
493
486
456
469
463
415
473
395
376
379
312
285
260
260
235
209
194
196
157
83
109
70
15
-8
-12
10
-12
-16
23
-6
-77
-58
-106
-136
-134
-161
-163
-154
-163
-157
-192
-183
-189
-193
-225
-275
-275
-318
-354
-353
-355
-412
-411
-432
-434
-442
-405
-439
-446
-424
-428
-414
-462
-399
-392
-464
-443
-374
-390
-399
-345
-360
-328
-339
-375
-329
-305
-327
-335
-295
-289
-286
-242
-251
-159
-182
-226
-114
-91
-72
-69
-14
15
7
13
37
71
44
92
75
111
130
126
123
146
190
186
229
276
312
290
344
357
383
386
427
410
417
501
482
448
428
444
450
381
400
397
400
365
338
377
358
347
359
306
316
303
284
287
250
278
248
232
243
239
163
175
203
125
102
135
98
95
32
14
74
13
-14
22
1
-57
-70
-113
-114
-129
-132
-129
-144
-231
-232
-214
-244
-214
-258
-251
-213
-272
-316
-264
-274
-330
-383
-354
-331
-370
-347
-328
-339
-380
-390
-394
-383
-383
-441
-422
-377
-389
-386
-305
-322
-260
-258
-290
-155
-141
-153
-178
-126
-80
-103
-96
-57
-6
-61
3
32
42
58
58
86
67
88
133
147
152
139
218
193
223
211
236
260
211
298
283
315
264
232
266
226
250
208
269
232
196
223
223
226
229
243
250
206
158
193
133
95
120
125
121
98
105
101
77
59
45
62
31
-3
15
39
-13
-27
-52
-38
-76
-89
-77
-14
-34
-88
-58
-31
-24
-81
-63
-41
-64
-127
-76
-61
-67
-64
-91
-63
-107
-124
-153
-147
-164
-206
-188
-166
-204
-247
-188
-185
-205
-153
-134
-125
-100
-98
-79
-84
-108
-83
-93
-123
-131
-107
-124
-130
-100
-37
-49
-26
28
22
25
93
93
70
118
107
129
116
136
150
164
158
162
190
172
225
212
219
242
199
217
187
189
198
161
161
173
178
115
108
124
97
70
74
112
74
34
35
52
31
-11
5
-11
-21
-75
-50
-8
-27
24
-11
8
-6
-27
-62
-85
-52
-83
-124
-119
-72
-123
-129
-105
-126
-101
-157
-131
-115
-138
-129
-115
-96
-109
-111
-118
-86
-132
-127
-73
-89
-89
-78
-44
-66
-88
-85
-90
-94
-146
-145
-142
-150
-146
-162
-133
-114
-158
-156
-116
-120
-149
-134
-151
-165
-119
-126
-108
-62
-73
-67
-24
0
17
-9
5
9
12
16
12
68
75
91
106
124
145
120
146
132
150
194
201
190
224
204
178
172
206
229
208
240
265
273
251
246
241
252
245
208
210
172
190
179
164
222
201
185
194
218
207
183
167
162
137
77
106
100
51
44
44
19
2
1
-14
-28
-46
-56
-20
-48
-54
-47
-35
-68
-87
-74
-106
-150
-177
-176
-170
-153
-185
-207
-187
-195
-228
-229
-194
-190
-242
-230
-213
-265
-268
-276
-257
-226
-236
-221
-211
-249
-253
-252
-235
-231
-222
-218
-216
-188
-222
-219
-213
-202
-215
-225
-202
-193
-188
-195
-135
-138
-163
-154
-72
-82
-52
-19
10
23
8
39
91
112
108
165
158
157
130
162
183
161
180
194
218
203
225
240
276
269
283
313
278
277
266
261
242
261
282
306
296
323
345
304
303
302
313
290
269
272
247
197
193
212
205
197
172
139
160
115
74
91
64
38
26
-8
-9
-18
-55
-39
-25
-61
-83
-95
-83
-94
-114
-95
-125
-138
-155
-155
-139
-158
-177
-203
-190
-200
-207
-195
-173
-177
-202
-187
-160
-185
-166
-160
-178
-163
-175
-167
-135
-139
-141
-128
-100
-130
-134
-120
-146
-138
-159
-158
-123
-113
-110
-136
-114
-124
-168
-181
-188
-161
-177
-144
-116
-105
-83
-91
-91
-67
-41
-50
-42
-60
-57
-57
-66
-42
-51
-38
-32
-17
18
41
37
34
33
32
21
19
71
53
61
95
111
136
135
143
145
148
147
161
181
196
208
198
232
264
240
278
283
284
301
285
266
232
235
205
222
220
203
199
191
186
169
174
169
178
165
151
155
147
95
66
69
29
38
42
30
20
8
-9
-54
-77
-95
-122
-139
-149
-179
-181
-178
-174
-140
-124
-130
-110
-101
-121
-129
-124
-128
-144
-150
-163
-152
-162
-148
-128
-122
-127
-113
-106
-115
-123
-104
-108
-124
-123
-103
-102
-128
-116
-105
-105
-114
-100
-100
-121
-93
-123
-125
-112
-134
-116
-103
-119
-116
-112
-114
-111
-96
-68
-67
-82
-65
-50
-23
-9
6
43
32
29
43
36
36
48
53
80
95
99
79
91
98
70
62
68
58
65
72
114
131
148
153
166
183
180
167
186
192
203
180
187
188
149
157
138
161
166
128
144
147
125
116
107
88
68
46
42
30
9
22
24
-3
0
20
14
-8
-33
-22
-30
-37
-33
-29
-66
-55
-73
-72
-72
-84
-84
-86
-61
-55
-51
-18
-32
-39
-36
-45
-47
-69
-67
-38
-45
-68
-62
-63
-60
-75
-53
-29
-55
-58
-63
-63
-79
-76
-49
-44
-36
-6
-1
-31
0
8
-20
0
-8
-55
-62
-70
-65
-70
-51
-32
-41
-28
-8
-20
-17
13
-20
-6
2
-15
-5
-9
2
21
34
16
14
4
-25
-12
-28
-25
-2
-15
-25
-24
-51
-44
-34
-44
-52
-49
-48
-40
-47
-59
-41
-36
-50
-45
-27
5
1
28
55
62
78
52
70
86
82
86
87
102
84
78
113
92
85
113
73
71
86
74
68
48
67
70
62
57
47
49
23
12
26
24
21
0
2
24
12
4
-1
-4
3
-36
-17
-18
-43
-27
-47
-49
-67
-63
-72
-112
-103
-110
-125
-114
-89
-89
-78
-65
-72
-48
-35
-24
-9
-20
-10
11
-7
6
22
24
34
42
59
56
58
43
45
34
29
35
30
27
33
15
3
6
1
21
13
39
37
26
33
49
44
65
74
74
93
78
77
75
65
61
69
60
51
38
16
10
1
-19
-1
-5
-8
9
-6
-11
-18
-4
6
14
23
19
18
9
11
-10
0
-10
-23
-15
-12
-24
-24
-15
-49
-63
-71
-85
-100
-118
-105
-125
-134
-131
-150
-156
-156
-144
-136
-137
-128
-119
-130
-132
-114
-107
-95
-59
-46
-35
-35
-30
-39
-36
-33
-21
-12
-11
4
-1
-1
-12
5
12
10
21
31
25
49
36
46
70
68
92
115
126
115
127
111
115
113
113
114
112
115
117
115
116
118
112
117
88
85
66
45
33
11
24
1
-19
-7
-1
-18
4
29
40
46
47
75
58
54
55
46
72
74
43
57
48
54
59
44
44
51
37
19
24
13
5
7
28
13
5
21
10
-13
11
-18
-36
-43
-31
-42
-50
-18
-27
-34
-37
-46
-46
-33
-35
-40
-44
-36
-67
-81
-82
-79
-76
-85
-105
-117
-133
-153
-163
-161
-146
-151
-160
-158
-148
-140
-135
-135
-116
-102
-102
-83
-80
-90
-113
-132
-127
-121
-110
-108
-75
-62
-73
-79
-65
-52
-55
-51
-44
-26
-11
-22
-3
27
11
32
57
58
100
101
106
100
118
120
115
119
136
136
116
120
132
150
149
154
165
178
178
173
178
169
177
171
160
151
127
142
108
101
129
123
119
100
94
87
83
78
77
93
82
76
78
81
85
69
54
49
29
2
8
-2
-11
-19
-36
-18
-22
-26
-25
-16
-25
-29
-33
-57
-54
-71
-64
-62
-71
-63
-79
-68
-72
-79
-83
-92
-97
-112
-91
-105
-122
-124
-139
-143
-144
-136
-135
-150
-153
-154
-162
-163
-151
-152
-161
-134
-127
-136
-124
-121
-130
-107
-95
-98
-80
-87
-97
-83
-71
-59
-68
-53
-65
-78
-70
-70
-61
-49
-24
-10
15
0
-15
13
21
12
36
66
57
55
70
77
75
73
80
86
108
121
116
108
134
122
132
134
141
156
149
147
140
132
122
124
121
109
109
111
107
114
126
129
126
132
123
102
109
115
109
110
115
101
92
100
83
65
77
66
50
45
43
0
-6
-9
-24
-15
-27
-27
-32
-28
-26
-15
-8
-1
-3
-16
-21
-16
-21
-22
-21
-30
-29
-51
-50
-49
-56
-55
-59
-63
-63
-49
-60
-66
-67
-75
-77
-75
-90
-92
-75
-67
-69
-73
-60
-69
-83
-72
-78
-85
-92
-98
-94
-84
-73
-72
-66
-79
-75
-69
-95
-90
-104
-125
-111
-101
-105
-94
-89
-96
-97
-94
-87
-87
-88
-85
-78
-63
-53
-47
-56
-52
-39
-26
-16
14
1
11
-43
-116
65
170
158
131
106
62
-76
-87
-9
35
98
110
98
105
116
49
10
-5
24
64
112
192
254
258
205
133
80
43
24
54
106
129
184
210
201
154
78
20
-3
-3
7
67
92
93
73
57
33
-4
-40
-41
-16
0
18
17
35
26
-4
-16
-14
-2
4
40
54
69
62
24
9
-20
-41
-58
-49
-49
-50
-27
-2
-24
-49
-50
-54
-58
-74
-59
-42
-37
-40
-34
-41
-61
-68
-59
-64
-68
-62
-58
-35
-28
-13
-10
-21
-26
-23
-20
-10
-18
-24
-17
-21
-24
-35
-37
-32
-43
-45
-35
-40
-42
-27
-39
-41
-33
-43
-25
-10
-11
-18
-12
-17
-20
-25
-13
-1
-10
3
2
7
-10
-10
2
-13
-16
-28
-38
-41
-46
-41
-41
-28
-39
-47
-49
-42
-37
-26
-20
-9
1
2
9
3
6
27
39
30
28
6
3
-3
0
-1
17
