-3
-2
-2
-1
0
3
2
2
2
0
-2
-2
-2
-2
-1
-1
-1
-1
0
-1
0
-1
1
2
1
1
0
-1
-2
-2
-1
-1
-2
-1
-1
-1
-2
-1
-2
-1
-2
-2
-2
-1
-2
-3
-2
-2
-2
0
-1
-1
1
0
-1
-1
-3
-2
0
-1
-1
1
1
2
1
1
-1
-1
-2
-1
-1
0
1
2
2
3
2
2
2
2
2
3
5
3
3
3
3
2
2
2
1
0
1
0
2
1
2
3
2
0
-1
-2
-2
-2
0
-1
0
0
0
-1
-1
0
0
0
-1
-1
-1
0
0
-2
-1
-1
1
3
1
2
2
1
0
0
1
1
0
0
0
-1
0
0
1
2
2
3
2
2
4
3
2
1
1
0
0
0
0
1
-1
-1
-2
-3
-1
-3
-2
-1
0
-2
-2
-2
-3
-3
-3
-4
-2
-2
-2
-1
1
0
1
1
1
-1
0
-1
-3
-2
-3
-1
-1
-2
-2
0
1
2
2
3
3
2
1
0
-2
-3
-2
-1
0
0
0
0
1
2
2
1
1
2
0
0
0
-1
-1
-2
0
0
1
1
1
1
2
0
0
-2
-2
-2
-2
-2
-3
-3
-4
-2
0
1
3
3
3
2
1
0
-1
-2
-1
0
1
0
2
1
1
1
2
2
2
1
1
0
0
-1
-2
-2
-1
-1
0
2
1
2
2
0
0
2
0
-1
1
-2
-2
-3
-1
-1
1
0
1
0
-1
-1
-1
-1
-1
0
0
0
1
1
0
0
1
0
1
1
1
1
0
-2
-2
-3
-2
0
-1
-1
0
0
1
0
0
-1
0
-1
1
1
1
0
0
0
2
1
1
1
2
3
3
3
3
3
2
2
1
2
2
0
1
1
0
0
0
1
2
2
2
1
1
1
-1
0
0
0
-1
-1
-1
-2
-2
-1
-1
0
1
0
2
0
0
-1
-1
-3
-3
-4
-5
-3
-2
-1
-1
0
1
0
1
0
0
-1
-1
-1
0
0
0
0
0
0
1
1
0
0
1
-1
0
0
-1
0
-1
0
-2
-2
-1
-1
-1
-2
-2
-4
-2
-1
-2
-1
-2
-2
-2
-1
0
1
1
0
1
0
0
-1
0
-1
0
0
0
-1
-1
-3
-1
0
0
1
1
1
2
1
1
1
1
1
0
-1
0
0
0
1
2
2
1
1
0
1
1
0
0
0
1
0
1
1
1
2
2
1
1
1
-1
-1
-1
-1
0
1
0
0
0
3
2
1
0
0
-1
-1
-1
0
0
1
3
2
3
3
1
1
0
0
1
2
2
2
1
1
1
0
-1
0
1
0
0
0
1
1
0
0
0
-1
-2
0
2
0
1
0
-1
-1
-1
-2
-1
-1
-1
0
1
0
0
-2
-3
-1
-1
-1
0
0
0
0
-1
-3
-3
-5
-3
-1
-1
-1
-1
-2
-1
-1
-1
-2
-2
-2
-1
-1
0
0
-1
1
1
2
3
2
1
1
1
1
0
1
0
0
0
2
2
1
1
1
1
1
1
0
0
0
1
1
2
2
2
2
2
2
1
0
0
0
-1
-1
-2
-1
-2
0
2
3
2
1
1
0
0
-1
-1
-2
-1
0
0
0
1
0
2
1
2
1
0
1
1
2
1
0
1
1
1
-1
0
1
0
1
1
0
0
-2
-1
-3
-2
-1
-1
-1
0
0
-1
0
-2
-2
-2
-2
-2
-2
-1
-1
0
0
1
1
1
1
0
0
-1
-2
-3
-2
-4
-5
-3
-3
-1
-1
0
-1
-1
-1
-1
-2
-2
-1
-1
-2
-2
-2
-2
-1
0
1
1
1
0
0
0
2
0
0
0
0
-1
-1
2
1
1
0
0
1
2
1
3
2
1
1
1
2
0
0
0
0
1
3
3
2
1
0
0
0
-1
0
0
-1
0
1
2
1
1
1
4
3
4
4
4
3
3
2
2
1
2
3
2
1
1
1
0
0
0
1
1
1
1
2
1
-2
-2
-2
-2
-1
-1
-1
0
1
1
1
2
1
-2
-2
-2
-3
-3
-3
-2
-2
-1
-1
-2
-2
-1
-1
-1
0
0
-2
-3
-3
-4
-2
-2
-1
-1
-1
-1
1
0
0
0
1
1
1
1
0
-2
-2
0
0
0
1
1
2
3
3
3
0
1
2
1
0
0
0
1
2
2
2
3
2
3
3
3
2
0
0
-1
-1
0
-1
-1
0
1
1
2
0
0
-1
-2
-3
-3
-2
-3
-3
-2
-3
-2
-2
-1
0
2
2
2
1
0
0
-2
-1
-1
-2
-1
-1
0
1
1
4
3
2
0
0
0
-1
-1
-1
-2
0
1
0
2
0
0
1
3
3
1
0
-1
-1
-1
0
0
3
2
3
3
0
-1
-1
-1
0
0
0
-1
-1
-2
-2
-1
-1
-2
-1
-1
0
1
0
-1
-1
-2
-2
-2
-4
-4
-2
-2
-2
-1
0
-1
-1
0
0
-1
0
0
1
0
-1
0
0
1
0
1
0
0
0
-1
0
0
0
0
1
0
1
2
1
1
1
-1
0
1
1
2
2
1
1
2
2
2
2
2
1
2
3
2
3
3
3
2
2
1
1
1
1
0
-1
-1
-2
-2
0
1
-2
-1
-1
-2
-1
-3
-3
-2
-4
-3
-2
-2
0
-1
0
2
1
2
1
0
1
0
0
1
-1
0
1
-2
-2
-1
0
-2
-1
1
1
1
2
2
1
2
2
2
2
1
1
-1
-1
0
-1
1
2
2
3
3
1
0
0
-1
-1
0
0
0
-1
0
0
-1
-3
-4
-3
-4
-2
-1
-1
-1
-1
-1
-2
-1
0
-1
-1
0
-2
-1
-1
-3
-2
-2
-1
-1
0
2
2
1
0
1
1
0
-1
1
1
-1
0
-1
-1
-2
0
0
1
0
1
0
-1
0
0
0
0
1
-1
2
1
0
1
0
1
0
-1
0
1
0
2
3
2
0
-2
0
1
1
3
2
2
2
1
0
1
0
1
1
-1
3
1
1
0
-1
1
-1
-1
1
1
1
-1
-2
-3
-3
-2
-2
-1
1
0
1
0
1
1
0
-2
-3
-1
-1
0
0
1
0
0
1
0
0
-2
0
0
0
1
0
0
1
1
3
4
1
0
1
1
0
2
-1
-1
0
0
1
1
-1
-1
-1
0
0
3
0
0
-2
-1
-1
-1
-1
-1
0
0
1
0
-2
-1
0
1
2
0
-1
-2
0
0
0
2
1
1
1
1
0
-1
-2
-2
1
0
2
-2
0
-2
1
-2
3
-9
27
11
-2
4
-13
-10
-8
-29
6
26
-25
8
-23
9
2
-11
-2
6
-3
12
-13
5
10
-5
9
-7
-4
10
-11
0
4
-5
11
-10
-7
-1
-13
4
1
0
11
0
11
4
-6
19
2
-3
14
-13
8
3
-13
0
-2
-11
7
-7
-3
11
-8
3
9
-7
10
11
-14
15
0
-14
18
-10
-5
16
-14
3
14
-15
4
1
-11
4
-7
-10
10
0
-8
6
-5
1
6
-2
6
8
-8
2
-10
1
-2
-4
3
1
7
0
7
-2
3
-3
3
-1
7
-3
2
5
-3
4
-6
-1
2
3
-6
1
-3
4
-7
-5
0
-3
-1
-6
-6
7
-3
-3
2
-4
5
1
-5
-4
7
-9
10
-1
-12
7
-3
-4
19
-10
0
11
-20
0
-4
-13
11
-2
-10
3
-10
4
10
-7
9
2
-10
0
-4
-10
16
1
7
7
-2
1
3
6
-2
5
-5
-6
-2
4
-9
8
-1
12
11
9
7
10
1
8
5
12
3
-8
4
-10
8
22
11
15
16
-6
3
-1
-20
-3
2
-4
15
14
4
17
-11
-36
-10
-28
-18
1
-20
-3
0
-31
-13
-15
-24
-2
9
14
47
33
39
37
11
6
-12
-22
-13
-13
-9
18
15
20
25
-8
-26
-37
-55
-42
-21
-12
-3
-1
-12
-17
-2
0
14
32
20
19
21
22
16
9
3
-4
-8
-6
-6
8
14
11
12
4
-8
-19
-28
-34
-37
-30
-21
-5
-2
1
7
5
0
4
4
6
26
15
10
10
-6
5
16
15
19
8
0
-1
-2
-3
3
4
-3
-7
-19
-27
-21
-11
-3
6
12
2
-3
6
1
1
1
-16
-16
0
9
23
21
10
8
10
9
9
9
-6
-6
-5
-6
9
12
13
20
6
-3
-6
-17
-6
3
4
16
31
13
-2
-7
-39
-37
-36
-36
14
24
10
25
-16
-36
-40
-57
-21
-3
11
49
40
13
6
-18
-11
2
-12
0
5
8
23
23
7
8
-11
-20
-13
-17
-11
9
11
17
7
-6
-5
-8
-11
1
-2
1
3
-6
3
3
-2
-1
-5
-9
0
-1
1
3
12
15
11
0
-3
-4
3
8
15
27
28
26
27
30
42
50
55
54
57
63
61
66
72
72
68
59
49
35
25
18
4
-10
-38
-68
-92
-107
-123
-128
-137
-148
-146
-151
-151
-147
-144
-123
-109
-94
-75
-58
-36
-12
11
24
34
37
43
52
55
52
49
46
39
34
22
21
6
-4
-12
-35
-45
-55
-53
-52
-46
-38
-36
-46
-39
-33
-20
6
13
28
46
62
79
96
108
116
125
131
138
127
112
97
79
66
50
41
31
54
192
378
441
358
173
91
141
191
312
491
515
298
-27
-156
-23
43
-37
-163
-293
-491
-643
-596
-416
-339
-498
-583
-535
-495
-418
-256
-53
-28
-248
-371
-194
45
248
376
367
253
40
-40
124
236
218
172
130
88
40
85
253
281
37
-254
-463
-546
-525
-460
-363
-416
-674
-842
-796
-641
-482
-367
-271
-270
-318
-194
158
524
689
709
693
703
750
860
1023
984
706
446
290
290
352
364
361
158
-256
-570
-654
-559
-431
-408
-409
-482
-583
-507
-244
22
107
63
36
96
230
445
725
888
812
722
809
1274
1937
2254
2116
1592
1010
822
965
1389
1878
1866
1112
-19
-762
-789
-613
-717
-1169
-1785
-2495
-3203
-3280
-2700
-2168
-2075
-2186
-2222
-2207
-2124
-1713
-1009
-586
-646
-723
-203
678
1329
1733
1820
1456
809
412
601
1018
1088
936
727
371
-61
-266
-15
210
-1
-490
-885
-1214
-1547
-1701
-1640
-1602
-1731
-1732
-1428
-1278
-1418
-1590
-1584
-1534
-1385
-901
-61
753
1045
1190
1504
1725
1889
2135
2383
2419
2134
1812
1659
1440
1105
869
778
569
18
-485
-654
-768
-945
-1095
-1095
-1045
-1046
-906
-611
-415
-443
-441
-208
144
503
911
1357
1775
1834
1776
1869
1966
2016
2039
2045
1892
1574
1274
2159
4156
5253
4835
3245
1965
1585
1141
1154
2395
3322
1953
-837
-2342
-1532
-679
-1072
-2152
-3083
-4640
-6637
-6737
-4918
-3139
-2948
-3262
-3300
-3777
-4343
-3608
-1379
53
-547
-1363
-613
716
1548
2415
3269
3118
1750
593
901
1674
1639
1509
1436
601
-612
-980
35
953
465
-598
-1234
-2170
-3409
-3756
-3151
-2461
-2631
-3037
-2804
-2799
-3378
-3259
-2304
-1758
-1806
-1454
-434
777
1610
2280
3309
3665
3173
2888
3145
3162
2548
2344
2479
2332
1978
1741
1695
1270
101
-978
-1255
-1434
-1880
-1893
-1584
-1539
-1571
-1301
-653
-54
185
338
528
403
193
460
1339
2160
2628
2978
3180
3023
2638
2390
2359
2240
1770
1238
1570
3348
4884
4976
3823
2213
1394
771
62
610
2292
2304
-151
-2343
-2395
-1350
-1095
-2172
-2967
-3638
-5762
-6967
-5705
-3582
-2419
-2641
-2825
-3026
-3886
-3838
-1640
673
895
-370
-664
577
1389
1942
3219
3972
3046
1307
532
1228
1622
1244
1169
811
-468
-1409
-712
560
602
-621
-1550
-2132
-3217
-4117
-3877
-2908
-2748
-3354
-3344
-2758
-2616
-2547
-1874
-1393
-1566
-1512
-577
1092
2217
2656
3506
4033
3587
3058
3348
3789
3372
2554
2237
2238
1998
1606
1484
1372
545
-605
-1058
-1182
-1770
-2285
-2238
-1935
-1909
-1868
-1247
-435
-112
-147
-78
99
-15
32
813
1675
2156
2340
2563
2664
2380
2045
1991
1951
1409
876
1487
3448
4819
4705
3500
2212
1446
452
-23
1057
2603
2149
-312
-1955
-1420
-535
-909
-2238
-3069
-4008
-5991
-6608
-5032
-3067
-2351
-2856
-3233
-3326
-3511
-2713
-416
965
19
-1391
-1111
864
2424
3273
4185
4096
2470
720
559
1828
2468
1664
552
-434
-1231
-1067
157
1174
527
-1340
-2662
-3062
-3529
-3796
-3497
-3236
-3683
-4484
-4219
-2851
-1900
-1896
-2177
-2522
-2642
-1789
75
1967
2953
3004
3200
3618
3783
4009
4448
4564
3654
2366
1900
2280
2602
2448
1882
1075
166
-584
-887
-1007
-1524
-2266
-2786
-3069
-2987
-2274
-1070
-136
-116
-513
-516
-122
328
780
1343
1702
1868
2136
2604
3084
3229
3014
2673
2229
1547
1811
3799
5495
5501
4131
2633
2097
1592
958
1659
2945
2116
-670
-2503
-1977
-791
-975
-2516
-3684
-4620
-6437
-6816
-4999
-3100
-2780
-3943
-4559
-4283
-3700
-2379
-248
819
-381
-2002
-1613
736
2758
3636
3871
3090
1442
231
617
2209
2798
1626
24
-1274
-1691
-1032
220
929
-122
-2191
-3581
-3632
-3073
-2658
-2562
-3177
-4299
-4911
-4205
-2429
-1073
-1120
-2051
-2893
-2718
-1311
864
2742
3306
3090
2989
3375
4168
4906
5019
4233
2872
1821
1767
2322
2806
2591
1553
107
-941
-956
-488
-511
-1462
-2770
-3608
-3553
-2812
-1804
-853
-423
-651
-786
-299
525
1315
1617
1590
1578
1814
2500
3401
3880
3526
2806
2228
1932
1886
2381
4163
5730
5602
4367
2964
2486
2018
1180
1566
2647
2161
-355
-2311
-1757
-651
-1060
-2713
-3921
-4337
-5866
-6800
-5168
-3052
-2648
-4070
-5052
-4406
-3140
-1735
77
1032
-338
-2070
-1612
898
3304
3908
3556
2674
1021
47
836
2434
2593
467
-1709
-2306
-1895
-960
7
196
-1044
-3130
-4211
-3535
-2455
-2447
-3292
-4326
-5034
-4679
-3236
-1585
-995
-1749
-2599
-2602
-1670
-118
1575
2598
2530
2238
2773
4199
5336
5403
4530
3177
2024
1635
2107
2648
2305
1198
142
-473
-731
-619
-438
-789
-2063
-3617
-4059
-3227
-2083
-1319
-968
-828
-632
-139
743
1611
1901
1662
1350
1491
2102
3034
3954
4235
3588
2666
2175
2062
2346
3603
5241
5837
5286
3878
3094
2832
1895
1616
2413
2507
658
-1689
-2003
-907
-765
-1866
-3336
-4049
-5149
-6798
-6030
-3750
-2699
-3592
-5056
-4980
-3535
-2024
-572
645
306
-1276
-1819
-310
2105
3440
3331
2658
1514
675
1309
2699
3102
1321
-1417
-2617
-2149
-1078
-197
-68
-716
-2088
-3187
-3168
-2447
-2108
-3089
-4762
-5888
-5472
-3571
-1779
-1200
-1815
-2497
-2282
-1445
-108
1324
2099
2102
1678
2000
3651
5467
6169
5406
3943
2721
2318
2569
2582
1878
720
-322
-826
-793
-547
-393
-650
-1675
-3088
-3846
-3510
-2707
-2382
-2615
-2529
-1699
-453
765
1553
1850
1668
1315
1319
1966
2890
3511
3547
3182
2759
2634
2794
2435
3230
4480
5567
6027
5493
4437
3315
1234
512
1693
2848
2079
-438
-1443
-1390
-1593
-2530
-3722
-4319
-5545
-7624
-7046
-4192
-2249
-2983
-4936
-4917
-2888
-924
533
1510
1391
263
-112
1619
4204
5071
3955
2530
1612
1487
2408
3415
3130
640
-2494
-3634
-3014
-2320
-2184
-2414
-2740
-3546
-4380
-4240
-3466
-3305
-4236
-5429
-5918
-5379
-3860
-2052
-667
-282
-392
96
906
1913
3096
4005
4221
3700
3433
4198
5363
5792
4998
3649
2219
884
140
-327
-1174
-2555
-3905
-4489
-3953
-2913
-2133
-1758
-1964
-2455
-2705
-2377
-1648
-927
-463
-180
354
1365
2714
4013
4654
4278
3545
3053
2802
2914
2975
2664
2103
1214
545
770
2544
5097
6353
5875
4104
2566
1951
1308
1584
2593
2396
309
-2440
-3029
-1566
-1065
-2273
-4164
-5175
-5956
-7154
-6479
-3996
-2410
-2925
-3750
-2397
417
2086
2579
3352
3870
3367
2649
3372
5000
5188
3762
2186
1502
1058
346
-1
-441
-2030
-4426
-6114
-6209
-5805
-5639
-5459
-5307
-5314
-5244
-4357
-2972
-2439
-2831
-3135
-2501
-1398
-417
744
2180
3480
3982
4024
4246
4395
4362
4041
3400
2752
2212
1785
1300
640
101
-370
-1101
-2301
-3560
-4205
-4376
-4736
-5020
-4753
-3815
-2507
-1132
273
1539
2333
2730
3084
3475
3455
3202
3127
3241
3380
3332
3509
3842
3477
2511
1535
938
528
-420
-1607
-2401
-2912
-2462
-298
2685
4865
4992
4056
3843
3754
3377
3466
3966
3823
1409
-1648
-1978
-654
-308
-1758
-3755
-4466
-5009
-6219
-5958
-4230
-3134
-3623
-4321
-3081
-450
1641
2957
4151
4596
3798
3278
4202
5334
4892
2952
1346
656
7
-622
-851
-1186
-2739
-5066
-6138
-5610
-4922
-5002
-5438
-5488
-5148
-4491
-3273
-1773
-910
-983
-1123
-692
177
1148
2046
2584
2353
1952
2327
3227
3729
3153
2074
1301
582
-267
-692
-424
-367
-1095
-2092
-2509
-2238
-1990
-2158
-2603
-2941
-2976
-2530
-1343
-22
1052
1946
2670
3388
3840
4154
4446
4225
3387
2343
1817
1811
1708
981
229
-187
-445
-574
-830
-953
-1109
-1836
-1883
-210
2492
4451
4455
3891
3954
4139
4231
4802
6062
5890
2926
-473
-1636
-1316
-2205
-4613
-6239
-6302
-6553
-7427
-6727
-4098
-2317
-2855
-3667
-2325
167
1725
2464
3687
5055
5375
5240
5964
7125
7017
5292
3182
1519
103
-1238
-2252
-3232
-4723
-6188
-6691
-6205
-5572
-5186
-4781
-4257
-3791
-3547
-2989
-1912
-1184
-988
-822
-49
1457
2736
3150
2845
2583
2663
2503
2036
1499
1213
1052
247
-610
-878
-928
-1277
-2175
-2785
-2857
-2730
-2446
-2293
-2233
-2254
-2328
-1944
-1142
-335
547
1632
2627
3336
3806
4360
4850
4744
4208
3545
3135
2876
2147
1352
874
225
-512
-1362
-2200
-2788
-3273
-3621
-3476
-1884
850
2866
3934
4373
4434
4569
3970
3655
4802
5267
3705
1104
-411
-433
-1074
-2919
-4796
-5599
-6153
-7555
-7949
-6082
-3888
-3338
-3691
-2482
282
2535
3620
4623
5987
6393
5609
5377
6370
7045
6075
3924
2218
1355
480
-644
-1836
-3278
-5230
-7142
-7811
-7219
-6220
-5370
-4519
-3442
-2350
-1130
85
977
1242
725
335
755
1510
2187
2483
2496
2372
2171
2103
1879
1419
594
-755
-2017
-2835
-3201
-3199
-3130
-3242
-3217
-2901
-2510
-2226
-2078
-1986
-2072
-1957
-1436
-621
518
1501
2204
3005
3761
4449
4979
5301
5154
4393
3378
2409
1770
1242
663
211
-356
-918
-1263
-1732
-2006
-2546
-3260
-2611
-729
1011
2257
2989
3564
4096
4058
4195
5388
6072
4387
1382
-751
-1541
-2287
-4020
-5713
-6260
-6587
-7538
-7693
-5840
-3624
-3040
-3472
-2681
-459
1621
3033
4435
5972
6698
6408
6594
7747
8308
7078
4642
2388
778
-690
-2035
-2901
-3774
-5142
-6434
-6793
-6103
-5141
-4645
-4583
-4513
-3900
-2649
-1059
517
1628
2186
2534
2775
3088
3495
3651
3114
2160
1426
1124
1117
1152
925
252
-891
-2197
-2993
-3270
-3634
-4296
-4819
-4965
-4673
-3795
-2506
-1347
-720
-597
-472
88
749
1230
1854
2569
3143
3762
4668
5626
6015
5677
4765
3789
2660
1225
323
-226
-979
-1800
-2409
-2285
-1695
-1728
-1994
-1384
318
1707
1919
2073
2604
3067
2867
2453
3416
4823
4285
2050
165
-442
-1122
-3233
-5674
-6811
-7052
-7878
-8625
-7414
-4980
-3616
-3539
-2793
-536
1559
2426
3113
4454
5659
5768
5718
6724
7735
7269
5586
3968
2878
1477
-308
-1865
-3182
-4710
-6264
-6876
-6392
-5660
-5194
-4790
-3923
-2633
-1220
111
1143
1817
2006
2028
2461
3063
3506
3678
3288
2575
1940
1600
1367
964
367
-488
-1616
-2665
-3172
-3102
-3093
-3615
-4193
-4261
-3988
-3623
-3024
-2236
-1575
-1309
-1014
-144
1051
1922
2238
2356
2626
3086
3602
4204
4778
4865
4627
4208
3629
3110
2331
1334
309
-1158
-2278
-2561
-2399
-2093
-2288
-1698
671
2595
3368
3683
3829
4101
3331
2242
2971
4108
3199
658
-1264
-1436
-1622
-3301
-5300
-6025
-6265
-7708
-9061
-7979
-5431
-3984
-3787
-2803
-399
1723
2759
3745
5377
6460
5911
5296
5953
6765
6398
4984
3645
2537
1044
-593
-1786
-2834
-4455
-6274
-7062
-6708
-5997
-5387
-4778
-3982
-3054
-1894
-367
1382
2692
3115
3226
3574
4004
4257
4241
3729
2822
1889
1176
811
613
160
-643
-1648
-2644
-3198
-3314
-3415
-3830
-4351
-4705
-4700
-4175
-3316
-2367
-1621
-1101
-522
388
1455
2129
2483
2609
2665
2950
3505
4136
4464
4431
4263
3973
3780
3332
2443
1628
524
-822
-1796
-2348
-2404
-2377
-2891
-3130
-2038
441
2608
3580
4065
4192
4111
3896
3883
4936
5444
3674
834
-1172
-1517
-1881
-3533
-5446
-6645
-7410
-8519
-9034
-7612
-5506
-4682
-4774
-3800
-1279
1190
2782
4025
5251
5995
5852
5935
6924
7439
6471
4662
3157
2217
1167
-143
-1428
-2850
-4679
-6349
-6930
-6413
-5859
-5707
-5406
-4603
-3311
-1812
-24
1662
2575
2773
2916
3585
4438
4763
4650
4299
3695
3052
2503
2212
1851
897
-646
-2149
-2868
-3127
-3452
-3787
-4075
-4243
-4420
-4432
-4062
-3348
-2713
-2583
-2454
-1623
-439
541
1325
2037
2841
3578
4080
4498
4860
4932
4622
4146
3760
3289
2668
2165
1514
697
-144
-984
-1538
-2018
-2751
-3487
-3938
-3984
-3194
-1162
1073
2376
2928
3281
4128
4884
4988
5600
6014
4781
2275
-25
-632
-771
-2450
-5132
-6965
-7448
-7965
-8671
-7958
-6143
-5069
-5144
-4497
-1917
919
2512
3400
4516
5485
5659
5827
6781
7353
6365
4510
3257
2804
2087
746
-671
-2037
-3853
-5751
-6478
-5978
-5523
-5786
-6034
-5396
-4040
-2498
-860
692
1754
2146
2373
3233
4291
4700
4438
3731
2955
2545
2600
2681
2184
1043
-192
-988
-1530
-2126
-2624
-3095
-3862
-4678
-4850
-4105
-3100
-2679
-2788
-2741
-2083
-1160
-360
471
1304
1851
2179
2738
3748
4790
5224
5042
4528
4099
3796
3434
3038
2395
1427
431
-271
-736
-1067
-1457
-2168
-3125
-4064
-4627
-3561
-1083
595
1344
1810
2490
3812
4536
4957
6019
6086
4230
1537
-47
-66
-629
-2759
-5261
-6654
-7125
-7769
-7990
-7015
-5694
-5240
-5333
-4207
-1665
776
2350
3402
4528
5386
5719
6339
7122
6944
5444
3561
2463
1891
1054
-147
-1329
-2486
-3953
-5292
-5663
-5356
-5316
-5766
-5988
-5237
-3851
-2501
-1239
31
1059
1668
2341
3412
4355
4581
4161
3633
3382
3184
2807
2384
1909
1068
-120
-970
-1182
-1326
-1906
-2901
-3689
-3745
-3418
-3197
-2986
-2609
-2271
-2062
-1715
-942
108
916
1194
1344
1980
3030
3961
4477
4556
4472
4392
4184
3977
3720
3113
2133
961
17
-426
-889
-1548
-2102
-3039
-3863
-3994
-4055
-3575
-2095
-479
744
1511
2034
3267
4716
5048
5169
6004
5963
4393
2182
634
230
-867
-3484
-5946
-6848
-7150
-8099
-8640
-7787
-6323
-5589
-5308
-3706
-836
1367
2343
3196
4563
5681
6067
6434
6827
6493
5299
4028
3345
2694
1441
-48
-1181
-2193
-3657
-4849
-5098
-4941
-5279
-6046
-6115
-5217
-4129
-3391
-2739
-1586
-322
437
1150
1937
2619
3003
2932
2751
2839
3073
3115
2918
2494
1958
1738
1642
1031
82
-750
-1262
-1590
-2022
-2494
-2690
-2707
-2910
-3177
-2926
-2139
-1379
-888
-507
150
1141
2100
2962
3739
4265
4388
4398
4558
4569
4236
3630
2821
2152
1425
585
120
-411
-1331
-2061
-2844
-3237
-3249
-3753
-4021
-2922
-1007
560
1510
2003
2890
3999
4091
4091
5316
5755
4245
1902
135
-207
-893
-3244
-5610
-6590
-7042
-7990
-8280
-7112
-5551
-4655
-4447
-3236
-670
1352
2394
3323
4331
4799
4794
5186
5773
5776
4794
3461
2897
2626
1878
870
-137
-1227
-2636
-3912
-4331
-4342
-4731
-5433
-5749
-5252
-4294
-3396
-2665
-1884
-1134
-579
93
934
1721
2183
2163
1947
1955
2266
2613
2855
2740
2351
2201
2224
2064
1633
928
199
-413
-974
-1501
-1733
-1812
-2186
-2711
-2942
-2649
-1977
-1328
-876
-235
679
1652
2528
3291
3856
4068
4103
4030
3753
3409
3108
2572
1830
924
52
-328
-586
-1159
-1823
-2452
-2789
-3044
-3605
-3959
-3308
-1359
153
663
1363
2456
3816
4448
4329
5335
6203
4916
2442
416
-183
-757
-2792
-5371
-6782
-7025
-7707
-8092
-7013
-5550
-4575
-4218
-3255
-906
1227
2415
3195
3821
4064
3980
4415
5059
5069
4455
3625
3382
3432
2988
2287
1505
357
-1294
-2848
-3635
-3950
-4500
-5402
-6001
-5794
-5029
-4061
-3282
-2670
-2007
-1414
-802
-181
431
991
1185
1064
1086
1609
2339
2741
2898
3044
3229
3230
3005
2813
2526
1830
937
302
-184
-929
-1802
-2404
-2717
-2911
-3134
-2934
-2163
-1380
-715
94
1235
2495
3279
3562
3801
4060
4062
3612
3045
2701
2372
1716
929
357
-6
-358
-889
-1541
-1994
-2323
-2733
-3130
-3511
-3822
-3847
-2450
-243
1295
2520
3270
3893
4855
4872
4955
5993
5481
3003
284
-1155
-1432
-2259
-4362
-6426
-6898
-7115
-7827
-7065
-5379
-4340
-3926
-3572
-2208
-196
1161
1751
2297
2736
2560
2932
4189
5039
5199
4790
4372
4480
4412
3699
2780
1616
-194
-2194
-3408
-3883
-4180
-4756
-5669
-6169
-5914
-5100
-4064
-3248
-2755
-2389
-1886
-1155
-328
541
1147
1280
1295
1647
2550
3471
3877
3937
3901
3822
3849
3849
3611
3002
2025
960
18
-833
-1590
-2132
-2638
-3277
-3676
-3304
-2367
-1434
-658
107
962
1765
2362
2874
3383
3547
3107
2472
2196
2214
2007
1433
916
454
-47
-414
-770
-1064
-1300
-2013
-2632
-2734
-2905
-3000
-2793
-2751
-1975
115
1775
3044
4028
4185
4658
5136
4768
5028
5194
3623
1210
-552
-1241
-1816
-3203
-5404
-6648
-6646
-7246
-7429
-6022
-4877
-4698
-4718
-3924
-2058
-437
221
721
1844
2557
2840
4044
5584
6338
6143
5468
5299
5369
4756
3658
2504
946
-1295
-3080
-3898
-4309
-4932
-6054
-6794
-6532
-5930
-5241
-4377
-3549
-3070
-2886
-2434
-1439
-186
675
1060
1475
2123
3180
4227
4887
5465
5715
5660
5532
5286
4842
4013
2620
950
-409
-1385
-2198
-2690
-3059
-3600
-3803
-3387
-2617
-1751
-1104
-757
-327
247
725
1267
1880
2102
2046
2104
2290
2576
2651
2339
1924
1483
802
177
-38
-342
-824
-1301
-1764
-1740
-1654
-1909
-1961
-2027
-2252
-2416
-2324
-683
1567
2549
2841
3061
3716
4565
4470
4390
5086
4795
2758
343
-462
-237
-1078
-3435
-5604
-5854
-5909
-6866
-6892
-5888
-5357
-5664
-5599
-4027
-1915
-543
152
1176
2494
3216
4253
6020
7148
6988
6041
5447
5459
4899
3470
2043
703
-1248
-3294
-4150
-4201
-4513
-5427
-6401
-6506
-5954
-5293
-4627
-4064
-3909
-3904
-3299
-2027
-635
448
1276
2095
2886
3740
5024
6235
6608
6203
5701
5409
5126
4592
3701
2554
1210
-112
-1001
-1467
-1922
-2511
-3239
-3952
-4239
-3969
-3517
-3038
-2697
-2478
-1895
-842
237
1099
1763
2035
2068
2193
2463
2706
2668
2302
1762
1432
1329
1302
1324
1023
461
-90
-644
-986
-1426
-2129
-2597
-2998
-3176
-3093
-2764
-1052
1024
2006
2757
3460
4206
4934
4618
4168
4751
4724
3035
922
25
-55
-896
-3095
-5135
-5233
-5124
-6239
-6671
-5797
-4978
-4866
-4742
-3453
-1388
70
555
1395
2745
3436
3998
5040
5779
5616
4817
4265
4144
3500
2172
1032
229
-1061
-2548
-3314
-3485
-3731
-4519
-5325
-5419
-5084
-4748
-4445
-4143
-3797
-3339
-2499
-1373
-296
641
1504
2291
2627
3090
4225
5152
5368
5179
5116
5418
5531
5021
4046
2992
1676
198
-900
-1827
-2954
-4050
-4866
-5232
-5169
-4851
-4268
-3443
-2747
-2294
-1491
-218
828
1246
1310
1385
1600
1855
2123
2397
2733
2860
2815
2839
2839
2805
2337
1514
636
-335
-1080
-1477
-1922
-2481
-2717
-2877
-2772
-2298
-1957
-1634
-312
1503
2577
3426
3838
3983
4578
4382
3654
4448
4838
3396
1407
-33
-287
-278
-1692
-4006
-4608
-4373
-5437
-5890
-5055
-4391
-4297
-4903
-4745
-3109
-1607
-1003
-255
1027
1884
2641
3950
5174
5840
5470
4537
4255
3935
2916
1865
944
-406
-1951
-2965
-3440
-3717
-4158
-4908
-5284
-5132
-4967
-4593
-3997
-3601
-3382
-2878
-1921
-742
233
1116
2022
2834
3595
4440
5311
5836
5798
5449
5053
4593
3986
3087
1906
472
-879
-1983
-2980
-3693
-4139
-4550
-4848
-4821
-4413
-3712
-2981
-2534
-2124
-1411
-735
-224
337
970
1446
1757
2196
3051
4023
4507
4498
4354
4122
3678
2995
2053
1202
187
-861
-1658
-2080
-2195
-2413
-2625
-2615
-2541
-2146
-1648
-1240
-570
858
2534
3606
4220
4292
4362
4529
3857
3736
4687
4543
3257
1607
814
1019
483
-1357
-3000
-3515
-4721
-6544
-7029
-6558
-6251
-6754
-7176
-5864
-3704
-1997
-507
1191
2690
3511
4275
5252
6050
6096
5202
4355
3626
2594
1850
1409
513
-944
-2365
-3203
-3566
-4052
-4804
-5356
-5512
-5714
-5799
-5233
-4323
-3459
-2806
-2231
-1280
-66
1148
2035
2517
3049
3709
4332
4750
4943
5041
4847
4222
3296
2515
1764
617
-681
-1800
-2760
-3545
-4067
-4248
-4195
-4157
-4146
-3793
-3146
-2589
-2029
-1391
-760
-183
524
1461
2456
3136
3478
3927
4424
4749
4948
4863
4374
3606
2626
1637
913
90
-909
-1598
-2109
-2483
-2473
-2123
-1661
-1424
-1267
-894
-386
231
314
155
230
1161
2906
3970
4536
4814
4979
5528
5256
5043
5979
5827
3877
1117
-742
-1194
-2068
-4272
-6469
-6991
-7381
-8550
-8402
-6946
-5429
-4841
-4859
-3644
-1477
178
1075
1919
2817
3174
3483
4191
5028
5434
4939
4118
3357
2588
2110
1626
479
-1154
-2687
-3846
-4586
-5055
-5492
-5976
-6389
-6498
-5982
-4843
-3846
-3298
-2755
-2207
-1536
-669
500
1703
2410
2756
3170
3950
4764
5239
5277
4909
4208
3356
2646
1960
917
-387
-1586
-2507
-3213
-3596
-3622
-3524
-3586
-3760
-3605
-2984
-2285
-1776
-1347
-718
170
1083
2098
3292
4237
4674
4880
4971
4936
4746
4144
3172
2369
1655
926
526
342
66
-54
-118
-248
-186
-219
-455
-669
-899
-1187
-1155
-747
-414
-276
-3
1019
3166
4887
5553
5748
5631
5287
4234
3095
3225
3194
1529
-822
-2246
-2124
-2135
-3373
-4784
-5070
-5329
-6632
-7158
-6261
-5203
-4983
-5413
-4941
-3371
-1923
-849
434
1847
2650
2950
3402
4193
4903
4852
4059
3204
2454
1774
1004
-56
-1173
-2320
-3666
-4861
-5262
-5035
-4972
-5275
-5672
-5551
-4705
-4143
-3820
-3200
-2570
-2018
-1518
-632
767
2136
3004
3523
4240
4857
5135
5175
4917
4366
3327
1991
966
205
-534
-1230
-1779
-2173
-2380
-2406
-2321
-2099
-1994
-2110
-2169
-1960
-1527
-1006
-460
102
866
1700
2389
3149
3844
4267
4414
4300
4166
4158
4086
3628
3026
2533
2028
1696
1320
874
674
319
-67
-211
-483
-659
-774
-1187
-1291
-1098
-979
-571
16
258
694
1087
1852
3570
4610
4597
4109
3346
2860
2129
1233
1462
1899
879
-1056
-2089
-1956
-2126
-3596
-5374
-5925
-6190
-7151
-7208
-6088
-4892
-4444
-4266
-3078
-1268
-143
117
497
1157
1492
1654
1986
2526
3015
2843
2353
2182
2090
1618
548
-802
-1906
-2648
-3285
-3884
-4144
-4150
-4256
-4221
-3862
-3201
-2590
-2566
-2725
-2639
-2193
-1344
-340
571
1257
1752
2168
2589
3019
3118
2768
2360
2158
2271
2460
2492
2404
2178
1791
1292
885
590
100
-726
-1549
-1981
-2053
-1929
-1758
-1567
-1168
-551
32
570
1215
1836
2316
2622
2896
3330
3764
3939
3844
3751
3561
3179
2894
2736
2396
1964
1767
1567
1305
846
88
-591
-1102
-1716
-1932
-1696
-1486
-1039
-355
-6
297
706
706
455
294
819
1732
2318
2269
1913
1771
1434
579
856
1908
1781
456
-610
-1105
-1830
-3093
-4449
-4958
-5279
-6304
-6605
-5457
-4448
-4489
-4727
-4132
-3247
-2823
-2570
-1855
-857
-212
338
1320
2624
3490
3483
3162
2949
2538
1807
1002
318
-353
-1030
-1668
-1946
-1740
-1984
-2610
-2986
-3296
-3568
-3740
-3766
-3351
-3005
-2853
-2358
-1516
-750
-311
41
478
1085
1688
2336
3228
4017
4448
4646
4780
4851
4528
3801
2952
2249
1717
1133
634
437
318
-143
-722
-1082
-1311
-1612
-1968
-1983
-1591
-1096
-647
-2
926
1706
2153
2566
3080
3476
3620
3711
3858
4029
3945
3516
3066
2695
2029
1289
628
43
-317
-657
-725
-721
-807
-911
-1150
-1334
-1422
-1878
-2147
-2114
-2210
-2174
-1849
-1231
-539
-79
280
1277
2545
2945
2541
1848
1281
748
-29
-44
919
1261
418
-609
-1014
-1357
-2407
-3848
-4723
-5177
-6052
-6492
-5646
-4461
-3943
-3946
-3524
-2526
-1805
-1437
-747
208
591
698
1314
2208
2726
2440
1872
1664
1424
901
683
778
579
-46
-721
-896
-691
-1102
-2048
-2765
-3052
-3302
-3405
-2976
-2182
-1438
-1126
-766
-112
439
659
544
547
833
1291
2024
2933
3811
4306
4403
4336
4191
3986
3487
2755
2146
1710
1378
1197
1079
929
612
163
-207
-452
-621
-822
-986
-986
-819
-569
-211
174
462
628
803
1014
1260
1636
1968
2155
2225
2199
2089
2016
1939
1769
1479
1098
865
699
435
32
-443
-726
-1036
-1496
-1731
-1773
-1727
-1684
-1737
-1637
-1413
-1291
-1364
-1475
-1550
-1530
-1195
-469
199
482
395
228
86
-139
-160
465
1016
721
87
-144
-130
-554
-1376
-1834
-1866
-2222
-2777
-2639
-2073
-2111
-2725
-3099
-2935
-2773
-2921
-2754
-2020
-1330
-989
-562
202
744
685
359
310
410
537
773
1159
1549
1707
1638
1660
1657
1350
813
243
-287
-769
-1096
-1174
-1000
-830
-822
-762
-592
-555
-713
-867
-841
-637
-350
50
741
1537
2144
2570
2971
3316
3403
3274
3166
3148
3157
3042
2779
2510
2201
1704
1112
515
-8
-459
-826
-1045
-1028
-931
-871
-804
-677
-593
-635
-629
-558
-477
-447
-309
72
415
608
733
1022
1351
1386
1385
1551
1442
1107
780
620
609
415
76
-197
-435
-743
-1035
-1275
-1561
-1933
-2316
-2559
-2480
-2263
-2005
-1815
-1625
-1432
-1190
-857
-446
21
271
408
523
615
753
965
1167
1395
1328
957
560
296
-99
-732
-1232
-1520
-1666
-1805
-1894
-1686
-1596
-1809
-1991
-1942
-1677
-1651
-1745
-1643
-1365
-1117
-863
-466
-209
-169
-190
2
444
791
996
1357
1687
1842
1874
1904
1910
1655
1088
520
197
60
-151
-362
-464
-483
-427
-354
-277
-163
30
140
173
270
453
638
742
856
1036
1225
1448
1599
1755
1921
2091
2187
2182
1997
1602
1282
798
496
221
-65
-146
-101
-271
-222
-46
-208
-547
-909
-1208
-1417
-1732
-1827
-1418
-1139
-1169
-685
-155
-221
-278
41
311
193
428
928
1327
1099
1127
1420
1233
730
453
487
-12
-320
-393
-200
-421
-567
-500
-572
-849
-862
-946
-1264
-1419
-1457
-1373
-1389
-1237
-1002
-784
-649
-415
-245
-227
-138
-69
-45
175
409
634
796
817
674
488
163
-167
-243
-221
-352
-325
-187
-114
-110
-207
-304
-350
-496
-785
-923
-806
-764
-821
-754
-472
-197
-156
-107
199
533
646
668
686
739
756
628
586
622
562
497
510
555
687
784
791
782
718
531
371
276
194
56
-170
-173
-233
-287
-414
-329
-4
85
-5
83
219
-1
-239
-263
-282
-252
-177
-5
90
36
-185
239
161
-355
-537
-350
-496
-817
-681
-282
202
-103
-206
-45
279
-22
-246
-138
422
547
242
834
1001
1110
1085
1056
870
1067
719
483
186
-86
-18
-39
-162
-275
248
125
-548
-679
-253
-769
-1141
-989
-995
-1089
-993
-801
-341
-142
-262
12
83
-285
-267
227
168
-104
430
814
610
428
510
609
288
40
145
299
-2
-220
-172
-1
22
-140
-235
-138
-196
-300
-158
83
156
-79
87
177
203
83
128
290
273
146
257
558
607
615
604
451
444
445
302
244
260
184
0
-58
-112
-133
-331
-447
-467
-335
-437
-415
-310
-335
-532
-579
-499
-448
-529
-639
-430
-531
-634
-411
-142
-285
-387
-387
-438
-627
-756
-700
-487
-668
-660
-209
-76
45
-11
211
40
-56
-160
-121
59
210
433
334
629
833
671
245
461
-31
23
-25
-359
14
-256
-726
-107
-154
-575
-139
-289
-324
-107
-420
-6
227
-447
-326
-97
191
9
290
558
837
622
834
841
1097
924
514
594
743
674
328
587
669
590
261
867
651
657
563
579
640
482
177
209
112
-318
27
-67
-55
71
691
369
91
595
359
-16
-401
-27
350
34
-194
440
273
50
-105
100
309
-160
-229
22
-10
31
260
-55
-136
54
-638
-446
-91
-368
-234
-231
-219
-122
-353
-240
-35
-370
-374
-595
-465
-88
-607
-405
-117
-539
-547
-455
-419
-238
-527
-961
-581
-688
-741
-794
-375
-280
-396
-459
-237
-95
-342
-484
-612
-744
-806
-517
-667
-427
-438
-656
-814
-726
-904
-829
-629
-571
-797
-477
-370
-365
-387
-744
-236
-234
-457
-294
448
428
241
260
830
855
546
608
653
549
405
535
753
630
580
935
1022
478
673
1178
854
540
601
962
355
252
501
739
178
136
804
793
-12
403
1051
571
-77
533
764
579
366
522
927
782
186
254
926
643
133
490
932
583
77
31
420
508
-344
-165
618
189
-183
-19
201
252
214
-216
515
382
341
190
259
542
593
7
-43
611
406
-139
14
586
124
-412
-272
126
-104
-508
-530
127
-554
-1013
-889
-921
-994
-1413
-1429
-1010
-1083
-1419
-1155
-824
-727
-1105
-1082
-1032
-955
-1232
-1235
-950
-671
-695
-782
-352
-559
-436
-456
-771
-536
-191
-521
-741
-251
-320
-484
-525
-298
-381
-37
-257
-618
-218
127
-326
-723
106
215
-93
-302
-147
590
79
-694
191
734
-4
-25
680
1188
729
560
759
1131
947
178
323
764
643
164
4
310
981
268
-575
261
900
-218
-235
427
680
300
-52
225
712
559
-108
315
509
467
229
631
569
1187
591
387
1211
1169
845
952
569
1106
1044
-68
179
768
412
-228
266
704
551
562
339
415
579
93
-339
450
103
-400
384
464
103
630
695
250
120
334
166
-56
-158
-6
146
-220
-853
138
-286
-1023
-578
-302
-835
-543
-391
-380
-552
-559
-373
-825
-711
-671
-507
-798
-319
-323
-342
-441
-441
-693
-225
-767
-990
-429
-577
-785
-811
-732
-34
-783
-1037
-675
-816
-757
-1393
-1016
-505
-816
-983
-345
-466
-416
-388
-175
-181
176
-157
350
339
-107
535
387
-147
26
5
13
-69
-597
42
638
-26
-591
417
440
-311
-651
-52
96
-548
-630
-101
337
523
-18
645
1007
628
460
516
663
564
228
283
706
495
904
420
617
759
752
480
388
801
239
423
238
269
364
373
185
165
261
571
230
158
584
630
779
531
519
914
1164
547
126
791
1012
175
92
691
340
197
-37
143
343
117
29
357
-174
-217
273
-284
-91
-80
462
-69
-223
563
330
-289
-30
117
349
-474
-135
213
-95
-395
-596
56
-58
-1037
-278
29
-832
-432
-374
-593
-664
-549
-830
-767
-898
-925
-711
-716
-929
-486
-439
-579
-239
-413
-628
151
-212
-897
-8
-158
-594
-240
-180
-695
-297
-57
-545
-475
-391
-398
-393
-860
-1193
22
-610
-1402
-441
269
-837
-564
-108
31
-312
-419
179
76
-62
18
564
249
124
177
802
209
54
588
788
201
318
590
248
479
113
46
256
509
56
232
186
867
102
186
442
554
424
338
511
582
844
184
765
757
479
522
952
302
812
386
404
332
335
278
431
320
121
332
427
120
-35
577
95
-55
434
466
-8
491
250
375
258
-54
561
698
-81
-45
616
507
-180
-8
407
241
-394
-466
-199
41
-575
-803
-406
315
-666
-725
-41
158
-611
-593
-305
-55
-473
-812
-420
-614
44
-698
-517
118
167
-785
-194
-231
-391
-590
-888
-577
-411
-907
-618
-312
-514
-304
-573
-263
-373
-623
-337
-531
-760
-207
-327
-701
-264
-22
-148
-421
-4
208
-135
-249
230
292
76
185
161
436
270
-212
268
365
-261
224
135
-34
197
348
165
108
73
598
252
-309
196
613
45
-199
24
498
493
-643
63
937
-96
-541
636
321
6
403
400
691
222
493
773
179
-17
863
605
-18
331
1091
821
66
415
954
570
-60
303
139
488
-70
-368
229
398
-160
-164
151
178
79
-50
178
38
423
-144
97
360
-165
-146
313
94
-371
62
151
-1
-401
-255
72
-185
-573
-276
-18
-703
-552
-514
-863
-802
-632
-916
-630
-670
-826
-134
-505
-618
-120
-278
-257
-401
-149
19
-307
-305
-51
-307
-163
101
-150
162
278
8
204
192
94
162
-27
18
50
-52
-86
46
18
284
-244
267
194
-131
112
304
-33
-31
161
253
8
-92
157
226
156
-93
142
215
155
14
4
152
193
93
-70
116
576
-131
40
169
-43
78
-72
-85
757
66
-193
637
592
-343
29
582
29
-378
232
612
-135
-158
376
489
-31
-192
125
718
-101
-363
578
185
-278
99
69
-336
78
180
-279
-272
124
219
-476
-274
293
91
-634
-426
-35
-65
-685
-547
-71
-288
-476
-359
-284
-65
-90
-414
-443
-201
-129
-217
-404
-252
190
193
-182
-270
364
316
-231
-365
263
235
-88
-79
-68
272
501
-339
-297
740
282
-523
91
361
80
-111
53
237
462
2
340
253
179
443
301
-388
169
367
-44
-255
4
801
175
-144
259
837
5
-39
182
380
-68
-154
165
112
38
205
88
190
230
91
265
190
-9
407
-18
-141
288
347
-489
10
304
37
-204
74
209
16
-102
178
33
-189
-379
73
-285
-616
36
-98
-627
-168
-21
-378
-348
-160
-232
-653
-369
-190
-354
-591
-98
-223
-412
-269
-98
-194
-546
-236
-93
-725
-647
-232
-342
-428
-413
-214
-27
-322
-444
-357
-248
-195
-480
-164
-55
24
-17
-98
33
362
-25
26
548
0
87
693
54
-32
502
471
242
-92
105
865
213
-300
511
680
152
-351
405
697
211
-211
613
549
75
339
382
149
321
359
97
252
374
644
-76
330
1061
662
309
475
1018
605
-156
490
675
299
156
175
585
451
-68
59
517
24
177
-90
166
374
-117
-176
389
186
170
-141
25
453
-311
-86
29
-281
-336
-21
-578
-395
37
-216
-602
-452
-285
-230
-730
-1000
-117
-504
-868
-589
-292
-556
-540
-625
-469
-469
-816
-486
-485
-908
-645
-360
-676
-782
-637
-484
-480
-834
-661
-534
-618
-324
-715
-511
-134
-469
-424
-250
-449
-131
34
-424
-207
55
74
-145
73
-42
478
434
-235
226
651
264
-148
163
651
408
-249
507
703
284
-78
502
621
179
0
780
701
100
452
659
542
504
421
568
728
653
640
600
760
1044
791
404
692
1122
536
5
618
938
380
108
794
1028
428
155
851
793
225
-78
573
916
71
-133
519
817
82
-365
281
777
-446
-346
154
378
-144
-163
-52
109
-294
-532
22
-377
-756
-74
-371
-961
-315
-443
-620
-642
-675
-443
-437
-801
-652
-334
-560
-949
-406
-608
-767
-493
-855
-781
-165
-744
-1132
-285
-314
-841
-906
-498
-197
-831
-1109
-475
45
-978
-1027
-70
-247
-901
-490
-218
-198
-428
-500
185
-38
-484
-274
426
-192
-549
1
548
-127
-359
-21
598
139
-461
98
510
-65
-438
227
401
-138
-27
466
300
114
172
605
453
338
329
761
520
614
507
778
541
824
897
488
521
1208
942
250
763
1219
1052
67
622
1073
895
106
376
1159
841
-70
414
1093
706
73
286
1030
500
140
189
818
448
138
138
377
415
277
-52
117
386
169
-125
-87
103
-46
-169
-318
-199
21
-265
-658
-174
-216
-529
-703
-643
-194
-412
-947
-892
-191
-453
-1071
-757
-276
-272
-868
-799
-456
-231
-871
-1034
-426
-394
-736
-846
-506
-369
-524
-1096
-616
-280
-732
-1011
-557
-91
-446
-587
-499
-114
-273
-446
-517
-143
-24
-283
-613
-250
162
77
-418
-198
228
189
-204
-297
48
371
30
-278
66
651
229
-114
40
525
453
-65
-98
565
602
165
-65
581
877
268
-107
240
963
435
-50
88
941
730
-65
-48
1017
794
47
201
631
1017
508
33
508
1009
328
48
247
729
546
118
125
546
772
467
6
234
628
257
-41
55
387
557
-40
-195
335
572
137
-285
-29
413
267
-448
-344
326
272
-448
-557
214
230
-390
-365
-148
52
4
-530
-370
15
-137
-514
-384
-323
-119
-204
-726
-468
-48
-142
-503
-659
-160
84
-496
-712
-97
11
-393
-604
-432
-55
-192
-448
-513
-316
-100
-314
-564
-498
-104
-51
-416
-775
-84
78
-482
-730
-205
154
33
-549
-222
497
258
-302
-338
432
414
69
-213
359
416
300
65
-32
208
301
147
-64
6
321
338
-74
-3
81
331
-50
-208
24
264
135
58
165
271
367
267
320
133
295
415
396
267
438
448
458
213
150
304
237
135
-42
25
48
225
-201
-187
78
145
-328
-203
73
71
-199
-306
88
175
-176
-334
227
87
-184
-175
182
73
52
-46
182
202
-195
-130
59
15
-199
-94
-89
-106
-21
-31
-198
-111
-88
-239
-313
-245
-68
-172
-353
-346
-69
-114
-232
-159
16
-13
-70
-110
85
22
-108
-3
-21
-30
71
24
4
121
-6
32
171
-14
7
227
-64
-57
249
219
-78
257
241
55
164
199
247
294
31
164
365
176
164
393
260
191
259
228
70
192
259
40
-39
42
99
40
-49
-17
165
-10
-81
-47
-24
-83
24
-56
-248
-158
13
-44
-73
-154
-58
18
-99
-345
51
105
-244
-305
-33
-136
-202
-321
-172
-34
-343
-328
-133
-172
-257
-288
-285
-138
-300
-321
-205
-238
-265
-241
-245
-128
-53
-203
-294
-87
-42
-82
-193
-115
57
-61
-295
-81
192
25
-227
-98
49
-37
-130
-184
-104
-26
-269
-329
-116
-138
-94
-118
-243
85
178
-166
-84
219
141
23
5
307
317
129
167
462
518
264
159
440
435
349
348
371
510
547
379
108
428
603
317
28
333
532
404
140
241
538
451
170
255
502
363
333
388
341
529
519
269
254
345
323
254
145
181
240
122
71
62
28
-84
-169
-157
-150
-175
-103
-296
-295
-273
-333
-399
-198
-205
-309
-359
-377
-220
-301
-473
-307
-173
-354
-377
-356
-286
-292
-361
-455
-356
-306
-400
-386
-424
-341
-309
-520
-635
-460
-347
-537
-609
-455
-237
-402
-547
-426
-257
-250
-352
-380
-167
-37
-247
-341
-186
-32
-123
-324
-298
120
43
-294
-215
63
36
-142
-140
-17
54
-60
-66
53
91
93
108
100
166
167
214
328
258
218
393
487
322
311
454
429
373
430
497
553
484
454
552
530
457
478
438
437
420
380
382
432
460
469
359
416
573
450
378
382
432
451
341
297
503
447
325
291
310
313
253
216
226
213
137
66
1
41
44
-25
-24
-59
-117
-112
-191
-191
-120
-175
-275
-272
-235
-165
-238
-377
-175
-136
-246
-379
-307
-190
-269
-445
-401
-284
-263
-480
-583
-426
-414
-510
-639
-573
-495
-556
-691
-565
-475
-542
-618
-506
-493
-496
-557
-559
-415
-396
-418
-413
-290
-274
-293
-359
-284
-194
-252
-278
-176
-123
-139
-133
-133
-21
-3
-129
-109
32
60
37
52
158
193
102
102
233
250
284
305
362
457
485
444
345
360
415
439
401
497
494
528
510
388
482
524
430
381
369
433
498
390
285
390
361
222
239
365
346
242
274
308
267
252
271
266
287
202
215
302
220
114
186
192
97
58
150
85
26
-11
24
54
3
-66
-108
-44
-32
-97
-190
-151
-50
-116
-193
-114
-68
-95
-237
-196
-154
-127
-163
-216
-131
-118
-224
-245
-175
-158
-306
-319
-263
-297
-304
-341
-299
-250
-316
-403
-322
-287
-372
-425
-432
-366
-352
-405
-358
-318
-326
-324
-296
-290
-239
-193
-153
-181
-160
-145
-124
-134
-150
-93
-46
-31
-54
-78
-75
-59
-37
-11
-48
5
57
34
-33
31
111
84
59
158
216
155
56
120
169
141
92
135
235
259
256
274
321
297
293
274
274
307
264
242
293
291
288
286
294
294
262
169
187
221
229
184
200
247
205
116
128
158
169
161
105
123
238
168
78
104
122
51
-18
0
-25
-22
-96
-67
-58
-115
-155
-112
-130
-139
-17
-39
-62
-82
-152
-139
-178
-181
-213
-155
-164
-185
-153
-136
-161
-181
-198
-219
-186
-190
-166
-143
-146
-170
-140
-178
-173
-161
-138
-105
-160
-92
-31
-111
-140
-37
-35
-61
-64
-44
40
48
-41
-11
11
8
-4
40
96
60
99
129
67
64
94
95
86
48
62
93
72
66
60
38
64
85
40
41
115
99
106
89
65
84
86
83
54
66
73
75
50
36
49
30
34
-33
3
39
58
35
-18
1
68
-10
-37
-20
28
54
-33
-30
35
31
-73
-96
-33
-31
-59
-35
-35
-11
-9
-85
-87
-12
-1
-20
-88
-44
20
-13
-66
-85
-49
-103
-94
-69
-30
27
-30
-58
-9
-41
-98
-64
-50
-7
-76
-130
-111
-59
-80
-153
-113
-28
-43
-80
-87
-49
23
-41
-68
-15
-1
-46
-45
-5
27
-17
9
18
24
68
113
64
0
13
40
99
96
54
94
148
155
77
75
153
128
84
114
175
154
122
88
73
47
66
127
196
230
198
180
175
138
89
71
102
102
66
50
133
127
88
70
43
26
38
8
9
39
33
-33
-10
61
71
61
-22
-17
-11
-100
-138
-95
-58
-95
-146
-162
-93
-90
-126
-109
-104
-135
-166
-227
-167
-115
-142
-104
-94
-155
-168
-190
-187
-201
-202
-199
-166
-155
-158
-148
-144
-209
-224
-193
-137
-154
-186
-123
-83
-94
-113
-82
-17
24
-37
-107
-71
-5
-33
-72
-70
-52
-78
-166
-129
-50
-21
-21
29
65
76
101
87
123
112
83
96
84
94
99
77
70
52
69
114
149
183
226
215
213
196
183
225
177
142
267
253
190
225
239
218
260
233
204
243
230
209
219
191
260
272
240
205
216
212
134
101
116
93
98
101
85
102
109
72
35
-9
-19
-46
-74
-44
-47
-65
-146
-158
-100
-106
-103
-60
-71
-80
-109
-165
-131
-81
-174
-180
-116
-128
-128
-191
-204
-181
-234
-288
-251
-199
-233
-255
-211
-172
-219
-273
-269
-202
-180
-201
-206
-138
-146
-200
-246
-254
-201
-212
-260
-249
-185
-122
-154
-179
-132
-131
-132
-164
-123
-57
-32
-55
-67
-74
-32
-59
-74
-23
-27
-42
4
41
31
56
59
52
81
96
114
145
143
139
146
192
213
217
286
298
241
237
245
243
252
280
251
210
250
249
244
268
286
271
291
298
264
280
293
247
189
191
204
196
178
211
180
136
139
147
152
133
160
144
115
97
90
100
98
70
94
107
63
3
-24
-35
-68
-93
-96
-122
-178
-199
-181
-151
-156
-170
-148
-143
-151
-151
-147
-146
-175
-208
-245
-272
-242
-208
-185
-178
-226
-241
-223
-197
-227
-244
-232
-219
-238
-214
-189
-178
-204
-220
-240
-203
-209
-185
-192
-166
-142
-153
-159
-174
-184
-172
-155
-183
-140
-90
-82
-88
-47
-14
-13
-51
4
9
-19
-17
-9
11
-5
-2
15
2
-13
28
40
30
35
50
91
100
69
113
195
235
226
244
279
227
196
242
235
186
171
199
195
168
180
261
265
212
224
255
246
200
215
238
219
208
212
206
196
130
165
179
114
105
161
159
118
138
167
147
95
77
114
105
27
-11
14
31
14
7
36
10
-37
-73
-97
-67
-68
-65
-13
-37
-113
-119
-117
-160
-137
-130
-126
-113
-137
-109
-117
-142
-143
-129
-148
-153
-117
-97
-133
-174
-172
-147
-150
-193
-222
-216
-194
-230
-246
-216
-182
-164
-164
-158
-140
-121
-115
-105
-105
-109
-106
-104
-132
-129
-83
-90
-119
-107
-57
-40
-26
-29
-17
-17
-45
-21
-8
-3
34
36
28
30
36
74
78
64
49
51
14
16
61
81
99
130
133
122
112
114
98
98
82
77
84
104
93
64
99
121
92
86
82
108
103
54
74
124
99
79
90
91
120
126
111
109
97
75
58
83
95
80
38
26
16
49
57
18
20
35
39
29
50
90
119
94
53
23
-7
-27
-64
-77
-26
-13
-41
-42
-14
7
19
-7
-21
-35
-43
-40
-19
-13
-20
-24
-44
-30
-36
-23
-14
-18
7
-9
-57
-89
-54
-45
-85
-83
-43
-31
-43
-55
-40
-45
-75
-96
-111
-108
-76
-58
-64
-24
-12
-47
-45
-22
-1
-14
-9
-8
-17
-17
-19
-21
-19
5
9
0
-11
26
39
6
11
23
-7
-53
-57
-33
-23
-54
-68
-33
-28
-75
-100
-45
21
28
20
42
67
51
42
45
68
58
24
10
17
0
7
2
16
29
50
47
15
43
52
11
-54
-57
-56
-82
-98
-85
-49
-56
-88
-54
-41
-43
-47
-51
-20
-23
-43
-9
28
12
11
28
2
-26
-34
-26
-14
12
27
10
27
51
22
31
49
53
50
33
44
39
55
36
-3
-5
19
30
34
87
131
109
72
43
67
65
73
77
64
78
65
42
38
43
41
8
-41
-12
33
9
-17
11
24
-11
-14
-2
13
33
51
42
36
47
29
12
16
14
10
-15
-17
12
16
-21
-15
8
28
11
26
42
63
44
6
18
8
-2
-32
-47
-37
-21
-38
-42
-38
-21
-2
-23
-44
-32
-45
-63
-67
-65
-65
-78
-73
-81
-84
-53
-62
-77
-63
-66
-63
-48
-47
-48
-54
-32
-50
-54
-54
-50
-80
-88
-76
-73
-77
-79
-59
-47
-45
-42
-30
-3
-6
-2
0
-34
-52
-56
-54
-45
-21
-3
-3
-22
-11
0
-10
-9
-10
-2
6
-14
-13
-17
-25
-10
-5
10
11
22
34
48
75
56
32
57
57
35
45
92
113
91
80
119
120
102
113
133
145
157
142
128
130
97
81
94
72
87
144
154
150
148
138
113
85
65
75
101
90
62
61
61
73
50
44
76
85
48
32
26
32
26
17
1
-6
2
-23
-60
-41
-7
-25
-61
-74
-46
-81
-126
-106
-81
-81
-107
-93
-66
-53
-93
-129
-104
-93
-111
-89
-104
-121
-132
-130
-131
-145
-144
-150
-135
-133
-129
-112
-108
-143
-140
-167
-165
-143
-136
-132
-136
-144
-146
-124
-117
-112
-110
-103
-60
-70
-47
-18
-32
-41
-46
-35
-36
5
40
35
35
37
13
4
6
4
7
14
12
35
51
60
53
49
60
67
105
113
111
115
89
53
58
68
67
111
125
125
121
115
133
145
150
132
136
115
110
113
120
125
141
143
136
123
102
115
139
131
110
132
123
117
101
115
118
116
103
103
128
145
119
105
89
46
42
55
43
24
24
37
42
-3
-16
-2
-19
-61
-48
-40
-57
-68
-92
-67
-52
-77
-95
-103
-85
-76
-74
-70
-91
-106
-122
-111
-121
-154
-139
-146
-165
-162
-130
-110
-122
-128
-123
-93
-113
-125
-123
-120
-156
-175
-165
-156
-153
-163
-143
-151
-155
-128
-111
-111
-109
-86
-71
-71
-73
-65
-74
-71
-61
-51
-22
-42
-48
-38
-58
-79
-86
-37
-22
-8
0
7
14
14
32
44
64
75
76
88
109
110
107
129
139
104
126
140
107
116
130
127
135
135
123
125
125
137
123
125
108
110
108
121
130
131
114
98
117
108
105
126
134
123
119
114
119
120
114
113
122
112
97
125
128
99
114
104
89
93
83
64
33
14
18
1
-18
-23
-26
-51
-53
-55
-60
-54
-60
-61
-41
-35
-40
-44
-49
-60
-73
-53
-81
-108
-117
-149
-151
-164
-164
-148
-135
-127
-131
-153
-172
-197
-192
-174
-168
-151
-127
-110
-125
-151
-135
-143
-159
-135
-116
-108
-93
-76
-77
-77
-76
-62
-74
-48
-35
-16
13
12
5
-6
-25
-57
-48
-33
-33
-15
-3
12
37
43
34
18
25
12
-10
11
14
22
32
30
38
53
69
75
92
98
98
93
90
77
71
86
81
88
77
93
100
94
84
92
113
119
111
112
127
131
116
112
91
77
70
75
74
85
115
110
82
64
57
79
49
29
56
73
77
87
81
73
64
43
26
10
-8
-35
-51
-75
-58
-31
-17
-23
-15
-6
-9
-44
-42
-40
-59
-81
-94
-92
-91
-81
-86
-60
-37
-48
-48
-44
-55
-74
-81
-70
-85
-98
-86
-69
-76
-65
-48
-54
-55
-53
-58
-71
-81
-80
-51
-39
-33
-27
-58
-72
-57
-67
-67
-55
-58
-52
-13
0
-21
-10
-11
-33
-23
-17
-26
-24
-43
-36
-29
-44
-55
-26
-2
-18
-20
-4
13
-5
-27
11
39
47
48
68
72
65
50
66
73
66
80
90
80
91
103
105
99
64
77
77
57
50
57
54
68
85
104
85
74
77
64
67
34
37
