-4.612666
-4.612666
-5.260512
-5.260512
-5.260512
-3.964819
-3.964819
-5.260512
-7.204051
-9.147590
-9.795436
-7.851897
-5.260512
-3.316973
-2.669127
-4.612666
-5.260512
-5.908358
-5.908358
-5.260512
-4.612666
-4.612666
-5.260512
-3.964819
-2.669127
-2.021280
-2.021280
-1.373434
-1.373434
-2.669127
-2.021280
-0.077742
-3.316973
-3.964819
-0.725588
1.217951
-0.725588
-0.725588
-0.077742
-2.021280
-2.669127
-2.021280
0.570105
1.865797
2.513644
1.865797
1.217951
0.570105
1.865797
3.161490
4.457183
3.161490
2.513644
3.161490
2.513644
3.809336
1.865797
1.217951
1.865797
-0.077742
-0.725588
-1.373434
-0.077742
-0.725588
-0.077742
2.513644
2.513644
1.865797
2.513644
3.161490
5.105029
3.809336
0.570105
1.865797
3.809336
3.161490
3.809336
5.105029
1.865797
0.570105
2.513644
5.105029
5.752875
4.457183
4.457183
2.513644
2.513644
3.809336
5.105029
7.696414
5.105029
4.457183
4.457183
5.105029
7.048568
4.457183
1.865797
1.865797
1.865797
0.570105
-0.725588
-3.316973
-3.964819
-2.669127
-0.725588
-0.077742
-0.077742
-0.725588
-3.316973
-4.612666
-5.908358
-5.908358
-4.612666
-2.021280
-3.964819
-4.612666
-4.612666
-7.204051
-7.204051
-5.908358
-2.669127
-1.373434
-2.021280
-4.612666
-5.260512
-3.316973
-3.316973
-4.612666
-3.964819
-3.316973
-3.964819
-2.669127
-2.021280
-2.021280
-2.021280
-5.260512
-5.260512
-5.260512
-5.908358
-7.204051
-5.908358
-5.260512
-3.964819
-4.612666
-3.316973
-3.964819
-3.316973
-3.316973
-3.964819
-2.669127
-3.964819
-5.260512
-6.556205
-4.612666
-5.260512
-3.964819
-2.669127
-6.556205
-5.908358
-5.260512
-4.612666
-4.612666
-5.908358
-7.851897
-9.147590
-9.147590
-5.908358
-4.612666
-6.556205
-6.556205
-5.260512
-5.260512
-5.260512
-3.316973
-3.964819
-5.908358
-7.204051
-7.851897
-7.204051
-5.908358
-5.908358
-5.908358
-7.851897
-7.204051
-3.316973
-0.725588
-0.725588
-2.021280
-3.316973
-5.908358
-3.964819
-3.964819
-4.612666
-3.964819
-4.612666
-3.316973
-2.669127
-2.669127
-3.964819
-4.612666
-3.964819
-5.260512
-5.260512
-3.316973
-1.373434
-4.612666
-3.316973
-3.316973
-0.725588
-2.021280
-2.669127
-1.373434
-2.021280
-2.669127
-2.021280
1.865797
1.865797
1.217951
-0.077742
0.570105
0.570105
-0.077742
-1.373434
-1.373434
1.217951
1.217951
1.217951
1.865797
2.513644
0.570105
3.161490
3.809336
1.865797
1.865797
3.161490
1.865797
3.161490
1.865797
1.217951
1.865797
1.865797
3.161490
-1.373434
1.217951
3.161490
3.809336
2.513644
3.161490
1.865797
1.865797
2.513644
3.809336
3.809336
3.809336
5.105029
5.752875
5.105029
4.457183
2.513644
1.865797
-1.373434
-1.373434
-0.077742
-0.725588
0.570105
2.513644
2.513644
2.513644
3.809336
1.865797
0.570105
0.570105
-0.077742
-0.077742
-3.316973
-2.669127
-3.316973
-3.964819
-2.669127
-2.669127
-2.669127
-4.612666
-3.964819
-3.964819
-2.021280
-0.077742
-2.669127
-5.260512
-5.260512
-2.021280
-2.669127
-3.964819
-5.260512
-2.669127
-3.964819
-3.316973
-2.021280
-0.725588
-1.373434
-2.669127
-3.964819
-2.669127
-3.316973
-5.908358
-4.612666
-3.316973
-3.316973
-2.669127
-3.964819
-4.612666
-3.316973
-2.021280
-2.669127
-0.725588
-2.669127
-3.964819
-3.964819
-4.612666
-2.669127
-2.021280
-4.612666
-5.908358
-7.204051
-6.556205
-5.908358
-5.908358
-5.260512
-5.260512
-5.908358
-5.908358
-4.612666
-2.021280
-4.612666
-5.908358
-5.908358
-5.260512
-3.316973
-3.964819
-5.260512
-3.964819
-4.612666
-5.260512
-5.260512
-3.964819
-5.908358
-6.556205
-6.556205
-2.669127
-2.669127
-2.669127
-1.373434
-2.021280
-4.612666
-5.260512
-2.669127
-2.669127
-4.612666
-4.612666
-5.260512
-5.908358
-5.908358
-5.260512
-6.556205
-3.964819
0.570105
0.570105
0.570105
-0.077742
-1.373434
-2.669127
-2.669127
-3.316973
-3.964819
-3.316973
-3.964819
-5.908358
-2.669127
-3.316973
-3.964819
-4.612666
-4.612666
-5.260512
-6.556205
-2.021280
-2.669127
-5.908358
-5.260512
-2.669127
-3.316973
-3.964819
-2.669127
-3.316973
-2.669127
-2.669127
-1.373434
-2.021280
-2.021280
-2.669127
-2.669127
-1.373434
-0.725588
-0.077742
1.217951
0.570105
1.217951
4.457183
2.513644
2.513644
3.809336
2.513644
3.809336
3.161490
2.513644
3.809336
3.809336
5.752875
5.105029
5.752875
5.752875
4.457183
3.809336
2.513644
2.513644
3.161490
4.457183
3.161490
2.513644
3.161490
3.809336
2.513644
1.865797
1.217951
-0.077742
-0.725588
2.513644
1.217951
-0.725588
0.570105
-2.669127
-4.612666
-3.316973
-0.725588
1.865797
0.570105
-1.373434
-1.373434
-3.964819
-4.612666
-0.077742
-2.021280
-1.373434
0.570105
-2.021280
-3.316973
-1.373434
-3.964819
-3.316973
-1.373434
-2.669127
-3.964819
-3.964819
-3.964819
-5.260512
-5.908358
-5.260512
-5.908358
-4.612666
-5.908358
-2.669127
-2.021280
-3.316973
-4.612666
-6.556205
-6.556205
-4.612666
-3.316973
-2.669127
-5.260512
-5.908358
-5.260512
-5.260512
-6.556205
-4.612666
-3.964819
-6.556205
-5.260512
-3.964819
-4.612666
-3.964819
-2.021280
-2.021280
-4.612666
-2.669127
-2.021280
-4.612666
-3.316973
-3.316973
-2.669127
-1.373434
-2.669127
-2.021280
-1.373434
-1.373434
-2.669127
-3.316973
-3.964819
-4.612666
-3.964819
-3.316973
-2.021280
-0.725588
-1.373434
-2.669127
-1.373434
-1.373434
-0.077742
-2.669127
-3.316973
-2.669127
-3.316973
-2.021280
-2.669127
-2.669127
-3.316973
-3.316973
-2.669127
-0.077742
-0.725588
-0.725588
-2.669127
-2.669127
-0.725588
-2.021280
-2.669127
-4.612666
-3.316973
-3.316973
-2.669127
-2.021280
-3.316973
-3.964819
-2.669127
-2.669127
-3.964819
-3.316973
-3.964819
-5.260512
-5.260512
-3.964819
-3.964819
-4.612666
-4.612666
-5.260512
-3.964819
-3.316973
-3.964819
-3.316973
-3.964819
-4.612666
-3.316973
-2.669127
-3.316973
-4.612666
-4.612666
-3.964819
-5.260512
-3.964819
-1.373434
0.570105
-0.077742
0.570105
0.570105
1.217951
1.865797
2.513644
3.809336
1.865797
-0.725588
-0.077742
-0.725588
-0.725588
-1.373434
-0.725588
-0.077742
-0.725588
-0.077742
-2.021280
-2.669127
-1.373434
-1.373434
1.217951
1.865797
1.217951
1.217951
-0.077742
-0.077742
3.161490
1.217951
-0.077742
-0.077742
-2.669127
-0.077742
-0.077742
1.865797
5.105029
6.400721
3.809336
3.161490
1.865797
1.217951
0.570105
-0.725588
0.570105
1.865797
2.513644
1.865797
1.217951
2.513644
1.865797
0.570105
2.513644
1.217951
0.570105
-0.725588
-1.373434
0.570105
0.570105
0.570105
0.570105
-2.669127
-1.373434
-3.316973
-3.964819
-3.964819
-1.373434
-0.077742
-2.669127
-2.021280
-1.373434
-0.725588
0.570105
0.570105
-0.077742
-2.021280
-2.669127
-2.669127
-2.669127
-1.373434
-1.373434
-1.373434
-2.021280
-3.964819
-3.964819
-3.316973
-3.964819
-3.964819
-5.908358
-5.908358
-3.316973
-3.316973
-2.021280
-2.021280
-2.021280
-4.612666
-7.851897
-8.499743
-7.851897
-7.851897
-6.556205
-7.204051
-4.612666
-3.964819
-4.612666
-5.260512
-5.260512
-6.556205
-5.908358
-7.204051
-7.851897
-7.851897
-6.556205
-7.851897
-8.499743
-7.204051
-8.499743
-6.556205
-4.612666
-5.908358
-7.851897
-8.499743
-8.499743
-7.204051
-5.908358
-4.612666
-4.612666
-4.612666
-5.260512
-7.204051
-6.556205
-3.964819
-3.964819
-4.612666
-6.556205
-5.260512
-3.316973
-2.021280
-0.725588
-1.373434
-2.669127
-4.612666
-5.908358
-3.316973
-2.021280
-0.077742
1.217951
-0.077742
-0.725588
-2.021280
-3.316973
-3.316973
-0.725588
-0.077742
-0.725588
-0.077742
1.865797
0.570105
1.217951
3.161490
1.865797
1.865797
0.570105
1.217951
0.570105
1.217951
0.570105
-0.725588
1.217951
1.865797
3.161490
5.105029
5.105029
4.457183
3.161490
-0.725588
-0.077742
0.570105
-0.725588
0.570105
1.865797
-0.077742
0.570105
0.570105
1.865797
1.865797
0.570105
1.865797
1.865797
1.217951
0.570105
1.217951
-0.725588
-0.725588
-0.725588
-1.373434
-0.725588
0.570105
0.570105
0.570105
0.570105
-0.077742
-2.021280
-2.021280
-0.725588
-0.725588
-1.373434
-2.021280
-2.669127
-1.373434
-1.373434
-0.077742
-2.669127
-3.964819
-3.964819
-3.316973
-2.021280
-1.373434
-3.316973
-3.316973
-2.669127
-3.316973
-3.964819
-3.964819
-5.260512
-3.316973
-2.021280
-2.021280
-2.021280
-3.316973
-4.612666
-3.964819
-3.316973
-2.669127
-0.725588
-0.725588
-0.725588
-1.373434
-2.669127
-2.021280
-0.725588
-1.373434
-2.669127
-1.373434
-0.077742
-0.725588
-1.373434
-1.373434
-2.669127
-0.725588
-0.077742
-0.077742
0.570105
-1.373434
-2.669127
-2.021280
0.570105
-0.077742
-0.077742
1.865797
1.217951
0.570105
-4.612666
-5.260512
-4.612666
-3.964819
-2.021280
-3.316973
-3.316973
-2.669127
-2.669127
-1.373434
-3.964819
-3.964819
-5.908358
-7.204051
-7.204051
-7.851897
-5.908358
-4.612666
-5.908358
-8.499743
-6.556205
-7.204051
-9.147590
-7.851897
-8.499743
-7.851897
-6.556205
-4.612666
-3.964819
-3.964819
-5.260512
-7.204051
-7.204051
-6.556205
-5.908358
-4.612666
-3.964819
-5.260512
-5.260512
-6.556205
-5.260512
-2.669127
-3.964819
-2.669127
-2.021280
1.217951
1.217951
0.570105
1.217951
0.570105
-1.373434
1.865797
0.570105
0.570105
1.865797
3.161490
1.217951
-1.373434
1.217951
-0.077742
1.865797
2.513644
1.217951
-0.077742
-1.373434
0.570105
2.513644
4.457183
6.400721
5.105029
3.161490
-0.725588
-0.725588
1.217951
1.217951
1.865797
1.217951
-1.373434
-2.669127
-2.021280
-2.669127
-0.725588
0.570105
0.570105
1.217951
1.217951
-0.725588
-2.021280
-3.316973
-0.725588
0.570105
-0.725588
0.570105
-2.021280
-0.725588
-0.077742
-0.725588
-0.077742
-0.725588
-0.725588
-1.373434
-1.373434
-1.373434
0.570105
-1.373434
-2.021280
-0.725588
-3.316973
-5.908358
-6.556205
-6.556205
-6.556205
-7.851897
-5.908358
-4.612666
-3.316973
-4.612666
-2.021280
0.570105
1.217951
3.809336
1.865797
1.217951
-2.669127
-3.964819
-3.316973
-2.021280
0.570105
1.217951
-1.373434
-2.669127
-4.612666
-5.260512
-2.021280
-1.373434
-2.669127
-3.316973
-4.612666
-1.373434
-0.077742
1.217951
-0.077742
-0.725588
-2.021280
-3.964819
-3.316973
-2.021280
-2.669127
-3.964819
-4.612666
-4.612666
-3.316973
-2.021280
-0.725588
-2.021280
-2.669127
-2.669127
-6.556205
-5.260512
-6.556205
-6.556205
-7.851897
-7.204051
-3.316973
-6.556205
-5.908358
-4.612666
-3.964819
-3.964819
-5.260512
-5.260512
-4.612666
-2.021280
-0.725588
-0.725588
-2.021280
-5.260512
-8.499743
-7.204051
-3.964819
-3.964819
-1.373434
-3.964819
-7.204051
-4.612666
0.570105
1.865797
0.570105
0.570105
-1.373434
-2.669127
-0.077742
2.513644
1.217951
-0.077742
-1.373434
-0.725588
-2.021280
-2.021280
1.217951
1.217951
-0.077742
-0.725588
-0.077742
-0.077742
-0.077742
-2.669127
-1.373434
-2.021280
-3.316973
-2.021280
-1.373434
0.570105
1.865797
-1.373434
-2.669127
-2.669127
-2.669127
-3.964819
-2.669127
-4.612666
-5.260512
-5.908358
-6.556205
-5.260512
-3.316973
-1.373434
-1.373434
-1.373434
-5.260512
-3.316973
-3.316973
0.570105
2.513644
1.865797
1.217951
1.217951
-0.725588
-3.316973
-3.316973
-5.260512
-3.964819
-2.669127
1.865797
4.457183
3.161490
-0.077742
-1.373434
-1.373434
-5.260512
-3.316973
-0.725588
-0.077742
-2.021280
0.570105
3.161490
3.161490
2.513644
1.865797
3.809336
3.809336
2.513644
1.217951
1.865797
0.570105
1.865797
-2.021280
-3.964819
-2.669127
0.570105
2.513644
1.865797
1.217951
0.570105
-2.021280
-3.316973
-3.964819
-3.964819
-2.021280
-0.725588
-3.316973
-3.316973
-2.669127
-1.373434
-0.725588
-1.373434
-2.021280
-3.964819
-3.964819
-5.908358
-5.260512
-3.316973
-4.612666
-9.147590
-8.499743
-6.556205
-6.556205
-4.612666
-7.204051
-7.851897
-7.851897
-4.612666
-2.669127
-0.077742
-2.669127
-3.964819
-7.851897
-8.499743
-5.260512
-2.669127
-2.669127
-5.908358
-3.964819
-3.964819
-2.669127
1.217951
6.400721
7.696414
4.457183
-0.077742
-5.260512
-3.316973
-2.669127
3.809336
7.696414
15.470570
18.061955
8.992107
3.809336
-13.682514
-20.808823
-25.991594
-22.752362
-19.513131
-9.147590
-13.682514
-17.569592
-20.808823
-24.048055
-16.921745
-9.147590
-7.204051
-7.204051
-13.682514
-20.160977
-20.160977
-11.738975
-0.725588
9.639953
14.822723
12.231338
10.935646
14.822723
19.357647
21.949033
16.766262
5.105029
-4.612666
-8.499743
-10.443282
-2.021280
7.048568
20.005494
31.666727
35.553805
27.779649
15.470570
-5.908358
-17.569592
-26.639440
-25.991594
-18.865284
-5.908358
5.105029
10.287799
9.639953
6.400721
8.992107
7.048568
10.287799
11.583492
4.457183
-9.147590
-20.160977
-30.526518
-24.048055
-3.964819
20.653340
36.849498
42.032268
35.553805
17.414109
5.752875
-1.373434
-3.316973
-3.964819
-4.612666
-4.612666
-4.612666
-2.021280
1.217951
5.752875
3.161490
-1.373434
-9.147590
-21.456669
-25.991594
-26.639440
-25.343747
-22.752362
-17.569592
-12.386821
-14.978206
-8.499743
-1.373434
-0.077742
8.992107
10.287799
-1.373434
-17.569592
-24.695901
-28.582979
-22.104516
-5.260512
7.048568
16.118416
12.231338
10.935646
3.161490
-0.725588
-4.612666
-8.499743
-15.626053
-24.048055
-23.400208
-27.287286
-22.104516
-14.330360
-7.851897
-4.612666
-1.373434
-2.669127
-0.077742
-2.669127
-7.851897
-13.034668
-18.865284
-25.343747
-23.400208
-20.808823
-16.273899
-1.373434
7.696414
15.470570
11.583492
6.400721
-2.021280
-8.499743
-11.091129
-9.795436
-7.204051
-2.021280
1.217951
4.457183
6.400721
17.414109
23.244725
23.892572
18.709801
8.344260
0.570105
-9.795436
-15.626053
-16.273899
-9.147590
-6.556205
3.161490
8.344260
17.414109
23.892572
23.244725
20.005494
16.766262
12.231338
4.457183
-3.316973
-9.147590
-4.612666
0.570105
5.105029
9.639953
12.879184
22.596879
29.723188
27.131803
20.005494
9.639953
-2.669127
-9.795436
-9.147590
-4.612666
3.809336
8.992107
7.696414
9.639953
14.174877
15.470570
14.822723
8.992107
-2.021280
-8.499743
-13.034668
-19.513131
-13.682514
-9.147590
-11.738975
-10.443282
-9.795436
-7.204051
-0.077742
0.570105
-6.556205
-12.386821
-18.217438
-17.569592
-18.217438
-11.738975
-2.669127
-0.725588
3.809336
1.865797
2.513644
-1.373434
-7.204051
-12.386821
-17.569592
-20.808823
-18.865284
-22.104516
-23.400208
-22.752362
-22.104516
-16.273899
-11.091129
-7.204051
-7.851897
-14.330360
-20.160977
-22.752362
-21.456669
-16.273899
-12.386821
-16.273899
-12.386821
-11.738975
-11.738975
-7.204051
-7.204051
-6.556205
-8.499743
-9.795436
-14.330360
-20.808823
-20.160977
-17.569592
-11.738975
-0.725588
17.414109
26.483957
22.596879
17.414109
6.400721
-3.316973
-7.851897
-5.908358
-1.373434
0.570105
3.809336
7.696414
13.527031
9.639953
12.231338
17.414109
18.709801
21.301186
21.301186
18.709801
12.231338
3.809336
1.865797
7.048568
20.653340
34.905959
47.215038
56.932733
60.819811
58.228425
55.637040
57.580579
54.989194
51.749962
52.397809
47.862885
46.567192
46.567192
38.793036
25.836110
17.414109
5.752875
-3.316973
-11.091129
-14.978206
-27.287286
-47.370521
-65.510218
-79.762836
-89.480531
-90.776224
-88.832685
-88.184838
-89.480531
-95.311148
-101.789611
-109.563766
-113.450844
-117.337922
-112.802998
-104.380996
-90.776224
-77.171451
-62.918833
-51.905446
-42.187751
-33.765749
-25.991594
-14.330360
-8.499743
-5.260512
1.865797
6.400721
14.174877
16.766262
25.836110
33.610266
38.145190
38.793036
40.736575
40.736575
42.680114
42.032268
35.553805
28.427496
25.188264
29.075342
29.723188
39.440883
53.045655
60.171964
55.637040
55.637040
45.919346
42.680114
45.919346
53.045655
55.637040
55.637040
53.045655
43.975807
42.680114
42.032268
48.510731
56.284887
56.932733
60.171964
53.045655
40.088729
32.962420
26.483957
40.088729
78.311661
128.195826
160.588141
165.123065
143.744137
120.421670
115.238900
128.843672
145.039830
139.209213
110.056129
51.749962
-9.147590
-50.609753
-53.848984
-39.596366
-22.104516
-32.470057
-71.340835
-124.464231
-173.052704
-200.910094
-210.627789
-199.614402
-201.557941
-217.754098
-248.202874
-276.708112
-283.834421
-274.764573
-254.681337
-230.063178
-213.867020
-201.557941
-187.305322
-177.587628
-161.391470
-136.773311
-114.746537
-89.480531
-59.679601
-31.174364
-1.373434
19.357647
48.510731
67.946120
75.720276
91.268587
108.112591
124.956594
148.279061
159.292448
148.926907
124.956594
83.494431
47.862885
32.314573
26.483957
23.244725
14.822723
-9.795436
-31.174364
-42.835597
-37.004981
-13.682514
8.992107
21.949033
18.709801
1.217951
-14.330360
-10.443282
3.809336
37.497344
75.072429
97.747050
108.112591
110.703976
117.830285
124.308748
134.026442
123.013055
100.338435
78.959507
62.763350
60.171964
71.833198
88.029355
78.311661
64.706888
49.806424
44.623653
50.454270
43.327961
31.018881
7.696414
-27.935132
-56.440370
-79.762836
-83.649914
-67.453757
-49.961907
-24.048055
16.766262
70.537505
132.082904
181.319222
211.767998
228.612002
231.203387
255.173701
294.044479
319.310484
310.240636
255.821547
171.601528
89.325048
48.510731
66.002581
108.112591
123.660902
84.142277
-8.499743
-117.337922
-204.797172
-249.498567
-264.399032
-271.525341
-317.522428
-397.207523
-484.666774
-554.634174
-561.760483
-528.072476
-463.287846
-386.841983
-327.887969
-307.156888
-310.396119
-316.874582
-300.678425
-262.455493
-206.740711
-151.673776
-121.872846
-92.071916
-66.805910
-40.244212
4.457183
54.989194
106.169052
147.631215
188.445532
232.499080
258.412932
255.821547
235.090465
192.980456
165.123065
179.375683
218.894308
254.525854
246.751699
192.980456
121.717363
53.045655
-0.725588
-21.456669
-17.569592
-18.865284
-45.426983
-73.932220
-99.846072
-114.098690
-104.380996
-62.918833
-11.738975
52.397809
101.634128
108.112591
110.703976
111.351822
102.281974
108.112591
113.943207
113.943207
110.056129
116.534592
128.843672
138.561367
135.969981
112.647515
88.677202
75.720276
81.550892
91.268587
77.015968
39.440883
-23.400208
-99.198225
-137.421157
-131.590540
-119.929307
-107.620227
-112.802998
-149.730237
-186.009630
-204.149326
-186.657476
-144.547466
-64.862372
54.341348
176.784298
279.791860
323.197562
321.254023
322.549716
364.659725
462.484516
561.605000
592.053776
520.142837
369.842496
207.233074
93.212126
95.803511
176.136452
254.525854
251.934469
118.478131
-70.045142
-238.485180
-335.014279
-341.492742
-327.887969
-365.463055
-476.892618
-655.698197
-795.632998
-835.151622
-782.676072
-655.698197
-533.255246
-469.766309
-453.570151
-469.118463
-482.723235
-467.822770
-415.995066
-339.549203
-262.455493
-197.670863
-147.786698
-95.958994
-29.230825
42.680114
122.365209
181.319222
234.442619
288.861708
356.237723
416.487429
452.118976
434.627126
380.855883
316.071253
286.270323
324.493255
397.699886
451.471129
419.726661
313.479868
202.698150
108.760437
69.889659
69.241813
40.088729
-28.582979
-155.560853
-283.186575
-346.027666
-324.648738
-219.697637
-68.749449
41.384422
97.099203
101.634128
78.311661
92.564279
141.152752
189.093378
212.415845
172.249374
84.142277
-3.316973
-34.413595
-0.077742
84.790124
154.109678
169.010143
143.744137
107.464744
88.029355
85.437970
68.593966
6.400721
-80.410683
-195.079478
-261.807647
-264.399032
-225.528254
-191.192400
-182.770398
-211.923482
-259.864108
-279.947343
-265.694724
-235.245948
-206.740711
-162.039316
-75.875759
85.437970
279.791860
419.726661
493.581139
542.169611
623.798245
761.141661
880.993226
920.511850
838.883217
645.825019
419.726661
263.595702
248.695238
313.479868
384.742961
349.759260
188.445532
-22.752362
-207.388557
-298.087039
-316.874582
-312.987504
-382.954905
-562.408330
-818.955464
-1026.266280
-1118.908301
-1085.220294
-975.086423
-863.656859
-782.676072
-750.283757
-716.595749
-686.146973
-643.389117
-552.042789
-448.387381
-333.070740
-217.754098
-133.534079
-88.832685
-27.287286
34.905959
95.803511
155.405370
234.442619
321.254023
409.361120
488.398368
506.538065
492.933293
440.457742
389.925731
408.713274
505.242372
602.419317
610.841319
507.833757
341.337258
191.684763
123.013055
137.913520
193.628302
182.614915
84.790124
-71.340835
-236.541641
-349.914743
-357.041053
-292.904269
-212.571328
-134.829772
-92.719762
-56.440370
-23.400208
31.666727
110.056129
186.501993
189.093378
119.125978
10.287799
-61.623140
-97.902533
-109.563766
-95.311148
-123.816385
-198.966556
-211.275635
-140.660389
-15.626053
78.959507
94.507818
-16.273899
-167.222087
-283.834421
-335.014279
-309.748273
-278.003804
-262.455493
-294.199962
-349.266897
-373.237210
-314.283197
-205.445019
-81.058529
-14.978206
12.879184
42.680114
111.999668
327.732486
632.220247
904.315693
1048.785418
1088.304042
1144.018824
1296.262704
1503.573520
1667.478634
1624.720778
1357.160256
984.648634
636.107325
456.653900
487.750522
606.306395
600.475778
364.659725
-13.682514
-356.393206
-491.145237
-421.825683
-308.452580
-348.619051
-633.671423
-1076.150445
-1475.871612
-1663.747039
-1635.889648
-1530.938548
-1460.971148
-1498.546233
-1574.344250
-1513.446698
-1345.654506
-1137.047998
-941.398415
-791.745920
-689.386205
-635.614962
-558.521252
-434.782609
-291.608576
-147.138852
-55.792523
-36.357134
37.497344
138.561367
286.918169
490.989754
685.991490
743.649811
643.233634
513.664374
454.062515
571.322695
744.945503
792.886129
669.147486
497.468217
323.197562
282.383245
329.028179
369.194649
324.493255
156.053217
-51.905446
-195.079478
-244.963643
-218.401945
-180.179013
-223.584715
-263.751186
-215.810559
-99.846072
70.537505
209.824460
291.453093
292.100940
173.545067
79.607353
25.188264
21.301186
5.105029
-110.859459
-305.861195
-504.102163
-577.956641
-504.102163
-288.369345
-21.456669
130.787211
155.405370
104.225513
57.580579
34.905959
49.158577
36.849498
-68.749449
-215.810559
-311.043965
-339.549203
-263.103339
-144.547466
-79.114990
31.018881
152.166139
221.485693
277.848321
368.546803
532.451917
782.520589
1055.263881
1223.703919
1237.308691
1231.478074
1366.877951
1644.156167
1936.334848
2054.242875
1842.397135
1383.074108
840.826756
464.428055
383.447268
462.484516
516.255759
375.673112
21.301186
-374.532903
-577.308795
-542.325094
-390.081214
-366.110901
-615.531726
-1158.426926
-1735.010132
-2129.548529
-2270.779022
-2180.080540
-2088.086366
-2137.322684
-2219.599165
-2166.475768
-1926.772637
-1523.164392
-1163.609696
-935.567798
-853.939165
-813.772694
-749.635910
-598.687723
-372.589364
-222.289022
-220.345483
-304.565502
-386.841983
-276.060265
56.932733
469.610826
842.122448
1018.336642
970.396015
831.109061
796.773207
922.455389
1153.088672
1326.063634
1264.518236
989.183558
661.373331
464.428055
480.624213
619.911167
671.091025
516.903606
245.456006
11.583492
-96.606840
-55.792523
-11.738975
-154.265161
-374.532903
-513.172011
-467.822770
-241.724411
71.833198
293.396632
305.057866
114.591054
-9.795436
1.217951
99.690589
217.598615
123.660902
-202.853633
-561.760483
-778.141148
-750.931603
-482.075389
-133.534079
143.744137
283.031091
307.649251
294.692325
338.098027
375.025266
388.630038
349.759260
267.482780
128.843672
-3.316973
-95.311148
-139.364696
-130.294848
-95.311148
-0.077742
87.381509
115.886746
114.591054
161.883833
377.616651
794.829668
1203.620683
1401.861651
1396.678881
1379.834877
1561.879687
1855.354061
2066.551955
1992.697477
1618.242315
1036.476338
522.734222
263.595702
261.004317
392.517116
348.463568
75.072429
-262.455493
-513.819857
-561.760483
-415.995066
-285.777960
-427.656299
-889.570711
-1547.782552
-2174.897770
-2540.930929
-2642.642798
-2670.500189
-2686.696347
-2756.663747
-2826.631147
-2689.935578
-2341.394269
-1898.267400
-1578.879174
-1365.737741
-1256.251717
-1191.467087
-984.156271
-679.668510
-403.038140
-288.369345
-272.821034
-287.721499
-189.896707
137.913520
577.801158
933.468776
1187.424526
1297.558397
1291.727780
1355.864564
1559.288302
1853.410522
2087.283036
2076.917495
1867.663141
1559.936148
1326.063634
1252.209156
1219.168995
1129.118359
926.990313
691.822107
406.121888
199.458919
146.335522
146.335522
35.553805
-191.192400
-392.672599
-437.373994
-285.130113
-116.690076
3.161490
16.766262
-54.496831
-96.606840
-49.961907
51.749962
151.518293
82.846585
-173.700550
-484.018927
-706.230208
-734.735445
-566.943254
-334.366432
-100.493918
78.959507
157.996756
218.894308
299.227249
441.105589
537.634687
493.581139
295.988017
16.766262
-301.326271
-521.594013
-610.348956
-609.053263
-598.039876
-582.491565
-590.913567
-592.857106
-563.704022
-397.207523
47.862885
645.177173
1153.736518
1422.592733
1494.503672
1564.471072
1742.628805
2028.329023
2233.696300
2130.688738
1766.599118
1228.238843
711.905342
443.049127
513.016528
680.160873
675.625949
401.586964
-2.021280
-311.043965
-371.941518
-232.654563
-138.716850
-342.140588
-863.656859
-1534.825626
-2073.185901
-2306.410569
-2298.636413
-2350.464117
-2616.081100
-2905.668396
-3052.081660
-2882.993775
-2525.382618
-2145.744686
-1838.665540
-1604.145180
-1299.009573
-940.750569
-596.744184
-285.130113
-46.074829
32.314573
19.357647
-33.765749
-51.905446
79.607353
325.141101
620.559014
930.877391
1182.241756
1308.571784
1405.100883
1640.269089
1978.444858
2240.174763
2189.642752
1944.109004
1683.026945
1520.417524
1560.583995
1613.707391
1500.982135
1215.281917
847.953065
506.538065
291.453093
193.628302
84.790124
-138.716850
-441.908918
-658.937428
-782.028225
-685.499127
-391.376907
-83.002068
83.494431
104.873359
-89.480531
-369.997979
-636.910654
-866.248244
-966.664421
-1054.771518
-1129.921688
-1232.929250
-1240.055559
-1138.991537
-930.385028
-644.684810
-352.506129
-97.254687
38.793036
85.437970
105.521205
119.125978
119.773824
119.125978
80.255200
-34.413595
-171.757011
-354.449668
-571.478178
-734.087599
-792.393766
-812.477001
-754.170834
-664.768045
-410.164449
232.499080
1230.182382
2260.257998
2994.915702
3249.519298
3207.409289
3148.455275
3114.767268
2986.493700
2669.049013
2108.014118
1304.036860
481.272059
-180.826859
-452.274459
-445.795996
-458.105075
-706.878055
-1078.093984
-1429.874525
-1670.873349
-1681.238889
-1562.035170
-1486.885000
-1622.932722
-1990.261574
-2337.507191
-2437.923368
-2294.749335
-2183.319772
-2262.357020
-2465.132912
-2408.770284
-1916.407096
-1159.074772
-391.376907
159.292448
548.000228
818.799981
1083.769118
1335.133482
1506.812752
1585.202154
1585.202154
1388.904725
1030.645721
755.311044
579.744697
496.172524
478.032828
575.857619
639.346556
570.674849
383.447268
176.784298
148.279061
56.284887
-191.192400
-618.123112
-1019.139971
-1142.230768
-929.737182
-585.082950
-409.516603
-390.729060
-427.656299
-412.107988
-248.202874
16.118416
121.069516
55.637040
-24.695901
-16.273899
198.163226
554.478691
1021.575873
1440.732429
1677.196329
1683.674792
1439.436737
939.947239
376.320959
-12.386821
-357.688899
-764.536375
-1319.092808
-1854.213851
-2143.801147
-2100.395445
-1726.588130
-1266.617258
-926.497950
-712.708671
-551.394943
-309.748273
-119.281461
-81.706375
-185.361783
-434.134762
-594.152798
-539.085863
-384.898444
-278.003804
-138.716850
97.099203
378.912344
654.247021
999.549099
1800.287125
3022.125247
4213.514592
4799.167647
4770.014564
4644.332381
4510.876044
4206.388283
3706.898786
3157.525123
2558.915143
1764.007733
687.935029
-412.107988
-1216.085246
-1695.491508
-2116.591603
-2704.188197
-3416.171280
-4093.818510
-4425.515815
-4303.720711
-3856.058918
-3581.372087
-3645.508870
-3783.500132
-3655.874411
-3029.407039
-2234.499629
-1666.338425
-1418.861138
-1264.025872
-963.425189
-410.812296
230.555541
789.646898
1243.139308
1646.747552
1964.840086
2149.476281
2226.569991
2276.454156
2275.806310
2135.223662
1784.090968
1219.168995
584.279621
-17.569592
-456.809383
-732.144060
-1025.618434
-1369.624819
-1735.657979
-2005.162039
-2031.075891
-1888.549705
-1633.298263
-1372.216204
-1116.316916
-908.358254
-675.133586
-259.216261
259.060778
746.241196
1107.739431
1274.235930
1393.439649
1448.506585
1514.586907
1581.315076
1609.172467
1664.239403
1754.290038
1885.154991
1984.275475
1947.996082
1760.120655
1554.753378
1357.808103
1072.755731
588.814545
-61.623140
-791.745920
-1554.261015
-2082.255749
-2212.472855
-2235.147476
-2323.902419
-2448.936755
-2405.531053
-2146.392533
-1727.235977
-1263.378026
-846.165009
-437.373994
-140.660389
57.580579
228.612002
355.589877
408.065427
415.191737
375.673112
425.557277
542.169611
715.144573
918.568312
1149.201594
1681.083406
2793.435503
4089.775949
4705.877780
4512.171736
4218.697362
4224.527979
4052.200863
3474.969810
2867.289981
2334.112476
1605.285389
540.226072
-563.056176
-1336.584658
-1777.120142
-2171.658538
-2788.408216
-3642.917485
-4393.771347
-4712.511726
-4567.394155
-4167.672988
-3845.045531
-3666.887798
-3373.413424
-2927.047324
-2394.517665
-1792.668453
-1176.566622
-634.967115
-336.957817
-203.501480
25.836110
456.653900
939.947239
1305.332552
1500.334289
1548.274915
1552.809839
1595.567695
1699.870949
1734.854649
1544.387837
1182.241756
782.520589
400.939118
-20.808823
-476.892618
-778.141148
-1010.717969
-1283.461261
-1611.271489
-1832.834924
-1764.163216
-1471.984535
-1052.827979
-725.665597
-498.271546
-261.159800
110.056129
561.605000
945.777856
1303.389014
1575.484459
1714.771414
1877.380835
1958.361623
1894.224839
1749.107268
1503.573520
1381.130570
1303.389014
1237.956537
1162.158520
1011.210332
868.036300
754.663198
625.741784
345.872183
-124.464231
-657.641736
-1070.319829
-1432.465910
-1747.967058
-1917.702789
-2013.584041
-2105.578216
-2174.249924
-2108.169601
-1854.861698
-1574.344250
-1305.488036
-980.917039
-638.206347
-406.925218
-226.823946
-59.031755
123.013055
217.598615
205.289535
242.216775
278.496167
302.466480
470.258672
748.184735
994.366329
1319.585171
2175.390133
3285.798691
4024.991319
4115.041955
4100.141490
4330.126926
4137.068729
3510.601357
3002.689858
2729.946566
2117.083966
921.159697
-347.323358
-1285.404800
-1803.681840
-2204.050853
-2776.099136
-3554.810388
-4196.178225
-4332.225948
-4196.178225
-4030.977419
-3983.036792
-3915.660777
-3614.412248
-3142.132295
-2554.535702
-1851.622466
-1133.160920
-658.289582
-489.201698
-390.081214
-79.762836
432.683587
899.780769
1120.696357
1095.430351
934.764469
838.235370
834.348293
866.092761
877.753995
776.042126
593.349469
340.689412
56.932733
-226.176100
-439.317533
-655.050351
-764.536375
-870.783168
-982.860578
-1015.900740
-929.737182
-668.007277
-357.688899
8.992107
333.563103
675.625949
978.170171
1194.550835
1429.071196
1681.083406
1979.092704
2181.868596
2275.158463
2316.620626
2207.134602
2033.511793
1876.732989
1725.784801
1611.763852
1514.586907
1412.227192
1230.830228
917.272619
619.911167
381.503729
166.418757
-139.364696
-448.387381
-733.439753
-1244.590483
-1808.864610
-2061.524667
-1972.121878
-1810.808149
-1795.259838
-1814.695227
-1740.192903
-1635.241802
-1465.506072
-1056.067210
-615.531726
-410.164449
-338.901356
-206.092865
10.935646
163.827372
327.084640
476.089289
430.092201
239.625389
210.472306
565.492078
1018.336642
1694.688179
2783.717809
3735.404023
4035.356860
3881.169440
3997.133928
4231.654288
3955.671765
3259.884839
2633.417467
2038.046717
1105.795892
-83.649914
-1100.768605
-1758.980445
-2161.292998
-2673.739421
-3388.961736
-4084.748662
-4477.991366
-4413.854582
-4130.097903
-4027.090341
-4034.216650
-3854.763225
-3459.576982
-2990.536261
-2450.880294
-1811.455996
-1137.047998
-630.432191
-374.532903
-25.343747
642.585788
1275.531623
1552.161993
1595.567695
1613.059545
1625.368625
1545.683530
1356.512410
1118.752818
751.423966
330.323871
51.749962
-151.025929
-355.097514
-581.843719
-706.878055
-826.729620
-1017.196432
-1150.004924
-1234.224943
-1203.776167
-1148.709231
-995.169658
-732.791907
-419.234298
20.005494
567.435617
1059.150959
1426.479811
1759.472809
2146.884896
2343.830171
2395.657875
2453.316196
2510.974516
2359.378482
2010.837173
1675.900636
1482.842439
1524.952448
1491.912287
1296.910551
917.920465
458.597439
226.668463
143.096291
-125.112077
-653.106812
-1170.736005
-1604.793026
-2062.820360
-2310.297647
-2277.257485
-2198.868083
-2397.109051
-2610.898330
-2393.221973
-1915.759250
-1562.683017
-1305.488036
-988.691195
-709.469440
-473.005540
-198.966556
152.813985
338.745873
276.552628
298.579403
494.228985
559.661461
535.691148
733.932116
1116.809279
1517.178292
2273.862771
3438.690418
4407.220636
4617.770683
4397.502941
4522.537277
4613.883605
4099.493643
3298.755617
2575.759146
1895.520532
933.468776
-190.544554
-1172.679544
-1866.522931
-2335.563652
-2771.564212
-3377.300502
-4013.485569
-4338.704411
-4313.438405
-4153.420369
-4004.415720
-3856.706764
-3586.554857
-3192.016460
-2738.524051
-2071.890208
-1295.122495
-596.744184
-169.813472
34.905959
438.514203
1106.443738
1729.671879
2019.907021
2009.541480
1867.663141
1777.612505
1683.674792
1500.334289
1230.830228
771.507201
181.319222
-347.323358
-733.439753
-1063.841366
-1350.189430
-1540.008396
-1723.996745
-1773.233064
-1702.617817
-1557.500246
-1467.449611
-1440.240066
-1342.415275
-1109.190607
-579.252334
68.593966
693.117799
1114.865740
1434.901812
1817.778976
2220.091528
2632.769621
2826.475664
2827.123511
2728.650873
2480.525740
2124.210275
1759.472809
1592.976310
1502.925674
1316.345940
1031.293568
639.994403
340.689412
217.598615
108.112591
-223.584715
-689.386205
-1116.316916
-1602.201641
-2194.981005
-2559.718472
-2516.960616
-2432.740597
-2579.801707
-2780.634060
-2617.376793
-2185.911157
-1790.077068
-1462.914686
-1034.040436
-701.047438
-518.354781
-200.262248
117.182439
253.878008
266.187088
352.350646
443.696974
394.460655
429.444355
636.755171
912.737695
1311.163169
2255.075228
3529.388900
4383.250323
4536.142049
4545.211898
4813.420266
4690.329469
4059.975019
3370.018710
2766.873805
1979.092704
825.926291
-336.957817
-1236.816328
-1865.227239
-2366.660275
-2958.791793
-3666.239952
-4214.317922
-4221.444231
-3938.335398
-3782.204440
-3682.436109
-3510.756840
-3133.710294
-2657.543263
-2117.887295
-1459.027609
-839.686546
-439.965379
-315.578890
-116.042229
404.178349
1112.274355
1625.368625
1756.881423
1723.193416
1690.153255
1706.997258
1630.551395
1346.794716
903.020000
325.141101
-163.982855
-541.677248
-953.059649
-1403.312827
-1848.383235
-2218.951318
-2544.170161
-2575.914629
-2332.972267
-2058.933282
-1924.829098
-1820.525844
-1521.220853
-1140.287229
-628.488652
-50.609753
597.884393
1136.892515
1454.985048
1803.526357
2116.436120
2376.870332
2506.439592
2593.898843
2592.603150
2363.265560
2112.549042
1870.902372
1784.090968
1765.303425
1626.664317
1328.007173
888.767382
513.664374
329.676025
164.475219
-171.757011
-480.779696
-763.240683
-1190.819241
-1714.926897
-1982.487419
-1852.918159
-1712.983358
-1852.270313
-1992.852960
-1825.060768
-1483.645768
-1116.316916
-732.791907
-417.938605
-258.568415
-119.929307
168.362296
487.750522
551.887306
548.648074
596.588701
577.153312
472.850057
498.116063
741.706272
1024.815105
1622.129393
2732.537951
3767.148492
4197.966281
4279.594915
4505.045427
4547.803283
4115.689801
3484.687505
2912.639222
2253.779535
1185.480987
123.013055
-771.014838
-1503.081157
-1998.035730
-2532.508927
-3185.537997
-3832.736451
-4122.971593
-4078.270199
-3979.797561
-3919.547855
-3762.121204
-3391.553121
-3004.141034
-2551.944316
-1954.630028
-1271.152182
-709.469440
-407.573064
-208.036404
204.641689
908.850617
1386.313340
1355.216718
1161.510674
1162.158520
1247.026385
1228.238843
1029.997875
721.623036
304.410019
-192.488093
-569.534639
-853.939165
-1107.247068
-1399.425749
-1651.437960
-2040.145740
-2375.082276
-2427.557827
-2216.359933
-2012.288349
-2031.723738
-1881.423396
-1521.868700
-1050.884440
-518.354781
91.916433
779.281357
1360.399488
1806.117742
2252.483843
2601.025152
2845.263207
2941.792306
2904.865067
2688.484402
2251.188150
1914.955921
1718.010645
1620.833700
1491.912287
1289.136395
1064.333729
771.507201
564.844232
441.753435
237.034004
-87.536992
-391.376907
-737.326831
-1363.146356
-1908.632941
-1999.979269
-1837.369848
-1845.144003
-1959.164952
-1760.276138
-1348.245891
-1083.924601
-811.829155
-441.261072
-108.268074
100.986281
262.300010
409.361120
391.869270
272.017704
262.300010
387.982192
361.420494
202.050304
279.791860
590.110238
1233.421613
2330.873245
3380.384251
3881.817287
3999.077467
4313.930769
4563.999440
4264.694450
3700.420323
3162.707894
2470.808046
1281.362239
-20.160977
-975.734269
-1600.258102
-2058.933282
-2627.094487
-3197.847077
-3737.503045
-3995.345872
-3937.687552
-3855.411071
-3830.792912
-3763.416897
-3494.560682
-3208.860464
-2919.273168
-2458.006603
-1784.894297
-1151.300616
-797.576537
-528.720322
-34.413595
679.513027
1416.762116
1692.744640
1594.272002
1611.116006
1641.564782
1548.274915
1261.926850
999.549099
627.685323
77.015968
-425.064914
-828.673159
-1105.951375
-1315.205730
-1438.296527
-1598.962409
-1812.751688
-1864.579392
-1747.967058
-1648.198728
-1700.674278
-1781.655066
-1622.932722
-1328.162656
-993.873965
-606.461878
-45.426983
479.976367
952.256319
1547.627069
2168.263824
2757.156110
3073.305105
3191.213131
3159.468662
2915.878454
2580.941917
2266.088615
1983.627628
1677.844175
1383.074108
1112.274355
846.657372
656.838406
552.535152
382.799422
135.322135
-35.709288
-222.289022
-615.531726
-1181.101546
-1598.962409
-1681.886736
-1766.106755
-1945.560180
-1976.656802
-1733.066593
-1454.492685
-1149.357077
-746.396679
-340.844895
-136.125465
69.889659
345.872183
487.750522
362.716186
215.655076
146.983368
-2.021280
-100.493918
-14.330360
300.522942
954.847704
2017.963482
3070.713719
3697.828937
4044.426708
4560.112362
4880.148435
4435.725873
3658.310313
3129.019886
2576.406993
1445.915200
-18.217438
-1118.908301
-1841.256925
-2505.299383
-3154.441375
-3648.748102
-3913.069392
-3977.854022
-3924.730626
-3944.166015
-4015.429107
-3905.943083
-3596.272552
-3297.615407
-3068.277817
-2766.381442
-2280.496717
-1764.163216
-1361.202817
-953.707495
-248.202874
726.157960
1529.487372
1875.437296
1995.936708
2305.607239
2632.121774
2676.823169
2399.544953
1993.345323
1434.901812
700.891955
50.454270
-415.347220
-765.832068
-1156.483387
-1526.403624
-1721.405360
-1715.574743
-1622.932722
-1471.984535
-1357.315740
-1477.815151
-1673.464734
-1701.322125
-1582.766252
-1425.987447
-1324.275578
-1120.851840
-747.044525
-250.794260
375.025266
1180.298217
1936.334848
2492.186974
2910.695683
3160.116509
3267.658994
3312.360389
3139.385427
2744.199184
2354.195712
2025.737638
1655.169554
1110.978663
669.795332
435.922818
227.316310
-119.281461
-357.041053
-368.054440
-553.986328
-971.199345
-1374.159743
-1606.736565
-1803.681840
-2064.763899
-2194.333159
-2143.153301
-2044.680664
-1912.520018
-1534.825626
-956.946726
-601.926954
-347.323358
77.663814
499.411756
639.994403
638.698710
660.725484
530.508378
275.256936
230.555541
542.169611
1299.501936
2307.550778
3150.398814
3627.213691
3938.827761
4617.770683
5000.000000
4560.112362
3800.836499
3269.602533
2715.046101
1508.108444
73.128890
-1087.811679
-1889.845398
-2599.237096
-3377.300502
-3957.770787
-4250.597314
-4169.616527
-4000.528643
-3942.870322
-3862.537381
-3637.086868
-3336.486185
-3123.992599
-2965.918102
-2689.935578
-2195.628851
-1703.265664
-1452.549146
-1129.921688
-336.309971
736.523501
1608.524621
2085.987344
2464.977429
2908.104298
3264.419763
3294.220693
3006.576936
2670.344706
2119.027505
1282.010086
450.175437
-175.644089
-606.461878
-1087.811679
-1582.766252
-1882.071242
-1868.466470
-1654.029345
-1442.831451
-1350.837277
-1386.468823
-1339.176043
-1261.434487
-1304.840189
-1328.810502
-1298.361726
-1172.679544
-1024.322741
-839.686546
-391.376907
283.678938
1053.968188
1725.136955
2284.876158
2714.398254
3090.796955
3306.529772
3210.648520
2929.483226
2630.178235
2317.268473
1784.090968
1075.994962
452.766822
34.258112
-311.691812
-755.466527
-1111.781992
-1197.945550
-1217.380939
-1322.979886
-1433.761603
-1495.954848
-1604.793026
-1847.735388
-1873.001394
-1670.225502
-1659.859962
-1756.389060
-1602.201641
-1146.117846
-820.251157
-565.647561
-50.609753
528.564839
797.421053
875.810456
998.253406
1046.841879
993.070636
1003.436177
1317.641632
2014.724251
2785.013501
3354.470399
3603.243378
3894.774213
4475.892343
4672.837619
4185.009355
3485.983197
3018.886015
2421.571727
1305.332552
8.344260
-1164.905389
-2031.075891
-2867.445464
-3665.592106
-4264.202087
-4564.154923
-4455.316745
-4270.680550
-4192.938994
-4010.894183
-3611.820863
-3116.218443
-2816.913453
-2610.250483
-2194.981005
-1733.714440
-1405.256366
-1249.773254
-931.032874
-263.103339
640.642249
1370.765029
1769.838349
2179.925057
2667.105475
3048.039099
3121.245731
2965.762619
2740.312106
2186.403520
1295.614858
349.759260
-308.452580
-787.858842
-1278.926337
-1727.883823
-2001.922808
-1961.108491
-1759.628292
-1523.164392
-1362.498510
-1144.174307
-831.912390
-559.816945
-535.198785
-669.950816
-661.528814
-504.750009
-408.868757
-463.287846
-358.336745
64.059042
629.628862
1180.298217
1745.868036
2349.012941
2844.615361
3097.923264
3067.474488
2883.486139
2742.903492
2499.961129
1947.996082
1170.580522
426.852970
-146.491005
-669.950816
-1220.620170
-1697.435047
-1904.745863
-2029.132352
-2109.465294
-2025.245275
-1832.834924
-1633.298263
-1607.384411
-1512.798851
-1342.415275
-1286.052647
-1315.853576
-1178.510161
-867.543937
-697.808206
-552.690635
-204.149326
226.020617
575.209773
917.920465
1309.219630
1502.277828
1436.845351
1544.387837
2123.562429
3125.132808
3826.750351
4098.845797
4166.869659
4335.957543
4664.415617
4561.408055
4054.144402
3374.553634
2807.040275
2088.578729
969.100323
-147.138852
-1047.645208
-1795.259838
-2622.559563
-3414.227741
-4016.076954
-4282.989629
-4235.696849
-4338.704411
-4501.313832
-4408.671811
-3955.179402
-3409.692817
-3090.952438
-2759.255132
-2323.254572
-1826.356461
-1517.333776
-1289.291878
-805.998538
-143.899620
594.645162
1053.320342
1380.482723
1762.712040
2243.413995
2546.606063
2468.864507
2283.580465
2089.226575
1642.212628
921.159697
167.714450
-405.629525
-909.006100
-1512.151005
-2013.584041
-2273.370407
-2202.107314
-1994.148652
-1760.923984
-1602.849487
-1448.662068
-1131.865227
-791.098074
-582.491565
-574.717409
-503.454316
-311.691812
-271.525341
-375.180749
-182.122552
456.653900
1045.546186
1325.415788
1702.462334
2326.338321
2890.612448
3171.129896
3189.917438
3112.175882
2965.762619
2698.849943
2165.672439
1432.310427
765.028738
100.986281
-550.747096
-1190.819241
-1632.002571
-1755.741214
-1846.439696
-1941.025256
-1950.095104
-1803.033994
-1635.241802
-1519.277314
-1322.332039
-1166.848927
-1024.970588
-910.949639
-729.552675
-573.421717
-495.680161
-231.358871
143.096291
471.554365
666.556101
978.818017
1456.280740
1698.575256
1744.572344
1892.281300
2292.002467
2996.211395
3789.175266
4219.345209
4208.979668
4164.278273
4466.174649
4521.241584
3872.747438
3045.447714
2509.030977
1970.670702
949.664934
-175.644089
-1027.561973
-1677.999658
-2367.955967
-3149.906451
-3824.314449
-4224.035616
-4305.664250
-4353.604876
-4528.523377
-4625.700322
-4385.349345
-3925.378472
-3612.468709
-3302.150331
-2787.112523
-2152.223149
-1616.454259
-1302.248804
-891.514250
-238.485180
498.763909
1041.011262
1243.787154
1455.632894
1780.203890
2023.794099
2038.046717
1865.719602
1691.448947
1397.326727
898.485076
384.742961
2.513644
-438.669686
-1036.631821
-1494.011309
-1655.972884
-1551.669629
-1493.363463
-1477.815151
-1366.385588
-1273.095721
-1020.435664
-647.924041
-385.546290
-317.522428
-309.748273
-116.042229
97.747050
189.093378
406.769735
921.159697
1337.077021
1462.759203
1695.983871
2098.296423
2599.729459
2816.757970
2711.159023
2628.882543
2616.573463
2555.675911
2197.416907
1664.887249
1241.195769
775.394279
128.843672
-579.252334
-1090.403064
-1389.060208
-1661.155654
-1945.560180
-2047.919895
-1959.164952
-1919.646328
-1972.121878
-1887.254013
-1716.222590
-1656.620730
-1536.769165
-1205.071859
-936.863491
-893.457789
-674.485740
-177.587628
229.907695
365.955418
632.220247
1066.925114
1318.289478
1365.582258
1536.613681
2150.124127
3037.025712
3717.264326
4099.493643
4179.178738
4368.349858
4687.090237
4543.268359
3897.365598
3152.342353
2647.670086
2028.329023
1033.237107
0.570105
-778.788994
-1435.705142
-2211.825009
-2997.014724
-3609.229478
-3939.631090
-4043.286498
-4277.159013
-4526.579838
-4595.899392
-4377.575189
-4046.525730
-3809.413984
-3495.856375
-2961.383178
-2342.689961
-1891.788937
-1539.360550
-945.285493
-193.135939
499.411756
904.315693
1166.693444
1561.879687
1900.055456
2027.033330
1973.909934
1894.872685
1734.206803
1331.894251
843.418141
518.847145
241.568928
-128.351309
-662.824506
-1129.921688
-1328.810502
-1322.979886
-1260.786641
-1318.444962
-1504.376850
-1566.570094
-1352.780815
-1035.336129
-780.732533
-662.824506
-392.672599
-41.539905
196.219687
421.670200
783.168435
1293.023473
1646.747552
1720.602031
1887.098530
2273.862771
2659.331319
2708.567638
2472.751585
2416.388957
2494.130513
2473.399431
2137.167201
1700.518795
1300.149782
837.587524
253.878008
-417.938605
-895.401328
-1161.666157
-1485.589307
-1864.579392
-2082.903595
-2096.508368
-2105.578216
-2138.618377
-2077.720825
-2003.866347
-1883.366935
-1675.408273
-1332.697580
-1068.376290
-1045.053823
-872.078861
-405.629525
36.201651
202.050304
439.809896
855.727220
1148.553748
1212.042685
1447.858738
2163.081053
3236.562372
4070.988406
4310.691537
4260.807372
4368.997704
4679.316082
4540.676973
3785.936034
3034.434327
2588.068226
1972.614241
955.495551
11.583492
-563.704022
-1061.897827
-1771.937371
-2619.320331
-3311.868026
-3684.379648
-3872.902922
-4209.135151
-4626.996014
-4824.589136
-4657.444791
-4340.647950
-4093.170663
-3694.745189
-2978.227182
-2224.781935
-1715.574743
-1265.321565
-609.701110
292.748786
825.926291
1033.237107
1269.053160
1572.245228
1800.287125
1835.270826
1690.153255
1477.659668
1292.375626
954.847704
592.701623
323.845408
157.996756
-35.061442
-311.043965
-605.814032
-795.632998
-818.307618
-817.659772
-1048.940901
-1395.538671
-1574.344250
-1462.914686
-1299.009573
-1257.547409
-1067.080597
-718.539288
-235.245948
143.744137
503.298833
1081.825579
1687.561869
2002.415171
2016.667790
2058.777799
2293.946006
2485.708511
2353.547865
2102.183501
2087.283036
2229.809222
2200.008292
1883.211452
1553.457685
1317.641632
987.887866
470.258672
-136.125465
-548.803557
-943.341954
-1479.110844
-1998.683576
-2338.802884
-2328.437343
-2249.400094
-2251.991480
-2222.838396
-2106.873908
-1862.635853
-1641.720265
-1309.375113
-1088.459525
-1056.715056
-832.560237
-436.078301
-139.364696
10.935646
338.745873
798.068900
1059.150959
1247.026385
1631.847088
2358.730636
3296.812078
3981.585617
4291.903994
4367.054165
4573.069288
4735.030863
4299.030304
3464.604270
2772.056575
2380.109564
1811.948359
856.375067
-3.316973
-496.328007
-834.503776
-1416.917599
-2076.425132
-2582.393092
-2973.692257
-3449.859288
-4016.076954
-4430.050739
-4584.238159
-4615.334781
-4611.447703
-4468.273671
-4024.498956
-3222.465237
-2345.929193
-1677.999658
-1065.784905
-276.708112
545.408843
1072.755731
1208.803454
1268.405313
1420.649194
1508.108444
1348.738255
1136.892515
1096.726044
1041.011262
777.985664
485.806983
393.812809
411.952505
366.603264
146.335522
-126.407770
-346.027666
-452.922305
-586.378643
-975.734269
-1485.589307
-1683.182428
-1551.021783
-1449.957760
-1477.167305
-1260.138795
-741.861755
-239.133026
134.674289
549.295921
1222.408226
1767.894810
1936.982695
1831.383748
1886.450683
2083.395958
2129.393046
1942.813311
1692.744640
1752.346499
2002.415171
2063.312723
1848.227752
1639.621243
1572.893074
1278.770854
699.596262
34.905959
-438.021840
-822.194696
-1418.213292
-2022.006043
-2342.689961
-2361.477504
-2314.184724
-2338.155037
-2246.808709
-2091.325597
-1907.985094
-1675.408273
-1411.734829
-1205.071859
-1134.456612
-903.175483
-571.478178
-367.406594
-237.189487
54.341348
483.215598
781.224896
1022.223719
1400.565959
1959.009469
2751.973340
3613.608919
4193.431357
4265.990142
4234.893520
4578.252059
4625.544839
3802.780038
2870.529213
2509.030977
2295.889545
1500.334289
531.804071
53.045655
-87.536992
-497.623700
-1223.211556
-1836.074155
-2378.321508
-2920.568861
-3480.308064
-3995.345872
-4322.508254
-4511.679373
-4610.799857
-4597.842931
-4321.212561
-3632.551944
-2688.639886
-1867.818624
-1414.326214
-931.032874
-115.394383
687.287182
976.226632
808.434441
812.969365
982.705095
936.708008
664.612562
551.239460
649.064251
554.478691
390.573577
481.272059
783.168435
862.205683
623.150399
326.436794
110.703976
-25.991594
-235.245948
-612.292495
-1116.964762
-1543.247628
-1626.819800
-1479.110844
-1439.592220
-1381.933899
-1050.884440
-555.929867
-147.138852
211.120152
755.311044
1266.461774
1430.366888
1304.684706
1339.020560
1676.548482
1909.125304
1724.489108
1451.745816
1480.898900
1795.752201
2028.329023
1958.361623
1780.203890
1691.448947
1502.277828
1023.519412
417.783122
-9.147590
-301.974117
-824.138235
-1486.885000
-1813.399535
-1770.641679
-1821.821536
-1990.261574
-2023.949582
-1900.858785
-1860.044468
-1771.937371
-1609.975796
-1532.234240
-1545.839013
-1355.372201
-920.019487
-549.451404
-341.492742
-11.738975
472.202211
651.007790
739.762733
1116.161433
1553.457685
1826.848824
2334.760323
3338.274241
4074.875484
3992.599004
3844.890048
4243.315522
4347.618776
3587.047220
2871.824905
2781.126423
2624.347619
1736.150342
818.799981
511.072989
342.632951
-211.923482
-1027.561973
-1776.472296
-2481.976916
-3162.863377
-3668.183491
-4032.273111
-4418.389506
-4699.554800
-4616.630474
-4327.691024
-3962.305711
-3407.749278
-2550.648624
-1890.493244
-1762.219677
-1475.223766
-660.880967
111.351822
144.391983
-128.999155
-24.695901
332.915257
479.328520
418.430968
555.774384
762.437353
754.015351
863.501376
1175.115446
1325.415788
1129.766205
830.461215
619.911167
454.062515
313.479868
94.507818
-268.286110
-776.197609
-1188.227855
-1136.400151
-899.288406
-734.087599
-708.821593
-589.617874
-308.452580
55.637040
483.215598
810.377979
1026.110797
1097.373890
1187.424526
1333.837790
1560.583995
1638.325551
1539.852913
1492.560133
1644.804014
1979.740551
2128.745199
1982.331936
1828.144516
1754.290038
1584.554308
1119.400664
731.340731
485.806983
81.550892
-539.733709
-995.169658
-979.621347
-1010.717969
-1364.442049
-1705.209203
-1762.867523
-1801.738301
-1948.799411
-2011.640502
-1915.759250
-1863.283700
-1814.695227
-1360.554971
-741.861755
-443.852457
-270.877495
77.663814
394.460655
419.726661
506.538065
949.664934
1197.790067
998.253406
1147.905902
2207.782448
3265.067609
3476.265503
3359.653169
3769.092030
4221.936594
3863.029744
3265.067609
3135.498349
3007.224782
2271.271385
1217.873302
651.655636
396.404194
-143.251774
-979.621347
-1854.213851
-2631.629411
-3188.777229
-3504.926223
-3861.889534
-4337.408718
-4623.108937
-4389.236422
-3995.993718
-3806.174753
-3451.802827
-2746.298206
-2162.588690
-2143.801147
-2134.731299
-1558.795939
-923.258719
-850.699933
-1089.107371
-860.417628
-222.289022
209.824460
268.130627
370.490342
715.792420
982.057249
1145.962363
1309.867477
1418.705655
1384.369801
1094.134659
744.945503
579.744697
625.093938
573.266234
186.501993
-331.775047
-620.714497
-535.846631
-338.901356
-265.046878
-285.130113
-274.116726
-160.095778
113.943207
354.942031
454.062515
529.860532
687.935029
835.643985
901.724308
998.253406
1248.969924
1359.751642
1285.249317
1353.273179
1653.873862
1826.200977
1662.943710
1471.181205
1498.390750
1505.517059
1253.504848
965.861091
779.929203
449.527590
-92.071916
-436.726148
-443.204611
-528.072476
-1000.352428
-1447.366375
-1513.446698
-1519.277314
-1651.437960
-1740.840749
-1711.687666
-1593.131793
-1424.691755
-1035.336129
-550.099250
-259.864108
-71.988681
108.760437
282.383245
329.676025
397.052040
639.994403
768.267970
671.738871
621.206860
1131.061898
2198.064754
3084.966338
3403.058871
3399.171793
3728.925560
4215.458131
4195.374896
3660.901698
3152.990199
2877.007676
2380.109564
1556.696917
748.832581
270.722012
-134.829772
-842.277931
-1665.690578
-2209.881470
-2470.963529
-2818.856992
-3465.407599
-4036.160189
-4048.469269
-3707.702115
-3551.571157
-3633.847637
-3447.267903
-2987.944876
-2667.260958
-2632.925104
-2697.709734
-2480.033377
-2103.634677
-1843.848311
-1773.233064
-1597.018870
-1088.459525
-530.016015
-272.821034
-143.251774
259.708625
748.832581
954.199858
932.820930
1037.124184
1255.448387
1104.500200
788.999052
763.733046
853.135835
654.247021
244.808160
78.959507
141.152752
137.265674
181.967069
399.643425
587.518852
590.758084
617.967628
754.663198
750.776120
489.046215
345.224336
479.976367
522.734222
294.044479
181.319222
349.759260
440.457742
407.417581
509.129450
879.697534
1110.330816
1092.191120
1081.177733
1190.015911
1316.345940
1202.972837
965.213245
687.935029
395.756348
84.790124
-213.219174
-478.188311
-747.692371
-916.780256
-1022.379203
-1090.403064
-1109.190607
-1142.878614
-1115.021223
-974.438576
-886.979326
-737.974677
-549.451404
-373.237210
-300.678425
-364.815208
-276.708112
-144.547466
-147.138852
-268.933956
-167.222087
159.940294
358.829109
479.976367
731.340731
1209.451300
1866.367448
2605.560076
3196.395901
3462.012884
3475.617657
3528.093207
3594.173530
3248.871452
2727.355180
2361.969867
2099.592116
1562.527533
708.666110
108.760437
-81.058529
-300.030578
-912.245332
-1564.626555
-1809.512457
-2051.806973
-2484.568301
-2787.112523
-2809.787144
-2831.813918
-3026.815654
-3226.352314
-3243.844164
-3064.390739
-2918.625322
-2924.455939
-2975.635796
-2974.340104
-2680.217884
-2169.714999
-1911.872172
-1791.372760
-1408.495597
-745.748833
-250.146413
-34.413595
174.192913
551.887306
783.168435
714.496727
714.496727
836.291831
818.799981
676.273795
664.612562
774.098587
910.146310
1037.772031
1151.145133
1281.362239
1382.426262
1603.341850
1712.180029
1515.882600
1119.400664
877.753995
835.643985
585.575313
261.652164
110.703976
104.873359
53.045655
-43.483444
-7.851897
170.305835
275.256936
202.698150
64.706888
80.903046
223.429232
401.586964
497.468217
427.500816
401.586964
460.540978
445.640513
277.848321
102.929820
1.217951
-140.660389
-236.541641
-289.017191
-255.977030
-280.595189
-418.586451
-466.527077
-278.651650
-175.644089
-329.831508
-366.110901
-309.100427
-385.546290
-508.637087
-470.414155
-270.877495
-270.229649
-577.956641
-655.050351
-293.552115
-88.184838
-96.606840
34.905959
337.450181
532.451917
643.233634
901.076461
1254.152695
1706.997258
2140.406433
2447.485579
2422.219573
2307.550778
2421.571727
2484.412818
2080.156727
1509.404137
1263.870389
1249.617771
959.382628
353.646338
67.298274
207.880921
238.977543
-149.082391
-530.663861
-605.166186
-762.592836
-1245.238330
-1759.628292
-2060.876821
-2343.985654
-2730.102049
-2961.383178
-2972.396565
-2915.386090
-2831.166072
-2624.503102
-2415.896593
-2340.098576
-2159.997305
-1836.074155
-1630.706878
-1619.693491
-1527.051470
-1156.483387
-793.689459
-670.598662
-617.475265
-425.064914
-143.251774
36.849498
56.284887
117.182439
405.474042
647.768558
820.095674
1055.263881
1459.519972
1805.469896
1854.706215
1806.765588
1854.706215
1947.996082
1832.679440
1449.802277
1171.876215
1111.626509
1090.895427
921.807543
731.988577
659.429792
614.080551
492.933293
270.722012
109.408283
19.357647
-99.846072
-286.425806
-375.828595
-454.217998
-428.951992
-363.519516
-428.951992
-483.371081
-307.156888
-142.603928
-290.312884
-491.145237
-417.938605
-103.085303
-76.523605
-311.691812
-293.552115
-21.456669
98.394896
12.231338
72.481044
227.316310
145.039830
-69.397296
-35.061442
143.096291
14.822723
-197.670863
-250.794260
-301.974117
-354.449668
-228.119639
44.623653
117.182439
-8.499743
60.171964
356.237723
525.973454
403.530503
262.300010
288.213862
253.878008
107.464744
158.644602
492.285446
890.063074
1059.798805
1046.194033
1131.709744
1348.738255
1494.503672
1386.313340
1151.145133
1073.403577
1204.268530
1184.833141
857.670759
530.508378
489.694061
492.933293
227.964156
-83.002068
-199.614402
-363.519516
-797.576537
-1283.461261
-1440.240066
-1376.103282
-1464.858225
-1694.843662
-1794.611992
-1676.056119
-1559.443785
-1578.231328
-1747.319212
-1910.576480
-1942.320948
-1941.025256
-1920.294174
-1961.108491
-1931.955407
-1754.445521
-1503.729003
-1183.692931
-821.546850
-423.121375
-103.733150
125.604441
364.011879
577.153312
744.945503
766.324431
674.978103
717.088112
811.025826
958.734782
1103.852353
1174.467600
1246.378539
1358.455949
1491.912287
1589.089232
1500.982135
1386.961186
1323.472249
1193.255143
963.917552
662.021177
424.261585
240.921082
86.733663
-116.690076
-193.135939
-228.767485
-323.353045
-335.014279
-324.000891
-335.014279
-404.333833
-484.018927
-521.594013
-528.720322
-476.244772
-369.350132
-292.256423
-307.156888
-260.511954
-48.666214
118.478131
132.730750
58.228425
12.879184
-84.945607
-333.718586
-325.944430
-101.141764
-132.886233
-86.241299
169.657989
543.465304
785.111974
748.832581
629.628862
507.185911
478.032828
444.344820
194.276148
-110.859459
-203.501480
-200.910094
-265.046878
-323.353045
-216.458406
-90.776224
-105.028842
-167.869933
-192.488093
-151.673776
-108.268074
-38.948520
172.249374
426.852970
459.893131
349.759260
297.931556
270.722012
203.345997
31.018881
55.637040
259.060778
409.361120
461.188824
647.768558
975.578786
1219.168995
1236.660845
1100.613122
892.654460
632.220247
255.173701
-232.654563
-693.921129
-1013.309354
-1163.609696
-1289.939724
-1328.810502
-1233.577096
-997.113197
-807.942077
-813.124848
-848.108548
-813.124848
-762.592836
-868.839630
-1141.582922
-1315.853576
-1222.563709
-1080.685370
-1010.717969
-910.949639
-631.727884
-233.302409
95.155665
275.256936
360.124801
344.576490
267.482780
247.399545
244.808160
189.093378
207.880921
393.164962
533.099763
676.921642
901.076461
1204.916376
1380.482723
1410.931499
1305.332552
1181.593909
1014.449564
679.513027
388.630038
259.060778
141.800598
-79.762836
-224.880408
-173.052704
4.457183
115.886746
115.886746
41.384422
5.752875
-59.031755
-327.240123
-636.910654
-789.802381
-800.815768
-963.425189
-1100.120759
-984.156271
-679.668510
-415.995066
-200.262248
-162.039316
-123.816385
240.921082
494.876831
586.223160
564.844232
837.587524
1029.350029
752.071812
294.692325
163.827372
172.897220
66.650427
-252.089952
-430.247685
-212.571328
77.663814
259.060778
214.359384
378.264498
496.820370
413.248198
112.647515
-224.232561
-455.513690
-750.283757
-1031.449051
-1239.407713
-1459.027609
-1470.688842
-1190.171394
-1026.914127
-771.662685
-413.403681
-0.077742
313.479868
402.234811
404.178349
481.272059
572.618387
645.825019
777.985664
855.079374
986.592173
1205.564222
1458.872126
1559.936148
1607.876774
1511.347676
1335.133482
1187.424526
917.272619
616.671936
410.656812
285.622477
78.959507
-164.630702
-250.794260
-226.823946
-289.017191
-453.570151
-591.561413
-663.472353
-701.695284
-760.649297
-851.995626
-950.468263
-1048.940901
-1216.733093
-1368.329127
-1438.944373
-1413.678368
-1299.657419
-1175.918776
-1003.591660
-807.294231
-669.950816
-509.932779
-255.977030
20.653340
150.222600
338.098027
451.471129
512.368682
511.072989
442.401281
508.481604
557.717923
698.948416
778.633511
842.122448
951.608473
1007.323255
1031.293568
1050.081110
968.452477
739.114886
389.925731
71.833198
-263.751186
-708.173747
-1070.967675
-1234.872789
-1298.361726
-1340.471736
-1176.566622
-805.350692
-369.997979
-7.204051
283.678938
467.019441
552.535152
348.463568
45.919346
-126.407770
-321.409506
-515.115550
-494.384468
-321.409506
-154.913007
316.719099
713.848881
1036.476338
1145.962363
1266.461774
1350.033947
1132.357590
806.490902
574.561926
235.090465
-243.020104
-408.220910
-505.397855
-668.007277
-816.364079
-548.803557
-290.960730
-278.003804
-518.354781
-524.185398
-517.059089
-609.053263
-882.444402
-1107.247068
-1119.556148
-1083.276755
-1127.978149
-1230.337865
-1006.183045
-548.803557
-181.474705
-10.443282
357.533416
831.756907
1229.534535
1462.759203
1550.866300
1644.156167
1755.585731
1751.698653
1587.145693
1473.772590
1495.799365
1483.490285
1339.020560
1312.458862
1335.133482
1258.687619
1125.879127
940.595086
819.447828
574.561926
267.482780
-8.499743
-310.396119
-599.335569
-819.603311
-999.704582
-1245.886176
-1432.465910
-1565.922248
-1567.865787
-1526.403624
-1521.868700
-1499.841926
-1517.333776
-1437.648681
-1332.697580
-1297.713880
-1237.464174
-1118.908301
-1035.983975
-940.750569
-738.622523
-482.075389
-383.602751
-200.262248
168.362296
474.145750
702.187647
923.751082
1080.529886
1070.812192
875.162609
707.370418
618.615475
265.539241
-125.759924
-348.619051
-360.280284
-415.995066
-457.457229
-338.253510
-148.434544
-38.300673
-53.201138
7.696414
-11.738975
-164.630702
-398.503216
-620.066650
-761.297144
-823.490389
-833.855929
-722.426366
-635.614962
-491.145237
-121.225000
272.017704
641.290095
915.976926
815.560750
1062.390190
1142.075285
933.468776
783.816281
566.139924
581.688236
104.225513
-147.786698
-37.652827
197.515380
268.130627
428.796509
335.506642
636.755171
820.095674
514.960067
319.310484
7.048568
-44.779136
-401.094601
-999.056736
-1111.134146
-1114.373377
-1032.096897
-693.921129
-650.515427
-504.750009
-248.202874
48.510731
288.213862
202.698150
299.875095
432.683587
227.316310
148.279061
294.692325
383.447268
474.793596
571.322695
733.932116
925.046775
1107.091585
1445.267353
1545.683530
1548.922761
1611.116006
1574.188767
1522.361063
1361.047334
1184.833141
1019.632334
714.496727
443.696974
244.808160
181.967069
229.259849
126.252287
-83.649914
-189.248861
-167.222087
-254.033491
-475.596926
-734.087599
-842.277931
-899.288406
-1111.134146
-1326.866963
-1413.678368
-1398.777903
-1443.479297
-1394.242979
-1207.015398
-989.339041
-830.616698
-739.270370
-653.106812
-415.995066
-233.302409
-314.931043
-511.876318
-450.978766
-399.798909
-392.672599
-471.062001
-454.865844
-324.000891
-195.727324
-48.666214
54.341348
358.829109
593.349469
399.643425
132.730750
194.923995
164.475219
-167.222087
-603.870493
-811.181309
-733.439753
-697.160360
-778.141148
-680.316356
-465.231385
-218.401945
-125.112077
-49.961907
92.564279
176.136452
64.059042
-135.477618
-237.189487
-263.103339
-379.715673
-275.412419
-137.421157
-227.471793
208.528767
375.673112
461.188824
672.386718
913.385541
852.487989
773.450740
895.245845
851.192296
396.404194
149.574754
161.883833
33.610266
-105.028842
-76.523605
143.096291
-22.752362
80.255200
358.829109
256.469393
316.719099
419.726661
220.837847
100.986281
97.099203
209.824460
59.524118
-198.966556
-250.146413
-94.663301
-128.351309
-184.066091
-0.077742
113.943207
300.522942
441.105589
421.670200
520.142837
583.631775
506.538065
347.815721
354.294184
453.414668
593.349469
581.688236
625.741784
638.698710
617.319782
712.553188
761.141661
720.327344
670.443179
644.529327
685.991490
566.787771
354.294184
195.571841
57.580579
-16.273899
6.400721
-48.666214
-14.978206
-74.580066
-205.445019
-203.501480
-223.584715
-132.238387
-320.113814
-551.394943
-703.638823
-726.313444
-918.075948
-1042.462438
-1053.475825
-1129.273842
-1161.018311
-1061.897827
-791.745920
-781.380379
-589.617874
-340.197049
-310.396119
-305.213349
-233.302409
-182.770398
-185.361783
-281.890882
-412.755835
-438.669686
-357.041053
-219.049791
-162.687163
-105.028842
-57.736062
-78.467144
-75.227912
-90.128377
-46.074829
-206.092865
-270.877495
-336.957817
-615.531726
-726.313444
-622.010189
-609.053263
-674.485740
-627.192960
-591.561413
-281.243036
-8.499743
130.139365
133.378596
159.940294
232.499080
330.323871
99.042742
11.583492
180.023530
197.515380
162.531680
292.100940
450.175437
530.508378
718.383805
788.999052
873.866917
893.950152
781.224896
982.057249
927.638160
662.669023
483.215598
498.116063
745.593349
434.627126
-179.531167
-81.058529
207.880921
230.555541
-47.370521
-432.839070
27.131803
295.340171
-171.757011
-315.578890
-340.844895
-0.725588
-95.958994
-569.534639
-644.684810
-50.609753
73.776737
-187.305322
-358.336745
82.846585
542.817458
376.968805
233.146926
308.944943
671.091025
618.615475
339.393720
300.522942
413.896044
504.594526
394.460655
155.405370
403.530503
820.095674
812.969365
608.249934
529.860532
652.951329
650.359943
357.533416
144.391983
117.182439
75.072429
-81.706375
-160.095778
-212.571328
-151.673776
-118.633614
-213.867020
-136.125465
-103.733150
-219.697637
-352.506129
-416.642912
-485.962466
-587.674335
-543.620787
-576.013102
-585.730797
-673.190047
-601.926954
-545.564326
-657.641736
-682.259895
-592.209260
-598.687723
-591.561413
-573.421717
-579.900180
-704.934516
-634.319269
-646.628349
-680.316356
-608.405417
-666.711584
-687.442666
-845.517163
-750.931603
-660.233121
-533.255246
-672.542201
-616.179573
-305.861195
-327.240123
-379.067827
-330.479354
-298.734886
-177.587628
-198.966556
-306.509041
-148.434544
-45.426983
-56.440370
-112.802998
-16.273899
206.585228
485.806983
450.823283
397.052040
693.117799
768.915816
825.278444
812.321518
936.708008
1068.220807
965.861091
1123.935589
1129.766205
1035.180645
952.904165
1068.220807
666.556101
829.165522
665.908255
402.234811
448.231898
233.794773
350.407107
7.048568
-37.004981
148.279061
128.843672
-128.999155
-73.284373
-202.205787
-127.703463
-108.915920
-432.191223
-360.280284
-260.511954
-31.822210
-260.511954
-184.713937
-68.749449
253.230162
238.329697
213.063691
109.408283
257.765086
395.756348
95.803511
139.857059
159.940294
398.995579
373.729573
156.053217
180.023530
359.476955
384.742961
384.095114
254.525854
202.698150
409.361120
473.497904
307.001405
102.281974
-32.470057
119.125978
14.822723
-356.393206
-268.933956
-168.517779
-171.757011
-219.697637
-417.938605
-239.780872
94.507818
97.099203
-193.135939
-210.627789
1.865797
33.610266
-178.883320
-425.712760
-445.148149
-360.280284
-420.529990
-567.591100
-525.481091
-269.581802
-269.581802
-318.818121
-399.798909
-246.907182
-27.935132
51.749962
-109.563766
-285.130113
-110.859459
-186.657476
-461.344307
-523.537552
-522.241859
-639.502039
-507.989241
-588.970028
-769.071299
-404.981679
-351.210436
-324.000891
-439.317533
-349.266897
-448.387381
-404.333833
-342.788434
-365.463055
-570.182485
-747.044525
-301.974117
-86.241299
-177.587628
-285.777960
146.983368
321.254023
408.713274
287.566016
198.163226
598.532239
577.153312
375.673112
49.158577
225.372771
525.325608
446.288359
42.032268
49.158577
634.811632
562.900693
301.818634
133.378596
224.077078
560.957154
421.022353
-31.822210
-149.082391
110.703976
132.730750
-200.910094
-278.651650
283.678938
420.374507
120.421670
-67.453757
204.641689
487.102676
273.961243
83.494431
56.284887
235.090465
252.582315
42.032268
-95.958994
345.872183
450.175437
225.372771
152.166139
215.655076
610.841319
628.981016
358.181262
310.888482
268.130627
498.763909
546.704535
69.889659
58.876272
268.778473
285.622477
93.859972
-222.936869
-246.259335
123.013055
91.916433
-177.587628
-239.133026
-169.813472
181.967069
-88.184838
-645.332656
-616.827419
-470.414155
-487.906005
-912.245332
-1030.153358
-755.466527
-445.148149
-435.430455
-556.577713
-398.503216
-169.813472
47.862885
-173.700550
-202.205787
-20.160977
380.208036
289.509554
-58.383909
41.384422
538.282534
660.725484
235.738312
170.305835
417.135275
778.633511
560.957154
148.279061
76.368122
708.666110
655.542714
45.919346
-84.297761
314.127714
448.231898
-75.875759
-252.737798
-144.547466
-5.260512
37.497344
-206.740711
-449.035227
-268.286110
-66.158064
-198.966556
-423.769222
-725.665597
-312.987504
-192.488093
-590.265721
-623.953728
-593.504952
-548.155711
-185.361783
-614.883880
-809.885616
-493.736622
-366.110901
-369.350132
-751.579449
-687.442666
-121.872846
-139.364696
-588.322182
-526.776783
-246.259335
-42.187751
-27.287286
-42.187751
64.706888
137.265674
211.120152
211.120152
69.241813
166.418757
-4.612666
251.286623
296.635864
42.032268
156.053217
224.077078
349.759260
431.387894
322.549716
448.231898
706.722571
729.397192
695.709184
496.820370
664.612562
803.251670
722.270883
466.371594
576.505465
680.808719
626.389630
529.212685
437.218511
804.547363
589.462391
825.926291
626.389630
496.820370
540.226072
427.500816
245.456006
-134.829772
-40.892058
-200.910094
-215.162713
-539.733709
-644.036964
-529.368168
-469.118463
-609.053263
-844.869316
-828.025313
-480.779696
-379.067827
-723.722058
-732.144060
-369.997979
-286.425806
-494.384468
-581.843719
-485.962466
-130.942694
-166.574241
-368.702286
-370.645825
-186.657476
290.157401
382.151575
38.145190
108.760437
603.715010
757.902429
518.847145
265.539241
352.350646
704.779033
592.701623
178.079991
55.637040
441.753435
699.596262
419.726661
77.015968
134.026442
557.717923
490.341907
-101.789611
-335.662125
-123.816385
17.414109
-237.189487
-552.690635
-585.082950
-283.186575
-141.308235
-619.418804
-792.393766
-669.950816
-520.946167
-680.316356
-998.408889
-925.202258
-962.777343
-889.570711
-982.860578
-1085.868140
-980.917039
-763.240683
-531.311707
-731.496214
-708.821593
-152.321622
-76.523605
-338.253510
-386.841983
-9.147590
-6.556205
-119.929307
-265.046878
-211.275635
223.429232
248.047391
46.567192
73.128890
458.597439
728.749346
651.655636
530.508378
596.588701
669.147486
667.203947
803.899516
598.532239
310.240636
538.282534
888.767382
475.441442
135.969981
636.107325
959.382628
682.752258
500.059602
766.324431
987.240019
882.936765
645.825019
674.330256
721.623036
720.327344
332.267410
258.412932
104.225513
306.353558
202.050304
-182.122552
-71.340835
93.212126
157.348909
-63.566679
-84.297761
-182.770398
-149.082391
-241.076565
-331.775047
-565.647561
-564.351869
-224.232561
-351.210436
-547.507865
-487.906005
-118.633614
-52.553292
-233.302409
-130.942694
-112.802998
-68.101603
82.846585
-53.848984
63.411196
271.369858
221.485693
295.988017
133.378596
283.031091
424.261585
422.965892
269.426319
303.114327
321.901869
541.521765
680.808719
449.527590
295.988017
335.506642
499.411756
329.676025
-20.808823
20.653340
86.085816
-68.101603
-343.436280
-440.613225
-405.629525
-458.752922
-554.634174
-778.788994
-944.637647
-893.457789
-914.188871
-1131.217381
-1269.856489
-1132.513074
-1035.336129
-1115.021223
-1045.701669
-883.092248
-795.632998
-756.114373
-649.867580
-505.397855
-598.687723
-722.426366
-369.350132
-300.030578
-496.328007
-557.225559
-434.782609
-101.789611
-168.517779
-499.567239
-135.477618
346.520029
266.834934
6.400721
69.241813
474.793596
550.591613
250.638776
238.977543
429.444355
548.000228
553.182998
294.044479
342.632951
692.469953
748.832581
427.500816
453.414668
814.912904
837.587524
701.539801
343.280797
404.826196
774.098587
384.095114
60.819811
96.451357
353.646338
555.126537
242.864621
108.112591
436.570664
539.578226
397.699886
353.646338
206.585228
90.620740
173.545067
94.507818
82.846585
-200.910094
-228.767485
-17.569592
-116.690076
-230.711024
-265.694724
-122.520692
-62.270986
-128.351309
-122.520692
-217.106252
12.231338
108.112591
-134.181926
-88.184838
23.244725
275.904782
88.029355
58.876272
246.751699
474.145750
244.808160
148.926907
130.787211
393.812809
365.955418
-105.676688
106.816898
532.451917
617.319782
292.100940
255.821547
582.983928
682.752258
410.656812
137.265674
109.408283
492.285446
243.512467
-108.915920
-165.278548
-152.321622
-160.095778
-278.651650
-513.172011
-752.227296
-439.317533
-399.151062
-756.762220
-1012.013662
-670.598662
-428.304146
-628.488652
-955.003187
-966.016574
-607.757571
-494.384468
-614.236034
-730.848368
-588.322182
-286.425806
-387.489829
-592.857106
-480.131850
-346.027666
-125.112077
-218.401945
-314.931043
-78.467144
-107.620227
-1.373434
-22.104516
-102.437457
-139.364696
154.109678
299.227249
-102.437457
-70.045142
323.197562
510.425143
196.219687
28.427496
390.573577
543.465304
321.901869
38.145190
244.808160
620.559014
378.912344
-196.375170
36.201651
509.129450
72.481044
-301.974117
-234.598102
178.079991
91.268587
-273.468880
-316.874582
148.926907
81.550892
-191.840246
-366.758747
56.932733
170.953682
20.653340
28.427496
42.680114
186.501993
32.314573
-292.256423
-335.662125
62.763350
113.943207
-187.953168
-456.161537
-20.808823
485.806983
-48.018368
-259.216261
-27.935132
284.326784
667.203947
6.400721
31.018881
514.312220
882.936765
605.658549
110.703976
275.256936
823.982752
849.248757
198.163226
130.787211
700.891955
937.355854
523.382069
278.496167
481.272059
1024.815105
691.174260
411.304659
533.747609
559.661461
630.276708
421.670200
190.389071
295.988017
359.476955
21.949033
-31.822210
-199.614402
-189.896707
-236.541641
-254.033491
-177.587628
-438.669686
-380.363520
-321.409506
-500.215085
-575.365256
-559.816945
-553.338482
-529.368168
-727.609136
-772.958377
-535.846631
-527.424630
-561.112637
-528.720322
-412.755835
-274.764573
-443.204611
-456.809383
-455.513690
-366.110901
-193.135939
-394.616138
-300.030578
-274.764573
-31.822210
-116.042229
-239.133026
-318.818121
29.075342
28.427496
-60.327447
-70.692988
-3.964819
213.063691
218.894308
95.155665
-63.566679
207.233074
255.821547
166.418757
-14.330360
-97.254687
88.677202
66.002581
-285.130113
-191.840246
26.483957
73.128890
-246.907182
-449.035227
-84.297761
-14.978206
-265.694724
-357.041053
-257.272723
-62.918833
-37.004981
-208.036404
-364.167362
-145.195313
-100.493918
-236.541641
-399.151062
-196.375170
-40.244212
-133.534079
-208.684250
-106.972381
-112.155151
0.570105
130.787211
29.723188
-18.865284
233.794773
369.194649
204.641689
126.252287
268.778473
503.946680
364.659725
241.568928
299.227249
444.992666
387.334346
411.952505
469.610826
543.465304
655.542714
696.357031
687.287182
514.960067
645.825019
893.950152
671.738871
432.683587
393.164962
638.698710
673.682410
396.404194
117.182439
102.929820
329.028179
336.154488
-29.878671
-128.351309
63.411196
193.628302
1.865797
-370.645825
-249.498567
-65.510218
-303.917656
-419.234298
-390.081214
-544.268633
-495.032315
-418.586451
-507.989241
-548.155711
-510.580626
-393.968292
-379.715673
-370.645825
-472.357694
-252.737798
-239.780872
-427.656299
-484.018927
-519.002628
-557.225559
-436.078301
-395.263984
-505.397855
-380.363520
-160.095778
-77.819298
-150.378083
-0.725588
139.209213
178.079991
99.042742
193.628302
254.525854
272.017704
232.499080
135.969981
18.709801
262.947856
218.894308
41.384422
8.344260
85.437970
169.010143
-6.556205
96.451357
27.779649
-4.612666
31.018881
23.892572
68.593966
65.354735
51.102116
103.577666
18.709801
62.115503
170.953682
83.494431
-62.918833
-110.859459
32.314573
-178.883320
-203.501480
-111.507305
14.822723
-100.493918
-326.592277
-92.719762
-34.413595
-5.908358
-219.049791
9.639953
301.818634
210.472306
58.876272
68.593966
323.845408
234.442619
64.059042
-151.025929
128.195826
283.678938
112.647515
78.311661
235.738312
396.404194
317.366945
153.461831
165.770911
500.707448
437.866357
180.023530
240.273236
279.144014
314.127714
91.268587
-60.975294
206.585228
134.026442
34.905959
-62.918833
-7.851897
123.660902
189.741224
15.470570
49.158577
64.706888
54.989194
-29.230825
-198.966556
-182.770398
-173.052704
-255.977030
-331.775047
-301.326271
-234.598102
-103.733150
-9.795436
-74.580066
-297.439193
-133.534079
172.897220
-235.893795
-388.137675
-67.453757
-195.727324
-368.054440
-376.476442
-371.941518
-228.767485
-324.648738
-345.379819
-255.977030
-316.226736
-35.061442
-33.117903
-86.889146
-243.667950
-110.859459
-5.908358
54.989194
-218.401945
-221.641176
10.287799
129.491518
128.843672
-262.455493
-110.211613
222.781386
132.730750
23.892572
-221.641176
195.571841
371.786035
-14.330360
-41.539905
-11.091129
170.305835
-79.762836
-81.706375
-124.464231
-14.978206
-46.074829
-66.158064
25.188264
-144.547466
-134.181926
157.348909
-59.031755
-209.332096
-116.042229
53.693501
-123.816385
-249.498567
-94.663301
-87.536992
32.314573
-395.911831
-118.633614
287.566016
121.069516
107.464744
69.889659
292.748786
371.786035
177.432145
-71.340835
196.219687
310.240636
27.779649
37.497344
52.397809
255.821547
341.985105
301.818634
130.787211
231.851234
422.965892
167.066604
-57.736062
118.478131
264.891395
129.491518
55.637040
132.082904
124.956594
209.824460
-37.652827
-42.187751
207.880921
267.482780
75.720276
-147.138852
71.185351
200.754611
40.088729
-104.380996
-74.580066
39.440883
-75.227912
-70.045142
-129.647002
93.212126
268.778473
10.287799
123.660902
226.668463
302.466480
105.521205
53.045655
122.365209
29.723188
71.833198
36.849498
-35.709288
-102.437457
-193.783785
-145.843159
-199.614402
-234.598102
-24.695901
-49.961907
-84.297761
114.591054
-22.752362
-27.935132
85.437970
-17.569592
32.962420
28.427496
91.916433
-38.948520
-78.467144
102.281974
-49.961907
8.992107
69.889659
-8.499743
-23.400208
64.706888
47.862885
-38.948520
77.663814
145.687676
100.338435
-180.179013
-131.590540
-27.287286
-156.208700
-99.198225
-113.450844
-149.082391
-27.287286
-140.012542
-290.312884
-171.757011
1.865797
-255.977030
-433.486916
-300.678425
-138.716850
-100.493918
-334.366432
-204.797172
-151.025929
-184.713937
-197.023017
-206.092865
-111.507305
-108.268074
-46.074829
-44.131290
-138.069003
-143.251774
27.131803
-240.428719
-336.957817
56.284887
-42.835597
-169.165626
-33.117903
-74.580066
65.354735
-167.869933
-198.966556
-103.085303
-32.470057
-139.364696
-187.305322
-237.837334
-272.173187
56.284887
-232.654563
-211.275635
-24.048055
-68.749449
-25.343747
-41.539905
-2.669127
49.158577
136.617828
-40.892058
47.215038
66.650427
18.709801
318.662638
80.255200
89.325048
262.300010
234.442619
354.942031
261.004317
220.837847
365.955418
408.713274
351.054953
42.032268
330.971718
547.352382
195.571841
117.830285
146.983368
206.585228
270.722012
146.335522
-38.948520
135.969981
334.210949
170.953682
9.639953
138.561367
443.049127
94.507818
-132.886233
0.570105
198.163226
34.258112
2.513644
-119.281461
-6.556205
266.187088
-124.464231
-252.089952
-27.935132
108.112591
-90.128377
-302.621964
-21.456669
180.023530
-213.219174
-122.520692
-87.536992
-139.364696
-29.878671
-70.692988
-88.832685
-162.687163
-200.910094
89.325048
86.733663
-386.194136
-44.131290
53.693501
-44.131290
-86.889146
-196.375170
16.118416
-130.294848
-81.706375
-2.021280
-316.874582
-82.354222
235.738312
110.056129
-143.899620
-226.176100
242.864621
148.926907
-67.453757
-6.556205
26.483957
383.447268
321.254023
-57.088216
-17.569592
243.512467
375.673112
111.351822
-354.449668
-0.077742
403.530503
140.504905
-235.245948
-171.757011
194.276148
156.053217
-240.428719
-294.847808
65.354735
-43.483444
-125.759924
-263.751186
-192.488093
38.793036
-98.550379
-265.694724
-139.364696
-91.424070
-84.945607
-213.219174
-417.938605
-104.380996
-111.507305
-185.361783
-275.412419
-137.421157
1.217951
-27.935132
80.255200
-2.669127
-6.556205
-11.738975
170.305835
246.103852
29.723188
-149.082391
215.655076
320.606177
-16.921745
-341.492742
-33.765749
530.508378
75.072429
-355.745360
-161.391470
436.570664
351.702799
-254.033491
-395.263984
91.916433
460.540978
-96.606840
-404.333833
-66.805910
431.387894
400.291272
-219.697637
-306.509041
208.528767
502.650987
-71.340835
-412.107988
8.344260
510.425143
290.157401
-307.156888
-291.608576
434.627126
385.390807
-303.917656
-464.583538
213.063691
520.790683
4.457183
-358.336745
-85.593453
338.745873
211.767998
-309.748273
-440.613225
77.015968
340.041566
-166.574241
-475.596926
22.596879
225.372771
73.128890
-321.409506
-55.144677
315.423406
49.158577
8.992107
-44.131290
73.128890
273.313397
167.714450
1.865797
-73.932220
176.136452
164.475219
111.351822
5.105029
148.279061
151.518293
119.125978
70.537505
-202.853633
-65.510218
-80.410683
-18.865284
-83.649914
-258.568415
-181.474705
93.212126
-18.217438
-329.183662
-217.106252
-44.131290
-24.048055
-395.911831
-390.081214
-14.330360
41.384422
-281.243036
-385.546290
-108.915920
-35.709288
-142.603928
-318.818121
-281.243036
-124.464231
31.018881
51.749962
-117.985768
-40.244212
253.230162
127.547979
-110.859459
38.793036
-24.695901
181.967069
47.862885
-103.733150
-51.905446
71.833198
207.880921
29.723188
12.879184
143.096291
252.582315
72.481044
102.281974
233.146926
185.206300
90.620740
53.693501
104.225513
56.284887
137.265674
213.711537
42.032268
-3.964819
86.733663
91.268587
33.610266
10.935646
43.327961
139.857059
78.959507
54.989194
205.937382
144.391983
3.809336
99.690589
166.418757
196.867534
-9.147590
26.483957
157.996756
78.311661
-36.357134
-152.969468
9.639953
16.766262
36.849498
-92.719762
-85.593453
170.953682
283.031091
27.779649
-120.577153
-60.975294
177.432145
-0.725588
-167.869933
-106.972381
45.271499
101.634128
77.663814
-173.052704
-150.378083
151.518293
198.811072
-75.875759
-207.388557
180.671376
319.310484
8.992107
-66.158064
172.249374
152.813985
12.231338
-202.853633
5.105029
-110.211613
-195.079478
32.314573
-211.275635
-287.073652
-213.219174
-167.869933
-300.030578
-316.874582
-292.256423
-245.611489
-195.727324
-143.251774
-336.957817
-373.885057
-195.727324
-258.568415
-420.529990
-420.529990
-210.627789
-202.205787
-224.232561
-180.179013
-75.227912
-103.733150
18.709801
58.876272
-141.956081
-2.021280
297.283710
48.510731
-127.055616
31.666727
218.246461
167.066604
-11.091129
129.491518
143.096291
97.099203
123.013055
220.837847
100.986281
227.316310
301.170788
146.983368
-119.929307
75.072429
246.103852
-27.935132
-56.440370
25.188264
220.837847
128.843672
-17.569592
80.255200
216.302923
68.593966
-23.400208
93.212126
49.806424
25.188264
104.225513
49.158577
-110.859459
-108.268074
68.593966
41.384422
-25.343747
-46.074829
-90.776224
98.394896
8.344260
-99.198225
-149.730237
-136.125465
112.647515
62.763350
-287.073652
-151.025929
188.445532
141.800598
-186.009630
-209.332096
237.681850
159.940294
-38.948520
-75.227912
86.085816
155.405370
-10.443282
-59.679601
52.397809
56.284887
-52.553292
129.491518
123.660902
85.437970
250.638776
301.170788
297.283710
84.790124
146.983368
300.522942
208.528767
-28.582979
47.862885
140.504905
110.056129
44.623653
-203.501480
36.201651
91.916433
-52.553292
-187.305322
-99.846072
-0.725588
-25.991594
-149.730237
-134.181926
-57.736062
-67.453757
-81.058529
-170.461318
-265.046878
-144.547466
-83.002068
-236.541641
-265.046878
-158.152239
-174.996242
-244.963643
-129.647002
-83.002068
-180.179013
-5.908358
-54.496831
-239.133026
-101.789611
89.972894
-2.669127
-247.555028
-135.477618
108.112591
171.601528
63.411196
-30.526518
184.558454
378.912344
170.953682
11.583492
44.623653
294.692325
227.964156
-92.071916
-79.762836
199.458919
301.818634
-29.230825
-59.031755
266.834934
288.213862
12.879184
-109.563766
86.085816
253.878008
204.641689
75.720276
79.607353
197.515380
73.128890
74.424583
75.072429
79.607353
17.414109
52.397809
185.854146
67.946120
-72.636527
-55.792523
58.876272
-71.340835
-86.241299
-156.208700
-43.483444
67.298274
60.171964
-53.848984
-117.985768
135.969981
211.120152
-103.085303
-147.786698
104.225513
84.142277
-8.499743
-142.603928
-92.071916
-20.808823
-115.394383
-153.617315
-140.660389
-136.125465
-52.553292
-25.991594
-70.692988
-132.238387
34.258112
81.550892
-93.367609
-142.603928
-74.580066
-97.902533
-175.644089
-84.945607
-115.394383
-146.491005
-166.574241
-72.636527
-222.936869
-295.495654
-11.738975
-20.160977
-267.638263
-250.794260
-107.620227
-154.265161
-206.092865
-297.439193
-258.568415
-239.780872
-178.235474
-191.192400
-302.621964
-182.770398
-92.071916
-46.074829
-37.652827
-163.335009
-57.736062
74.424583
-46.722675
-177.587628
-17.569592
126.900133
155.405370
53.045655
-30.526518
100.338435
187.797685
65.354735
-119.281461
9.639953
244.808160
220.837847
84.790124
198.811072
293.396632
263.595702
58.228425
135.322135
234.442619
168.362296
108.112591
111.999668
203.345997
259.708625
145.687676
126.900133
265.539241
219.542154
192.980456
56.284887
72.481044
310.888482
181.967069
-14.978206
160.588141
263.595702
286.918169
-11.738975
44.623653
298.579403
221.485693
39.440883
-28.582979
211.120152
208.528767
57.580579
-42.835597
73.128890
123.013055
-6.556205
-112.802998
-27.287286
40.736575
9.639953
-49.314060
-149.082391
-93.367609
-97.254687
-94.015455
-90.128377
-127.703463
-151.025929
-36.357134
-57.088216
-167.222087
-87.536992
-20.808823
-34.413595
-116.042229
-129.647002
62.763350
71.833198
-168.517779
-19.513131
-23.400208
-141.308235
56.932733
-22.104516
-207.388557
-115.394383
1.865797
-8.499743
-163.982855
-130.294848
36.201651
-48.018368
-163.335009
-139.364696
-75.875759
-65.510218
-140.012542
-231.358871
-197.670863
-139.364696
-69.397296
-154.913007
-185.361783
-176.291935
-86.241299
-68.101603
-83.649914
-103.733150
-6.556205
74.424583
-50.609753
44.623653
119.773824
88.677202
5.752875
-52.553292
-81.706375
-22.104516
42.032268
-16.273899
5.752875
98.394896
73.128890
91.916433
-28.582979
4.457183
111.351822
-12.386821
-38.948520
0.570105
-14.330360
27.131803
20.653340
71.833198
111.999668
-32.470057
-11.738975
36.201651
12.231338
-14.978206
37.497344
72.481044
-42.835597
-145.843159
12.879184
8.344260
-60.975294
-88.832685
4.457183
182.614915
10.935646
-66.158064
74.424583
163.179526
120.421670
-33.765749
-68.749449
70.537505
161.235987
21.949033
-165.926394
-9.795436
172.249374
32.962420
-116.690076
3.809336
159.940294
172.249374
-43.483444
-83.002068
148.279061
264.243549
39.440883
-141.956081
-16.273899
198.811072
90.620740
-271.525341
-131.590540
168.362296
164.475219
-99.846072
-130.942694
146.983368
169.010143
-55.144677
-198.966556
-38.300673
231.203387
124.956594
-237.189487
-112.155151
137.265674
202.698150
-46.722675
-184.066091
110.056129
196.867534
36.849498
-220.993330
-173.052704
16.766262
-24.695901
-236.541641
-243.020104
-63.566679
146.983368
-121.872846
-369.997979
-115.394383
110.056129
-25.343747
-230.063178
-76.523605
91.916433
159.940294
36.201651
-59.031755
8.344260
164.475219
132.082904
-75.227912
-92.719762
104.225513
161.883833
-38.300673
-95.958994
14.822723
154.109678
157.348909
19.357647
-65.510218
81.550892
191.036917
8.344260
-160.095778
-46.722675
134.026442
155.405370
-4.612666
-94.663301
110.056129
220.190000
31.018881
-176.939781
-143.899620
54.341348
63.411196
-193.783785
-204.797172
7.696414
97.099203
-44.779136
-104.380996
-15.626053
66.650427
2.513644
-154.913007
-116.042229
30.371035
69.889659
3.809336
-115.394383
-77.819298
106.816898
-35.061442
-241.724411
-94.015455
20.653340
14.174877
-20.160977
-18.217438
96.451357
167.066604
145.687676
19.357647
-17.569592
150.222600
114.591054
-83.002068
-19.513131
168.362296
159.940294
-1.373434
-52.553292
100.338435
200.754611
73.776737
20.653340
-18.217438
135.322135
252.582315
111.351822
128.195826
139.209213
165.770911
110.703976
64.059042
42.032268
62.763350
3.809336
-36.357134
-4.612666
57.580579
28.427496
55.637040
27.779649
-15.626053
24.540418
-67.453757
-118.633614
-48.666214
-9.795436
-99.846072
-141.308235
-120.577153
-39.596366
-42.187751
-75.875759
-72.636527
-67.453757
-58.383909
-106.324535
-103.733150
-90.128377
-106.972381
-68.749449
-96.606840
-149.730237
-130.942694
-48.666214
-94.015455
-97.254687
-75.875759
-95.311148
-109.563766
-72.636527
-91.424070
-116.690076
-44.779136
-27.287286
-38.948520
-7.851897
-41.539905
-55.144677
-27.935132
-18.217438
7.696414
-105.028842
-136.125465
53.045655
49.806424
-127.703463
-220.993330
-94.015455
20.653340
-90.776224
-201.557941
-123.816385
31.018881
50.454270
-83.002068
-69.397296
71.185351
121.069516
-16.921745
-90.776224
-75.227912
8.992107
-43.483444
-153.617315
-53.201138
5.752875
-7.204051
-14.978206
67.946120
84.790124
67.946120
21.949033
128.195826
168.362296
7.696414
-7.851897
116.534592
149.574754
109.408283
89.325048
135.322135
178.079991
146.335522
135.969981
157.348909
213.063691
174.192913
106.169052
106.816898
194.923995
225.372771
101.634128
62.115503
75.072429
82.198739
116.534592
128.843672
100.338435
126.252287
156.053217
116.534592
107.464744
74.424583
123.013055
103.577666
-20.160977
-48.018368
7.048568
-23.400208
-73.284373
-106.972381
-117.337922
-94.015455
-152.321622
-170.461318
-187.953168
-68.101603
-70.692988
-152.321622
-146.491005
-80.410683
-88.184838
-158.152239
-92.071916
-52.553292
-48.666214
-151.673776
-188.601015
-122.520692
-70.045142
-74.580066
-130.294848
-103.733150
-32.470057
-12.386821
-94.663301
-93.367609
45.271499
57.580579
-76.523605
-78.467144
67.298274
66.650427
30.371035
-60.327447
-34.413595
67.946120
18.709801
-4.612666
25.836110
41.384422
16.118416
-66.805910
-125.759924
-146.491005
-82.354222
-42.835597
-81.058529
-97.902533
-93.367609
-55.792523
-96.606840
-170.461318
-105.676688
-84.945607
-86.241299
-73.932220
-108.268074
-64.862372
3.161490
-25.343747
-119.281461
-55.144677
70.537505
53.045655
-37.004981
-14.978206
51.102116
88.029355
10.287799
-31.174364
29.075342
53.045655
11.583492
60.171964
143.096291
152.813985
170.305835
195.571841
167.714450
102.281974
89.972894
113.295361
154.757524
130.787211
120.421670
127.547979
121.069516
68.593966
73.128890
106.169052
61.467657
14.822723
27.131803
99.690589
97.099203
110.703976
73.776737
75.072429
46.567192
2.513644
12.879184
10.287799
46.567192
35.553805
-7.851897
-15.626053
62.763350
2.513644
-99.846072
-92.719762
-51.905446
-114.098690
-94.663301
-99.846072
-94.663301
-32.470057
4.457183
-44.779136
-78.467144
23.892572
-31.174364
-26.639440
33.610266
67.946120
31.666727
85.437970
91.268587
43.975807
43.975807
60.819811
47.215038
-21.456669
-1.373434
61.467657
99.690589
115.886746
61.467657
69.241813
151.518293
123.660902
113.295361
67.298274
69.889659
135.322135
140.504905
12.231338
14.174877
80.903046
30.371035
-8.499743
-31.174364
-27.935132
-67.453757
-81.706375
-140.660389
-149.082391
-117.337922
-91.424070
-117.337922
-184.713937
-158.800085
-88.184838
-132.238387
-185.361783
-216.458406
-209.332096
-112.155151
-127.703463
-175.644089
-158.800085
-92.071916
-46.074829
-145.843159
-147.138852
-93.367609
-154.913007
-242.372258
-226.176100
-202.853633
-125.759924
-77.171451
-83.002068
-38.948520
18.061955
-43.483444
-42.835597
79.607353
66.650427
10.935646
-2.669127
83.494431
106.816898
44.623653
-7.204051
75.072429
114.591054
61.467657
-21.456669
15.470570
156.701063
107.464744
42.032268
51.749962
181.319222
183.910608
113.943207
82.198739
166.418757
136.617828
54.341348
9.639953
86.733663
198.163226
68.593966
-37.004981
5.752875
64.059042
-9.147590
-46.074829
-18.217438
36.201651
38.793036
3.809336
-11.738975
29.075342
113.295361
86.085816
-29.878671
-62.918833
70.537505
88.677202
-16.921745
-12.386821
81.550892
88.029355
-2.669127
18.709801
60.171964
84.790124
71.185351
69.889659
-2.669127
87.381509
148.279061
26.483957
51.749962
117.182439
110.703976
23.244725
-27.287286
34.905959
68.593966
10.287799
-38.300673
0.570105
73.128890
55.637040
-33.765749
-23.400208
24.540418
31.018881
-51.905446
-122.520692
-61.623140
-38.948520
-73.932220
-110.211613
-148.434544
-113.450844
-88.832685
-154.265161
-162.687163
-145.195313
-93.367609
-138.716850
-208.036404
-169.165626
-143.251774
-168.517779
-151.025929
-89.480531
-117.985768
-187.305322
-186.657476
-205.445019
-224.880408
-174.348396
-138.716850
-141.956081
-94.015455
-58.383909
-37.004981
-24.695901
-72.636527
-14.978206
42.680114
-6.556205
-15.626053
58.876272
-23.400208
-57.088216
19.357647
5.752875
49.158577
52.397809
54.989194
49.158577
62.763350
69.241813
50.454270
106.816898
84.790124
49.806424
33.610266
25.836110
62.115503
88.029355
46.567192
31.018881
52.397809
29.723188
-4.612666
-14.978206
-0.077742
14.822723
49.806424
48.510731
97.099203
132.082904
72.481044
-2.021280
10.935646
11.583492
11.583492
43.327961
64.059042
104.873359
113.943207
111.351822
43.327961
28.427496
69.241813
83.494431
42.032268
-1.373434
48.510731
112.647515
92.564279
67.298274
108.760437
163.179526
138.561367
62.115503
64.059042
103.577666
68.593966
56.932733
65.354735
44.623653
73.128890
115.238900
86.733663
14.174877
72.481044
124.308748
14.822723
-28.582979
74.424583
95.803511
33.610266
-21.456669
-14.978206
34.258112
-3.316973
-44.131290
-40.892058
-5.908358
31.018881
15.470570
-29.230825
-25.343747
23.892572
-15.626053
-92.719762
-88.184838
-44.779136
-54.496831
-126.407770
-165.278548
-130.294848
-83.002068
-112.155151
-179.531167
-120.577153
-84.297761
-134.829772
-155.560853
-124.464231
-90.128377
-110.859459
-112.155151
-116.042229
-67.453757
-66.805910
-116.042229
-162.039316
-151.025929
-98.550379
-81.706375
-120.577153
-127.055616
-63.566679
-54.496831
-60.327447
-75.875759
-81.058529
-91.424070
-103.085303
-98.550379
-90.128377
-38.300673
-38.948520
-34.413595
5.752875
22.596879
16.766262
4.457183
-34.413595
-46.722675
-30.526518
-9.147590
-33.117903
-7.851897
34.905959
-21.456669
-40.244212
33.610266
80.255200
82.846585
78.311661
90.620740
106.169052
77.663814
76.368122
69.241813
75.720276
71.833198
80.903046
91.268587
102.929820
106.169052
103.577666
85.437970
62.763350
66.002581
60.819811
61.467657
86.733663
87.381509
77.015968
86.733663
51.102116
51.102116
79.607353
38.145190
67.298274
93.212126
69.889659
32.314573
20.653340
62.115503
75.072429
96.451357
82.198739
43.975807
69.889659
43.975807
53.045655
71.833198
46.567192
47.862885
22.596879
16.118416
42.032268
85.437970
53.693501
37.497344
31.666727
14.174877
23.892572
25.836110
-4.612666
-61.623140
-57.088216
-64.862372
-113.450844
-128.999155
-90.128377
-97.902533
-62.270986
-13.682514
3.161490
16.118416
-26.639440
-44.131290
-20.160977
0.570105
-17.569592
8.992107
-33.117903
-64.214525
-53.201138
-64.214525
-117.337922
-114.098690
-51.257599
-42.187751
-67.453757
-53.848984
-11.738975
-38.948520
-88.184838
-78.467144
-46.722675
-14.330360
-33.117903
-71.340835
-66.158064
-8.499743
13.527031
-66.805910
-72.636527
-65.510218
-29.230825
-72.636527
-95.958994
-43.483444
-44.779136
-92.071916
-110.859459
-90.776224
-73.932220
-61.623140
-57.088216
-37.652827
-8.499743
0.570105
14.822723
22.596879
9.639953
12.231338
23.892572
38.793036
14.822723
3.161490
12.879184
23.244725
11.583492
11.583492
19.357647
19.357647
41.384422
48.510731
69.241813
69.889659
47.862885
32.314573
37.497344
17.414109
38.145190
75.720276
97.099203
86.085816
66.650427
75.072429
85.437970
88.029355
56.932733
89.325048
106.169052
74.424583
96.451357
124.956594
66.002581
42.680114
49.806424
48.510731
67.946120
111.351822
133.378596
96.451357
70.537505
45.271499
42.032268
31.018881
-1.373434
2.513644
0.570105
-79.114990
-74.580066
-39.596366
-32.470057
-47.370521
-47.370521
-64.862372
-58.383909
-48.018368
-90.128377
-79.114990
-43.483444
-35.061442
-90.776224
-106.972381
-101.789611
-102.437457
-136.773311
-136.773311
-100.493918
-49.314060
-46.074829
-54.496831
-29.878671
-22.104516
-41.539905
-37.004981
-22.104516
-42.187751
-53.848984
-64.214525
-51.257599
-35.709288
-21.456669
-24.048055
-53.848984
-2.669127
20.653340
-9.795436
-33.117903
-55.144677
-14.330360
5.752875
-30.526518
-26.639440
7.048568
16.766262
-9.795436
-11.091129
0.570105
30.371035
24.540418
1.865797
1.217951
0.570105
48.510731
20.653340
-46.722675
-14.330360
-7.204051
-28.582979
-57.736062
-35.061442
25.836110
22.596879
-1.373434
3.809336
29.723188
20.653340
-14.978206
-17.569592
27.779649
26.483957
4.457183
-8.499743
-19.513131
-22.752362
-19.513131
-6.556205
-35.061442
-26.639440
-9.795436
2.513644
-33.765749
-29.230825
7.696414
-3.316973
-22.104516
-2.669127
18.709801
27.779649
8.992107
-12.386821
28.427496
58.228425
42.680114
6.400721
18.061955
12.231338
39.440883
50.454270
38.145190
40.736575
44.623653
16.118416
8.344260
54.341348
61.467657
53.693501
27.131803
14.822723
10.287799
20.005494
34.905959
27.779649
26.483957
17.414109
27.779649
39.440883
18.709801
21.301186
38.145190
36.849498
34.905959
16.766262
25.188264
45.919346
31.018881
34.258112
47.215038
55.637040
48.510731
25.188264
40.088729
57.580579
56.932733
45.919346
20.653340
45.919346
31.666727
8.344260
22.596879
49.158577
15.470570
-37.652827
-35.061442
-46.722675
-36.357134
-33.117903
-52.553292
-31.822210
1.217951
-20.808823
-55.144677
-54.496831
-49.961907
-58.383909
-77.819298
-57.736062
-33.117903
3.809336
-8.499743
-43.483444
-25.991594
-7.204051
-12.386821
-38.948520
-37.652827
3.161490
-11.738975
-27.287286
-29.878671
-24.695901
-7.204051
-11.738975
-29.230825
-46.722675
-64.862372
-78.467144
-81.058529
-57.088216
-5.908358
10.935646
6.400721
-10.443282
6.400721
11.583492
-3.316973
-11.738975
-0.725588
-4.612666
2.513644
7.048568
10.935646
6.400721
-2.669127
-16.273899
-11.738975
-7.851897
-22.104516
-31.822210
-51.257599
-60.327447
-54.496831
-56.440370
-56.440370
-40.892058
-48.666214
-52.553292
-54.496831
-47.370521
-53.848984
-46.074829
-52.553292
-50.609753
-9.147590
-20.160977
-46.074829
-21.456669
-4.612666
-6.556205
-22.752362
-13.034668
27.779649
41.384422
18.709801
12.879184
35.553805
24.540418
24.540418
31.666727
32.962420
30.371035
34.258112
27.131803
29.075342
45.919346
49.806424
56.932733
70.537505
89.325048
63.411196
62.115503
68.593966
64.706888
90.620740
90.620740
74.424583
77.015968
87.381509
76.368122
54.341348
68.593966
82.198739
77.663814
61.467657
39.440883
39.440883
27.131803
25.188264
12.879184
12.879184
28.427496
27.131803
10.287799
-14.330360
-0.725588
-2.021280
-3.964819
-16.921745
-41.539905
-32.470057
-35.061442
-33.765749
-28.582979
-4.612666
18.709801
-14.330360
-36.357134
-25.991594
-25.343747
-37.652827
-57.736062
-59.679601
-44.779136
-48.666214
-71.988681
-66.805910
-55.144677
-71.340835
-78.467144
-81.058529
-64.214525
-56.440370
-58.383909
-49.961907
-41.539905
-57.088216
-45.426983
-24.695901
-48.018368
-38.948520
-31.174364
-13.034668
-16.273899
-24.048055
-36.357134
-29.230825
-25.991594
-41.539905
-31.174364
-37.652827
-18.865284
1.217951
-7.204051
-13.682514
-24.048055
-12.386821
-8.499743
-7.204051
16.118416
14.822723
-8.499743
-25.991594
-22.104516
8.992107
14.174877
1.865797
14.174877
7.048568
10.287799
21.949033
23.244725
47.862885
57.580579
48.510731
41.384422
32.314573
34.905959
30.371035
36.849498
27.779649
15.470570
21.301186
14.174877
5.752875
11.583492
32.314573
24.540418
39.440883
36.201651
18.061955
43.975807
41.384422
34.258112
47.862885
37.497344
30.371035
53.045655
42.032268
36.849498
38.793036
29.723188
16.766262
2.513644
8.992107
-11.091129
-37.004981
-33.117903
-23.400208
-24.048055
-9.147590
8.344260
3.809336
8.992107
-0.725588
-13.034668
-40.244212
-26.639440
-14.330360
-27.287286
-33.117903
-37.004981
-25.991594
-29.878671
-34.413595
-44.131290
-31.174364
-42.835597
-55.792523
-43.483444
-47.370521
-41.539905
-27.287286
-22.752362
-38.300673
-37.652827
-42.187751
-29.230825
-3.316973
-9.147590
-17.569592
-30.526518
-42.187751
-38.300673
-50.609753
-47.370521
-38.300673
-36.357134
-36.357134
-46.074829
-49.314060
-38.300673
-24.048055
-34.413595
-49.314060
-46.722675
-18.217438
-18.217438
-15.626053
-7.851897
-7.851897
-0.077742
-18.217438
-9.147590
-3.316973
7.048568
-2.021280
-12.386821
-22.104516
-10.443282
-9.147590
-9.147590
-0.077742
12.879184
23.892572
10.935646
17.414109
15.392828
