838.172283
-11.122574
107.397911
-11.122574
48.749387
-11.122574
24.815896
-11.122574
10.975762
-11.122574
1.952912
-11.122574
-4.011345
-11.122574
-7.681657
-11.122574
-9.822672
-11.122574
-10.893180
-11.122574
-11.122574
-10.893180
-11.122574
-10.893180
-11.122574
-10.969644
-11.122574
-11.046109
-11.122574
-11.122574
-11.122574
-11.122574
-11.046109
-11.122574
-11.122574
-11.122574
-11.122574
-11.122574
-11.122574
-11.122574
-11.122574
-11.122574
-11.122574
-11.122574
-11.122574
-11.122574
-11.122574
-11.122574
-11.122574
-11.122574
-11.122574
-11.122574
-11.122574
-11.122574
-11.122574
-11.122574
-11.122574
-11.122574
-11.122574
-11.122574
-11.122574
-11.122574
-11.122574
-11.122574
-11.122574
-11.122574
-11.122574
-11.122574
-11.046109
-11.122574
-11.122574
-11.122574
-11.122574
-11.122574
-11.122574
-11.122574
-11.046109
-11.122574
-11.122574
-11.122574
-11.046109
-11.046109
-11.122574
-11.122574
-11.122574
-11.122574
-11.046109
-11.046109
-11.122574
-11.122574
-11.122574
-11.122574
-11.122574
-11.122574
-11.122574
-11.046109
-11.122574
-11.122574
-11.122574
-11.046109
-11.122574
-11.122574
-11.122574
-11.122574
-11.122574
-11.122574
-11.122574
-11.122574
-11.122574
-11.122574
-11.122574
-11.122574
-11.122574
-11.122574
-11.122574
-11.122574
-11.122574
-11.122574
-11.122574
-11.122574
-11.122574
-11.122574
-11.122574
-11.122574
-11.122574
-11.122574
-11.122574
-11.122574
-11.122574
-11.122574
-11.122574
-11.122574
-11.122574
-11.046109
-11.122574
-11.046109
-11.122574
-11.122574
-11.122574
-11.122574
-11.122574
-11.122574
-11.046109
-11.122574
-11.122574
-11.046109
-11.122574
-11.122574
-11.122574
-11.122574
-11.122574
-11.122574
-11.122574
-11.122574
-11.122574
-11.122574
-11.122574
-11.122574
-11.122574
-11.122574
-11.122574
-11.122574
-11.122574
-11.122574
-11.122574
-11.122574
-11.122574
-11.122574
-11.122574
-11.122574
-11.122574
-11.122574
-11.122574
-11.122574
-11.122574
-11.122574
-11.122574
-11.122574
-11.122574
-11.122574
-11.122574
-11.122574
-11.122574
-11.122574
-11.122574
-11.122574
-11.122574
-11.122574
-11.122574
-11.046109
-11.122574
-11.122574
-11.122574
-11.122574
-11.122574
-11.122574
-11.122574
-11.122574
-11.122574
-11.122574
-11.122574
-11.122574
-11.122574
-11.122574
-11.122574
-11.046109
-11.122574
-11.046109
-11.122574
-11.122574
-11.046109
-11.122574
-11.046109
-11.122574
-11.122574
-11.122574
-11.122574
-11.122574
-11.122574
-11.122574
-11.122574
-11.122574
-11.122574
-11.122574
-11.122574
-11.122574
-11.122574
-11.122574
-11.122574
-11.122574
-11.122574
-11.122574
-11.046109
-11.122574
-11.122574
-11.122574
-11.122574
-11.122574
-11.122574
-11.046109
-11.122574
-11.046109
-11.122574
-11.122574
-11.122574
-11.122574
-11.122574
-11.122574
-11.046109
-11.122574
-11.122574
-11.122574
-11.046109
-11.046109
-11.122574
-11.122574
-11.122574
-11.122574
-11.122574
-11.122574
-11.122574
-11.122574
-11.122574
-11.046109
-11.122574
-11.122574
-11.122574
-11.122574
-11.122574
-11.122574
-11.122574
-11.046109
-11.122574
-11.122574
-11.122574
-11.122574
-11.122574
-11.122574
-11.122574
-11.122574
-11.122574
-11.122574
-11.046109
-11.122574
-11.122574
-11.122574
-11.122574
-11.122574
-11.122574
-11.122574
-11.122574
-11.122574
-11.122574
-11.122574
-11.122574
-11.122574
-11.046109
-11.122574
-11.046109
-11.122574
-11.122574
-11.122574
-11.122574
-11.122574
-11.122574
-11.046109
-11.122574
-11.122574
-11.122574
-11.122574
-11.122574
-11.122574
-11.122574
-11.122574
-11.122574
-11.046109
-11.122574
-11.122574
-11.122574
-11.122574
-11.122574
-11.122574
-11.122574
-11.122574
-11.122574
-11.122574
-11.046109
-11.122574
-11.122574
-11.122574
-11.122574
-11.122574
-11.122574
-11.122574
-11.122574
-11.122574
-11.122574
-11.122574
-11.122574
-11.122574
-11.122574
-11.122574
-11.122574
-11.122574
-11.122574
-11.122574
-11.122574
-11.122574
-11.046109
-11.122574
-11.122574
-11.122574
-11.046109
-11.122574
-11.122574
-11.122574
-11.122574
-11.122574
-11.122574
-11.122574
-11.046109
-11.122574
-11.122574
-11.122574
-11.122574
-11.122574
-11.046109
-11.122574
-11.122574
-11.122574
-11.046109
-11.122574
-11.122574
-11.122574
-11.122574
-11.122574
-11.122574
-11.122574
-11.122574
-11.122574
-11.122574
-11.122574
-11.122574
-11.122574
-11.122574
-11.122574
-11.122574
-11.122574
-11.122574
-11.122574
-11.122574
-11.122574
-11.122574
-11.122574
-11.046109
-11.122574
-11.122574
-11.122574
-11.122574
-11.046109
-11.122574
-11.122574
-11.122574
-11.122574
-11.122574
-11.122574
-11.122574
-11.122574
-11.122574
-11.122574
-11.122574
-11.122574
-11.122574
-11.122574
-11.122574
-11.122574
-11.122574
-11.122574
-11.122574
-11.122574
-11.122574
-11.122574
-11.122574
-11.122574
-11.122574
-11.122574
-11.122574
-11.122574
-11.122574
-11.122574
-11.122574
-11.122574
-11.122574
-11.122574
-11.122574
-11.122574
-11.046109
-11.046109
-11.122574
-11.122574
-11.122574
-11.122574
-11.122574
-11.122574
-11.122574
-11.122574
-11.122574
-11.122574
-11.122574
-11.046109
-11.122574
-11.122574
-11.122574
-11.122574
-11.122574
-11.122574
-11.122574
-11.122574
-11.046109
-11.122574
-11.122574
-11.122574
-11.122574
-11.122574
-11.046109
-11.046109
-11.122574
-11.122574
-11.122574
-11.122574
-11.122574
-11.122574
-11.122574
-11.122574
-11.046109
-11.122574
-11.046109
-11.122574
-11.122574
-11.046109
-11.122574
-11.122574
-11.046109
-11.122574
-11.122574
-11.122574
-11.046109
-11.122574
-11.122574
-11.046109
-11.122574
-11.122574
-11.122574
-11.122574
-11.122574
-11.122574
-11.046109
-11.122574
-11.122574
-11.122574
-11.122574
-11.122574
-11.122574
-11.122574
-11.122574
-11.122574
-11.122574
-11.122574
-11.122574
-11.122574
-11.046109
-11.046109
-11.122574
-11.122574
-11.122574
-11.122574
-11.122574
-11.122574
-11.122574
-11.122574
-11.122574
-11.122574
-11.122574
-11.046109
-11.122574
-11.122574
-11.046109
-11.122574
-11.122574
-11.122574
-11.122574
-11.046109
-11.122574
-11.046109
-11.122574
-11.122574
-11.122574
-11.122574
-11.122574
-11.046109
-11.122574
-11.046109
-11.122574
-10.128531
-6.228825
-2.099724
0.653010
3.864532
7.993633
11.587480
15.945975
19.463358
22.598416
25.962868
29.786110
33.609351
36.744409
40.797045
44.390892
47.449485
51.807980
54.484249
58.154561
61.824873
65.571650
68.936102
72.606414
76.659050
79.947037
83.387955
85.911294
90.116860
93.787171
96.692835
100.821936
104.186388
107.627306
111.144688
114.967929
119.173495
122.385018
125.061287
129.113923
132.325445
136.072222
139.054350
142.877592
146.242044
149.377102
153.123879
156.488331
160.388038
162.911377
166.505224
169.716747
173.463523
176.598581
180.192428
183.709810
186.997798
190.285786
193.956098
197.244085
200.532073
203.743596
207.337443
211.160684
214.372207
216.819081
220.259999
224.159705
226.453650
229.894567
233.717809
237.005796
240.293784
243.887631
246.716830
250.004817
253.445735
257.116046
260.174640
263.615557
266.521220
269.732743
273.020731
276.767507
280.208425
283.190553
287.013795
290.072388
292.901586
296.036644
299.783421
302.689085
305.747678
309.341525
311.941329
315.152852
318.440839
321.346503
324.710955
327.540154
330.904606
334.039664
337.251187
340.003921
343.291909
347.115150
350.326673
353.155872
355.679211
359.349523
362.331651
365.849033
369.137021
371.736825
374.413094
377.930476
381.065534
383.971198
387.029791
389.935455
393.376372
396.511430
399.264164
402.093362
405.534280
408.669338
411.651466
414.862989
417.462793
420.903710
423.656444
426.409178
429.238377
432.755759
436.426071
438.643551
441.625679
445.678315
448.354584
451.030853
453.248333
461.353605
507.844221
563.434152
610.536486
653.280326
689.142331
720.187051
749.549546
784.264578
830.602265
880.304403
924.118750
961.127728
995.689831
1030.787187
1061.908373
1097.311588
1139.520174
1186.775438
1230.819180
1270.504426
1305.907642
1338.175800
1373.043762
1411.199712
1451.726071
1495.999207
1540.654667
1582.710323
1616.431313
1643.270468
1673.779935
1709.947799
1751.162342
1792.300420
1829.309397
1864.024430
1895.604404
1924.125785
1948.518066
1978.262884
2014.889537
2055.415897
2094.948213
2130.810218
2161.013826
2189.076418
2216.297897
2243.901700
2275.099351
2311.267215
2345.599923
2377.332827
2408.989266
2438.963479
2466.490818
2494.324016
2523.992369
2554.501836
2588.911009
2621.332097
2647.100744
2655.588340
2653.829649
2657.652891
2675.622125
2715.536766
2762.409707
2798.195247
2815.246903
2814.711650
2808.441534
2809.894365
2824.881472
2860.743477
2912.816025
2963.282813
2997.462591
3008.702921
3009.773429
3011.761514
3025.601648
3058.634454
3108.565988
3162.167833
3198.488627
3219.439990
3229.227488
3238.862057
3252.625726
3270.442031
3299.498666
3335.054812
3368.393477
3395.156167
3413.966515
3423.677548
3426.047958
3431.018172
3444.246587
3466.344923
3492.342965
3519.717374
3540.057018
3550.456235
3550.150376
3550.150376
3560.778987
3576.607207
3596.717457
3618.357003
3640.225944
3658.118714
3669.359044
3677.693711
3691.380915
3710.114798
3729.842724
3750.870552
3769.757365
3786.885487
3803.172495
3815.253938
3828.023565
3845.075222
3864.879612
3886.060370
3903.264956
3914.352357
3924.675109
3935.915438
3953.120025
3969.330569
3985.388183
4001.598727
4015.744720
4026.985050
4038.148915
4050.842077
4065.752718
4084.945390
4100.238356
4117.748802
4136.253291
4151.622721
4162.098403
4171.809436
4183.432090
4197.119295
4211.953471
4227.399367
4243.686376
4259.667525
4273.584124
4282.989298
4291.782753
4303.023083
4319.845345
4335.138311
4341.102568
4332.844366
4316.098569
4302.181970
4304.552379
4327.033039
4355.019167
4373.064866
4375.511741
4363.277368
4344.237626
4330.091632
4328.791730
4349.207840
4388.969551
4428.196008
4451.747175
4457.329108
4448.459188
4436.148350
4432.936828
4450.064949
4484.627052
4523.318255
4552.221961
4567.056138
4572.179281
4568.432505
4561.627135
4558.339147
4565.068052
4579.825764
4597.794999
4617.905249
4635.033371
4637.862569
4627.004564
4611.558668
4600.700663
4598.712577
4606.894314
4625.322337
4644.515010
4656.443523
4654.608367
4647.344208
4642.832783
4639.774190
4638.474288
4647.726532
4665.772232
4684.735510
4697.122812
4703.392928
4708.133747
4710.274763
4710.962946
4710.657087
4718.532964
4730.843802
4742.619385
4753.324461
4760.818015
4767.011666
4768.693892
4768.082173
4764.870651
4763.417819
4769.076216
4780.698870
4792.397989
4802.261952
4807.308631
4808.837927
4809.449646
4808.149744
4809.526111
4818.701890
4831.777376
4846.840947
4860.604617
4870.697974
4876.509301
4876.738696
4873.297778
4873.297778
4879.567894
4891.572872
4906.101190
4919.482535
4928.123061
4930.111146
4926.364370
4921.700015
4922.082339
4929.652357
4935.540149
4926.517299
4905.107147
4879.720824
4868.480494
4874.674145
4891.955197
4908.548064
4914.894645
4904.342499
4881.403050
4856.551981
4841.335480
4850.358329
4878.420922
4908.395135
4931.258119
4944.562999
4943.416026
4929.270033
4914.206462
4915.047575
4935.004895
4960.620613
4982.030765
4997.247266
5000.000000
5000.000000
4997.935450
4984.324710
4972.013873
4966.967194
4967.961237
4980.425004
4997.553125
5000.000000
4999.847070
4992.812306
4974.078423
4952.438876
4936.763586
4939.669250
4955.421005
4972.472662
4981.342582
4985.242288
4985.089358
4974.154888
4958.326668
4949.609678
4954.121103
4968.343561
4983.330667
4997.094336
5000.000000
4999.541211
5000.000000
4994.647462
4982.718949
4976.295903
4977.442875
4986.312796
4998.700098
5000.000000
4999.847070
5000.000000
4998.547168
4985.624612
4972.549126
4972.166802
4983.101273
4997.400196
5000.000000
5000.000000
4999.847070
5000.000000
4998.241309
4995.182716
4998.700098
5000.000000
5000.000000
5000.000000
5000.000000
5000.000000
5000.000000
5000.000000
5000.000000
5000.000000
5000.000000
5000.000000
5000.000000
5000.000000
5000.000000
4999.923535
5000.000000
4999.770606
5000.000000
4994.647462
4975.301860
4968.572955
4976.372368
4989.600783
4998.929492
5000.000000
4995.565040
4971.325689
4940.357433
4916.729801
4918.412027
4944.486534
4977.442875
4998.623633
5000.000000
4999.770606
4999.923535
4985.701077
4968.649420
4975.378325
4994.647462
5000.000000
4999.770606
5000.000000
4999.923535
5000.000000
5000.000000
4998.623633
4984.554105
4973.237310
4969.949322
4985.242288
5000.000000
4999.770606
4999.847070
4986.083401
4963.679206
4938.369348
4919.788394
4919.941324
4936.457727
4951.903623
4963.526277
4974.078423
4972.854986
4957.944344
4938.292883
4926.364370
4929.040639
4936.840051
4947.545127
4966.584870
4982.642484
4984.707034
4972.013873
4959.779500
4952.438876
4941.122082
4930.875795
4932.022767
4945.709971
4958.020809
4964.061530
4965.514362
4958.938387
4941.963195
4924.146890
4913.594743
4915.582829
4926.058510
4939.822180
4951.291904
4956.109188
4956.262118
4946.780479
4939.210461
4935.234290
4934.851966
4940.357433
4948.386240
4958.403133
4964.290925
4964.367390
4961.308796
4957.867879
4951.368369
4947.468662
4949.456748
4956.797372
4963.373347
4961.002937
4948.003916
4922.235269
4889.355392
4861.292800
4853.875712
4864.733717
4879.338500
4890.196505
4889.584787
4877.962133
4855.405008
4828.412924
4811.131872
4814.802184
4832.006771
4851.658232
4868.404029
4880.791331
4886.679123
4879.720824
4866.186549
4859.304714
4861.751589
4863.663210
4868.480494
4880.561937
4898.913496
4909.847967
4906.712909
4895.090254
4878.344457
4859.151785
4840.876691
4832.618489
4838.506281
4849.593681
4854.334501
4851.122978
4843.094171
4829.865755
4812.202380
4798.744570
4793.544961
4791.862735
4792.703848
4797.674062
4807.002771
4811.514196
4805.473475
4794.844864
4789.415861
4786.280803
4781.157659
4777.410883
4781.081194
4790.180509
4794.615469
4789.645255
4786.510197
4788.880607
4784.904436
4774.352289
4767.776314
4770.605513
4776.646234
4777.563812
4778.022601
4781.234124
4780.240081
4774.505219
4765.788229
4759.900437
4761.353268
4762.729635
4762.194382
4762.653171
4767.470455
4772.822993
4772.440669
4770.070259
4767.623384
4764.411862
4759.823972
4754.930223
4751.948094
4751.565770
4754.318504
4753.936180
4750.036474
4747.207275
4743.460498
4737.190382
4733.443606
4729.467435
4724.879545
4718.456499
4706.986775
4696.587558
4687.411779
4682.823889
4680.912268
4682.288635
4687.335314
4690.317442
4686.111877
4676.324378
4665.389908
4657.743425
4658.890397
4663.784147
4667.454458
4668.754360
4668.219107
4667.148599
4664.395865
4661.719596
4664.319400
4667.530923
4663.478287
4655.755339
4648.491181
4647.955927
4650.785126
4650.555731
4651.473309
4651.396844
4645.126728
4631.515989
4619.511010
4617.369995
4619.663940
4622.034350
4620.505053
4619.587475
4616.146558
4609.799977
4605.747341
4606.282595
4610.335231
4607.047243
4600.777127
4596.265702
4591.830742
4588.389825
4586.401739
4586.019415
4589.001544
4588.848614
4584.872443
4581.278596
4578.449397
4576.384847
4569.044223
4564.915123
4565.526841
4566.138560
4565.909165
4561.550670
4559.103796
4558.033288
4553.980652
4550.692664
4547.863466
4548.169325
4550.386805
4550.922059
4549.469227
4548.245790
4545.263661
4540.216983
4535.934952
4534.023332
4533.488078
4533.564543
4535.323234
4532.952824
4528.517864
4523.165326
4518.500971
4514.371870
4513.454293
4514.448335
4512.613179
4508.713473
4503.819724
4502.137498
4499.461229
4497.167284
4495.179198
4492.350000
4491.432422
4491.050098
4488.144434
4486.232813
4486.920997
4486.309278
4484.550587
4482.715431
4482.791896
4481.797853
4479.350979
4476.521780
4471.933890
4467.575395
4465.357915
4462.834576
4462.452252
4463.675689
4461.840533
4456.411530
4450.370809
4445.553524
4441.500888
4438.059971
4434.389659
4433.166222
4430.031164
4424.755091
4419.784877
4414.738198
4410.150308
4406.862321
4402.274431
4395.851385
4392.945722
4390.116523
4387.057930
4383.846407
4379.258517
4377.652756
4376.276389
4373.753050
4371.841429
4369.394555
4367.406469
4366.335961
4365.188989
4365.188989
4365.647778
4362.130396
4358.383619
4357.389576
4357.695436
4357.695436
4357.389576
4355.477956
4351.960574
4350.278347
4347.066824
4344.314091
4341.867216
4338.502764
4336.438213
4332.614972
4330.397492
4329.403449
4327.950617
4326.803645
4324.739094
4320.686458
4316.404428
4313.498764
4312.198862
4311.128355
4309.446129
4307.993297
4303.940661
4302.411364
4299.046912
4295.529530
4295.605994
4293.770839
4289.412343
4287.194863
4288.800625
4289.106484
4285.665567
4282.148185
4280.313029
4277.789689
4273.813518
4269.531488
4266.855219
4265.249457
4263.796626
4261.502681
4259.285201
4257.602974
4255.844283
4252.021042
4251.256394
4252.785690
4253.244479
4250.721140
4247.050828
4245.980320
4245.674461
4245.903856
4245.368602
4244.680418
4244.909813
4243.456981
4239.404345
4236.957471
4234.510596
4231.452003
4227.246437
4225.717141
4226.099465
4222.352688
4216.923685
4211.877007
4206.524469
4201.095466
4195.437068
4190.313925
4188.172910
4184.808457
4179.685314
4173.338733
4167.298011
4163.168911
4161.486684
4161.792544
4161.180825
4160.186782
4157.816372
4153.381412
4149.711101
4146.423113
4143.670379
4145.046746
4147.034832
4148.105339
4146.881902
4143.899774
4142.829266
4140.305927
4138.011982
4137.400263
4135.947431
4134.571064
4134.265205
4132.506514
4131.053682
4127.689230
4124.095383
4121.648508
4118.895774
4119.889817
4117.978197
4114.078490
4111.478686
4108.649487
4108.190698
4107.273120
4103.985133
4102.532301
4100.161891
4095.879861
4093.356522
4092.974197
4091.674295
4091.291971
4089.074491
4084.715996
4081.275079
4076.687189
4074.393244
4074.010920
4072.940412
4070.646467
4067.893733
4064.146957
4061.088364
4058.641489
4055.965220
4055.277037
4053.441881
4052.218444
4050.765612
4048.777526
4050.536217
4051.071471
4049.083386
4046.254187
4045.030750
4044.113172
4041.895692
4041.436903
4043.272058
4044.419031
4043.577918
4040.672254
4037.995985
4037.231337
4035.625576
4034.631533
4031.725869
4029.202530
4026.143937
4020.256145
4016.815228
4013.680170
4010.850971
4007.868843
4004.274996
3997.622556
3990.434862
3985.617577
3981.947266
3980.341504
3979.806250
3978.429883
3975.830079
3971.700978
3967.724807
3963.366312
3960.919438
3960.307719
3961.301762
3962.448734
3960.078324
3956.102153
3953.043560
3951.973053
3950.749615
3948.149811
3947.843952
3949.143854
3949.526178
3946.544050
3942.414949
3940.197469
3936.527157
3933.468564
3930.639365
3929.186534
3928.345420
3927.351378
3927.121983
3924.369249
3921.998840
3918.940246
3915.805188
3914.887610
3914.887610
3918.022668
3919.934289
3917.563879
3914.964075
3911.523158
3909.152748
3905.329507
3896.459587
3895.083220
3897.683024
3902.959097
3916.340442
3911.905482
3899.518180
3891.795232
3882.695917
3884.989862
3882.390058
3876.043477
3881.090156
3880.707832
3878.949141
3871.837912
3864.114964
3860.597582
3854.327466
3857.386059
3860.826976
3859.680004
3858.915356
3855.703833
3855.245044
3858.991820
3862.126878
3862.967992
3857.768383
3851.115943
3850.427760
3856.392016
3862.738597
3863.656175
3861.132836
3856.621411
3855.933227
3853.409888
3850.504224
3849.586646
3846.833913
3841.022586
3836.893485
3835.287723
3831.693876
3830.317509
3824.276788
3816.936164
3812.577669
3809.977865
3810.589584
3808.601498
3803.937143
3800.955015
3797.361168
3795.220153
3793.920251
3788.108924
3784.591542
3785.814979
3785.050331
3784.285682
3784.132753
3782.450526
3780.156582
3775.798086
3773.427677
3772.892423
3773.733536
3776.027481
3771.668986
3768.686857
3768.839787
3767.157561
3763.946038
3761.881487
3758.899359
3756.987738
3755.611371
3753.776216
3752.399849
3749.952974
3746.664986
3739.553757
3736.036375
3736.724559
3735.806981
3737.183348
3735.730516
3733.818895
3735.424657
3734.124755
3733.818895
3731.983739
3726.554736
3724.872510
3724.872510
3725.407764
3724.490186
3723.802003
3722.502100
3717.608351
3716.461379
3714.243899
3708.279642
3702.850639
3699.868511
3702.238921
3704.379936
3702.927104
3699.792046
3695.892340
3694.592438
3693.216071
3693.063141
3694.286579
3694.439508
3693.827790
3693.369001
3695.968805
3698.950933
3700.633159
3700.556695
3698.645074
3697.956890
3697.421637
3699.792046
3697.651031
3694.898297
3692.298493
3683.810897
3681.364022
3680.828769
3677.464316
3673.794004
3666.835705
3661.941956
3661.177308
3659.800941
3655.060121
3647.566568
3640.914128
3636.479168
3632.732391
3631.738348
3629.138544
3624.168330
3621.721456
3623.097823
3622.486104
3621.415596
3622.409639
3621.568526
3620.727413
3617.439425
3615.451340
3616.368918
3618.739327
3618.433468
3619.045187
3623.021358
3624.550654
3622.791963
3618.968722
3617.057101
3618.204074
3615.910129
3611.398704
3607.193138
3606.046166
3604.363940
3600.999487
3598.782007
3597.329175
3594.194117
3590.523805
3587.312283
3585.782986
3584.330154
3582.189139
3578.289433
3575.230840
3572.325176
3570.566485
3571.407598
3573.089824
3572.860430
3571.254669
3567.737286
3566.360919
3566.972638
3562.843537
3560.931917
3566.055060
3568.654864
3570.031231
3569.190118
3566.284455
3566.207990
3564.755158
3562.690608
3560.320198
3560.243733
3564.602228
3569.113653
3572.248711
3573.089824
3573.242754
3573.625078
3575.613164
3578.442362
3581.500956
3581.424491
3575.919023
3571.178204
3566.513849
3565.519806
3560.014339
3552.214926
3546.250669
3541.127526
3541.356920
3540.057018
3538.604187
3531.951746
3520.329092
3510.388665
3504.500873
3498.995405
3493.795797
3489.896090
3486.990427
3485.002341
3485.308201
3488.902048
3489.437301
3485.461130
3479.343944
3479.496874
3484.925877
3486.225779
3483.625974
3484.314158
3487.219821
3491.578317
3495.401558
3497.619038
3499.912983
3500.065913
3501.365815
3505.036127
3506.412493
3503.353900
3498.230757
3494.331051
3492.266500
3488.596188
3485.308201
3483.855369
3482.096678
3476.285351
3468.027149
3464.586232
3462.598146
3455.181058
3442.793756
3436.141316
3436.676569
3435.070808
3431.629891
3430.100594
3430.482918
3429.106551
3424.595126
3421.001279
3422.301182
3425.053915
3424.977451
3425.359775
3427.042001
3429.718270
3429.335946
3429.106551
3434.153230
3437.211823
3437.747077
3438.664655
3442.105572
3446.846392
3446.922856
3447.458110
3452.122465
3457.398538
3460.227737
3462.980471
3467.644825
3469.862305
3468.333009
3465.886134
3463.974513
3457.322073
3447.381645
3440.729205
3437.058894
3432.165144
3418.630870
3404.943665
3402.420326
3406.243567
3404.714271
3395.156167
3387.433219
3380.933709
3372.904902
3360.746994
3352.565257
3352.488793
3353.253441
3352.947582
3353.253441
3356.847288
3360.517600
3356.312034
3352.335863
3357.994260
3366.787716
3368.469942
3363.270333
3364.799630
3372.522578
3376.957538
3378.180975
3385.292204
3392.250504
3390.644742
3386.745036
3390.338883
3396.838393
3397.450112
3388.886051
3385.521599
3388.197868
3382.845330
3374.892987
3372.904902
3371.910859
3364.417306
3355.012132
3349.659594
3350.806566
3343.695337
3329.931668
3320.373564
3319.379522
3318.309014
3313.491730
3312.574152
3316.091534
3319.532451
3314.562237
3309.515559
3310.968390
3312.497687
3311.656574
3313.262335
3317.162042
3322.667509
3324.502665
3326.337821
3328.861160
3330.161062
3331.766824
3334.519558
3339.948561
3342.701294
3345.530493
3348.359692
3352.106468
3356.006175
3355.088597
3358.070725
3364.799630
3370.840352
3373.057832
3371.605000
3369.922774
3363.576193
3350.500707
3338.648658
3330.849246
3326.414286
3317.926690
3303.551302
3294.987241
3294.528452
3292.922691
3287.340758
3276.559217
3267.536367
3263.024943
3256.601897
3246.890864
3242.150044
3240.926607
3238.403268
3237.485690
3242.608833
3253.237444
3259.889885
3257.290080
3257.290080
3266.771719
3275.488710
3275.412245
3274.647597
3280.305994
3287.646617
3290.399351
3291.011070
3296.975327
3302.174935
3298.198764
3297.739975
3303.551302
3305.157063
3296.287143
3284.893884
3281.988220
3282.829333
3274.571132
3262.795548
3259.278166
3258.207658
3248.726019
3237.332760
3236.262252
3236.950436
3229.074558
3220.051709
3214.010987
3213.934522
3210.493605
3203.994094
3206.823293
3212.711085
3212.328761
3210.646535
3212.405226
3215.081495
3217.069580
3214.928565
3215.234424
3219.516455
3221.581005
3225.480711
3231.139109
3237.256295
3238.938521
3240.467818
3245.820356
3250.178851
3250.331781
3251.861077
3258.284123
3266.465860
3272.659511
3274.724061
3276.329823
3279.694275
3283.976306
3283.976306
3279.770740
3275.106386
3265.165958
3253.466839
3240.850142
3230.833249
3221.122216
3206.746828
3197.571049
3197.188725
3195.965287
3187.171832
3173.790487
3162.397227
3157.121154
3149.245277
3136.628580
3131.964225
3133.875846
3134.946354
3135.099283
3138.769595
3151.080433
3159.720958
3161.861974
3168.361484
3180.060603
3190.077496
3190.842144
3190.995074
3198.641556
3207.587941
3212.099366
3213.858057
3219.822314
3227.468797
3228.080516
3228.768699
3233.662448
3230.680320
3219.592920
3209.423097
3203.917630
3197.494584
3187.401227
3178.607771
3173.255233
3167.214512
3155.591858
3148.021840
3147.792445
3144.657387
3133.875846
3126.382293
3127.223406
3127.758660
3124.776532
3120.418036
3122.635516
3125.311785
3126.382293
3128.064519
3134.334635
3139.381314
3137.163834
3135.252213
3138.693130
3141.522329
3142.057583
3144.963246
3150.851038
3156.815295
3158.573986
3160.638536
3162.473692
3165.685215
3168.820273
3171.267148
3177.078475
3181.819294
3184.266169
3185.566071
3189.848101
3195.812358
3199.864994
3198.182767
3193.518413
3185.260211
3175.855037
3167.979160
3159.644494
3148.404164
3135.711002
3123.935418
3115.294893
3113.459737
3109.483566
3102.142942
3088.914527
3078.897634
3078.362380
3069.186601
3056.034650
3051.905549
3050.452718
3050.835042
3052.287874
3058.252130
3071.786405
3078.744704
3081.497438
3088.302808
3100.154857
3108.336593
3111.395186
3117.894697
3125.847039
3131.123112
3133.952311
3138.846060
3144.427993
3145.116176
3146.569008
3153.297913
3156.662365
3149.704066
3138.234341
3131.811296
3127.223406
3114.300850
3098.931419
3090.826147
3086.849976
3079.050564
3068.192558
3065.133965
3065.669219
3059.934356
3049.076351
3043.647348
3045.100180
3046.017758
3042.423911
3043.035629
3045.711898
3042.347446
3043.953207
3049.229280
3055.728791
3060.010821
3061.234259
3064.675176
3067.810234
3066.204472
3064.981035
3068.039628
3073.315702
3077.138943
3077.597732
3082.109157
3087.538160
3091.208472
3092.814233
3093.808276
3096.637474
3098.702025
3100.078392
3105.583859
3110.783468
3112.771553
3113.383272
3112.848018
3111.853975
3107.036691
3096.331615
3085.932398
3077.827126
3068.727812
3054.887678
3039.594712
3032.559948
3033.630455
3032.330553
3023.613563
3012.832022
3007.479484
3007.020695
2998.991888
2986.451656
2986.298726
2988.669136
2988.057417
2986.681050
2988.210347
2999.603606
3010.079288
3014.437783
3022.772450
3035.695006
3044.259067
3045.176644
3047.852913
3053.740705
3059.857892
3062.457696
3066.586797
3071.939335
3074.233280
3074.921463
3077.062478
3082.567946
3080.656325
3069.798319
3061.845977
3058.328595
3051.829085
3037.300767
3026.213367
3023.384168
3018.184560
3007.173624
3000.062395
2998.838958
2996.927337
2990.657221
2987.445699
2986.145796
2983.545992
2981.252047
2980.258005
2984.998824
2983.775387
2982.934274
2988.974995
2995.321576
3000.215325
2999.756536
3001.591692
3004.956144
3004.650285
3002.815129
3005.950187
3010.920401
3012.602627
3013.978994
3015.967080
3018.949208
3019.637392
3021.472547
3025.831043
3029.271960
3031.718835
3033.095201
3034.242174
3038.065415
3040.741684
3041.047544
3043.953207
3044.488461
3040.818149
3035.083287
3023.766492
3013.367276
3007.785343
2999.450677
2985.457613
2969.858788
2962.059375
2965.653222
2966.264941
2956.324513
2945.542972
2941.031547
2943.784281
2944.778324
2934.379107
2929.791217
2932.467486
2933.385064
2936.978911
2937.131841
2944.090140
2954.259963
2957.700880
2964.888574
2976.970017
2983.240133
2982.781344
2986.681050
2993.868744
2995.321576
2993.104096
2992.951166
2997.539056
3000.368255
2993.562885
2991.651264
3000.903508
3003.885637
2993.257026
2982.093160
2981.481442
2981.634371
2973.834959
2960.071290
2952.654201
2950.054397
2943.401957
2937.590630
2937.131841
2938.508208
2930.861725
2922.374129
2922.756453
2926.962019
2923.597566
2915.568759
2916.715732
2924.362215
2924.668074
2923.444637
2925.356257
2931.167584
2935.602544
2934.532037
2939.272856
2942.943168
2941.337407
2941.872660
2945.772367
2948.830960
2948.525100
2948.066312
2952.654201
2958.006739
2959.230177
2958.924317
2964.353320
2972.687986
2973.758494
2970.011717
2972.305662
2980.258005
2983.393063
2979.416891
2976.587693
2981.252047
2983.240133
2978.575778
2971.999803
2964.123926
2954.336428
2945.390043
2936.061333
2928.797175
2919.315536
2903.869640
2893.088099
2894.005677
2893.164564
2884.676968
2874.889470
2873.971892
2882.612418
2886.053335
2877.336345
2872.519060
2880.547867
2888.117886
2888.806069
2885.976870
2888.270815
2900.734582
2908.839854
2915.109970
2922.297664
2928.797175
2934.073248
2937.590630
2942.943168
2940.878618
2936.749517
2937.208306
2940.649223
2940.572758
2931.396979
2926.885554
2932.773346
2936.137798
2929.179499
2919.392001
2917.633310
2919.468465
2912.663096
2903.334387
2900.887512
2896.911341
2887.276772
2880.165543
2879.095036
2876.342302
2868.542889
2863.113886
2866.707733
2875.042400
2870.683904
2862.884492
2866.937128
2877.106950
2876.801091
2870.148651
2869.460467
2874.430681
2878.865641
2878.559782
2877.948063
2881.694840
2886.512124
2889.035463
2893.929213
2896.605482
2897.293665
2895.687904
2898.517102
2903.563781
2903.487316
2904.710753
2908.763389
2916.486337
2921.150692
2917.786239
2919.086141
2927.114948
2930.479401
2927.114948
2924.668074
2926.809089
2929.561823
2929.255964
2926.044441
2928.032526
2931.396979
2918.168563
2896.987806
2871.754412
2855.238009
2848.662034
2842.621312
2839.256860
2843.233031
2843.156566
2836.198267
2827.787135
2829.163502
2834.592505
2832.910279
2821.517019
2820.217117
2835.663013
2843.233031
2839.180395
2835.586548
2842.162523
2856.537911
2865.637226
2870.225116
2874.277751
2876.418767
2879.095036
2883.453531
2893.317494
2890.641225
2873.895427
2865.025507
2870.836834
2877.259880
2865.637226
2854.091037
2859.061250
2869.995721
2869.689862
2861.813984
2855.620333
2851.797092
2843.615355
2833.598462
2833.980787
2835.051294
2827.481276
2819.223075
2824.346218
2830.769264
2828.857643
2825.722585
2831.228053
2844.303538
2844.838792
2834.974829
2829.392897
2831.533912
2834.898364
2834.363111
2832.222095
2830.539869
2829.469362
2830.998658
2837.192309
2840.097973
2833.445533
2827.251882
2829.775221
2836.274731
2834.363111
2827.634206
2831.380982
2843.844749
2852.485275
2852.485275
2853.785177
2862.960957
2870.454510
2874.813005
2879.018571
2881.465445
2883.377066
2886.129800
2891.405873
2897.293665
2897.905384
2897.523059
2901.881555
2907.769347
2899.434680
2867.931171
2832.451490
2801.330305
2785.884409
2772.732458
2756.980704
2754.380899
2771.967810
2791.236947
2795.748372
2791.542806
2795.518978
2807.447491
2809.512041
2793.760286
2782.672886
2789.019467
2799.571613
2814.099931
2834.745435
2853.555783
2863.343281
2865.637226
2868.389960
2871.830877
2855.620333
2828.475319
2815.170439
2811.347197
2802.783136
2789.631186
2787.719565
2802.324347
2812.647099
2808.823858
2802.171418
2801.483234
2798.195247
2786.725522
2778.773180
2782.061168
2788.866537
2791.389877
2801.483234
2823.734499
2841.244945
2843.003636
2837.804028
2832.527955
2824.040359
2806.300518
2789.554721
2781.678843
2778.084996
2772.120740
2767.838709
2775.867516
2785.272690
2784.660972
2782.061168
2780.378941
2774.797009
2768.450428
2764.015468
2767.226991
2775.714587
2781.067125
2782.290562
2789.860580
2799.877473
2802.859601
2802.247882
2801.406769
2800.642121
2800.412727
2802.859601
2813.947001
2829.316432
2839.639184
2845.144652
2852.102951
2859.749434
2858.373067
2844.838792
2830.922193
2826.869557
2824.728542
2815.017509
2810.735478
2818.764286
2830.081080
2837.574633
2833.292603
2814.252861
2781.372984
2742.452386
2714.313329
2702.155421
2698.638039
2700.320265
2715.536766
2751.322306
2784.660972
2797.354133
2796.130696
2800.412727
2803.394855
2793.454427
2777.702672
2772.350134
2779.843688
2791.389877
2802.706671
2815.629228
2822.893386
2819.376004
2809.664971
2797.048274
2779.614293
2754.227970
2729.759224
2719.818797
2724.865475
2730.829732
2734.423579
2744.516937
2759.656973
2769.673865
2771.126697
2771.432556
2773.344177
2771.279627
2767.685780
2773.344177
2789.554721
2801.865558
2806.912237
2811.729521
2816.546805
2806.682843
2780.608336
2756.980704
2743.905218
2734.194185
2723.259714
2712.325243
2710.337158
2718.213035
2721.653953
2725.094870
2728.918111
2731.594380
2734.423579
2733.047212
2730.141549
2734.805903
2740.617230
2745.893303
2754.457364
2763.403749
2768.832752
2771.585486
2773.344177
2774.644079
2774.414685
2769.826795
2767.150526
2770.744373
2776.938024
2783.819859
2791.925131
2799.953938
2802.630207
2800.642121
2796.436555
2792.383920
2782.672886
2767.685780
2758.586465
2760.574551
2769.291541
2776.326305
2783.972788
2795.136653
2809.894365
2816.088017
2807.523956
2778.543785
2736.258735
2699.402687
2683.115679
2685.256694
2689.768119
2700.702589
2727.541744
2763.327284
2784.355112
2779.920152
2765.009511
2754.992618
2747.575530
2732.970747
2720.048191
2720.124656
2728.994576
2744.746331
2761.568593
2771.967810
2770.438514
2762.256777
2753.310392
2742.834710
2725.247800
2706.208057
2696.879348
2702.920069
2716.224950
2726.471237
2734.423579
2746.122698
2757.286563
2759.962832
2756.216055
2750.328264
2741.840667
2735.341157
2734.347114
2739.929047
2748.416643
2753.539786
2756.521915
2761.033340
2756.292520
2736.717524
2711.025341
2691.450345
2682.198101
2676.616168
2670.346052
2671.187165
2683.115679
2699.326223
2709.648974
2711.713525
2712.936962
2714.542723
2713.625146
2707.584424
2707.125635
2713.395751
2722.112742
2728.382858
2734.194185
2741.458343
2745.969768
2742.528851
2732.435494
2724.712546
2718.365965
2716.683739
2719.207078
2723.259714
2729.453365
2738.858539
2749.410686
2756.521915
2760.192226
2758.357071
2756.751309
2753.157462
2744.058148
2733.811860
2732.435494
2742.452386
2750.557658
2758.510000
2766.691737
2776.632165
2784.813901
2786.649057
2783.361070
2770.132654
2735.952876
2693.591360
2662.776034
2654.517833
2654.364903
2653.753184
2666.293416
2699.402687
2732.817818
2740.770160
2731.364986
2720.048191
2717.677781
2711.789990
2696.114700
2683.192144
2683.727397
2696.955813
2715.536766
2733.276607
2744.746331
2747.881389
2740.158441
2732.741353
2725.706589
2708.807861
2689.003471
2681.127593
2685.409624
2688.697611
2689.921049
2694.508938
2704.831690
2710.948877
2712.095849
2710.872412
2711.484130
2705.290479
2696.038235
2692.520853
2696.038235
2701.390773
2704.067042
2712.784032
2723.259714
2726.012448
2715.995555
2702.231886
2692.138529
2685.486088
2676.080914
2666.675740
2663.693612
2665.834627
2669.046150
2675.698590
2686.938920
2695.502981
2699.555617
2700.167336
2700.855519
2698.790969
2690.991556
2683.498003
2682.351030
2684.568510
2686.480131
2686.097807
2688.391752
2694.050149
2696.879348
2697.108742
2700.167336
2703.149464
2702.920069
2702.690675
2708.731396
2718.213035
2720.354051
2720.124656
2725.783053
2732.359029
2731.823775
2722.647995
2716.530809
2715.613231
2715.766161
2715.001512
2713.242821
2716.072020
2721.118699
2723.412644
2729.835689
2741.076019
2746.581487
2736.946918
2707.278565
2672.716462
2647.788928
2633.795864
2624.161296
2622.020280
2632.266567
2657.041172
2684.339116
2697.643996
2698.561574
2697.796926
2697.185207
2690.303373
2673.022321
2656.047129
2646.947815
2649.853478
2662.393710
2680.286480
2697.643996
2708.196143
2713.548681
2717.601317
2714.083935
2697.338137
2678.221930
2662.699569
2652.070958
2642.130530
2633.184145
2636.854457
2653.141466
2666.981600
2675.775055
2682.656890
2688.391752
2688.315287
2677.992535
2667.516854
2662.240780
2662.623105
2661.170273
2663.081894
2671.416560
2682.503960
2690.838626
2692.444388
2691.144486
2689.079935
2682.503960
2668.893221
2652.223888
2639.224867
2638.919008
2642.818714
2645.953772
2651.229845
2659.870371
2669.810798
2673.786970
2671.416560
2664.305331
2660.711484
2661.399667
2661.246738
2660.940878
2661.093808
2664.305331
2672.028279
2677.074957
2677.916070
2679.827691
2682.045171
2683.192144
2683.650933
2684.797905
2687.321244
2688.238822
2689.615189
2692.291458
2699.173293
2704.984620
2706.208057
2704.219972
2700.549660
2698.179250
2692.062064
2684.415581
2681.356988
2683.803862
2687.703568
2689.921049
2694.661868
2707.125635
2713.854540
2706.513916
2684.492046
2656.964707
2636.548598
2624.467155
2614.373797
2607.950752
2611.085810
2625.308268
2645.800842
2659.488047
2661.629062
2662.393710
2669.199080
2671.569490
2661.552597
2643.736292
2631.425454
2632.648892
2640.218910
2649.471154
2657.652891
2667.440389
2677.763141
2685.639018
2688.238822
2684.186186
2674.322223
2664.152401
2651.688634
2638.766078
2623.626042
2619.726335
2625.155338
2632.190103
2637.924965
2645.418518
2658.188144
2665.605233
2663.923007
2658.417539
2655.588340
2650.847521
2642.054066
2635.478090
2634.789907
2637.313246
2641.442347
2646.947815
2654.900157
2664.305331
2666.981600
2662.393710
2655.129551
2642.206995
2632.572427
2626.990494
2619.955730
2613.379755
2612.309247
2617.661785
2625.690592
2635.554555
2641.748206
2646.336096
2650.618126
2652.070958
2649.165295
2643.736292
2641.442347
2639.607191
2639.454261
2641.136488
2646.641955
2656.047129
2663.770077
2670.498982
2674.245759
2676.157379
2676.233844
2674.628083
2671.875349
2671.110701
2671.187165
2671.110701
2668.205037
2664.075936
2661.705527
2661.246738
2658.417539
2655.588340
2652.147423
2649.853478
2651.382775
2652.759142
2660.099765
2672.639997
2681.892241
2676.692633
2658.035215
2638.001430
2623.855436
2615.214911
2604.892159
2596.328098
2598.239718
2609.938837
2621.867351
2629.513834
2633.337075
2639.530726
2648.935900
2652.988536
2643.353968
2628.902115
2619.496941
2617.202996
2618.961687
2620.720378
2626.378776
2639.224867
2649.777013
2655.282481
2659.640976
2661.552597
2660.711484
2655.741270
2647.177209
2633.719399
2622.249675
2614.679657
2612.156317
2612.003388
2612.768036
2616.208953
2623.473112
2631.196060
2632.343032
2630.813736
2628.519791
2623.702507
2618.732293
2613.685614
2609.785908
2610.168232
2611.468134
2613.456219
2616.744207
2622.249675
2627.066959
2627.525748
2624.314225
2623.243718
2624.467155
2622.479069
2617.355926
2613.609149
2613.915008
2619.649871
2621.026238
2616.897137
2619.267546
2627.372818
2634.560512
2634.942836
2632.266567
2631.884243
2634.789907
2634.178188
2630.890200
2629.055045
2631.348989
2634.866372
2633.719399
2634.407583
2636.319203
2641.060023
2645.265588
2646.794885
2647.100744
2649.394689
2648.630041
2643.812757
2638.842543
2634.254653
2634.407583
2634.713442
2632.419497
2629.131509
2626.990494
2628.366861
2631.960708
2636.930922
2644.883264
2651.918028
2658.035215
2665.222909
2669.963728
2664.687655
2647.483068
2631.578384
2619.649871
2608.868330
2598.774972
2589.828587
2586.999389
2592.734251
2600.457199
2601.604171
2602.139425
2607.339033
2616.744207
2621.561491
2617.814715
2610.397626
2603.515792
2601.833565
2601.527706
2603.057003
2606.727314
2610.856415
2617.661785
2625.155338
2632.648892
2636.777992
2638.001430
2639.071937
2635.248696
2628.137467
2617.279461
2610.015302
2603.515792
2595.716379
2591.663743
2591.587278
2595.716379
2599.386691
2599.233761
2597.169211
2597.398605
2598.698507
2597.398605
2594.798801
2592.657786
2592.122532
2592.963645
2592.504856
2592.734251
2595.869309
2600.304269
2605.274483
2610.015302
2615.520770
2620.567449
2620.490984
2616.285418
2615.367840
2615.367840
2615.750164
2611.621064
2606.192061
2604.739229
2603.974581
2602.215890
2600.457199
2601.680636
2603.745186
2602.674679
2599.539621
2598.774972
2601.374776
2605.427412
2605.733272
2607.262568
2610.244697
2612.079853
2613.915008
2616.667742
2621.867351
2627.984537
2630.813736
2632.725356
2632.648892
2630.966665
2629.131509
2627.372818
2627.602213
2624.008366
2614.909051
2608.715400
2607.109639
2606.880244
2608.562470
2613.150360
2622.326140
2630.431412
2636.319203
2641.595277
2647.406604
2652.759142
2648.553576
2631.884243
2614.603192
2604.968623
2598.316183
2588.146361
2576.829566
2575.453199
2583.329077
2591.587278
2590.287376
2583.023217
2583.711401
2593.269505
2596.557492
2591.816673
2583.023217
2579.276441
2578.894117
2577.900074
2577.976539
2582.870288
2593.575364
2600.380734
2605.350948
2608.256611
2611.391669
2613.685614
2615.597235
2613.150360
2607.415498
2601.833565
2598.392648
2593.575364
2586.693529
2579.505835
2579.276441
2580.882202
2578.205933
2573.923903
2572.624001
2579.123511
2584.323120
2586.540600
2588.375756
2592.810716
2594.110618
2591.128489
2586.693529
2584.858373
2587.305248
2590.440306
2590.975560
2592.734251
2596.710422
2600.686593
2600.992452
2596.022238
2590.593236
2587.152318
2585.699486
2577.900074
2569.871267
2569.336013
2574.765016
2581.035132
2584.093725
2586.464135
2589.905052
2593.422434
2593.728294
2592.122532
2589.522728
2588.375756
2587.687572
2586.999389
2587.764037
2589.446263
2592.275462
2599.080832
2606.650850
2611.773993
2614.909051
2614.526727
2613.303290
2609.403584
2603.974581
2598.851437
2596.557492
2593.498899
2592.046067
2592.581321
2595.028196
2599.233761
2602.598214
2608.409541
2616.591277
2620.567449
2623.396647
2626.378776
2629.207974
2634.636977
2638.536683
2638.383754
2628.519791
2613.073895
2595.334055
2583.252612
2575.376735
2565.971561
2557.560429
2557.636894
2562.760038
2565.512772
2560.236698
2557.254570
2564.442264
2571.706423
2571.782888
2566.506814
2561.765995
2560.542558
2559.701445
2560.160234
2563.524686
2571.324099
2581.417456
2588.222826
2594.875266
2601.604171
2609.174189
2610.550556
2610.856415
2609.250654
2603.439327
2597.169211
2590.440306
2586.158275
2580.117554
2576.064918
2573.847438
2572.318141
2571.477028
2567.730252
2563.601151
2562.912967
2565.359842
2566.965603
2569.641872
2571.400563
2571.247634
2571.400563
2573.159255
2575.759059
2581.340991
2584.552514
2583.099682
2585.928881
2589.905052
2589.981517
2588.528685
2586.005346
2583.405542
2582.182104
2576.829566
2569.718337
2567.806716
2568.800759
2568.953689
2570.865310
2570.482986
2568.877224
2567.730252
2567.500857
2567.959646
2567.042068
2568.953689
2572.394606
2577.441285
2580.117554
2584.476049
2593.575364
2602.445284
2607.644892
2607.874287
2608.562470
2609.938837
2607.950752
2601.910030
2596.633957
2593.804758
2590.593236
2587.534642
2583.634936
2582.640893
2585.317162
2588.146361
2589.752122
2590.975560
2591.357884
2593.116575
2596.863352
2599.769015
2601.604171
2606.344990
2612.844501
2617.967644
2624.084831
2625.690592
2626.149381
2619.802800
2600.074874
2575.529664
2560.083769
2553.354864
2545.096662
2536.379672
2535.385629
2546.090705
2551.749102
2548.919904
2543.643830
2545.402522
2554.654766
2557.866289
2552.743145
2545.937775
2547.161213
2553.049004
2555.495879
2557.101640
2564.671658
2573.847438
2582.487964
2589.981517
2593.269505
2593.957688
2596.786887
2598.086789
2596.175168
2587.916967
2578.129468
2573.082790
2569.565408
2565.818631
2562.683573
2561.460136
2563.983475
2566.200955
2563.830545
2562.607108
2567.577322
2570.788845
2567.883181
2561.689530
2560.466093
2561.460136
2556.719316
2551.749102
2548.690509
2551.749102
2555.572344
2557.483965
2558.707402
2564.518729
2569.947732
2570.177126
2567.194998
2565.512772
2563.983475
2563.983475
2564.901053
2562.377714
2562.377714
2566.200955
2571.171169
2573.159255
2573.082790
2572.700466
2572.929860
2570.024197
2565.436307
2563.142362
2563.754081
2566.277420
2568.800759
2572.776930
2576.982496
2580.499878
2581.799780
2583.940795
2586.999389
2587.916967
2585.240698
2583.558471
2581.570386
2577.976539
2577.823609
2580.117554
2581.340991
2582.335034
2584.858373
2587.687572
2588.069896
2585.623022
2584.093725
2586.387670
2587.764037
2584.017260
2582.487964
2583.787866
2587.611107
2591.128489
2592.963645
2594.722336
2598.774972
2600.533663
2597.092746
2582.487964
2559.930839
2542.420393
2535.156234
2531.944712
2525.674596
2520.016198
2527.815611
2546.014240
2554.272442
2547.161213
2542.955647
2549.608087
2552.666680
2546.855353
2538.903011
2538.597152
2545.326057
2550.066876
2551.213849
2559.930839
2573.312184
2583.711401
2587.152318
2587.840502
2589.140404
2586.540600
2580.270484
2575.529664
2571.935817
2568.112576
2563.295292
2557.713359
2553.813653
2550.678595
2548.078791
2547.008283
2549.608087
2546.320100
2540.585237
2536.609066
2531.791782
2530.644810
2529.115513
2529.421372
2534.544516
2539.667659
2543.796760
2546.014240
2551.443243
2556.489922
2560.007304
2560.695487
2559.701445
2558.630937
2556.184062
2552.437286
2549.225763
2550.066876
2551.672638
2554.425371
2554.119512
2553.966582
2553.966582
2552.896075
2551.443243
2551.060919
2549.455158
2547.390607
2547.084748
2545.861311
2546.702424
2549.531622
2554.425371
2558.783867
2561.995389
2561.613065
2563.218827
2565.130447
2565.895096
2566.736209
2567.577322
2569.718337
2572.012282
2572.318141
2572.547536
2570.635915
2567.577322
2568.265505
2569.106619
2567.042068
2561.995389
2559.548515
2560.389628
2564.289334
2566.736209
2568.418435
2569.259548
2570.635915
2571.553493
2567.347928
2565.206912
2569.488943
2575.453199
2581.417456
2584.934838
2588.528685
2596.251633
2597.475070
2586.464135
2569.947732
2551.366778
2539.438265
2532.097641
2525.062877
2522.080749
2530.262485
2544.943733
2552.131427
2546.396564
2535.615023
2531.332993
2531.715317
2529.039048
2519.098620
2517.034070
2523.686510
2533.779868
2544.102619
2553.431329
2566.506814
2579.429371
2585.546557
2585.928881
2583.329077
2576.600172
2571.171169
2569.106619
2568.494900
2568.265505
2566.812674
2565.742166
2564.671658
2559.319120
2552.743145
2549.684552
2544.179084
2534.926840
2525.292272
2519.098620
2518.563367
2519.022156
2522.386608
2529.344907
2540.432308
2545.937775
2543.643830
2542.190999
2543.185042
2543.796760
2544.026155
2543.796760
2545.555451
2548.461115
2550.143341
2549.990411
2551.443243
2554.119512
2556.795781
2556.642851
2550.219806
2542.343928
2535.462094
2535.232699
2534.544516
2535.003305
2536.226742
2538.750081
2541.044026
2538.138363
2534.315121
2534.697445
2535.691488
2537.067855
2538.979476
2539.973519
2543.720295
2546.473029
2549.531622
2553.431329
2557.560429
2562.836503
2563.907010
2560.236698
2557.101640
2556.260527
2556.336992
2556.642851
2557.483965
2558.095683
2558.248613
2556.260527
2551.978497
2544.332014
2543.108577
2545.020197
2546.778888
2544.867268
2541.579280
2543.032112
2545.173127
2548.155255
2549.990411
2556.566387
2565.359842
2571.171169
2576.676637
2580.958667
2586.158275
2591.816673
2592.198997
2577.594215
2551.902032
2530.950669
2526.668638
2531.027134
2530.186021
2530.568345
2544.790803
2559.013261
2551.825567
2525.903990
2507.093642
2507.934755
2511.681532
2508.240615
2506.023135
2515.428309
2532.174106
2546.473029
2555.037090
2562.607108
2571.400563
2574.000368
2568.112576
2559.089726
2553.354864
2552.666680
2559.395585
2568.953689
2574.076832
2571.324099
2564.671658
2553.737188
2537.908968
2519.328015
2507.781826
2505.487881
2501.664639
2496.541496
2494.400481
2501.664639
2512.446180
2516.498816
2516.957605
2521.621960
2523.992369
2523.304186
2523.227721
2528.045005
2541.196956
2558.325078
2568.800759
2571.400563
2569.718337
2564.442264
2557.942754
2549.608087
2543.720295
2541.349886
2542.573323
2542.496858
2536.226742
2526.362779
2522.310143
2521.851354
2518.028113
2513.975477
2513.057899
2514.357801
2512.599110
2511.757997
2516.804675
2526.286314
2535.079770
2539.514730
2540.891097
2543.796760
2546.549494
2547.849396
2550.602130
2555.648809
2562.607108
2566.200955
2564.212870
2558.783867
2554.807696
2550.525665
2546.396564
2543.796760
2543.261506
2541.502815
2537.679574
2533.397543
2531.791782
2532.097641
2534.850375
2540.126448
2544.408479
2545.784846
2546.396564
2549.225763
2551.825567
2557.713359
2565.436307
2571.477028
2576.064918
2579.199976
2581.417456
2582.640893
2583.940795
2591.893138
2599.004367
2587.305248
2556.413457
2526.286314
2514.434266
2521.698425
2528.350865
2525.903990
2531.103599
2543.185042
2542.879182
2518.563367
2489.124407
2480.866206
2490.577239
2498.911905
2501.052921
2510.152235
2528.503794
2542.955647
2547.390607
2546.243635
2546.549494
2547.237677
2542.496858
2536.685531
2541.273421
2549.531622
2556.107598
2561.536601
2564.059940
2559.472050
2542.879182
2525.598131
2513.822547
2509.540517
2509.922841
2514.357801
2521.851354
2522.998327
2515.504773
2506.023135
2501.741104
2500.288272
2496.541496
2496.847355
2505.334951
2516.192957
2524.909947
2532.709360
2543.414436
2556.031133
2559.242656
2551.137384
2543.949690
2544.637873
2545.478986
2544.332014
2547.390607
2555.725273
2561.765995
2556.413457
2539.438265
2521.392565
2509.540517
2501.970499
2498.529581
2497.382609
2501.588175
2508.393544
2510.152235
2503.423330
2495.470988
2493.712297
2497.917863
2503.729190
2510.993348
2518.639831
2528.197935
2539.285335
2549.608087
2555.342949
2558.554472
2559.395585
2560.236698
2560.771952
2560.313163
2561.230741
2560.771952
2560.160234
2558.248613
2552.590215
2541.732210
2527.739146
2518.563367
2515.198914
2514.357801
2516.728211
2520.857311
2522.233678
2525.368736
2525.827525
2525.062877
2529.956626
2537.756039
2546.778888
2555.801738
2565.436307
2574.000368
2581.035132
2582.717358
2588.146361
2596.633957
2601.757101
2596.786887
2590.899095
2581.035132
2555.419414
2524.986412
2512.063856
2524.909947
2534.697445
2524.986412
2512.904969
2519.939733
2522.157214
2494.400481
2460.603026
2453.109473
2475.360738
2496.847355
2503.882119
2509.693446
2522.692467
2531.256528
2527.050963
2518.486902
2515.810633
2521.392565
2528.809654
2539.055941
2551.060919
2558.095683
2556.642851
2553.278399
2553.278399
2545.478986
2528.886118
2516.804675
2515.657703
2519.557409
2520.474987
2520.016198
2521.010241
2518.716296
2510.458095
2500.899991
2499.982413
2504.187979
2508.852333
2516.040027
2526.821568
2537.756039
2540.891097
2536.532601
2533.015219
2535.003305
2537.526644
2536.532601
2537.526644
2543.567366
2551.596173
2556.566387
2551.366778
2542.114534
2532.250571
2522.463073
2513.440223
2508.011220
2506.481924
2507.170107
2510.228700
2507.323037
2497.688468
2487.059857
2480.789741
2478.266402
2478.648726
2485.989349
2498.758976
2514.281336
2521.010241
2522.310143
2524.680553
2529.650767
2533.932797
2538.903011
2548.155255
2558.478007
2566.812674
2567.883181
2564.518729
2559.089726
2554.884160
2547.849396
2542.190999
2537.908968
2534.544516
2530.186021
2522.768932
2517.798718
2513.057899
2507.246572
2500.594132
2497.382609
2496.847355
2500.517667
2508.087685
2518.869226
2528.427330
2534.238657
2538.444222
2540.891097
2544.408479
2547.008283
2552.054962
2562.224784
2572.241677
2578.664722
2580.652808
2578.741187
2580.423413
2584.170190
2583.711401
2579.199976
2568.036111
2541.655745
2507.934755
2488.359759
2496.388566
2513.134364
2513.746082
2504.035049
2505.029092
2508.317079
2490.730169
2461.597069
2453.491797
2476.431246
2503.805655
2511.834462
2507.246572
2507.246572
2514.816590
2517.722253
2516.575281
2519.251550
2528.580259
2538.214828
2546.090705
2553.966582
2555.419414
2549.225763
2539.208870
2531.715317
2525.674596
2520.551452
2516.422351
2522.616002
2532.632895
2538.291292
2533.626938
2523.151256
2512.446180
2502.123428
2497.612003
2504.187979
2518.257507
2528.733189
2531.944712
2528.809654
2526.286314
2521.621960
2514.128406
2510.381630
2517.187000
2526.439244
2529.421372
2526.592174
2523.762975
2520.857311
2515.963562
2509.311122
2505.334951
2507.093642
2509.311122
2506.634853
2503.346866
2500.211808
2500.823526
2502.888077
2502.811612
2500.288272
2500.364737
2507.781826
2512.981434
2515.122449
2516.422351
2523.610045
2531.791782
2535.309164
2531.485923
2529.344907
2533.856332
2539.514730
2543.337971
2544.867268
2544.867268
2542.802717
2538.903011
2531.944712
2525.292272
2521.239636
2518.333972
2515.657703
2514.510731
2513.440223
2510.381630
2506.252529
2504.570303
2507.705361
2510.993348
2512.981434
2512.599110
2510.916884
2514.663660
2519.939733
2524.909947
2529.115513
2532.556430
2538.138363
2544.790803
2546.549494
2543.490901
2543.720295
2548.308185
2557.025176
2561.230741
2561.154276
2561.154276
2563.371756
2566.812674
2569.030154
2566.430350
2563.601151
2554.348907
2526.974498
2497.917863
2490.500774
2509.158193
2523.610045
2515.122449
2499.982413
2494.018156
2487.900970
2466.720212
2446.074709
2450.968458
2480.483882
2502.276358
2504.417373
2496.541496
2492.641789
2498.758976
2501.664639
2503.117471
2514.204871
2530.186021
2542.038069
2547.314142
2548.614044
2545.555451
2538.520687
2531.485923
2531.562388
2535.309164
2535.232699
2535.232699
2537.450179
2536.226742
2530.338950
2519.328015
2507.399502
2501.511710
2501.052921
2506.099599
2512.063856
2517.187000
2516.804675
2511.452137
2506.176064
2503.270401
2504.646768
2508.622939
2511.452137
2518.104578
2524.757018
2524.604088
2513.746082
2502.582217
2499.600089
2501.205850
2505.564346
2508.087685
2511.910926
2514.510731
2511.146278
2503.270401
2495.776847
2493.253508
2496.770890
2500.976456
2503.499795
2508.164150
2509.387587
2506.099599
2501.282315
2497.841398
2504.493838
2513.363758
2518.181042
2519.251550
2519.175085
2521.163171
2519.251550
2518.104578
2518.486902
2523.151256
2528.045005
2528.045005
2523.074791
2518.486902
2515.657703
2512.369715
2511.375673
2513.057899
2513.516688
2512.293251
2510.381630
2509.158193
2510.152235
2508.317079
2509.158193
2510.228700
2510.611024
2513.822547
2520.780847
2527.892076
2532.709360
2535.079770
2534.620981
2536.609066
2540.891097
2544.943733
2547.696466
2549.072833
2550.984454
2553.813653
2552.360821
2545.784846
2542.343928
2545.861311
2549.531622
2547.314142
2545.096662
2544.867268
2542.420393
2533.321079
2510.152235
2490.883098
2491.036028
2505.640810
2519.022156
2517.187000
2512.216786
2510.305165
2503.882119
2486.906927
2475.819527
2484.383588
2510.152235
2531.027134
2528.809654
2511.910926
2499.523624
2496.159172
2495.623918
2498.376652
2504.264444
2517.951648
2532.862290
2536.761996
2528.121470
2514.969520
2506.099599
2508.699404
2515.810633
2522.998327
2528.045005
2530.109556
2529.574302
2522.310143
2509.769911
2501.664639
2501.129386
2504.187979
2510.916884
2518.945691
2522.233678
2517.187000
2508.546474
2501.052921
2497.382609
2496.770890
2499.676554
2503.499795
2508.470009
2512.981434
2511.299208
2501.817569
2489.430267
2487.595111
2495.318059
2504.876162
2510.916884
2509.158193
2505.946670
2501.664639
2496.388566
2490.653704
2490.041985
2496.006242
2502.888077
2509.234657
2507.781826
2504.570303
2499.064835
2495.700383
2495.700383
2499.064835
2505.946670
2513.440223
2517.263464
2517.722253
2515.887098
2510.763954
2510.763954
2514.816590
2521.621960
2525.980455
2525.751060
2523.151256
2517.569324
2510.534560
2506.558388
2506.864248
2509.846376
2512.446180
2510.840419
2506.787783
2504.799697
2505.105557
2504.952627
2508.317079
2513.440223
2516.345887
2517.416394
2515.122449
2516.957605
2522.768932
2529.574302
2532.403501
2532.785825
2534.773910
2535.615023
2538.444222
2540.049984
2541.732210
2542.420393
2542.190999
2539.820589
2537.908968
2539.208870
2544.102619
2546.243635
2545.708381
2544.714338
2543.185042
2541.732210
2539.897054
2533.550473
2516.728211
2506.099599
2507.858290
2518.257507
2526.209849
2523.380651
2517.875183
2511.681532
2501.358780
2487.900970
2481.324995
2488.283294
2504.187979
2515.810633
2511.910926
2495.623918
2478.878120
2473.296188
2476.966500
2484.460053
2493.100578
2501.205850
2506.787783
2506.864248
2499.676554
2489.965520
2489.506732
2499.676554
2517.492859
2530.109556
2533.015219
2529.115513
2522.692467
2518.563367
2517.492859
2520.627917
2527.815611
2535.920883
2541.120491
2539.132406
2529.039048
2518.716296
2512.369715
2511.069813
2511.757997
2513.975477
2515.428309
2513.516688
2507.934755
2500.135343
2494.935734
2488.895013
2487.824505
2490.653704
2496.694425
2498.758976
2495.700383
2490.577239
2485.607025
2486.677533
2488.742083
2493.941692
2499.064835
2506.328994
2510.611024
2511.834462
2506.940713
2500.211808
2499.064835
2501.970499
2506.405459
2511.681532
2517.263464
2520.016198
2517.951648
2511.069813
2506.328994
2505.870205
2509.464052
2515.351844
2520.704382
2523.457116
2520.857311
2517.416394
2514.357801
2511.452137
2511.452137
2514.510731
2517.798718
2517.187000
2514.740125
2511.375673
2508.928798
2510.611024
2512.216786
2512.369715
2513.287293
2515.275379
2516.345887
2513.746082
2512.446180
2515.504773
2520.398522
2521.774889
2518.333972
2516.192957
2518.181042
2520.780847
2524.833483
2528.580259
2529.268443
2529.497837
2529.650767
2529.574302
2532.250571
2536.685531
2542.343928
2546.931818
2545.937775
2544.102619
2544.102619
2543.337971
2541.273421
2530.491880
2517.569324
2511.375673
2512.752040
2517.263464
2517.339929
2512.904969
2507.170107
2497.612003
2483.695404
2473.984371
2477.042964
2487.900970
2496.617961
2500.441202
2488.895013
2473.449117
2463.967479
2464.885057
2474.672555
2488.130365
2499.370694
2503.041006
2501.282315
2492.871184
2482.548432
2480.789741
2492.335930
2514.051942
2529.497837
2531.562388
2523.227721
2512.904969
2507.399502
2507.093642
2517.645789
2534.162192
2546.549494
2548.002326
2541.044026
2526.745103
2514.740125
2511.834462
2518.028113
2526.515709
2531.791782
2529.574302
2519.786804
2507.323037
2497.382609
2493.253508
2494.476945
2496.617961
2500.670597
2502.505752
2497.229679
2489.277337
2484.536518
2483.236616
2486.983392
2493.559367
2498.223722
2498.376652
2496.770890
2496.159172
2494.476945
2493.406438
2493.406438
2496.923820
2500.594132
2502.964541
2501.511710
2500.288272
2500.288272
2503.117471
2505.258486
2506.481924
2508.852333
2512.904969
2516.269422
2518.181042
2518.945691
2518.945691
2518.792761
2519.175085
2520.398522
2519.557409
2519.633874
2521.316100
2522.386608
2521.163171
2517.569324
2517.263464
2519.098620
2519.022156
2518.792761
2517.875183
2515.810633
2510.916884
2507.705361
2506.711318
2508.622939
2510.993348
2511.757997
2512.369715
2511.528602
2510.381630
2508.087685
2507.781826
2511.681532
2516.575281
2520.092663
2521.851354
2523.762975
2523.915905
2525.062877
2529.421372
2532.938754
2536.226742
2537.985433
2539.820589
2542.649788
2541.961604
2536.303207
2529.191978
2522.386608
2521.621960
2524.221764
2527.815611
2530.950669
2529.574302
2523.304186
2512.369715
2500.058878
2491.724212
2489.277337
2494.094621
2499.676554
2501.817569
2497.535539
2485.224701
2472.608004
2467.943650
2472.302145
2480.636811
2488.895013
2490.653704
2488.665618
2482.395502
2476.966500
2476.507711
2482.930756
2495.470988
2508.546474
2515.122449
2511.528602
2504.646768
2498.070792
2501.358780
2510.152235
2520.474987
2528.656724
2531.791782
2528.656724
2518.792761
2511.146278
2509.540517
2517.492859
2526.515709
2531.027134
2528.350865
2520.627917
2509.005263
2501.970499
2502.046963
2507.017177
2513.593153
2517.951648
2516.040027
2504.264444
2492.335930
2486.065814
2486.906927
2491.341887
2495.470988
2498.070792
2494.553410
2487.059857
2477.960542
2472.990328
2474.060836
2477.731148
2483.771869
2486.218744
2484.154193
2480.407417
2478.725191
2479.413374
2482.777827
2488.436224
2495.929777
2499.982413
2499.523624
2497.917863
2496.617961
2497.994328
2501.741104
2505.946670
2509.081728
2512.675575
2513.899012
2513.669617
2514.128406
2516.728211
2517.110535
2517.951648
2519.786804
2519.633874
2520.322058
2522.998327
2524.604088
2524.068834
2521.086706
2517.951648
2517.263464
2516.269422
2514.587195
2514.510731
2515.275379
2514.969520
2513.210829
2511.146278
2509.311122
2508.470009
2509.846376
2512.216786
2513.057899
2513.516688
2515.351844
2515.275379
2519.022156
2520.245593
2520.092663
2520.704382
2523.380651
2528.121470
2530.033091
2530.186021
2529.727232
2531.103599
2531.791782
2531.638852
2529.421372
2525.139342
2520.092663
2516.804675
2515.963562
2516.651746
2520.704382
2522.157214
2517.645789
2510.075771
2503.346866
2499.370694
2496.312101
2495.853312
2497.153214
2499.370694
2499.370694
2496.923820
2491.418352
2487.900970
2489.124407
2491.494817
2494.476945
2495.623918
2495.853312
2494.094621
2491.494817
2490.041985
2490.118450
2491.341887
2494.476945
2500.364737
2501.205850
2496.312101
2493.253508
2492.030071
2493.024114
2493.635832
2494.706340
2498.147257
2501.358780
2500.899991
2497.153214
2494.476945
2495.318059
2496.617961
2498.758976
2501.970499
2503.270401
2503.041006
2502.352823
2501.970499
2502.429288
2504.876162
2508.164150
2509.616982
2509.922841
2509.922841
2506.787783
2503.270401
2502.582217
2501.282315
2503.193936
2505.870205
2502.352823
2498.223722
2495.929777
2495.165129
2494.935734
2495.853312
2497.000285
2495.165129
2492.106536
2489.430267
2485.683490
2487.059857
2490.271380
2491.341887
2494.782805
2497.306144
2497.612003
2497.076750
2495.470988
2495.318059
2497.994328
2500.594132
2501.588175
2502.811612
2504.340908
2505.564346
2506.634853
2507.628896
2509.234657
2509.540517
2509.311122
2510.534560
2509.769911
2511.452137
2513.057899
2511.146278
2510.916884
2511.681532
2513.669617
2516.422351
2518.410437
2520.322058
2523.227721
2523.457116
2519.786804
2517.875183
2515.657703
2516.651746
2519.251550
2521.774889
2522.157214
2519.939733
2518.945691
2515.963562
2513.057899
2508.240615
2504.417373
2506.405459
2509.616982
2510.763954
2510.305165
2507.017177
2504.340908
2503.958584
2505.029092
2506.023135
2509.464052
2514.051942
2515.657703
2514.051942
2510.687489
2511.452137
2513.899012
2513.822547
2510.840419
2511.910926
2514.816590
2514.434266
2513.363758
2511.452137
2510.458095
2508.240615
2504.723232
2504.264444
2504.799697
2504.570303
2506.176064
2504.035049
2500.288272
2497.612003
2494.476945
2495.623918
2496.541496
2496.159172
2496.694425
2497.688468
2496.847355
2495.776847
2496.617961
2496.312101
2496.617961
2495.394523
2493.482903
2489.812591
2487.671576
2488.512689
2489.430267
2489.506732
2489.583196
2490.883098
2488.665618
2485.454096
2484.383588
2485.759955
2487.671576
2488.512689
2489.430267
2488.665618
2489.506732
2490.194915
2490.730169
2492.183001
2495.853312
2500.364737
2502.582217
2504.723232
2504.035049
2502.582217
2502.505752
2502.046963
2504.340908
2504.646768
2505.640810
2505.105557
2503.882119
2501.817569
2497.764933
2498.300187
2499.370694
2499.600089
2499.829483
2500.135343
2497.306144
2493.024114
2490.730169
2491.418352
2493.177043
2495.088664
2496.235636
2495.547453
2495.318059
2495.776847
2495.547453
2495.853312
2498.376652
2501.435245
2502.123428
2501.282315
2502.964541
2503.652725
2506.099599
2507.323037
2506.405459
2506.252529
2507.858290
2507.858290
2507.170107
2505.258486
2504.264444
2507.781826
2509.616982
2508.546474
2507.705361
2507.475966
2506.864248
2506.328994
2505.870205
2506.864248
2509.081728
2510.993348
2511.757997
2510.840419
2509.464052
2508.470009
2507.858290
2506.787783
2506.099599
2508.240615
2510.381630
2510.152235
2509.005263
2508.393544
2507.552431
2506.176064
2504.493838
2502.964541
2502.046963
2503.423330
2502.735147
2504.111514
2506.940713
2508.164150
2509.464052
2509.540517
2508.852333
2508.011220
2510.381630
2510.993348
2510.840419
2511.299208
2509.540517
2507.017177
2505.793740
2503.423330
2504.417373
2503.423330
2501.129386
2500.670597
2498.835441
2495.241594
2494.171086
2495.394523
2497.841398
2503.270401
2503.041006
2499.982413
2496.617961
2493.329973
2495.241594
2496.923820
2499.753019
2500.594132
2499.447159
2497.994328
2493.024114
2490.653704
2491.188958
2492.183001
2494.476945
2496.770890
2496.159172
2494.094621
2488.818548
2486.906927
2488.512689
2489.736126
2490.194915
2493.253508
2495.088664
2495.700383
2495.394523
2495.700383
2499.217765
2503.729190
2507.934755
2508.699404
2508.852333
2507.399502
2507.781826
2507.017177
2505.793740
2507.705361
2507.705361
2507.781826
2507.246572
2504.876162
2502.811612
2500.441202
2499.217765
2499.141300
2500.364737
2501.511710
2504.035049
2503.882119
2500.823526
2499.829483
2500.517667
2502.429288
2503.117471
2504.035049
2504.723232
2504.493838
2504.723232
2507.017177
2507.323037
2505.717275
2504.952627
2503.041006
2501.741104
2498.223722
2494.629875
2493.406438
2493.635832
2494.018156
2494.171086
2495.241594
2494.324016
2498.147257
2498.758976
2499.370694
2501.129386
2501.282315
2504.340908
2507.246572
2510.534560
2514.893055
2517.798718
2518.104578
2517.569324
2514.051942
2512.369715
2512.216786
2514.204871
2512.522645
2510.305165
2507.858290
2503.423330
2498.682511
2494.247551
2493.712297
2495.012199
2497.382609
2497.917863
2495.165129
2493.788762
2491.188958
2491.877141
2493.865227
2496.082707
2497.917863
2499.294230
2499.294230
2498.988370
2499.370694
2501.358780
2502.582217
2504.340908
2505.793740
2506.099599
2507.170107
2508.011220
2507.246572
2508.852333
2511.757997
2510.611024
2510.840419
2510.381630
2508.852333
2502.429288
2500.747061
2503.423330
2507.781826
2510.993348
2511.222743
2510.687489
2510.381630
2506.099599
2497.688468
2496.159172
2497.382609
2500.364737
2502.046963
2500.288272
2496.923820
2492.412395
2490.653704
2489.124407
2487.289251
2488.895013
2490.500774
2488.589154
2485.607025
2482.166108
2479.260444
2478.572261
2480.942671
2483.389545
2488.512689
2491.188958
2490.041985
2487.518646
2484.230658
2486.371674
2487.059857
2491.724212
2497.459074
2499.982413
2500.899991
2502.123428
2501.588175
2500.670597
2505.029092
2507.399502
2512.216786
2515.887098
2515.351844
2512.828504
2510.534560
2510.916884
2510.993348
2511.681532
2513.440223
2515.275379
2515.198914
2512.752040
2508.011220
2504.111514
2503.346866
2505.029092
2507.858290
2508.317079
2508.087685
2506.558388
2505.105557
2504.035049
2502.199893
2498.911905
2499.600089
2499.370694
2497.306144
2495.088664
2493.559367
2494.094621
2494.171086
2492.030071
2491.800676
2490.347845
2491.647747
2492.183001
2492.259465
2494.094621
2492.794719
2492.488860
2489.812591
2491.953606
2496.006242
2499.370694
2502.429288
2504.570303
2503.882119
2501.817569
2501.511710
2502.658682
2504.723232
2506.787783
2510.458095
2509.081728
2507.093642
2505.411416
2502.811612
2503.041006
2503.423330
2504.876162
2505.105557
2504.493838
2500.211808
2499.753019
2503.346866
2506.252529
2507.017177
2505.411416
2505.487881
2505.258486
2503.729190
2502.582217
2504.340908
2506.864248
2509.005263
2508.317079
2507.628896
2505.793740
2502.964541
2504.493838
2508.011220
2511.987391
2512.675575
2510.993348
2509.234657
2507.628896
2507.017177
2509.005263
2511.375673
2513.516688
2515.963562
2518.563367
2518.486902
2515.045984
2509.999306
2507.858290
2507.170107
2509.005263
2510.458095
2509.999306
2508.699404
2504.035049
2497.076750
2490.424309
2487.289251
2485.454096
2485.148236
2485.759955
2484.765912
2480.789741
2474.137301
2470.008200
2467.255466
2470.390524
2473.449117
2477.348824
2480.483882
2478.266402
2476.890035
2474.749019
2473.907906
2475.513668
2483.007221
2492.335930
2497.841398
2498.529581
2497.841398
2496.465031
2495.241594
2496.847355
2500.670597
2506.481924
2512.828504
2516.422351
2512.752040
2506.558388
2503.882119
2505.182021
2509.234657
2511.910926
2515.045984
2514.204871
2509.616982
2503.576260
2502.658682
2502.276358
2500.747061
2502.964541
2506.711318
2507.017177
2503.193936
2498.682511
2495.241594
2496.923820
2497.076750
2498.988370
2498.835441
2494.553410
2494.018156
2491.494817
2490.194915
2492.259465
2491.036028
2488.665618
2487.977435
2488.053900
2486.830462
2485.530560
2486.065814
2489.200872
2489.965520
2491.418352
2492.871184
2493.482903
2492.871184
2493.788762
2498.223722
2500.976456
2500.517667
2501.358780
2504.417373
2507.323037
2510.611024
2513.975477
2516.651746
2519.328015
2518.716296
2517.034070
2516.422351
2517.263464
2518.410437
2518.639831
2517.187000
2515.504773
2512.063856
2509.158193
2506.558388
2505.258486
2506.328994
2506.023135
2504.876162
2500.976456
2497.535539
2496.541496
2496.770890
2498.758976
2499.982413
2501.664639
2501.129386
2500.058878
2499.753019
2499.523624
2499.447159
2502.199893
2504.876162
2506.176064
2507.170107
2505.487881
2505.870205
2506.940713
2510.305165
2513.746082
2516.957605
2518.792761
2514.893055
2514.204871
2515.504773
2516.498816
2518.028113
2515.428309
2510.687489
2503.882119
2501.511710
2501.205850
2502.735147
2502.123428
2500.135343
4994.612288
4994.612288
