8.196904e-001 1.803096e-001 0.000000e+000 0.000000e+000 0.000000e+000 
0.000000e+000 7.570447e-001 2.429553e-001 0.000000e+000 0.000000e+000 
0.000000e+000 0.000000e+000 9.267678e-001 7.323215e-002 0.000000e+000 
0.000000e+000 0.000000e+000 0.000000e+000 9.430849e-001 5.691508e-002 
0.000000e+000 0.000000e+000 0.000000e+000 0.000000e+000 1.000000e+000 
1.000000e-030 1.000000e-030 6.666667e-031 1.000000e-030 1.000000e-030 1.000000e-030 1.000000e-030 1.000000e-030 1.000000e-030 1.000000e-030 1.000000e-030 1.000000e-030 3.886429e-001 1.000000e-030 1.000000e-030 7.197623e-002 6.666667e-031 1.000000e-030 3.333333e-031 4.537328e-002 4.166667e-002 1.000000e-030 5.513992e-005 1.000000e-030 6.666667e-031 1.000000e-030 1.000000e-030 1.000000e-030 4.522858e-001 1.000000e-030 3.795576e-018 1.000000e-030 
1.000000e-030 1.000000e-030 6.666667e-031 1.000000e-030 1.000000e-030 1.000000e-030 1.000000e-030 1.000000e-030 1.000000e-030 1.000000e-030 1.000000e-030 1.000000e-030 9.041610e-013 1.000000e-030 1.000000e-030 2.500000e-001 8.332409e-002 1.000000e-030 1.019979e-008 2.820026e-002 1.000000e-030 1.000000e-030 1.595728e-001 1.000000e-030 9.162614e-017 1.000000e-030 3.698195e-005 1.000000e-030 2.373556e-012 1.000000e-030 4.788659e-001 1.000000e-030 
4.749524e-042 1.000000e-030 2.474755e-001 1.000000e-030 1.000000e-030 1.000000e-030 5.894107e-006 1.000000e-030 1.000000e-030 1.000000e-030 1.000000e-030 1.000000e-030 1.000000e-030 1.000000e-030 1.515181e-002 6.666667e-031 6.333141e-012 1.000000e-030 5.100988e-001 1.000000e-030 1.000000e-030 1.000000e-030 6.006144e-024 1.000000e-030 1.212121e-001 1.000000e-030 6.060049e-002 1.000000e-030 4.545542e-002 1.000000e-030 1.415570e-012 1.000000e-030 
5.636968e-001 1.000000e-030 4.094494e-002 1.000000e-030 2.391527e-015 1.000000e-030 1.208422e-001 1.000000e-030 2.623531e-001 1.000000e-030 1.000000e-030 1.000000e-030 1.000000e-030 1.000000e-030 1.000000e-030 1.000000e-030 1.000000e-030 1.000000e-030 8.494138e-009 1.000000e-030 6.666667e-031 1.000000e-030 1.000000e-030 1.000000e-030 1.216291e-002 1.000000e-030 1.428928e-008 1.000000e-030 1.000000e-030 1.000000e-030 6.666667e-031 1.000000e-030 
3.333333e-031 1.185548e-001 1.270881e-002 1.000000e-030 1.918967e-001 1.000000e-030 9.053347e-003 3.964228e-002 1.088286e-015 3.003670e-002 1.000000e-030 6.072820e-003 2.453321e-002 2.129366e-002 2.127656e-002 2.997621e-003 5.180502e-002 5.514844e-002 3.075199e-003 7.917150e-002 1.535890e-002 1.000000e-030 2.437806e-002 1.031183e-001 1.335751e-002 4.574929e-002 1.000000e-030 1.000000e-030 7.026671e-002 3.032991e-002 3.017476e-002 1.000000e-030 
