0
0
-3
0
1
-3
3
-1
0
-1
3
0
1
3
0
0
-2
5
2
7
3
2
2
-1
3
2
3
5
3
0
2
4
2
1
3
1
1
-1
3
2
4
2
4
6
2
3
1
0
3
0
-1
-3
-3
0
3
3
-1
1
2
4
1
3
3
0
-1
-3
-1
1
0
0
1
0
-1
-4
-2
-2
-1
-1
-3
-1
-2
-3
0
-1
-4
-3
-2
-2
-2
-1
-1
-3
-4
-1
-2
-2
-3
0
1
-2
-3
-4
-4
-2
-4
-3
-3
-8
-4
-2
-2
-1
-1
-2
-2
-2
0
-1
-2
-1
-5
-4
-3
1
0
1
1
1
0
1
1
1
2
2
3
3
0
1
-1
-2
-1
-2
-1
-3
-1
-1
0
-2
-1
0
-2
0
3
5
5
6
6
5
1
1
3
1
1
2
1
-1
1
3
0
1
0
-1
-1
0
2
2
4
4
3
4
3
2
3
0
1
-1
0
1
3
3
0
-1
1
-2
0
-1
0
2
-3
-1
0
0
2
3
2
3
0
-1
4
3
0
2
4
3
2
1
2
-1
-3
0
-1
0
-3
-4
-3
1
1
1
3
0
-1
-2
0
1
1
-1
-4
-4
-1
-2
-3
-1
-2
-5
-4
-1
1
-2
-2
0
-5
-2
-1
0
0
2
-1
-3
-2
-2
-4
-3
-4
-4
-5
-5
-3
-3
-1
-3
-3
-4
-2
0
0
-1
-3
1
-2
0
2
0
-3
-1
1
-2
-3
-3
-4
-5
-2
-2
-3
-1
0
2
5
8
6
4
7
5
4
4
3
5
4
4
3
3
3
2
3
3
3
4
4
4
3
4
5
4
1
2
4
3
4
2
3
2
0
0
2
4
5
2
2
3
1
1
3
3
1
-1
-3
-2
0
-1
-3
0
-2
-4
-4
-3
-4
-2
-1
-3
-5
-6
-3
-1
-2
-4
-2
-2
-4
-2
-1
2
2
1
-1
-1
-1
0
1
1
-2
-2
0
0
2
3
3
1
0
0
2
1
2
3
1
-1
-2
2
2
1
2
0
0
-1
-4
-2
-3
-4
-6
-7
-7
-3
-4
-5
-3
-3
-5
-4
-6
-4
-2
-6
-3
-3
-7
-3
-5
-3
-2
-3
-6
-1
-2
-5
0
0
2
0
3
0
0
3
4
3
3
3
1
2
0
1
3
6
3
5
5
5
6
5
5
6
2
2
5
7
7
6
6
8
11
11
9
10
10
8
6
4
6
4
0
1
0
-2
-4
-4
-5
-4
-4
-5
-4
-6
-5
-4
-6
-7
-6
-6
-7
-9
-8
-4
-1
-2
-2
0
0
1
-1
-3
-5
-3
0
-1
0
-1
-2
0
-4
0
0
2
0
6
7
6
10
8
8
4
8
6
6
6
2
2
2
0
0
-1
-3
-1
0
1
3
4
4
6
6
9
9
11
10
11
11
6
6
1
-1
-8
-8
-13
-17
-20
-24
-24
-24
-26
-29
-29
-27
-26
-25
-25
-22
-18
-21
-15
-10
-6
-4
-2
0
0
2
2
3
4
1
1
-2
0
-2
-2
1
-2
0
2
1
7
8
10
12
17
22
21
20
19
20
18
21
22
25
23
19
21
20
19
21
25
25
25
22
22
21
23
22
22
22
18
15
12
7
1
-3
-6
-11
-14
-19
-22
-23
-23
-25
-26
-23
-25
-25
-22
-16
-14
-9
-2
0
0
0
-1
-5
-7
-8
-9
-14
-15
-20
-25
-25
-28
-31
-30
-28
-28
-23
-20
-17
-16
-16
-13
-7
2
1
8
10
12
15
16
21
22
25
28
28
28
28
26
24
21
20
17
19
14
12
11
9
5
3
7
6
9
14
18
23
24
28
31
27
28
27
27
25
18
12
5
-2
-12
-18
-25
-32
-36
-38
-40
-44
-43
-42
-41
-38
-38
-37
-34
-30
-27
-23
-20
-15
-16
-18
-16
-16
-15
-15
-16
-19
-20
-23
-23
-21
-20
-21
-22
-22
-21
-22
-18
-12
-13
-11
-9
-6
0
4
12
18
24
31
34
39
46
51
52
51
52
49
45
44
46
41
39
32
27
24
20
25
26
33
37
39
44
43
44
44
46
45
45
44
39
32
24
12
1
-9
-17
-25
-34
-40
-50
-52
-54
-54
-53
-49
-45
-47
-41
-34
-31
-24
-17
-14
-12
-10
-5
-5
-7
-7
-11
-17
-18
-24
-28
-32
-39
-49
-51
-54
-54
-55
-51
-47
-45
-37
-31
-24
-16
-10
-5
-2
8
12
16
25
26
28
31
32
34
36
34
35
35
32
30
30
29
27
26
23
21
18
15
15
15
21
17
18
20
21
26
33
39
42
47
53
52
55
55
52
47
40
35
28
20
19
14
8
3
-9
-21
-28
-31
-36
-40
-45
-52
-58
-62
-64
-60
-59
-60
-59
-54
-49
-43
-37
-30
-24
-20
-17
-11
-6
-5
-10
-14
-20
-26
-29
-35
-39
-44
-49
-51
-50
-50
-45
-35
-30
-24
-20
-12
-8
-2
5
12
22
28
37
46
55
61
65
66
69
67
67
66
61
55
50
45
35
34
32
26
23
24
26
34
45
54
60
62
65
63
64
68
68
68
58
43
30
8
-7
-23
-37
-51
-67
-74
-86
-89
-88
-88
-84
-75
-70
-64
-56
-46
-31
-22
-16
-3
4
6
11
13
8
-1
-10
-16
-27
-36
-48
-60
-69
-76
-82
-82
-78
-71
-68
-61
-52
-49
-35
-23
-13
0
6
12
20
24
30
32
37
39
37
41
46
49
49
51
56
52
56
58
54
53
51
47
44
45
39
42
42
38
40
46
50
49
52
58
62
68
75
77
86
86
80
76
70
60
53
49
38
24
7
-9
-23
-39
-57
-64
-72
-82
-85
-93
-96
-94
-87
-86
-82
-77
-70
-64
-54
-44
-32
-24
-24
-21
-17
-17
-19
-27
-36
-46
-54
-63
-69
-84
-96
-101
-107
-111
-107
-103
-96
-84
-72
-56
-46
-32
-19
-4
7
13
21
27
35
38
41
47
47
47
48
47
48
43
42
40
34
33
32
29
28
31
36
41
49
55
69
78
82
90
100
106
113
112
114
123
125
133
137
136
130
124
108
97
89
74
60
42
23
0
-21
-43
-65
-76
-92
-110
-115
-116
-120
-110
-97
-84
-70
-57
-43
-33
-22
-12
-5
-4
-8
-16
-22
-22
-24
-36
-44
-48
-55
-64
-71
-79
-91
-98
-113
-121
-124
-125
-124
-117
-113
-106
-100
-89
-70
-48
-25
-6
15
27
42
53
66
75
76
79
71
54
42
27
18
8
-5
-11
-20
-28
-25
-16
-9
2
8
16
32
51
67
92
109
117
135
145
151
161
168
149
139
129
107
97
86
78
83
87
86
86
89
76
67
63
57
41
27
16
-9
-28
-44
-64
-75
-82
-98
-100
-100
-105
-93
-80
-65
-54
-44
-39
-37
-31
-27
-25
-31
-35
-44
-64
-79
-91
-103
-107
-110
-120
-125
-127
-130
-132
-131
-133
-134
-128
-135
-138
-128
-123
-117
-106
-103
-94
-78
-62
-40
-20
-5
22
39
51
61
70
76
74
73
64
41
26
7
-4
-12
-16
-11
-10
-6
10
24
44
55
72
92
110
146
176
197
207
201
203
202
197
208
207
205
196
193
193
200
203
210
223
213
205
199
186
162
138
118
78
50
13
-40
-75
-97
-137
-160
-177
-208
-227
-234
-242
-239
-218
-199
-172
-145
-119
-96
-59
-25
8
26
36
43
45
42
33
17
-8
-38
-87
-129
-170
-215
-254
-288
-310
-320
-321
-313
-297
-272
-256
-231
-203
-195
-167
-126
-95
-63
-29
-6
17
39
60
78
95
104
96
91
88
73
60
55
37
13
3
-13
-33
-45
-52
-54
-61
-57
-43
-25
3
42
84
117
151
185
226
250
278
306
336
362
364
380
373
357
341
311
286
275
296
325
371
421
434
441
437
414
402
381
335
277
199
90
-26
-153
-275
-382
-498
-580
-627
-676
-691
-671
-627
-571
-496
-404
-336
-243
-161
-90
-12
57
101
137
164
165
161
149
132
101
61
15
-30
-93
-161
-228
-315
-401
-479
-555
-609
-644
-667
-654
-625
-552
-469
-359
-240
-131
14
143
238
344
468
566
661
734
712
623
544
408
301
229
112
-2
-144
-288
-432
-525
-581
-605
-606
-593
-570
-517
-423
-302
-183
-41
115
228
346
467
586
669
736
756
750
723
663
580
513
432
364
268
147
67
2
-67
-113
-122
-153
-160
-149
-118
-49
67
201
371
571
768
968
1166
1303
1385
1444
1442
1383
1280
1116
834
531
189
-218
-596
-954
-1332
-1669
-1952
-2186
-2327
-2373
-2309
-2182
-1986
-1737
-1443
-1120
-766
-379
-8
322
648
921
1136
1321
1455
1525
1517
1465
1339
1153
933
651
317
-46
-452
-869
-1267
-1634
-1949
-2217
-2393
-2488
-2487
-2421
-2222
-1929
-1562
-1129
-667
-198
318
824
1289
1756
2211
2579
2769
2930
2891
2703
2444
2043
1572
1071
568
-1
-573
-1101
-1664
-2112
-2417
-2680
-2793
-2764
-2643
-2435
-2047
-1617
-1133
-553
28
627
1219
1770
2268
2666
2920
3081
3120
3058
2881
2631
2283
1825
1339
840
282
-201
-672
-1118
-1467
-1725
-1893
-1970
-1917
-1882
-1665
-1297
-785
-75
759
1672
2511
3272
3841
4226
4450
4570
4567
4281
3771
3032
2041
940
-202
-1389
-2517
-3509
-4444
-5243
-5832
-6193
-6292
-6100
-5682
-5105
-4363
-3505
-2642
-1710
-669
264
1145
1990
2741
3311
3774
4126
4314
4336
4247
3993
3535
2940
2256
1396
449
-518
-1571
-2629
-3602
-4440
-5110
-5530
-5756
-5784
-5599
-5126
-4501
-3647
-2658
-1593
-428
662
1801
2876
3742
4523
5020
5227
5252
5048
4684
4128
3542
2678
1722
792
-254
-1148
-1896
-2683
-3423
-3863
-4296
-4608
-4574
-4459
-4163
-3594
-3021
-2305
-1451
-565
360
1366
2273
3032
3690
4154
4462
4600
4553
4293
3930
3369
2615
1892
1145
348
-381
-993
-1513
-2013
-2342
-2625
-2725
-2580
-2233
-1671
-729
401
1381
2481
3412
3983
4457
4908
5087
5247
5236
4734
3978
3094
1906
727
-303
-1495
-2726
-3730
-4660
-5496
-5898
-6035
-5965
-5690
-5259
-4757
-4072
-3209
-2245
-1241
-261
683
1424
2071
2704
3257
3702
4084
4210
4092
3882
3584
3056
2398
1660
728
-321
-1398
-2434
-3414
-4249
-4913
-5464
-5922
-6145
-6082
-5832
-5265
-4488
-3610
-2571
-1471
-323
833
2031
3081
3943
4664
5116
5320
5489
5466
5221
4909
4269
3409
2522
1483
342
-531
-1471
-2476
-3212
-3990
-4725
-4974
-5050
-5106
-4696
-4188
-3697
-2845
-1811
-847
313
1461
2416
3322
4101
4646
5051
5323
5299
5059
4640
3962
3199
2445
1587
783
14
-747
-1392
-1903
-2328
-2609
-2794
-2859
-2872
-2725
-2521
-2076
-1324
-341
803
1969
3146
4106
4933
5534
6001
6237
6298
6072
5423
4473
3325
1932
438
-972
-2434
-3907
-5108
-6163
-7050
-7488
-7589
-7379
-6928
-6211
-5448
-4495
-3412
-2279
-1147
-80
841
1595
2190
2722
3235
3618
3907
4031
3973
3815
3560
3112
2585
1921
1096
134
-870
-1939
-2947
-3844
-4597
-5245
-5749
-6004
-6080
-5834
-5277
-4462
-3491
-2375
-1199
-26
1072
2183
3221
4052
4696
5155
5496
5577
5537
5398
5028
4523
3840
3054
2117
1292
416
-607
-1409
-2322
-3240
-3883
-4393
-4862
-4928
-4799
-4653
-4109
-3319
-2503
-1423
-246
800
1812
2796
3572
4227
4685
4890
4951
4683
4288
3741
3141
2408
1725
1074
388
-167
-690
-1181
-1608
-1885
-2166
-2367
-2474
-2549
-2498
-2167
-1610
-823
118
1069
2040
2874
3550
4171
4702
5087
5320
5266
4857
4196
3289
2137
962
-305
-1669
-2921
-4110
-5166
-5880
-6295
-6449
-6324
-5979
-5499
-4877
-4113
-3222
-2298
-1341
-484
212
807
1264
1734
2139
2466
2682
2775
2828
2801
2649
2469
2185
1806
1308
701
91
-570
-1194
-1799
-2405
-3014
-3532
-3906
-4168
-4173
-3999
-3675
-3227
-2719
-2094
-1394
-646
188
948
1672
2302
2689
3039
3287
3464
3504
3577
3428
2972
2564
2048
1479
925
401
-259
-821
-1349
-1964
-2337
-2531
-2734
-2860
-2780
-2716
-2467
-2038
-1571
-1020
-335
313
924
1582
2110
2589
3039
3303
3412
3363
3223
3031
2748
2416
2057
1672
1265
827
494
226
-14
-185
-395
-627
-808
-941
-990
-869
-649
-289
188
686
1158
1618
2027
2365
2634
2850
3041
3133
3026
2776
2423
1798
1093
360
-442
-1309
-2077
-2836
-3520
-3992
-4351
-4517
-4542
-4452
-4248
-3908
-3471
-2947
-2462
-1952
-1457
-1063
-741
-409
-105
145
352
545
684
752
799
852
896
864
804
671
500
357
209
29
-137
-357
-633
-898
-1150
-1374
-1541
-1630
-1668
-1636
-1510
-1381
-1122
-822
-476
-184
91
330
503
742
945
1059
1153
1263
1268
1280
1290
1276
1206
1096
994
861
713
619
530
472
420
349
319
290
303
333
399
445
543
692
844
981
1059
1136
1164
1162
1121
1068
979
886
805
692
605
480
388
374
343
368
421
532
613
638
648
556
440
306
204
61
-79
-144
-241
-262
-239
-171
-53
133
299
435
611
747
800
784
720
557
302
44
-268
-642
-1015
-1293
-1553
-1744
-1839
-1872
-1855
-1774
-1652
-1472
-1285
-1122
-973
-948
-976
-1033
-1112
-1224
-1385
-1517
-1620
-1716
-1661
-1583
-1442
-1261
-1039
-818
-565
-256
-9
200
312
365
329
257
132
-14
-151
-264
-365
-408
-426
-350
-202
-62
128
313
445
574
695
758
824
815
757
661
553
497
499
550
579
694
848
971
1106
1204
1328
1379
1382
1382
1342
1291
1190
1061
914
770
612
498
373
305
245
197
227
217
217
172
133
117
63
-2
-64
-114
-132
-144
-117
3
99
167
256
371
508
583
675
750
699
612
506
358
193
8
-178
-350
-537
-689
-764
-786
-751
-653
-544
-409
-262
-139
12
164
253
339
340
317
305
263
247
208
150
84
-1
-47
-50
-139
-212
-299
-474
-607
-779
-986
-1198
-1418
-1635
-1790
-1880
-1914
-1867
-1822
-1749
-1626
-1502
-1307
-1094
-922
-751
-569
-441
-307
-238
-181
-132
-63
-52
-64
-40
-48
-70
-93
-80
-82
-60
-67
-51
-31
-23
9
92
166
295
405
525
689
838
1017
1151
1278
1314
1311
1322
1317
1279
1256
1195
1090
999
916
832
721
662
616
582
578
591
561
532
463
392
362
313
251
159
108
51
48
59
79
150
212
334
424
536
600
628
680
694
664
568
451
323
105
-84
-238
-409
-535
-634
-657
-666
-692
-665
-627
-577
-480
-382
-304
-200
-105
-58
-22
-27
-29
-34
-52
-86
-88
-149
-205
-282
-375
-414
-488
-620
-738
-851
-984
-1104
-1183
-1177
-1224
-1256
-1287
-1280
-1229
-1205
-1154
-1059
-938
-835
-754
-618
-493
-426
-310
-207
-171
-144
-123
-128
-118
-101
-108
-79
-38
-28
-34
-43
-36
-4
51
161
253
336
473
607
731
897
1070
1264
1420
1541
1643
1696
1720
1715
1663
1582
1461
1335
1178
1032
890
733
617
513
433
379
333
296
269
257
325
368
386
372
381
344
299
279
256
198
111
38
-44
-107
-168
-210
-310
-384
-404
-427
-416
-439
-476
-529
-569
-598
-636
-660
-642
-640
-657
-690
-727
-713
-696
-691
-658
-600
-547
-475
-400
-330
-288
-261
-306
-378
-397
-475
-565
-633
-702
-794
-897
-977
-1020
-1035
-1025
-1014
-979
-828
-716
-629
-477
-339
-238
-131
-19
55
171
232
256
287
263
222
169
128
104
97
90
122
111
151
195
173
133
147
109
65
54
10
21
65
162
297
452
609
800
999
1204
1392
1563
1714
1777
1813
1841
1822
1807
1652
1479
1339
1189
1014
834
664
490
339
226
181
125
109
76
85
90
75
126
154
198
224
267
262
234
214
119
40
-37
-148
-241
-341
-450
-557
-705
-832
-959
-1033
-1091
-1172
-1204
-1228
-1213
-1178
-1125
-1083
-1007
-978
-955
-906
-863
-803
-754
-710
-657
-618
-583
-546
-502
-416
-357
-321
-269
-238
-319
-365
-383
-489
-640
-731
-845
-960
-975
-964
-953
-923
-820
-692
-546
-369
-175
-27
152
329
472
594
690
741
789
800
758
704
626
538
440
371
308
258
227
231
195
163
121
33
-16
-36
-49
-72
-71
-8
78
174
298
412
578
775
967
1154
1291
1407
1514
1586
1650
1670
1629
1506
1392
1241
1098
990
856
752
662
583
535
486
479
484
442
404
422
408
400
407
351
278
194
109
56
51
12
-40
-118
-210
-289
-412
-520
-626
-739
-885
-1004
-1095
-1155
-1214
-1262
-1248
-1194
-1151
-1133
-1065
-955
-920
-882
-810
-788
-773
-699
-664
-610
-571
-579
-571
-606
-605
-605
-642
-691
-715
-772
-842
-886
-902
-914
-934
-949
-952
-895
-833
-783
-661
-541
-408
-254
-112
56
193
336
484
600
688
752
844
855
842
834
809
790
757
737
682
637
579
501
454
338
232
186
109
80
76
109
143
135
181
266
362
476
558
641
711
790
875
917
950
988
988
933
882
821
732
668
617
558
503
415
352
276
217
186
139
114
77
32
1
-10
42
53
57
107
151
171
211
233
246
222
155
116
62
-6
-87
-162
-297
-410
-512
-609
-682
-759
-808
-869
-915
-913
-906
-876
-823
-775
-701
-656
-598
-528
-424
-372
-350
-309
-278
-241
-246
-220
-189
-212
-256
-261
-299
-319
-327
-357
-430
-472
-497
-517
-530
-505
-442
-417
-396
-354
-299
-223
-119
-17
48
138
226
283
371
467
553
529
556
602
607
636
642
585
525
489
449
436
406
339
226
155
77
14
-45
-44
-61
-87
-76
-58
-51
-16
68
108
193
275
335
381
430
437
423
370
347
294
211
145
40
-47
-128
-178
-229
-235
-195
-160
-127
-80
-84
-95
-82
-96
-85
-69
-35
-30
6
40
79
119
192
263
319
396
412
427
406
376
362
316
256
205
121
43
-42
-131
-211
-244
-315
-352
-301
-250
-202
-139
-53
-29
6
54
96
116
155
109
46
-3
-57
-121
-166
-176
-247
-298
-320
-324
-344
-364
-369
-405
-459
-454
-471
-488
-480
-490
-466
-473
-477
-473
-428
-342
-282
-252
-164
-114
-47
67
139
207
252
290
347
402
393
388
365
271
171
84
-6
-75
-143
-214
-249
-247
-261
-260
-219
-173
-142
-75
13
92
182
278
347
406
428
437
453
461
461
408
361
325
242
197
158
83
59
27
-9
-11
-39
-51
-42
-62
-37
-13
-3
24
16
13
101
141
141
189
229
283
325
372
423
502
533
534
517
487
451
378
284
195
104
-16
-93
-172
-250
-373
-447
-476
-496
-495
-456
-399
-345
-250
-175
-99
-31
-11
33
88
62
51
30
-26
-93
-156
-191
-207
-249
-297
-305
-365
-375
-368
-356
-353
-367
-387
-380
-376
-333
-330
-311
-301
-320
-262
-188
-95
-45
17
74
166
235
262
310
305
289
288
259
228
153
80
21
-35
-87
-130
-177
-203
-173
-172
-133
-71
-37
-14
49
130
189
236
306
374
413
461
476
512
528
533
503
439
399
340
328
286
208
147
54
1
-18
-50
-75
-138
-200
-222
-259
-293
-309
-297
-310
-267
-188
-123
-55
-31
-41
-26
-14
20
69
75
79
33
18
15
-32
-85
-146
-244
-329
-370
-374
-363
-397
-422
-398
-382
-352
-288
-189
-121
-60
-8
74
138
193
274
312
315
303
312
279
228
166
125
86
14
-18
-15
-55
-54
-60
-24
-3
5
31
45
44
67
70
76
97
80
88
115
174
222
267
275
314
347
312
323
305
262
212
150
90
48
2
-52
-123
-212
-284
-335
-371
-392
-406
-382
-362
-380
-324
-224
-164
-74
30
96
173
206
260
304
324
318
319
289
259
246
214
212
180
158
120
106
89
46
1
-73
-152
-222
-263
-308
-333
-308
-335
-327
-312
-322
-272
-221
-204
-160
-102
-68
-34
-14
5
-14
-75
-108
-133
-171
-238
-261
-279
-318
-312
-301
-306
-310
-248
-184
-133
-73
-16
38
62
84
134
172
166
201
216
206
232
250
254
253
287
297
337
333
305
328
274
225
213
180
140
139
106
76
22
5
-15
-30
-10
-19
-20
-24
40
38
48
66
85
74
42
37
22
1
-33
-53
-88
-114
-104
-102
-88
-77
-97
-154
-155
-114
-83
-61
-63
-75
-111
-116
-110
-67
-19
14
47
81
111
169
212
239
303
357
347
370
358
328
305
255
214
157
112
45
-9
-33
-58
-104
-108
-120
-143
-165
-212
-216
-219
-215
-243
-245
-228
-227
-226
-219
-201
-185
-171
-153
-110
-113
-118
-106
-119
-126
-153
-148
-157
-150
-169
-117
-123
-121
-88
-117
-123
-98
-70
-88
-82
-77
-84
-79
-23
1
30
88
118
157
211
223
236
249
229
220
198
203
200
197
181
147
109
74
43
-15
-43
-71
-103
-72
-23
-15
-5
5
10
-23
-25
-21
-32
-26
-53
-66
-63
-40
-14
-1
-19
-19
-3
-23
-8
-4
3
13
3
-40
-12
27
38
62
85
88
70
59
63
92
109
144
106
129
163
152
176
174
143
143
119
113
161
143
103
75
53
40
4
-52
-59
-107
-157
-193
-207
-215
-232
-221
-209
-191
-191
-155
-130
-79
-65
-63
-12
-8
4
73
112
128
97
50
58
16
2
28
14
-20
-22
-52
-37
-20
-7
17
30
34
69
52
10
37
38
3
-16
-3
-6
-13
25
26
-2
41
53
73
145
189
196
224
222
175
118
128
74
15
-32
-124
-171
-184
-239
-273
-246
-259
-261
-249
-207
-140
-91
-87
-84
-86
-107
-144
-129
-101
-120
-118
-131
-132
-160
-130
-109
-122
-102
-105
-108
-113
-126
-108
-101
-111
-71
-52
-53
-47
-25
-17
5
64
83
95
130
130
128
131
120
111
109
116
116
122
144
121
70
23
19
36
16
12
-14
-17
-86
-77
-60
-71
-12
7
13
74
145
209
257
315
319
328
334
335
353
345
322
277
246
213
217
196
160
167
155
92
86
88
93
89
75
64
78
76
62
40
23
44
52
52
74
85
51
60
88
126
123
114
118
112
89
73
32
-42
-96
-182
-224
-236
-300
-324
-352
-382
-380
-393
-391
-378
-360
-315
-297
-309
-294
-244
-192
-176
-156
-143
-152
-168
-172
-195
-226
-233
-248
-239
-226
-256
-244
-241
-263
-269
-243
-257
-251
-221
-195
-170
-160
-146
-116
-67
-41
-33
-21
-7
17
69
93
120
143
159
167
184
212
214
195
198
146
115
135
82
52
59
49
3
26
67
45
79
90
144
175
195
214
237
293
316
311
337
387
366
347
352
362
360
355
344
297
267
239
230
250
242
224
181
141
125
97
121
142
128
135
120
118
133
140
122
135
142
138
154
187
199
171
183
157
117
83
14
-53
-122
-202
-255
-361
-424
-455
-477
-463
-450
-423
-418
-405
-397
-391
-386
-323
-271
-269
-256
-246
-231
-231
-216
-191
-170
-168
-127
-115
-119
-95
-117
-128
-143
-141
-142
-139
-139
-145
-186
-217
-250
-273
-246
-243
-237
-203
-201
-208
-173
-137
-126
-114
-109
-91
-54
-42
-27
1
-25
6
33
10
20
33
4
-14
-25
-43
-19
-32
2
10
28
63
85
133
152
193
198
224
303
330
364
405
436
444
449
424
406
410
413
413
444
438
421
427
430
441
435
430
406
387
379
358
332
309
308
290
279
273
281
275
246
223
195
175
178
157
119
85
27
21
19
5
-10
-51
-106
-145
-210
-263
-329
-396
-450
-517
-500
-530
-543
-521
-527
-506
-510
-472
-462
-470
-448
-425
-414
-376
-370
-372
-335
-304
-273
-267
-259
-264
-263
-259
-244
-219
-214
-210
-199
-185
-172
-145
-129
-128
-115
-99
-54
-59
-54
-40
-49
-28
-7
12
17
8
20
50
68
68
66
56
86
96
79
91
81
87
88
105
110
113
125
115
110
136
143
170
195
187
220
240
213
232
238
211
204
212
244
248
259
298
310
289
303
315
318
348
377
362
366
349
335
317
295
277
259
231
213
204
180
176
150
176
158
132
139
155
124
95
80
34
-5
-38
-87
-105
-111
-172
-213
-239
-264
-285
-304
-299
-312
-315
-319
-320
-329
-305
-306
-339
-335
-354
-369
-338
-346
-317
-305
-325
-281
-281
-274
-278
-239
-230
-266
-236
-177
-139
-132
-112
-100
-114
-91
-73
-54
-68
-71
-44
-46
-12
-3
-3
-31
-6
8
5
4
-7
-11
-33
-47
-30
-22
-6
33
30
75
94
137
209
212
230
226
203
236
205
217
234
235
242
231
245
234
242
220
222
238
227
218
222
212
200
200
197
190
180
210
192
180
158
159
175
142
123
127
117
129
149
147
176
122
88
84
53
20
18
3
-33
-30
-14
-47
-53
-51
-79
-75
-77
-106
-141
-205
-262
-264
-260
-305
-334
-338
-359
-372
-350
-346
-338
-300
-310
-308
-288
-268
-262
-270
-293
-299
-318
-306
-295
-281
-263
-246
-204
-184
-159
-121
-88
-80
-90
-92
-64
-46
-62
-19
6
6
12
28
63
84
122
138
158
174
194
171
174
209
203
217
234
221
225
242
238
259
259
277
309
314
295
288
272
262
252
290
312
322
324
301
294
274
246
223
225
203
225
243
254
238
196
164
133
105
85
89
40
-23
-59
-65
-83
-69
-76
-64
-40
-41
-55
-61
-69
-98
-93
-82
-109
-131
-132
-147
-134
-159
-182
-183
-190
-199
-204
-204
-211
-239
-266
-259
-263
-265
-253
-276
-284
-275
-284
-283
-291
-311
-348
-322
-309
-299
-304
-293
-292
-290
-280
-278
-255
-245
-206
-190
-159
-126
-103
-88
-75
-44
-21
7
29
47
58
49
39
61
55
68
104
107
122
146
153
181
207
204
200
220
232
240
245
241
231
221
235
246
265
267
279
307
337
361
374
350
338
333
318
311
293
266
245
246
245
220
200
189
171
142
137
160
155
152
134
106
85
82
75
63
74
50
16
-8
-17
-29
-55
-75
-73
-90
-52
-11
-33
-25
-18
-62
-80
-116
-161
-160
-179
-214
-231
-237
-265
-300
-305
-297
-286
-248
-240
-228
-232
-230
-232
-242
-240
-227
-227
-235
-230
-240
-241
-246
-259
-251
-281
-294
-281
-277
-274
-255
-235
-254
-230
-214
-215
-182
-161
-160
-141
-113
-81
-66
-32
-8
-16
1
42
58
75
109
100
119
123
124
135
157
190
208
224
244
248
254
246
239
252
247
248
242
225
220
223
227
246
249
271
283
299
337
334
329
325
307
298
275
244
221
218
197
186
178
152
141
118
100
69
76
92
77
68
69
56
28
14
0
14
5
-15
-15
-12
-18
-22
-35
-45
-78
-115
-113
-136
-139
-151
-176
-191
-184
-189
-196
-183
-182
-219
-232
-247
-246
-240
-231
-222
-231
-202
-176
-190
-211
-204
-199
-223
-221
-208
-213
-209
-216
-210
-192
-174
-184
-193
-195
-214
-237
-226
-207
-225
-200
-187
-184
-167
-146
-128
-92
-52
-40
-2
15
51
70
98
133
132
129
140
137
162
164
158
161
138
157
171
161
166
155
142
158
149
166
175
165
157
181
191
213
239
229
250
252
264
283
257
250
241
205
195
178
185
175
165
156
152
124
96
88
62
44
12
6
2
1
-1
6
32
40
49
56
50
33
4
-14
-16
-17
-30
-23
-24
-36
-33
-35
-30
-45
-62
-68
-92
-81
-101
-115
-120
-120
-108
-126
-124
-139
-158
-158
-150
-161
-154
-139
-142
-137
-143
-136
-141
-144
-139
-130
-121
-148
-164
-158
-187
-185
-184
-211
-249
-263
-257
-230
-226
-193
-156
-138
-111
-69
-33
-27
-11
10
31
43
57
64
82
62
45
47
72
87
100
113
112
88
78
80
100
114
104
111
107
83
98
114
123
130
120
124
154
172
185
202
190
196
203
196
207
214
205
189
154
132
119
109
105
106
89
69
56
23
28
38
44
54
27
7
17
25
14
-4
4
-9
-9
10
11
13
8
-9
1
14
5
-2
-10
-22
-41
-67
-89
-103
-131
-134
-145
-157
-171
-164
-174
-163
-171
-163
-132
-140
-128
-110
-108
-106
-96
-110
-110
-118
-114
-110
-95
-86
-76
-74
-56
-58
-76
-83
-83
-93
-124
-138
-126
-116
-109
-88
-75
-77
-55
-43
-39
-5
22
45
65
73
73
64
70
87
87
98
94
90
111
120
103
104
90
71
58
59
73
54
50
57
52
49
58
62
63
80
81
85
86
94
117
117
140
145
123
118
101
96
99
85
95
91
83
84
89
65
35
45
26
12
-4
-9
11
-5
-20
-5
-1
-17
-10
0
11
0
18
29
9
7
-9
-13
-10
-21
-44
-42
-56
-74
-79
-70
-89
-127
-115
-106
-115
-97
-101
-111
-112
-117
-118
-120
-109
-127
-122
-117
-114
-87
-91
-115
-117
-111
-120
-101
-79
-58
-68
-74
-86
-93
-71
-68
-67
-88
-111
-95
-95
-99
-73
-60
-72
-44
-18
-8
7
28
25
42
63
58
74
87
101
106
121
127
140
155
175
170
157
147
145
133
127
137
118
138
124
120
138
146
154
172
170
173
175
170
180
176
158
162
184
158
144
132
126
119
90
59
39
44
34
40
40
18
16
-7
-22
-32
-46
-74
-81
-89
-71
-69
-79
-75
-76
-86
-86
-82
-93
-114
-114
-115
-145
-150
-150
-171
-169
-150
-164
-154
-171
-186
-200
-190
-193
-189
-172
-165
-159
-149
-151
-158
-165
-152
-149
-150
-128
-121
-105
-90
-73
-56
-52
-45
-7
8
5
-10
-37
-48
-36
-40
-53
-51
-35
-16
-2
17
27
45
61
62
71
84
93
106
115
140
167
172
167
177
174
177
173
162
162
141
150
173
177
166
128
127
132
127
151
150
117
83
75
73
72
72
107
117
77
90
91
97
92
78
86
80
78
58
62
65
37
38
17
-6
5
14
-9
-19
-17
-42
-49
-55
-31
-52
-76
-54
-57
-69
-89
-77
-83
-104
-102
-124
-117
-130
-131
-113
-90
-115
-95
-115
-83
-127
-81
-127
-72
-230
324
713
66
-161
-563
-614
-707
-418
-323
126
703
-63
-278
-336
-781
-579
-335
-164
-189
-72
-42
-164
252
195
9
-5
-37
43
16
70
169
72
187
160
159
239
123
140
9
35
75
-35
72
67
70
87
-30
79
43
131
260
175
242
147
163
203
129
230
138
169
218
131
214
176
243
203
134
177
68
95
55
28
110
45
102
71
37
73
5
80
7
9
53
-5
38
-14
9
29
17
47
-23
30
2
-39
-17
-76
-49
-79
-79
-108
-128
-135
-179
-168
-172
-150
-124
-162
-107
-88
-66
-68
-120
-104
-148
-121
-160
-151
-124
-170
-113
-128
-152
-166
-186
-202
-230
-142
-153
-92
-73
-168
-139
-155
-92
-71
-105
-133
-159
-154
-159
-85
-50
-74
-63
-81
-31
-6
19
66
38
11
0
8
12
62
92
148
163
151
155
166
199
248
326
409
474
504
510
533
616
623
640
658
703
692
661
650
587
481
268
112
-32
-188
-300
-441
-581
-717
-827
-906
-934
-846
-815
-728
-673
-564
-430
-309
-188
-79
97
178
226
278
320
329
345
315
255
203
169
71
-10
-77
-209
-310
-385
-473
-552
-620
-672
-708
-747
-704
-659
-591
-541
-442
-319
-220
-74
98
294
432
539
660
749
762
753
722
672
602
506
475
874
1415
1740
2046
2281
2215
2043
1902
1574
1399
1268
688
-42
-581
-1149
-1688
-2040
-2487
-2953
-3214
-3406
-3456
-3078
-2523
-2166
-1745
-1278
-878
-238
439
957
1303
1612
1904
2060
2236
2531
2656
2566
2328
1961
1581
1250
906
261
-413
-1130
-1848
-2530
-3019
-3315
-3575
-3652
-3642
-3499
-3074
-2386
-1637
-1038
-341
406
1060
1702
2392
2906
3358
3929
4189
4289
4381
4126
3493
2708
1664
669
-105
-1064
-2038
-2744
-3562
-4118
-4253
-4519
-4572
-4126
-3874
-3625
-2749
-1881
-1172
-191
678
1241
2015
2785
3116
3364
3641
3434
2995
2623
2069
1532
1132
603
34
-299
-647
-1037
-1414
-1683
-1948
-2046
-2009
-1654
-663
973
2675
3971
5054
5648
5781
5674
5383
4985
4552
3662
2238
811
-398
-1609
-2574
-3507
-4505
-5199
-5648
-5859
-5736
-5233
-4715
-4328
-3729
-2952
-2039
-830
230
1109
1875
2666
3360
3880
4287
4425
4271
3861
3214
2384
1576
693
-466
-1781
-2991
-4039
-5014
-5629
-5810
-5771
-5471
-4967
-4276
-3394
-2262
-1130
-137
761
1609
2345
2905
3445
3844
3966
4044
4070
3953
3849
3640
3194
2411
1581
599
-431
-1185
-2046
-2777
-3382
-3862
-4228
-4365
-4334
-4061
-3413
-2861
-2044
-1032
-84
925
1841
2592
2959
3302
3378
3048
2816
2401
1802
1114
524
-29
-504
-674
-826
-917
-868
-763
-767
-769
-774
-823
-905
-925
-831
-644
-118
841
2084
3810
5586
6716
7231
7130
6418
5377
4429
3475
2568
1490
-57
-1523
-2658
-3614
-4307
-4830
-5402
-5810
-5988
-5870
-5402
-4633
-3578
-2719
-1770
-656
389
1560
2623
3499
4054
4431
4495
4189
3803
3138
2255
1226
98
-1152
-2286
-3126
-3845
-4492
-4847
-5057
-5181
-4988
-4463
-3679
-2808
-1916
-1190
-598
93
780
1416
1842
2120
2222
2167
2100
2252
2597
2638
2549
2168
1765
1430
1093
585
-148
-750
-1632
-2393
-2769
-2925
-2883
-2929
-2873
-2793
-2417
-1668
-815
-80
639
1253
1557
1989
2046
2103
2030
1585
1176
717
594
461
334
329
195
238
257
185
124
33
4
-258
-458
-613
-779
-814
-765
-458
-35
512
1373
2513
4217
5815
6770
6981
6315
5190
3715
2446
1334
536
-162
-1137
-2043
-2683
-3089
-3433
-3720
-4225
-4574
-4691
-4639
-4293
-3877
-3099
-2298
-1400
-347
553
1618
2507
3250
3735
3895
3848
3234
2350
1422
462
-334
-1045
-1819
-2542
-3008
-3202
-3337
-3361
-3317
-3302
-3228
-3017
-2539
-1853
-1169
-547
-147
204
592
1020
1405
1534
1498
1282
928
816
819
914
1075
1073
1012
746
732
459
278
172
-253
-665
-1270
-1714
-2172
-2181
-1982
-1541
-861
-265
654
1183
1912
2266
2164
2014
1280
774
24
-399
-649
-1034
-920
-922
-474
-35
459
853
879
977
640
501
365
327
286
86
127
68
262
575
983
1671
2594
4088
5339
6113
5959
4974
3630
1825
463
-550
-984
-1343
-1656
-2029
-2474
-2486
-2902
-3211
-3771
-4173
-4237
-4535
-4058
-3770
-2925
-1714
-668
810
1686
2696
3204
3432
3605
3077
2570
1545
442
-429
-1178
-1355
-1568
-1653
-1757
-2064
-2097
-2212
-2368
-2619
-2828
-2792
-2567
-1945
-1132
-305
494
1007
1357
1525
1422
1033
514
-135
-765
-1195
-1229
-1061
-672
80
946
1799
2176
2239
1725
1111
344
-464
-1023
-1843
-2164
-2308
-2083
-1403
-473
504
1080
1591
1534
1395
1032
414
-171
-993
-1215
-1347
-1087
-529
-122
505
894
1204
1150
1038
898
449
291
315
360
722
1102
1423
1640
1832
1774
1427
1124
606
380
713
1550
3083
4591
5616
5704
4986
3974
2498
1399
424
-171
-615
-1004
-1304
-1856
-1953
-2410
-2685
-3103
-3696
-3801
-4116
-3810
-3581
-3098
-1966
-1114
148
870
1521
2084
2138
2337
1802
1249
480
-554
-1001
-1496
-1444
-1293
-1327
-1244
-1569
-1724
-1936
-2300
-2550
-2874
-2890
-2631
-2036
-1178
-606
-83
154
162
77
-147
-254
-628
-927
-1123
-1084
-720
-120
685
1232
1740
1918
1743
1308
759
152
-444
-698
-1037
-1040
-966
-657
-125
188
662
635
583
355
-137
-407
-829
-785
-782
-575
-160
119
562
640
764
634
377
296
36
92
245
513
890
1318
1951
2330
2573
2506
2022
1473
778
252
-37
150
1036
2447
4207
5572
6223
5757
4656
3212
1671
636
-104
-443
-745
-722
-802
-1031
-1151
-1616
-2203
-3005
-3538
-4035
-4181
-3686
-3365
-2492
-1450
-168
1077
1931
2559
2313
2009
1388
615
-12
-840
-1304
-1523
-1471
-1159
-973
-765
-914
-1356
-2030
-2814
-3364
-3768
-3683
-3134
-2291
-1286
-343
301
610
598
234
-429
-1019
-1564
-1801
-1828
-1491
-837
-173
688
1223
1799
1872
1787
1365
641
69
-568
-701
-780
-473
-75
163
599
560
580
240
-426
-952
-1704
-1738
-1575
-1035
-139
489
1211
1475
1450
1311
730
154
-578
-1134
-1236
-1014
-361
401
1238
1924
2424
2777
2769
2459
1810
945
159
-427
-732
-518
97
1245
2830
4563
5957
6537
6100
4620
2770
996
-213
-592
-408
112
737
1086
1012
518
-350
-1355
-2691
-3760
-4482
-4931
-4437
-3553
-2259
-795
445
1508
1995
2215
1878
1147
515
-259
-695
-850
-782
-387
23
455
525
176
-491
-1595
-2652
-3591
-4232
-4326
-3897
-2991
-1815
-684
77
457
200
-435
-1364
-2150
-2618
-2733
-2426
-2002
-1024
33
1052
1840
2002
1777
1267
589
-89
-489
-764
-754
-247
313
880
1244
1262
940
309
-436
-1372
-2147
-2314
-2208
-1569
-426
355
1128
1762
1824
1457
807
-74
-1027
-1438
-1535
-1329
-442
540
1478
2429
2801
2800
2640
2221
1587
1104
576
-21
-158
-100
182
746
1414
2284
3403
4460
5107
5176
4407
2921
1514
487
53
400
1208
1734
2122
1810
703
-463
-1622
-2753
-3896
-4244
-4285
-3959
-2890
-1907
-726
273
677
628
427
391
191
-38
-157
-45
313
666
897
1093
932
384
-325
-1291
-2151
-2783
-3254
-3343
-3136
-2550
-1851
-1156
-410
-119
-208
-739
-1381
-1839
-2173
-2306
-2033
-1561
-969
-66
586
1000
1114
933
387
-119
-507
-815
-610
-333
258
718
1148
1469
1140
1000
181
-664
-1222
-1913
-1911
-1673
-1181
-627
-50
571
789
937
766
138
-300
-755
-1145
-1157
-996
-560
76
688
1133
1373
1518
1457
1426
1393
1233
1157
1113
1033
998
1046
1060
1247
1690
2422
3086
3683
4178
3986
3315
2339
1473
792
839
1504
1813
2290
2072
1152
64
-1266
-2280
-3140
-3339
-3292
-3034
-2219
-1589
-916
-283
-76
-197
-480
-815
-906
-718
-218
483
1058
1523
1615
1606
1259
462
-299
-1241
-1913
-2260
-2505
-2387
-2064
-1586
-1101
-704
-472
-531
-625
-840
-1358
-1712
-1963
-2033
-1785
-1357
-755
-209
334
592
372
-68
-696
-1431
-1730
-1469
-975
-155
654
1141
1387
1402
1089
541
41
-475
-951
-1136
-1252
-1202
-827
-453
-162
140
222
76
-16
-102
-248
-381
-395
-377
-208
21
69
93
45
-12
105
309
529
914
1362
1757
2170
2393
2287
2022
1787
1538
1653
2131
2479
2929
3322
3487
3310
2767
2137
1434
1247
1352
1580
1843
1794
1335
455
-479
-1700
-2577
-3033
-3057
-2513
-1895
-1158
-804
-618
-524
-790
-982
-1296
-1369
-1148
-848
-329
335
915
1378
1677
1523
1035
197
-728
-1527
-1954
-2008
-1993
-1634
-1246
-974
-670
-509
-451
-642
-951
-1272
-1575
-1803
-1865
-1770
-1669
-1396
-991
-797
-719
-563
-800
-1052
-1166
-1347
-1329
-1120
-644
-221
459
1145
1252
1285
1088
605
258
59
-221
-402
-259
-202
32
385
448
445
455
175
-5
-11
-111
27
270
401
475
455
207
-42
-114
-274
-283
-92
147
543
1024
1430
1766
1963
2044
1985
1964
1984
1863
1802
1742
1731
1686
1584
1499
1418
1439
1506
1620
1754
1728
1648
1369
797
240
-515
-1090
-1327
-1320
-954
-575
-206
19
3
-174
-623
-1195
-1648
-1877
-1692
-1208
-594
57
435
662
598
329
-28
-554
-943
-1193
-1306
-1180
-1043
-859
-581
-377
-247
-212
-196
-277
-358
-395
-765
-1071
-1173
-1450
-1475
-1334
-1353
-1263
-1157
-1131
-1278
-1389
-1450
-1702
-1517
-1173
-1120
-793
-489
-376
8
319
447
492
496
448
431
542
468
366
403
320
318
242
-48
-269
-422
-408
-263
-109
-8
12
117
105
9
57
-58
-199
-184
-131
-160
-96
124
370
840
1377
1830
2283
2602
2708
2567
2287
1871
1207
790
614
677
1249
1830
2268
2561
2500
2168
1762
1275
716
284
107
-13
85
261
252
241
88
-173
-484
-864
-1145
-1313
-1324
-1201
-1111
-914
-695
-403
-96
14
-13
-191
-448
-625
-788
-936
-1129
-1223
-1082
-809
-465
-218
-68
32
105
201
48
-247
-455
-712
-719
-725
-858
-973
-1152
-1269
-1343
-1457
-1562
-1713
-1743
-1627
-1573
-1463
-1381
-1345
-1059
-800
-598
-378
-180
139
486
779
904
871
763
691
654
565
314
47
-131
-222
-173
-134
-128
-140
-203
-209
-165
-118
-131
-75
87
109
86
-17
-220
-262
-147
111
503
995
1451
1884
2287
2477
2495
2382
1976
1573
1364
1279
1358
1528
1688
1705
1676
1620
1382
1107
811
463
286
133
30
-29
-107
-162
-220
-262
-374
-509
-595
-706
-707
-620
-577
-566
-508
-415
-308
-211
-168
-149
-200
-293
-499
-580
-662
-790
-891
-954
-920
-815
-583
-478
-414
-287
-244
-243
-235
-243
-256
-361
-383
-519
-813
-906
-1106
-1194
-1114
-1148
-1258
-1379
-1420
-1381
-1248
-1037
-945
-899
-756
-698
-527
-333
-235
-39
173
389
611
768
775
660
658
615
595
589
425
328
170
121
117
95
87
149
212
280
286
215
27
-122
-106
-134
-4
138
284
566
840
1128
1431
1573
1731
1752
1718
1763
1636
1588
1562
1432
1388
1248
1056
891
581
342
181
42
2
-169
-332
-469
-618
-616
-609
-626
-648
-699
-654
-582
-554
-570
-641
-613
-575
-430
-238
-92
72
171
240
259
155
-40
-200
-367
-525
-662
-812
-910
-819
-699
-586
-501
-560
-592
-539
-451
-430
-376
-314
-409
-364
-306
-480
-518
-567
-699
-681
-726
-750
-813
-820
-748
-690
-506
-428
-380
-248
-244
-190
-122
-73
48
184
360
536
669
750
756
768
672
525
491
466
475
599
601
546
587
498
415
361
286
255
277
413
511
548
555
542
586
678
738
789
877
905
937
1016
1021
928
867
772
659
589
504
305
121
46
-123
-228
-284
-482
-589
-597
-681
-688
-659
-721
-737
-722
-706
-608
-562
-553
-512
-411
-313
-221
-93
-65
-56
44
184
284
279
307
286
84
35
-80
-293
-428
-521
-545
-544
-527
-580
-681
-722
-695
-652
-487
-376
-346
-273
-289
-381
-355
-325
-362
-349
-373
-497
-524
-534
-614
-581
-567
-580
-551
-454
-408
-363
-383
-405
-411
-254
-102
84
303
414
575
638
629
623
629
604
631
705
728
690
694
690
772
865
867
929
994
1015
1016
994
978
940
809
766
735
663
770
811
795
720
552
374
191
48
-46
-144
-217
-262
-324
-308
-389
-500
-560
-683
-752
-768
-743
-619
-511
-364
-184
-120
-84
-133
-191
-221
-193
-141
-142
-168
-117
-84
-95
-76
-95
-70
37
226
382
440
372
171
-68
-170
-245
-352
-344
-351
-367
-316
-301
-376
-418
-455
-580
-604
-553
-588
-480
-353
-299
-229
-186
-246
-319
-321
-384
-479
-523
-638
-695
-618
-560
-444
-365
-399
-391
-381
-392
-337
-232
-141
2
240
449
646
837
900
842
830
748
679
707
701
756
889
1000
1043
1074
1139
1156
1149
1182
1159
1106
990
823
606
418
224
81
-9
-94
-135
-192
-292
-486
-664
-877
-1038
-1139
-1205
-1200
-1125
-1099
-1072
-1027
-978
-897
-847
-732
-580
-427
-216
-51
94
238
316
306
280
277
221
196
187
182
175
152
120
123
221
348
412
486
541
560
599
576
522
461
310
150
36
-63
-63
-13
-4
2
-8
-58
-104
-153
-167
-194
-290
-337
-371
-394
-378
-345
-270
-247
-273
-303
-356
-408
-401
-310
-171
-65
60
91
25
28
13
0
38
105
219
379
577
824
1038
1168
1214
1135
1007
934
848
820
838
801
813
837
825
813
779
668
533
397
208
-50
-248
-452
-712
-880
-1078
-1233
-1363
-1506
-1588
-1660
-1712
-1748
-1805
-1796
-1760
-1713
-1565
-1454
-1303
-1132
-1050
-912
-754
-658
-515
-351
-195
-67
99
252
397
500
542
562
604
620
634
614
534
455
385
409
388
425
531
592
643
729
787
779
761
786
786
729
708
626
578
548
506
481
449
376
334
280
183
183
143
9
-35
-81
-111
-28
42
114
129
102
56
42
70
103
184
276
346
432
499
598
631
598
590
513
456
457
545
653
786
870
945
991
913
785
642
459
261
54
-120
-246
-323
-354
-395
-415
-495
-647
-745
-830
-973
-1039
-1149
-1348
-1435
-1545
-1651
-1717
-1777
-1791
-1780
-1778
-1768
-1743
-1701
-1648
-1591
-1458
-1320
-1239
-1096
-922
-818
-678
-565
-488
-346
-245
-103
59
209
368
548
692
766
863
934
970
953
892
802
757
779
813
874
906
917
921
890
924
962
981
993
991
1017
1028
1015
981
924
850
735
676
657
686
710
695
694
638
568
519
508
523
500
475
442
365
375
389
362
388
487
519
552
611
630
662
686
635
529
412
237
124
30
-82
-91
-91
-104
-75
-101
-213
-350
-522
-686
-860
-1051
-1231
-1352
-1464
-1497
-1486
-1486
-1436
-1408
-1362
-1306
-1278
-1274
-1285
-1288
-1301
-1325
-1349
-1379
-1422
-1445
-1445
-1460
-1487
-1457
-1403
-1328
-1202
-1111
-1028
-865
-682
-486
-248
-66
42
74
128
180
262
413
528
676
846
1008
1136
1227
1298
1278
1264
1266
1206
1155
1144
1100
1096
1138
1117
1146
1127
1071
1028
1044
1075
1083
1198
1236
1226
1217
1143
1058
972
898
851
805
714
653
642
668
650
655
716
690
674
688
655
608
512
429
369
350
356
356
342
310
293
236
166
66
-64
-177
-336
-491
-599
-742
-842
-922
-1013
-1082
-1168
-1248
-1283
-1324
-1387
-1518
-1590
-1655
-1730
-1732
-1755
-1794
-1765
-1711
-1616
-1499
-1373
-1331
-1316
-1245
-1166
-1118
-1039
-967
-946
-911
-956
-977
-1008
-1003
-947
-864
-734
-600
-462
-329
-216
-85
27
142
273
360
503
573
624
710
776
848
929
1040
1166
1236
1337
1382
1406
1413
1409
1390
1357
1351
1320
1345
1379
1399
1370
1335
1256
1186
1158
1176
1208
1226
1217
1181
1197
1144
1089
1050
992
935
894
845
791
762
737
737
697
679
610
519
476
418
378
317
253
166
59
18
14
-63
-136
-181
-272
-389
-516
-609
-732
-871
-1015
-1161
-1278
-1391
-1514
-1599
-1629
-1720
-1750
-1820
-1902
-1910
-1941
-1943
-1923
-1933
-1917
-1877
-1848
-1819
-1786
-1705
-1634
-1535
-1431
-1352
-1235
-1131
-1021
-888
-762
-650
-593
-541
-489
-428
-390
-364
-252
-140
-33
100
217
297
364
435
511
613
693
793
918
988
1096
1138
1151
1222
1314
1403
1494
1554
1587
1593
1569
1546
1519
1491
1497
1476
1431
1424
1395
1339
1281
1250
1195
1144
1079
1015
1042
1081
1118
1154
1132
1116
1055
999
968
878
745
666
582
513
486
480
424
391
328
224
192
74
-34
-84
-203
-272
-371
-495
-587
-674
-677
-740
-867
-937
-1032
-1135
-1184
-1286
-1371
-1419
-1475
-1521
-1562
-1584
-1655
-1751
-1825
-1849
-1816
-1808
-1780
-1737
-1707
-1706
-1686
-1601
-1549
-1488
-1437
-1397
-1302
-1174
-1045
-894
-742
-640
-549
-448
-313
-214
-95
-13
38
76
139
210
262
341
387
474
516
575
633
673
740
775
835
889
943
1001
1073
1164
1212
1205
1243
1247
1252
1252
1266
1275
1214
1213
1234
1201
1213
1200
1175
1196
1196
1209
1176
1155
1095
1002
972
948
936
918
928
932
875
846
836
765
682
561
450
395
284
223
151
22
-42
-114
-194
-263
-332
-378
-440
-480
-516
-595
-646
-733
-835
-895
-997
-1059
-1120
-1162
-1177
-1176
-1167
-1189
-1188
-1212
-1232
-1300
-1373
-1449
-1509
-1520
-1527
-1491
-1422
-1344
-1296
-1271
-1209
-1141
-1063
-1011
-965
-895
-825
-740
-683
-543
-396
-296
-190
-77
24
124
213
304
372
426
471
499
523
502
519
555
579
631
675
696
708
737
742
742
773
781
788
800
861
918
947
967
956
946
937
952
941
954
929
914
890
884
865
885
866
803
798
736
684
642
596
532
480
435
398
355
338
309
263
254
223
168
155
104
70
46
-30
-83
-148
-190
-243
-291
-344
-395
-435
-466
-483
-512
-524
-569
-615
-683
-724
-779
-847
-871
-907
-919
-921
-918
-948
-950
-948
-935
-976
-1003
-988
-1018
-1021
-1000
-952
-923
-867
-815
-770
-727
-665
-655
-624
-579
-546
-452
-398
-278
-169
-80
4
91
177
232
292
357
375
407
445
456
511
546
554
578
595
582
564
564
594
641
629
648
714
723
730
747
741
720
732
740
699
708
721
677
633
597
561
557
559
537
491
460
421
382
372
355
302
248
236
198
223
225
209
153
83
75
25
21
39
45
43
86
108
126
88
38
6
-75
-134
-167
-207
-237
-267
-325
-347
-348
-373
-370
-387
-429
-440
-495
-585
-634
-665
-699
-709
-692
-653
-640
-635
-649
-652
-655
-672
-643
-606
-611
-587
-581
-598
-560
-525
-496
-505
-478
-450
-426
-378
-324
-261
-199
-123
-36
46
120
186
214
244
239
247
279
303
371
414
460
495
515
529
539
518
456
433
398
364
375
379
353
332
316
315
332
322
305
254
202
175
137
127
88
64
75
86
85
130
149
133
67
67
64
21
11
13
42
54
78
111
128
130
153
150
159
142
167
179
213
249
258
229
225
238
220
214
172
99
57
28
-4
49
42
46
29
-10
-8
-30
-106
-150
-193
-253
-300
-340
-352
-359
-342
-317
-307
-295
-279
-304
-305
-293
-250
-260
-256
-244
-233
-219
-242
-250
-270
-281
-312
-325
-334
-299
-248
-168
-117
-75
-34
31
72
88
120
150
171
164
157
178
209
202
201
209
235
198
167
140
62
35
-4
-46
-44
-30
-64
-69
-54
-78
-94
-107
-122
-169
-158
-162
-177
-161
-167
-125
-110
-112
-74
-55
-81
-89
-98
-107
-81
-33
26
71
127
192
220
251
270
292
285
261
248
294
310
310
337
334
341
344
337
313
327
308
242
209
201
216
193
177
154
78
17
-3
-33
-58
-43
-67
-58
-74
-91
-51
-69
-81
-83
-89
-67
-90
-116
-114
-131
-127
-118
-133
-123
-123
-143
-168
-204
-216
-216
-251
-262
-258
-279
-257
-229
-197
-155
-96
-68
-60
-56
-47
-56
-32
7
46
91
129
141
123
106
61
28
0
-57
-74
-82
-135
-163
-175
-190
-190
-174
-174
-142
-144
-174
-170
-166
-175
-182
-192
-171
-122
-98
-55
-22
-3
-4
0
3
27
31
40
59
73
121
142
190
207
229
250
239
221
216
223
251
265
285
303
312
318
300
287
245
225
230
240
244
231
207
185
183
182
158
138
145
116
78
63
42
23
-12
-41
-50
-68
-90
-119
-105
-81
-82
-99
-117
-134
-115
-93
-71
-56
-69
-105
-137
-170
-173
-179
-193
-197
-230
-223
-220
-208
-172
-121
-90
-82
-61
-49
-56
-63
-33
-15
18
72
80
84
94
97
96
84
63
21
-6
-35
-73
-99
-164
-201
-208
-234
-227
-198
-196
-175
-160
-144
-174
-177
-135
-100
-72
-73
-55
-38
-41
-54
-40
-10
-20
-16
-16
-2
36
46
63
82
107
109
98
132
138
164
162
175
192
174
190
182
175
171
152
139
153
154
156
151
179
195
219
205
198
158
102
63
6
-13
-27
-21
-35
-31
-42
-77
-73
-55
-97
-146
-162
-169
-158
-147
-128
-127
-113
-109
-83
-44
-28
-29
-25
-27
-49
-21
-13
-8
-2
7
13
27
59
38
34
29
34
57
64
76
108
108
116
140
119
130
155
154
148
131
118
98
90
73
49
5
-47
-62
-76
-67
-93
-119
-119
-120
-98
-94
-90
-92
-99
-93
-117
-116
-109
-68
-71
-116
-113
-115
-141
-140
-118
-143
-176
-145
-112
-116
-63
-37
-30
-19
-17
-13
-6
21
40
51
28
33
27
30
58
50
42
57
41
38
54
81
77
61
60
25
28
36
23
11
-20
-27
-44
-57
-55
-67
-69
-90
-89
-67
-43
4
32
47
69
79
81
114
126
123
150
139
152
145
158
171
169
181
175
170
137
147
144
102
64
61
61
89
93
97
124
134
140
166
183
173
146
109
68
35
35
-15
-53
-66
-101
-125
-149
-185
-196
-219
-261
-236
-231
-231
-219
-212
-232
-244
-246
-276
-283
-260
-271
-285
-277
-293
-267
-247
-245
-210
-218
-226
-205
-221
-229
-206
-167
-123
-101
-91
-80
-65
-51
-25
-4
-23
-26
-30
-14
0
30
40
63
80
88
127
133
146
120
114
111
123
145
187
216
216
261
255
242
256
222
195
198
193
207
232
282
320
321
333
344
345
377
360
363
359
366
360
351
367
365
348
355
329
290
239
213
181
118
111
70
45
45
51
50
42
35
3
-3
-31
-40
-42
-72
-103
-147
-174
-196
-240
-258
-253
-302
-348
-369
-382
-393
-424
-430
-468
-460
-443
-456
-455
-464
-471
-483
-453
-438
-426
-428
-397
-374
-383
-325
-340
-361
-351
-339
-310
-300
-302
-277
-252
-235
-194
-155
-115
-83
-59
-52
-26
-25
-20
-20
-11
25
20
67
119
129
154
156
166
163
194
228
226
240
235
271
305
330
361
361
350
345
349
364
375
399
393
377
378
419
447
470
521
506
466
477
463
458
442
435
441
423
429
420
398
377
339
300
286
265
225
218
195
122
88
62
25
10
22
-10
-60
-108
-143
-149
-177
-181
-184
-211
-245
-284
-320
-343
-377
-393
-426
-428
-437
-443
-461
-481
-501
-492
-482
-493
-458
-504
-511
-501
-490
-472
-459
-417
-354
-334
-325
-317
-364
-387
-404
-398
-382
-360
-316
-298
-274
-259
-231
-196
-178
-179
-161
-117
-125
-130
-116
-87
-84
-53
15
28
53
72
73
118
149
161
172
216
240
235
264
310
344
386
445
454
493
492
475
488
490
493
500
526
531
528
534
529
543
551
567
574
538
556
544
520
504
501
493
469
442
446
399
362
342
280
262
215
157
136
107
60
35
-8
-23
-65
-123
-126
-144
-157
-181
-212
-223
-268
-302
-337
-373
-410
-437
-458
-482
-462
-489
-510
-543
-578
-616
-629
-623
-603
-584
-557
-536
-544
-526
-499
-493
-476
-469
-471
-442
-430
-412
-376
-366
-393
-406
-358
-331
-281
-244
-209
-186
-185
-158
-140
-97
-78
-48
-34
-12
13
24
61
102
131
166
175
206
227
245
274
282
270
291
310
335
385
386
448
474
484
523
535
517
506
531
525
527
528
524
512
485
468
476
485
474
480
494
503
473
443
431
427
407
359
346
314
292
258
215
190
138
72
48
14
-8
-35
-45
-65
-90
-129
-179
-203
-226
-245
-282
-296
-282
-320
-352
-383
-408
-422
-446
-461
-465
-434
-490
-498
-488
-519
-531
-553
-552
-544
-525
-531
-520
-495
-494
-468
-434
-426
-439
-451
-427
-409
-395
-364
-355
-347
-306
-311
-270
-223
-202
-165
-137
-105
-98
-58
-32
-23
22
78
100
152
167
191
230
255
268
297
298
300
344
374
399
384
418
422
430
450
463
474
489
513
527
543
550
567
585
566
573
586
568
561
539
509
479
422
371
398
403
382
392
380
335
312
296
281
274
242
184
148
95
54
24
-35
-97
-144
-192
-216
-236
-246
-230
-243
-273
-300
-342
-378
-422
-440
-460
-479
-483
-522
-534
-510
-518
-523
-522
-518
-528
-546
-542
-547
-538
-543
-571
-566
-544
-516
-476
-443
-399
-397
-379
-329
-317
-321
-290
-299
-294
-259
-227
-166
-128
-94
-59
-12
17
9
51
49
72
128
138
143
172
186
218
248
299
310
317
357
362
378
382
389
409
433
436
426
419
416
411
434
461
501
496
491
507
500
503
524
508
489
476
445
390
381
361
295
286
288
271
262
233
238
229
208
187
150
120
93
66
20
-17
-36
-72
-104
-143
-188
-221
-254
-269
-269
-326
-345
-330
-359
-377
-401
-407
-445
-455
-484
-475
-460
-462
-460
-457
-477
-473
-453
-462
-433
-433
-436
-394
-367
-378
-333
-330
-335
-303
-319
-314
-292
-270
-226
-204
-191
-145
-78
-47
-32
23
5
10
45
48
70
96
137
150
173
181
159
195
220
229
253
272
283
270
273
297
285
276
269
280
285
288
291
288
298
301
289
287
318
318
300
309
291
278
287
268
260
277
279
244
259
259
223
226
216
190
177
151
113
90
78
68
75
36
58
42
27
33
42
33
6
-5
-51
-66
-73
-99
-129
-152
-172
-191
-201
-210
-254
-265
-268
-293
-276
-271
-275
-284
-310
-309
-309
-305
-319
-311
-276
-281
-278
-259
-264
-280
-262
-247
-242
-233
-228
-228
-228
-196
-178
-180
-151
-119
-100
-78
-87
-64
-43
-50
-41
-15
-22
-1
34
43
57
43
64
70
88
129
121
140
153
129
117
98
108
105
98
117
137
134
153
153
128
139
140
144
147
153
145
120
134
132
127
135
130
134
113
127
180
189
176
197
189
180
175
149
150
139
111
97
93
88
65
74
74
54
41
40
47
49
42
39
32
33
-5
-15
-10
-38
-57
-60
-58
-65
-104
-118
-101
-135
-125
-124
-134
-142
-134
-131
-140
-106
-112
-109
-121
-139
-130
-131
-136
-120
-96
-118
-128
-86
-76
-86
-78
-72
-69
-53
-50
-34
-12
-15
-24
-5
-17
-19
-1
14
22
16
20
44
38
35
50
45
44
46
41
30
28
45
61
57
49
23
33
15
13
12
22
17
8
6
19
-2
2
26
12
8
1
11
15
20
23
15
36
35
14
36
20
12
17
24
30
40
50
37
33
24
28
23
17
16
4
-22
-21
-29
-57
-61
-57
-58
-53
-47
-53
-41
-43
-25
-22
-33
-39
-29
-23
-26
-43
-57
-54
-65
-46
-39
-17
-4
-20
-14
-9
-10
-1
-6
-11
2
8
27
33
27
33
32
32
62
65
70
67
71
86
82
53
40
49
45
52
42
44
32
41
34
52
69
75
65
51
55
41
27
11
6
3
-16
-24
-26
-17
-11
-15
-24
-18
-44
-56
-73
-84
-53
-67
-74
-57
-57
-51
-45
-52
-55
-62
-66
-67
-56
-56
-60
-66
-49
-52
-45
-39
-44
-46
-35
-35
-24
-10
-14
-8
-20
-11
-5
-8
-7
7
11
1
22
14
28
33
36
38
38
42
40
49
53
60
63
75
80
78
71
59
51
52
58
65
60
73
71
63
58
51
36
30
41
44
51
58
55
47
50
54
50
57
47
37
19
26
25
12
12
12
-7
-22
-9
-4
-18
-17
-23
-36
-31
-48
-47
-40
-44
-52
-64
-71
-74
-95
-103
-102
-98
-93
-93
-79
-68
-82
-107
-94
-87
-91
-101
-109
-109
-102
-107
-97
-73
-79
-76
-80
-66
-53
-42
-41
-39
-28
-30
-19
-1
0
12
6
17
17
24
39
32
37
43
58
61
72
68
66
66
61
58
61
69
51
54
63
52
62
65
72
54
57
69
77
88
97
103
99
99
78
68
67
67
75
63
65
69
58
52
48
44
57
52
37
42
24
24
34
35
30
32
30
1
2
5
-1
-5
-11
-8
-4
-5
-13
-40
-47
-46
-47
-55
-50
-58
-65
-67
-71
-73
-62
-70
-83
-70
-77
-99
-94
-103
-114
-103
-109
-93
-94
-89
-79
-96
-95
-94
-97
-97
-87
-88
-73
-73
-71
-57
-50
-50
-35
-24
-37
-24
-15
-27
-16
-18
-29
-30
-6
0
6
34
32
27
27
32
29
42
42
55
61
63
66
82
89
95
117
111
111
103
114
116
111
125
112
107
109
106
99
115
146
133
118
112
120
115
105
103
88
87
73
45
37
38
33
31
28
36
31
32
32
27
29
13
2
-18
-25
-21
-36
-52
-57
-57
-60
-70
-77
-76
-83
-92
-106
-106
-99
-117
-133
-124
-122
-127
-116
-118
-118
-108
-113
-109
-85
-91
-93
-86
-90
-90
-83
-77
-75
-76
-78
-79
-71
-66
-61
-51
-59
-50
-28
-17
-12
-12
-6
4
2
2
-5
-7
-15
-9
5
0
12
19
15
10
24
50
59
65
64
61
67
72
80
87
71
76
79
73
66
77
80
79
82
79
80
72
72
71
75
76
67
57
61
60
62
49
44
45
40
29
22
33
29
30
31
27
24
21
8
13
19
8
7
5
11
4
-3
-1
-12
-19
-20
-22
-19
-24
-31
-40
-49
-52
-41
-32
-24
-29
-23
-17
-20
-14
-19
-29
-39
-36
-37
-48
-39
-37
-36
-29
-28
-17
-1
-2
-23
-23
-18
-41
-42
-36
-44
-56
-61
-47
-35
-31
-35
-37
-20
-20
-26
-24
-32
-24
-42
-50
-38
-29
-25
-20
-15
-15
-9
-5
-15
-13
-12
-14
-16
-7
6
8
5
-5
-4
8
12
12
11
18
20
21
19
18
10
15
14
12
20
26
27
35
54
48
39
46
43
54
55
47
40
27
24
12
9
9
15
16
12
10
24
28
26
35
28
33
40
56
60
61
72
55
49
46
32
37
31
23
22
12
-3
2
13
9
15
19
12
6
10
3
-2
-2
-13
-22
-23
-20
-10
-7
-13
-18
-21
-31
-38
-43
-37
-36
-45
-52
-55
-42
-45
-48
-45
-35
-36
-43
-44
-58
-63
-52
-54
-53
-38
-36
-38
-29
-15
-11
-19
-25
-29
-22
-20
-33
-27
-10
-1
2
16
18
12
9
16
8
9
18
4
10
14
13
11
7
8
4
-4
-6
-3
6
12
21
19
18
17
22
20
13
25
11
7
9
9
14
12
7
10
6
7
13
6
15
15
7
15
27
24
28
31
17
19
26
18
18
26
27
25
26
30
24
20
24
22
23
22
24
29
24
17
18
13
9
17
13
14
7
1
4
0
-1
0
-18
-33
-41
-34
-28
-26
-24
-34
-39
-47
-48
-36
-35
-39
-46
-49
-51
-56
-42
-42
-44
-47
-45
-50
-52
-51
-50
-47
-46
-44
-40
-28
-17
-11
-11
-8
-9
-1
0
0
-1
3
19
22
20
32
31
30
35
23
13
8
12
14
17
24
33
38
39
39
45
51
48
42
46
44
40
43
34
32
28
30
28
24
20
17
25
21
26
47
44
48
51
47
49
36
32
30
24
11
1
8
6
5
2
-5
-1
5
7
3
3
-8
-12
-14
-12
-16
-16
-10
-16
-26
-33
-33
-27
-27
-34
-39
-51
-52
-51
-53
-54
-56
-53
-47
-45
-45
-42
-48
-60
-52
-46
-45
-35
-42
-41
-41
-36
-28
-33
-23
-21
-17
-15
-20
-26
-17
-19
-19
-10
-11
-6
1
6
2
0
-3
-3
-6
5
16
15
16
11
11
14
15
23
16
19
21
15
17
18
25
26
37
45
35
38
46
55
58
44
37
32
30
37
42
40
42
46
47
48
47
48
49
51
55
51
51
53
46
47
50
37
35
34
20
15
6
7
10
1
-1
-3
-1
-6
-11
-15
-13
-20
-20
-21
-23
-29
-27
-24
-26
-26
-36
-43
-47
-50
-53
-51
-57
-65
-70
-71
-74
-74
-70
-72
-67
-64
-65
-64
-66
-56
-54
-51
-50
-46
-41
-43
-28
-25
-31
-26
-21
-15
-10
-7
-7
-6
0
4
7
8
12
14
10
6
15
21
17
22
21
27
28
36
51
44
41
41
45
52
54
59
58
60
58
57
63
56
48
49
46
48
48
48
49
54
52
52
58
50
43
42
42
41
40
43
35
32
35
27
26
27
16
13
15
15
12
3
3
2
-3
-10
-14
-14
-22
-27
-32
-37
-41
-44
-43
-44
-50
-43
-40
-48
-41
-45
-51
-52
-53
-57
-62
-66
-68
-71
-74
-75
-83
-77
-78
-76
-64
-53
-54
-56
-56
-56
-54
-53
-51
-44
-35
-33
-26
-26
-27
-32
-27
-26
-23
-15
-15
-5
0
-2
2
14
13
15
19
17
18
21
24
32
32
42
43
42
53
55
56
61
65
50
51
55
61
61
59
57
55
55
60
64
69
70
68
63
56
62
67
61
52
52
48
46
43
37
35
33
25
26
24
25
23
19
18
15
15
18
13
8
2
-7
-8
-11
-14
-21
-24
-28
-37
-35
-30
-29
-35
-35
-38
-41
-33
-42
-40
-47
-48
-50
-53
-53
-60
-55
-49
-51
-56
-48
-52
-49
-40
-42
-38
-45
-40
-40
-39
-38
-42
-45
-38
-39
-30
-16
-19
-18
-19
-20
-16
-15
-18
-12
-18
-10
-6
2
4
7
10
4
9
5
14
11
14
24
26
29
27
27
28
28
28
31
32
27
29
27
28
39
37
35
41
39
43
48
45
42
37
38
38
31
37
33
28
29
25
25
22
16
24
23
12
13
15
11
10
21
13
7
8
2
-1
-2
-4
-11
-12
-21
-21
-22
-27
-25
-29
-30
-23
-26
-25
-22
-22
-28
-26
-27
-34
-27
-29
-31
-35
-36
-40
-46
-45
-40
-44
-38
-32
-38
-31
-27
-27
-19
-22
-22
-15
-13
-9
-6
-4
0
0
1
6
8
9
15
19
17
15
15
17
15
17
14
13
17
14
17
22
21
18
20
26
31
37
38
33
27
25
25
20
13
13
14
13
15
20
25
27
30
27
28
31
32
31
22
14
12
9
9
3
-1
-3
-1
-7
-6
2
3
4
9
8
-3
0
2
0
-6
-4
-6
-17
-12
-14
-15
-17
-19
-21
-24
-17
-16
-20
-21
-24
-29
-30
-26
-25
-28
-26
-26
-28
-26
-27
-26
-22
-24
-29
-26
-25
-25
-23
-21
-21
-21
-19
-20
-22
-22
-17
-17
-16
-17
-16
-14
-10
-5
-1
4
2
-1
2
0
1
6
7
14
21
18
21
25
18
13
18
19
17
18
18
20
24
26
32
36
34
33
32
30
29
28
28
33
33
27
25
31
33
29
31
29
27
21
20
28
20
17
14
11
11
4
7
12
3
3
0
3
-2
-5
-5
-7
-12
-15
-12
-14
-16
-17
-14
-13
-12
-18
-17
-18
-21
-25
-26
-26
-26
-23
-28
-31
-33
-37
-36
-37
-31
-29
-28
-24
-24
-18
-16
-14
-22
-20
-17
-17
-21
-18
-11
-9
-3
2
-4
1
1
-2
2
4
8
7
9
15
20
18
15
16
16
15
21
18
20
18
12
10
4
7
13
10
14
17
12
9
7
10
10
6
9
8
7
4
3
2
2
7
6
1
-6
-9
-7
-4
-8
-4
-9
-17
-16
-13
-7
-6
-9
-9
-7
-7
-4
-5
-4
-5
-7
-10
-12
-8
-8
-6
-4
-3
-8
-6
-5
-4
-1
0
2
5
3
6
10
9
11
12
5
4
4
1
1
-1
4
8
8
14
14
15
14
6
7
12
14
17
21
22
21
17
18
17
14
13
16
16
12
9
5
6
7
6
4
10
7
6
10
13
17
14
10
8
14
6
2
2
-2
-7
-12
-12
-11
-8
-9
-10
-10
-11
-15
-12
-11
-13
-14
-17
-18
-16
-13
-15
-9
-11
