-10
-6
-2
-4
-5
-3
-4
-8
-5
-4
-2
-5
-7
-7
-8
-6
-4
-2
0
2
1
-1
-2
-2
-6
0
4
1
6
7
4
4
2
1
2
5
6
7
9
6
6
4
4
7
5
4
8
11
7
5
9
10
5
7
8
3
4
1
4
1
1
0
1
2
-1
-2
-5
-8
-8
-2
6
4
2
-2
-6
-7
-10
-9
-4
-4
-7
-9
-8
-3
-3
1
0
-5
-6
-4
-4
3
4
3
6
3
3
6
3
1
0
-4
-1
0
4
6
5
4
-2
-3
-3
1
3
3
1
-5
-2
-6
-7
-3
-1
-1
2
0
-3
2
-4
-2
-3
-2
1
2
5
4
3
3
1
-4
-1
-2
0
-3
-6
-2
-5
-1
1
1
7
5
1
3
6
4
5
8
2
1
-1
-2
0
2
1
-2
-2
2
5
4
0
-3
0
1
4
2
3
0
1
2
5
4
1
-4
-9
-5
-2
-1
-4
-2
0
-3
7
9
7
-3
-4
-5
-10
-9
-7
-5
-5
-2
-1
-2
0
4
3
1
2
3
6
8
2
0
-5
-9
-8
-4
0
0
1
-1
-6
-8
-7
-9
-12
-10
-8
-7
-7
-11
-9
-9
-13
-9
-5
-1
0
1
-1
0
-2
-3
0
0
2
1
8
4
6
4
5
8
7
8
7
4
5
4
5
2
6
9
9
12
9
3
1
-1
1
3
3
5
4
8
8
10
9
6
6
4
6
4
2
1
-4
-7
-9
-5
-4
0
1
-2
4
7
2
0
3
2
-1
0
2
0
6
2
4
3
0
-1
1
2
2
5
2
0
4
9
10
11
11
8
3
1
-3
-3
-4
-7
-4
-5
-6
-5
-4
-2
-2
-2
-2
-1
0
0
-3
-2
-4
-3
-4
-4
-1
-7
-9
-10
-8
-7
-5
-7
-7
-2
-6
-7
-2
-3
-5
-5
-6
-5
-8
-8
-3
-4
-2
-3
1
-1
-4
-2
-2
2
-4
-4
-10
-8
-5
0
2
-1
0
-5
-5
-7
-4
-6
-9
-6
-2
-3
-1
1
2
0
-2
5
9
6
4
2
0
0
2
5
5
7
8
3
6
5
7
6
8
5
0
-1
-1
0
-2
-3
-3
1
0
3
3
-1
0
3
2
4
6
5
5
6
9
8
2
8
5
5
8
10
9
8
6
6
8
5
4
4
4
1
5
1
5
4
8
7
5
10
8
5
11
11
7
11
10
7
6
7
5
4
3
4
-1
-9
-12
-17
-14
-11
-4
-2
4
-3
-1
-1
-6
-11
-10
-10
-11
-11
-13
-11
-12
-11
-10
-12
-16
-14
-14
-10
-9
-8
-9
-12
-16
-15
-14
-22
-22
-18
-14
-16
-11
-11
-11
-6
-3
1
0
-2
-2
-9
-2
2
4
1
4
4
2
4
6
7
7
7
3
5
9
13
17
20
17
18
18
21
23
25
23
24
22
25
29
24
29
29
28
31
29
27
32
34
24
19
20
14
8
6
3
-2
-5
-6
-8
-10
-12
-16
-19
-20
-25
-23
-28
-27
-28
-25
-25
-26
-25
-29
-31
-32
-25
-22
-25
-25
-26
-27
-24
-25
-25
-26
-29
-33
-30
-33
-35
-29
-29
-24
-24
-21
-21
-24
-26
-28
-25
-22
-22
-16
-13
-12
-7
-10
-13
-7
0
-2
-1
3
5
9
16
24
26
30
32
34
37
40
42
44
50
57
59
63
69
74
80
76
77
79
80
83
89
91
96
97
95
98
101
97
95
94
81
75
64
50
36
22
-1
-15
-36
-52
-70
-86
-103
-115
-130
-137
-141
-149
-141
-138
-130
-131
-117
-110
-96
-83
-68
-55
-45
-33
-28
-16
-14
-12
-14
-11
-14
-16
-22
-30
-34
-47
-58
-61
-64
-68
-75
-79
-77
-77
-69
-64
-59
-54
-50
-42
-29
-14
6
27
45
55
75
87
90
93
90
87
86
79
78
79
67
67
59
49
50
48
50
52
56
58
64
75
87
102
122
139
151
173
201
211
231
257
267
273
271
251
219
182
127
81
32
-26
-98
-170
-237
-303
-347
-379
-401
-411
-417
-406
-377
-335
-273
-216
-164
-110
-51
-3
44
94
140
161
176
187
192
206
197
190
165
120
71
9
-42
-97
-155
-215
-271
-320
-358
-377
-376
-367
-347
-316
-280
-227
-161
-83
-22
40
88
130
177
216
239
261
263
246
230
212
190
152
110
61
16
-35
-75
-111
-147
-171
-190
-204
-199
-182
-162
-119
-82
-41
4
53
107
163
203
238
267
292
319
338
351
348
345
330
311
291
257
218
186
142
125
101
86
86
76
75
95
121
162
239
316
421
497
549
562
557
522
461
395
315
203
53
-110
-266
-413
-566
-696
-832
-940
-1045
-1118
-1144
-1110
-1053
-977
-884
-785
-671
-533
-368
-203
-39
110
237
343
452
538
599
637
629
598
535
441
321
194
66
-116
-289
-444
-585
-693
-781
-842
-882
-887
-859
-815
-727
-602
-485
-338
-182
-31
148
310
424
538
623
689
732
750
741
688
616
514
392
272
148
16
-107
-222
-304
-390
-454
-503
-522
-488
-439
-357
-265
-164
-47
89
213
352
485
587
686
795
878
919
963
976
957
929
858
797
715
607
506
381
280
180
108
34
-12
-30
-45
-37
2
152
380
641
900
1064
1145
1174
1108
1018
935
879
747
445
108
-241
-574
-838
-1152
-1483
-1773
-2062
-2282
-2357
-2301
-2192
-2074
-1963
-1825
-1609
-1291
-937
-597
-255
48
305
554
826
1082
1279
1408
1404
1369
1337
1200
1064
838
489
105
-331
-738
-1078
-1371
-1631
-1900
-2097
-2178
-2176
-2047
-1858
-1616
-1372
-1056
-717
-368
18
393
703
955
1135
1285
1452
1538
1564
1520
1389
1177
984
808
608
394
141
-147
-403
-636
-835
-978
-1095
-1166
-1188
-1114
-968
-753
-461
-146
205
550
907
1216
1516
1789
1961
2123
2177
2140
2078
1949
1779
1585
1352
1100
875
653
411
212
63
-75
-178
-229
-267
-296
-288
-208
-121
-26
193
566
1111
1606
2003
2300
2430
2446
2342
2167
2021
1797
1296
573
-165
-886
-1565
-2210
-2924
-3578
-4107
-4515
-4780
-4696
-4442
-4180
-3815
-3448
-2974
-2346
-1657
-1000
-320
296
778
1233
1678
2093
2500
2754
2827
2796
2677
2533
2250
1826
1182
353
-546
-1441
-2244
-2910
-3497
-4001
-4393
-4557
-4485
-4178
-3665
-3203
-2641
-2016
-1302
-462
319
1068
1694
2110
2502
2823
3103
3320
3404
3324
3158
2928
2632
2304
1889
1366
742
128
-547
-1089
-1558
-2007
-2435
-2785
-2894
-2776
-2405
-1902
-1300
-614
98
826
1506
2159
2750
3157
3412
3494
3459
3402
3237
3000
2698
2367
2012
1652
1399
1091
793
553
271
-86
-220
-377
-611
-651
-689
-824
-738
-542
-252
374
1286
2116
2884
3613
3982
4110
4128
3872
3596
3331
2636
1544
529
-492
-1600
-2503
-3491
-4494
-5208
-5798
-6340
-6376
-6130
-5880
-5548
-5056
-4514
-3817
-2846
-2014
-1153
-375
263
886
1477
2076
2564
3012
3204
3183
3125
2963
2662
2229
1584
726
-160
-1143
-2062
-2826
-3512
-4169
-4613
-4940
-5100
-4886
-4534
-4048
-3397
-2659
-1935
-1070
-220
568
1296
2007
2486
2885
3396
3652
3824
3995
3901
3659
3455
3108
2665
2209
1653
974
366
-257
-900
-1414
-1856
-2245
-2407
-2388
-2245
-1835
-1345
-832
-187
483
1124
1794
2449
2955
3366
3724
3908
3947
3918
3757
3445
3106
2760
2405
2094
1736
1332
938
489
95
-220
-522
-760
-959
-1063
-1129
-1071
-921
-765
-376
230
974
1868
2591
3164
3544
3635
3568
3462
3214
2748
2283
1407
310
-670
-1675
-2642
-3493
-4471
-5404
-6071
-6525
-6807
-6705
-6391
-6169
-5720
-5123
-4482
-3594
-2659
-1870
-1042
-319
282
918
1576
2146
2626
3054
3271
3306
3308
3123
2757
2247
1534
633
-184
-1024
-1848
-2571
-3259
-3869
-4358
-4631
-4721
-4545
-4180
-3688
-3105
-2438
-1711
-870
-31
811
1537
2052
2597
3007
3331
3658
3892
3973
3963
3857
3634
3356
3026
2538
1939
1329
582
-158
-779
-1379
-1900
-2235
-2348
-2344
-2142
-1744
-1255
-622
77
755
1450
2084
2622
3106
3534
3863
4006
4097
3981
3746
3551
3266
2905
2592
2369
1953
1623
1267
833
465
140
-233
-566
-758
-1063
-1264
-1262
-1329
-1285
-879
-500
134
1065
1720
2284
2853
2991
3000
3131
2931
2561
2207
1443
426
-380
-1428
-2544
-3341
-4304
-5330
-6014
-6558
-6962
-6896
-6677
-6468
-5952
-5377
-4769
-3899
-2972
-2212
-1411
-732
-175
547
1224
1823
2381
2817
2957
3084
3224
3189
3027
2687
2107
1342
543
-230
-1033
-1822
-2525
-3277
-3880
-4322
-4578
-4539
-4303
-3978
-3549
-2979
-2371
-1583
-686
100
828
1564
2110
2691
3330
3802
4194
4471
4569
4547
4437
4198
3855
3417
2784
1997
1252
503
-253
-832
-1300
-1714
-1934
-1955
-1800
-1457
-982
-549
-38
505
1017
1568
2110
2604
3042
3371
3592
3719
3738
3709
3642
3494
3343
3195
2891
2658
2314
1843
1326
883
336
-128
-446
-911
-1318
-1619
-1946
-2197
-2048
-1838
-1512
-797
-53
564
1360
1915
2127
2417
2552
2459
2297
2003
1303
582
-246
-1318
-2305
-3209
-4224
-5120
-5784
-6377
-6627
-6645
-6513
-6188
-5675
-5171
-4592
-3871
-3209
-2524
-1855
-1292
-682
-113
453
1090
1586
2065
2482
2778
3082
3261
3282
3071
2689
2121
1431
690
-146
-985
-1814
-2665
-3474
-3974
-4290
-4422
-4308
-4047
-3702
-3243
-2592
-1955
-1164
-331
356
1046
1698
2299
2894
3502
4009
4367
4637
4777
4815
4794
4592
4228
3717
3110
2400
1715
1089
441
-113
-597
-976
-1226
-1276
-1228
-1088
-839
-539
-167
275
778
1315
1901
2316
2649
2999
3219
3342
3494
3570
3666
3609
3446
3309
3035
2706
2397
1917
1322
905
554
53
-324
-771
-1444
-1879
-2317
-2717
-2617
-2317
-2048
-1461
-1011
-509
223
805
1121
1488
1648
1480
1438
1147
651
156
-681
-1681
-2567
-3423
-4218
-4768
-5255
-5733
-5916
-5967
-5929
-5586
-5178
-4844
-4387
-3991
-3645
-3124
-2626
-2198
-1699
-1174
-697
-137
534
1154
1777
2343
2720
3048
3204
3143
2875
2415
1809
1181
497
-239
-957
-1674
-2299
-2741
-2942
-3067
-2969
-2816
-2602
-2211
-1800
-1364
-828
-263
249
831
1459
2085
2743
3382
3940
4456
4859
5081
5210
5217
4999
4660
4194
3523
2889
2247
1569
924
360
-186
-598
-886
-1075
-1176
-1170
-1123
-1039
-799
-480
-37
463
947
1322
1697
2010
2276
2579
2892
3170
3311
3357
3330
3194
3051
2854
2507
2133
1622
1021
515
-4
-628
-1159
-1784
-2409
-2811
-3072
-3059
-2876
-2572
-2090
-1529
-902
-244
353
840
1250
1449
1458
1372
1080
653
135
-587
-1428
-2233
-3050
-3834
-4409
-4939
-5328
-5509
-5635
-5621
-5431
-5216
-4931
-4585
-4234
-3896
-3458
-2941
-2457
-1936
-1386
-840
-152
545
1142
1872
2525
2984
3335
3540
3513
3407
3138
2560
2009
1321
560
-100
-717
-1319
-1775
-2183
-2605
-2776
-2796
-2690
-2433
-2146
-1880
-1463
-972
-379
344
1089
1818
2518
3145
3714
4267
4764
5046
5165
5184
5013
4716
4294
3823
3188
2520
1862
1215
697
230
-174
-537
-828
-1038
-1129
-1117
-1017
-815
-526
-193
154
505
909
1288
1627
1958
2255
2537
2788
2999
3170
3272
3315
3202
3012
2715
2295
1865
1318
740
80
-579
-1271
-1932
-2557
-3023
-3283
-3368
-3315
-3034
-2632
-2232
-1700
-1186
-680
-193
239
444
521
524
342
90
-269
-826
-1401
-2076
-2738
-3248
-3778
-4219
-4555
-4845
-5067
-5073
-4983
-4832
-4607
-4403
-4190
-3922
-3532
-3104
-2607
-2115
-1638
-1160
-577
69
732
1385
1942
2403
2769
3018
3245
3329
3311
3158
2833
2414
1948
1471
956
442
-120
-661
-1140
-1518
-1792
-1942
-1954
-1808
-1668
-1379
-908
-412
211
894
1513
2191
2787
3316
3801
4184
4503
4656
4692
4621
4490
4212
3888
3476
2979
2477
1998
1552
1168
739
337
-9
-363
-604
-747
-822
-895
-854
-788
-617
-349
-29
284
571
824
1052
1278
1457
1607
1742
1802
1843
1788
1698
1533
1306
1037
622
116
-471
-1096
-1694
-2199
-2634
-3047
-3336
-3500
-3500
-3442
-3265
-2912
-2512
-2072
-1559
-1030
-557
-79
264
487
595
582
504
275
-3
-351
-879
-1333
-1774
-2158
-2536
-2858
-3036
-3202
-3311
-3365
-3323
-3329
-3304
-3181
-3048
-2912
-2734
-2515
-2318
-1980
-1644
-1232
-828
-361
185
722
1298
1814
2259
2680
2937
3107
3212
3157
3039
2829
2508
2147
1765
1287
876
427
35
-263
-509
-641
-678
-685
-567
-401
-108
233
594
986
1279
1586
1904
2155
2460
2765
2967
3106
3208
3148
2975
2776
2436
2150
1895
1640
1473
1264
1040
883
594
291
117
-70
-232
-235
-284
-343
-381
-532
-597
-552
-558
-526
-407
-252
-129
37
246
418
515
554
443
271
77
-76
-155
-285
-476
-774
-1101
-1426
-1718
-1942
-2131
-2254
-2331
-2330
-2232
-2190
-2059
-1931
-1808
-1699
-1596
-1501
-1379
-1215
-1113
-987
-861
-801
-727
-622
-572
-486
-431
-324
-210
-130
-100
-106
-91
-61
-87
-82
-78
-184
-287
-453
-597
-678
-743
-743
-791
-801
-742
-663
-489
-292
-107
124
281
460
630
769
936
1001
1052
1077
1081
1059
994
944
901
839
860
858
887
922
916
975
1046
1113
1132
1200
1213
1158
1131
1058
1123
1166
1171
1215
1193
1148
1130
1124
1111
1106
1027
953
877
805
753
677
615
505
343
278
160
98
23
-89
-183
-283
-395
-476
-504
-569
-653
-716
-859
-889
-908
-883
-861
-843
-845
-880
-812
-791
-787
-790
-802
-790
-774
-807
-857
-860
-861
-909
-977
-1038
-1096
-1144
-1141
-1149
-1165
-1210
-1288
-1313
-1286
-1186
-1044
-944
-897
-789
-658
-531
-371
-184
-14
110
199
301
387
497
627
736
859
905
978
1021
1020
980
920
819
705
628
536
424
291
184
83
55
58
86
133
187
226
332
426
473
556
616
616
636
697
735
781
784
805
836
804
893
941
910
952
885
858
868
833
756
626
525
440
350
244
228
191
90
32
8
3
-2
-16
-31
-41
-61
-81
-102
-104
-123
-115
-95
-135
-154
-249
-355
-441
-548
-632
-724
-815
-875
-967
-1043
-1089
-1150
-1180
-1206
-1209
-1205
-1179
-1199
-1169
-1086
-1043
-996
-930
-850
-772
-704
-646
-576
-545
-516
-517
-499
-485
-518
-554
-576
-630
-647
-706
-750
-791
-840
-853
-857
-802
-740
-621
-524
-406
-258
-67
94
272
460
635
857
1042
1220
1369
1476
1578
1678
1772
1807
1797
1705
1618
1475
1298
1179
1037
874
731
604
522
454
414
472
479
493
504
504
495
466
443
434
380
400
460
497
554
592
652
713
785
887
946
980
999
972
880
833
703
566
497
347
238
110
34
-34
-117
-142
-158
-197
-222
-203
-211
-186
-186
-220
-243
-245
-285
-299
-322
-385
-409
-448
-473
-507
-595
-665
-789
-885
-967
-1062
-1177
-1290
-1406
-1509
-1537
-1545
-1570
-1595
-1599
-1606
-1568
-1508
-1456
-1372
-1268
-1170
-1047
-956
-862
-780
-717
-676
-662
-638
-668
-683
-680
-759
-790
-864
-915
-893
-873
-802
-771
-703
-573
-439
-294
-156
-13
102
239
349
508
644
720
837
930
1092
1234
1392
1550
1655
1709
1692
1708
1655
1641
1566
1426
1308
1112
977
843
735
651
581
562
550
528
526
564
577
543
536
541
570
546
528
527
510
529
590
637
680
716
743
801
830
835
838
836
816
809
785
723
638
618
531
422
343
286
233
146
119
73
55
83
85
131
127
114
79
52
14
-33
-101
-171
-209
-285
-403
-484
-607
-740
-881
-1018
-1073
-1112
-1158
-1198
-1241
-1242
-1243
-1252
-1277
-1290
-1263
-1337
-1307
-1269
-1238
-1193
-1174
-1150
-1149
-1089
-1029
-983
-962
-976
-1031
-1077
-1075
-1051
-1055
-1097
-1129
-1164
-1130
-1063
-1007
-842
-763
-706
-628
-506
-361
-208
-71
85
206
271
349
444
521
557
649
751
780
845
927
983
978
984
952
929
915
899
876
768
748
696
689
705
788
840
834
843
890
884
873
894
862
883
784
740
737
723
670
689
705
700
731
748
817
880
894
846
847
822
754
639
552
463
356
296
242
198
163
117
85
108
137
124
167
221
193
165
164
112
51
17
-68
-166
-203
-293
-347
-355
-412
-402
-405
-435
-466
-431
-451
-527
-561
-597
-632
-669
-709
-731
-784
-848
-894
-885
-892
-882
-799
-740
-715
-670
-627
-634
-653
-676
-708
-776
-806
-819
-917
-977
-1048
-1023
-960
-906
-807
-763
-677
-582
-497
-429
-300
-197
-167
-89
-17
64
136
182
223
249
275
317
361
363
377
400
413
418
434
488
475
492
474
457
450
447
467
487
504
517
498
518
536
521
553
583
564
542
533
530
529
510
504
465
502
509
494
486
440
405
381
315
271
224
138
54
10
-40
-134
-195
-182
-185
-206
-185
-157
-99
-64
-14
22
53
125
160
182
211
189
198
204
182
174
181
148
126
113
79
115
99
116
151
144
122
109
98
9
-40
-68
-83
-82
-52
-69
-100
-116
-148
-180
-148
-88
-108
-138
-179
-229
-272
-332
-372
-400
-464
-555
-579
-583
-581
-592
-578
-597
-618
-572
-545
-473
-451
-422
-358
-322
-311
-300
-239
-226
-183
-117
-54
-11
20
53
54
73
57
50
65
34
-23
-48
-49
-111
-85
-61
-56
-84
-106
-113
-131
-79
2
66
85
95
106
159
175
214
266
222
204
178
176
198
260
256
255
250
205
242
235
261
283
204
103
44
-25
-42
-59
-113
-157
-122
-58
-58
43
151
168
197
222
278
369
418
462
508
474
435
434
426
369
364
378
296
293
294
271
299
291
235
149
139
117
108
39
-29
-44
-93
-111
-119
-83
-42
-5
-2
5
53
32
38
16
15
-20
-82
-177
-246
-285
-315
-300
-335
-358
-365
-394
-440
-443
-460
-432
-419
-356
-284
-271
-222
-205
-179
-132
-144
-136
-89
-92
-94
-62
-4
-7
12
40
56
87
76
43
-7
-44
-94
-125
-142
-149
-156
-166
-171
-183
-161
-162
-152
-122
-110
-40
-2
54
85
70
115
129
90
112
70
59
55
78
74
57
79
6
-23
-39
-77
-148
-221
-271
-290
-319
-355
-338
-325
-326
-281
-226
-145
-45
35
119
175
233
305
335
365
345
360
392
345
307
304
321
303
300
321
314
357
410
421
427
406
388
352
308
275
192
153
125
56
49
57
69
126
184
228
263
263
275
243
199
156
118
50
-69
-124
-189
-242
-271
-300
-273
-259
-227
-217
-216
-201
-194
-153
-77
-10
32
57
75
88
88
74
25
-20
-56
-47
-45
-70
-119
-115
-155
-196
-177
-223
-267
-313
-334
-368
-408
-431
-466
-435
-414
-432
-384
-315
-294
-239
-178
-151
-119
-106
-57
-40
-45
-5
4
-25
9
8
19
28
34
27
-20
-52
-83
-65
-90
-124
-139
-145
-185
-209
-190
-134
-86
-14
97
168
216
246
324
380
369
388
409
364
318
312
272
218
158
172
145
119
86
85
104
98
123
168
189
200
230
224
217
195
203
233
211
199
171
169
210
277
360
381
377
465
458
412
398
316
222
116
20
-79
-183
-294
-396
-470
-535
-505
-479
-492
-459
-427
-414
-374
-297
-224
-152
-87
-74
-27
-1
-20
-16
-18
14
-22
-57
-93
-134
-192
-163
-141
-175
-162
-182
-193
-268
-268
-261
-292
-262
-235
-257
-246
-233
-205
-193
-185
-145
-39
-14
19
63
86
106
168
206
215
254
287
303
274
248
213
159
73
31
14
5
-56
-81
-83
-80
-118
-102
8
39
61
107
139
154
208
243
282
330
413
414
432
438
414
389
290
249
224
192
137
104
47
9
2
5
-30
-24
-10
-10
19
19
4
-5
-5
-51
-78
-97
-112
-119
-98
-22
6
71
88
20
32
-5
-27
-51
-134
-198
-236
-310
-365
-408
-438
-503
-543
-522
-531
-506
-509
-495
-456
-384
-335
-267
-187
-160
-127
-87
-49
-51
-52
-36
9
24
43
42
42
-1
-35
-45
-70
-73
-72
-79
-98
-107
-88
-40
-28
-2
38
72
107
135
140
208
239
268
307
296
320
336
343
366
385
379
450
484
480
509
481
444
421
378
356
251
188
194
123
148
152
171
196
199
224
296
362
378
401
440
496
501
539
539
472
400
342
285
213
147
67
1
-39
-98
-144
-175
-193
-174
-165
-163
-198
-244
-287
-299
-315
-375
-427
-462
-500
-499
-504
-483
-458
-452
-400
-376
-296
-286
-280
-302
-345
-383
-470
-564
-633
-671
-707
-732
-762
-731
-773
-769
-726
-712
-642
-596
-545
-488
-451
-406
-354
-314
-267
-210
-174
-131
-113
-77
-37
39
97
108
128
119
103
62
76
34
50
56
79
112
149
174
156
182
170
215
240
282
300
311
381
398
433
430
456
483
564
630
670
682
661
666
733
757
759
790
812
768
727
716
652
599
570
561
535
514
550
538
540
602
595
611
625
635
642
620
616
569
494
458
402
377
344
297
263
161
88
20
-16
-92
-137
-160
-187
-202
-194
-218
-272
-341
-397
-459
-564
-600
-655
-719
-711
-715
-731
-731
-740
-724
-703
-652
-687
-703
-709
-755
-779
-823
-846
-870
-887
-941
-970
-1037
-1056
-1050
-1032
-963
-932
-871
-803
-765
-713
-619
-541
-525
-517
-501
-452
-394
-348
-276
-265
-220
-163
-101
-71
-38
-53
-87
-84
-82
-30
21
60
98
136
129
200
237
264
323
320
352
365
396
435
488
502
514
499
551
640
737
812
829
865
886
892
918
979
987
997
1007
970
933
908
839
817
832
805
764
758
739
717
733
735
755
781
808
819
807
769
706
620
570
534
502
501
461
405
363
356
307
232
163
140
97
60
58
-32
-126
-182
-229
-323
-404
-446
-534
-590
-598
-625
-673
-754
-823
-818
-822
-821
-807
-820
-858
-903
-944
-1008
-1020
-1075
-1101
-1119
-1111
-1123
-1173
-1146
-1084
-1098
-1104
-1073
-1043
-1001
-959
-876
-792
-752
-723
-652
-577
-526
-482
-423
-343
-280
-224
-169
-100
-70
-13
67
92
157
195
216
208
199
191
252
268
286
319
268
250
238
279
300
288
291
344
325
353
413
421
439
447
483
531
596
621
646
663
652
670
676
688
666
685
677
690
695
690
702
624
590
608
588
569
614
590
589
604
575
560
594
664
650
590
547
535
488
406
419
433
393
395
389
344
325
319
252
183
132
70
4
-47
-84
-164
-263
-338
-368
-411
-433
-461
-514
-566
-558
-577
-609
-583
-614
-654
-650
-647
-658
-710
-773
-799
-828
-788
-775
-792
-822
-806
-830
-824
-790
-775
-737
-801
-766
-710
-650
-613
-600
-523
-493
-454
-389
-307
-248
-214
-189
-125
-66
8
33
62
117
131
168
193
246
245
275
249
291
309
304
349
341
335
292
326
305
316
311
303
324
364
373
364
375
357
364
383
402
411
427
436
463
479
433
421
445
420
371
363
330
305
266
246
260
234
219
229
220
236
256
191
181
197
166
157
134
123
114
115
128
91
66
50
28
25
84
79
100
90
49
33
-20
-64
-100
-142
-238
-274
-302
-339
-343
-343
-357
-366
-380
-361
-389
-408
-425
-432
-438
-430
-399
-420
-385
-390
-444
-482
-472
-483
-464
-424
-388
-340
-294
-263
-233
-213
-200
-170
-148
-150
-110
-73
-74
-24
21
68
60
113
104
114
147
140
195
199
242
292
317
380
454
467
472
440
425
357
346
373
359
371
348
351
352
325
327
310
285
289
266
257
274
249
240
179
117
129
112
123
140
159
198
174
199
179
163
98
38
33
26
53
26
-13
2
-22
-82
-119
-104
-122
-156
-166
-172
-223
-283
-315
-334
-322
-325
-344
-375
-414
-430
-457
-435
-372
-362
-322
-300
-297
-295
-316
-351
-326
-348
-373
-371
-399
-405
-417
-421
-413
-389
-379
-422
-429
-443
-428
-378
-379
-388
-376
-318
-307
-223
-181
-196
-143
-115
-95
-18
7
36
103
163
203
248
330
384
433
466
458
440
411
460
454
448
506
501
507
501
523
509
484
495
498
555
578
621
623
614
621
573
529
533
545
511
503
493
506
493
474
474
455
422
380
333
315
276
209
145
135
116
90
85
90
73
57
44
22
-9
-53
-48
-50
-86
-106
-72
-106
-91
-70
-107
-131
-101
-138
-171
-190
-255
-289
-367
-388
-432
-460
-516
-525
-548
-609
-659
-679
-694
-672
-646
-684
-696
-668
-692
-692
-645
-656
-622
-664
-685
-639
-587
-568
-572
-554
-562
-534
-523
-480
-471
-469
-444
-443
-392
-366
-323
-350
-357
-328
-321
-287
-265
-209
-157
-92
-38
64
108
148
211
253
272
322
378
459
526
537
554
581
572
603
617
642
681
623
603
604
654
702
695
691
691
683
666
644
685
653
614
644
663
679
692
677
677
670
630
617
645
633
586
534
483
439
432
407
379
306
276
220
150
153
90
41
-6
-12
-11
-39
-69
-105
-96
-110
-126
-83
-138
-165
-152
-194
-197
-235
-255
-293
-303
-347
-389
-439
-482
-508
-556
-595
-660
-690
-710
-736
-744
-739
-727
-756
-760
-757
-753
-778
-769
-728
-701
-685
-708
-643
-633
-602
-555
-506
-471
-454
-452
-473
-426
-422
-417
-395
-366
-361
-381
-367
-387
-365
-334
-317
-277
-227
-152
-79
-50
25
64
106
163
199
265
327
382
438
489
511
581
598
603
612
636
678
657
687
679
643
620
623
644
657
631
579
580
588
603
620
661
639
655
657
673
696
666
632
642
617
588
575
620
591
529
493
428
424
362
374
322
268
243
172
119
70
66
-3
-61
-69
-110
-147
-133
-121
-148
-173
-203
-199
-196
-194
-197
-209
-191
-252
-299
-304
-303
-341
-358
-429
-483
-509
-551
-564
-582
-567
-598
-615
-618
-633
-703
-703
-725
-674
-702
-714
-681
-713
-670
-669
-636
-592
-592
-554
-542
-562
-554
-560
-549
-517
-442
-443
-405
-352
-353
-310
-321
-314
-325
-327
-301
-213
-140
-81
7
84
106
154
191
217
273
326
329
406
418
437
485
542
577
581
643
687
694
720
676
587
604
572
576
610
602
570
528
497
517
510
494
497
494
516
535
571
529
542
539
521
544
499
496
412
379
320
256
291
265
217
213
151
88
84
54
2
-55
-68
-80
-129
-179
-239
-220
-194
-224
-217
-216
-212
-235
-241
-233
-243
-251
-267
-271
-301
-302
-310
-319
-383
-392
-391
-417
-429
-428
-476
-501
-507
-522
-507
-490
-471
-454
-466
-445
-424
-400
-377
-366
-376
-351
-305
-322
-269
-230
-191
-181
-170
-167
-126
-131
-155
-165
-162
-132
-116
-71
9
100
32
126
73
44
26
37
25
6
172
245
325
322
301
273
360
171
181
141
271
320
308
328
294
366
166
239
166
250
309
251
234
278
246
205
234
150
184
205
246
393
396
404
363
286
273
174
273
332
390
408
338
333
347
344
228
185
292
221
147
95
90
262
185
43
-187
-203
-306
-501
-515
-547
-325
-332
-450
-638
-800
-783
-726
-608
-522
-494
-482
-419
-302
-182
-156
-132
-129
8
130
190
275
283
300
279
299
317
272
234
114
51
-3
-95
-123
-272
-335
-387
-392
-384
-432
-393
-394
-381
-346
-266
-178
-126
-28
-8
16
76
107
200
257
266
238
233
198
153
159
66
-11
-37
-23
-52
-88
-136
-242
-250
-221
-216
-176
-199
-163
-182
-161
-51
-25
21
107
149
186
264
330
360
360
343
308
273
239
214
181
138
76
10
3
-6
-82
-78
-58
-111
-64
6
53
163
224
234
240
267
296
358
492
510
601
745
771
849
971
1092
1256
1529
1691
1800
1903
1885
1733
1527
1186
867
480
-72
-614
-1136
-1615
-2090
-2486
-2854
-3173
-3362
-3461
-3487
-3380
-3173
-2850
-2511
-2103
-1668
-1186
-646
-205
248
744
1175
1605
1984
2297
2483
2578
2563
2342
2099
1810
1315
832
335
-356
-1010
-1484
-1953
-2366
-2612
-2805
-2971
-2855
-2678
-2463
-2053
-1607
-1201
-726
-115
421
953
1506
1918
2182
2421
2518
2507
2524
2477
2362
2210
2039
1738
1366
979
508
43
-346
-669
-1009
-1252
-1352
-1336
-1183
-950
-629
-234
113
550
1343
2399
3631
4758
5508
5943
6130
5962
5545
5144
4595
3707
2544
1091
-217
-1232
-2271
-3333
-4347
-5424
-6373
-6986
-7233
-7123
-6739
-6418
-6086
-5516
-4598
-3402
-2157
-928
146
1139
2162
3228
4346
5200
5736
5891
5722
5463
5067
4486
3532
2271
741
-825
-2231
-3450
-4449
-5333
-6171
-6871
-7221
-7148
-6723
-6092
-5341
-4581
-3720
-2758
-1527
-230
1003
2115
2989
3806
4610
5361
5920
6318
6173
5787
5167
4302
3376
2369
1166
-266
-1667
-2953
-4042
-4849
-5373
-5835
-6022
-5908
-5546
-4781
-3722
-2632
-1514
-398
671
1776
2894
3875
4564
4974
5142
5229
5307
5393
5413
5152
4715
4098
3366
2558
1819
984
-56
-1057
-1892
-2610
-2950
-2966
-2934
-2423
-1622
-602
1127
3041
4351
5461
6178
6162
6181
6155
5765
5426
4760
3334
1952
865
-309
-1384
-2516
-4092
-5623
-6784
-7762
-8253
-8166
-8008
-7949
-7586
-6790
-5646
-4153
-2554
-1175
88
1305
2452
3697
4959
5856
6233
6221
5863
5436
4968
4159
3068
1759
159
-1426
-2794
-4000
-5015
-5980
-6835
-7535
-7852
-7643
-7090
-6331
-5455
-4473
-3370
-2027
-482
1028
2368
3500
4342
4967
5504
5989
6325
6262
5864
5140
4167
3121
1977
643
-745
-2088
-3479
-4603
-5324
-5779
-6069
-6115
-6038
-5713
-5011
-4083
-2994
-1799
-541
681
1886
3113
4314
5339
6010
6382
6409
6325
6221
5892
5478
4873
3940
2896
1812
726
-220
-1006
-1829
-2493
-2932
-3246
-3145
-2817
-2384
-1703
-667
408
2186
4217
5648
6597
7185
7056
6644
6312
5724
5202
4394
2943
1266
2
-1298
-2416
-3731
-5332
-6758
-7958
-8805
-8981
-8469
-7832
-7138
-6348
-5160
-3445
-1522
255
1822
3052
3903
4731
5432
6011
6371
6144
5451
4645
3841
2992
2063
751
-827
-2475
-4124
-5501
-6510
-7299
-7896
-8247
-8205
-7671
-6628
-5237
-3773
-2398
-979
380
1752
3189
4344
5068
5393
5506
5392
5366
5089
4559
3836
2898
1748
535
-542
-1749
-3007
-4229
-5187
-5869
-6026
-5860
-5514
-4883
-4071
-3171
-2111
-805
324
1333
2188
2857
3522
4228
4839
5225
5485
5449
5137
4608
4126
3626
2857
1962
1015
-17
-1059
-1813
-2525
-2863
-2794
-2598
-2230
-1711
-1142
-569
151
696
1286
2145
3101
3967
5450
6832
7524
7637
7197
6339
5320
4276
2980
1865
718
-831
-2577
-3647
-4738
-5503
-6465
-7617
-8084
-8431
-8188
-7556
-6316
-4867
-3470
-1998
-590
1184
2857
3866
4503
4951
5009
4974
4758
4296
3902
3210
2279
1268
570
-175
-1248
-2414
-3810
-5102
-6138
-7037
-7569
-7599
-7317
-6721
-5771
-4253
-2488
-747
772
1999
3063
3878
4454
4778
4902
4723
4273
3645
3234
2884
2496
1895
1030
216
-771
-1727
-2580
-3259
-3645
-4034
-4130
-3846
-3274
-2424
-1688
-999
-359
139
624
871
1230
1618
1963
2328
2670
3170
3543
3716
3664
3333
2637
1682
756
-39
-622
-929
-1102
-1259
-1210
-964
-781
-344
73
504
709
669
665
595
797
831
1131
1629
2561
3427
4693
5964
6662
6547
5731
4764
3475
2578
1264
489
-267
-1080
-2013
-2783
-3191
-3770
-4408
-5573
-6266
-6685
-6663
-6312
-5608
-4336
-3093
-1791
-568
663
1991
2785
3007
2982
2838
2564
2135
1678
1325
1054
864
550
169
-132
-665
-1647
-2849
-4006
-4959
-5774
-6278
-6389
-6001
-5173
-4041
-2704
-1175
276
1354
2106
2527
2698
2442
2059
1768
1392
1353
1429
1666
2028
2221
2022
1460
907
109
-622
-1462
-2045
-2283
-2338
-2075
-1712
-990
-345
148
414
512
556
500
458
462
648
1119
1593
2058
2732
3227
3450
3289
2780
2027
1194
674
271
243
421
677
981
1216
1417
1414
1384
1095
894
545
87
-149
-225
-57
213
767
1549
2534
3484
4373
5351
5808
5684
4785
3886
2732
1821
972
239
17
-420
-1044
-2035
-2795
-3654
-4539
-5725
-6763
-7324
-7286
-6683
-5850
-4497
-3001
-1713
-632
319
1100
1631
1741
1503
1129
1052
1075
1033
1153
1198
1211
1076
668
-64
-958
-2084
-3468
-4798
-5744
-6242
-6238
-5659
-4796
-3461
-2175
-962
196
1113
1645
1713
1460
1100
860
1019
1495
2053
2774
3332
3400
3091
2618
1780
676
-556
-1460
-2262
-2556
-2340
-2093
-1539
-870
-414
-68
84
3
-270
-540
-632
-583
-106
607
1475
2499
3444
4053
4294
4075
3381
2423
1412
607
131
264
769
1334
2020
2422
2494
2227
1814
1343
916
530
178
-100
-113
260
803
1544
2385
3328
4161
4512
4805
5189
5075
4598
3537
2643
1757
1283
983
603
415
14
-789
-2151
-3458
-4646
-5603
-6623
-7328
-7487
-6946
-5745
-4458
-3089
-1720
-738
-63
313
392
400
358
180
33
247
684
1095
1408
1403
1023
478
-364
-1539
-2710
-3893
-4863
-5522
-5757
-5412
-4755
-3806
-2753
-1686
-906
-389
-292
-300
-488
-512
-213
190
1021
1936
2788
3200
3436
3226
2539
1631
535
-568
-1379
-1843
-2060
-1861
-1289
-745
-365
-20
28
-98
-336
-585
-760
-624
-150
359
1138
2058
2758
3255
3522
3243
2641
2044
1379
665
273
376
808
1740
2781
3425
3584
3104
2265
1313
687
428
537
884
1306
1767
2326
2912
3187
3295
3220
3147
3129
3101
3068
3378
3645
3685
3289
2970
2526
2061
1651
1111
418
-413
-1330
-2815
-4041
-5119
-5704
-6023
-6120
-6026
-5793
-4979
-3994
-3148
-2340
-1766
-1370
-964
-720
-580
-407
-120
81
220
487
714
769
699
344
-240
-905
-1577
-2205
-2811
-3219
-3504
-3608
-3425
-3140
-2655
-2336
-2126
-1988
-1969
-1865
-1665
-1203
-583
92
588
1039
1369
1539
1577
1394
1142
766
504
153
-61
-167
-319
-408
-563
-621
-763
-823
-862
-881
-723
-424
-33
389
882
1223
1447
1556
1504
1327
1068
825
515
341
346
378
534
1012
1695
2537
3148
3351
3254
2692
2122
1594
1402
1506
2056
2738
3282
3552
3544
3472
3053
2698
2327
2269
2471
2656
2881
3238
3575
3637
3221
2513
1614
855
431
186
201
-16
-141
-750
-1610
-2581
-3651
-4445
-5119
-5483
-5819
-5654
-4790
-3717
-2553
-1545
-940
-606
-436
-450
-650
-855
-1023
-988
-716
-221
180
516
698
511
171
-515
-1296
-2074
-2646
-2936
-3017
-2793
-2476
-2039
-1854
-1819
-1939
-2234
-2430
-2529
-2431
-2295
-1857
-1390
-861
-397
0
307
390
548
419
217
77
-102
-147
-41
-1
-46
2
142
127
207
361
394
505
741
877
980
1206
1314
1280
1172
947
643
322
52
-64
-116
116
631
1399
2278
2965
3287
3151
2816
2507
2237
2287
2482
2991
3417
3816
3991
3827
3662
3263
2925
2356
2226
2251
2360
2524
2665
2757
2555
2342
1577
842
120
-361
-461
-531
-168
22
86
-251
-976
-1914
-2945
-3651
-4274
-4601
-4664
-4392
-3750
-2855
-1898
-1337
-1082
-1124
-1313
-1488
-1653
-1711
-1609
-1299
-791
-315
20
163
56
-305
-696
-1178
-1684
-2031
-2289
-2376
-2382
-2246
-2186
-2102
-1872
-1906
-2078
-2337
-2613
-2781
-2666
-2308
-1877
-1414
-943
-485
-180
-5
-44
-158
-184
-125
30
182
422
685
929
1034
991
841
628
641
764
935
1145
1393
1578
1670
1751
1675
1488
1092
704
315
2
-136
-120
260
972
1909
2558
2813
2591
2060
1513
1212
1308
1766
2475
3128
3591
3651
3590
3396
3191
3019
2723
2576
2411
2449
2603
2792
3047
2959
2524
1655
738
16
-498
-708
-859
-765
-627
-519
-547
-971
-1632
-2371
-2918
-3258
-3311
-3324
-3212
-2916
-2416
-1882
-1508
-1379
-1556
-1755
-1818
-1693
-1449
-1123
-768
-410
-190
-67
-125
-328
-590
-770
-930
-1052
-1218
-1492
-1702
-1831
-1833
-1953
-2152
-2377
-2663
-2814
-2884
-2935
-2784
-2437
-1918
-1491
-1101
-961
-1083
-1148
-1247
-1333
-1342
-1276
-1071
-631
-42
539
921
1099
1077
898
777
622
555
625
857
1269
1581
1759
1758
1655
1496
1300
1094
896
623
400
369
647
1173
1800
2378
2648
2491
2100
1694
1294
1148
1373
1836
2311
2809
3093
3110
3076
3009
2944
2828
2966
3224
3468
3706
3656
3537
3202
2967
2519
1977
1487
821
262
-294
-516
-724
-768
-812
-1168
-1629
-2180
-2554
-2817
-2814
-2708
-2578
-2382
-2253
-2109
-2057
-1964
-2026
-2049
-1855
-1592
-1283
-1075
-979
-1019
-1045
-1102
-1223
-1341
-1512
-1686
-1796
-1824
-1700
-1474
-1193
-981
-923
-1090
-1517
-2064
-2627
-3043
-3251
-3304
-3124
-2814
-2302
-1820
-1522
-1255
-1206
-1324
-1392
-1413
-1391
-1217
-961
-737
-536
-319
-194
-85
86
258
398
619
818
1040
1302
1540
1728
1833
1895
1910
1896
1716
1551
1347
1126
1021
1097
1345
1664
1983
2250
2320
2245
2143
1990
1842
1822
1958
2119
2360
2515
2517
2265
2039
1957
1767
1842
2200
2565
2995
3356
3405
3182
2908
2600
2273
2088
1984
1742
1637
1538
1265
1035
585
50
-495
-985
-1408
-1773
-1880
-1938
-1863
-1759
-1651
-1613
-1643
-1613
-1689
-1695
-1778
-1842
-1795
-1730
-1603
-1522
-1561
-1674
-1903
-2177
-2387
-2530
-2610
-2653
-2678
-2629
-2463
-2206
-1888
-1660
-1551
-1475
-1438
-1532
-1740
-1933
-2075
-2124
-2059
-1870
-1810
-1739
-1537
-1418
-1320
-1209
-1191
-1197
-1055
-856
-716
-528
-476
-536
-589
-579
-587
-577
-443
-321
-132
167
549
890
1184
1389
1492
1574
1629
1631
1619
1604
1505
1417
1323
1258
1265
1300
1326
1395
1563
1798
2089
2275
2394
2430
2345
2237
2083
1914
1797
1785
1833
1907
2154
2392
2587
2725
2786
2812
2740
2734
2608
2521
2483
2422
2542
2594
2598
2487
2196
1912
1482
963
458
-83
-463
-682
-900
-1143
-1422
-1692
-1790
-1795
-1847
-1930
-2122
-2202
-2151
-2002
-1891
-1908
-1964
-2088
-2161
-2166
-2191
-2281
-2415
-2491
-2475
-2467
-2488
-2456
-2347
-2212
-2017
-1874
-1852
-1812
-1816
-1865
-1804
-1751
-1741
-1718
-1651
-1565
-1653
-1784
-1877
-2039
-1999
-1697
-1440
-1208
-953
-847
-726
-511
-433
-421
-416
-394
-393
-334
-159
-36
89
283
482
644
814
929
1078
1229
1365
1505
1575
1627
1554
1534
1469
1376
1232
1025
969
1107
1320
1602
1990
2307
2520
2625
2627
2484
2299
2136
1972
1835
1913
2030
2094
2342
2558
2654
2750
2795
2658
2553
2523
2435
2360
2344
2274
2219
2207
2103
1872
1473
1029
530
158
-192
-567
-923
-1317
-1605
-1749
-1826
-1885
-2025
-2217
-2221
-2231
-2173
-2087
-2056
-2079
-2119
-2050
-2034
-2046
-1973
-1913
-1870
-1785
-1802
-1831
-1838
-1870
-1912
-1881
-1933
-1967
-1919
-1924
-1957
-1921
-1824
-1750
-1605
-1483
-1368
-1292
-1203
-1251
-1355
-1425
-1427
-1337
-1085
-818
-662
-496
-440
-421
-340
-315
-349
-352
-282
-123
25
153
210
229
311
393
505
601
626
648
709
774
925
1171
1303
1428
1501
1462
1333
1119
1043
1085
1126
1278
1506
1763
2028
2240
2361
2327
2273
2252
2182
2152
2198
2195
2184
2309
2383
2515
2719
2743
2686
2680
2625
2518
2353
2153
1955
1826
1783
1671
1408
1072
741
398
129
-174
-608
-1107
-1555
-1891
-2086
-2259
-2364
-2439
-2528
-2545
-2458
-2385
-2396
-2390
-2366
-2339
-2219
-2071
-2026
-1965
-1862
-1780
-1638
-1448
-1323
-1212
-1014
-946
-1017
-1123
-1277
-1514
-1725
-1771
-1851
-1928
-1909
-1813
-1748
-1570
-1418
-1427
-1451
-1367
-1213
-1030
-742
-568
-407
-302
-220
-164
-105
-11
27
58
84
126
125
82
115
206
271
341
387
419
411
457
502
448
535
698
841
1050
1216
1243
1215
1250
1339
1355
1393
1462
1544
1725
1891
2004
2087
2156
2302
2379
2463
2537
2541
2495
2448
2394
2345
2393
2443
2476
2560
2646
2608
2473
2274
2138
1926
1790
1640
1398
1195
981
688
410
112
-287
-660
-973
-1214
-1384
-1583
-1826
-2116
-2364
-2541
-2667
-2721
-2697
-2696
-2611
-2426
-2229
-2006
-1932
-1957
-1968
-1956
-1953
-1894
-1837
-1815
-1640
-1493
-1334
-1229
-1212
-1187
-1261
-1236
-1316
-1486
-1606
-1695
-1745
-1790
-1772
-1781
-1802
-1719
-1652
-1613
-1431
-1257
-1077
-784
-503
-289
-86
55
177
261
308
328
304
239
157
190
202
210
305
434
576
683
760
782
810
893
1002
1060
1097
1128
1111
1161
1290
1365
1471
1622
1728
1854
1951
1954
1941
1945
2019
2096
2180
2268
2346
2366
2404
2380
2302
2303
2329
2344
2435
2491
2416
2370
2278
2181
2054
1933
1767
1574
1351
1024
749
469
106
-229
-560
-851
-1107
-1329
-1455
-1583
-1720
-1862
-1965
-2061
-2215
-2370
-2524
-2632
-2614
-2480
-2260
-2035
-1799
-1650
-1558
-1497
-1499
-1533
-1549
-1493
-1505
-1485
-1399
-1374
-1418
-1407
-1385
-1384
-1355
-1305
-1308
-1313
-1264
-1247
-1202
-1144
-1110
-1105
-1077
-1070
-1048
-1004
-1028
-941
-847
-705
-487
-279
-28
126
263
341
327
240
159
27
-155
-275
-275
-220
-127
50
224
333
432
577
663
773
873
1005
1156
1226
1288
1356
1409
1506
1701
1826
1949
2087
2200
2281
2318
2312
2244
2167
2213
2237
2152
2098
2027
1968
1938
1939
1994
1919
1872
1883
1760
1665
1499
1305
1201
1066
874
715
454
182
-41
-268
-418
-652
-844
-1019
-1141
-1195
-1312
-1417
-1493
-1508
-1524
-1542
-1545
-1614
-1687
-1713
-1634
-1605
-1556
-1473
-1391
-1303
-1153
-1012
-958
-937
-922
-914
-942
-945
-956
-992
-1027
-1079
-1203
-1328
-1457
-1556
-1570
-1505
-1358
-1260
-1190
-1058
-941
-867
-809
-784
-833
-884
-968
-1017
-993
-908
-733
-579
-421
-298
-170
-57
-7
61
45
-21
-76
-104
-68
-13
71
186
359
565
706
858
954
1088
1221
1356
1484
1582
1625
1700
1787
1878
1954
2016
2089
2120
2190
2238
2191
2178
2180
2106
2002
1878
1715
1595
1530
1478
1424
1322
1185
1133
1089
936
756
533
280
100
23
-64
-192
-295
-373
-426
-447
-484
-593
-686
-763
-865
-871
-851
-892
-935
-1050
-1136
-1243
-1328
-1343
-1364
-1376
-1362
-1333
-1309
-1228
-1157
-1113
-1056
-1026
-1011
-964
-938
-874
-830
-823
-793
-779
-742
-738
-766
-816
-946
-1054
-1118
-1203
-1293
-1242
-1193
-1127
-1025
-920
-832
-796
-709
-694
-669
-630
-549
-476
-412
-344
-327
-304
-261
-128
16
203
362
477
595
660
702
728
759
820
937
1023
1125
1237
1384
1560
1691
1803
1857
1881
1836
1829
1797
1700
1638
1585
1606
1585
1528
1464
1413
1419
1433
1379
1285
1106
913
780
653
554
373
229
126
72
61
-29
-150
-265
-395
-449
-476
-494
-547
-542
-551
-479
-412
-437
-449
-414
-353
-336
-285
-335
-410
-388
-424
-462
-540
-647
-773
-899
-969
-988
-1014
-1041
-1009
-998
-992
-977
-971
-973
-953
-945
-946
-920
-871
-827
-733
-668
-647
-609
-656
-663
-648
-678
-697
-784
-821
-862
-916
-920
-910
-894
-812
-759
-658
-581
-450
-317
-236
-105
3
65
136
165
188
240
355
494
593
722
827
884
966
1038
1087
1163
1211
1261
1323
1322
1357
1338
1295
1240
1184
1171
1116
1025
944
900
836
838
783
755
643
554
527
429
377
387
353
284
220
180
99
98
134
81
38
-26
-57
-104
-116
-148
-189
-202
-187
-178
-145
-124
-106
-46
17
46
39
121
159
210
262
309
320
282
202
125
63
-56
-169
-296
-440
-544
-612
-721
-752
-809
-890
-922
-952
-958
-945
-917
-907
-913
-888
-860
-878
-883
-889
-897
-906
-899
-810
-738
-727
-727
-771
-817
-807
-806
-778
-700
-659
-597
-568
-526
-416
-281
-102
72
238
375
427
513
596
702
822
869
918
933
955
1009
1028
1037
1007
1044
999
940
903
808
735
669
599
465
313
143
11
-130
-189
-266
-342
-400
-415
-390
-375
-340
-315
-271
-244
-194
-100
-28
42
140
155
187
266
300
355
404
425
434
500
514
545
597
621
622
587
592
563
580
570
576
596
605
660
701
739
784
842
810
771
646
496
378
222
104
-54
-192
-320
-456
-560
-670
-748
-843
-902
-958
-1036
-1074
-1148
-1206
-1143
-1149
-1114
-1039
-1026
-988
-950
-917
-867
-762
-693
-613
-565
-500
-470
-452
-413
-373
-375
-370
-351
-291
-239
-207
-70
23
71
177
272
368
500
574
621
637
601
583
550
518
501
411
376
298
220
172
84
-55
-133
-154
-204
-222
-289
-421
-510
-585
-659
-705
-713
-739
-719
-617
-569
-481
-346
-247
-171
3
143
272
416
536
665
773
887
933
914
923
930
965
999
978
970
993
1006
1062
1075
1065
1035
942
887
809
796
787
769
794
800
750
712
702
640
607
506
400
232
56
-73
-204
-342
-430
-504
-557
-587
-668
-778
-876
-958
-1012
-1001
-986
-947
-926
-922
-923
-940
-914
-840
-753
-629
-548
-480
-376
-349
-329
-286
-304
-298
-300
-331
-299
-251
-204
-199
-216
-237
-216
-202
-109
-34
-32
-39
-41
-5
17
32
56
16
-74
-99
-162
-229
-329
-435
-485
-568
-577
-602
-629
-711
-739
-752
-772
-750
-747
-707
-697
-606
-526
-500
-431
-345
-216
-94
52
220
342
492
619
754
864
970
1053
1093
1179
1190
1234
1273
1275
1282
1276
1272
1233
1210
1220
1226
1167
1151
1109
999
941
912
878
854
803
760
729
720
698
635
589
499
405
316
215
88
-20
-72
-122
-155
-206
-262
-285
-351
-384
-387
-444
-475
-499
-543
-538
-528
-525
-546
-551
-524
-487
-427
-396
-391
-417
-418
-446
-463
-486
-537
-574
-604
-612
-638
-667
-706
-762
-797
-796
-791
-802
-829
-884
-861
-815
-838
-853
-840
-844
-781
-740
-746
-788
-875
-943
-958
-948
-970
-921
-916
-938
-930
-906
-918
-899
-832
-719
-609
-512
-408
-289
-164
-44
89
220
346
460
613
791
971
1134
1230
1308
1430
1572
1667
1729
1776
1747
1698
1734
1721
1661
1616
1589
1572
1574
1544
1486
1440
1351
1244
1177
1115
1052
992
942
866
849
799
713
685
665
637
498
443
337
221
180
96
34
2
-78
-84
-98
-174
-231
-299
-335
-429
-478
-533
-581
-588
-625
-696
-739
-810
-854
-862
-873
-839
-818
-808
-863
-916
-909
-996
-1044
-1085
-1192
-1253
-1273
-1312
-1357
-1433
-1458
-1467
-1466
-1464
-1476
-1445
-1432
-1384
-1315
-1259
-1219
-1181
-1087
-1019
-934
-861
-844
-807
-804
-733
-666
-583
-494
-412
-368
-297
-255
-124
12
91
260
395
532
587
676
717
771
876
971
1075
1172
1290
1371
1444
1529
1654
1734
1795
1810
1861
1895
1895
1873
1819
1770
1717
1655
1543
1524
1470
1430
1369
1304
1258
1178
1086
1001
949
857
808
686
609
524
447
387
371
358
332
308
245
180
94
40
-17
-63
-125
-165
-226
-311
-403
-474
-559
-583
-686
-801
-916
-1010
-1098
-1181
-1196
-1230
-1281
-1313
-1316
-1332
-1310
-1373
-1441
-1465
-1513
-1545
-1567
-1604
-1655
-1642
-1676
-1690
-1648
-1645
-1643
-1595
-1503
-1482
-1405
-1287
-1259
-1224
-1206
-1192
-1102
-1000
-924
-859
-726
-674
-585
-436
-306
-189
-117
-19
85
192
276
363
438
531
621
736
891
989
1103
1193
1267
1381
1462
1556
1624
1651
1671
1691
1722
1771
1794
1806
1857
1827
1801
1850
1820
1772
1770
1736
1659
1641
1603
1522
1491
1391
1307
1225
1106
1053
984
913
802
706
624
519
426
338
261
195
164
103
41
-19
-108
-189
-261
-355
-428
-485
-526
-606
-655
-664
-727
-795
-821
-918
-996
-1028
-1133
-1200
-1252
-1334
-1385
-1451
-1473
-1528
-1560
-1564
-1571
-1590
-1623
-1692
-1700
-1732
-1750
-1707
-1701
-1665
-1649
-1636
-1634
-1574
-1521
-1450
-1411
-1334
-1205
-1110
-1012
-890
-811
-798
-721
-655
-542
-414
-340
-237
-132
-22
113
199
271
327
367
448
538
623
732
820
862
973
1077
1137
1224
1290
1369
1422
1511
1603
1660
1701
1742
1760
1758
1744
1738
1705
1685
1668
1697
1715
1674
1629
1604
1550
1513
1503
1456
1384
1288
1215
1118
1021
920
852
792
744
717
650
517
454
411
349
293
255
178
70
-11
-89
-205
-263
-365
-456
-515
-607
-648
-734
-797
-839
-913
-967
-1025
-1087
-1142
-1194
-1279
-1308
-1365
-1451
-1516
-1609
-1678
-1723
-1730
-1754
-1781
-1779
-1755
-1719
-1699
-1643
-1582
-1543
-1532
-1500
-1425
-1423
-1371
-1322
-1249
-1199
-1129
-1009
-920
-797
-717
-641
-539
-475
-368
-251
-185
-102
-30
67
183
268
350
389
474
552
597
687
773
851
922
1019
1082
1117
1160
1143
1168
1232
1277
1303
1353
1388
1398
1378
1402
1404
1419
1417
1358
1328
1302
1282
1283
1316
1293
1276
1225
1149
1143
1153
1067
1033
989
932
854
824
835
765
749
738
661
605
520
476
381
305
249
159
96
-33
-142
-225
-301
-351
-409
-478
-530
-623
-674
-718
-807
-870
-956
-1068
-1160
-1215
-1280
-1319
-1362
-1375
-1371
-1379
-1393
-1426
-1449
-1481
-1505
-1517
-1493
-1480
-1497
-1478
-1437
-1430
-1353
-1252
-1167
-1097
-1041
-947
-911
-818
-775
-691
-531
-467
-440
-324
-270
-235
-153
-43
38
90
129
211
338
381
440
470
468
489
536
591
637
653
666
686
674
707
730
770
794
769
807
782
819
893
920
945
990
1025
998
1045
1041
1040
991
921
920
953
1000
999
978
970
977
917
909
895
878
816
793
770
735
698
684
629
629
591
506
477
423
384
318
255
161
120
20
-88
-152
-204
-330
-396
-460
-530
-549
-628
-688
-763
-810
-885
-920
-963
-1019
-1074
-1136
-1156
-1163
-1181
-1211
-1249
-1261
-1188
-1169
-1215
-1162
-1139
-1153
-1115
-1105
-1074
-1046
-1042
-1011
-933
-856
-790
-739
-690
-644
-568
-462
-400
-298
-233
-175
-141
-92
-26
38
75
119
175
214
265
300
366
417
438
456
516
574
562
556
553
521
526
546
578
575
579
582
593
614
626
678
689
733
786
785
810
831
819
804
805
798
797
806
841
828
890
910
928
914
894
861
814
767
700
697
637
604
537
483
450
435
384
352
325
278
216
134
100
31
-50
-133
-227
-304
-383
-442
-519
-562
-627
-729
-757
-783
-807
-838
-900
-914
-967
-1025
-1057
-1090
-1087
-1120
-1120
-1108
-1089
-1036
-1023
-971
-943
-935
-871
-839
-774
-733
-714
-622
-575
-571
-545
-482
-439
-389
-325
-284
-240
-209
-144
-73
-37
8
67
103
122
133
157
133
142
170
159
182
169
216
207
197
237
291
318
318
365
363
395
368
384
387
349
373
405
409
451
489
502
568
574
618
676
720
762
751
765
770
763
796
848
884
858
854
860
854
810
750
760
729
645
605
563
524
450
420
368
297
238
192
151
119
101
41
16
-37
-122
-177
-244
-310
-353
-445
-506
-520
-521
-545
-599
-624
-666
-684
-710
-723
-706
-737
-783
-776
-782
-823
-813
-811
-771
-754
-738
-719
-670
-611
-587
-547
-485
-472
-446
-394
-402
-373
-339
-303
-256
-289
-256
-246
-192
-184
-169
-90
-132
-62
-22
-53
-26
-21
-25
-49
-43
-31
-54
-82
-79
-60
-26
-48
-72
-29
13
31
56
136
182
176
146
172
203
216
248
280
307
330
378
383
423
486
503
484
501
556
607
647
683
673
695
687
706
750
727
734
713
706
714
700
655
618
581
523
447
437
415
354
304
249
185
133
140
109
38
-6
-50
-114
-122
-159
-178
-188
-216
-277
-300
-303
-337
-352
-362
-390
-373
-356
-378
-378
-384
-364
-385
-407
-423
-420
-385
-383
-362
-392
-374
-380
-396
-313
-297
-319
-309
-258
-241
-244
-197
-193
-186
-220
-212
-183
-212
-180
-230
-242
-257
-263
-257
-252
-256
-276
-306
-338
-338
-332
-329
-293
-236
-266
-250
-236
-229
-211
-204
-156
-137
-127
-101
-111
-37
-12
7
85
108
144
205
226
207
204
236
220
249
314
312
349
374
371
389
431
445
430
443
413
422
451
497
527
518
517
493
470
428
430
401
356
329
341
294
250
244
268
243
246
232
171
99
82
59
29
45
36
22
-27
-40
-46
-63
-80
-94
-101
-76
-80
-90
-114
-93
-87
-98
-103
-131
-114
-87
-109
-84
-105
-134
-158
-172
-191
-195
-161
-172
-162
-142
-164
-179
-209
-188
-195
-195
-200
-199
-165
-177
-178
-182
-185
-246
-247
-265
-283
-302
-297
-261
-274
-248
-234
-229
-226
-226
-231
-272
-277
-290
-290
-263
-244
-208
-216
-200
-155
-111
-87
-54
-21
-18
7
2
41
29
8
64
86
79
137
139
147
178
172
166
179
199
214
231
247
287
264
256
258
276
307
317
302
306
272
266
253
260
284
299
299
276
316
297
257
243
258
230
227
205
219
215
159
168
190
169
129
110
68
84
97
73
73
99
78
78
41
30
15
-13
-18
5
-12
-19
-61
-75
-84
-115
-122
-150
-171
-217
-257
-262
-249
-271
-269
-281
-295
-290
-293
-285
-286
-315
-304
-299
-290
-289
-292
-286
-311
-338
-304
-311
-361
-306
-348
-343
-279
-284
-245
-239
-240
-220
-209
-226
-220
-239
-201
-167
-149
-101
-54
-56
-21
-8
-6
38
53
65
83
83
125
145
128
185
196
227
222
238
242
243
259
278
270
282
319
330
338
332
346
329
305
313
318
312
359
420
416
421
386
350
334
321
347
321
335
325
351
381
364
389
374
372
331
313
317
259
187
168
154
116
73
32
54
28
14
-4
-27
6
-27
-51
-66
-86
-134
-148
-183
-248
-302
-310
-325
-351
-345
-362
-406
-434
-472
-501
-515
-513
-518
-527
-496
-519
-518
-501
-565
-567
-564
-580
-554
-512
-518
-531
-528
-509
-458
-469
-419
-409
-451
-389
-377
-324
-254
-278
-280
-256
-262
-243
-201
-151
-154
-118
-74
-40
-4
62
154
190
205
267
237
212
261
282
330
365
358
387
405
404
482
490
490
552
553
588
616
632
607
570
554
561
618
634
658
633
631
611
600
617
604
588
545
523
499
500
472
484
468
413
387
375
353
328
296
275
271
214
168
84
29
-32
-49
-54
-63
-117
-149
-162
-197
-204
-243
-284
-336
-366
-397
-460
-476
-501
-533
-537
-552
-522
-539
-544
-531
-604
-656
-684
-688
-702
-719
-729
-708
-720
-713
-680
-674
-652
-610
-598
-610
-602
-594
-535
-539
-503
-459
-442
-452
-383
-336
-368
-300
-250
-215
-183
-175
-120
-72
-71
-26
24
40
53
81
87
114
154
192
247
295
350
383
411
451
505
553
565
622
629
649
679
694
713
678
704
711
707
731
724
724
694
687
660
627
687
680
672
650
642
614
592
580
544
521
488
430
388
395
362
334
324
305
277
258
226
172
134
57
9
-26
-107
-149
-186
-276
-327
-360
-396
-425
-414
-441
-474
-508
-526
-564
-582
-575
-594
-591
-618
-609
-645
-655
-682
-686
-701
-670
-624
-641
-623
-628
-643
-636
-669
-651
-631
-638
-625
-615
-560
-564
-535
-527
-500
-482
-438
-414
-394
-324
-276
-237
-228
-193
-181
-149
-100
-54
-49
-14
35
2
50
79
79
128
178
212
254
322
370
440
477
513
540
568
605
605
659
703
710
749
805
815
798
786
826
818
783
790
793
781
777
783
749
710
683
650
639
624
596
590
575
531
471
418
396
342
314
281
289
232
194
147
55
-17
-85
-153
-228
-228
-248
-258
-297
-327
-382
-432
-492
-558
-551
-554
-558
-596
-648
-659
-645
-669
-672
-681
-704
-695
-735
-773
-724
-705
-685
-635
-607
-624
-669
-662
-671
-678
-643
-598
-584
-596
-522
-504
-493
-457
-464
-435
-417
-399
-344
-266
-271
-249
-224
-145
-102
-71
-25
26
67
89
166
180
180
203
220
292
335
348
353
360
403
475
480
508
539
555
570
603
629
645
673
684
735
775
750
752
731
718
709
674
671
701
660
641
654
594
564
558
531
530
520
468
438
380
321
285
235
209
195
147
150
110
106
42
-5
-31
-84
-112
-99
-158
-218
-226
-288
-314
-352
-426
-449
-470
-502
-535
-592
-584
-574
-560
-541
-550
-557
-569
-562
-546
-538
-531
-516
-550
-527
-540
-553
-593
-611
-594
-581
-532
-518
-526
-499
-448
-430
-402
-384
-358
-331
-343
-321
-283
-267
-255
-248
-248
-221
-173
-163
-77
-28
-15
18
61
88
100
163
180
201
246
286
276
294
284
303
353
382
426
474
506
556
550
571
606
588
620
621
637
640
606
596
590
552
568
615
608
612
600
568
575
532
509
482
434
398
334
340
290
250
269
193
169
159
129
96
88
106
62
-11
-37
-43
-140
-177
-192
-241
-258
-267
-282
-280
-313
-376
-388
-393
-415
-445
-444
-448
-465
-477
-482
-489
-515
-486
-476
-507
-507
-529
-538
-527
-529
-533
-490
-478
-464
-441
-466
-426
-409
-386
-368
-347
-322
-342
-341
-297
-275
-252
-256
-205
-206
-188
-152
-143
-99
-92
-75
-17
13
71
98
113
147
177
192
197
230
224
221
240
279
335
356
368
426
443
473
498
510
493
466
494
467
457
478
501
513
490
510
490
486
473
487
478
477
481
463
446
404
377
358
326
301
270
269
215
205
195
150
148
113
130
121
85
69
6
-60
-112
-133
-147
-185
-217
-207
-245
-291
-310
-357
-353
-369
-400
-413
-424
-468
-474
-448
-459
-431
-386
-416
-393
-411
-408
-395
-434
-414
-455
-458
-469
-482
-459
-436
-416
-406
-374
-330
-330
-298
-281
-263
-236
-207
-184
-152
-143
-130
-136
-169
-161
-135
-94
-80
-32
-5
11
49
70
87
102
120
111
112
176
213
237
267
310
315
312
350
363
360
358
382
388
372
357
366
370
367
417
447
473
465
434
404
352
361
350
406
395
376
386
345
331
335
290
258
257
207
193
176
171
156
154
95
60
48
16
7
0
-16
-31
-65
-60
-53
-80
-109
-133
-190
-190
-217
-193
-185
-190
-174
-222
-219
-236
-249
-255
-269
-287
-285
-273
-282
-275
-255
-276
-341
-334
-312
-335
-328
-340
-325
-311
-331
-337
-307
-307
-338
-293
-275
-286
-256
-248
-216
-208
-213
-180
-182
-178
-153
-155
-107
-80
-96
-96
-67
-65
-86
-57
-38
-41
-38
-25
-32
-8
8
-15
38
102
124
142
205
239
250
249
270
253
239
262
266
278
298
279
278
291
294
293
275
266
251
282
236
243
246
247
265
219
206
230
224
196
244
263
267
243
226
213
180
190
175
124
121
93
77
78
112
105
107
93
41
42
41
33
21
1
-41
-62
-55
-100
-111
-79
-106
-98
-77
-75
-69
-51
-57
-66
-84
-83
-113
-127
-117
-153
-157
-143
-185
-163
-180
-213
-194
-214
-205
-184
-210
-223
-202
-200
-183
-204
-189
-192
-211
-224
-232
-196
-216
-207
-185
-149
-161
-177
-170
-182
-189
-176
-158
-179
-178
-190
-205
-163
-170
-151
-129
-107
-50
-43
-6
32
23
37
56
70
80
123
116
129
184
183
131
145
141
161
148
172
199
192
220
202
196
221
226
224
248
249
269
243
231
233
237
204
184
174
168
153
160
185
187
203
179
149
120
118
102
80
93
75
38
0
-2
6
-27
-60
-89
-73
-65
-35
-55
-67
-57
-55
-39
-83
-92
-112
-130
-128
-123
-117
-100
-93
-103
-72
-99
-118
-123
-146
-142
-106
-107
-127
-134
-158
-169
-178
-182
-159
-166
-151
-175
-146
-130
-113
-82
-99
-85
-126
-153
-115
-114
-128
-117
-114
-101
-68
-52
-57
-33
-6
-23
-11
11
14
52
39
22
49
69
83
86
99
83
104
102
133
123
128
94
92
132
118
161
164
157
152
151
147
167
175
127
116
132
138
131
122
113
94
85
116
167
144
130
130
82
68
64
112
101
93
48
17
38
25
56
52
30
22
-31
-18
-1
-9
-13
8
-4
-29
-18
-16
4
2
-23
-73
-78
-78
-107
-128
-139
-150
-148
-126
-119
-118
-121
-153
-147
-157
-149
-140
-170
-192
-205
-192
-209
-160
-128
-154
-172
-177
-173
-174
-182
-149
-128
-119
-95
-95
-86
-84
-71
-119
-95
-108
-87
-56
-92
-25
-3
11
25
38
69
48
58
105
119
120
137
146
118
97
113
103
157
149
146
160
161
158
145
155
181
184
216
218
208
199
186
175
145
152
90
122
163
141
145
132
104
103
104
136
158
148
118
79
63
90
107
79
40
35
7
-3
57
61
50
14
2
30
16
9
9
13
-15
-62
-43
-85
-86
-74
-100
-131
-119
-125
-137
-165
-182
-144
-157
-182
-189
-180
-227
-232
-231
-250
-213
-185
-194
-196
-178
-196
-217
-213
-202
-177
-180
-152
-171
-162
-168
-165
-166
-160
-126
-108
-97
-111
-110
-119
-118
-107
-82
-33
-18
-7
16
21
2
7
-6
-13
12
-11
-18
7
36
48
55
76
85
96
84
99
125
128
144
121
152
175
182
202
225
232
164
170
178
178
222
226
219
238
268
258
248
266
237
238
244
253
237
222
212
234
194
197
227
176
171
155
135
138
148
119
105
96
38
35
33
-12
-52
-35
-47
-67
-69
-77
-74
-126
-99
-82
-99
-98
-128
-178
-168
-203
-199
-199
-208
-174
-173
-145
-142
-132
-138
-140
-126
-160
-163
-170
-218
-176
-182
-215
-223
-227
-234
-215
-192
-190
-169
-123
-146
-161
-159
-159
-182
-179
-176
-169
-157
-176
-161
-157
-131
-136
-112
-96
-59
-70
-60
-58
-79
-44
4
1
13
31
33
1
-18
9
71
80
62
109
127
107
127
189
163
169
179
184
207
232
212
214
197
177
188
191
207
217
212
183
189
192
200
201
193
187
177
201
187
186
165
136
129
138
109
122
116
130
131
133
166
154
151
139
99
96
40
24
46
30
2
-22
-10
-41
-13
-41
-50
-61
-90
-95
-112
-80
-64
-78
-100
-97
-148
-154
-147
-114
-145
-130
-136
-164
-139
-156
-167
-208
-235
-236
-213
-213
-160
-155
-161
-179
-179
-164
-173
-135
-135
-172
-188
-192
-178
-156
-149
-139
-143
-146
-133
-115
-88
-67
-37
-57
-69
-46
-32
-17
8
-35
-36
-30
-14
13
40
53
38
80
69
87
88
103
108
140
151
132
135
110
101
118
143
164
183
162
180
162
127
137
148
183
168
205
226
221
211
218
217
198
197
143
155
145
111
117
145
135
112
110
127
76
53
58
29
18
4
1
13
9
-7
-17
-23
-52
-30
-7
-42
-42
-21
-34
-59
-67
-99
-142
-161
-150
-147
-166
-165
-172
-190
-211
-202
-161
-183
-193
-210
-214
-217
-228
-247
-259
-239
-240
-239
-229
-225
-195
-207
-176
-148
-133
-105
-82
-42
-35
-24
-17
-47
2
36
7
28
31
29
28
23
34
44
69
70
43
70
108
119
123
120
120
137
118
104
129
95
94
115
117
120
111
112
158
155
143
159
178
159
154
173
152
122
119
115
123
132
104
78
96
104
110
121
120
130
148
154
160
188
148
130
110
87
82
62
40
32
29
9
14
29
29
-1
-19
-27
-32
-61
-31
-49
-78
-106
-126
-113
-110
-119
-126
-118
-172
-172
-175
-178
-180
-181
-195
-174
-175
-186
-197
-185
-206
-198
-191
-192
-196
-186
-170
-195
-160
-176
-155
-163
-177
-157
-164
-173
-172
-173
-147
-132
-118
-94
-93
-94
-62
-51
-47
-17
-11
-1
-8
25
23
-5
30
37
67
82
94
137
127
143
157
165
181
176
197
213
226
247
243
230
240
253
212
223
229
218
220
220
235
220
205
179
185
178
155
169
157
148
130
122
139
129
113
114
111
113
110
79
79
63
35
42
26
34
15
-36
-38
-33
-64
-75
-88
-106
-115
-120
-120
-148
-112
-97
-117
-116
-122
-158
-177
-200
-187
-188
-203
-189
-184
-175
-186
-164
-138
-166
-199
-200
-183
-177
-170
-165
-153
-160
-159
-147
-134
-118
-120
-109
-100
-95
-103
-89
-89
-69
-81
-64
-54
-64
-26
-38
-36
4
-8
13
56
59
40
28
22
31
43
64
67
66
72
75
89
72
87
67
84
84
77
99
97
89
84
90
110
112
104
110
116
108
138
170
160
185
171
156
153
147
156
151
141
134
104
108
104
121
143
125
122
106
99
85
92
108
78
60
75
47
56
19
8
18
-29
-37
-27
-43
-45
-58
-69
-79
-72
-63
-84
-112
-125
-118
-133
-144
-140
-115
-144
-138
-143
-160
-150
-151
-164
-156
-135
-141
-143
-133
-131
-134
-140
-155
-151
-137
-148
-144
-142
-157
-131
-125
-108
-97
-83
-81
-78
-60
-49
-39
-66
-53
-40
-50
-27
-12
10
14
13
40
27
36
65
76
69
95
90
76
73
111
127
132
146
139
136
148
141
154
154
140
170
170
187
192
200
196
189
205
187
180
166
143
133
125
116
102
114
108
100
95
115
112
102
100
82
67
52
18
8
-3
1
13
7
-1
-33
-18
-45
-38
-24
-61
-72
-78
-85
-84
-94
-99
-114
-124
-143
-144
-138
-141
-145
-148
-147
-134
-107
-111
-116
-89
-126
-129
-104
-128
-117
-121
-116
-135
-131
-125
-134
-128
-119
-121
-121
-123
-126
-109
-88
-88
-81
-71
-74
-81
-78
-67
-61
-58
-51
-40
-32
-30
-24
-19
2
13
34
48
52
50
33
37
45
61
68
78
84
96
107
111
115
121
126
134
142
132
139
116
113
135
104
97
123
107
129
123
97
92
99
97
96
102
86
69
46
62
50
50
49
38
47
36
33
27
21
23
25
31
15
14
27
0
-1
15
4
-19
-8
1
-15
-15
-9
-30
-30
-35
-51
-51
-54
-48
-62
-56
-61
-55
-54
-67
-59
-85
-83
-85
-77
-89
-78
-59
-62
-71
-54
-47
-58
-60
-85
-91
-96
-84
-66
-72
-78
-80
-103
-97
-63
-58
-40
-53
-49
-44
-23
-16
-13
-6
-16
4
8
16
32
25
23
23
20
29
18
44
65
66
67
69
49
55
65
79
86
75
61
44
53
74
64
70
62
40
48
47
60
56
48
39
22
36
54
51
44
47
34
23
41
44
50
35
21
18
8
17
22
14
15
26
2
-7
-3
-23
-23
-37
-31
-42
-57
-57
-53
-56
-42
-38
-36
-26
-26
-30
-35
-33
-45
-38
-37
-41
-28
-43
-40
-35
-41
-43
-57
-49
-61
-55
-43
-24
-13
-19
-16
-19
-38
-43
-31
-29
-23
-29
-35
-20
-38
-34
-39
-29
-6
6
26
40
31
39
30
33
53
47
54
43
44
33
15
12
19
11
16
33
20
11
12
8
32
26
26
31
24
23
21
25
17
1
14
24
20
43
41
46
34
19
27
23
14
25
47
23
24
25
17
20
27
34
17
17
4
4
13
20
13
20
9
14
21
12
9
-17
-22
-24
-18
-20
-11
-12
-12
-14
-25
-23
-34
-31
-35
-34
-32
-42
-35
-26
-21
-23
-29
-43
-38
-43
-53
-43
-48
-49
-47
-44
-45
-45
-35
-27
-29
-33
-12
-19
-18
-15
-18
-34
-48
-22
-16
-10
-1
-4
7
3
8
13
15
9
8
5
1
1
8
5
-2
0
2
-3
-2
-3
6
-3
-5
-17
-10
6
11
33
9
18
7
14
16
7
26
26
32
24
28
34
42
46
37
35
34
34
34
43
37
41
32
33
30
35
40
29
17
35
21
18
19
13
8
2
10
8
16
16
16
26
30
27
15
19
16
3
6
5
7
5
3
1
-2
-6
8
4
6
5
-23
-30
-28
-16
-25
-24
-14
-16
-27
-36
-26
-31
-39
-31
-33
-39
-31
-38
-39
-53
-52
-43
-45
-39
-26
-29
-29
-22
-21
-24
-30
-31
-40
-35
-43
-30
-35
-38
-39
-28
-21
-11
0
5
-6
-7
-5
-17
0
6
0
-1
1
10
28
17
20
7
-2
6
10
13
12
26
29
40
46
53
60
47
36
32
11
22
24
20
15
11
13
21
28
37
48
43
27
22
35
39
33
35
33
32
46
36
40
23
22
18
17
27
30
32
26
24
24
17
10
9
11
-4
-9
-20
-9
-5
-3
-8
-4
-1
-9
-3
-6
-23
-32
-27
-26
-14
-9
-3
-10
-17
-25
-36
-31
-26
-35
-32
-34
-41
-47
-50
-44
-49
-47
-47
-53
-60
-53
-48
-59
-43
-46
-55
-40
-38
-45
-50
-43
-42
-41
-33
-35
-28
-37
-44
-46
-50
-37
-18
-14
-21
-19
-10
2
14
22
17
3
-5
6
20
21
27
39
28
34
42
41
56
48
51
51
53
52
55
58
55
49
52
47
47
42
39
56
43
50
57
39
39
56
46
51
56
40
39
45
50
53
55
44
35
21
39
40
22
29
26
28
29
27
27
19
9
11
8
14
11
7
6
-7
-5
-11
-9
-13
-23
-28
-29
-36
-52
-44
-39
-49
-58
-56
-51
-53
-60
-54
-70
-76
-58
-62
-56
-54
-59
-74
-68
-66
-75
-73
-69
-65
-62
-57
-51
-51
-50
-51
-50
-34
-33
-33
-29
-27
-24
-22
-15
-12
-19
-9
-12
1
6
-5
-3
-8
-11
-4
3
18
23
24
18
30
34
31
43
37
41
37
33
26
32
39
41
34
43
47
39
48
53
54
57
67
56
53
47
43
47
50
48
47
42
40
45
41
42
48
50
50
63
59
53
55
49
39
32
27
22
34
23
23
20
18
22
16
16
3
-4
-12
-19
-17
-32
-27
-34
-39
-36
-47
-47
-49
-51
-46
-51
-47
-53
-60
-56
-57
-64
-65
-60
-50
-59
-53
-46
-58
-56
-52
-48
-48
-53
-46
-42
-32
-34
-44
-35
-40
-41
-40
-25
-25
-24
-24
-14
-20
-14
-11
-9
-8
-10
-8
-16
-13
-1
6
10
16
16
6
2
2
10
21
23
24
21
13
17
32
31
38
40
38
37
51
57
56
45
41
45
51
63
68
56
51
47
37
33
43
52
50
49
47
43
37
41
47
48
39
33
26
26
32
23
14
10
-5
-4
4
-9
-10
-10
-20
-24
-24
-10
-29
-38
-42
-46
-53
-52
-44
-43
-47
-48
-49
-50
-55
-58
-47
-49
-33
-32
-32
-35
-39
-41
-41
-31
-32
-25
-14
-33
-29
-20
-24
-15
-9
-10
-20
-19
-20
-17
-12
-15
-9
4
5
14
9
13
13
9
5
2
15
12
17
11
20
27
11
19
16
12
21
14
7
15
12
9
11
16
21
10
15
11
24
29
36
54
47
53
51
40
40
38
27
26
30
16
22
24
13
13
24
25
16
28
27
29
20
12
7
-8
-2
-4
-1
-4
-7
-8
-12
-8
-7
2
-2
-2
4
0
-9
-13
-13
-13
-22
-19
-13
-20
-14
-15
-17
-16
-14
-23
-22
-20
-13
-14
-16
-14
-21
-21
-28
-28
-36
-35
-25
-29
-27
-33
-38
-39
-34
-35
-32
-36
-43
-42
-33
-38
-41
-36
-36
-39
-28
-26
-21
-23
-31
-25
-32
-30
-18
-12
-3
-4
1
5
10
17
18
17
20
21
22
27
21
31
29
26
31
34
38
42
51
53
55
46
52
49
62
67
60
55
54
58
53
49
47
47
38
33
27
30
28
32
32
23
26
25
29
28
16
8
9
7
5
7
6
2
10
8
-2
0
2
-6
-12
-16
-24
-18
-12
-8
-10
-12
-18
-26
-29
-28
-30
-25
-26
-36
-37
-36
-38
-43
-46
-53
-52
-47
-56
-49
-46
-54
-56
-65
-57
-53
-46
-51
-44
-30
-37
-35
-35
-35
-36
-37
-35
-28
-21
-14
-10
-13
-11
-8
5
9
1
7
10
6
15
18
22
19
20
17
21
18
14
26
31
32
39
31
32
42
43
43
42
42
34
28
26
27
32
27
33
32
25
25
26
25
18
27
19
20
24
15
10
1
15
16
14
15
11
17
7
8
21
10
12
19
21
20
20
22
17
9
4
-10
-4
-8
-13
-15
-17
-19
-25
-15
-14
-8
-5
-9
-7
1
-3
-8
-15
-18
-17
-16
-20
-12
-12
-6
-11
-17
-19
-23
-30
-26
-23
-17
-18
-29
-26
-26
-30
-45
-31
-36
-41
-36
-29
-23
-19
-12
-18
-14
-15
-14
-6
-3
-6
-10
-7
-2
3
3
3
12
4
2
2
-3
-2
8
13
11
11
8
0
8
20
23
25
20
27
27
25
26
23
12
14
19
29
33
24
25
24
22
21
18
18
17
18
13
17
20
15
16
18
26
28
24
25
20
13
20
22
17
14
14
7
0
-4
-2
-3
-9
-12
-15
-14
-18
-6
-1
-14
-18
-22
-29
-32
-20
-20
-24
-20
-21
-18
-18
-12
-16
-20
-19
-21
-24
-21
-12
-19
-25
-28
-21
-30
-28
-17
-17
-18
-19
-24
-22
-16
-23
-20
-9
-6
-3
-5
-14
-7
3
-3
-2
4
-4
2
0
-3
-2
-8
-8
5
-2
-1
5
4
4
8
7
9
11
12
13
11
15
16
6
9
14
14
19
21
28
26
23
23
28
25
21
19
8
11
11
5
13
7
12
8
13
16
5
9
11
15
15
17
13
8
3
2
3
6
6
6
5
-3
-3
-6
-5
4
-3
0
1
-3
0
-2
-6
-11
-10
-8
-7
-6
-2
-5
-9
-3
-2
2
0
-3
-7
-12
-4
-1
-3
-5
-8
-10
-6
-2
-4
-3
-12
-10
-9
-11
-4
-10
-13
-13
-17
-13
-6
-6
-4
-2
-2
-7
-6
-8
-4
-5
-9
-11
-13
-11
-7
-5
2
-2
1
2
7
9
9
9
3
7
12
12
15
4
8
15
11
21
15
14
12
8
5
3
7
6
-1
-1
-4
-6
-3
-7
-1
3
-1
3
3
8
4
5
5
3
7
-3
-4
1
4
4
2
0
-9
-10
-9
-11
-15
-15
-13
-18
-12
-11
-10
-6
-8
-8
-8
-14
-15
-5
-3
-7
-7
-1
-10
-8
0
4
1
3
0
-2
-1
-1
1
2
-4
-4
2
5
1
2
8
4
6
0
6
11
12
15
14
11
12
9
5
6
1
-1
-3
-2
1
4
-1
-6
-6
-9
-9
1
-3
-6
-3
-10
-14
-5
-4
-13
-6
-3
-6
-3
-3
-7
-4
-2
-1
3
10
10
10
11
5
6
16
18
17
15
16
16
16
24
26
28
30
26
27
34
31
32
24
25
17
14
19
9
8
7
3
4
6
4
5
-4
-7
-2
-1
-7
0
5
-5
-10
-11
-10
-17
-9
-15
-18
-15
-17
-11
-17
-17
-22
-27
-27
-26
-26
-22
-28
-24
-27
-31
-25
-31
-34
-31
-30
-28
-21
-27
-29
-28
-30
-23
-16
-12
-13
-12
-15
-19
-15
-17
-11
-11
-14
-10
-9
-7
-5
4
2
6
5
5
8
7
5
10
14
17
23
26
25
26
29
27
29
28
26
22
24
22
24
31
28
27
28
25
20
16
12
20
20
20
22
18
21
15
12
12
13
10
8
4
-1
2
-2
-1
-1
0
-1
-1
1
-1
-1
-1
-9
-8
-14
-14
-8
-8
-6
-6
-6
2
2
2
1
1
1
