2
2
2
1
1
1
-2
-1
-1
1
2
1
1
2
1
0
0
0
0
-2
-1
0
-2
-2
1
1
2
2
2
1
0
-1
-1
0
-1
0
1
-1
-1
-1
-2
-2
-2
0
-1
0
1
1
0
0
-1
0
0
0
0
-1
-1
-1
0
-1
-1
-1
0
0
0
0
0
-1
0
-1
-1
-1
-1
-1
0
1
1
0
0
-1
0
-1
-1
-3
-4
-3
-3
-2
-1
-1
-1
-1
-3
-4
-1
-1
0
1
2
0
0
-1
-1
1
2
3
4
4
3
2
2
0
0
0
0
1
2
3
5
5
5
5
5
4
4
2
1
3
1
0
1
1
1
1
2
2
1
0
0
1
-2
-2
-1
-3
-2
-2
-2
-1
0
-1
1
1
0
-1
-2
-1
-2
-1
-3
-1
-1
-1
-1
-2
0
-2
1
0
0
-1
-1
-1
-1
0
-1
0
-1
0
-1
0
-2
-2
-4
-2
-2
-2
-1
-1
-1
-2
-1
-1
0
1
1
0
1
-1
-1
-3
-1
-1
-1
-1
-2
-3
-2
-2
-3
-3
-2
-3
-1
0
1
1
0
1
-1
-2
-1
-2
-1
-1
0
-1
-1
1
2
2
3
2
3
1
1
1
0
1
1
1
1
2
3
3
2
2
2
3
3
3
3
4
3
3
6
4
4
2
2
3
1
2
2
2
2
0
2
0
0
0
0
0
-1
-1
-2
-2
0
0
3
2
1
0
-1
-1
0
1
0
-1
-1
-3
-3
0
0
1
2
1
1
-1
-2
-2
-3
-4
-3
-3
-1
0
-1
0
0
-1
-2
-2
-2
-2
-3
-1
0
0
-1
1
1
2
3
2
1
1
-1
-2
0
0
1
0
-1
-2
-2
-3
-1
-3
-1
-2
-2
-1
-1
-1
-2
-2
-1
-1
1
-2
0
-2
-2
-2
-2
-2
-2
-3
-3
-2
-2
-3
-2
0
-1
1
1
2
1
0
1
0
1
0
-1
-1
1
1
1
2
1
1
2
3
3
4
2
2
1
0
1
1
1
2
2
2
1
0
1
1
2
2
0
1
-1
0
0
0
2
2
1
2
2
3
1
3
3
3
2
3
2
2
1
1
1
0
2
1
2
1
1
0
0
0
1
1
-1
-1
0
0
-1
-1
-1
-1
-2
-3
-1
-1
-1
-1
0
0
0
-2
-1
0
1
2
1
1
0
0
-1
0
-1
0
-1
-1
-1
-1
-1
-2
-2
0
-1
-1
0
0
0
0
-2
-1
1
-1
-2
-1
-2
-1
-1
-1
0
0
0
0
0
0
-1
-1
-1
-3
-3
-2
-3
-2
-1
-1
-2
-2
-2
0
0
0
1
0
-1
0
1
-1
1
0
0
-1
-1
0
1
0
-3
-2
-2
-1
-2
-2
-2
-1
-1
-2
-1
-2
-3
-2
-1
-1
0
-2
-1
-1
0
1
1
3
3
4
5
5
3
3
3
2
4
4
4
5
3
3
3
2
2
2
2
1
1
1
1
1
1
3
3
4
3
3
2
2
1
1
2
2
3
3
4
2
2
1
1
0
1
1
1
1
1
1
0
-1
-1
0
-1
1
0
-1
-1
-1
-1
-1
-2
-1
-2
-1
-2
-2
-2
-2
-2
-3
-3
-4
-3
-5
-5
-5
-4
-4
-5
-5
-7
-7
-6
-6
-5
-5
-3
-2
-2
-1
-1
-2
-2
-2
-1
0
0
0
1
1
2
3
2
2
2
2
2
3
2
2
1
2
2
1
2
4
5
3
3
2
0
1
1
0
1
2
3
3
4
4
3
3
3
3
3
3
2
1
2
2
3
4
3
3
1
1
-1
-2
-1
-3
-2
-2
-1
-1
0
-1
0
-1
-2
-5
-4
-4
-3
-2
-2
-1
-1
-2
-3
-3
-5
-6
-6
-7
-6
-6
-6
-5
-6
-4
-3
-2
-2
-4
-3
-1
-2
-1
1
0
1
0
0
1
1
1
2
1
1
2
2
3
3
4
3
4
4
5
6
6
6
4
5
6
6
7
7
10
10
12
12
12
12
12
11
11
13
12
12
12
11
12
10
8
7
6
4
2
1
1
-1
-1
-3
-5
-6
-8
-10
-12
-13
-14
-17
-19
-18
-19
-18
-19
-17
-17
-19
-19
-18
-19
-20
-20
-21
-21
-21
-20
-19
-19
-18
-15
-14
-13
-10
-9
-8
-7
-5
-6
-3
0
0
1
1
2
4
4
5
5
6
6
9
10
10
11
13
15
16
19
20
21
20
22
23
25
28
29
31
32
33
34
35
31
30
27
26
25
23
25
25
23
19
17
12
9
7
4
5
6
4
5
3
-1
-3
-7
-10
-12
-13
-13
-15
-16
-16
-19
-21
-25
-27
-29
-29
-28
-26
-27
-28
-29
-32
-35
-37
-36
-36
-34
-32
-31
-29
-30
-30
-30
-29
-27
-24
-21
-18
-15
-12
-11
-9
-9
-7
-6
-5
-4
-1
1
4
5
8
8
8
9
10
11
10
12
13
13
14
14
13
13
13
14
16
16
18
20
22
24
27
28
29
30
32
34
39
44
49
52
53
54
51
48
47
45
43
43
43
43
40
35
29
21
14
10
7
7
7
10
8
6
0
-7
-17
-21
-21
-23
-21
-19
-21
-25
-33
-41
-48
-54
-59
-59
-55
-55
-55
-58
-62
-69
-72
-75
-74
-72
-64
-59
-54
-52
-53
-54
-56
-56
-54
-50
-41
-32
-27
-23
-22
-24
-24
-21
-15
-7
0
9
12
14
16
15
16
18
21
25
29
35
40
41
43
42
41
41
43
45
47
50
52
53
49
45
42
40
42
42
45
44
41
37
34
29
27
25
27
29
31
36
38
38
37
34
32
34
36
42
48
53
54
54
50
44
39
36
33
30
30
29
26
21
14
7
0
-5
-8
-10
-12
-13
-15
-18
-24
-30
-35
-39
-42
-41
-42
-44
-46
-50
-57
-64
-69
-73
-74
-71
-67
-68
-68
-73
-79
-84
-89
-90
-86
-80
-74
-69
-66
-65
-66
-67
-67
-63
-57
-49
-41
-35
-30
-29
-28
-27
-25
-19
-12
-3
5
11
13
13
11
11
15
19
27
34
38
41
40
41
38
35
36
38
42
44
47
48
46
44
41
40
41
42
43
45
44
42
38
37
40
43
49
54
58
60
61
63
66
71
83
92
99
101
100
95
85
77
72
72
74
72
71
65
50
36
22
12
10
10
12
14
11
5
-9
-24
-37
-44
-45
-41
-35
-34
-39
-50
-67
-81
-90
-94
-92
-89
-87
-86
-92
-102
-113
-122
-127
-125
-118
-110
-102
-98
-102
-110
-115
-117
-113
-104
-91
-79
-69
-67
-66
-68
-68
-62
-52
-37
-22
-11
-1
0
0
0
2
10
17
29
39
46
47
45
44
43
46
53
61
70
78
80
81
79
77
78
79
83
85
85
81
76
69
65
60
62
63
68
71
72
70
65
61
61
62
67
71
74
81
84
90
95
95
97
96
91
85
78
74
70
67
62
53
44
32
17
4
-5
-14
-19
-23
-27
-32
-40
-50
-60
-67
-73
-74
-74
-76
-75
-81
-92
-101
-108
-115
-116
-115
-116
-117
-121
-130
-135
-143
-151
-149
-145
-138
-131
-126
-125
-127
-129
-129
-129
-123
-116
-106
-95
-84
-79
-74
-70
-67
-59
-48
-34
-20
-9
-2
5
10
17
23
31
43
50
61
68
73
75
77
77
79
84
90
96
100
106
105
103
104
100
102
106
108
115
114
115
110
106
105
101
104
105
109
107
108
109
108
108
107
106
107
111
118
129
141
150
144
137
123
110
101
99
100
102
97
88
74
55
36
14
-1
-10
-13
-18
-23
-28
-41
-60
-76
-84
-92
-93
-96
-98
-103
-115
-130
-145
-160
-171
-177
-176
-178
-181
-186
-193
-201
-207
-213
-220
-222
-219
-212
-207
-201
-199
-203
-206
-206
-204
-197
-184
-172
-156
-143
-132
-123
-113
-103
-89
-73
-54
-41
-27
-19
-9
9
21
37
50
66
80
92
101
105
110
111
116
126
135
145
152
157
160
163
167
169
172
174
174
174
175
173
174
169
169
166
162
160
158
155
152
142
137
137
136
141
151
147
144
144
140
146
163
175
182
181
175
168
156
149
143
137
127
120
106
88
71
49
28
12
-5
-18
-27
-42
-55
-65
-79
-93
-109
-126
-140
-151
-155
-157
-162
-170
-184
-203
-221
-240
-253
-260
-270
-276
-282
-292
-308
-317
-331
-340
-339
-335
-327
-320
-318
-317
-318
-315
-307
-301
-289
-274
-256
-232
-212
-196
-185
-173
-152
-132
-104
-71
-42
-13
10
28
45
63
78
95
124
152
176
193
206
212
218
230
240
251
266
280
290
296
296
291
292
294
295
303
313
312
314
310
308
298
283
275
263
251
239
227
221
218
218
223
219
216
194
173
171
173
194
215
228
235
219
196
178
159
139
124
114
100
84
67
40
10
-28
-63
-94
-104
-110
-118
-128
-135
-146
-167
-183
-208
-229
-238
-248
-250
-249
-262
-285
-311
-338
-358
-368
-378
-383
-393
-395
-399
-405
-422
-448
-468
-480
-473
-468
-452
-433
-414
-402
-399
-391
-386
-377
-361
-332
-293
-252
-216
-179
-148
-125
-95
-58
-21
23
69
108
140
164
176
191
214
239
276
308
339
356
365
361
353
362
373
385
404
437
452
459
449
434
412
398
399
397
405
403
394
382
361
335
309
284
260
241
231
211
181
153
117
110
120
146
173
179
158
127
123
141
169
204
235
247
241
222
209
173
127
77
40
27
13
6
-11
-56
-118
-186
-241
-277
-275
-266
-260
-248
-257
-260
-286
-323
-363
-388
-396
-389
-368
-356
-370
-399
-436
-489
-528
-559
-565
-571
-555
-529
-540
-547
-560
-587
-609
-604
-578
-541
-505
-471
-436
-407
-384
-380
-371
-355
-337
-286
-205
-129
-54
-6
25
57
94
120
161
222
260
309
360
385
399
398
398
392
408
451
467
498
523
533
534
544
518
506
511
502
521
544
551
563
565
535
519
501
500
494
494
477
438
411
375
353
317
288
255
220
192
184
188
224
260
276
259
203
178
178
214
266
324
378
397
380
354
324
250
181
110
44
2
-26
-50
-79
-83
-147
-243
-354
-457
-502
-600
-650
-453
-157
-231
-646
-883
-747
-641
-636
-460
-327
-577
-1069
-1183
-728
-246
-267
-749
-1132
-1183
-1058
-858
-640
-497
-671
-984
-1156
-968
-659
-543
-634
-794
-786
-587
-395
-280
-255
-256
-301
-334
-262
-56
141
244
292
348
387
385
414
460
515
522
539
607
686
747
760
753
674
560
537
578
631
633
640
668
686
692
663
641
582
558
590
647
647
589
547
564
573
578
532
454
336
320
323
378
358
-85
-483
-583
-98
319
625
627
761
1515
1839
1678
1123
888
850
1327
1986
2751
3055
2240
1086
549
777
664
-263
-1685
-2464
-2410
-1909
-1270
-1062
-1789
-3279
-4539
-4699
-3848
-3018
-2824
-2762
-2232
-1266
-354
109
96
-451
-1008
-760
447
1833
2468
2372
2096
1836
1313
639
101
-407
-801
-860
-586
-524
-1103
-2192
-3265
-3854
-4069
-4037
-3722
-3176
-2391
-1543
-854
-515
-469
-448
-58
864
2078
3315
4129
4293
4115
3798
3206
2476
1866
1411
1132
967
667
93
-772
-1830
-2762
-3216
-3225
-2902
-2370
-1761
-1074
-451
11
297
537
977
1649
2512
3398
4068
4289
4049
3641
3238
2909
2504
2030
1636
1197
783
400
-162
-907
-1640
-2203
-2451
-2333
-2082
-1809
-1532
-1300
-1069
-664
-195
196
707
1198
1559
1836
1865
1733
1721
1646
1468
1734
3069
4815
5321
3823
1212
-1142
-2519
-2375
-1227
-117
116
-1335
-3405
-4582
-5192
-5923
-6738
-6992
-5853
-3879
-1742
357
1681
1538
280
-597
-54
1764
3696
5031
5872
5916
4859
3154
1355
-377
-1784
-2818
-3200
-2884
-2741
-3110
-3902
-5078
-6191
-6826
-6453
-4846
-2649
-561
997
1938
2283
2341
2347
2463
2809
3298
3870
4535
4985
4573
3256
1230
-926
-2407
-2823
-2380
-1560
-1008
-1245
-1931
-2563
-2967
-2896
-2415
-1597
-306
1207
2506
3240
3249
2719
2043
1592
1693
2211
2770
3107
2895
2202
1571
732
-174
-259
-122
-174
353
777
505
331
92
-609
-854
-293
-137
-14
644
629
288
226
3
-539
-523
-388
-467
174
603
601
507
598
391
326
788
755
725
878
915
804
1277
3363
5315
5044
2928
-8
-2256
-2558
-1613
-688
526
328
-2173
-3964
-4797
-5561
-6029
-6576
-6318
-4819
-2587
-104
1994
2980
2150
396
-249
800
2704
4377
5280
5357
4391
2569
323
-1826
-3385
-4688
-5615
-5502
-4724
-3959
-3644
-4062
-4812
-5334
-5126
-3555
-1049
1607
3859
5168
5799
5913
5190
3872
2728
1808
1092
1043
1232
1005
261
-1294
-3163
-4469
-4902
-4416
-3073
-1225
388
1422
2081
2415
2285
2016
1938
2059
2461
2991
3269
2951
2002
660
-617
-1398
-1582
-1372
-749
22
469
668
721
595
539
619
763
1236
1858
2117
2078
1787
1105
316
-264
-728
-1091
-1191
-1306
-1461
-1100
-559
-327
21
379
250
378
790
892
1164
1527
1504
2118
4920
7366
7043
4935
1192
-2296
-3224
-2810
-1966
-483
-410
-2726
-4808
-5797
-6377
-6853
-7495
-7526
-5977
-2857
801
3852
5306
4543
2381
736
897
2195
3523
4537
4557
3518
1952
-57
-2171
-4122
-6145
-7512
-7233
-5745
-4012
-2834
-2495
-2667
-2938
-2800
-1721
254
2683
5062
6503
6952
6668
5147
3140
1258
-577
-1602
-1502
-1068
-873
-1060
-1867
-2911
-3751
-4223
-3727
-2117
48
1960
3407
4311
4327
3602
2606
1748
1234
1192
1448
1512
1165
570
-398
-1595
-2223
-2357
-1978
-832
314
987
1532
1875
1743
1484
1304
1181
1267
1644
1863
1748
1476
669
-492
-1342
-1777
-1756
-1245
-690
-215
73
232
471
496
421
641
727
951
1580
2430
5330
8328
7949
5463
1833
-1812
-2770
-2174
-1925
-878
-520
-2635
-4883
-6218
-6921
-7064
-7755
-8407
-7243
-3727
710
4084
5643
5501
4071
2290
1431
1854
2804
3535
3319
2254
1474
465
-1779
-4471
-6964
-8436
-8129
-6770
-4758
-2497
-1038
-578
-796
-762
120
1310
2557
3720
4765
5866
6095
4762
2792
348
-2246
-3770
-4346
-4108
-3094
-2258
-1952
-1650
-1322
-1067
-576
345
1583
2716
3872
5013
5458
5095
3929
2017
221
-784
-1211
-1207
-809
-513
-593
-827
-1068
-1055
-689
-159
536
1511
2530
3242
3446
3154
2695
2135
1509
1096
858
556
358
28
-567
-859
-1076
-1330
-1217
-1039
-883
-398
-73
-72
101
290
216
369
551
1749
5226
7872
7483
5285
1830
-1116
-1627
-1734
-1923
-748
-581
-2489
-4229
-5208
-5462
-5907
-7793
-9165
-7759
-3866
362
3305
5229
6132
5131
2971
1678
1953
2546
2079
1076
972
1679
1392
-827
-3519
-5628
-7479
-8509
-7931
-5597
-2566
-753
12
900
1883
2300
2087
2160
2834
3239
3286
3326
3104
2106
-240
-3188
-5018
-5532
-5539
-4911
-3535
-1897
-436
457
1068
2102
3019
3293
3368
3545
4008
4173
3419
2403
1355
76
-1121
-2019
-2324
-2045
-1741
-1347
-654
54
741
1206
1459
1943
2344
2544
3033
3377
3186
3058
2872
2399
1797
899
24
-488
-666
-462
-113
151
334
-5
-538
-292
216
257
482
516
-38
-120
-175
236
3657
7385
7663
5901
2723
-849
-1895
-2181
-3098
-2002
-914
-2395
-3996
-4449
-4090
-3811
-5749
-8517
-8579
-5861
-2429
658
3604
6359
7089
5089
3121
2747
2487
1044
-1231
-2333
-1187
-69
-547
-1309
-2064
-3846
-6454
-8250
-7613
-4996
-2673
-1022
1033
3166
4520
4613
4054
3728
2711
741
-518
-655
-405
-500
-1636
-2921
-3522
-4294
-4990
-4483
-3071
-1515
-20
1414
3117
4711
5349
5143
4559
3491
2305
1275
316
-212
-737
-1619
-1953
-1717
-1430
-901
-363
15
322
509
910
1634
2476
3176
3446
3325
2903
2109
1375
1016
796
593
396
96
-201
-239
-209
63
568
876
983
1191
1039
700
741
511
44
37
-110
74
3065
7069
8226
6560
3080
-781
-2049
-1830
-2458
-1739
-321
-1535
-3706
-4230
-3570
-2878
-4321
-7599
-8776
-6574
-3099
205
3290
6092
7105
5256
3039
2681
2848
1823
-488
-2579
-2549
-1592
-1732
-2025
-2043
-3019
-5010
-6818
-6927
-4971
-2904
-1672
-123
1768
3226
4032
4415
4843
4286
1989
-495
-2266
-3343
-3705
-4002
-4314
-4067
-3898
-3851
-3008
-1771
-1206
-758
73
1341
3005
4606
5698
5938
5164
3350
1295
-389
-1519
-2464
-3114
-3164
-2876
-2168
-1126
125
1103
1541
1470
1246
1426
1860
2295
3116
3856
4083
3978
3290
2311
1346
136
-776
-960
-918
-708
-362
131
844
1368
1360
1129
902
663
548
593
608
708
433
961
4351
8063
8732
6753
2941
-1160
-2610
-3096
-3651
-1899
-480
-2395
-4188
-3896
-2859
-2025
-3943
-7564
-8120
-5660
-2565
1090
4810
7671
8216
5904
4118
4277
3558
1029
-2346
-4893
-4892
-4032
-3785
-2637
-1504
-2534
-4864
-6628
-6514
-4539
-3182
-1590
571
3056
5055
5855
6318
6626
5293
1158
-1685
-3812
-5071
-5289
-5396
-5493
-4745
-4126
-4361
-3146
-1819
-1453
-1591
-1066
492
2773
4734
6171
6668
5920
4288
2013
-120
-1430
-2738
-4006
-4179
-3599
-2514
-1000
416
1284
1535
1390
1307
1595
2196
2665
2957
3331
3698
3484
2923
2189
1220
44
-1083
-1661
-1557
-895
-312
209
817
1557
1938
1940
2001
1717
1214
701
-39
-477
1383
5697
8992
9277
6795
2519
-1094
-2808
-4313
-4958
-3463
-2861
-4091
-4401
-3055
-992
-832
-3629
-6859
-7426
-5517
-2597
1184
5147
8313
8455
6680
5661
5353
3671
286
-3248
-5446
-5448
-4736
-3829
-2211
-1186
-2194
-4265
-5552
-5340
-4552
-3828
-2552
-229
2461
4608
6066
6967
6647
4661
1640
-1321
-3417
-4988
-5858
-5475
-4516
-3799
-3063
-2104
-1237
-788
-1211
-1681
-1241
-244
819
2153
4041
5574
5455
4018
2085
6
-2010
-3863
-4881
-4657
-3768
-2645
-1119
602
2134
2645
2194
1869
1901
2078
2549
3202
3765
3937
3454
2569
1633
573
-450
-1349
-2130
-2320
-1998
-1447
-423
704
1365
1872
2274
2290
2225
1985
1366
565
1312
5071
8707
9530
7980
4167
250
-1720
-3683
-4965
-3584
-3192
-5118
-5992
-4936
-2379
-538
-2370
-5429
-5847
-4568
-2899
-21
3867
7224
7962
6099
4785
5055
4214
1020
-2888
-5192
-5466
-5649
-5577
-3601
-1521
-1318
-2432
-3537
-3019
-1736
-1785
-1855
-331
1606
3036
4120
5302
6115
4876
1769
-1287
-3368
-4859
-6085
-6549
-5851
-4624
-3610
-2407
-506
1254
1689
828
68
520
1471
2087
2752
3548
3750
3144
1980
620
-620
-2326
-4573
-6009
-5953
-4826
-3096
-1212
547
2034
2951
3173
2992
2832
2622
2268
2206
2375
2501
2484
1831
532
-486
-1051
-1537
-1785
-1837
-1631
-824
188
1073
1946
2491
2563
2427
2067
1635
1420
3264
7213
9587
9112
6478
2390
-476
-1752
-3820
-4476
-3142
-3739
-5316
-5150
-3770
-1818
-1477
-4100
-5908
-4637
-2467
-153
3049
6343
8300
7784
5920
5061
4686
2661
-1013
-4476
-6062
-6280
-6443
-5647
-3744
-2710
-3099
-4069
-4335
-3062
-1786
-1394
-481
1265
2848
4050
5211
6176
6034
4097
1457
-673
-2587
-4467
-6028
-6896
-6478
-5550
-4612
-2766
-688
133
89
-67
57
990
1988
2616
3563
4426
4373
3889
3099
1723
-55
-2171
-4124
-5021
-5140
-4783
-3690
-2240
-730
700
1685
2457
2921
2731
2494
2503
2551
2571
2306
1838
1361
448
-462
-764
-767
-753
-981
-1319
-1191
-714
-342
141
760
1425
1756
1670
1591
3217
7159
9960
9751
7571
4105
946
-639
-2428
-3736
-2914
-3036
-4966
-5537
-4419
-2827
-2266
-4495
-6789
-5964
-3475
-1069
2018
5604
8295
8691
6952
5751
5650
4219
754
-2779
-4501
-4679
-5312
-6091
-5232
-3788
-3482
-3987
-4266
-3279
-2118
-2467
-2521
-473
2296
4199
5206
5970
6404
5282
2696
349
-1224
-2973
-5190
-6726
-6341
-4994
-4162
-3540
-2437
-1121
-509
-863
-805
322
1305
1786
2335
3381
4465
4378
3099
1583
238
-1137
-2662
-3843
-3998
-3747
-3625
-3039
-1673
67
1542
2305
2704
3031
2912
2383
1903
1747
1737
1575
1162
756
368
-174
-689
-879
-848
-821
-724
-580
-495
-336
-192
13
469
822
889
3119
7588
10318
10289
8117
4569
2174
904
-1739
-3366
-2721
-3613
-5725
-6046
-4752
-2861
-2569
-5486
-7400
-5515
-3062
-1449
1060
4541
7699
8531
7357
7142
7498
5485
1216
-2315
-3121
-2931
-4389
-6004
-5474
-4029
-3319
-3515
-3707
-2862
-2512
-3773
-3846
-1271
1529
2958
3502
4345
5641
5830
4310
2467
585
-1795
-4453
-6459
-6374
-4865
-3949
-3250
-2091
-1094
-277
8
-395
-430
-23
317
1024
2362
3771
4541
4169
2496
302
-1565
-3050
-4184
-4807
-4707
-3878
-2658
-1376
63
1425
2325
2519
2102
1919
2013
1783
1525
1492
1491
1537
1249
711
384
101
-353
-713
-709
-362
-117
-156
-330
-527
-702
-786
-592
1817
6394
9344
9600
7995
5091
2885
1755
-273
-1543
-1034
-1886
-4009
-4797
-4239
-3366
-3843
-6630
-8243
-6331
-3645
-1893
216
3164
6217
7579
6998
6896
7251
5666
2147
-842
-1522
-1144
-2422
-4541
-5060
-4464
-4160
-4461
-4748
-3937
-2837
-2955
-2630
-539
1663
2760
3048
3437
4385
4790
3909
2694
1251
-873
-3061
-4682
-5104
-4424
-4019
-3871
-2944
-1789
-971
-306
38
17
-20
172
832
1944
2939
3331
3030
2426
1576
297
-1036
-2350
-3742
-4545
-4466
-3667
-2169
-578
838
2105
2908
3182
3189
2848
2038
1102
375
91
300
594
587
391
170
-10
-226
-377
-454
-646
-791
-710
-377
135
394
543
2942
6973
9009
8488
6300
3452
1749
685
-1448
-2110
-846
-1285
-2949
-3212
-2460
-2019
-3492
-7149
-8881
-7003
-4944
-3404
-595
2997
6069
7085
6430
6665
7131
5270
1862
-304
-283
39
-1397
-3056
-3016
-2667
-3325
-4419
-5128
-4797
-4421
-4745
-3552
-407
2061
2915
3320
4137
4993
4709
3457
2371
1040
-1044
-3225
-4414
-4103
-3546
-3787
-3848
-3080
-2320
-1815
-1404
-795
5
241
264
1024
2022
2611
2793
2427
1903
1260
-104
-1604
-2587
-3476
-4091
-4227
-3858
-2616
-1114
114
1383
2581
3411
3843
3639
2968
2157
1288
568
105
-110
-9
48
-14
17
6
44
155
151
53
24
34
214
228
1795
5601
8468
9025
7681
5008
2721
1417
-933
-3071
-2892
-2947
-4078
-4015
-2647
-1045
-656
-3284
-6152
-5858
-4886
-4944
-3752
-730
3150
6027
6567
6793
7841
7097
3796
675
-392
-303
-1455
-3297
-3098
-1533
-1103
-2218
-3852
-4499
-4526
-5614
-6010
-3613
-424
1359
2312
3707
5646
6608
5569
3760
2461
855
-1653
-3756
-4393
-4157
-4200
-4540
-4118
-2802
-1753
-1564
-1567
-1149
-658
-616
-566
200
1273
1985
2236
2396
2586
2079
442
-1438
-2946
-3995
-4535
-4693
-4121
-2654
-976
640
2152
3132
3524
3351
2694
2062
1694
1406
1293
1118
785
525
351
254
93
-278
-807
-1172
-1202
-1010
-547
-51
1539
5149
8258
9083
8170
6277
4363
3007
876
-1605
-1985
-2155
-3920
-4809
-3834
-2480
-1972
-3761
-5998
-5208
-3600
-3940
-3882
-1777
1086
3224
3918
4530
6010
6327
4257
2247
2314
2581
723
-1906
-2570
-1665
-1238
-1682
-2175
-2112
-2382
-4050
-5314
-4279
-2599
-1990
-1396
504
3511
5908
6411
5921
5263
3558
701
-1787
-3077
-3845
-4568
-4751
-3864
-2217
-968
-722
-842
-807
-1117
-1736
-1670
-797
25
388
739
1418
2046
2043
1272
152
-970
-2253
-3541
-4106
-3958
-3613
-3074
-1962
-231
1531
2526
2684
2646
2481
2009
1593
1554
1602
1411
896
464
421
498
345
-27
-500
-973
-1485
-1985
-1428
1761
5998
8511
8803
7455
5620
4145
2467
-85
-1614
-1877
-3332
-5148
-5053
-3660
-2503
-2867
-4936
-5489
-3494
-2647
-3095
-2086
112
2017
2652
2696
4115
5984
5270
2365
806
1495
1432
-765
-2387
-1665
-457
-807
-2224
-2530
-1268
-1101
-2835
-3593
-2161
-931
-1392
-1581
417
3411
4929
4523
3964
4098
3268
882
-1218
-1733
-1784
-2621
-3245
-2378
-703
39
-447
-815
-266
-24
-866
-1544
-1161
-438
-414
-874
-681
236
494
-325
-1171
-1303
-1330
-2119
-3031
-3005
-2343
-1846
-1459
-729
573
1901
2474
2565
2769
2707
2036
1233
805
748
625
95
-512
-538
-173
-71
-270
-540
-803
-1226
-743
2152
5843
8157
8324
6992
5508
4315
2501
-117
-1327
-1658
-3435
-5188
-4850
-3260
-2068
-2854
-5310
-5657
-3865
-3733
-4247
-2520
469
2547
3040
3033
4436
6138
5117
2401
1355
1616
551
-1989
-3362
-2497
-1452
-1741
-2429
-2018
-954
-1266
-2783
-3077
-1806
-979
-1086
-504
1408
3562
4744
4781
4620
4384
2963
453
-1619
-2818
-3732
-4129
-3529
-2064
-454
426
599
775
850
413
-274
-600
-499
-377
-297
60
492
469
27
-705
-1442
-1943
-2606
-3292
-3445
-3251
-2805
-1786
-383
901
1734
2021
2054
2159
2072
1799
1601
1537
1403
1143
970
890
622
-25
-815
-1173
-1074
-867
-905
-319
2272
5371
7170
7542
7060
6114
4720
2561
-148
-1245
-1325
-2823
-4409
-4214
-3153
-2439
-3023
-4836
-5257
-4128
-4458
-5316
-3848
-903
1323
2174
2545
3788
5207
4617
2554
1730
2210
1594
-645
-2105
-1336
-233
-674
-1974
-2452
-1952
-1964
-3146
-3808
-2761
-1672
-1788
-1575
198
2623
4165
4277
3929
4190
4082
2487
480
-766
-1559
-2408
-2982
-2659
-1471
-377
-60
161
761
1008
450
-374
-772
-670
-638
-766
-480
125
374
163
-186
-485
-883
-1715
-2608
-2893
-2837
-2814
-2465
-1468
-32
1222
2020
2494
2718
2498
1861
1372
1381
1336
974
630
516
584
497
143
-141
-378
-1167
-1058
1537
4896
6977
7066
6289
5828
5282
3633
1006
-340
-1031
-3403
-5898
-5993
-4550
-3423
-3712
-4997
-4486
-2580
-2852
-4351
-3535
-1232
-45
-170
36
2020
4531
4887
3656
3483
4005
2648
-586
-2638
-2486
-2169
-3024
-3876
-3101
-1267
-416
-1011
-1202
-461
-512
-1890
-2580
-1302
705
2003
2682
3448
4576
4937
3529
1653
307
-1227
-3018
-3972
-3560
-2221
-942
-210
585
1810
2555
2191
1342
649
57
-722
-1454
-1588
-1118
-746
-839
-761
-225
87
-431
-1392
-2007
-2151
-2241
-2339
-1936
-817
397
1267
1980
2756
3352
3163
2377
1929
1840
1572
986
361
65
7
-137
-392
-300
-263
452
2497
4671
6223
6305
5824
5515
5192
4156
2244
1271
412
-1898
-4410
-5327
-5207
-5126
-5803
-6926
-6191
-4228
-3939
-4425
-3042
-569
501
-88
-562
536
2311
2800
2518
3278
4578
3929
1246
-531
-593
-1087
-3157
-5270
-5633
-4459
-3532
-3499
-2830
-1079
-58
-464
-509
905
2496
2889
2469
2507
3327
3729
2836
1575
974
380
-927
-2144
-2407
-2051
-1804
-1740
-1231
100
1561
1994
1706
1762
1832
1046
-233
-1088
-1283
-1281
-1631
-2005
-1587
-619
-193
-505
-755
-745
-990
-1619
-1987
-1427
-344
479
1029
1671
2604
3321
3329
3131
3061
2813
2093
1326
752
412
95
-567
-1139
-692
1436
3885
5596
5985
5752
5566
5128
4701
3450
2740
2332
306
-2236
-3336
-3366
-3725
-4615
-6029
-6417
-5334
-5050
-5846
-5253
-3060
-1633
-1704
-1838
-806
1069
2155
2140
2545
3688
3861
2343
986
1135
1333
-287
-2923
-4422
-4609
-4687
-5381
-5893
-5040
-3571
-3073
-2780
-1034
1413
2903
3216
3372
4059
4522
3818
2455
1526
1053
7
-1585
-2463
-2250
-1882
-1905
-1833
-1182
-90
807
1006
1170
1929
2398
1819
792
96
-295
-667
-1327
-1982
-1990
-1533
-1367
-1445
-1085
-322
34
-359
-767
-514
180
626
620
830
1666
2550
2779
2786
3104
3382
2990
2090
1465
1255
970
202
-643
48
2224
4163
5172
5209
5517
5525
4827
4189
3219
3051
2448
488
-1420
-1917
-1978
-3045
-4275
-5373
-5424
-4993
-5386
-5887
-4942
-3022
-2377
-2827
-2487
-1080
239
636
830
1702
2933
3079
2087
1702
2386
2243
168
-1905
-2488
-2608
-3522
-5027
-5803
-5302
-4771
-5138
-5051
-3240
-947
375
1200
2565
4132
4687
3938
3110
3054
2768
1277
-697
-1653
-1612
-1796
-2348
-2434
-1695
-688
-93
314
1174
2083
2111
1325
583
355
147
-735
-1891
-2385
-2097
-1727
-1659
-1587
-1229
-797
-601
-522
-105
642
957
634
327
600
1305
1727
1881
2208
2851
3257
2991
2688
2610
2382
1453
36
-703
404
2295
3939
4674
4897
5551
5465
5368
5032
4632
4368
2833
502
-1346
-1608
-2150
-3142
-4162
-4706
-4255
-3986
-4297
-4232
-2808
-1742
-2342
-3299
-2976
-1601
-670
-480
-128
908
1795
1584
1224
1767
2674
2228
377
-652
-511
-892
-2516
-4220
-4824
-4612
-4776
-5583
-5486
-3951
-2486
-1757
-857
689
2080
2290
1951
2300
3107
3013
1586
255
-24
154
-374
-1332
-1616
-1287
-1055
-1135
-835
23
723
707
346
487
906
672
-315
-1189
-1358
-1216
-1447
-1882
-1830
-1403
-1040
-962
-869
-268
552
941
912
981
1302
1404
1212
1285
1726
2463
2821
2601
2536
2739
2656
1941
991
947
1992
3309
4056
3876
4235
4548
4611
4781
4559
4891
4622
3139
978
-210
-931
-2045
-3218
-4408
-4618
-4397
-4347
-4334
-3266
-1658
-1326
-2208
-2939
-2359
-1331
-1051
-1004
-399
705
1266
1316
1638
2471
2824
1629
92
-314
-212
-1014
-2506
-3545
-3819
-4011
-4778
-5625
-5264
-4013
-3146
-2609
-1709
-393
619
1021
1474
2270
2804
2200
1055
580
718
796
127
-664
-843
-563
-532
-771
-653
-348
-226
-317
-323
-174
-52
-382
-1042
-1268
-931
-656
-886
-1127
-1001
-705
-650
-940
-1119
-782
-168
205
399
881
1448
1575
1470
1540
1947
2274
2168
1914
2079
2475
2387
1806
1486
2236
3342
4159
4081
3770
3929
3682
3681
3705
3903
4350
4138
3044
1808
1185
71
-1206
-2531
-3564
-4102
-4511
-4676
-4135
-2548
-1390
-1397
-2018
-2101
-1314
-781
-929
-1061
-605
-163
83
575
1469
2469
2462
1504
972
1190
845
-675
-2214
-2722
-2812
-3541
-4753
-5329
-4649
-3737
-3332
-2923
-2010
-1028
-827
-720
196
1336
1582
835
424
769
1200
813
-20
-288
-41
78
-226
-254
111
183
-81
-343
-251
-118
-460
-1191
-1769
-1830
-1692
-1734
-1790
-1378
-776
-389
-397
-541
-461
-11
392
407
336
442
640
634
693
998
1502
1743
1713
1776
2115
2490
2326
1866
1760
2470
3481
4402
4553
4283
4297
3772
3504
3341
3256
3571
3416
2651
1654
1274
444
-474
-1700
-2810
-3396
-3965
-4336
-4198
-2877
-1839
-1826
-2225
-1979
-905
-189
-354
-601
-134
332
375
417
945
1825
1940
1272
969
1422
1321
110
-1003
-1432
-1692
-2676
-4197
-4796
-4078
-3208
-2923
-2790
-2222
-1471
-1236
-1086
-523
103
170
-263
-291
378
1048
829
290
145
442
768
510
300
322
372
223
-95
-280
-363
-593
-1092
-1629
-1908
-2030
-2368
-2586
-2311
-1756
-1211
-947
-693
-140
552
940
876
767
873
973
822
688
811
1001
961
877
982
1315
1508
1388
1374
1617
2266
3073
4088
4840
4783
4481
3906
3482
3341
3039
3101
3317
3065
2112
1385
772
272
-614
-2084
-3111
-3818
-4119
-4338
-3727
-2615
-2080
-2269
-2409
-1587
-333
240
62
41
305
607
860
1045
1511
1746
1362
871
942
1069
485
-335
-1007
-1476
-2129
-2964
-3534
-3474
-3067
-2856
-2644
-2276
-1855
-1313
-754
-159
193
11
-335
-361
-41
65
-155
-288
-183
143
449
580
720
822
703
545
540
510
273
-109
-502
-776
-987
-1417
-1990
-2303
-2357
-2312
-2321
-2314
-1917
-1139
-322
262
615
932
1155
1265
1304
1258
1339
1373
1206
1056
1138
1299
1193
1032
950
1077
1182
1308
1838
2984
4161
4301
4057
3631
3465
3655
3431
3241
3411
3382
2474
1566
800
251
-362
-1684
-2889
-3653
-3801
-4032
-4045
-3500
-3061
-2839
-2828
-2594
-1816
-854
-317
-200
-104
353
1162
1682
1893
1957
2006
2082
1916
1431
740
44
-771
-1699
-2561
-3026
-3130
-3159
-3176
-2901
-2241
-1702
-1402
-1109
-631
-4
336
118
-231
-185
-14
-22
-189
-392
-364
-233
-53
205
554
922
964
889
889
857
691
298
-207
-539
-745
-1100
-1409
-1671
-1859
-1934
-2037
-1994
-1758
-1458
-1277
-919
-348
-7
216
585
1126
1672
1967
1913
1846
1879
1725
1494
1395
1447
1430
1140
855
808
1145
1703
2692
3595
3563
3179
2897
2973
3559
3826
3769
3986
3897
2821
1620
613
63
-538
-1860
-3168
-3740
-3774
-3947
-4117
-3802
-3245
-3063
-3209
-3221
-2545
-1586
-1062
-627
-55
512
1063
1435
1796
2113
2082
1801
1468
1088
426
-446
-1050
-1442
-1891
-2520
-3138
-3153
-2750
-2389
-2013
-1603
-1154
-640
-298
-143
0
140
74
-60
-157
-225
-181
-183
-346
-454
-232
147
492
621
652
812
959
953
799
685
523
232
-114
-503
-806
-1177
-1627
-1846
-1716
-1568
-1502
-1402
-1179
-959
-826
-707
-370
190
727
1207
1652
2006
2169
2148
2067
2187
2322
2099
1758
1465
1116
811
686
840
1444
2325
2754
2603
2705
2882
3178
3552
3597
3715
3931
3534
2537
1411
256
-423
-1131
-2139
-3125
-3832
-4132
-4060
-3816
-3599
-3603
-3638
-3514
-3139
-2513
-1703
-861
-79
396
654
1043
1543
1968
2050
1695
1027
448
-93
-555
-882
-1161
-1474
-1775
-1955
-1948
-1754
-1539
-1336
-1121
-980
-885
-699
-385
-89
116
88
-200
-496
-631
-662
-711
-718
-667
-543
-232
157
510
849
958
931
898
828
775
632
470
242
-138
-603
-1076
-1318
-1408
-1506
-1585
-1583
-1471
-1309
-1189
-1012
-668
-243
200
619
1038
1410
1696
1978
2225
2383
2448
2376
2351
2204
1853
1460
1084
882
742
604
763
1613
2634
3101
3109
3005
3103
3400
3631
3602
3581
3354
2429
1271
147
-575
-1018
-1656
-2462
-3298
-3832
-4133
-4056
-3751
-3607
-3625
-3599
-3290
-2611
-1858
-1079
-315
233
584
668
711
809
805
547
59
-425
-847
-1051
-1017
-894
-834
-956
-999
-750
-369
-251
-479
-680
-664
-541
-476
-521
-557
-577
-651
-781
-840
-911
-1069
-1104
-970
-694
-419
-192
45
436
811
966
972
971
1045
987
721
459
304
103
-235
-608
-900
-1085
-1310
-1509
-1595
-1489
-1320
-1107
-743
-219
294
648
984
1465
1932
2150
2241
2356
2511
2457
2089
1692
1451
1305
1164
1052
1062
1088
1001
954
1226
2027
2980
3420
3361
3145
2988
2988
3041
2879
2666
2359
1711
798
-170
-916
-1183
-1553
-2202
-3132
-3793
-3921
-3695
-3375
-3181
-3235
-3261
-3171
-2721
-1861
-1152
-815
-756
-728
-586
-494
-518
-519
-439
-419
-535
-626
-519
-178
158
270
213
48
-140
-217
-125
-112
-308
-724
-1081
-1013
-779
-648
-814
-1096
-1183
-1132
-1117
-1098
-934
-650
-381
-244
-80
175
481
748
791
782
759
673
446
268
276
317
145
-216
-611
-786
-855
-1021
-1144
-1151
-1010
-781
-502
-67
582
1149
1497
1769
2054
2269
2260
2115
1982
1882
1672
1347
1273
1402
1495
1542
1520
1550
1623
1509
1394
1453
1606
1952
2546
3125
3249
2786
2087
1728
1823
1844
1659
1553
1294
663
-199
-977
-1183
-1173
-1571
-2165
-2690
-2989
-3229
-3227
-2982
-2816
-3020
-3417
-3531
-3008
-2387
-2123
-1994
-1805
-1511
-1254
-1085
-690
-122
353
642
814
814
602
428
492
615
470
-56
-591
-685
-541
-568
-811
-1043
-1065
-1018
-970
-873
-789
-818
-868
-767
-533
-405
-461
-599
-536
-265
-31
-72
-150
-45
110
250
220
78
30
44
37
-44
-191
-342
-507
-593
-554
-371
-152
-12
260
676
1101
1368
1436
1463
1625
1741
1630
1410
1341
1435
1605
1761
1838
1921
1982
1911
1784
1774
1793
1762
1637
1516
1383
1219
1005
891
1087
1608
2049
1969
1472
1033
866
995
1109
1181
1429
1473
1047
430
-123
-349
-449
-1036
-1872
-2704
-3302
-3690
-3885
-3960
-4026
-4173
-4235
-3891
-3099
-2366
-1954
-1579
-996
-264
302
523
663
792
810
722
582
466
173
-208
-478
-499
-422
-551
-686
-574
-393
-342
-465
-663
-647
-465
-361
-307
-344
-596
-865
-1000
-1027
-1039
-1102
-1247
-1231
-1090
-914
-755
-522
-235
-33
117
175
192
244
317
478
652
690
707
748
897
1065
1085
904
723
723
848
1005
1191
1406
1562
1669
1707
1765
1831
1934
2050
2075
2020
1867
1621
1458
1398
1335
1192
983
848
792
715
605
450
292
151
122
292
834
1444
1590
1273
931
847
1146
1427
1373
1292
1140
667
-92
-853
-1464
-1783
-2329
-3040
-3635
-3934
-3915
-3709
-3314
-2852
-2581
-2423
-2153
-1534
-708
-234
-149
-182
-141
-113
-203
-308
-304
-310
-391
-515
-511
-358
-211
-78
48
198
243
172
219
339
313
3
-431
-737
-852
-876
-1000
-1248
-1487
-1639
-1675
-1548
-1372
-1251
-1246
-1231
-1129
-895
-597
-301
10
307
613
942
1199
1338
1349
1287
1232
1191
1133
1046
963
954
1012
1123
1282
1492
1660
1743
1784
1832
1891
1851
1792
1690
1533
1369
1216
1114
992
821
609
424
367
346
311
325
355
389
348
231
193
289
432
515
512
491
540
853
1169
1074
629
130
-234
-207
-193
-361
-378
-480
-758
-1078
-1333
-1250
-931
-771
-711
-737
-769
-925
-995
-891
-908
-1176
-1569
-1771
-1555
-1261
-1223
-1241
-1214
-1077
-885
-609
-230
91
242
311
434
513
355
18
-258
-451
-648
-967
-1316
-1452
-1409
-1364
-1352
-1321
-1276
-1200
-1094
-938
-807
-820
-890
-844
-649
-436
-388
-446
-423
-290
-59
81
125
171
237
398
671
959
1205
1424
1655
1914
2180
2340
2352
2273
2118
1920
1691
1419
1175
1026
928
795
588
314
114
130
226
305
332
331
314
351
422
419
410
380
320
290
351
399
426
415
298
193
70
-122
-327
-573
-790
-940
-862
-496
-158
-172
-390
-459
-158
479
925
1230
1602
1740
1514
1113
789
778
818
427
-119
-561
-845
-1051
-1145
-1139
-1228
-1489
-1739
-1595
-996
-487
-394
-505
-605
-588
-575
-695
-822
-919
-1083
-1211
-1235
-1221
-1347
-1496
-1479
-1362
-1211
-1178
-1134
-954
-749
-569
-459
-386
-368
-402
-345
-238
-263
-463
-682
-686
-483
-332
-282
-188
17
330
707
1028
1243
1387
1489
1592
1715
1706
1563
1463
1437
1408
1230
958
769
638
550
503
523
544
484
385
341
329
235
69
-26
-27
-40
-151
-257
-210
-58
75
159
209
203
94
-71
-166
-190
-220
-290
-313
-249
-217
-296
-326
-239
-72
120
185
243
400
702
1167
1432
1287
974
711
803
1204
1406
1514
1633
1527
1183
777
593
799
936
653
169
-219
-408
-590
-743
-842
-1064
-1498
-1944
-2058
-1768
-1638
-1821
-2026
-2080
-1886
-1733
-1640
-1409
-1110
-903
-816
-702
-562
-508
-546
-494
-383
-421
-632
-804
-744
-650
-665
-734
-678
-438
-125
158
388
565
585
628
778
936
950
825
675
562
501
425
328
279
207
128
181
324
441
546
596
626
651
544
421
372
400
370
165
-49
-172
-217
-244
-319
-370
-414
-484
-525
-467
-382
-355
-355
-310
-230
-154
-63
67
260
413
511
562
565
578
569
564
584
572
506
439
439
494
515
467
423
475
599
762
978
1293
1707
1909
1713
1397
1198
1188
1373
1418
1336
1314
1087
648
167
-175
-189
-223
-519
-931
-1286
-1423
-1492
-1463
-1427
-1500
-1636
-1761
-1649
-1265
-1027
-1058
-1194
-1294
-1213
-1093
-1052
-983
-887
-747
-580
-404
-249
-171
-97
12
193
306
264
158
113
105
69
-26
-154
-238
-276
-259
-248
-280
-336
-356
-282
-144
-107
-175
-290
-330
-221
-138
-128
-159
-185
-223
-179
-79
-36
-91
-224
-316
-335
-314
-340
-414
-440
-449
-405
-361
-309
-220
-111
-26
75
190
244
328
454
648
848
958
968
950
945
982
1006
973
919
903
946
1009
1032
1032
1005
990
976
933
917
908
888
831
752
691
631
551
531
559
545
473
390
424
720
981
843
451
145
86
316
530
645
791
721
363
-15
-254
-245
-167
-352
-650
-894
-1000
-1005
-904
-757
-754
-915
-1086
-1049
-757
-547
-638
-825
-925
-872
-839
-865
-863
-833
-818
-812
-751
-659
-640
-640
-653
-603
-557
-682
-869
-932
-903
-907
-1008
-1114
-1099
-977
-899
-910
-895
-905
-935
-890
-813
-763
-793
-877
-833
-640
-436
-357
-354
-303
-174
-60
42
109
204
340
439
579
705
703
671
701
800
901
953
975
1031
1085
1059
1008
1006
1045
1079
1127
1189
1248
1245
1195
1216
1280
1252
1112
999
992
1019
912
763
711
738
736
615
496
462
415
410
468
520
512
423
389
446
547
570
465
376
320
226
160
217
406
695
905
877
704
548
525
702
840
811
802
687
430
102
-268
-422
-371
-426
-602
-879
-1064
-1212
-1285
-1290
-1354
-1532
-1783
-1914
-1766
-1544
-1558
-1686
-1826
-1845
-1809
-1771
-1749
-1663
-1592
-1577
-1556
-1564
-1669
-1815
-1818
-1613
-1388
-1339
-1386
-1305
-1088
-865
-706
-675
-646
-572
-469
-265
-63
-20
-6
36
148
294
371
454
615
808
934
954
946
975
984
1018
1097
1170
1177
1145
1184
1281
1293
1178
1053
1080
1161
1191
1160
1064
1014
958
909
880
843
795
750
733
747
780
804
813
847
861
797
704
663
608
556
544
540
562
604
599
579
584
611
678
771
858
885
848
729
648
562
412
327
278
180
113
56
38
73
85
99
230
395
373
158
-93
-250
-201
-127
-212
-252
-278
-483
-832
-1236
-1485
-1483
-1537
-1707
-1963
-2206
-2314
-2327
-2202
-2090
-2071
-2164
-2273
-2133
-1804
-1640
-1644
-1678
-1647
-1503
-1384
-1338
-1229
-1073
-950
-836
-744
-675
-578
-432
-226
28
164
156
182
311
487
581
525
385
362
448
553
662
668
649
703
796
875
890
864
845
887
963
934
837
793
801
845
884
901
901
881
888
948
976
955
883
830
832
863
872
809
767
798
811
837
882
889
914
943
940
880
829
783
773
773
737
674
593
553
565
602
604
533
410
349
358
370
336
243
173
127
41
-64
-141
-198
-269
-341
-452
-560
-654
-795
-944
-1027
-1080
-1151
-1202
-1252
-1238
-1198
-1152
-1022
-912
-923
-1017
-1108
-1029
-863
-779
-705
-635
-672
-779
-909
-969
-859
-780
-788
-817
-865
-851
-794
-737
-678
-713
-817
-839
-785
-678
-587
-567
-575
-526
-434
-293
-101
80
201
272
331
342
315
297
352
418
436
359
279
323
404
472
531
545
526
537
547
604
695
708
684
719
800
893
965
994
1006
986
949
923
935
975
958
903
840
735
651
582
510
506
520
522
543
558
527
485
449
423
401
357
325
296
278
267
234
189
146
100
24
-66
-176
-307
-429
-548
-583
-598
-662
-736
-787
-769
-705
-641
-625
-627
-691
-759
-780
-784
-759
-742
-725
-698
-687
-662
-649
-597
-488
-411
-372
-326
-232
-147
-103
-64
-52
-22
-1
-9
4
51
72
14
-122
-207
-178
-102
-16
104
226
252
177
71
-32
-44
27
18
-33
-87
-165
-188
-166
-152
-163
-223
-282
-277
-204
-104
-51
-52
-38
-9
35
120
223
331
406
457
467
468
496
526
546
564
552
540
521
520
510
502
498
451
419
428
435
414
399
376
366
364
347
298
273
262
216
207
208
193
199
178
134
95
18
-105
-167
-174
-193
-266
-372
-447
-481
-466
-459
-484
-512
-531
-576
-605
-630
-644
-663
-671
-638
-573
-484
-441
-412
-347
-265
-214
-199
-182
-145
-101
-51
-27
-17
-7
-11
-14
6
40
41
27
33
78
96
51
10
21
45
66
76
28
-3
-39
-81
-75
-41
-30
-62
-61
-10
75
131
192
258
368
447
456
463
433
436
460
481
546
614
620
597
546
469
426
391
344
304
248
180
100
52
43
64
75
35
-5
-30
-24
-4
30
57
37
15
-16
-43
-57
-86
-110
-120
-125
-89
-65
-98
-134
-163
-211
-212
-205
-197
-213
-265
-296
-304
-307
-338
-356
-348
-327
-329
-329
-323
-326
-379
-436
-405
-356
-330
-361
-373
-330
-301
-273
-277
-266
-229
-205
-189
-165
-126
-112
-154
-172
-151
-174
-202
-172
-83
36
102
98
110
129
143
161
140
130
97
48
62
69
29
-17
-84
-142
-147
-145
-119
-74
-16
43
72
107
139
184
244
340
403
411
416
477
548
605
664
692
705
707
707
718
753
756
732
709
721
730
693
668
655
620
581
533
502
487
445
396
328
232
165
101
24
-22
-91
-183
-284
-372
-405
-427
-465
-529
-573
-605
-638
-629
-633
-626
-630
-659
-666
-695
-721
-724
-740
-726
-718
-710
-703
-668
-609
-530
-456
-386
-357
-317
-239
-180
-147
-123
-113
-104
-77
-58
-36
-6
5
-3
-7
10
47
44
46
33
10
31
57
70
60
36
42
47
63
42
-30
-61
-92
-144
-174
-210
-225
-234
-255
-227
-215
-216
-213
-181
-125
-72
-64
-60
-39
26
84
134
167
172
180
200
254
311
382
402
431
502
580
617
633
659
702
734
730
727
708
694
677
647
623
611
585
560
565
553
542
507
455
424
408
357
303
264
247
219
161
116
72
37
-16
-72
-103
-118
-180
-254
-341
-407
-480
-571
-623
-665
-670
-699
-732
-724
-725
-708
-678
-648
-586
-531
-523
-536
-507
-463
-428
-386
-324
-249
-207
-171
-128
-82
-42
-32
7
34
80
124
116
97
72
62
51
63
81
105
117
96
94
90
55
39
37
33
34
25
10
-8
-10
-14
-1
-16
-53
-62
-89
-122
-148
-160
-180
-171
-152
-141
-125
-130
-148
-135
-107
-77
-21
-3
0
14
30
50
69
90
94
94
105
107
129
165
192
236
265
260
258
263
260
276
292
307
311
318
316
313
310
273
261
283
310
302
287
274
242
247
224
197
150
115
99
67
48
47
53
20
2
-26
-31
-64
-96
-95
-75
-94
-154
-202
-252
-268
-283
-295
-286
-289
-306
-294
-286
-283
-274
-302
-294
-271
-267
-253
-245
-245
-258
-239
-226
-204
-173
-159
-119
-86
-58
-44
-8
39
103
148
161
185
212
242
232
227
227
214
203
219
225
219
208
186
168
176
169
145
151
161
161
129
90
70
53
33
6
4
-24
-81
-107
-131
-156
-203
-232
-214
-220
-231
-241
-264
-261
-275
-286
-279
-253
-222
-221
-223
-197
-174
-171
-166
-173
-155
-152
-139
-110
-71
-33
-26
-23
-4
33
56
86
113
139
130
125
158
204
236
260
277
285
287
283
281
265
258
247
235
232
251
249
241
254
231
224
209
203
195
173
141
127
115
64
46
13
-36
-73
-102
-121
-137
-196
-221
-228
-232
-216
-209
-201
-191
-167
-141
-138
-131
-131
-131
-104
-69
-37
-21
-27
-13
18
39
63
65
70
80
107
153
184
191
205
206
208
218
213
199
178
173
163
152
162
152
122
110
99
72
31
-3
-35
-66
-75
-95
-119
-121
-140
-185
-188
-180
-177
-175
-191
-226
-270
-304
-336
-356
-373
-378
-393
-402
-411
-409
-398
-386
-363
-350
-327
-295
-262
-235
-201
-161
-156
-151
-131
-101
-76
-58
-41
-34
-23
-11
5
23
65
119
150
166
172
179
183
188
199
211
233
241
245
241
238
236
232
228
233
252
256
251
254
260
248
249
246
262
265
277
251
228
233
221
215
213
218
230
227
216
214
195
172
138
97
111
118
101
63
29
8
-23
-25
-64
-101
-111
-110
-123
-124
-111
-110
-124
-120
-86
-79
-61
-60
-57
-29
-21
-45
-60
-77
-73
-39
-14
16
38
59
72
71
55
31
3
-15
-40
-72
-89
-95
-88
-43
-16
-36
-60
-85
-96
-99
-109
-137
-171
-197
-208
-211
-220
-247
-249
-251
-254
-265
-266
-267
-292
-303
-312
-316
-323
-329
-323
-304
-272
-256
-239
-231
-233
-217
-222
-219
-221
-212
-183
-191
-191
-141
-97
-53
-20
-2
18
48
73
106
158
188
203
207
239
289
326
366
391
429
452
479
494
498
494
498
490
473
462
443
435
388
337
298
261
200
177
156
112
80
51
23
9
-4
-24
-64
-70
-58
-84
-107
-131
-145
-165
-184
-175
-158
-143
-137
-137
-127
-118
-113
-114
-72
-19
34
61
75
116
132
140
139
165
186
205
226
232
226
223
229
212
211
214
189
137
100
90
85
83
72
52
12
-8
-11
-35
-55
-92
-135
-170
-217
-244
-264
-300
-320
-350
-374
-384
-391
-387
-382
-387
-406
-438
-446
-426
-427
-446
-449
-486
-511
-493
-459
-414
-389
-352
-296
-247
-194
-151
-106
-56
-21
17
30
36
40
57
85
102
121
136
145
185
205
197
199
203
217
219
227
226
232
211
193
214
222
234
232
218
211
207
190
176
170
171
166
136
106
66
39
2
-9
15
24
14
2
4
41
67
90
106
107
119
135
157
156
189
200
202
236
264
284
307
320
324
345
354
344
326
331
321
304
302
282
247
241
226
196
167
145
138
118
90
58
26
-13
-57
-80
-89
-116
-141
-144
-152
-164
-180
-195
-222
-252
-273
-313
-352
-373
-380
-382
-394
-408
-417
-435
-410
-396
-388
-368
-351
-354
-349
-326
-312
-309
-316
-302
-309
-290
-290
-280
-264
-273
-274
-256
-240
-228
-204
-197
-177
-173
-150
-127
-108
-77
-48
-43
-58
-68
-51
-43
-48
-48
-23
-22
-24
17
34
76
98
102
116
149
181
187
221
264
302
315
324
341
344
347
350
352
347
356
356
338
342
343
324
299
297
289
278
288
273
274
292
296
301
322
298
263
277
277
273
267
253
217
199
194
163
156
149
134
124
111
106
104
86
66
42
-3
-30
-79
-128
-152
-185
-218
-229
-247
-241
-234
-238
-228
-204
-193
-191
-193
-187
-176
-179
-186
-185
-196
-224
-240
-242
-232
-237
-249
-256
-252
-267
-281
-295
-295
-301
-295
-298
-297
-275
-274
-270
-241
-237
-234
-223
-236
-226
-226
-221
-218
-219
-216
-207
-195
-188
-178
-153
-131
-130
-106
-92
-70
-67
-49
-19
-12
3
16
28
64
95
122
147
189
220
256
295
334
373
390
402
414
410
400
420
442
454
470
481
479
475
470
468
454
457
429
407
397
365
343
318
290
278
247
217
195
156
117
72
44
15
0
-32
-68
-71
-82
-94
-112
-162
-191
-194
-209
-199
-188
-197
-200
-203
-218
-235
-243
-266
-283
-278
-257
-247
-243
-239
-236
-229
-225
-229
-245
-232
-234
-213
-177
-172
-167
-162
-167
-162
-176
-189
-197
-206
-220
-226
-214
-228
-223
-203
-194
-177
-176
-171
-146
-133
-121
-123
-129
-111
-90
-82
-78
-59
-54
-56
-50
-31
-21
-5
-3
7
53
93
110
130
153
157
172
195
200
201
197
194
193
200
220
247
274
299
318
324
326
326
356
355
348
364
369
382
397
401
387
393
397
386
374
351
333
305
266
234
191
159
125
81
62
35
13
-16
-54
-68
-85
-101
-118
-132
-145
-171
-198
-226
-248
-248
-259
-279
-297
-306
-304
-304
-306
-287
-274
-283
-288
-285
-292
-292
-307
-311
-293
-297
-293
-294
-287
-295
-302
-309
-318
-316
-316
-304
-289
-271
-253
-233
-203
-175
-138
-120
-97
-88
-88
-62
-48
-30
-10
5
7
16
32
50
60
61
68
71
75
84
94
113
124
149
172
196
211
234
242
234
247
266
257
257
274
284
281
289
300
308
308
302
303
317
298
289
298
311
310
285
287
274
269
262
251
242
236
216
223
216
208
227
218
202
200
216
218
204
189
183
158
137
106
80
61
36
0
-24
-58
-83
-117
-152
-176
-212
-234
-262
-282
-282
-297
-329
-360
-372
-371
-379
-388
-413
-431
-450
-472
-471
-461
-483
-497
-505
-515
-513
-508
-490
-470
-434
-397
-372
-353
-341
-325
-306
-306
-295
-278
-268
-238
-205
-171
-128
-103
-80
-38
-7
26
45
64
101
103
134
167
191
221
230
242
261
279
284
293
308
301
303
311
327
327
333
326
316
311
309
302
311
306
309
322
292
287
281
279
283
270
263
267
261
256
246
231
214
204
203
199
206
207
205
200
209
192
183
183
169
168
158
120
106
101
83
78
68
55
55
50
43
63
78
79
39
21
-5
-34
-43
-61
-70
-79
-103
-117
-138
-167
-199
-220
-253
-283
-311
-325
-343
-363
-358
-371
-380
-391
-391
-395
-398
-402
-416
-430
-430
-423
-413
-395
-385
-384
-381
-376
-372
-354
-341
-320
-292
-271
-244
-217
-189
-173
-160
-136
-110
-86
-73
-47
-18
-4
15
39
77
108
130
157
162
153
171
208
239
262
288
303
292
287
286
273
258
255
244
225
231
253
267
283
302
290
279
263
248
249
254
244
228
217
198
216
215
220
218
196
187
170
143
156
150
132
119
93
73
68
60
57
50
41
42
35
36
39
28
8
-2
-8
-19
-17
-29
-46
-41
-54
-54
-46
-63
-73
-85
-87
-84
-92
-89
-83
-84
-78
-93
-105
-132
-148
-159
-173
-164
-157
-149
-143
-134
-129
-137
-147
-160
-171
-185
-189
-191
-198
-193
-197
-194
-181
-176
-173
-144
-152
-158
-151
-142
-119
-109
-104
-102
-121
-128
-130
-134
-117
-112
-79
-63
-76
-62
-48
-39
-37
-26
-29
-16
4
28
34
57
77
75
88
102
125
138
156
169
186
214
220
217
236
242
229
219
219
205
194
183
189
186
179
172
159
164
159
159
149
146
131
108
100
94
84
84
69
39
16
18
9
-17
-9
-20
-26
-11
-14
-26
-24
-48
-76
-80
-73
-80
-92
-91
-90
-96
-88
-80
-79
-91
-90
-70
-69
-64
-70
-61
-58
-59
-48
-27
-28
-25
-11
-15
-4
4
-7
-3
11
-6
-25
-26
-38
-47
-43
-49
-42
-32
-40
-20
-23
-35
-56
-65
-79
-87
-71
-75
-68
-72
-72
-65
-80
-81
-87
-87
-74
-84
-83
-75
-73
-56
-31
-15
-8
2
9
10
22
44
62
66
93
110
110
109
116
118
119
131
139
136
133
134
126
118
115
114
94
84
69
70
69
56
53
48
43
52
49
37
20
-3
-18
-33
-20
-28
-38
-53
-64
-65
-52
-42
-44
-49
-68
-67
-57
-39
-43
-50
-65
-55
-40
-48
-49
-59
-64
-52
-45
-43
-33
-36
-33
-28
-30
-25
-36
-38
-34
-30
-28
-28
-27
-22
5
4
9
17
-7
-10
-3
-11
-15
-11
-11
-1
3
6
-9
-22
-20
-45
-64
-64
-71
-76
-72
-50
-40
-10
-12
-22
-19
-28
-27
-27
-27
-25
-10
19
49
63
62
59
58
51
51
41
52
49
48
68
87
114
124
118
110
91
69
70
73
89
93
87
91
78
63
70
78
84
90
87
88
94
86
81
76
64
54
35
36
30
11
4
-8
-14
-13
-14
-16
-24
-17
-31
-47
-47
-62
-91
-91
-99
-127
-122
-114
-111
-108
-93
-93
-98
-95
-96
-93
-75
-75
-69
-63
-54
-43
-39
-22
-17
-19
-24
-34
-33
-25
-30
-24
-33
-34
-19
-19
-15
-20
-40
-39
-49
-66
-55
-55
-77
-79
-73
-64
-61
-63
-66
-68
-83
-88
-73
-67
-67
-68
-70
-59
-41
-31
-27
-8
16
31
45
58
68
58
58
69
74
90
106
103
113
117
120
130
133
138
143
146
151
155
161
151
157
157
149
149
143
137
128
120
115
107
101
107
110
115
108
111
84
72
94
80
76
88
66
42
21
0
9
-3
-4
-13
-23
-36
-44
-49
-69
-80
-82
-80
-87
-80
-85
-97
-114
-115
-117
-117
-111
-101
-88
-91
-95
-88
-100
-125
-143
-142
-140
-148
-141
-132
-136
-132
-106
-109
-110
-104
-120
-137
-134
-120
-127
-126
-118
-108
-103
-106
-116
-123
-121
-110
-100
-96
-89
-86
-68
-65
-66
-62
-74
-61
-41
-27
-19
1
5
9
18
30
28
31
35
60
75
78
99
103
118
138
150
146
154
144
141
151
151
145
142
137
142
151
155
153
169
166
145
160
159
136
136
139
139
159
173
178
184
169
147
122
98
79
82
85
90
88
99
104
111
110
78
66
34
3
0
5
0
5
12
13
21
19
10
-5
-29
-45
-40
-48
-61
-75
-94
-111
-113
-112
-123
-128
-140
-141
-143
-144
-145
-144
-144
-146
-166
-189
-175
-176
-178
-184
-197
-186
-181
-184
-164
-148
-152
-160
-164
-166
-167
-163
-148
-141
-116
-91
-76
-66
-57
-44
-44
-40
-38
-45
-55
-38
-18
-13
6
3
-3
-11
-2
17
21
29
31
27
26
38
47
58
77
80
85
101
106
102
108
115
112
124
132
128
120
124
134
140
152
163
167
161
149
136
120
122
115
127
136
135
144
134
118
120
112
95
92
85
88
83
89
82
78
70
67
62
42
35
30
13
9
14
12
6
6
3
-1
1
-11
-19
-26
-25
-30
-18
-11
-32
-42
-44
-45
-65
-76
-84
-78
-89
-80
-79
-106
-121
-138
-145
-150
-152
-161
-168
-170
-167
-135
-118
-116
-107
-118
-130
-155
-166
-161
-168
-161
-157
-135
-121
-113
-107
-99
-88
-80
-60
-49
-42
-37
-42
-36
-32
-28
-16
-18
-10
4
1
11
27
40
44
54
66
70
82
86
92
95
104
104
100
105
116
125
122
130
119
118
133
138
153
167
160
154
152
148
153
152
150
147
133
125
122
97
93
90
82
75
73
71
54
40
19
20
4
8
-9
-14
-5
-12
-11
-25
-37
-45
-55
-63
-54
-63
-67
-74
-94
-98
-85
-101
-102
-96
-101
-93
-98
-81
-76
-89
-93
-105
-96
-101
-101
-77
-59
-46
-38
-38
-57
-51
-43
-44
-26
-8
-8
-1
-4
-7
14
29
24
21
15
10
4
-5
-9
-5
4
1
1
-7
-22
-25
-35
-38
-23
-22
-22
-29
-20
-5
-25
-21
-29
-38
-21
-22
-8
-1
-10
-19
-11
-18
-4
7
