-1
0
0
0
0
-1
0
-1
-2
0
0
1
2
2
4
3
3
3
3
1
0
1
3
3
3
4
4
3
3
3
4
3
2
2
2
2
3
1
1
2
2
1
-1
0
-1
1
1
0
-1
-1
-1
-3
-3
-4
-4
-2
-2
-2
-1
0
-2
-1
-2
0
-1
-2
-2
-3
-2
-1
0
1
0
1
1
1
1
-1
-1
0
0
-1
1
0
1
1
1
1
2
2
1
1
2
-1
0
-1
-2
-1
-1
-2
-2
-1
-2
-2
-3
-3
-3
-3
-2
0
0
-1
-1
-1
0
-2
-3
-2
-2
-2
-2
-1
-1
-1
0
1
2
1
1
0
-1
1
0
1
1
1
2
2
2
3
1
1
0
0
0
-1
0
1
2
2
1
2
1
1
0
-1
1
0
0
1
0
1
1
1
2
1
1
-1
1
3
1
0
1
0
0
2
2
1
2
1
1
2
3
2
3
3
2
1
0
1
0
2
2
2
4
1
0
0
1
0
0
2
3
2
2
2
3
1
0
0
-1
-2
-2
-1
-1
-1
0
0
-1
-1
-1
-1
-2
-2
-4
-2
-3
-3
-3
-2
-2
-2
0
-1
-2
-2
-2
-2
-2
-3
-3
-2
-1
0
-1
0
0
-1
-1
-1
-3
-2
-2
-2
-1
-3
-3
-2
-1
-1
0
0
0
1
0
1
2
1
1
2
1
0
0
0
-2
-1
0
2
2
1
2
2
2
2
0
0
0
0
0
0
0
0
0
0
1
0
0
0
0
1
1
-1
-1
-1
0
1
0
0
0
-2
-3
-2
-3
-2
-2
-1
0
2
1
1
2
1
0
2
2
1
0
1
1
1
2
3
2
2
3
3
4
3
3
2
1
0
0
1
1
2
2
1
1
1
1
1
1
1
3
3
2
1
-1
-1
-2
-1
0
-1
1
-1
1
0
1
0
0
0
-1
-2
-1
-1
-3
-2
-2
-1
-1
-3
-4
-1
-2
-1
-2
-2
-1
-2
-1
0
0
-1
1
-1
1
1
0
0
0
-1
-1
-1
0
-1
0
0
0
-1
0
0
-1
-2
-1
-4
-4
-4
-3
-4
-3
-1
-1
-1
-2
-2
-1
-1
-1
0
1
1
1
0
-1
1
1
1
0
-1
0
1
2
2
1
2
1
1
1
1
1
0
-1
-1
-2
-1
-1
0
0
2
2
0
1
1
0
1
1
0
1
0
-2
-2
2
2
1
2
1
1
0
0
1
1
1
0
1
1
0
-1
-1
-1
-1
2
1
2
3
1
2
4
5
5
7
5
6
4
3
2
2
2
2
1
2
2
1
1
0
1
1
1
1
0
0
0
0
0
0
0
0
0
-1
-1
-3
-2
-3
-3
-3
-2
-1
-1
-2
-4
-4
-4
-4
-4
-2
-3
-3
-4
-5
-4
-6
-3
-4
-4
-3
-4
-4
-2
-1
-1
-3
-4
-4
-3
-2
-2
-2
-1
-2
0
0
0
-1
-1
0
1
1
1
1
0
-1
-1
-1
1
1
0
2
2
2
3
3
3
3
3
1
0
3
2
4
4
3
3
4
5
3
4
3
1
1
2
0
0
1
2
3
3
4
3
4
2
1
0
-1
-1
-1
-1
0
-2
-1
-1
-1
-2
-1
-2
-2
-2
-1
-3
-4
-5
-4
-5
-5
-4
-6
-5
-5
-6
-6
-7
-6
-6
-5
-5
-5
-4
-4
-3
-2
-4
-2
-1
-1
1
2
3
4
5
5
5
5
4
6
7
6
7
6
7
9
10
10
11
12
11
13
13
12
15
13
12
12
13
13
13
10
10
10
7
6
6
5
3
3
3
2
1
-1
-2
-3
-4
-6
-6
-8
-9
-12
-14
-15
-19
-19
-20
-21
-20
-21
-21
-21
-20
-23
-22
-22
-22
-20
-20
-20
-21
-22
-20
-20
-17
-16
-14
-10
-10
-9
-6
-5
-5
-4
-4
-2
-2
1
3
4
6
7
8
10
12
14
16
19
18
20
20
21
22
23
27
30
31
33
31
30
28
28
27
27
28
27
27
26
22
19
18
15
15
14
14
14
13
8
5
4
0
0
0
2
2
0
-3
-8
-11
-15
-17
-16
-17
-17
-20
-22
-25
-29
-29
-30
-31
-29
-27
-28
-29
-30
-32
-34
-33
-32
-29
-26
-24
-21
-21
-21
-22
-21
-18
-15
-12
-10
-10
-9
-10
-9
-10
-9
-7
-7
-3
-2
0
-1
-2
-1
0
0
2
5
5
9
9
12
12
13
14
14
15
15
17
19
22
24
28
30
30
32
33
35
39
43
47
48
48
47
45
40
38
40
41
42
44
42
38
32
29
23
20
19
20
21
18
15
9
4
-3
-5
-5
-6
-6
-7
-12
-17
-23
-28
-35
-36
-37
-38
-38
-40
-44
-49
-54
-57
-58
-57
-54
-50
-50
-51
-53
-56
-56
-53
-51
-48
-45
-40
-38
-39
-38
-35
-32
-30
-25
-19
-15
-10
-7
-6
-6
-5
-1
4
9
13
16
17
18
17
16
16
17
19
22
23
23
22
20
17
17
17
20
22
23
23
21
18
16
16
19
23
25
26
26
22
20
17
17
20
25
30
33
35
34
34
35
38
42
49
52
54
54
51
48
44
42
42
43
43
40
34
27
21
16
15
13
11
11
10
4
0
-5
-13
-15
-16
-17
-19
-20
-23
-27
-32
-37
-42
-44
-46
-46
-50
-53
-57
-61
-63
-67
-67
-66
-66
-63
-61
-60
-62
-62
-63
-60
-59
-56
-52
-47
-44
-43
-39
-37
-33
-31
-29
-25
-20
-15
-11
-8
-6
-6
-5
-3
-1
3
6
9
10
11
11
13
14
16
17
19
21
20
21
22
22
21
22
25
27
29
29
28
28
28
27
29
32
36
40
46
49
49
51
53
58
65
73
80
82
82
79
74
72
75
77
79
80
75
69
61
53
44
37
36
33
32
29
22
16
7
1
-5
-8
-9
-10
-11
-16
-20
-30
-40
-49
-56
-61
-62
-64
-65
-68
-75
-81
-86
-92
-97
-97
-96
-93
-91
-92
-95
-99
-101
-104
-102
-96
-91
-85
-79
-75
-70
-70
-66
-58
-52
-43
-33
-30
-28
-24
-22
-18
-12
-4
3
9
13
18
20
24
26
31
35
41
49
53
56
58
58
58
60
63
65
69
72
73
72
70
70
71
71
71
71
71
68
66
67
66
69
71
70
70
69
72
77
84
91
92
91
88
83
80
77
73
71
66
60
52
40
29
18
10
3
-2
-8
-13
-17
-28
-36
-44
-51
-57
-60
-60
-63
-69
-73
-81
-91
-98
-103
-106
-110
-113
-111
-110
-113
-116
-120
-126
-129
-129
-127
-122
-121
-115
-113
-113
-111
-107
-103
-96
-87
-78
-70
-66
-62
-56
-54
-47
-40
-33
-23
-16
-7
-4
2
5
8
12
16
22
28
34
39
43
42
46
48
51
59
64
69
75
79
81
82
84
83
85
89
93
94
97
101
99
97
101
104
100
103
109
115
119
117
113
112
117
125
136
149
156
156
152
144
137
132
126
128
123
116
106
96
79
64
46
30
17
5
-2
-10
-20
-37
-47
-62
-75
-80
-88
-94
-103
-110
-119
-131
-145
-157
-164
-171
-173
-175
-181
-185
-192
-199
-209
-212
-213
-211
-205
-201
-194
-193
-192
-191
-190
-186
-179
-169
-158
-147
-135
-127
-121
-113
-106
-98
-87
-71
-57
-45
-37
-31
-24
-21
-9
2
16
31
40
48
55
60
67
72
82
92
103
113
118
121
125
126
130
140
148
153
155
155
157
156
158
163
164
165
160
158
157
160
165
173
181
183
179
176
179
187
199
214
227
227
218
206
194
181
170
165
158
147
136
123
106
87
68
44
26
12
2
-1
-8
-23
-36
-52
-68
-82
-94
-100
-109
-118
-124
-137
-154
-173
-188
-198
-204
-207
-214
-216
-226
-242
-252
-262
-274
-281
-279
-274
-266
-260
-259
-258
-265
-271
-271
-265
-249
-238
-227
-217
-209
-203
-198
-193
-178
-157
-142
-119
-103
-93
-77
-70
-62
-47
-29
-10
9
24
39
47
55
68
84
99
111
134
158
171
186
194
198
201
205
216
223
229
235
246
245
240
234
236
235
234
237
237
236
236
242
249
249
242
242
237
244
252
268
276
274
270
256
245
235
227
214
199
181
164
147
131
109
74
49
24
-2
-19
-29
-44
-59
-69
-90
-108
-130
-150
-158
-169
-177
-185
-195
-209
-225
-244
-259
-278
-292
-294
-308
-316
-331
-341
-353
-367
-375
-373
-368
-365
-350
-337
-331
-338
-343
-340
-333
-330
-307
-286
-263
-232
-210
-200
-190
-185
-173
-149
-128
-100
-59
-34
-27
-13
-7
2
19
42
65
94
126
140
158
168
174
179
193
227
254
265
276
274
275
279
285
296
308
328
338
335
329
323
312
303
303
303
305
304
291
275
274
276
293
311
299
283
264
260
275
299
330
338
327
310
289
273
250
225
205
171
153
127
99
69
9
-56
-106
-143
-160
-168
-174
-179
-189
-218
-243
-268
-302
-324
-332
-328
-314
-300
-299
-322
-374
-406
-440
-463
-482
-493
-494
-481
-468
-462
-458
-476
-506
-503
-494
-474
-433
-403
-402
-396
-405
-392
-309
-218
-263
-388
-322
-177
-131
-85
16
0
-140
-143
-65
-19
130
286
205
63
122
202
213
253
330
306
270
288
310
331
378
404
361
336
357
352
340
360
379
402
382
349
341
336
337
372
399
368
327
316
302
288
304
298
251
209
186
231
352
440
353
196
162
207
276
366
468
489
424
346
305
334
386
373
226
91
65
101
147
136
90
-4
-131
-220
-260
-249
-228
-238
-275
-300
-312
-342
-394
-452
-479
-455
-443
-460
-466
-504
-539
-548
-568
-604
-650
-693
-708
-716
-698
-640
-627
-669
-706
-744
-731
-690
-638
-587
-532
-488
-466
-451
-433
-417
-407
-371
-315
-245
-174
-106
-64
-31
-6
40
79
130
196
245
309
351
370
401
418
424
410
415
464
480
498
524
500
503
515
478
465
476
484
504
524
536
550
519
496
483
453
443
437
407
395
398
394
386
390
358
339
281
229
227
274
383
115
-57
257
477
514
571
514
129
-327
-503
52
1437
1897
1583
988
-23
-469
-277
319
834
1551
1301
221
-157
-232
-342
-777
-1043
-1140
-869
-330
-149
27
-399
-1362
-2196
-2471
-2229
-1897
-1220
-806
-773
-856
-1174
-1692
-2136
-2358
-2326
-1832
-957
-265
441
676
283
-161
-521
-699
-487
279
1118
1641
1822
1605
1270
595
-279
-612
-594
-486
-235
228
244
-303
-1019
-1753
-2114
-2163
-1804
-1045
-389
-12
246
399
232
-25
59
401
998
1777
2569
2972
2710
2205
1725
1339
1113
1189
1464
1483
1178
742
257
-432
-1155
-1455
-1428
-1423
-1307
-1100
-963
-951
-824
-470
-7
247
480
921
1326
1649
2029
2497
3546
5450
7018
6739
4765
2575
1259
981
1493
2677
3519
2313
-506
-2627
-3602
-4685
-6310
-7524
-7279
-5987
-4654
-3299
-2384
-2938
-4319
-4735
-3445
-1046
1377
3133
4455
5495
5901
5698
4989
3747
2413
1696
1865
2560
2794
1502
-1055
-3725
-5812
-6952
-7155
-6794
-6202
-5676
-5081
-4236
-3428
-3101
-3166
-2876
-1631
450
2752
4774
6052
6375
6064
5509
4901
4220
3541
2974
2613
2497
2082
805
-1184
-3352
-5201
-6169
-6058
-5468
-4713
-3886
-3520
-3302
-2868
-2370
-1748
-804
681
2488
4193
5307
5719
5533
4868
4187
3897
3965
3963
3620
3062
2262
1053
-326
-1470
-2281
-2847
-2998
-2758
-2471
-2314
-2356
-2492
-2323
-1762
-1001
-90
835
1583
2234
2688
2979
3278
3421
3341
3323
3277
2927
2441
1875
1328
763
847
2316
3505
2391
-135
-2210
-3415
-3622
-2781
-1383
-237
-759
-2574
-3499
-3482
-4018
-4866
-4841
-3662
-1839
-173
1053
1828
1587
380
-466
122
1463
2574
3300
3814
3980
3345
1929
335
-1214
-2493
-2988
-2562
-1786
-1673
-2440
-3726
-4806
-5349
-5308
-4578
-3391
-1938
-630
676
1985
2348
1822
1285
986
1165
1963
3050
3541
3103
2016
476
-889
-1641
-2226
-2477
-2165
-1307
-596
-339
-619
-1218
-1958
-1981
-1279
-338
899
1567
1986
1649
1351
740
340
490
727
1318
1807
2341
2106
1608
1258
918
841
766
1074
1366
1482
1460
1161
865
245
-256
-357
-281
-39
127
374
496
438
435
409
502
614
649
824
1141
1412
1478
1541
2643
4985
6226
5044
2932
619
-1172
-1401
-546
750
1366
123
-2219
-4073
-5118
-6093
-6683
-6286
-5069
-3546
-1897
-85
1331
1507
519
-353
-118
1086
2664
4061
5104
5177
3759
1516
-570
-2235
-3280
-3531
-3376
-3114
-3125
-3576
-4090
-4611
-5168
-5440
-4928
-3270
-736
1671
3301
3849
3110
1693
671
522
992
1566
1711
1377
819
-7
-1062
-2181
-3089
-3460
-3094
-1979
-346
921
1416
1216
473
-98
-64
259
787
1434
1903
2003
1545
781
90
-515
-870
-740
-209
545
1242
1684
1875
1631
1070
819
1017
1617
2171
2352
2317
2010
1281
512
260
53
-406
-530
-232
-95
186
561
484
180
49
-35
256
1052
1576
1957
3927
6690
7209
5570
3082
420
-1158
-1254
-475
800
1353
-197
-2826
-4503
-5436
-6642
-7447
-7144
-5928
-4067
-1772
848
2922
3172
1815
502
401
1426
2696
3947
5182
5348
3899
1712
-295
-2229
-4155
-5654
-6042
-5242
-4040
-3188
-2891
-3093
-3741
-4493
-4552
-3068
-510
1799
3395
4278
4095
3191
1925
372
-794
-1302
-1483
-1251
-610
-277
-743
-1541
-2335
-3095
-3023
-1781
-104
1524
2793
3172
2876
2290
1417
541
-60
-414
-340
107
486
415
-18
-496
-1119
-1605
-1276
-356
647
1544
2114
2473
2679
2500
2119
2024
1927
1600
1382
1330
1469
1376
712
447
292
-331
-479
-117
103
326
628
806
1075
1203
1045
902
1784
4576
6931
6945
5289
2448
-417
-1639
-1304
-468
566
675
-1200
-3363
-4319
-4819
-5477
-6171
-6750
-6019
-3453
-329
2444
4184
4135
2602
911
357
1037
1760
2047
2124
1855
1383
764
-551
-2595
-4773
-6594
-7195
-6251
-4487
-2680
-1456
-1022
-1026
-1137
-1043
-592
-40
702
1733
3118
4871
5575
4107
1054
-2582
-5501
-6328
-5242
-3583
-1793
-667
-874
-1250
-1248
-1350
-1499
-951
83
1759
3788
5430
5719
4365
2050
-717
-2697
-3200
-2577
-1499
-191
563
374
186
-121
-679
-754
-117
874
2206
3712
4557
4441
3695
2578
1578
984
802
662
756
1082
1207
1061
959
730
145
-32
89
245
617
1069
1331
1511
1856
3686
7292
8565
6242
2560
-802
-2353
-2146
-1487
-485
676
-449
-3437
-4761
-4006
-3881
-5470
-7382
-7139
-4140
-529
2569
5213
6415
4978
1837
-201
261
947
215
-538
-274
387
350
-684
-2037
-3540
-5707
-7494
-7218
-4994
-2588
-1356
-612
595
1563
1538
1212
1058
997
595
-25
271
1291
1522
440
-1043
-2327
-3513
-4507
-4912
-4293
-3206
-2525
-1801
-316
1462
2380
2237
2001
1773
1328
1112
1252
1721
1871
1126
122
-433
-1006
-1905
-2648
-2702
-2046
-1220
-158
1208
2208
2394
2157
2034
2334
2804
3082
3302
3137
2656
2228
1580
837
160
-571
-1140
-940
-243
365
1312
1992
1893
1793
1830
1650
1625
1842
1575
1969
5267
8936
9307
6850
2960
-682
-2672
-3660
-3840
-2269
-709
-1903
-3789
-3430
-2322
-3209
-5783
-7604
-6873
-4135
-784
2951
6552
8209
6640
3710
2405
2209
830
-1471
-2859
-2899
-2362
-1852
-1547
-1729
-3057
-5538
-7500
-7393
-5745
-4035
-2484
-419
1879
3406
4007
4169
3640
2164
288
-1043
-1383
-1208
-1316
-1672
-1914
-2490
-3800
-5204
-5614
-5405
-4954
-3588
-1359
1005
2919
3978
4336
4410
3760
2466
1314
606
186
-293
-687
-743
-921
-1413
-1967
-2323
-2108
-1621
-1248
-576
570
1882
2808
3267
3606
3705
3202
2475
1975
1592
1387
1188
837
687
488
-218
-463
122
306
127
493
955
1210
1580
1805
1642
1463
1182
1987
5828
9551
9519
6896
3358
11
-2144
-3408
-3647
-2472
-2116
-3802
-4732
-3244
-1440
-1807
-4227
-6229
-6077
-4292
-1470
2562
6837
9013
7964
5707
4647
4058
1801
-1445
-3566
-4290
-4275
-3819
-2889
-1855
-2230
-4470
-6442
-6673
-5770
-4684
-3522
-1388
1485
3601
4850
5884
6166
4920
2212
-642
-2301
-3235
-4047
-4292
-3896
-3609
-3913
-4154
-3689
-2735
-2287
-2492
-2186
-892
819
2342
3598
4585
4588
3224
1598
323
-811
-2058
-3411
-4073
-3632
-2837
-2108
-1042
197
761
490
143
484
1277
1936
2483
3262
4092
4361
3947
3293
2594
1338
-202
-1092
-1352
-1400
-1242
-985
-499
137
560
843
1370
1950
2089
2016
1952
1752
1475
2890
6758
9917
9693
6952
3511
556
-1603
-3451
-4112
-3136
-3125
-5002
-5625
-3665
-1510
-1625
-3781
-5440
-5194
-4083
-2345
1194
5644
8168
7659
6360
6219
5934
3272
-691
-3472
-4849
-5593
-5573
-4249
-2218
-1570
-3132
-4538
-4324
-3626
-3416
-3251
-1874
508
2357
3718
5622
6847
5959
3169
-68
-2289
-4113
-6043
-6734
-5886
-4803
-4009
-3470
-2733
-1682
-1431
-1911
-1604
-170
1388
2541
3570
4633
5082
4158
2418
847
-497
-2076
-3939
-5066
-4783
-4138
-3677
-2603
-896
615
1185
1033
1218
1641
1551
1542
2238
3412
4191
4210
4021
3613
2565
1080
-146
-767
-1119
-1455
-1134
-125
747
1297
1614
1756
1657
1357
1080
1134
1050
1549
4869
8826
9610
7662
4697
1713
-465
-2507
-3898
-3264
-2898
-4750
-6055
-4560
-2054
-1275
-2749
-4339
-4230
-3180
-1939
581
4484
7279
7353
6212
6175
6640
4842
774
-3007
-5356
-6827
-7470
-6611
-4389
-2804
-3297
-4234
-3743
-2537
-1924
-1778
-1038
597
2171
3456
5300
7061
7118
5287
2634
50
-2400
-5166
-7495
-8184
-7797
-6844
-5050
-2904
-1077
-216
-823
-1607
-1479
-856
197
1695
3289
4524
4962
4801
4035
2410
165
-2450
-4806
-5636
-5042
-3923
-2339
-681
368
933
1092
874
808
831
783
1072
1941
2933
3564
3590
2983
2084
952
-14
-452
-671
-928
-1149
-1115
-687
0
814
1694
2318
2398
2268
2249
3542
7101
10067
9854
7557
4549
1662
-308
-2133
-3618
-3570
-3965
-6201
-7289
-5542
-3209
-2748
-4348
-5549
-4427
-2367
-576
2303
6290
8745
8257
6750
6882
7586
5716
1735
-1422
-3184
-4908
-6707
-7030
-5435
-4295
-5137
-5914
-4851
-3206
-2692
-2940
-2067
72
1625
2616
4506
6796
7551
6095
3740
1880
-145
-3345
-6401
-7746
-7600
-6834
-5798
-4032
-1710
-406
-680
-1132
-731
62
645
1292
2411
3390
3443
2878
2290
1611
234
-1895
-3581
-4406
-4909
-5073
-4493
-3101
-1498
-231
1058
2545
3625
3836
3226
2574
2355
2088
2067
2531
2901
2740
1820
593
-115
-664
-1522
-2171
-2306
-1983
-1402
-646
263
1155
1650
1716
1802
4071
8444
10953
10157
7680
4925
2132
-185
-2247
-3138
-2559
-3720
-6302
-6650
-4470
-2992
-3832
-5776
-6549
-5404
-3863
-1636
2579
7197
9237
8599
7913
8409
8222
5456
1611
-949
-2613
-4523
-6015
-5794
-4518
-4280
-5436
-5901
-4912
-3922
-3719
-3437
-1802
537
2197
3650
5777
7605
7705
6111
3986
1984
-357
-3131
-5549
-6953
-7306
-6782
-5709
-4295
-2939
-2216
-1954
-1781
-1314
-465
706
1884
2547
2884
3419
3684
2929
1357
-607
-2434
-3666
-4420
-4534
-3859
-3062
-2730
-2167
-818
713
1781
2311
2648
2868
2877
2715
2685
2826
2602
1748
906
351
-230
-639
-858
-755
-443
-424
-500
-376
-355
-464
-412
-213
362
3263
7978
10689
10441
8282
5399
2671
135
-1887
-2290
-1786
-2985
-5250
-5672
-4097
-2969
-3947
-5859
-6479
-5798
-4804
-2964
615
4759
7044
7344
7778
9067
9409
7349
3997
1190
-1162
-3651
-5465
-5444
-4403
-4216
-4865
-4985
-4289
-3722
-3773
-3749
-2797
-1269
173
2052
4782
7259
8096
7254
5735
3984
1409
-1680
-4245
-6122
-7178
-7356
-6700
-4968
-3123
-2267
-2038
-1881
-1555
-1109
-504
531
1844
2728
3246
3908
4282
3681
1931
-721
-3196
-4824
-5827
-5876
-4899
-3593
-2357
-1189
118
1427
2236
2335
2101
2002
2082
2321
2673
2887
2760
2124
1083
115
-424
-538
-584
-778
-875
-706
-541
-278
179
594
625
1935
5848
9251
9753
8022
5522
3336
1135
-1293
-2518
-2008
-2319
-4588
-5737
-4215
-2421
-2802
-4927
-6276
-5860
-5276
-4551
-1531
3085
5985
6278
6324
7864
9268
8069
5161
2869
1089
-1360
-3699
-4158
-3155
-3137
-4567
-5384
-4826
-4263
-4692
-4974
-3932
-2165
-831
452
2936
5919
7495
7283
6456
5740
4287
1570
-1378
-3508
-5088
-6383
-6867
-5894
-4092
-3047
-2805
-2466
-1873
-1278
-917
-637
226
1404
1858
2241
3135
3651
2970
1266
-657
-2242
-3435
-4542
-5267
-5055
-4223
-3087
-1513
518
2437
3532
3734
3534
3142
2549
1726
956
646
537
432
531
576
360
176
-189
-699
-1184
-1457
-1477
-1158
-442
382
2786
7146
9979
9859
8152
5644
2900
112
-2330
-3304
-2831
-3385
-5239
-5289
-3172
-1416
-1689
-3302
-4535
-4940
-5522
-5527
-2907
1310
4207
5335
6384
7899
8723
7457
4841
2722
811
-1751
-3781
-3922
-2623
-1806
-2277
-2949
-3203
-3679
-4494
-4870
-4253
-2958
-1634
-253
1840
4471
6367
6945
6574
5878
4751
2704
265
-1633
-3120
-4570
-5605
-5734
-5098
-4277
-3599
-2967
-2260
-1663
-1479
-1259
-381
618
1006
1481
2429
3005
2993
2352
1440
148
-1746
-3746
-4738
-4646
-4552
-4162
-2892
-877
1068
2255
3132
3852
3688
2769
1826
1304
1129
625
8
-197
-169
-178
-61
315
266
-302
-948
-1103
-842
95
3600
7912
9665
9047
7198
5332
3626
1152
-1300
-2256
-3013
-5592
-7775
-6746
-4007
-2534
-3091
-4013
-3689
-2996
-3300
-2814
-66
2390
2572
2454
4166
6960
7994
6286
4293
3286
1541
-1554
-3907
-3912
-3189
-3828
-4474
-3264
-1269
-641
-1558
-2246
-1755
-1716
-2552
-2068
615
3617
5077
5393
6061
6441
4817
1858
-456
-1996
-3715
-5373
-5642
-3956
-2042
-1446
-1395
-790
-214
-648
-1505
-1631
-1129
-816
-721
-210
891
1988
1986
1091
445
-309
-1643
-3039
-4002
-4082
-3727
-3421
-2720
-1090
967
2409
3099
3508
3714
3187
2002
1140
923
931
494
-268
-479
-336
-403
-609
-731
-920
-1321
-1733
-1498
1351
6230
9390
9815
8805
7098
4805
2020
-511
-1707
-2046
-4004
-6931
-7320
-5156
-3418
-3706
-4861
-5053
-4284
-4088
-3720
-679
3258
4483
3622
3795
5879
7489
6637
4774
3595
1973
-1180
-3882
-3927
-2607
-2864
-4460
-4724
-3489
-2591
-2539
-2173
-862
-12
-505
-599
1060
3262
4475
4624
4756
5186
4573
2743
1072
-151
-1382
-2914
-4189
-3930
-2892
-2643
-2676
-1963
-817
-39
201
87
136
289
-44
-463
-197
210
-129
-607
-557
-394
-527
-1035
-1786
-2389
-2963
-3609
-3526
-2310
-743
574
1826
3005
3832
4114
3900
3296
2299
980
-278
-900
-825
-856
-1165
-1094
-829
-838
-1076
-1234
-1223
620
4356
7242
8518
8433
7463
5903
3794
1554
39
-842
-3115
-6361
-7599
-6345
-4851
-4656
-5226
-5288
-4754
-4866
-4923
-2534
1069
2777
2724
3312
5454
7222
6769
5257
4360
3145
378
-2746
-3836
-3207
-3369
-4716
-5176
-3980
-2700
-2435
-2370
-1135
220
128
-390
485
2811
4566
4785
4760
5475
5764
4363
2260
638
-868
-3184
-5674
-6301
-4624
-2800
-1890
-1141
118
1470
1547
755
690
1086
835
31
-284
514
1189
609
-357
-693
-841
-1758
-2965
-3579
-3382
-3244
-3517
-2919
-1015
944
2079
2815
3617
3989
3438
2514
2042
2052
1653
594
65
134
-31
-452
-757
-953
-1332
-2053
-2206
422
4844
7482
7679
7098
6652
5627
3784
1999
1138
521
-2330
-6003
-6762
-4948
-3990
-5178
-6615
-6627
-5898
-6158
-6245
-3530
168
1383
920
2014
5200
7281
6513
5199
5078
4437
1503
-1886
-2915
-2530
-3776
-6102
-6282
-4401
-3151
-3589
-3724
-2075
-467
-579
-759
804
3123
4163
3911
4473
5985
6153
4343
2408
1373
271
-1714
-3608
-4186
-3816
-3753
-3887
-3048
-910
1174
1923
1984
2154
2112
1454
532
-68
-104
-122
-636
-995
-568
-32
-275
-1234
-2310
-3027
-3417
-3593
-3282
-2168
-530
966
2200
3483
4567
4790
4085
2835
1789
1173
649
237
148
133
74
-120
-228
20
10
-489
335
3258
5860
6739
6520
6250
5749
4198
2320
1051
846
-596
-4163
-6011
-5008
-4009
-4706
-5982
-6100
-5156
-5022
-5976
-5110
-2296
-834
-1234
-730
2137
4997
5535
5015
5358
5761
4252
1085
-1010
-1572
-3078
-5833
-7181
-6212
-4756
-4338
-4200
-2671
-678
-172
-531
-28
1422
2546
2751
3275
4852
6123
5986
5081
4039
2632
254
-2784
-4959
-5505
-5206
-4872
-4162
-2574
-566
925
1575
1953
2511
2724
1895
606
144
334
45
-691
-1084
-843
-639
-1045
-1549
-1563
-1658
-2490
-3332
-3092
-1930
-788
300
1881
3475
4250
4198
3857
3634
3181
2084
959
426
151
-252
-438
-153
199
217
154
1955
4956
6751
6808
5794
5482
4633
3070
2084
1342
1068
-831
-3765
-4604
-3649
-3234
-4396
-5595
-5888
-5591
-5454
-5462
-3983
-1706
-1013
-1407
-837
1142
2724
2829
2688
3338
4114
3709
2286
1268
653
-987
-3639
-5384
-5565
-5507
-6049
-6312
-5075
-2995
-1743
-1196
-4
1901
3220
3510
3771
4573
5029
4329
3376
3070
2967
1854
-265
-1863
-2421
-2843
-3716
-4123
-3508
-2586
-1745
-1099
-60
1440
2389
2229
1613
1362
979
183
-633
-1158
-1175
-1060
-1159
-1186
-768
-365
-828
-1594
-1807
-1555
-1221
-899
-334
642
1696
2380
2895
3607
4070
3664
2828
2158
1514
934
434
-43
-78
-110
522
2849
5266
6524
6359
6095
5762
4635
3725
2368
1489
575
-1856
-3540
-3622
-2930
-3271
-4218
-4723
-4828
-4447
-4775
-5156
-4176
-2913
-2658
-2621
-1311
581
1732
1909
2078
3155
3896
3107
1778
1328
1208
-230
-2646
-4051
-4328
-5054
-6441
-6959
-5923
-4624
-4231
-3760
-1848
701
2295
3082
4122
5331
5570
4601
3620
3299
2900
1920
730
10
-391
-1105
-2246
-3213
-3070
-2506
-2489
-2322
-1656
-683
394
1023
1142
1280
1557
970
-58
-346
-375
-693
-1128
-1418
-1441
-1186
-1208
-1623
-1254
-266
109
110
567
1153
1298
1286
1539
2081
2687
2679
2307
2122
2103
1854
1237
893
694
304
562
2549
5031
6348
6243
5916
5950
5331
4643
3564
2799
2101
-398
-2532
-2877
-2114
-2597
-4009
-4646
-4651
-4333
-4738
-5147
-4278
-3081
-3154
-3686
-2451
-428
672
945
1405
2722
3570
3097
2258
2216
2370
985
-1376
-2829
-3358
-4254
-5652
-6350
-5965
-5429
-5567
-5543
-4201
-2162
-722
296
1689
3367
4447
4652
4742
4913
4517
3156
1512
567
26
-613
-1487
-2104
-2082
-2139
-2406
-2592
-2355
-1735
-1098
-599
-164
393
795
769
539
359
293
111
-362
-963
-1263
-1185
-1246
-1593
-1653
-985
-100
435
822
1262
1501
1327
1001
1213
1927
2283
1921
1532
1808
2171
2021
1631
1338
1113
745
1394
3359
5341
5994
5408
5378
5436
5185
4715
3831
3686
2505
147
-1307
-1243
-1235
-2677
-3976
-4437
-4275
-4492
-5227
-5104
-3921
-3221
-3616
-3339
-1832
-430
170
655
1928
3185
3291
2623
2351
2636
2210
771
-626
-1389
-2153
-3482
-4722
-5273
-5439
-5794
-6223
-5838
-4481
-3073
-2032
-1004
400
1869
2820
3299
3731
4216
4224
3384
2360
1715
1180
209
-983
-1655
-1781
-1894
-2375
-2631
-2108
-1295
-983
-1136
-944
-451
-296
-585
-806
-513
-245
-510
-842
-671
-302
-438
-1009
-1182
-647
-148
-124
-99
198
554
639
726
1252
1917
2125
2007
2036
2291
2606
2435
1960
1442
991
696
577
1520
3143
4542
4839
4720
5297
5408
5401
5034
4510
4448
3169
1211
38
-152
-856
-2428
-3595
-3915
-4081
-4985
-5906
-5713
-4538
-3908
-4101
-3522
-2168
-845
-10
939
2456
3400
3379
3131
3229
3427
2860
1523
91
-1030
-1922
-2939
-3887
-4575
-5243
-5848
-6145
-5864
-4958
-3852
-2897
-2065
-965
504
1877
2865
3514
3842
3732
3177
2617
2323
1852
998
-164
-993
-1290
-1678
-2116
-2288
-1903
-1420
-1358
-1219
-822
-551
-788
-1310
-1309
-924
-742
-817
-824
-629
-698
-1155
-1334
-894
-379
-231
-204
-15
402
756
1003
1390
1896
2069
1977
2015
2133
2184
2075
1691
1319
1087
1044
939
1091
1846
3077
3970
3927
4050
4501
4606
4544
4295
4502
4655
3653
2063
1277
963
-69
-1596
-2715
-3033
-3811
-5021
-5622
-5109
-4244
-4343
-4750
-4235
-3137
-1952
-973
316
1810
2645
2954
3411
3866
3972
3339
2025
582
-515
-1365
-2261
-3142
-3982
-4495
-4738
-4858
-4702
-4172
-3426
-2859
-2432
-1670
-566
410
980
1401
2003
2539
2771
2757
2593
2339
1654
753
219
-271
-899
-1455
-1584
-1338
-1044
-934
-1020
-915
-955
-1324
-1642
-1703
-1663
-1626
-1503
-1222
-950
-912
-1058
-987
-698
-447
-275
-234
-215
-147
187
772
1437
1922
2254
2547
2689
2656
2509
2246
1705
1032
450
233
206
483
1428
2945
4091
4228
4238
4349
4392
4519
4314
4485
4405
3489
2078
1358
1119
298
-961
-2120
-2757
-3574
-4433
-5027
-4725
-4203
-4381
-4791
-4416
-3176
-1941
-1002
78
1201
2167
2628
2950
3402
3658
3194
1998
902
137
-604
-1613
-2607
-3256
-3441
-3540
-3629
-3476
-3081
-2735
-2579
-2281
-1678
-946
-415
-214
81
690
1314
1684
1794
1682
1495
1121
641
397
140
-256
-569
-609
-443
-304
-282
-350
-491
-808
-1140
-1448
-1730
-2012
-2343
-2482
-2475
-2531
-2443
-2008
-1353
-903
-633
-356
-77
100
293
772
1384
1780
1848
2110
2650
2951
2826
2560
2237
1791
1269
763
561
371
127
403
1534
2950
3543
3736
4062
4352
4727
4679
4813
4894
4203
2984
1903
1468
823
-241
-1664
-2495
-3356
-4317
-5059
-5130
-4723
-4700
-4776
-4431
-3444
-2224
-1261
-120
1042
1885
2275
2493
2955
3134
2788
2067
1240
384
-405
-1197
-1816
-2330
-2730
-2962
-2970
-2747
-2604
-2279
-1739
-1258
-867
-572
-329
-185
-57
185
460
729
648
397
200
161
228
121
-190
-494
-425
-168
228
578
867
1026
893
494
101
-167
-766
-1744
-2665
-3244
-3629
-3935
-3904
-3396
-2599
-1945
-1491
-944
-286
239
621
1187
1786
2093
2149
2336
2754
3027
2840
2395
2050
1741
1317
803
459
195
-71
41
965
2591
3487
3616
3742
3894
4545
4827
4654
4889
4451
3311
2067
1426
907
198
-1251
-2437
-2974
-3624
-4425
-4876
-4670
-4585
-4496
-4445
-3871
-2554
-1548
-767
224
954
1354
1690
2114
2486
2573
2152
1422
719
-8
-691
-1085
-1493
-2069
-2348
-2394
-2273
-2227
-2181
-1765
-1160
-767
-551
-171
229
415
369
288
454
507
117
-226
-265
-259
-452
-638
-568
-139
305
616
974
1247
1313
1183
1132
1046
757
123
-735
-1510
-2314
-3010
-3514
-3843
-4018
-3969
-3588
-2974
-2275
-1577
-752
194
1068
1752
2232
2676
3133
3402
3431
3341
3051
2519
1949
1378
828
345
-224
-720
-904
-474
644
2184
3186
3572
4075
4316
4635
4797
4479
4520
4073
3080
2045
1576
953
69
-1093
-2157
-2674
-3585
-4809
-5420
-5115
-4797
-4567
-4260
-3668
-2695
-1819
-1090
-41
882
1119
1216
1565
1726
1663
1281
796
394
-154
-733
-932
-1014
-1380
-1586
-1516
-1271
-1096
-1091
-987
-673
-411
-400
-197
40
37
148
203
329
418
22
-300
-478
-798
-1032
-903
-831
-495
71
569
1149
1571
1657
1678
1825
1590
1099
469
-352
-1126
-1796
-2503
-3032
-3546
-4098
-4235
-3896
-3375
-2719
-1900
-1063
-119
866
1700
2503
3163
3406
3464
3442
3299
2957
2472
1943
1416
836
165
-294
-406
-346
43
689
1743
3072
3756
4147
4421
4381
4600
4400
3956
3989
3602
2588
1495
571
-270
-779
-1723
-2722
-3551
-4311
-5012
-5137
-4609
-4163
-3673
-3370
-3105
-2307
-1410
-732
45
389
237
218
432
520
474
291
-38
-250
-433
-610
-454
-270
-383
-599
-744
-690
-701
-775
-779
-547
-326
-297
-338
-403
-408
-348
-333
-428
-472
-637
-677
-502
-464
-403
-177
68
366
684
1070
1469
1572
1410
1287
1265
1008
462
-166
-760
-1371
-2024
-2716
-3183
-3468
-3764
-3794
-3196
-2354
-1748
-1219
-474
525
1521
2207
2742
3289
3502
3353
3113
2998
2759
2183
1446
986
684
356
257
417
671
868
1061
1696
2940
3832
3932
3912
3674
3566
3727
3556
3661
3687
2871
1567
480
-473
-1218
-1858
-2720
-3404
-3897
-4226
-4393
-3919
-3375
-3129
-3025
-3102
-2865
-2126
-1609
-1191
-788
-789
-955
-834
-357
113
275
24
-258
-54
255
284
393
447
369
186
-24
-60
-45
-309
-642
-742
-683
-661
-814
-932
-1003
-1026
-1042
-971
-752
-571
-409
-214
20
332
534
728
983
1072
1101
1012
790
632
517
330
95
-265
-840
-1409
-1915
-2387
-2765
-2993
-3060
-2869
-2508
-2015
-1341
-549
240
996
1717
2276
2646
2828
2854
2814
2692
2407
2111
1762
1414
1261
1211
1197
1140
1083
1037
1112
1240
1465
2011
2969
3679
3810
3634
3240
3063
3221
2946
2580
2300
1645
752
-138
-895
-1368
-1595
-2250
-2872
-3247
-3490
-3594
-3398
-3174
-3057
-3104
-3356
-3341
-2841
-2437
-2215
-1832
-1549
-1339
-1009
-573
-35
499
634
608
827
1097
1160
1144
1007
809
654
404
102
-203
-656
-1108
-1290
-1343
-1343
-1476
-1643
-1525
-1173
-714
-317
-122
87
252
417
586
730
648
402
231
195
289
306
203
110
20
-243
-521
-758
-990
-1333
-1750
-1991
-1991
-1969
-1924
-1668
-1145
-552
-48
414
868
1277
1521
1740
2033
2159
2079
1991
2043
2120
2121
2073
2014
1983
1794
1643
1696
1649
1442
1264
1231
1428
1514
1636
2404
3186
3218
2821
2190
1806
1842
1584
1394
1656
1451
650
-127
-652
-876
-987
-1544
-2131
-2607
-3271
-3914
-3849
-3516
-3457
-3803
-4286
-4307
-3688
-3091
-2639
-1935
-1361
-979
-524
166
900
1461
1636
1597
1651
1629
1413
1277
1093
737
222
-483
-1012
-1201
-1341
-1463
-1498
-1567
-1500
-1262
-881
-463
-132
98
209
359
379
254
21
-267
-366
-302
-306
-309
-327
-307
-205
-262
-394
-494
-479
-537
-698
-814
-861
-899
-908
-888
-659
-287
-162
-121
101
448
719
866
1023
1333
1635
1726
1837
2158
2427
2447
2336
2187
2201
2172
1981
1813
1676
1514
1374
1320
1476
1541
1417
1166
990
1194
1745
2121
1953
1482
989
821
1145
1378
1452
1613
1469
968
358
-336
-771
-1032
-1703
-2525
-3476
-4267
-4760
-4725
-4379
-4217
-4228
-4343
-4142
-3130
-2014
-1266
-693
-299
152
717
1259
1659
1898
1852
1562
1391
1222
836
328
-93
-402
-688
-1037
-1306
-1246
-1061
-869
-647
-436
-310
-378
-299
-101
-20
-135
-390
-510
-450
-608
-900
-947
-838
-829
-970
-963
-840
-657
-570
-473
-179
40
-10
-15
238
456
381
-2
-214
-106
-25
-93
-174
21
339
644
1017
1427
1811
1951
1958
2132
2290
2254
2123
2074
2202
2233
2011
1677
1451
1420
1460
1387
1262
1133
937
724
629
587
415
161
74
544
1365
1680
1477
1201
1076
1304
1494
1467
1639
1524
794
-199
-1088
-1854
-2318
-2866
-3345
-3694
-4141
-4517
-4392
-3656
-2969
-2549
-2362
-2258
-1745
-1044
-472
183
701
887
938
841
714
783
859
659
310
11
-301
-398
-270
-18
291
189
-314
-576
-434
-160
-127
-381
-600
-743
-876
-988
-1057
-1031
-1169
-1519
-1616
-1475
-1419
-1473
-1414
-1062
-610
-432
-437
-174
227
421
424
481
550
502
311
180
319
457
416
470
720
959
1053
1062
1197
1509
1746
1736
1636
1607
1556
1548
1650
1746
1830
1818
1664
1550
1488
1380
1208
1030
790
670
624
570
589
553
304
78
-85
-142
-19
103
281
852
1503
1719
1463
945
523
445
350
151
182
67
-365
-942
-1446
-1682
-1596
-1800
-2042
-2095
-2128
-2178
-2094
-1788
-1483
-1329
-1327
-1294
-917
-577
-511
-478
-424
-282
-96
6
142
267
226
223
318
477
503
383
244
206
146
-126
-543
-910
-1155
-1266
-1326
-1510
-1707
-1835
-1845
-1772
-1638
-1512
-1433
-1331
-1161
-945
-648
-526
-554
-501
-364
-129
104
219
375
567
687
851
1104
1403
1581
1676
1721
1688
1618
1407
1149
1075
1064
1015
990
987
1096
1222
1235
1212
1191
1098
956
908
1007
1102
1037
815
624
542
419
260
167
98
65
-1
-29
119
261
215
96
-36
-171
-321
-527
-584
-200
333
432
185
-13
11
229
450
531
875
1178
1069
823
572
347
303
26
-287
-600
-1193
-1775
-1919
-1592
-1334
-1446
-1685
-1786
-1530
-1080
-748
-365
-132
-121
-27
174
335
329
108
-48
-76
-132
-356
-587
-722
-797
-837
-1012
-1264
-1428
-1481
-1364
-1145
-1022
-1015
-1059
-1108
-1079
-969
-1007
-1157
-1202
-1055
-742
-457
-323
-157
151
498
887
1268
1587
1791
1880
1899
1883
1842
1663
1472
1396
1340
1262
1071
810
672
564
458
404
407
416
380
331
320
331
344
313
286
257
170
75
-10
-28
-4
-77
-243
-359
-421
-397
-350
-293
-243
-229
-252
-250
-267
-313
-365
-425
-485
-559
-597
-301
413
1066
1267
1071
896
963
1431
1765
1864
2020
1882
1507
1170
878
716
619
220
-133
-430
-778
-1070
-1038
-798
-784
-989
-1341
-1497
-1162
-867
-822
-801
-928
-1045
-1048
-1070
-1077
-1099
-1236
-1336
-1205
-949
-873
-922
-922
-789
-643
-834
-1165
-1258
-1156
-1044
-965
-955
-909
-768
-650
-401
-13
216
297
411
643
899
884
608
606
795
936
1051
1072
1139
1246
1215
1133
1176
1152
973
882
932
919
768
476
306
391
336
120
-73
-173
-179
-236
-377
-482
-584
-755
-877
-828
-745
-733
-683
-513
-251
-96
-93
-89
24
154
167
88
66
141
286
415
517
564
448
346
393
500
635
627
515
661
1158
1816
2152
1925
1529
1316
1523
1993
2095
2229
2312
2006
1646
1184
862
808
497
42
-413
-938
-1349
-1636
-1592
-1596
-1924
-2407
-2788
-2621
-2219
-2066
-1900
-1778
-1755
-1643
-1491
-1296
-1163
-1167
-1181
-1062
-875
-879
-995
-977
-822
-596
-543
-564
-446
-271
-87
81
129
132
154
203
292
397
402
301
331
409
453
441
326
284
416
486
500
416
247
251
393
527
641
636
514
426
409
343
149
-64
-319
-568
-701
-831
-961
-1063
-1125
-1051
-916
-779
-647
-474
-297
-158
5
247
484
670
792
852
917
981
1023
1097
1151
1089
987
929
958
1017
1025
943
937
981
973
947
904
963
1051
1092
1154
1201
1420
1907
2201
2099
1684
1123
811
936
1047
990
916
628
265
-55
-436
-627
-580
-745
-963
-1251
-1591
-1732
-1639
-1483
-1482
-1676
-2043
-2248
-2066
-1727
-1432
-1304
-1418
-1432
-1228
-1000
-811
-694
-646
-493
-238
-22
87
100
77
59
-24
-149
-309
-466
-547
-464
-372
-400
-442
-508
-468
-327
-241
-281
-333
-311
-173
-55
-99
-307
-486
-566
-600
-526
-510
-595
-617
-590
-432
-292
-348
-449
-485
-423
-320
-247
-225
-172
-108
-22
56
130
213
256
362
523
658
725
778
950
1164
1285
1274
1253
1337
1469
1597
1643
1587
1468
1348
1328
1409
1426
1319
1174
1101
1109
1074
1047
999
910
749
540
381
314
279
257
269
244
156
34
133
531
997
1001
570
173
18
203
425
493
624
600
333
31
-243
-284
-201
-276
-433
-647
-922
-1083
-1014
-764
-694
-870
-1182
-1421
-1365
-1205
-1147
-1100
-1125
-1143
-1082
-1026
-1008
-1002
-927
-805
-760
-752
-823
-886
-862
-860
-875
-1027
-1308
-1520
-1529
-1408
-1300
-1379
-1506
-1502
-1409
-1346
-1238
-1047
-875
-773
-701
-623
-500
-455
-447
-293
-138
-114
-181
-82
255
558
696
706
729
872
1010
1158
1343
1395
1312
1248
1293
1369
1398
1328
1288
1276
1183
1059
1045
1143
1222
1264
1243
1261
1256
1215
1211
1224
1166
972
814
725
731
652
500
377
309
267
247
247
222
225
260
322
423
488
448
452
483
500
498
483
449
378
308
290
354
505
761
1099
1181
844
484
316
492
712
711
747
722
509
158
-203
-353
-312
-402
-568
-817
-1122
-1431
-1628
-1547
-1610
-1906
-2275
-2520
-2436
-2239
-2197
-2212
-2293
-2416
-2441
-2304
-2103
-2012
-2017
-1996
-1828
-1620
-1570
-1595
-1520
-1371
-1263
-1263
-1251
-1159
-1023
-852
-629
-451
-364
-324
-197
85
336
437
427
528
727
917
1103
1235
1333
1332
1306
1371
1478
1524
1489
1453
1485
1500
1445
1466
1475
1473
1342
1133
1005
926
843
786
757
664
530
464
475
539
549
504
544
637
659
658
708
781
856
849
826
843
823
718
652
687
726
703
628
668
763
741
661
659
727
803
786
757
720
602
448
371
427
465
381
193
87
79
89
24
-61
-93
-49
23
-70
-287
-618
-890
-920
-878
-900
-844
-925
-1158
-1481
-1860
-1977
-1881
-1873
-1945
-2113
-2283
-2319
-2255
-2061
-1926
-1950
-2112
-2222
-2052
-1774
-1604
-1510
-1478
-1373
-1234
-1137
-986
-823
-684
-487
-327
-229
-140
-28
163
371
490
472
473
541
738
917
956
883
771
792
877
959
953
886
822
773
750
757
748
658
625
629
648
619
542
579
696
792
825
852
924
1010
1032
1025
994
921
826
807
848
854
802
705
680
674
642
610
606
651
713
747
762
787
812
813
827
864
848
770
652
585
581
575
521
435
407
365
323
295
201
38
-147
-332
-455
-500
-529
-618
-758
-909
-1011
-1042
-1099
-1137
-1142
-1196
-1254
-1233
-1167
-1111
-1116
-1102
-951
-677
-533
-668
-911
-985
-821
-585
-382
-216
-181
-294
-488
-642
-635
-587
-663
-713
-717
-775
-794
-746
-664
-601
-633
-700
-688
-598
-440
-297
-160
-116
-159
-124
-18
135
218
198
163
66
-24
-45
-21
33
33
-3
-9
75
226
341
456
538
542
543
542
587
713
750
705
692
729
799
893
953
972
929
833
789
855
974
997
982
946
885
854
824
779
731
678
637
593
530
466
417
397
387
401
392
346
299
237
163
76
-66
-214
-302
-319
-335
-374
-444
-533
-611
-625
-634
-689
-754
-785
-747
-676
-633
-639
-667
-703
-686
-635
-610
-599
-620
-648
-569
-474
-443
-445
-411
-315
-216
-160
-158
-135
-101
-76
-40
-14
-29
-33
-70
-69
49
171
181
87
0
59
241
351
345
397
432
347
209
44
-18
2
-68
-167
-245
-345
-455
-476
-389
-334
-338
-402
-442
-358
-228
-116
0
65
107
150
187
255
299
276
247
216
204
249
314
385
460
509
512
551
580
607
659
623
547
489
397
353
288
213
199
190
149
119
133
130
96
67
86
134
138
103
128
172
137
13
-125
-243
-327
-387
-461
-516
-635
-750
-790
-759
-721
-714
-713
-724
-693
-661
-632
-564
-513
-427
-322
-237
-197
-136
-62
15
86
103
99
96
141
204
261
278
243
212
229
294
354
335
294
271
230
240
270
247
173
75
-25
-71
-125
-177
-188
-198
-216
-159
-128
-57
69
107
148
245
285
356
468
566
712
739
655
565
555
582
619
647
641
599
531
435
362
349
314
293
287
273
238
170
111
103
90
-4
-105
-186
-240
-233
-214
-214
-209
-243
-312
-346
-347
-362
-342
-340
-305
-263
-292
-348
-374
-374
-365
-428
-484
-489
-510
-526
-535
-556
-602
-659
-682
-616
-517
-432
-361
-261
-211
-219
-235
-233
-184
-124
-107
-142
-174
-215
-230
-190
-133
-96
-90
-113
-128
-118
-113
-93
-53
-45
-9
8
11
49
109
160
172
159
111
57
48
48
21
3
-68
-145
-140
-98
-58
-71
-101
-126
-125
-109
-65
29
102
114
131
183
243
322
379
457
560
592
601
626
690
782
840
855
900
941
919
942
987
1005
976
901
844
831
795
734
693
648
616
565
534
562
591
546
457
358
271
224
166
99
54
-23
-166
-277
-377
-452
-542
-614
-666
-750
-858
-957
-1011
-1022
-1047
-1090
-1099
-1106
-1088
-1063
-980
-880
-833
-842
-815
-747
-666
-587
-527
-443
-371
-308
-244
-185
-143
-121
-128
-133
-95
-76
-64
-71
-56
-18
2
26
59
86
105
115
111
93
73
38
-7
-10
-3
-41
-123
-180
-245
-250
-234
-247
-273
-305
-327
-323
-276
-253
-232
-214
-214
-190
-141
-130
-158
-160
-137
-86
-20
43
119
187
248
374
498
568
621
656
699
775
803
821
845
842
859
878
861
838
807
750
741
730
714
674
659
694
742
785
790
735
693
641
589
557
503
415
339
222
114
16
-105
-177
-206
-211
-236
-235
-243
-245
-262
-308
-372
-434
-479
-510
-512
-536
-593
-652
-694
-719
-716
-726
-700
-679
-650
-611
-557
-477
-407
-358
-305
-237
-205
-188
-138
-82
-87
-97
-116
-119
-98
-131
-178
-184
-166
-139
-128
-109
-86
-91
-99
-81
-77
-109
-151
-150
-106
-91
-128
-177
-208
-202
-178
-163
-187
-191
-189
-197
-176
-132
-133
-156
-155
-130
-90
-97
-111
-123
-129
-112
-92
-81
-66
-43
-6
20
53
82
77
88
86
93
107
128
155
219
287
356
416
421
428
465
501
509
532
522
481
452
423
416
381
350
314
294
298
295
293
325
354
328
347
357
351
351
334
349
347
302
257
236
213
158
96
56
54
45
16
-14
-41
-75
-129
-122
-118
-122
-150
-200
-210
-225
-272
-324
-370
-384
-391
-421
-425
-417
-411
-405
-395
-356
-336
-349
-324
-285
-229
-222
-240
-202
-115
-38
-14
-15
-3
5
7
30
53
70
54
73
131
206
239
218
194
184
187
185
189
200
181
154
135
121
90
47
6
-30
-52
-94
-156
-195
-203
-205
-252
-295
-301
-284
-259
-241
-230
-244
-287
-318
-307
-286
-312
-354
-384
-415
-414
-413
-391
-349
-291
-259
-221
-128
-58
-64
-54
-5
58
132
189
254
310
363
376
391
416
386
348
330
361
398
403
391
401
403
403
427
435
421
392
342
319
307
275
231
194
185
180
165
150
112
101
75
44
5
-37
-82
-146
-167
-183
-219
-247
-283
-299
-311
-326
-331
-311
-301
-265
-244
-231
-209
-188
-133
-76
-57
-37
-20
-2
35
71
107
113
132
113
120
166
189
205
207
232
252
249
230
226
233
213
182
166
175
184
164
153
155
146
115
88
52
33
-4
-74
-109
-132
-154
-187
-214
-212
-227
-253
-259
-276
-297
-333
-361
-361
-353
-373
-382
-381
-386
-375
-356
-321
-279
-288
-297
-295
-280
-258
-242
-239
-218
-192
-154
-75
-23
45
80
85
87
108
131
135
142
162
163
144
131
122
123
130
149
154
171
202
222
236
221
207
200
186
166
127
109
89
105
126
148
133
108
88
81
91
88
106
127
146
160
165
176
188
197
199
200
190
148
95
64
31
0
-19
-46
-34
-6
16
16
-16
-25
-36
-55
-43
-22
-16
-20
-15
10
9
-6
-37
-68
-58
-50
-41
-18
-14
1
10
26
75
102
131
130
113
112
89
71
65
90
105
102
99
118
132
135
127
103
65
27
-13
2
19
-14
-38
-85
-115
-107
-103
-113
-130
-179
-210
-237
-267
-295
-320
-380
-434
-458
-474
-479
-483
-393
-416
-503
-414
-323
-382
-374
-269
-271
-352
-288
-210
-273
-289
-240
-250
-275
-238
-220
-170
-182
-147
-62
-7
73
135
154
205
215
234
267
274
327
370
421
510
555
563
533
530
522
501
481
459
453
397
322
271
218
179
133
106
112
96
76
60
73
72
26
7
-5
-43
-75
-107
-134
-147
-174
-161
-119
-105
-94
-105
-85
-75
-57
-31
26
96
142
212
230
278
325
331
326
329
339
309
299
304
307
316
336
355
367
381
395
395
380
351
344
354
325
258
222
173
105
44
-20
-64
-144
-182
-212
-248
-275
-328
-393
-469
-547
-601
-634
-674
-692
-723
-732
-747
-772
-802
-798
-784
-787
-785
-762
-723
-699
-687
-655
-577
-499
-441
-387
-343
-282
-230
-205
-174
-129
-115
-104
-62
-6
57
82
98
127
173
195
216
246
254
260
268
288
322
352
350
308
294
276
255
262
255
248
267
257
245
245
224
185
143
115
90
76
85
70
73
89
91
99
117
150
173
196
218
236
261
291
286
303
323
334
349
369
404
429
441
455
471
484
474
473
483
491
495
461
441
400
386
386
344
346
318
282
261
210
110
38
-9
-20
39
49
21
20
-16
-91
-130
-158
-193
-236
-282
-309
-335
-365
-381
-398
-401
-420
-443
-450
-463
-459
-437
-431
-422
-412
-415
-431
-447
-437
-435
-415
-420
-437
-446
-488
-489
-479
-474
-483
-477
-453
-421
-393
-377
-387
-388
-406
-426
-413
-389
-386
-371
-340
-322
-305
-296
-277
-287
-279
-257
-224
-215
-191
-149
-92
-44
-10
61
106
141
172
199
236
286
336
388
412
429
463
482
488
506
542
553
576
607
631
666
669
665
671
681
673
650
641
647
620
602
585
558
536
518
523
518
491
449
402
359
326
270
227
203
177
155
121
84
39
-20
-79
-114
-129
-140
-185
-220
-235
-267
-288
-298
-305
-306
-332
-354
-354
-362
-341
-350
-359
-331
-321
-305
-295
-275
-260
-276
-277
-256
-221
-195
-187
-158
-136
-142
-155
-181
-196
-208
-245
-266
-284
-291
-267
-249
-225
-209
-187
-181
-190
-172
-183
-179
-202
-215
-208
-211
-201
-197
-188
-175
-164
-159
-141
-120
-100
-107
-94
-70
-50
-8
17
33
61
91
131
167
166
167
190
207
232
266
278
271
278
287
301
320
320
336
330
316
321
307
284
290
278
275
261
245
230
198
182
182
168
129
101
81
64
57
46
37
21
-1
-24
-15
-28
-34
-28
-50
-62
-67
-61
-53
-57
-45
-42
-48
-38
-31
-37
-40
-39
-33
-45
-32
-15
-18
-12
-28
-30
-49
-53
-77
-97
-98
-100
-103
-118
-148
-186
-226
-252
-265
-295
-296
-288
-280
-274
-263
-258
-269
-289
-321
-326
-305
-317
-315
-294
-267
-262
-263
-263
-261
-232
-187
-132
-100
-71
-62
-44
-22
15
33
67
94
133
170
207
254
288
339
365
400
433
448
449
476
483
501
525
537
549
556
559
526
515
505
478
478
489
471
457
457
459
450
432
403
373
339
291
244
214
170
123
104
69
34
5
-53
-120
-152
-178
-221
-278
-324
-375
-400
-445
-472
-484
-490
-499
-517
-549
-569
-575
-588
-584
-587
-580
-573
-564
-550
-543
-537
-524
-502
-466
-455
-437
-410
-383
-366
-336
-319
-299
-264
-249
-230
-201
-167
-164
-139
-92
-46
-8
13
33
59
94
114
131
163
169
179
191
192
203
210
212
218
229
253
271
284
303
303
306
294
285
273
252
242
227
228
230
242
252
268
274
272
271
273
271
265
251
258
255
247
240
240
240
213
184
159
156
152
138
148
160
167
163
173
186
210
244
249
259
277
294
286
286
293
305
288
278
278
266
242
227
210
197
185
159
144
124
86
40
18
-18
-41
-73
-115
-174
-219
-254
-296
-323
-356
-403
-469
-501
-529
-582
-605
-625
-670
-697
-699
-706
-721
-704
-682
-668
-648
-653
-642
-636
-650
-630
-612
-619
-586
-549
-514
-481
-445
-415
-372
-332
-291
-233
-180
-136
-77
-16
13
49
130
175
178
211
240
274
306
319
327
357
407
426
437
442
430
433
434
426
444
455
441
449
428
428
423
391
387
380
350
305
292
263
255
246
229
241
235
248
229
203
214
210
205
238
217
169
183
201
214
226
237
202
223
209
203
227
204
201
184
174
174
166
133
128
127
113
136
134
151
137
106
126
68
33
67
40
-20
-42
-46
-84
-123
-163
-201
-226
-238
-238
-269
-287
-324
-359
-357
-366
-387
-409
-422
-429
-449
-467
-488
-513
-520
-541
-517
-488
-477
-458
-461
-457
-454
-453
-441
-405
-363
-353
-325
-301
-266
-233
-197
-161
-134
-87
-43
-36
2
16
1
24
51
73
90
114
103
120
168
183
196
249
256
268
282
264
243
204
190
211
212
195
193
151
165
171
157
201
168
162
170
137
172
179
158
157
137
125
151
171
146
158
167
160
157
141
173
151
133
156
167
174
172
174
196
196
189
209
181
161
175
135
108
125
99
92
92
73
95
75
95
96
52
57
53
26
34
23
0
-8
-2
6
-19
-46
-52
-58
-50
-60
-79
-89
-107
-82
-110
-120
-112
-162
-184
-195
-177
-155
-181
-193
-188
-183
-185
-204
-195
-193
-230
-232
-228
-226
-243
-248
-250
-237
-213
-225
-227
-168
-163
-203
-181
-167
-155
-150
-141
-130
-113
-122
-110
-91
-64
-16
16
-6
14
28
51
76
64
111
114
105
128
153
161
167
155
139
135
159
165
167
134
98
109
126
111
90
121
137
108
92
80
54
60
34
34
44
30
39
27
10
-9
-18
-8
-31
-39
-35
-20
-6
-40
-9
-10
-23
-31
-50
-24
6
-20
-32
-44
-1
9
-18
4
7
-8
-6
25
65
61
68
78
46
105
129
136
139
164
153
127
161
151
120
91
70
76
87
94
82
80
80
74
48
20
21
0
-29
-43
-39
-44
-74
-94
-114
-148
-129
-106
-151
-153
-163
-193
-215
-176
-157
-149
-153
-156
-137
-134
-114
-88
-92
-124
-116
-72
-58
-61
-24
-49
-75
7
40
65
90
47
34
45
76
97
91
93
105
110
149
124
106
149
134
129
144
137
118
138
112
83
91
60
70
82
70
58
25
39
26
8
-23
-50
-46
-52
-31
-57
-59
-76
-99
-89
-136
-165
-152
-150
-145
-137
-133
-162
-132
-84
-78
-77
-67
-58
-54
-49
-60
-51
-37
-49
-59
-18
-1
0
34
38
-11
20
37
12
39
35
3
-33
-10
-2
-17
-8
-9
-13
-21
-11
-10
-11
-30
-37
-27
-33
-51
-63
-83
-87
-68
-62
-40
-15
-9
4
35
24
28
46
33
35
72
90
105
97
98
136
131
116
126
153
142
120
127
120
99
95
98
98
100
102
114
64
50
84
60
45
53
59
87
86
83
96
59
54
59
66
111
95
51
31
27
36
42
3
40
17
-18
22
-4
-33
-62
-45
-56
-59
-43
-71
-91
-87
-104
-81
-40
-48
-72
-24
-48
-87
-57
-49
-74
-89
-74
-67
-96
-86
-58
-101
-88
-75
-89
-74
-97
-86
-91
-97
-80
-58
-60
-91
-83
-122
-136
-111
-114
-124
-75
-50
-106
-91
-97
-132
-149
-132
-115
-98
-104
-113
-98
-96
-98
-67
-40
-59
-43
-26
-44
-43
6
21
41
28
32
67
52
51
105
106
112
151
144
123
140
165
160
159
183
198
192
194
173
117
88
109
111
128
127
137
118
89
116
134
115
105
108
91
47
53
67
16
27
82
75
65
71
51
33
22
34
53
54
39
27
5
27
10
8
27
-14
-1
-7
7
35
45
4
-19
16
21
45
77
73
11
23
71
24
14
41
9
-27
16
7
-23
-42
-53
-72
-92
-131
-141
-170
-203
-213
-221
-234
-257
-236
-248
-267
-249
-280
-301
-281
-309
-261
-248
-302
-284
-247
-235
-214
-198
-172
-130
-142
-143
-120
-113
-93
-65
-51
-22
5
8
44
26
46
67
62
87
63
92
155
130
140
198
205
187
176
171
190
177
173
210
200
208
234
211
195
228
248
208
182
198
167
144
151
104
105
145
133
135
149
156
139
105
100
107
101
83
106
111
80
54
44
53
37
2
11
-6
-46
-12
16
33
26
0
-14
-58
-31
5
-8
-37
-6
11
-21
-35
-57
-69
-88
-71
-67
-54
-40
-88
-122
-104
-74
-84
-118
-105
-93
-144
-167
-175
-180
-190
-179
-151
-154
-147
-105
-113
-140
-130
-110
-58
-39
-37
-62
-93
-114
-81
-100
-116
-90
-77
-63
-71
-27
-12
-68
-80
-54
-50
-63
-65
-60
-83
-82
-70
-80
-62
-112
-132
-78
-81
-42
0
-2
19
43
31
43
65
42
56
78
96
128
161
133
129
156
142
148
168
174
213
224
181
188
188
178
188
209
204
165
199
182
154
169
166
156
160
169
168
131
86
53
82
103
77
79
52
2
-16
-19
-59
-70
-60
-71
-91
-81
-111
-125
-108
-113
-107
-133
-147
-122
-106
-140
-168
-116
-112
-147
-113
-128
-132
-125
-137
-84
-55
-72
-56
-26
-32
-20
-29
-52
-37
-12
7
11
25
25
7
17
1
-8
14
16
0
21
26
-24
-33
-50
-82
-71
-20
4
-36
-24
-20
-35
-18
-10
-47
-80
-55
-86
-130
-100
-97
-79
-62
-45
-35
-48
-32
-2
2
22
29
9
2
24
37
59
72
63
83
100
110
117
133
132
101
122
119
79
101
104
136
133
99
120
139
92
56
44
6
6
25
25
11
27
-2
-47
-23
3
-25
-17
-47
-98
-93
-111
-98
-65
-21
-34
-93
-105
-96
-132
-136
-87
-102
-135
-136
-73
-58
-113
-88
-70
-123
-131
-42
-31
-27
7
-12
7
47
55
75
68
71
87
58
90
106
77
61
59
104
126
114
107
97
103
122
143
161
112
81
108
103
84
73
60
60
33
60
75
58
40
22
20
9
29
3
-32
-23
-14
-40
-47
-49
-36
-48
-65
-51
-45
-32
-47
-50
-39
-41
-34
-56
-52
-49
-65
-60
-35
-39
-61
-47
-54
-42
-3
8
-11
-23
-3
22
6
-39
-48
-43
-49
-39
-7
-1
-32
-63
-72
-50
-28
-3
6
19
47
60
70
44
39
22
-3
-19
-46
-43
-48
-67
-50
-50
-26
-25
-45
-8
-14
-50
-20
-17
-80
-83
-44
-28
-79
-96
-39
-36
-38
-11
-25
-57
-48
-47
-23
-18
-44
-17
-4
-14
17
-5
-52
-6
12
18
53
33
34
26
28
45
50
82
57
46
20
31
34
21
40
30
10
52
96
78
99
111
99
127
126
122
102
74
57
94
114
79
59
71
56
49
82
81
103
96
92
66
34
53
83
78
91
65
28
35
-3
1
13
-7
-15
-14
-11
-34
-59
-69
-76
-82
-77
-84
-94
-80
-62
-78
-66
-83
-65
-79
-111
-123
-140
-134
-112
-121
-109
-97
-126
-115
-89
-101
-103
-121
-116
-43
-44
-47
-29
-50
-74
-44
-50
-18
42
-1
-8
21
19
-1
-18
-22
-36
-58
22
-4
-38
20
-19
-54
-6
23
16
43
54
32
25
8
-14
5
-4
-7
24
14
-3
-22
-3
14
19
15
31
15
-5
18
33
25
27
17
-26
-26
13
7
23
41
35
40
20
14
51
43
4
53
85
65
90
89
81
87
78
105
116
114
114
116
96
42
8
30
50
53
97
113
105
85
70
57
78
99
93
78
66
48
38
46
16
33
11
-6
27
17
27
35
7
0
-24
-30
-21
-1
28
19
6
11
-12
-20
-27
-89
-83
-76
-73
-40
-26
-9
-29
-34
-50
-59
-94
-135
-134
-115
-86
-86
-78
-89
-83
-60
-63
-85
-73
-39
-48
-48
-76
-61
-52
-75
-68
-60
-73
-62
-20
7
-1
-35
-39
-40
-52
-10
-14
-66
-85
-114
-99
-69
-48
-42
-30
-27
-38
-17
-22
-70
-67
-49
-24
26
7
-4
-33
-58
-76
-60
3
-15
-17
27
18
-3
-13
-39
-35
-29
-45
-14
-16
-23
1
11
20
10
12
36
32
19
65
48
37
68
105
130
108
69
57
85
93
135
136
91
102
107
109
135
137
142
132
148
167
173
182
177
146
121
130
128
115
115
95
75
56
30
28
2
24
26
-35
-24
-24
-61
-32
-37
-59
-36
-47
-100
-105
-102
-132
-116
-97
-87
-89
-92
-69
-75
-75
-74
-62
-54
-65
-50
-38
-41
-40
-12
-7
-16
-35
-28
-26
-24
-5
13
8
6
-3
-17
22
52
35
72
68
38
56
39
29
18
14
-1
-14
3
37
-3
-8
-15
-26
-3
-8
-31
-62
-41
-63
-97
-74
-55
-68
-88
-80
-101
-119
-99
-108
-101
-97
-107
-100
-88
-84
-84
-79
-85
-75
-67
-54
-40
-57
-59
-33
3
3
2
24
9
4
27
39
33
35
60
54
12
29
52
47
51
54
96
93
65
66
54
56
66
86
98
100
88
91
103
102
132
133
100
91
78
104
82
75
88
75
111
120
98
98
88
62
73
49
35
22
11
2
-15
-8
-11
-7
-8
-8
-12
-7
-16
-27
-23
-37
-53
-37
-29
-46
-51
-52
-51
-57
-26
-26
-32
-25
-47
-31
-26
-45
-67
-61
-62
-57
-69
-108
-77
-47
-84
-79
-38
-57
-76
-56
-46
-48
-17
-14
-40
-55
-72
-66
-78
-82
-62
-55
-42
-42
-39
-58
-71
-56
-73
-64
-46
-59
-60
-61
-47
-22
-22
-18
-34
-34
-32
-59
-50
-39
-31
-2
15
17
36
40
13
-1
-1
-5
27
41
34
27
33
39
49
71
101
98
82
71
62
72
68
84
83
61
86
112
88
97
130
110
80
88
126
116
116
127
96
72
65
55
68
63
37
38
58
45
34
41
34
30
50
69
57
45
19
6
2
-8
3
6
-4
4
13
-10
-25
-22
-42
-43
-21
-4
-6
-13
-25
-30
-40
-64
-60
-64
-58
-69
-58
-55
-73
-79
-67
-47
-61
-45
-25
-28
-40
-60
-62
-62
-66
-53
-57
-65
-60
-62
-83
-72
-51
-70
-62
-41
-20
-36
-46
-45
-55
-75
-69
-43
-45
-38
-40
-38
-56
-58
-44
-32
-27
-28
-43
-45
-15
-14
-1
35
21
13
-5
-10
-2
5
7
16
43
56
66
57
64
57
43
51
54
59
54
34
26
46
65
75
73
66
63
46
47
38
14
5
11
21
20
44
45
25
18
26
49
51
29
14
-3
-31
-34
-46
-29
-5
-16
-16
-7
3
-3
7
-1
0
-15
-27
2
0
-12
-28
-37
-37
-36
-28
8
2
-4
21
15
16
22
26
33
40
31
47
47
44
54
54
34
36
60
44
42
56
34
17
16
15
9
2
2
13
28
21
20
14
-5
-15
-18
-2
13
-11
-16
-6
-13
-14
-13
-16
-12
-21
-23
-13
-25
-28
-32
-50
-60
-42
-34
-36
-31
-37
-52
-38
-33
-40
-24
-38
-58
-54
-49
-54
-59
-52
-70
-78
-64
-60
-66
-74
-65
-57
-49
-49
-42
-37
-55
-51
-22
-6
-12
-13
1
1
-13
-8
-3
-16
-13
7
4
1
4
6
23
30
33
27
31
42
35
38
57
45
37
39
36
55
44
42
38
48
56
54
56
43
49
45
55
53
48
40
22
32
40
55
55
50
47
36
26
33
32
15
14
28
47
34
36
30
15
11
27
42
31
37
40
41
31
38
31
24
33
28
21
20
16
0
-7
5
12
2
-6
-3
-14
-14
-10
-6
-6
-23
-41
-42
-41
-47
-46
-44
-50
-50
-56
-55
-44
-48
-41
-41
-37
-48
-69
-78
-74
-69
-65
-67
-66
-56
-44
-40
-43
-33
-30
-35
-36
-16
-15
-31
-33
-30
-30
-17
-11
-6
-9
-20
-13
-11
5
18
23
28
26
23
25
6
-8
-12
-12
-3
5
7
5
12
2
1
8
8
7
11
15
5
3
3
-5
1
0
-6
-1
10
4
-2
1
11
2
0
6
3
-1
0
7
8
14
11
14
15
16
20
10
1
20
25
25
34
36
37
23
22
20
15
11
16
32
29
17
16
12
20
24
34
45
40
28
32
20
6
14
5
3
6
14
10
11
19
19
32
36
27
23
18
13
19
20
20
13
4
1
-9
-13
-10
-11
-21
-16
-18
-19
-13
-8
8
13
8
-6
-18
-17
-17
-19
-26
-36
-31
-29
-20
-13
-8
-3
-8
-13
-17
-11
-12
-22
-30
-28
-23
-14
0
-5
-9
-26
-33
-31
-34
-15
-13
-24
-18
-6
-25
-20
-16
-30
-23
-13
8
12
1
-5
-14
-18
-13
-7
-7
-4
-11
-15
-18
-20
-24
-29
-31
-30
-19
-17
-15
-24
-31
