0
2
0
-1
0
0
0
0
0
-1
-2
0
0
1
0
-1
0
-2
1
0
1
2
1
0
0
0
2
3
2
3
4
4
3
3
3
1
1
1
2
1
2
2
3
3
3
4
2
0
0
-2
0
1
1
1
0
0
0
0
-1
0
-2
-2
-2
-3
-2
0
-1
0
0
1
0
0
1
2
2
2
3
1
2
0
1
0
0
0
1
1
1
-1
1
-1
0
1
1
1
0
-2
-3
-2
-1
-1
-3
-2
0
-1
-1
0
0
0
-3
-4
-3
-4
-5
-4
-3
-4
-2
-4
-3
-2
-1
0
2
0
-1
-1
-1
-2
-1
0
0
1
0
0
1
1
0
0
0
1
1
1
2
2
2
1
1
0
0
0
0
0
-1
-2
0
-1
0
1
1
0
2
0
-2
0
0
-1
-1
-1
-1
-1
-2
-1
0
0
0
1
2
0
0
0
0
0
-1
-1
-2
0
0
0
0
0
1
0
-2
1
1
0
2
2
1
1
1
1
1
-1
1
2
1
1
1
2
2
2
1
2
4
3
3
3
3
2
2
2
1
2
0
0
0
1
3
3
3
3
2
3
3
4
4
2
1
4
3
2
2
1
1
0
0
-1
0
1
1
1
1
1
1
0
-1
-1
-2
-1
-2
-1
-2
-2
-2
-2
-1
-2
-1
-3
-3
-4
-5
-4
-4
-5
-5
-5
-5
-5
-4
-4
-4
-4
-5
-4
-5
-5
-4
-4
-3
-3
-1
-2
-1
1
0
0
1
1
0
0
1
-1
1
1
1
2
2
1
1
3
2
2
2
3
1
1
3
3
2
3
4
4
4
4
3
2
0
-1
-1
-2
-2
-2
-1
0
1
0
1
0
-1
0
1
0
1
1
1
-1
-1
-1
-1
-1
-1
0
-1
1
1
0
0
0
0
0
0
-1
-1
-2
-1
0
-1
1
1
0
-1
0
0
0
-1
-1
-2
-1
-1
-1
0
0
0
2
3
1
1
1
1
3
1
2
2
2
2
0
0
0
1
2
3
1
3
5
3
3
2
0
0
-1
-1
-1
0
0
0
1
1
0
-1
0
-1
-1
-2
-2
0
0
1
1
0
0
-1
-2
-2
-2
-1
-2
-2
0
-1
0
0
-1
-1
-3
-3
-4
-4
-4
-4
-3
-2
-1
-2
-1
-1
-1
-2
-1
-2
0
0
0
1
0
-1
0
0
0
1
1
1
3
3
3
3
2
2
3
2
2
1
0
0
-2
-1
-2
-1
0
0
0
2
2
1
4
1
1
1
0
0
0
1
1
0
1
1
1
1
0
-1
-1
-1
-1
0
0
-1
-1
-1
0
0
2
3
2
2
1
1
1
1
1
1
2
1
1
0
-1
-3
-2
-2
-2
0
-1
-1
0
-2
1
1
1
1
1
1
0
1
0
0
0
1
0
1
0
0
1
1
1
-1
-1
-1
-1
-1
1
0
1
1
0
0
0
0
1
0
0
0
-1
-1
0
1
1
2
2
2
2
1
1
0
1
0
-1
-1
-1
-4
-3
-3
-3
-3
-4
-3
-2
-1
0
0
2
0
0
1
1
0
-1
-1
0
0
-1
0
0
-1
-2
-2
-1
-2
-1
-1
-2
-2
0
0
0
0
0
0
0
-1
0
2
1
0
1
3
2
2
2
2
2
2
3
4
3
2
2
1
1
0
0
1
1
-1
0
-1
-2
-3
-3
-2
-2
-2
-1
-2
-2
-1
-2
-1
-2
-2
-1
-1
-1
-2
-2
-1
-3
-3
-2
-2
-3
-4
-4
-3
-3
-1
1
0
1
1
2
0
1
2
2
1
0
0
2
1
1
2
3
2
0
2
1
1
0
2
1
2
2
2
1
1
1
1
1
1
1
1
0
1
0
0
1
0
1
2
2
2
3
2
2
1
2
3
2
1
0
0
-2
-1
0
-2
-1
-2
-2
-2
-2
-1
1
0
0
1
0
-2
0
-1
0
0
-1
-3
-2
-2
-1
-1
0
0
-1
-2
-4
-4
-3
-3
-2
0
-1
0
1
1
1
3
2
0
0
-1
-1
0
0
1
1
1
1
2
1
0
-1
-4
-3
-1
1
0
2
1
0
1
0
1
-1
0
-1
-2
0
-2
-1
0
0
1
0
1
1
2
4
2
2
3
2
2
1
1
0
0
-1
-1
-1
-1
0
0
1
1
0
0
1
2
1
1
1
-1
-1
-1
-1
-2
-2
-1
0
0
0
1
1
0
3
1
1
1
1
2
2
2
2
0
-1
-1
0
1
0
-1
0
0
1
1
0
-1
-1
0
2
2
2
1
-2
-2
-1
0
0
2
2
1
1
0
-2
-3
-2
-2
-2
-3
-4
-3
-4
-3
-3
-3
0
-1
0
0
0
0
0
-2
-2
-2
-2
-2
-3
-1
-2
-2
-3
-1
-1
-2
-2
-1
-2
-2
-1
0
-1
-1
-1
-2
-1
0
0
-1
0
0
-1
1
1
2
2
2
1
1
2
1
2
2
2
3
1
1
1
1
1
1
2
2
1
3
3
3
3
4
3
2
2
2
2
3
1
2
2
1
1
1
1
2
2
1
1
1
0
0
0
0
2
1
-1
-2
-1
0
0
-1
-1
-1
-3
-2
-1
-2
-3
-3
-4
-3
-2
-2
-1
-2
-2
-2
-2
-2
-3
-3
-3
-2
-3
-3
-2
-2
-1
1
6
9
11
9
7
1
-5
-9
-11
-13
-12
-9
-8
-7
-4
-5
-4
-4
-3
-4
-3
0
2
8
13
18
20
21
19
15
10
4
1
-3
-6
-8
-12
-10
-9
-8
-8
-7
-8
-9
-8
-6
-1
4
6
11
13
15
15
14
12
8
4
-1
-7
-10
-13
-12
-11
-10
-10
-9
-10
-10
-10
-7
-5
0
1
5
9
12
13
14
16
16
13
11
6
4
1
-2
-3
-5
-5
-6
-6
-5
-4
-5
-4
-2
0
-1
2
5
9
13
14
18
18
17
13
10
8
3
-1
-5
-9
-11
-14
-14
-17
-19
-18
-18
-15
-11
-8
-3
0
4
8
9
12
15
15
16
14
12
9
5
3
0
-5
-7
-8
-9
-11
-13
-13
-14
-13
-11
-8
-3
0
1
6
10
12
13
15
12
10
9
6
3
1
-4
-8
-12
-17
-20
-24
-24
-24
-19
-16
-10
-5
0
4
7
12
14
17
18
19
19
18
17
13
10
5
1
-3
-8
-13
-15
-17
-17
-15
-13
-8
-4
1
5
8
9
10
11
11
11
9
8
8
4
2
0
-5
-10
-14
-15
-18
-21
-21
-21
-19
-16
-9
-3
3
8
10
12
13
14
14
14
13
13
13
12
10
8
6
1
-3
-8
-12
-13
-14
-12
-7
-3
0
3
6
6
8
7
7
6
6
6
5
8
8
8
8
4
1
-3
-8
-10
-13
-12
-12
-11
-9
-5
-1
4
8
9
9
7
3
1
-1
-1
1
3
2
3
3
0
-2
-4
-7
-10
-10
-10
-9
-7
-5
-3
-1
1
-1
-1
-2
-2
0
2
5
6
9
12
12
13
15
14
12
11
9
5
2
1
0
-4
-4
-6
-8
-8
-8
-9
-10
-12
-13
-13
-10
-8
-6
-3
0
1
3
4
4
2
-1
-2
-4
-2
3
8
12
16
15
13
8
2
-3
-5
-5
-5
-4
-4
-5
-5
-5
-4
-2
-4
-5
-5
-6
-5
-1
1
2
3
5
3
1
4
3
3
3
3
1
-1
-2
-2
-2
-1
1
4
5
5
3
-2
-8
-13
-13
-12
-10
-6
-3
0
-2
0
1
1
-1
0
2
-1
0
4
11
18
23
24
22
17
12
6
0
-4
-6
-11
-13
-14
-10
-8
-3
2
2
0
-4
-5
-5
-3
2
7
13
17
21
20
16
13
8
1
-5
-8
-9
-10
-8
-6
-2
0
2
0
-4
-5
-7
-7
-6
-2
-1
0
2
2
2
2
0
-1
-3
-6
-8
-8
-5
-1
3
6
7
4
-1
-6
-12
-12
-9
-6
-4
-4
-3
-1
-1
-1
2
-1
-3
-6
-7
-9
-6
-1
1
4
5
4
3
0
-1
-4
-3
-1
3
5
5
4
1
-2
-4
-6
-6
-5
-4
-4
-6
-4
-4
-6
-6
-6
-8
-6
-3
0
5
6
4
5
11
15
15
16
14
6
-1
-4
-9
-6
-2
3
9
12
13
14
10
5
1
-6
-13
-16
-12
-9
-2
5
7
10
9
12
11
10
16
16
11
12
9
7
11
15
15
15
11
3
-2
-4
-9
-11
-14
-14
-9
-6
-2
2
-1
-4
-9
-15
-15
-14
-15
-12
-11
-10
-8
-8
-3
1
2
-3
-2
-2
-8
-12
-8
-8
-9
-7
-6
-7
-7
-9
-4
3
7
10
9
-1
-8
-12
-15
-12
-13
-2
8
5
8
13
9
5
4
3
0
-2
0
2
2
4
9
6
5
4
0
-1
-2
3
5
7
16
19
25
37
44
48
53
53
44
37
27
21
13
12
12
7
5
3
-5
-18
-28
-36
-49
-49
-46
-48
-43
-33
-25
-21
-19
-17
-17
-21
-21
-23
-23
-21
-19
-15
-15
-8
-5
-8
-8
-7
-9
-10
-12
-17
-25
-30
-34
-37
-31
-26
-23
-14
-10
-16
-16
-10
-10
-6
10
14
23
36
44
51
56
60
56
44
40
35
25
22
19
16
11
5
-3
-13
-23
-33
-27
12
63
116
177
215
206
170
135
108
82
62
60
58
27
2
-14
-48
-92
-125
-173
-241
-289
-292
-269
-228
-155
-67
1
45
88
129
154
168
166
144
112
104
117
94
77
68
-7
-91
-154
-211
-247
-268
-276
-286
-292
-263
-210
-149
-67
14
59
64
53
40
38
45
49
65
64
44
47
40
24
28
4
-40
-61
-79
-81
-57
-23
-3
1
11
-2
0
41
51
64
90
72
60
62
59
53
31
5
-39
-85
-91
-77
-28
34
167
561
995
1142
1137
1116
934
503
49
-29
41
-127
-299
-326
-438
-691
-912
-928
-1000
-1312
-1502
-1542
-1607
-1406
-757
33
604
1022
1467
1720
1655
1552
1559
1491
1136
636
281
-58
-325
-391
-456
-623
-899
-1333
-1843
-2237
-2394
-2283
-2010
-1629
-1129
-567
39
633
1108
1430
1525
1318
890
445
128
0
32
115
274
394
335
275
253
114
-92
-324
-616
-836
-908
-848
-608
-243
57
221
229
137
24
-147
-320
-379
-437
-473
-388
-175
149
469
794
1014
1019
942
845
751
785
878
889
802
647
397
162
68
172
616
1481
2484
3098
3085
2712
2079
1086
-20
-694
-800
-1081
-1606
-1822
-1912
-2072
-2156
-2125
-2099
-2459
-3108
-3387
-3274
-2824
-1673
-33
1396
2341
3105
3798
4135
4038
3851
3567
2650
1166
-197
-1113
-1822
-2403
-2648
-2671
-2973
-3572
-4085
-4461
-4654
-4569
-4216
-3533
-2583
-1338
303
1988
3433
4383
4634
4266
3223
1855
683
-255
-915
-1186
-1184
-933
-525
-215
-24
67
-82
-613
-1276
-1849
-2211
-2219
-1894
-1377
-552
289
830
1203
1422
1364
955
354
-207
-617
-918
-880
-507
229
1069
1631
2095
2458
2444
2181
1759
1294
925
543
215
116
-8
-225
-395
-681
-809
-635
252
2604
5412
7024
7503
7184
5935
3785
1339
128
-62
-974
-2267
-2924
-3258
-3684
-4145
-4074
-3868
-4850
-6389
-7132
-7028
-6120
-4226
-1540
1083
2897
4226
5606
6784
7254
7116
6611
5248
2825
387
-1257
-2247
-2971
-3494
-3734
-4192
-5136
-5835
-5828
-5099
-4250
-3739
-3046
-2477
-1868
-285
1616
3479
4999
5374
4888
3488
1817
807
-27
-667
-1060
-1586
-1822
-1663
-1230
-315
722
933
321
-440
-1447
-2147
-2162
-1982
-1499
-847
-613
-410
194
775
1159
1165
545
-390
-1264
-1855
-1661
-697
452
1652
2710
3292
3473
3518
3272
2635
1819
769
-267
-896
-1044
-747
-205
197
418
235
-189
-456
-370
1249
4443
6944
7925
8114
7369
5506
2884
823
358
-123
-1675
-3059
-3806
-4321
-4856
-5098
-4728
-4914
-6284
-7347
-7416
-6664
-4962
-2358
485
2590
3926
5289
6630
7342
7371
6967
5845
3476
609
-1347
-2184
-2625
-2971
-3084
-3107
-3747
-4517
-4708
-4878
-5035
-5185
-5355
-4884
-3809
-1946
707
2921
4435
4983
4439
3476
2183
1051
470
-206
-841
-1126
-1256
-854
80
951
1400
1371
492
-839
-1883
-2605
-2851
-2626
-2270
-1810
-1150
-440
297
1022
1361
1029
166
-768
-1411
-1586
-1158
-146
1193
2428
3288
3888
4248
4128
3454
2538
1424
328
-507
-1019
-964
-477
98
493
768
998
845
625
534
322
1219
3980
6574
7687
7944
7392
5829
3101
326
-543
-824
-2267
-3677
-4464
-4816
-5083
-5486
-4963
-4538
-5710
-6850
-7061
-6638
-5093
-2636
48
2403
3886
4983
6179
6918
7010
6613
5415
3309
810
-1130
-2038
-2323
-2477
-2637
-2918
-3613
-4547
-5035
-5084
-5270
-5365
-5234
-4966
-4047
-2306
120
2614
4228
4838
4634
3712
2518
1421
725
345
-115
-551
-712
-440
90
566
771
387
-475
-1710
-2896
-3278
-3161
-2875
-2259
-1591
-988
-326
373
1041
1353
1002
234
-418
-764
-843
-302
861
2034
2825
3303
3544
3571
3349
2742
1904
1120
250
-563
-874
-685
-144
108
195
439
261
175
1661
4904
7963
9094
8990
8209
6153
3179
771
157
-217
-2003
-3901
-4919
-5366
-5656
-5691
-4894
-4799
-6571
-8016
-8176
-7583
-5722
-2838
192
2660
4035
5343
7152
8481
8910
8447
7120
4858
1822
-775
-1978
-2589
-3367
-4259
-5017
-5766
-6503
-6782
-6373
-5533
-5125
-4763
-3984
-3153
-1218
1347
3246
5077
5951
5770
5121
3668
2513
1534
62
-1089
-1945
-2292
-1983
-1520
-768
99
86
-842
-1606
-2305
-2909
-2932
-3035
-2889
-2138
-1710
-983
441
1544
2054
1951
1238
384
-435
-1162
-1180
-554
-56
565
1516
2652
3853
4459
4510
4194
3221
2025
872
68
-102
-401
-853
-979
-1155
-1339
-1261
-936
298
3367
7034
9015
9591
9367
7865
5277
2280
624
168
-1294
-2971
-3809
-4336
-4461
-4714
-4768
-4596
-6235
-8451
-9022
-8830
-7813
-5515
-2538
527
2709
4529
7069
9223
9955
9623
8436
6379
3361
156
-1763
-2590
-3553
-4674
-5207
-5364
-5782
-6115
-5962
-5647
-5285
-5095
-4612
-3074
-1056
1174
3439
4967
5771
5712
4918
4010
2753
1450
149
-1518
-2607
-2869
-2828
-2042
-771
96
400
213
-586
-1343
-1731
-2337
-2693
-2607
-2495
-2340
-1749
-568
599
1246
1260
713
-80
-1107
-1896
-1860
-1454
-814
117
1380
2956
4139
5012
5516
5102
4155
2821
1376
425
-464
-1021
-1025
-1241
-1214
-1063
-1292
-1051
-13
2956
7070
9221
9967
9954
8265
5582
2320
587
502
-1202
-3200
-4085
-4810
-5003
-5508
-5528
-4841
-6393
-8547
-8868
-8432
-6880
-4396
-1547
1636
3609
5024
7311
9269
10098
9587
7912
5611
2407
-877
-2731
-3514
-4256
-5035
-5347
-5194
-5066
-4761
-4314
-4057
-4282
-4949
-5091
-4153
-2242
372
3062
5114
5923
5662
4938
3665
1971
342
-1252
-2586
-3342
-3445
-2606
-886
924
2035
2292
1926
924
-700
-2192
-3213
-4061
-4632
-4774
-4235
-2702
-904
557
1576
1839
1354
276
-909
-1631
-1744
-1511
-1087
-51
1645
3415
5050
6104
6218
5544
4042
2328
972
-173
-983
-1560
-2117
-2247
-1983
-1498
-685
-44
789
3120
6487
8933
10153
10306
9172
6825
3446
1001
208
-1153
-2853
-3939
-4819
-5120
-5652
-5957
-5180
-5906
-7942
-8672
-8529
-7636
-5556
-2773
552
3130
4739
6856
8943
9944
9934
8826
6760
3814
315
-2202
-3465
-4498
-5281
-5425
-5231
-5174
-5040
-4590
-4188
-4337
-4845
-4814
-4024
-2738
-672
1842
4019
5308
5493
5117
4291
2756
954
-613
-1798
-2704
-2981
-2267
-998
452
1503
1777
1624
1014
-193
-1507
-2608
-3556
-4413
-4816
-4391
-3234
-1571
54
1159
1699
1498
582
-455
-1142
-1428
-1566
-1351
-386
1057
2609
4214
5487
5832
5413
4431
2819
1370
409
-595
-1493
-1791
-1888
-1975
-1658
-1098
25
2838
6696
9413
10501
10708
9435
6614
3388
972
-369
-1891
-3676
-5013
-5545
-5238
-5130
-4845
-4068
-4981
-7066
-8040
-8259
-7670
-5817
-3260
-628
1418
3484
6122
8433
9978
10513
9554
7477
4357
940
-1500
-3239
-4775
-5960
-6475
-6415
-6155
-5546
-4568
-3782
-3655
-4267
-4380
-3616
-2480
-165
2378
4375
6161
6546
6355
5842
4139
2432
114
-2150
-3051
-3938
-3854
-2405
-1067
350
1407
1398
1166
767
-478
-2073
-3368
-4372
-4924
-4781
-3841
-2118
-148
1294
1897
1993
1795
920
-385
-1382
-1828
-1708
-1383
-520
1353
3372
4806
5430
5438
5078
4068
2571
1108
-198
-1485
-2547
-3136
-2963
-2179
-1520
-866
385
3218
7272
9851
11051
11593
10161
7216
3629
1092
-18
-1902
-3793
-4906
-5640
-5595
-5820
-5498
-4479
-5816
-7895
-8517
-8885
-8238
-6373
-3840
-782
1342
3405
6564
9167
10772
11266
10285
8308
4942
1109
-1421
-3202
-4960
-6314
-6885
-6755
-6445
-5839
-4791
-3787
-3592
-4232
-4426
-3735
-2468
-449
2060
4451
6063
6628
6594
6064
4804
2832
548
-1507
-2903
-3698
-3846
-2746
-1023
237
1079
1489
1433
960
-96
-1569
-2970
-3952
-4729
-4822
-3727
-2116
-469
701
1213
1342
812
-143
-1031
-1833
-2276
-2326
-1816
-278
1874
3929
5531
6379
6345
5572
4090
2556
1218
-370
-1668
-2508
-2879
-2513
-1939
-1158
-315
877
4187
7788
9564
10808
10843
9101
6422
3097
1207
57
-2091
-3592
-4722
-5335
-5151
-5605
-5289
-5049
-7159
-8767
-8973
-9026
-7858
-5587
-2713
46
1887
4394
7553
9739
10861
10770
9670
7485
3778
286
-1843
-3661
-5543
-6889
-7113
-6771
-6500
-5898
-4876
-4103
-4093
-4319
-4055
-3026
-1193
910
3120
5333
6687
6862
6602
6111
4663
2562
353
-1676
-3083
-3976
-4217
-3507
-1953
-475
36
704
1399
795
-159
-1176
-2463
-3260
-3853
-4053
-3221
-1844
-597
78
549
841
272
-657
-1421
-2059
-2301
-2167
-1412
288
2354
4101
5491
6256
6146
5538
4367
2964
1583
-240
-1665
-2460
-2940
-2648
-2199
-1576
-548
1597
5606
8616
10082
11262
10536
8382
5585
2979
1851
98
-2204
-3746
-4962
-5180
-5502
-5773
-4867
-5908
-8321
-9108
-9350
-8932
-7219
-4897
-2159
-120
1793
4952
8028
10165
11187
10902
9712
7000
3411
817
-1241
-3574
-5753
-7080
-7445
-7573
-7388
-6448
-5591
-5458
-5782
-5668
-4713
-2764
103
2559
4814
6653
6732
6779
6928
6099
4997
2919
803
-981
-2750
-3168
-3174
-2597
-1272
-1387
-1583
-755
-752
-1259
-1500
-2211
-3305
-4067
-4282
-3693
-2186
-527
317
679
1082
851
168
-80
-494
-1094
-1322
-1374
-602
1043
2807
4248
5011
5290
4933
4099
3493
2653
1308
-34
-1485
-2452
-2585
-2394
-1634
-1058
97
3625
6729
8482
10482
11017
9943
7768
4814
3406
1861
-565
-2102
-3728
-4580
-5246
-6457
-5717
-5672
-7978
-8891
-9047
-9293
-8394
-6712
-3978
-1607
-253
2346
5662
8220
9988
10676
10766
9576
6476
3499
1434
-922
-3799
-6106
-7186
-7797
-8250
-7996
-7080
-6276
-6104
-5859
-4906
-3563
-1824
163
2037
4057
5579
6202
6725
6908
6230
4921
3053
1494
396
-861
-1827
-2256
-2024
-1583
-1898
-1831
-1097
-1238
-1919
-2822
-3678
-3989
-4482
-4593
-3536
-2147
-879
-26
714
1670
1807
1147
553
51
-526
-1133
-1070
158
1686
2964
4058
4840
5204
4750
3912
3120
1858
404
-1059
-2276
-2641
-2661
-2466
-1821
-1286
663
4370
7021
9017
10765
10590
9448
7196
5024
4286
2331
157
-1389
-3246
-4081
-4999
-5822
-5252
-6438
-8774
-9378
-9684
-9656
-8453
-6487
-4010
-2455
-1071
1974
5307
7763
9502
10592
10882
9516
6856
4700
3000
402
-2801
-5209
-6627
-7742
-8457
-8248
-7267
-6717
-6925
-6629
-5568
-4012
-2103
-305
1798
3805
4939
5782
6576
7134
6751
5265
3788
2380
1098
-37
-1119
-1427
-1334
-1932
-2562
-2378
-2007
-2086
-2681
-3314
-3611
-4074
-4557
-4157
-3005
-1710
-813
-462
244
940
786
555
455
272
-116
-642
-258
1059
2354
3473
4290
4650
4510
3789
3027
2414
1500
172
-1286
-2253
-2595
-2529
-2072
-1064
1276
4437
6490
7932
9381
9983
9318
7441
6230
5415
3140
947
-753
-2032
-2726
-4245
-5037
-4794
-6440
-8550
-9249
-9539
-9479
-9092
-7735
-5578
-4304
-2844
72
3177
5866
7828
9191
10311
10058
8560
7214
5621
3150
186
-2586
-4635
-6156
-7327
-7923
-8011
-7917
-7849
-7678
-6998
-5632
-3907
-2408
-1171
392
2105
3385
4596
5778
6579
6721
5978
5350
5075
4223
2968
1673
805
-59
-1505
-2116
-1958
-2339
-2993
-3852
-4686
-5150
-5744
-5935
-5250
-4238
-3428
-2887
-1907
-687
-15
513
1090
1413
1508
1458
1640
2482
3516
4285
4869
5159
4939
4209
3388
2738
1785
454
-952
-2171
-2949
-3264
-2969
-2155
-1526
-1322
118
2931
5225
7196
8829
9473
9254
7558
6147
6043
5073
3627
2187
511
-704
-2418
-3913
-4108
-5330
-7363
-8774
-10013
-10582
-10433
-9528
-7807
-6575
-5238
-2754
-278
2203
5044
7475
9031
9166
8394
7891
7107
5517
3975
2668
974
-1230
-3029
-3706
-4141
-5122
-5889
-6177
-6657
-7155
-7190
-6489
-5301
-4507
-3904
-2847
-1509
-284
911
2443
4083
4953
5155
5247
5430
5692
5501
5036
4638
3871
2656
1223
74
-773
-2136
-3757
-4850
-5528
-6187
-6641
-6456
-5954
-5841
-5815
-5367
-4310
-3002
-1908
-571
1244
2790
3794
5000
6451
7291
7225
6879
6476
5765
4666
3385
2374
1599
624
-292
-641
-776
-1126
-1756
-2109
-1303
419
1923
3082
4251
4946
4697
3798
3597
4208
4260
3731
3270
2897
2232
1021
68
-124
-1117
-3233
-4847
-5820
-6709
-7478
-7731
-7264
-6843
-6718
-5917
-4278
-2486
-886
399
1449
2000
1953
1938
2146
2376
2538
2502
2275
2158
2154
2171
2125
1890
1515
880
-234
-1360
-1839
-2022
-2342
-2644
-2926
-3213
-3590
-3880
-3581
-2972
-2679
-2626
-2501
-2101
-1488
-887
144
1425
2174
2483
2733
2944
3023
2849
2503
2297
1858
941
97
-382
-801
-1391
-2128
-2667
-3029
-3515
-3692
-3314
-2680
-1987
-1288
-386
683
1471
2067
2662
3093
3207
2985
2495
2055
1882
1798
1940
2266
2529
2629
2400
2216
2468
2721
2830
3004
3276
3257
2741
2127
1834
1599
1026
485
431
497
331
-31
-242
-230
-749
-1630
-2057
-2321
-2772
-3295
-3623
-3366
-2996
-2791
-2142
-1126
-248
214
377
551
465
-35
-651
-1237
-1656
-2041
-2513
-2559
-2119
-1529
-895
-410
98
516
476
217
-36
-224
-312
-499
-558
-272
-99
-15
193
507
720
554
219
58
-151
-474
-637
-544
-336
-234
-225
-87
22
-124
-298
-290
-212
-455
-858
-1010
-1218
-1654
-1910
-1940
-1846
-1741
-1725
-1435
-868
-319
253
1005
1869
2487
2786
3040
3192
3114
2894
2416
1820
1224
620
191
-16
-107
-194
-314
-421
-355
75
774
1421
2059
2651
2823
2652
2313
2140
2059
1723
1406
1228
954
579
189
42
62
-227
-585
-837
-1100
-1401
-1890
-2122
-1878
-1864
-1806
-1293
-706
-150
254
472
676
534
8
-535
-903
-1171
-1496
-1684
-1457
-964
-446
155
798
1324
1482
1274
807
311
-71
-556
-1019
-1252
-1289
-1305
-1347
-1185
-788
-606
-817
-1149
-1290
-1288
-1418
-1378
-795
-173
103
387
767
1167
1237
970
874
787
202
-522
-997
-1342
-1808
-2409
-2673
-2595
-2612
-2712
-2525
-2004
-1544
-1195
-601
260
1039
1559
2027
2614
3055
3081
2898
2745
2688
2407
1951
1705
1533
1165
630
156
76
234
313
573
1087
1571
1681
1442
1250
1137
802
412
284
265
119
-243
-485
-310
-83
-56
5
86
18
-270
-563
-587
-435
-383
-417
-283
57
336
549
689
611
305
-350
-1222
-1871
-2350
-2719
-2809
-2599
-2008
-1180
-459
365
1248
1792
1967
1736
1467
1337
1043
727
639
575
449
174
5
43
-85
-407
-859
-1396
-1851
-2177
-2250
-1937
-1425
-951
-557
-167
128
409
791
1064
1062
845
444
-42
-493
-879
-1077
-1173
-1303
-1522
-1722
-1705
-1591
-1423
-1157
-902
-687
-506
-330
14
479
870
1128
1261
1422
1576
1708
1821
1841
1695
1334
861
467
350
365
508
867
1243
1600
1793
1762
1746
1684
1359
989
623
218
-181
-648
-939
-1010
-1061
-1105
-1145
-1118
-1010
-1110
-1190
-976
-801
-642
-357
59
636
1097
1424
1640
1516
1033
265
-555
-1255
-1927
-2539
-2807
-2717
-2451
-1956
-1160
-265
518
994
1121
1203
1175
913
700
666
737
757
672
762
1013
1006
778
597
352
-24
-547
-1027
-1053
-962
-963
-775
-398
-10
164
245
563
846
676
360
166
-92
-519
-927
-1131
-1129
-1213
-1412
-1354
-1010
-722
-570
-402
-154
-20
-114
-88
186
449
557
488
485
747
945
996
1190
1313
1172
782
332
177
218
199
349
711
1103
1408
1496
1614
1750
1604
1315
1046
773
418
-75
-444
-570
-680
-809
-971
-1019
-969
-1185
-1447
-1466
-1389
-1285
-1139
-815
-170
424
824
1216
1558
1640
1226
504
-127
-796
-1614
-2263
-2572
-2528
-2343
-2086
-1462
-603
47
435
656
780
774
534
324
299
260
83
-38
71
263
398
476
555
538
289
-80
-291
-306
-298
-376
-442
-343
-244
-166
39
425
808
878
654
448
221
-146
-562
-879
-1030
-1218
-1466
-1445
-1062
-615
-233
121
438
618
550
444
484
524
434
273
219
336
474
661
906
1082
1102
915
671
550
488
488
569
749
991
1124
1170
1304
1453
1410
1223
997
768
441
1
-266
-340
-429
-585
-722
-655
-600
-801
-1002
-1088
-1215
-1380
-1409
-1133
-713
-317
72
453
718
724
479
147
-233
-774
-1351
-1702
-1868
-1872
-1658
-1321
-863
-374
54
391
611
702
621
448
331
213
86
33
21
39
93
131
270
404
369
276
170
71
52
62
121
235
283
318
392
530
633
675
641
460
117
-291
-625
-906
-1111
-1276
-1370
-1348
-1254
-1060
-679
-189
145
348
474
548
629
662
692
770
771
682
643
693
800
867
839
818
716
470
327
286
279
305
373
497
618
691
788
891
914
843
732
589
364
167
-1
-149
-253
-375
-433
-381
-449
-623
-719
-835
-1029
-1184
-1246
-1126
-914
-786
-592
-383
-279
-340
-536
-697
-850
-1119
-1377
-1460
-1437
-1323
-1183
-881
-464
-124
151
367
522
640
563
388
347
221
22
-134
-118
5
54
56
147
230
236
195
182
293
365
299
294
473
641
692
778
997
1174
1165
1042
944
840
546
132
-200
-393
-651
-953
-1000
-858
-706
-574
-383
-64
216
278
327
478
572
537
424
438
538
548
592
760
929
1019
969
892
880
739
535
394
301
269
230
136
141
162
87
17
-30
-60
-150
-282
-345
-314
-330
-304
-217
-87
27
0
0
52
-58
-258
-414
-547
-596
-652
-702
-653
-628
-679
-786
-886
-999
-1205
-1406
-1533
-1644
-1723
-1726
-1584
-1272
-944
-638
-277
31
263
396
469
582
539
339
194
124
104
137
190
290
364
284
180
110
78
69
-9
-130
-176
-159
-136
-56
131
385
584
652
674
767
791
639
407
226
46
-201
-362
-325
-180
-53
24
157
378
526
503
496
523
512
412
309
376
538
619
705
880
1063
1201
1194
1196
1272
1210
1003
874
868
919
849
762
766
715
489
281
156
96
-85
-395
-563
-621
-671
-678
-572
-372
-264
-331
-330
-345
-433
-574
-744
-797
-802
-872
-874
-764
-696
-683
-759
-845
-916
-1048
-1199
-1327
-1397
-1439
-1503
-1507
-1300
-1021
-809
-625
-425
-264
-258
-300
-292
-272
-320
-420
-427
-278
-151
-27
176
388
539
589
593
630
645
557
456
382
349
296
248
321
478
567
554
530
514
458
324
132
-18
-145
-366
-535
-531
-453
-325
-195
-31
241
440
536
625
717
759
698
562
524
547
549
537
585
788
965
1036
1100
1195
1232
1125
970
952
994
909
708
554
507
385
190
123
167
157
61
-77
-70
37
55
55
165
282
236
115
27
-13
-135
-324
-443
-518
-620
-754
-860
-903
-974
-1113
-1179
-1193
-1244
-1294
-1355
-1405
-1353
-1290
-1139
-891
-662
-458
-322
-185
-65
-69
-111
-164
-307
-530
-696
-750
-723
-676
-613
-506
-368
-273
-209
-84
11
46
3
-58
2
68
89
160
259
396
505
592
728
863
877
767
628
498
328
139
13
-50
-102
-184
-219
-106
64
161
219
228
272
260
159
135
193
216
204
236
413
665
880
1084
1254
1350
1294
1171
1136
1165
1099
889
662
473
262
37
-70
-70
-87
-184
-249
-178
-96
-35
75
228
331
306
262
277
251
144
-8
-108
-185
-317
-458
-485
-474
-506
-627
-719
-753
-810
-903
-1019
-1130
-1209
-1286
-1358
-1226
-953
-668
-444
-279
-73
74
36
5
-1
-112
-294
-528
-627
-551
-496
-480
-376
-221
-99
-60
-23
98
99
-56
-201
-259
-276
-290
-318
-250
-94
20
113
293
485
589
589
541
509
438
327
183
117
98
57
40
121
238
318
325
309
328
309
250
187
185
212
220
240
375
562
725
829
887
970
987
985
1024
1041
1015
931
758
581
434
269
108
-27
-111
-162
-226
-219
-107
36
135
219
300
339
308
197
107
38
-168
-390
-499
-543
-576
-623
-598
-514
-528
-587
-579
-543
-564
-712
-892
-1012
-1100
-1170
-1140
-965
-727
-591
-490
-316
-218
-191
-177
-204
-252
-374
-529
-553
-514
-448
-341
-221
-44
117
172
248
314
298
212
105
52
22
-60
-115
-109
-58
-13
38
156
280
327
288
239
205
132
9
-81
-96
-109
-154
-85
29
151
228
289
395
456
453
463
501
525
475
462
552
623
666
709
745
752
695
603
599
648
639
591
523
476
402
272
182
142
95
7
-47
-41
12
89
198
370
540
617
651
655
594
503
301
52
-144
-403
-623
-751
-805
-763
-743
-749
-677
-596
-549
-553
-622
-681
-784
-935
-972
-895
-792
-677
-583
-446
-277
-217
-168
-112
-97
-147
-280
-393
-427
-491
-535
-519
-439
-332
-280
-205
-128
-69
-67
-60
-39
-40
-47
-55
-23
40
102
173
285
390
446
478
488
446
382
260
137
38
-86
-200
-244
-258
-244
-231
-230
-198
-136
-82
-18
60
140
211
291
397
521
634
719
801
833
833
804
767
748
716
654
593
485
358
261
162
78
-1
-61
-55
-80
-86
-14
89
172
268
412
533
604
603
586
554
441
272
120
-18
-143
-296
-387
-365
-392
-428
-398
-332
-327
-388
-453
-504
-587
-710
-786
-764
-679
-622
-569
-431
-286
-243
-182
-129
-100
-141
-230
-273
-299
-320
-366
-360
-289
-228
-179
-127
-62
-57
-114
-198
-256
-280
-335
-404
-396
-293
-196
-95
33
202
305
342
367
429
479
426
328
237
168
75
-4
-36
2
-26
-118
-125
-100
-84
-89
-95
-49
11
37
96
181
298
394
415
448
474
481
485
479
479
453
399
330
300
289
262
219
173
142
122
82
63
89
125
164
207
270
335
374
356
328
271
155
30
-98
-228
-340
-436
-442
-422
-393
-315
-208
-103
-60
-44
-40
-77
-201
-278
-299
-309
-327
-344
-282
-231
-219
-183
-133
-133
-143
-188
-210
-257
-326
-365
-364
-341
-310
-230
-152
-72
-19
21
57
69
30
-22
-45
-109
-149
-144
-105
-19
83
192
286
360
395
420
423
370
267
125
15
-67
-118
-144
-146
-115
-116
-115
-64
16
64
109
135
158
193
221
260
311
354
340
282
227
204
151
88
49
15
-48
-121
-142
-93
-59
-57
-3
14
36
60
87
146
208
269
320
395
454
492
499
450
358
215
84
-58
-193
-333
-409
-424
-447
-451
-421
-325
-268
-235
-189
-141
-145
-235
-291
-288
-275
-291
-281
-213
-137
-98
-67
-19
17
0
-61
-103
-134
-190
-261
-290
-279
-270
-251
-231
-166
-123
-129
-151
-153
-144
-179
-213
-213
-183
-130
-97
-48
96
229
283
369
471
523
526
464
402
325
193
82
-16
-65
-89
-152
-173
-134
-90
-47
7
79
185
232
280
346
413
465
485
490
481
456
414
354
264
217
167
52
-35
-87
-157
-214
-232
-226
-182
-163
-138
-82
5
87
128
201
290
353
354
350
339
284
175
56
-15
-95
-194
-251
-259
-286
-305
-298
-273
-256
-259
-286
-286
-279
-327
-352
-319
-283
-255
-211
-155
-85
-60
-35
-11
24
31
20
20
-11
-24
-48
-77
-84
-67
-68
-48
-43
-44
-65
-119
-170
-211
-294
-375
-441
-444
-400
-370
-285
-154
-6
108
197
284
344
333
285
240
172
77
-20
-73
-85
-119
-161
-160
-140
-135
-141
-97
-23
22
65
123
177
233
293
364
436
473
456
422
391
347
310
250
164
103
32
-36
-51
-45
-23
-20
-16
9
34
94
171
230
317
371
387
393
396
370
306
230
144
61
-51
-103
-93
-85
-96
-121
-107
-123
-128
-144
-150
-131
-177
-243
-288
-291
-275
-281
-260
-192
-153
-143
-93
-39
-2
13
4
4
-20
-41
-67
-62
-30
-23
-19
17
54
51
32
-15
-67
-151
-254
-322
-358
-390
-425
-400
-324
-226
-124
-14
115
233
257
237
247
220
162
90
26
-7
-53
-125
-162
-165
-173
-173
-156
-116
-50
-13
-1
26
82
140
167
201
245
273
239
223
208
203
174
132
128
94
29
-27
-58
-72
-70
-81
-79
-38
1
51
105
190
255
278
285
300
284
231
163
98
35
-52
-115
-142
-137
-151
-174
-169
-158
-140
-125
-110
-78
-73
-93
-104
-116
-108
-114
-134
-120
-85
-71
-66
-55
-17
15
-1
-7
-3
-17
-45
-69
-60
-4
3
0
38
91
107
74
95
114
85
6
-55
-69
-114
-169
-179
-136
-88
-36
32
118
206
227
212
192
170
119
52
0
-35
-74
-125
-177
-198
-177
-147
-126
-77
-8
24
28
45
74
92
105
122
149
172
191
196
200
201
153
92
31
-18
-37
-85
-125
-153
-185
-217
-196
-141
-94
-23
49
101
151
187
194
206
196
138
94
32
-24
-91
-140
-177
-173
-168
-165
-136
-122
-108
-128
-129
-125
-119
-150
-167
-153
-127
-101
-83
-44
-3
-9
-17
8
39
50
30
16
1
-14
-25
-12
25
32
34
37
93
161
181
181
185
137
70
10
-38
-39
-49
-74
-73
-48
-31
6
46
86
108
110
103
118
117
127
105
71
69
19
-35
-59
-75
-101
-133
-138
-98
-80
-64
-33
-3
39
71
111
138
156
166
142
133
148
145
108
83
69
28
2
-3
-35
-63
-89
-97
-76
-64
-33
17
83
140
181
192
212
220
179
145
107
33
-48
-88
-127
-148
-156
-166
-191
-185
-180
-201
-208
-199
-168
-182
-207
-205
-194
-198
-187
-156
-136
-116
-109
-119
-80
-46
-35
-46
-71
-68
-72
-94
-83
-33
-22
-36
-21
17
65
93
119
165
169
135
89
76
52
18
17
24
33
32
53
94
148
195
202
193
192
170
147
130
100
67
14
-11
-21
-18
-5
15
20
47
62
66
84
89
88
88
83
69
82
91
93
94
85
73
27
-14
-40
-72
-107
-115
-126
-138
-134
-133
-115
-71
-10
34
92
134
162
165
182
187
165
121
61
9
-40
-96
-119
-138
-156
-173
-199
-205
-201
-210
-185
-152
-155
-165
-180
-178
-186
-166
-137
-116
-104
-111
-95
-91
-77
-49
-41
-41
-36
-39
-56
-67
-69
-64
-72
-58
-19
-4
19
46
42
55
55
41
29
25
23
32
35
41
45
58
78
116
155
173
208
208
209
190
154
144
147
109
65
52
44
29
27
42
50
57
46
68
82
99
82
66
67
67
84
102
118
130
126
105
98
94
63
41
29
-10
-56
-72
-92
-84
-45
-39
-19
16
34
45
51
60
53
19
-7
-30
-59
-89
-113
-142
-123
-129
-142
-140
-159
-193
-218
-233
-216
-209
-217
-203
-189
-156
-164
-165
-130
-115
-113
-130
-146
-161
-132
-124
-115
-65
-41
-52
-60
-36
-11
-5
-3
21
49
52
56
73
89
100
84
84
84
67
69
69
76
87
72
59
79
107
138
149
158
189
186
195
194
188
163
115
74
55
58
70
76
89
119
142
136
137
163
171
165
139
126
113
101
100
105
126
135
112
85
82
67
35
17
-12
-54
-86
-82
-70
-35
-16
-10
4
18
28
26
52
48
25
-2
-36
-70
-97
-137
-173
-186
-190
-210
-230
-226
-223
-226
-240
-241
-235
-241
-238
-221
-212
-215
-217
-203
-190
-191
-208
-203
-209
-198
-192
-164
-134
-115
-90
-77
-51
-32
-1
7
18
22
-13
-21
-7
3
9
18
34
47
44
29
47
55
62
60
76
92
92
112
121
153
159
163
169
187
182
147
130
128
94
85
89
90
101
123
125
124
134
148
168
175
186
170
168
176
173
182
197
217
219
223
210
193
185
162
140
107
72
52
44
58
98
121
136
160
140
136
115
83
56
10
-17
-46
-89
-106
-91
-99
-134
-153
-168
-172
-209
-230
-244
-253
-260
-280
-259
-253
-245
-258
-265
-262
-272
-309
-337
-340
-344
-354
-353
-327
-303
-283
-244
-199
-158
-113
-93
-56
-15
-16
-23
5
21
2
-14
-40
-54
-65
-62
-37
-31
-19
-15
-16
-17
9
33
60
77
97
131
142
166
189
200
209
199
168
153
144
138
143
168
175
179
186
183
164
146
138
135
130
122
126
139
166
178
198
225
256
242
198
182
159
137
120
124
148
158
165
163
195
172
177
183
166
148
105
62
37
8
-50
-72
-83
-94
-118
-115
-107
-111
-126
-144
-158
-149
-135
-136
-132
-129
-128
-153
-152
-130
-130
-142
-181
-215
-259
-306
-332
-340
-335
-317
-307
-295
-227
-178
-146
-95
-65
-37
-48
-66
-52
-46
-49
-59
-52
-54
-66
-65
-34
-35
-40
-52
-59
-50
-53
-33
-24
-19
-10
-3
21
47
64
66
71
54
40
45
54
65
53
72
78
105
110
146
163
149
140
126
115
85
88
112
127
140
154
158
157
149
134
122
111
90
82
85
94
110
122
156
205
236
252
284
299
287
252
205
160
121
83
48
28
4
-17
-23
-33
-30
-28
-38
-61
-69
-93
-123
-139
-137
-121
-126
-104
-77
-91
-102
-124
-158
-182
-198
-208
-228
-241
-240
-246
-238
-215
-193
-155
-136
-103
-84
-52
-28
-19
-51
-75
-77
-104
-95
-104
-102
-106
-110
-133
-145
-137
-140
-117
-111
-55
-26
12
41
74
81
68
52
24
-1
7
7
7
17
-12
7
12
40
55
81
92
97
116
118
125
115
113
101
102
114
126
148
163
169
168
147
105
92
92
73
73
78
75
94
140
180
198
210
207
180
157
128
86
58
35
-1
-4
-1
5
16
28
26
24
4
-29
-43
-60
-75
-95
-95
-89
-107
-100
-79
-71
-77
-100
-128
-138
-170
-198
-209
-220
-232
-223
-188
-168
-126
-88
-49
-12
23
43
55
60
35
27
13
-6
-33
-54
-81
-107
-102
-104
-109
-103
-89
-96
-94
-87
-57
-22
-4
23
47
42
37
37
29
28
2
-15
-8
-2
1
26
29
30
43
35
49
51
59
58
38
55
65
60
61
71
69
73
70
68
77
81
79
79
97
112
141
164
191
202
222
235
225
218
210
197
162
124
102
76
35
12
-22
-30
-33
-40
-31
-16
-28
-25
-16
-26
-24
-24
-27
-52
-72
-73
-68
-73
-80
-99
-123
-148
-147
-172
-197
-186
-191
-188
-179
-161
-155
-147
-133
-116
-103
-65
-50
-50
-54
-38
-33
-34
-22
-25
-30
-28
-37
-42
-16
-25
-27
-6
-2
-12
-17
1
24
45
44
45
49
47
29
6
-6
-10
-28
-54
-33
-27
-18
-11
-7
9
13
12
25
15
17
21
7
30
38
32
23
31
43
47
35
26
14
13
16
10
27
31
51
89
115
151
153
150
165
139
110
89
80
57
38
26
17
22
12
15
23
29
22
26
31
21
26
12
6
2
-13
-39
-43
-35
-42
-38
-56
-67
-76
-92
-100
-100
-88
-67
-59
-60
-47
-43
-37
-43
-33
-31
-39
-28
-15
-12
-2
-3
9
12
-2
-4
-5
-7
-29
-36
-7
3
10
16
25
34
48
62
61
68
71
64
67
53
43
63
68
74
63
41
35
24
5
-2
-17
-36
-51
-62
-58
-55
-34
-23
-12
-20
-24
-23
-35
-44
-65
-81
-88
-93
-99
-72
-38
-32
-32
-5
9
13
28
37
43
26
23
24
2
-12
-19
-18
-9
-11
15
15
15
24
28
16
-4
2
3
3
-5
-14
-28
-47
-56
-41
-37
-31
-40
-39
-15
-18
-17
-13
-13
-27
-24
-7
8
19
15
21
46
62
59
50
52
23
12
14
23
38
44
43
52
38
32
46
44
44
48
35
46
58
65
75
85
107
103
85
71
71
62
48
44
51
49
48
46
31
18
16
4
-24
-24
-22
-27
-28
-39
-54
-59
-64
-73
-82
-77
-72
-74
-76
-89
-99
-116
-115
-105
-85
-61
-39
-29
-29
-19
-26
-23
-24
-21
-33
-48
-59
-62
-70
-82
-76
-67
-52
-34
-22
-13
-3
-9
-16
-32
-36
-28
-25
-40
-45
-47
-54
-65
-52
-60
-64
-54
-62
-43
-19
-10
2
39
50
67
83
84
84
76
61
58
69
63
67
70
68
82
83
68
61
51
37
43
29
16
38
49
51
70
98
107
110
114
110
107
93
76
73
44
46
43
38
31
38
56
44
32
11
-5
-19
-21
-39
-28
-30
-44
-48
-33
-19
-13
-10
-24
-22
-17
-24
-18
-16
-12
-5
-5
-7
7
9
-1
14
14
-6
-18
-24
-33
-36
-50
-58
-61
-47
-46
-47
-41
-17
-16
-3
15
21
33
-3
-6
-26
-44
-55
-69
-82
-94
-105
-130
-137
-138
-123
-130
-134
-104
-90
-91
-72
-67
-66
-42
-30
-17
-6
0
13
21
37
57
50
32
36
28
13
22
23
19
19
31
40
57
72
76
83
77
92
100
111
106
101
96
78
71
74
68
58
65
75
85
97
104
101
99
83
76
73
53
42
41
38
9
-7
-4
-6
-7
-9
-9
-8
-11
-18
-21
-23
-22
-24
-9
-3
0
-19
-34
-34
-24
-29
-41
-58
-76
-86
-100
-91
-69
-64
-69
-62
-30
-24
-28
-19
-16
-26
-48
-54
-45
-35
-52
-61
-61
-64
-85
-99
-97
-116
-136
-144
-140
-126
-119
-112
-96
-87
-72
-48
-41
-14
2
2
10
28
52
45
49
30
4
-4
-17
-8
-11
0
25
33
47
51
54
68
89
84
94
96
90
96
78
84
86
84
85
104
111
115
132
135
143
151
141
131
113
94
91
76
87
94
76
61
61
39
19
20
18
18
32
27
21
17
1
-12
-10
-1
3
14
-12
-13
-7
-18
-34
-45
-61
-64
-68
-76
-84
-102
-94
-104
-106
-113
-103
-97
-105
-103
-82
-62
-51
-52
-56
-46
-62
-75
-87
-96
-107
-110
-116
-118
-126
-130
-135
-141
-124
-119
-97
-84
-74
-63
-39
-32
-13
9
18
27
18
29
36
43
36
25
15
26
41
45
55
59
68
58
67
78
91
97
94
105
123
124
119
122
108
97
85
98
102
103
111
133
133
129
141
153
152
138
126
103
66
43
20
-5
-12
-19
-26
-25
-12
-24
-19
-22
-23
-16
-19
-27
-32
-33
-46
-42
-43
-42
-37
-22
-27
-28
-33
-34
-34
-42
-50
-57
-62
-69
-66
-68
-49
-34
-53
-46
-36
-39
-42
-51
-47
-49
-64
-60
-66
-83
-65
-50
-58
-64
