0
1
0
0
0
-1
-2
-2
-3
-2
-3
-2
-1
0
0
1
1
-1
0
-1
0
0
-1
-1
-1
-1
0
0
0
-3
-2
-2
-1
1
0
0
0
0
0
0
1
0
0
-1
-1
-1
0
2
1
1
1
0
1
1
2
1
1
0
-1
-1
0
-1
-1
-1
-1
0
0
-1
-1
0
-1
0
0
-1
-1
-1
-1
-1
0
1
0
1
1
1
2
2
0
0
0
1
0
0
0
0
0
0
0
0
0
-1
-1
1
0
-2
0
-1
-1
0
0
0
0
1
1
2
1
1
1
0
0
1
0
1
1
2
0
0
1
1
0
0
-1
-1
0
0
1
2
1
1
1
0
1
0
1
1
1
1
1
1
1
0
1
2
3
2
1
0
1
0
0
-1
1
0
0
-1
-1
1
0
1
0
-1
0
0
-1
-2
1
1
0
0
1
-1
0
-1
0
0
-1
0
0
-1
-2
-1
-1
-2
-2
-1
-1
-3
-2
-3
-2
-2
-3
-2
-2
-3
-2
-2
-2
0
-1
-1
-2
-1
-2
-2
-3
-2
-2
-2
-1
0
-1
0
-1
-1
1
0
0
1
0
0
-1
0
0
-1
-1
1
1
0
0
0
0
1
1
1
2
2
1
2
1
2
2
2
2
1
1
1
2
3
2
2
2
1
0
2
1
0
1
1
1
0
2
2
1
1
1
0
1
0
-1
-1
0
0
1
0
1
0
0
1
1
1
1
0
0
1
1
-1
0
1
0
0
0
-1
0
0
0
0
0
0
0
0
0
-1
1
0
1
0
1
1
1
1
1
1
1
1
1
0
0
0
-1
-2
-2
-1
-1
-1
-1
-1
-1
-2
-2
-2
-3
-2
-3
-3
-2
-3
-1
-2
-1
-1
-1
0
0
0
-1
-1
1
0
0
0
-1
-1
-2
-1
-1
1
1
0
2
1
0
1
0
-1
0
0
1
1
2
2
2
1
1
1
1
2
1
1
1
0
0
0
1
1
-1
0
0
0
0
1
0
0
1
0
0
2
1
0
0
-1
-1
0
0
0
0
-1
0
0
2
1
1
1
-1
0
0
0
0
0
2
0
1
0
1
0
0
0
0
0
1
1
1
2
1
0
0
-1
-1
-1
0
1
2
0
2
1
-1
-2
-2
-2
-2
-1
0
-1
-1
-1
-1
1
1
1
0
0
-1
0
-1
1
1
0
1
0
-1
-1
-1
-2
-1
-1
-1
-1
-1
0
0
0
0
0
0
-1
0
1
0
1
0
0
-1
0
-1
-1
0
-1
0
-1
-2
-1
-2
-2
-2
-3
0
-1
-2
-1
-1
-1
-2
-3
-2
-2
-1
-1
0
0
0
0
1
0
-1
-2
-1
-1
-1
0
0
0
0
0
0
0
0
1
1
0
1
1
0
1
1
1
1
1
2
1
2
2
1
1
2
1
0
1
0
1
-1
0
1
1
1
2
2
3
2
0
1
1
1
1
1
2
2
1
1
1
1
2
2
3
2
2
0
0
1
0
2
2
2
1
2
2
3
2
1
0
1
1
0
1
0
0
0
0
-1
0
-1
-1
0
1
1
-1
0
-1
-2
-1
-1
-2
-2
-2
-2
-1
-2
-1
-2
-3
-3
-3
-2
-2
-3
-1
-1
-1
-1
-2
-1
-2
-1
-2
-3
-3
-2
-2
-2
0
-1
-1
-1
0
-1
0
-1
-1
0
0
0
1
0
0
0
-1
0
0
0
0
0
0
-1
0
1
1
1
2
2
2
1
2
1
1
2
1
0
0
-1
0
0
1
1
2
2
2
2
0
0
-1
0
-1
0
0
0
-1
0
0
1
0
0
0
0
1
1
0
-1
0
-1
-1
0
0
0
1
1
0
-1
-1
0
0
0
1
1
1
1
2
2
1
1
1
1
0
-1
0
0
2
0
-1
1
1
1
2
2
1
0
1
0
1
0
1
0
0
0
0
0
0
-1
-1
0
-1
-1
0
0
-2
-1
-2
-2
-1
-1
-2
-1
-2
0
-2
-1
-1
0
-1
-1
-1
-1
0
-1
-1
-2
-1
-1
-1
-1
0
-1
-1
-2
-2
-1
-1
-1
0
-1
0
0
0
0
-1
-1
-1
0
1
1
2
3
1
0
0
0
0
0
0
0
0
1
0
2
2
2
1
1
1
0
1
0
1
2
1
2
3
2
3
3
3
3
3
2
2
1
0
0
1
1
2
2
2
1
1
0
0
-1
-1
0
0
1
1
0
0
0
-2
-2
-1
-1
-2
-1
-1
-2
-2
-2
-2
-2
-3
-2
-3
-2
-2
-1
-2
-2
-2
-1
-2
-3
-2
-2
-2
-1
-2
-1
0
0
1
1
2
2
1
1
0
0
1
2
3
2
2
3
2
2
3
2
2
1
1
2
2
2
1
2
2
0
1
0
-1
1
0
-1
0
0
0
1
0
0
0
-1
-2
-2
-2
-2
-1
-3
-1
-2
-1
-2
-1
-1
-1
-1
-1
-1
-2
-1
-2
-1
-3
-1
0
-1
-2
0
-1
1
0
-1
1
-2
0
0
1
0
0
1
0
1
1
1
1
1
0
0
-1
1
0
0
0
0
0
0
-1
0
0
1
0
0
1
0
1
1
0
1
1
1
1
1
1
2
1
2
1
1
1
1
0
0
0
1
0
-1
-1
-1
0
-1
-2
-2
0
0
1
-1
0
0
-1
-1
0
-1
-1
-2
-1
1
0
-1
0
0
-1
-1
1
-1
0
0
0
-1
0
1
-1
0
-1
-1
0
-2
-1
1
1
0
1
1
1
2
1
2
3
3
3
2
1
4
2
2
1
0
0
1
0
0
-2
-1
-1
0
1
0
0
-1
0
2
3
2
2
1
1
1
0
-1
-3
-2
-3
-5
-4
-4
-4
-4
-4
-4
-5
-5
-5
-3
-3
0
1
2
3
2
0
1
0
0
-1
-2
-2
-1
-1
0
0
0
-2
-2
-2
-3
-1
-2
-2
0
3
4
5
4
3
2
3
0
0
1
3
4
5
6
4
3
1
1
-1
-1
1
4
4
3
3
2
3
1
1
0
2
-2
-2
-1
-2
-1
-1
0
-1
-1
-3
-4
-3
-3
-3
-2
-1
-1
1
1
1
2
2
4
6
4
0
-1
-3
-5
-2
-2
-1
0
-1
-3
-5
-5
-6
-10
-9
-9
-9
-8
-7
-7
-5
-2
1
2
2
3
4
3
3
5
6
7
10
11
12
12
8
5
4
3
3
5
6
5
5
4
2
1
-3
-3
-7
-3
-4
-7
-1
-5
-1
0
-2
3
-1
-1
7
1
9
7
8
8
1
4
1
-1
-5
-5
-6
-7
-7
-7
-8
-8
-5
-9
-10
-9
-8
-10
-6
-3
-1
0
2
2
2
4
4
3
0
2
-1
0
-2
-3
-3
-4
-2
-3
-3
-2
-2
-2
-2
-1
2
3
4
4
5
9
9
9
8
7
2
-2
-6
-8
-8
-7
-6
-6
-7
-5
-6
-6
-3
0
3
4
5
7
9
11
10
9
8
8
7
5
6
6
4
0
-2
-2
-2
-2
-2
-2
-2
0
1
0
0
-1
-2
-2
-1
2
4
5
6
4
4
2
-2
-3
-4
-7
-7
-7
-3
0
3
5
6
4
3
1
1
1
-1
-2
-3
-2
-2
-1
-1
-2
-1
-3
-4
-5
-4
-5
-7
-7
-7
-4
-1
-1
0
2
2
-1
-2
-3
-4
-1
1
1
4
6
8
9
8
6
4
2
-2
-4
-5
-7
-9
-9
-8
-4
-4
-5
-6
-7
-8
-5
-2
0
4
8
10
7
5
1
-4
-7
-6
-2
2
7
11
14
15
15
15
14
12
12
9
6
8
9
10
10
8
5
1
-3
-7
-12
-15
-18
-18
-18
-16
-13
-10
-7
-4
-2
-3
-4
-7
-8
-5
-2
-1
2
2
4
4
3
1
-2
-5
-7
-9
-12
-11
-8
-4
1
6
6
5
3
0
-2
-5
-10
-12
-13
-14
-15
-14
-11
-6
-6
-3
1
1
4
9
12
20
29
35
41
45
44
45
45
46
58
69
76
69
52
28
-3
-30
-45
-50
-51
-47
-44
-45
-48
-49
-52
-57
-54
-44
-35
-20
1
25
48
67
74
73
63
47
29
9
-8
-19
-28
-34
-35
-34
-37
-44
-55
-64
-71
-76
-80
-77
-68
-48
-23
1
22
32
34
30
18
3
-13
-26
-31
-26
-18
-11
-3
0
-2
-7
-16
-22
-29
-26
-11
9
30
45
51
51
46
39
36
36
39
56
94
139
174
187
183
153
97
32
-15
-43
-62
-64
-59
-61
-68
-73
-89
-114
-137
-151
-153
-143
-106
-47
23
88
143
179
191
178
148
105
59
25
2
-13
-20
-21
-19
-8
-4
-24
-58
-105
-160
-199
-209
-187
-133
-65
-4
38
59
64
40
7
-12
-60
-74
-76
-59
-20
19
55
76
55
34
-14
-51
-75
-103
-88
-70
-28
-1
27
35
35
20
-2
-20
-31
-43
-40
-30
0
51
94
123
128
118
87
58
45
104
224
340
409
432
386
283
145
23
-51
-100
-132
-147
-164
-173
-176
-194
-224
-274
-318
-357
-370
-325
-217
-67
95
237
358
438
449
398
308
214
120
22
-47
-86
-118
-133
-152
-178
-203
-231
-274
-330
-371
-376
-353
-288
-180
-42
94
195
246
244
198
124
30
-63
-130
-154
-150
-117
-62
-16
12
14
-13
-55
-102
-138
-153
-147
-112
-57
0
51
88
91
61
1
-74
-152
-202
-234
-230
-176
-110
-11
99
192
260
281
253
214
151
104
94
109
155
242
551
1039
1364
1415
1284
959
446
-115
-457
-486
-433
-382
-301
-284
-317
-415
-593
-814
-1128
-1388
-1458
-1359
-1005
-368
390
1045
1453
1683
1759
1530
1045
542
165
-137
-396
-492
-402
-317
-292
-315
-461
-720
-1087
-1492
-1842
-2036
-1895
-1419
-774
1
805
1484
1998
2202
1998
1492
768
-81
-742
-1037
-963
-615
-172
206
325
105
-276
-685
-1168
-1493
-1551
-1390
-946
-296
401
1039
1408
1353
991
419
-226
-739
-1079
-1174
-954
-583
-179
214
484
590
511
304
10
-272
-372
-357
-186
201
613
1032
1381
1494
1449
1204
704
125
-451
-668
373
2292
3552
3943
3848
3240
1941
203
-758
-647
-726
-1192
-1453
-1489
-1237
-1156
-1313
-1529
-2246
-3321
-4156
-4475
-3864
-2286
-350
1330
2464
3280
3930
3967
3291
2456
1770
954
-287
-1194
-1159
-803
-770
-1025
-1276
-1681
-2630
-3746
-4458
-4750
-4619
-3969
-2885
-1347
593
2558
4025
4776
5200
5119
4007
2250
565
-813
-1707
-2029
-1802
-1133
-476
-174
-312
-815
-1361
-1953
-2648
-3053
-2916
-2228
-1146
44
1211
2197
2564
2126
1231
219
-768
-1592
-2221
-2376
-1974
-1351
-687
132
878
1238
1359
1183
793
532
283
102
300
676
1145
1655
1953
1990
1764
1306
615
-228
-791
-1013
-774
1074
4413
6899
7537
7003
5691
3741
1103
-963
-1140
-840
-1250
-1724
-1870
-1584
-1469
-2164
-3079
-4270
-5894
-7122
-7310
-6052
-3583
-612
2034
3818
4976
5902
6337
5681
4352
3050
1643
-232
-1960
-2344
-1615
-1148
-1303
-1832
-2365
-3417
-4909
-5731
-5739
-5163
-4330
-2929
-895
1669
4461
6560
7133
6413
4613
2027
-302
-1941
-2647
-2500
-2066
-1586
-1191
-778
-240
-216
-907
-1741
-2723
-3648
-3689
-2696
-915
1105
2435
2872
2869
2328
1329
330
-858
-2208
-3113
-3565
-3349
-2022
-340
1028
2041
2307
1943
1522
860
185
31
-6
42
462
1058
1911
2695
2918
2668
1973
840
-334
-1209
-1535
-1266
-487
1198
4137
7360
8980
8581
7015
4669
1718
-1104
-2513
-2241
-1769
-1942
-2106
-1938
-1743
-2132
-3302
-4687
-6329
-8075
-8743
-7676
-5002
-1348
2108
4640
6184
6966
7289
6856
5360
3268
1167
-790
-2466
-3041
-2065
-599
-22
-554
-1528
-2750
-4486
-6165
-6792
-6571
-5921
-4619
-2394
552
3525
6216
8288
8545
6826
4228
1053
-1787
-3420
-3930
-3061
-1631
-430
783
1401
1116
236
-1425
-3212
-4709
-5776
-5427
-3539
-1199
1225
3435
4349
4051
3098
1401
-431
-1963
-3515
-4287
-3842
-2887
-1186
1018
2571
3432
3617
2712
1364
135
-939
-1339
-1135
-656
448
1852
2841
3524
3678
3113
1919
266
-1213
-2046
-2123
-1315
315
3074
6860
9679
10035
8690
6348
3352
-7
-2838
-3541
-2883
-2673
-2710
-2311
-1469
-1067
-2118
-3844
-5573
-7726
-9510
-9553
-7488
-3798
200
3528
5899
7324
8059
8055
6875
4703
2223
-75
-2031
-3231
-2743
-933
427
299
-740
-1930
-3589
-5788
-7333
-7596
-7212
-6331
-4501
-1502
2194
5579
7795
8431
7335
5017
2350
-60
-1764
-2523
-2338
-1582
-680
362
1345
1647
867
-859
-2917
-4911
-6370
-6471
-5100
-2935
-533
1551
3044
3797
3624
2711
1250
-678
-2589
-3831
-4110
-3154
-1229
924
2654
3536
3641
3179
2201
988
-61
-917
-1367
-1048
19
1475
2815
3594
3680
3169
2047
667
-573
-1558
-1976
-1917
-1546
16
3303
7499
10424
10433
8688
6330
2955
-639
-2627
-2484
-1655
-1939
-2653
-2222
-1386
-1484
-2578
-4147
-6229
-8955
-11022
-10627
-7862
-3837
241
3414
5583
6998
7916
8353
7709
5903
3591
1140
-1123
-2298
-1563
165
840
-96
-1564
-3016
-4812
-6771
-7722
-7647
-7651
-7416
-5679
-2428
1347
4781
7461
9013
8651
6701
4489
2312
248
-1201
-1965
-1979
-1480
-595
465
775
36
-1458
-3565
-5756
-7195
-7203
-5736
-3392
-981
1403
3493
4441
4323
3663
2298
227
-1916
-3659
-4239
-3441
-1900
-30
1824
2894
3221
2976
2126
1147
250
-643
-1239
-1030
-108
1168
2499
3575
3964
3664
2683
1397
363
-487
-1167
-1478
-1545
-1292
814
5392
9372
10292
9236
7291
4484
685
-2366
-2380
-1145
-1398
-2555
-3020
-2093
-1575
-2835
-3946
-5244
-8201
-10693
-10992
-8928
-4761
-567
2624
4998
6372
7507
8604
8588
7361
5298
2682
-65
-2146
-2138
-344
724
-122
-1636
-2853
-4474
-6545
-7395
-6909
-6761
-6885
-5921
-3347
311
3778
6479
7994
7641
6073
4117
2181
765
-394
-1340
-1729
-1869
-1413
-148
553
152
-902
-2572
-4575
-5967
-6048
-4976
-3346
-1795
-492
652
1570
2135
2252
1702
488
-1183
-2699
-3161
-2604
-1450
11
1205
2004
2690
2855
2721
2601
1907
875
167
-187
76
760
1354
2037
2376
2161
1821
1430
1004
610
10
-580
-922
-1349
-536
3145
7805
10399
10453
8911
6606
3345
-581
-2337
-1587
-1519
-2881
-4164
-4084
-2869
-2855
-3866
-4379
-6116
-9045
-10515
-9748
-6705
-2533
712
3087
5094
6695
8289
9378
9159
7654
5074
1848
-1071
-2411
-1797
-711
-840
-2027
-3050
-3896
-5241
-6240
-6113
-5982
-6718
-7056
-5543
-2427
1128
4310
6630
7560
6995
5505
4061
2878
1544
47
-1407
-2340
-2531
-2011
-959
-442
-965
-1979
-3517
-5089
-5611
-5118
-4029
-2689
-1451
-268
976
2064
2868
3092
2429
921
-914
-2218
-2575
-2082
-1176
-246
647
1475
2090
2480
2726
2733
2152
1155
224
-220
-48
415
1159
1869
2237
2379
2228
1998
1752
1132
318
-657
-1824
-1635
1568
6467
9776
10380
9506
7650
4304
299
-1826
-1568
-1613
-3344
-5112
-5029
-3540
-3004
-3478
-3714
-5244
-8368
-10443
-10190
-7574
-3704
-558
1681
3730
5824
8031
9715
10127
9040
6500
3086
-181
-1982
-1772
-979
-1332
-2501
-3304
-3846
-4758
-5528
-5472
-5663
-6994
-8098
-7204
-4092
-122
3550
6622
8305
8227
7035
5567
4451
2992
685
-1543
-3088
-3684
-3061
-1836
-908
-638
-1346
-2900
-4406
-5103
-4992
-4421
-3769
-2854
-1576
-149
1641
3320
4024
3546
1996
-152
-1775
-2401
-2273
-1531
-790
-239
776
2063
3100
3799
3828
2913
1447
-54
-825
-625
2
828
1573
2040
2459
2713
2639
2428
1644
244
-1156
-2251
-1789
1970
7009
9874
10513
9537
7447
4358
393
-1609
-1507
-2720
-4732
-5975
-5675
-3694
-2875
-3156
-3135
-5268
-8658
-10068
-9658
-7216
-3626
-1035
1167
3446
5750
8516
10442
10670
9283
6282
2695
-392
-2113
-2000
-1451
-1961
-2909
-3263
-3340
-3865
-4434
-4685
-5496
-7260
-8483
-7433
-4059
141
3760
6509
8226
8129
6928
5900
4617
2829
507
-2013
-3527
-3839
-3088
-1745
-969
-800
-1228
-2812
-4299
-4639
-4748
-4729
-4367
-3875
-2568
-410
1598
3350
4355
3627
1799
-161
-1821
-2467
-2245
-1833
-1316
-455
831
2383
3748
4356
3999
2856
1100
-303
-648
-195
778
1668
2162
2660
2986
3011
2911
2205
953
-503
-2111
-2383
686
5710
9126
10025
9466
7985
5253
1262
-1200
-1304
-2353
-4682
-6309
-6113
-4016
-2855
-3030
-2604
-4081
-7594
-9498
-9575
-7663
-4230
-1857
174
2614
4792
7645
10136
10701
9678
6939
3283
125
-2016
-2266
-1601
-2056
-3018
-3345
-3269
-3452
-3975
-4301
-4839
-6350
-7743
-7060
-4214
-665
2874
5988
7729
7968
7341
6296
4918
2843
254
-1870
-3187
-3607
-2821
-1578
-936
-908
-1392
-2416
-3555
-4305
-4662
-4946
-5124
-4690
-3380
-1383
870
2823
3782
3479
2243
438
-1208
-2027
-2333
-2260
-1483
-533
623
2434
3981
4676
4422
3051
1533
411
-320
-180
446
1115
1672
1938
2452
2777
2467
1829
552
-873
-1687
-394
4431
8893
9910
9490
8105
5973
3152
-20
-485
-482
-3353
-6042
-6991
-5858
-3727
-3775
-3812
-3787
-6917
-9332
-9078
-7702
-4374
-1642
-212
2120
3861
5705
8819
10364
9673
7357
4004
1215
-1043
-2223
-1688
-1669
-3020
-4144
-4188
-3529
-3291
-3629
-4134
-5384
-6961
-6923
-4030
45
3030
5344
6665
6395
5880
5362
4938
3973
1099
-1836
-3535
-3999
-2729
-1146
-257
51
-971
-2597
-3452
-3749
-3667
-3708
-4566
-5133
-4455
-3062
-956
1587
3092
3063
1947
235
-958
-1294
-1474
-1681
-1472
-821
100
1378
3147
4683
5027
4056
2465
1175
549
424
597
839
1032
1055
1165
1596
1939
2026
1219
-461
-1186
902
5421
9076
10337
10176
8584
5532
1918
29
482
-193
-2950
-5470
-6781
-6226
-5360
-5174
-4068
-4574
-8028
-10036
-9359
-7073
-3718
-1298
700
2854
4031
5724
8470
10109
9605
6968
3530
795
-1251
-2127
-1899
-2183
-3299
-4407
-4902
-4630
-4069
-3676
-3814
-4914
-6287
-5795
-3096
178
3323
6469
8384
7995
6844
5859
4210
2148
-352
-3044
-4287
-4424
-3549
-1520
-29
661
481
-811
-1847
-2909
-4047
-4288
-4799
-5129
-3877
-2400
-876
1302
2631
2660
2161
806
-732
-1602
-2603
-3387
-2876
-1651
-272
1551
3615
5125
5508
4691
3244
1903
927
173
-193
197
803
885
1230
1924
2065
1949
1079
-531
-1131
678
4965
8790
10130
10375
9331
6709
3306
614
254
-337
-3007
-5332
-6241
-5856
-5180
-5489
-5085
-5226
-8135
-10199
-9731
-7779
-4499
-2037
-36
2858
4707
6383
9036
10407
9807
7278
3606
844
-1183
-2590
-2791
-3005
-3779
-4448
-4591
-3974
-3441
-3584
-4023
-5053
-6127
-5540
-3062
90
3676
7005
8434
8513
7901
6313
4458
1952
-1083
-3390
-4860
-5045
-4090
-2480
-404
763
865
577
-420
-1479
-2315
-3681
-4839
-4927
-4345
-3170
-1398
451
1846
2203
1308
16
-1037
-2047
-3077
-3706
-3328
-2153
-669
1390
3843
5889
6710
5839
4139
2627
1277
185
-226
76
367
469
750
873
1173
1556
941
-361
-1236
504
5291
8980
10497
11260
10166
7488
3675
703
858
106
-2998
-5320
-6551
-5991
-5370
-6263
-5387
-5313
-8770
-10921
-10572
-8402
-4792
-2592
-273
3011
4790
6827
9718
11274
11134
8390
4110
878
-1615
-3221
-3562
-3922
-4595
-5286
-5531
-4728
-3810
-3463
-3665
-4973
-6521
-6039
-3441
-321
3193
6718
8818
9811
9744
8709
7516
4363
-297
-3837
-6209
-6586
-5402
-3738
-1096
445
491
517
-66
-555
-1318
-3573
-5287
-5664
-5469
-3894
-1303
1220
3172
3527
2221
909
-21
-1596
-3382
-4454
-4666
-3910
-2182
412
3770
6685
7712
6922
5426
3707
1815
131
-787
-972
-973
-698
-48
987
1948
2009
1308
117
-1424
-937
3282
7832
10132
11219
10774
8845
5732
2399
1742
1398
-1503
-4627
-6809
-6948
-5765
-6264
-5887
-4908
-7588
-10525
-10926
-9528
-6132
-3730
-2064
1067
3182
5158
8527
10949
11972
10574
6416
2708
-88
-2418
-3291
-3889
-4778
-5603
-6238
-5669
-4479
-3668
-3137
-3918
-5948
-6489
-4667
-1613
2133
5689
8286
9371
8672
7641
7064
5421
2381
-1020
-3844
-5270
-5434
-4305
-2095
-214
550
191
-523
-669
-1017
-2246
-3586
-4609
-5229
-4851
-3305
-1008
1555
3051
2541
1279
248
-981
-2270
-3133
-3469
-3117
-2354
-996
1656
4780
6897
7258
6323
4843
3109
1235
-219
-859
-987
-1254
-1224
-87
1318
2115
1968
1017
-260
-1389
-59
4568
8876
11069
11496
10258
8348
5336
2586
2192
824
-2335
-5243
-7706
-7518
-6178
-6413
-5605
-5695
-8763
-10626
-10636
-9003
-5793
-3667
-1417
1261
2770
5597
9339
11465
11955
9650
5803
2779
-347
-2590
-3002
-3578
-4808
-6148
-6638
-5577
-4584
-4309
-3984
-4530
-6051
-6341
-4426
-1095
2580
5878
8204
9096
8809
8039
6872
4881
2213
-803
-3591
-4929
-4672
-3411
-1588
-218
246
51
-573
-1228
-2038
-2935
-3629
-4624
-5184
-4232
-2636
-601
1767
2906
2617
1683
143
-1302
-2263
-3007
-3127
-2653
-1817
-142
2339
4908
6744
7013
5994
4550
2839
995
-325
-812
-1007
-1230
-1006
-56
1209
1983
1811
942
-17
-733
-41
3714
8371
10784
11289
10245
8315
6001
3204
1777
843
-1634
-4452
-6995
-7643
-6134
-5851
-5904
-5876
-8255
-10484
-10915
-10225
-7301
-4293
-2136
427
2318
4925
8733
10840
11252
9981
6719
3514
681
-1407
-1895
-2364
-3745
-5295
-6004
-5415
-4924
-5041
-4771
-5005
-6400
-7002
-5127
-1569
1794
4551
6465
7239
7304
6720
6118
5614
4101
1564
-1138
-2821
-2639
-2006
-1350
-178
-34
-876
-1563
-2389
-2841
-2851
-3422
-4324
-4690
-4112
-2871
-1373
594
1961
1640
806
28
-775
-1138
-1314
-1257
-912
-603
238
1795
3733
5363
5672
4993
4060
2787
1565
665
87
-305
-810
-974
-533
413
1215
1172
897
718
431
433
1923
5913
9564
10487
10167
9261
7767
5294
2254
1084
397
-2093
-4665
-6302
-6075
-5039
-6005
-6754
-6843
-8950
-11030
-11354
-9804
-6422
-3923
-2060
855
3433
5864
8066
9155
9765
8642
5716
3404
1742
416
-406
-1528
-2717
-3821
-4970
-5482
-5657
-5892
-6002
-6564
-7334
-6668
-4613
-2308
432
3289
5341
6473
6542
6436
6619
5685
3963
2378
1027
415
-259
-603
14
-216
-1178
-2126
-3409
-4019
-4433
-5200
-4880
-4375
-4187
-3242
-2085
-730
630
1047
1120
1023
403
-200
-536
-324
206
304
681
1765
2802
3710
4296
4299
3960
2970
1719
872
271
-110
-472
-676
-196
309
419
702
1151
1612
1849
1605
1479
2863
5816
8091
8867
9220
8856
7015
4140
2066
1585
686
-1057
-2920
-4519
-4781
-5340
-6869
-6955
-7216
-9356
-10913
-10957
-9262
-6529
-4278
-1627
894
2266
3746
5239
6575
7847
7533
6311
5284
3848
2698
2198
1551
474
-1442
-3538
-5020
-6451
-7326
-7125
-6878
-6874
-6468
-5483
-3706
-1356
870
2606
3431
3381
3381
3651
4055
4749
5179
5104
4583
3525
2653
2071
1089
-268
-2072
-3880
-5101
-5948
-5842
-4880
-4194
-3804
-3532
-3463
-2980
-2105
-1257
-523
-191
-87
154
703
1757
2805
3287
3622
3721
3350
3113
3140
3052
2814
2334
1578
992
633
168
-169
-232
-406
-701
-701
-71
1099
2040
2460
2620
2144
1171
1660
4259
6634
7632
7639
6928
5857
4046
2660
2897
2671
1197
-1178
-3816
-4837
-5625
-7080
-7022
-7235
-8923
-9975
-10123
-8736
-6291
-4747
-3344
-2272
-2034
-858
1050
3309
5957
7101
7105
7158
6724
6561
6697
5967
4363
1634
-1450
-3442
-4629
-5022
-4534
-4567
-5465
-6353
-6754
-6318
-5302
-4311
-3617
-3304
-2996
-1948
-15
2628
5372
7146
7521
7040
6337
5618
4773
3660
2084
138
-1679
-3168
-3815
-3215
-2496
-2754
-3516
-4211
-4915
-5369
-5052
-4220
-3540
-3072
-2750
-1989
-269
1710
3250
4383
4933
4656
3996
3683
3932
4106
3881
3453
2770
2029
1561
1344
1328
1320
980
552
635
987
1286
1588
1503
818
-267
-1354
-1466
-273
1325
2853
3955
4354
4471
4073
3581
4076
4192
3232
2016
292
-998
-1539
-2563
-3094
-3086
-4204
-5691
-6908
-7616
-7631
-8282
-8866
-8252
-7786
-7113
-5378
-3161
-280
2143
3421
5023
6374
6573
6408
6037
5920
5754
4627
3742
3625
3166
2284
1126
-248
-1565
-3237
-5080
-6247
-6510
-6215
-5926
-5642
-4745
-3492
-2528
-1644
-516
749
1480
1440
1079
898
946
882
722
1048
1630
1521
1031
1044
1454
1569
1178
706
429
-10
-746
-1346
-1387
-1080
-1099
-1449
-1590
-1533
-1505
-1401
-1014
-458
-142
-76
87
504
1031
1592
2174
2768
3347
3847
4392
5157
5902
6311
6205
5664
4714
3456
2204
1020
-225
-1465
-2623
-3332
-3022
-2263
-1651
-943
-410
-279
-408
-520
155
1049
1518
1854
1643
1308
1188
595
240
138
-877
-2341
-3743
-4801
-5004
-4835
-4287
-3381
-2950
-2711
-2270
-1751
-1023
-621
-697
-670
-646
-605
-200
575
1537
2181
2291
2069
1627
973
291
-212
-538
-658
-510
-186
350
1120
1859
2359
2427
2118
1695
995
-120
-1297
-2289
-2984
-3688
-4390
-4455
-4140
-4011
-4037
-3924
-3267
-2565
-2284
-1651
-476
588
1209
1652
2511
3585
3933
3737
3727
3764
3345
2363
1609
1492
1146
380
-163
-236
-240
-577
-928
-636
-107
44
107
564
1342
1926
2272
2652
2984
2984
2533
2067
1788
1337
782
546
584
558
299
-38
-256
-604
-1132
-1360
-1060
-669
-472
-176
338
751
677
194
-347
-1130
-2248
-3283
-3811
-3724
-3367
-2886
-2036
-918
130
1032
1826
2433
2697
2405
1859
1540
1378
1264
1164
1057
959
746
318
-69
-323
-728
-1496
-2490
-3222
-3466
-3434
-3097
-2228
-1168
-362
40
417
1261
2149
2383
2239
2005
1441
481
-482
-857
-692
-883
-1706
-2382
-2633
-2852
-3098
-3041
-2446
-1801
-1854
-2146
-1841
-1025
-362
-106
270
903
1265
1278
1398
1878
2385
2235
1676
1516
1668
1629
1338
1293
1654
1792
1498
1370
1733
2121
1977
1555
1401
1230
578
-210
-518
-464
-736
-1372
-1616
-1264
-765
-560
-480
-262
-198
-456
-665
-386
293
810
1060
1360
1633
1751
1607
1161
537
-258
-1220
-2129
-2723
-2965
-2917
-2687
-2315
-1820
-1217
-542
90
598
1039
1401
1546
1587
1764
2121
2402
2455
2351
2178
2008
1727
1397
1148
814
202
-580
-1191
-1480
-1574
-1586
-1514
-1431
-1359
-1304
-1136
-766
-347
-94
-50
-207
-432
-538
-539
-539
-593
-776
-1024
-1274
-1395
-1260
-952
-723
-742
-857
-855
-720
-595
-525
-402
-375
-520
-581
-393
-70
178
206
225
430
662
884
1142
1365
1388
1238
1058
1108
1385
1641
1761
1774
1586
1272
936
706
601
446
118
-381
-872
-1143
-1128
-1002
-949
-1110
-1276
-1409
-1541
-1346
-857
-290
113
156
206
549
755
723
670
450
104
-381
-804
-717
-451
-461
-579
-583
-500
-456
-548
-458
-31
216
117
47
296
714
1048
1287
1526
1666
1475
1097
894
1052
1316
1348
1189
1031
807
496
252
209
344
232
-190
-466
-534
-585
-665
-787
-842
-896
-1152
-1366
-1199
-840
-672
-690
-629
-382
-223
-248
-188
-6
2
-240
-498
-470
-228
-139
-165
-23
182
216
0
-155
-95
-73
-149
-109
160
469
612
557
572
755
849
815
824
852
791
587
326
193
123
-48
-253
-442
-552
-535
-558
-562
-500
-554
-617
-723
-852
-832
-814
-873
-873
-868
-799
-639
-558
-443
-308
-320
-342
-222
-32
178
270
225
112
-113
-302
-288
-249
-248
-182
-112
17
186
305
574
832
761
603
602
628
615
571
605
796
826
803
1041
1361
1473
1306
998
872
754
384
92
21
-128
-437
-748
-825
-720
-758
-883
-801
-565
-447
-465
-367
-24
283
338
317
380
369
159
13
93
240
184
10
-17
119
196
181
201
179
-14
-253
-327
-191
32
151
213
331
358
326
422
623
779
775
674
580
428
256
146
44
-140
-376
-575
-664
-682
-765
-836
-832
-846
-936
-960
-952
-954
-998
-1098
-1136
-1149
-1174
-1188
-1195
-1150
-1061
-994
-816
-437
-42
228
388
511
553
427
231
29
-121
-251
-421
-420
-101
278
455
638
815
874
761
600
635
704
621
488
414
456
615
743
918
1119
1151
1131
1107
1062
1005
819
477
117
-236
-501
-631
-762
-853
-914
-817
-713
-674
-499
-196
-29
-14
-62
-96
-9
4
15
156
329
437
560
791
1055
1191
1189
1064
860
606
344
185
129
10
-135
-205
-180
-127
-38
106
200
211
222
291
410
481
394
285
169
46
-29
-54
-48
-136
-353
-560
-663
-734
-818
-920
-1028
-1160
-1292
-1353
-1330
-1260
-1198
-1226
-1307
-1350
-1343
-1244
-1039
-812
-608
-402
-297
-246
-164
-55
14
-56
-198
-268
-261
-268
-214
-27
239
459
506
491
572
624
606
520
478
567
567
459
482
633
732
689
607
690
879
954
902
880
836
658
346
172
221
205
36
-115
-172
-139
-63
51
280
431
381
196
10
-29
42
63
77
119
102
152
305
509
805
1018
1033
1000
935
825
696
554
387
159
-182
-464
-490
-379
-276
-168
-32
78
120
168
314
383
134
-191
-391
-425
-419
-475
-421
-279
-294
-454
-469
-339
-255
-471
-790
-987
-1190
-1427
-1532
-1463
-1353
-1335
-1399
-1335
-1067
-805
-644
-448
-267
-251
-387
-562
-607
-599
-648
-669
-575
-423
-277
-164
26
316
540
639
626
612
667
683
618
612
614
522
379
267
303
421
412
317
311
424
493
467
481
590
569
313
80
67
152
123
1
-14
137
211
246
431
735
878
663
383
312
302
212
92
134
359
413
365
536
897
1138
1130
1072
1195
1244
1045
845
786
686
336
2
-11
164
217
194
283
429
456
407
438
468
283
-91
-438
-645
-794
-983
-1051
-1011
-1001
-1008
-963
-886
-827
-821
-863
-949
-1092
-1214
-1270
-1282
-1305
-1251
-1071
-892
-796
-692
-506
-358
-374
-468
-554
-673
-907
-1120
-1191
-1119
-1086
-1074
-969
-798
-650
-485
-291
-94
86
132
192
394
629
789
908
975
992
916
827
814
793
715
578
449
437
466
508
575
589
484
319
165
27
-70
-154
-201
-189
-116
-18
155
418
617
705
714
744
792
760
690
668
705
704
629
601
737
843
830
828
887
973
933
739
602
531
380
122
-35
-4
81
113
189
425
701
843
847
881
849
642
377
161
34
-115
-370
-524
-513
-570
-656
-700
-706
-727
-885
-1082
-1179
-1271
-1445
-1565
-1583
-1501
-1422
-1313
-1124
-895
-698
-616
-568
-484
-434
-492
-598
-673
-684
-681
-724
-726
-656
-547
-555
-577
-517
-437
-400
-405
-385
-304
-216
-198
-172
-89
26
99
146
245
326
367
392
395
433
496
563
651
721
777
821
800
705
553
416
314
238
183
191
245
251
226
204
261
345
369
321
262
266
286
343
484
616
677
719
731
768
855
930
1005
1002
895
794
710
603
504
383
329
289
230
261
364
443
425
368
316
227
32
-107
-152
-179
-261
-348
-366
-317
-310
-341
-278
-219
-268
-365
-399
-418
-523
-655
-695
-725
-775
-804
-739
-611
-607
-677
-679
-670
-730
-790
-766
-675
-624
-633
-593
-479
-423
-397
-335
-293
-268
-273
-271
-175
-98
-54
-37
-34
-13
-14
-41
-44
-38
-101
-158
-210
-216
-202
-235
-227
-161
-148
-149
-57
54
133
111
38
-2
11
7
57
237
407
434
393
476
603
643
647
644
589
445
303
285
370
407
391
382
418
444
450
539
659
689
611
544
560
575
564
557
611
653
665
689
726
723
615
439
251
93
-56
-161
-213
-221
-241
-275
-317
-336
-371
-396
-389
-423
-495
-529
-547
-562
-514
-447
-384
-335
-335
-324
-270
-250
-308
-426
-522
-627
-766
-880
-901
-827
-734
-671
-572
-410
-296
-249
-209
-181
-176
-217
-277
-246
-128
-37
16
58
166
280
353
388
430
446
371
214
71
1
-98
-229
-321
-302
-245
-209
-208
-183
-122
-105
-121
-73
-25
19
36
44
114
233
361
475
574
639
686
692
638
611
642
638
549
423
349
313
249
232
248
263
271
241
242
329
403
399
409
448
495
546
625
736
781
684
512
391
293
171
71
-12
-84
-162
-259
-295
-287
-297
-332
-385
-469
-555
-623
-642
-590
-548
-530
-524
-508
-435
-331
-231
-140
-123
-233
-370
-487
-560
-599
-686
-772
-780
-774
-730
-629
-456
-311
-301
-380
-423
-395
-396
-397
-346
-261
-236
-259
-205
11
203
267
314
390
432
393
314
323
383
295
129
45
112
144
87
43
26
4
-76
-146
-64
67
72
9
6
62
101
137
204
337
425
390
355
413
530
578
577
587
580
511
403
344
363
359
312
247
225
240
235
207
232
281
275
255
258
336
407
369
286
217
174
118
70
62
83
28
-70
-141
-148
-116
-111
-129
-157
-162
-227
-279
-234
-172
-200
-267
-310
-274
-244
-239
-210
-174
-208
-324
-385
-351
-331
-374
-402
-411
-423
-451
-456
-402
-323
-320
-366
-373
-332
-314
-323
-279
-215
-202
-226
-211
-145
-79
-52
-49
-37
-81
-143
-147
-86
-14
12
-8
22
78
109
132
141
155
142
119
114
185
241
242
207
160
143
134
98
70
58
48
33
-2
2
69
148
160
168
207
245
238
216
261
325
365
372
391
463
514
489
465
485
463
385
292
236
228
159
41
-7
-6
-28
-69
-71
-25
-9
-68
-138
-131
-150
-209
-243
-200
-121
-139
-146
-82
-26
7
27
60
108
122
91
64
46
-24
-136
-230
-281
-309
-371
-396
-391
-376
-361
-369
-367
-379
-409
-427
-411
-350
-270
-198
-124
-24
82
144
160
180
206
187
133
78
51
-5
-107
-182
-203
-202
-201
-199
-185
-127
-128
-178
-162
-103
-25
47
126
238
349
393
390
378
391
365
308
246
200
138
64
31
3
17
7
-18
11
25
-32
-109
-158
-128
-54
-1
68
170
238
274
312
367
433
428
359
300
215
120
59
36
35
52
30
1
26
23
28
-3
-71
-158
-308
-406
-437
-444
-433
-392
-329
-270
-207
-111
16
120
188
221
221
185
115
79
85
50
-9
-49
-65
-74
-88
-75
-65
-60
-141
-256
-322
-363
-395
-435
-414
-356
-287
-180
-37
93
192
267
296
274
237
185
127
70
19
-13
-52
-69
-81
-105
-93
-71
-65
-56
-27
-13
-11
-5
35
85
146
201
224
231
230
225
231
256
283
291
265
229
208
183
197
208
176
108
21
-44
-73
-41
-3
29
45
27
13
-7
16
36
-3
-38
-68
-124
-157
-135
-106
-116
-130
-150
-146
-114
-61
7
60
55
2
-57
-100
-125
-156
-195
-261
-320
-351
-323
-242
-124
-50
1
64
62
56
79
87
90
61
-6
-21
-20
11
64
109
127
101
81
57
35
4
-45
-111
-204
-266
-268
-214
-138
-108
-96
-37
8
57
97
121
122
53
-39
-91
-96
-109
-124
-124
-113
-118
-114
-69
3
61
87
87
83
92
84
94
140
152
143
115
89
143
188
208
220
245
256
224
194
193
218
185
124
97
124
170
165
179
207
213
192
136
120
130
87
-25
-124
-162
-181
-198
-193
-141
-103
-123
-148
-124
-48
-3
-12
-55
-58
-73
-116
-124
-91
-72
-133
-206
-235
-204
-174
-158
-148
-129
-131
-177
-164
-94
-33
-25
-44
-11
28
45
78
134
175
155
93
65
95
116
86
65
51
-2
-75
-127
-104
-75
-79
-114
-114
-75
-40
-9
4
8
4
-35
-83
-101
-87
-95
-118
-147
-128
-95
-97
-76
-37
32
48
24
32
44
32
-25
-39
-24
-8
-50
-33
11
38
48
55
96
160
188
173
180
180
144
110
117
155
191
193
197
247
290
296
273
237
169
61
-64
-115
-129
-156
-196
-204
-186
-201
-178
-134
-40
8
-18
-31
-13
-4
-13
1
2
-5
-35
-51
-8
38
71
90
71
31
-25
-77
-71
-77
-95
-70
-69
-61
-31
7
42
70
75
66
73
74
67
60
69
53
36
31
46
90
110
105
99
74
30
-47
-59
-65
-77
-99
-120
-116
-111
-114
-130
-84
-94
-148
-173
-170
-150
-138
-113
-82
-26
-18
0
29
68
70
30
5
1
-1
-34
-53
-25
5
-11
-7
27
81
109
97
97
98
71
17
-22
-16
-13
-28
-41
1
64
79
70
45
15
-54
-135
-179
-197
-209
-256
-266
-217
-162
-116
-63
-21
-6
-23
-57
-89
-84
-94
-120
-112
-75
-43
-22
45
115
189
192
175
206
221
181
130
136
134
114
98
129
207
255
244
239
252
244
203
175
191
192
145
110
119
135
148
152
159
159
140
87
40
15
3
-40
-88
-74
-82
-96
-83
-71
-50
-58
-96
-97
-77
-98
-113
-117
-125
-135
-144
-136
-104
-59
-59
-81
-82
-95
-115
-156
-175
-154
-142
-105
-81
-43
12
30
46
76
94
90
58
4
-15
-28
-69
-95
-85
-57
-44
-59
-43
-12
-37
-94
-143
-176
-217
-252
-255
-241
-214
-218
-208
-177
-128
-99
-104
-101
-99
-120
-164
-181
-163
-151
-120
-68
-7
50
100
102
119
157
141
121
104
95
90
76
82
110
135
153
168
184
193
198
213
219
217
239
248
276
285
269
279
293
305
284
263
230
169
114
78
49
34
22
-8
-3
13
31
54
71
83
82
71
72
64
66
74
54
43
36
13
-12
-34
-46
-52
-93
-107
-125
-146
-139
-131
-104
-64
-60
-53
-33
-19
-11
-22
-44
-48
-61
-83
-99
-121
-135
-166
-174
-155
-139
-146
-149
-151
-158
-168
-184
-184
-194
-182
-180
-200
-199
-220
-224
-221
-222
-254
-267
-261
-251
-220
-194
-161
-132
-104
-70
-16
51
104
120
137
138
126
98
78
79
64
51
48
39
42
50
38
29
51
75
86
102
133
181
213
229
254
287
282
278
270
256
232
186
141
112
108
89
91
96
81
53
33
62
75
75
87
105
105
109
115
145
157
125
113
86
80
76
65
42
19
-16
-44
-29
-2
43
75
95
120
146
154
138
116
85
36
-25
-74
-99
-110
-111
-123
-155
-179
-198
-229
-234
-224
-231
-233
-235
-232
-209
-187
-187
-172
-158
-168
-195
-218
-233
-259
-269
-297
-323
-331
-330
-328
-314
-260
-196
-162
-133
-81
-23
24
59
93
108
90
74
61
69
61
36
23
25
4
1
9
35
60
79
104
120
139
155
161
185
209
213
220
208
214
207
173
144
115
92
76
67
68
83
83
98
109
109
130
138
160
175
159
182
202
193
204
213
198
175
142
103
68
35
1
-3
7
27
52
74
90
100
122
136
134
118
113
82
27
-6
-19
-40
-64
-78
-91
-99
-129
-145
-162
-175
-192
-205
-206
-208
-209
-204
-209
-224
-218
-215
-236
-263
-278
-302
-314
-341
-346
-352
-349
-341
-310
-262
-205
-152
-111
-60
-18
14
37
75
89
90
72
64
62
51
39
33
22
-25
-57
-75
-62
-42
-8
27
82
123
144
180
200
204
207
216
204
203
192
176
158
148
141
138
125
107
84
44
32
22
26
38
60
70
85
104
114
135
156
163
166
156
141
134
126
105
90
81
93
99
127
169
204
229
242
247
254
243
219
171
117
51
-1
-40
-68
-79
-87
-91
-95
-105
-104
-110
-133
-122
-149
-175
-172
-174
-171
-165
-150
-149
-158
-179
-216
-274
-318
-345
-369
-390
-402
-411
-385
-335
-300
-291
-284
-282
-279
-224
-177
-108
-48
-29
-22
-15
-16
-29
-28
-50
-59
-77
-91
-84
-83
-59
-46
-36
-33
-3
13
28
67
110
145
151
137
138
139
109
112
119
119
126
129
143
162
172
160
170
184
193
217
235
240
233
225
222
215
199
213
205
190
166
163
164
155
160
187
200
203
231
237
257
265
283
284
287
292
289
265
241
202
160
124
83
45
8
-15
-57
-86
-109
-127
-131
-141
-140
-135
-154
-158
-167
-179
-165
-179
-190
-199
-232
-245
-268
-292
-297
-318
-337
-347
-338
-306
-287
-280
-263
-243
-230
-209
-192
-173
-160
-152
-132
-119
-103
-95
-107
-128
-144
-158
-167
-146
-146
-129
-99
-96
-65
-36
-30
-7
11
18
38
45
41
37
32
16
18
-2
0
11
10
13
24
33
26
28
44
58
68
92
130
148
160
185
175
181
167
160
151
134
122
111
116
120
144
162
178
191
208
217
217
230
233
252
280
257
252
246
222
209
202
175
137
110
95
82
71
65
47
41
22
1
-13
-39
-50
-58
-51
-50
-68
-83
-108
-127
-140
-155
-167
-174
-181
-181
-172
-161
-150
-157
-146
-125
-122
-113
-90
-73
-66
-68
-80
-68
-64
-72
-60
-54
-71
-91
-113
-112
-113
-105
-98
-85
-68
-58
-47
-44
-39
-29
-30
-31
-30
-28
-30
-45
-45
-59
-77
-100
-118
-105
-108
-96
-97
-95
-83
-61
-52
-34
-9
-2
16
31
39
36
40
34
38
44
46
55
62
82
86
98
122
142
133
131
145
155
167
183
203
205
206
192
176
174
186
183
172
159
144
111
87
74
72
65
46
39
44
38
33
35
33
21
19
-5
-26
-42
-69
-86
-124
-136
-144
-165
-164
-142
-135
-121
-106
-111
-104
-96
-87
-75
-48
-18
-22
-30
-33
-36
-38
-28
-25
-31
-36
-48
-57
-50
-40
-44
-50
-48
-47
-42
-32
-23
-19
-11
-18
-25
-17
-2
4
-6
-12
-24
-42
-45
-52
-59
-68
-89
-100
-91
-77
-70
-55
-35
-14
8
12
3
6
-4
-17
-16
-25
-40
-42
-38
-27
4
26
51
73
94
116
122
141
162
173
177
188
183
180
191
184
166
148
141
118
114
111
84
69
65
50
33
26
12
-3
-3
-10
-6
25
53
54
63
52
26
3
-23
-41
-70
-84
-95
-109
-128
-126
-126
-124
-112
-116
-118
-105
-93
-74
-73
-79
-68
-57
-54
-46
-36
-28
-23
-34
-29
-3
4
5
11
8
13
2
-14
-17
-1
18
35
52
48
43
4
-22
-39
-54
-64
-66
-63
-68
-73
-109
-114
-111
-107
-103
-80
-65
-60
-45
-46
-41
-41
-34
-46
-41
-32
-42
-52
-52
-57
-72
-60
-54
-42
-40
-20
-12
13
42
73
101
110
114
130
156
160
175
178
182
187
191
179
166
143
126
100
86
79
64
54
53
61
61
52
51
61
60
52
48
30
19
23
5
-7
1
5
-3
3
-2
9
-5
-11
-1
-18
-23
-20
-12
-4
-7
-12
-15
-22
-4
-1
0
-1
-9
-12
-11
-11
-31
-20
-30
-42
-28
-15
-2
-4
6
12
16
10
-15
-39
-22
-32
-39
-40
-49
-60
-77
-102
-115
-117
-141
-157
-158
-144
-128
-121
-116
-97
-87
-83
-74
-64
-71
-91
-112
-122
-129
-121
-106
-87
-63
-40
-33
-30
-16
-19
-12
9
24
23
41
51
66
78
95
130
131
142
126
109
88
65
42
10
-1
-9
-19
2
12
15
27
26
42
51
67
74
74
75
79
60
43
41
44
47
42
57
63
76
91
85
85
75
50
48
68
73
85
97
94
100
102
95
91
77
81
75
78
80
56
52
59
47
49
50
46
41
42
49
48
44
21
-6
-19
-41
-41
-34
-42
-59
-78
-88
-91
-87
-94
-100
-104
-118
-115
-114
-93
-89
-85
-92
-93
-89
-106
-111
-124
-129
-137
-144
-142
-144
-139
-139
-135
-115
-107
-96
-84
-70
-62
-60
-50
-39
-31
-20
7
26
28
33
41
17
-8
-32
-55
-60
-82
-92
-91
-90
-93
-85
-72
-55
-46
-32
-16
-22
-4
23
35
51
57
64
65
56
64
58
57
54
56
66
88
92
101
112
105
105
105
116
133
135
139
151
153
157
137
144
148
146
146
134
142
138
139
134
140
127
112
126
125
124
133
121
92
81
58
26
-4
-8
-27
-35
-49
-54
-52
-62
-68
-75
-67
-71
-73
-62
-59
-70
-71
-84
-88
-89
-94
-97
-101
-110
-115
-117
-121
-130
-153
-163
-157
-148
-144
-140
-106
-84
-73
-46
-30
-19
-11
-7
-26
-26
-19
-32
-38
-22
-28
-43
-45
-69
-86
-90
-83
-82
-71
-56
-55
-54
-41
-25
-16
-2
3
5
2
-2
-2
-6
-4
-2
-5
8
25
22
35
48
40
50
59
61
74
91
82
71
77
83
90
89
94
89
86
93
72
77
84
77
87
87
100
111
129
148
146
154
151
131
123
106
88
67
49
27
25
22
10
6
3
-7
-21
-23
-23
-17
-20
-12
8
-4
-9
-21
-14
-6
-19
-22
-43
-61
-72
-86
