9.121205e-001 8.787948e-002 0.000000e+000 0.000000e+000 0.000000e+000 
0.000000e+000 5.099379e-001 4.900621e-001 0.000000e+000 0.000000e+000 
0.000000e+000 0.000000e+000 7.599009e-001 2.400991e-001 0.000000e+000 
0.000000e+000 0.000000e+000 0.000000e+000 5.824542e-001 4.175458e-001 
0.000000e+000 0.000000e+000 0.000000e+000 0.000000e+000 1.000000e+000 
1.000000e-030 1.000000e-030 1.000000e-030 1.000000e-030 1.000000e-030 1.000000e-030 1.000000e-030 1.000000e-030 1.000000e-030 1.000000e-030 1.000000e-030 1.000000e-030 1.000000e-030 1.000000e-030 1.000000e-030 1.000000e-030 1.000000e-030 3.329734e-259 1.000000e-030 1.000000e-030 1.000000e-030 1.000000e-030 1.000000e-030 1.000000e-030 1.000000e-030 1.000000e-030 1.000000e-030 6.971368e-001 1.000000e-030 1.098057e-141 1.000000e-030 3.028632e-001 
1.000000e-030 1.000000e-030 1.000000e-030 1.000000e-030 1.000000e-030 1.000000e-030 1.000000e-030 1.000000e-030 1.000000e-030 1.000000e-030 1.000000e-030 1.000000e-030 1.000000e-030 1.000000e-030 1.000000e-030 1.000000e-030 1.000000e-030 9.535022e-187 1.000000e-030 1.000000e-030 1.000000e-030 1.000000e-030 1.000000e-030 1.000000e-030 1.000000e-030 1.000000e-030 1.000000e-030 6.108237e-008 1.000000e-030 1.719769e-047 1.000000e-030 9.999999e-001 
1.000000e-030 1.000000e-030 1.000000e-030 1.000000e-030 1.000000e-030 1.000000e-030 1.000000e-030 1.000000e-030 1.000000e-030 1.000000e-030 1.000000e-030 1.000000e-030 1.000000e-030 2.335775e-187 1.000000e-030 1.000000e-030 1.000000e-030 1.000000e-030 1.000000e-030 1.000000e-030 1.000000e-030 1.000000e-030 1.000000e-030 1.000000e-030 1.000000e-030 1.000000e-030 1.000000e-030 3.966081e-001 1.000000e-030 2.400991e-001 1.000000e-030 3.632928e-001 
1.000000e-030 1.000000e-030 1.000000e-030 1.000000e-030 1.000000e-030 1.000000e-030 1.000000e-030 1.000000e-030 1.000000e-030 1.000000e-030 1.000000e-030 1.000000e-030 1.000000e-030 5.330962e-307 1.000000e-030 1.000000e-030 1.000000e-030 2.744883e-029 1.000000e-030 1.000000e-030 1.000000e-030 1.000000e-030 1.000000e-030 1.000000e-030 1.000000e-030 1.000000e-030 1.000000e-030 1.000000e+000 1.000000e-030 7.829462e-062 1.000000e-030 1.402282e-032 
1.000000e-030 1.000000e-030 1.000000e-030 1.000000e-030 1.000000e-030 2.701960e-002 1.000000e-030 1.000000e-030 1.000000e-030 1.000000e-030 1.000000e-030 1.000000e-030 1.000000e-030 2.566862e-001 1.000000e-030 1.350980e-002 1.000000e-030 4.998627e-001 1.000000e-030 1.000000e-030 1.000000e-030 1.891372e-001 1.000000e-030 1.000000e-030 1.000000e-030 1.000000e-030 1.000000e-030 1.378444e-002 1.000000e-030 1.000000e-030 1.000000e-030 2.834889e-317 
