7.303736e-001 2.696264e-001 0.000000e+000 0.000000e+000 0.000000e+000 
0.000000e+000 8.923709e-001 1.076291e-001 0.000000e+000 0.000000e+000 
0.000000e+000 0.000000e+000 8.333333e-001 1.666667e-001 0.000000e+000 
0.000000e+000 0.000000e+000 0.000000e+000 9.528861e-001 4.711392e-002 
0.000000e+000 0.000000e+000 0.000000e+000 0.000000e+000 1.000000e+000 
1.000000e-030 1.000000e-030 1.000000e-030 1.000000e-030 1.000000e-030 1.000000e-030 1.000000e-030 1.000000e-030 1.000000e-030 1.000000e-030 1.000000e-030 1.000000e-030 1.000000e-030 1.000000e-030 1.000000e-030 1.000000e-030 1.000000e-030 1.000000e-030 1.000000e-030 1.000000e-030 1.000000e-030 2.696264e-001 1.000000e-030 1.660503e-310 1.000000e-030 1.000000e-030 1.000000e-030 7.303736e-001 1.000000e-030 1.000000e-030 1.000000e-030 2.054543e-036 
1.000000e-030 1.000000e-030 1.000000e-030 1.000000e-030 1.000000e-030 1.000000e-030 1.000000e-030 1.000000e-030 1.000000e-030 1.000000e-030 1.000000e-030 1.000000e-030 1.000000e-030 1.000000e-030 1.000000e-030 1.000000e-030 1.000000e-030 1.000000e-030 1.000000e-030 1.000000e-030 1.000000e-030 3.073315e-179 1.000000e-030 2.480860e-018 1.000000e-030 1.000000e-030 1.000000e-030 1.389669e-001 1.000000e-030 1.000000e-030 1.000000e-030 8.610331e-001 
1.000000e-030 1.000000e-030 1.000000e-030 1.000000e-030 1.000000e-030 1.000000e-030 1.000000e-030 1.000000e-030 1.000000e-030 1.000000e-030 1.000000e-030 1.000000e-030 1.000000e-030 3.577577e-165 1.000000e-030 1.000000e-030 1.000000e-030 4.080667e-091 1.000000e-030 1.000000e-030 1.000000e-030 1.666667e-001 1.000000e-030 3.333333e-001 1.000000e-030 1.000000e-030 1.000000e-030 5.000000e-001 1.000000e-030 1.226738e-016 1.000000e-030 1.115919e-040 
1.000000e-030 1.000000e-030 1.000000e-030 1.000000e-030 1.000000e-030 1.000000e-030 1.000000e-030 1.000000e-030 1.000000e-030 1.000000e-030 1.000000e-030 1.000000e-030 1.000000e-030 6.124810e-001 1.000000e-030 1.000000e-030 1.000000e-030 1.048355e-001 1.000000e-030 1.000000e-030 1.000000e-030 1.626842e-028 1.000000e-030 1.963831e-192 1.000000e-030 1.000000e-030 1.000000e-030 5.724804e-163 1.000000e-030 2.826835e-001 1.000000e-030 1.000000e-030 
1.000000e-030 1.000000e-030 1.000000e-030 1.000000e-030 1.000000e-030 3.651311e-002 1.000000e-030 1.000000e-030 1.000000e-030 1.000000e-030 1.000000e-030 1.825655e-002 1.000000e-030 6.634492e-086 1.000000e-030 1.825655e-002 1.000000e-030 5.435862e-001 1.000000e-030 1.000000e-030 1.000000e-030 2.738483e-001 1.000000e-030 1.000000e-030 1.000000e-030 1.825655e-002 1.000000e-030 3.651311e-002 1.000000e-030 1.825655e-002 1.000000e-030 3.651311e-002 
