0.000000e+000 1.000000e+000 0.000000e+000 0.000000e+000 0.000000e+000 
0.000000e+000 9.000000e-001 1.000000e-001 0.000000e+000 0.000000e+000 
0.000000e+000 0.000000e+000 8.750000e-001 1.250000e-001 0.000000e+000 
0.000000e+000 0.000000e+000 0.000000e+000 9.744603e-001 2.553972e-002 
0.000000e+000 0.000000e+000 0.000000e+000 0.000000e+000 1.000000e+000 
1.000000e-030 1.000000e-030 1.000000e-030 1.000000e-030 1.000000e-030 1.000000e-030 1.000000e-030 1.000000e-030 1.000000e-030 1.000000e-030 1.000000e-030 1.000000e-030 1.000000e-030 1.000000e-030 1.000000e-030 1.000000e+000 1.000000e-030 1.000000e-030 1.000000e-030 1.000000e-030 1.000000e-030 1.000000e-030 1.000000e-030 1.000000e-030 1.000000e-030 1.000000e-030 1.000000e-030 1.000000e-030 1.000000e-030 1.000000e-030 1.000000e-030 1.000000e-030 
1.000000e-030 1.000000e-030 1.000000e-030 1.000000e-030 1.000000e-030 1.000000e-030 1.000000e-030 1.000000e-030 1.000000e-030 1.000000e-030 1.000000e-030 1.000000e-030 1.000000e-030 1.000000e-030 1.000000e-030 1.000000e-001 1.000000e-030 1.000000e-030 1.000000e-030 1.000000e-030 1.000000e-030 1.000000e-030 1.000000e-030 1.471094e-029 1.000000e-030 1.000000e-030 1.000000e-030 8.000000e-001 1.000000e-030 1.000000e-030 1.000000e-030 1.000000e-001 
1.000000e-030 1.000000e-030 1.000000e-030 1.000000e-030 1.000000e-030 1.000000e-030 1.000000e-030 1.000000e-030 1.000000e-030 1.000000e-030 1.000000e-030 1.000000e-030 1.000000e-030 1.273231e-193 1.000000e-030 1.000000e-030 1.000000e-030 1.000000e-030 1.000000e-030 1.000000e-030 1.000000e-030 1.000000e-030 1.000000e-030 1.000000e+000 1.000000e-030 1.000000e-030 1.000000e-030 2.109482e-024 1.000000e-030 7.539616e-018 1.000000e-030 1.000000e-030 
1.000000e-030 1.000000e-030 1.000000e-030 1.000000e-030 1.000000e-030 4.578292e-143 1.000000e-030 1.000000e-030 1.000000e-030 1.000000e-030 1.000000e-030 1.000000e-030 1.000000e-030 5.618739e-001 1.000000e-030 1.000000e-030 1.000000e-030 2.949057e-002 1.000000e-030 1.000000e-030 1.000000e-030 1.000000e-030 1.000000e-030 7.380747e-046 1.000000e-030 1.000000e-030 1.000000e-030 1.000000e-030 1.000000e-030 4.086355e-001 1.000000e-030 1.000000e-030 
1.000000e-030 1.000000e-030 1.000000e-030 1.000000e-030 1.000000e-030 4.342480e-001 1.000000e-030 1.000000e-030 1.000000e-030 1.000000e-030 1.000000e-030 1.000000e-030 1.000000e-030 3.710870e-041 1.000000e-030 1.000000e-030 1.000000e-030 2.129255e-001 1.000000e-030 1.000000e-030 1.000000e-030 2.985455e-001 1.000000e-030 1.000000e-030 1.000000e-030 1.000000e-030 1.000000e-030 2.714050e-002 1.000000e-030 2.714050e-002 1.000000e-030 1.000000e-030 
