6.666667e-001 3.333333e-001 0.000000e+000 0.000000e+000 0.000000e+000 
0.000000e+000 8.864839e-001 1.135161e-001 0.000000e+000 0.000000e+000 
0.000000e+000 0.000000e+000 8.896681e-001 1.103319e-001 0.000000e+000 
0.000000e+000 0.000000e+000 0.000000e+000 9.602024e-001 3.979764e-002 
0.000000e+000 0.000000e+000 0.000000e+000 0.000000e+000 1.000000e+000 
1.000000e-030 1.000000e-030 1.000000e-030 1.000000e-030 1.000000e-030 1.000000e-030 1.000000e-030 1.000000e-030 1.000000e-030 1.000000e-030 1.000000e-030 1.000000e-030 1.000000e-030 1.000000e-030 1.000000e-030 6.666667e-001 1.000000e-030 1.000000e-030 1.000000e-030 1.000000e-030 1.000000e-030 4.925408e-144 1.000000e-030 1.194078e-273 1.000000e-030 1.000000e-030 1.000000e-030 1.288174e-029 1.000000e-030 1.000000e-030 1.000000e-030 3.333333e-001 
1.000000e-030 1.000000e-030 1.000000e-030 1.000000e-030 1.000000e-030 1.000000e-030 1.000000e-030 1.000000e-030 1.000000e-030 1.000000e-030 1.000000e-030 1.000000e-030 1.000000e-030 1.000000e-030 1.000000e-030 1.135161e-001 1.000000e-030 1.000000e-030 1.000000e-030 1.000000e-030 1.000000e-030 1.135161e-001 1.000000e-030 1.196670e-034 1.000000e-030 1.000000e-030 1.000000e-030 7.729677e-001 1.000000e-030 1.000000e-030 1.000000e-030 3.099211e-017 
1.000000e-030 1.000000e-030 1.000000e-030 1.000000e-030 1.000000e-030 1.000000e-030 1.000000e-030 1.000000e-030 1.000000e-030 1.000000e-030 1.000000e-030 1.000000e-030 1.000000e-030 6.076146e-076 1.000000e-030 2.350642e-093 1.000000e-030 1.000000e-030 1.000000e-030 1.000000e-030 1.000000e-030 4.806218e-214 1.000000e-030 3.309956e-001 1.000000e-030 1.000000e-030 1.000000e-030 1.313700e-001 1.000000e-030 4.273025e-001 1.000000e-030 1.103319e-001 
1.000000e-030 1.000000e-030 1.000000e-030 1.000000e-030 1.000000e-030 1.000000e-030 1.000000e-030 1.000000e-030 1.000000e-030 1.000000e-030 1.000000e-030 1.000000e-030 1.000000e-030 9.551434e-001 1.000000e-030 1.000000e-030 1.000000e-030 8.388317e-074 1.000000e-030 1.000000e-030 1.000000e-030 1.000000e-030 1.000000e-030 1.000000e-030 1.000000e-030 1.000000e-030 1.000000e-030 2.370138e-198 1.000000e-030 4.485658e-002 1.000000e-030 1.000000e-030 
1.000000e-030 1.000000e-030 1.000000e-030 1.000000e-030 1.000000e-030 4.347826e-002 2.173913e-002 1.000000e-030 1.000000e-030 1.000000e-030 1.000000e-030 1.000000e-030 1.000000e-030 8.606684e-099 1.000000e-030 2.173913e-002 1.000000e-030 6.086957e-001 1.000000e-030 1.000000e-030 1.000000e-030 2.391304e-001 1.000000e-030 1.000000e-030 1.000000e-030 1.000000e-030 1.000000e-030 2.173913e-002 1.000000e-030 4.347826e-002 1.000000e-030 1.000000e-030 
