9.375000e-001 6.250000e-002 0.000000e+000 0.000000e+000 0.000000e+000 
0.000000e+000 7.870295e-171 1.000000e+000 0.000000e+000 0.000000e+000 
0.000000e+000 0.000000e+000 6.666667e-001 3.333333e-001 0.000000e+000 
0.000000e+000 0.000000e+000 0.000000e+000 9.226040e-001 7.739605e-002 
0.000000e+000 0.000000e+000 0.000000e+000 0.000000e+000 1.000000e+000 
1.000000e-030 1.000000e-030 1.000000e-030 1.000000e-030 1.000000e-030 1.000000e-030 1.000000e-030 1.000000e-030 1.000000e-030 1.000000e-030 1.000000e-030 1.000000e-030 1.000000e-030 1.000000e-030 1.000000e-030 1.000000e-030 1.000000e-030 1.000000e-030 1.000000e-030 1.000000e-030 1.000000e-030 1.511509e-209 1.000000e-030 1.000000e-030 1.000000e-030 1.000000e-030 1.000000e-030 1.000000e+000 1.000000e-030 1.000000e-030 1.000000e-030 1.000000e-030 
1.000000e-030 1.000000e-030 1.000000e-030 1.000000e-030 1.000000e-030 1.000000e-030 1.000000e-030 1.000000e-030 1.000000e-030 1.000000e-030 1.000000e-030 1.000000e-030 1.000000e-030 1.000000e-030 1.000000e-030 1.000000e-030 1.000000e-030 1.000000e-030 1.000000e-030 1.000000e-030 1.000000e-030 1.000000e+000 1.000000e-030 1.000000e-030 1.000000e-030 1.000000e-030 1.000000e-030 7.870295e-171 1.000000e-030 2.667286e-279 1.000000e-030 1.000000e-030 
1.000000e-030 1.000000e-030 1.000000e-030 1.000000e-030 1.000000e-030 1.000000e-030 1.000000e-030 1.000000e-030 1.000000e-030 1.000000e-030 1.000000e-030 1.000000e-030 1.000000e-030 1.000000e-030 1.000000e-030 1.000000e-030 1.000000e-030 1.000000e-030 1.000000e-030 1.000000e-030 1.000000e-030 6.300867e-180 1.000000e-030 1.000000e-030 1.000000e-030 1.000000e-030 1.000000e-030 1.000000e+000 1.000000e-030 4.082877e-025 1.000000e-030 1.000000e-030 
1.000000e-030 1.000000e-030 1.000000e-030 1.000000e-030 1.000000e-030 1.000000e-030 1.000000e-030 1.000000e-030 1.000000e-030 1.000000e-030 1.000000e-030 1.000000e-030 1.000000e-030 2.624110e-018 1.000000e-030 1.000000e-030 1.000000e-030 5.377769e-144 1.000000e-030 1.000000e-030 1.000000e-030 2.015790e-238 1.000000e-030 1.000000e-030 1.000000e-030 1.000000e-030 1.000000e-030 2.086106e-042 1.000000e-030 1.000000e+000 1.000000e-030 1.000000e-030 
1.000000e-030 1.000000e-030 1.000000e-030 1.000000e-030 1.000000e-030 9.986777e-002 1.000000e-030 1.000000e-030 1.000000e-030 4.993388e-002 1.000000e-030 4.993388e-002 1.000000e-030 1.664463e-001 1.000000e-030 9.986777e-002 1.000000e-030 1.997355e-001 1.000000e-030 1.000000e-030 1.000000e-030 2.663141e-001 1.000000e-030 1.000000e-030 1.000000e-030 1.000000e-030 1.000000e-030 1.193674e-252 1.000000e-030 6.790082e-002 1.000000e-030 1.000000e-030 
