8.998576e-001 1.001424e-001 0.000000e+000 0.000000e+000 0.000000e+000 
0.000000e+000 6.785988e-001 3.214012e-001 0.000000e+000 0.000000e+000 
0.000000e+000 0.000000e+000 8.510063e-001 1.489937e-001 0.000000e+000 
0.000000e+000 0.000000e+000 0.000000e+000 9.773734e-001 2.262664e-002 
0.000000e+000 0.000000e+000 0.000000e+000 0.000000e+000 1.000000e+000 
1.000000e-030 1.000000e-030 1.000000e-030 1.000000e-030 1.000000e-030 1.000000e-030 1.000000e-030 1.000000e-030 1.000000e-030 1.000000e-030 1.000000e-030 1.000000e-030 1.000000e-030 1.000000e-030 1.000000e-030 1.898131e-005 1.000000e-030 1.000000e-030 1.000000e-030 1.000000e-030 1.000000e-030 1.000000e-030 1.000000e-030 1.000000e-030 1.000000e-030 1.000000e-030 3.217680e-048 4.992691e-001 1.000000e-030 1.000000e-030 1.000000e-030 5.007120e-001 
1.000000e-030 1.000000e-030 1.000000e-030 1.000000e-030 1.000000e-030 1.000000e-030 1.000000e-030 1.000000e-030 1.000000e-030 1.000000e-030 1.000000e-030 1.000000e-030 1.000000e-030 1.000000e-030 1.000000e-030 9.639383e-001 1.000000e-030 1.000000e-030 1.000000e-030 1.000000e-030 1.000000e-030 1.000000e-030 1.000000e-030 1.000000e-030 1.000000e-030 1.000000e-030 3.143084e-002 4.630875e-003 4.049069e-039 1.000000e-030 1.000000e-030 1.390214e-008 
2.618165e-020 1.000000e-030 1.000000e-030 1.000000e-030 1.000000e-030 1.000000e-030 1.000000e-030 1.000000e-030 2.903354e-001 1.000000e-030 1.000000e-030 1.000000e-030 1.000000e-030 1.000000e-030 1.000000e-030 9.477761e-005 1.000000e-030 1.000000e-030 1.000000e-030 1.000000e-030 1.000000e-030 1.000000e-030 1.000000e-030 1.000000e-030 1.281658e-001 1.000000e-030 2.834168e-001 5.050502e-050 2.979873e-001 1.000000e-030 1.000000e-030 1.857392e-135 
1.357599e-001 1.000000e-030 1.000000e-030 6.109193e-001 9.148716e-238 1.000000e-030 1.000000e-030 1.000000e-030 1.369219e-001 1.000000e-030 1.000000e-030 4.525329e-002 1.000000e-030 1.000000e-030 1.000000e-030 1.000000e-030 1.026798e-004 1.000000e-030 1.000000e-030 1.000000e-030 3.647015e-039 1.000000e-030 1.000000e-030 1.000000e-030 7.104292e-002 1.000000e-030 4.227135e-308 1.000000e-030 1.915386e-038 1.000000e-030 1.000000e-030 1.000000e-030 
1.000000e-030 1.000000e-030 2.696767e-001 6.031992e-009 3.595689e-001 1.000000e-030 1.000000e-030 1.000000e-030 1.000000e-030 1.000000e-030 8.989222e-002 1.000000e-030 1.000000e-030 1.000000e-030 1.000000e-030 5.618264e-002 5.613165e-002 1.000000e-030 1.123653e-001 1.000000e-030 3.370958e-002 1.000000e-030 1.000000e-030 1.000000e-030 1.000000e-030 1.000000e-030 1.000000e-030 1.000000e-030 1.000000e-030 1.000000e-030 1.000000e-030 2.247306e-002 
