9.166640e-001 8.333600e-002 0.000000e+000 0.000000e+000 0.000000e+000 
0.000000e+000 3.947330e-001 6.052670e-001 0.000000e+000 0.000000e+000 
0.000000e+000 0.000000e+000 5.741512e-001 4.258488e-001 0.000000e+000 
0.000000e+000 0.000000e+000 0.000000e+000 9.777778e-001 2.222224e-002 
0.000000e+000 0.000000e+000 0.000000e+000 0.000000e+000 1.000000e+000 
1.000000e-030 1.000000e-030 1.000000e-030 1.000000e-030 1.000000e-030 1.000000e-030 1.000000e-030 1.000000e-030 1.000000e-030 1.000000e-030 2.402161e-039 1.000000e-030 1.000000e-030 1.000000e-030 1.000000e-030 1.130908e-006 1.000000e-030 1.000000e-030 1.000000e-030 1.000000e-030 1.000000e-030 1.000000e-030 1.000000e-030 1.000000e-030 1.000000e-030 1.000000e-030 2.224195e-162 8.333600e-002 1.000000e-030 1.000000e-030 1.000000e-030 9.166629e-001 
1.628613e-078 1.000000e-030 1.000000e-030 1.000000e-030 1.000000e-030 1.000000e-030 1.000000e-030 1.000000e-030 1.000000e-030 1.000000e-030 3.944113e-001 1.000000e-030 1.000000e-030 1.000000e-030 1.000000e-030 6.052588e-001 2.207684e-238 1.000000e-030 1.000000e-030 1.000000e-030 1.000000e-030 1.000000e-030 1.000000e-030 1.000000e-030 1.000000e-030 1.000000e-030 8.883525e-005 2.365938e-075 1.000000e-030 1.000000e-030 1.000000e-030 2.410523e-004 
1.272245e-005 1.000000e-030 1.000000e-030 1.000000e-030 1.000000e-030 1.000000e-030 1.000000e-030 1.000000e-030 1.000000e-030 1.000000e-030 1.483521e-001 1.000000e-030 1.000000e-030 1.000000e-030 1.000000e-030 1.260028e-017 2.531144e-078 1.000000e-030 1.000000e-030 1.000000e-030 1.000000e-030 1.000000e-030 1.000000e-030 1.000000e-030 1.000000e-030 1.000000e-030 8.516352e-001 1.000000e-030 1.000000e-030 1.000000e-030 1.000000e-030 5.753270e-066 
3.777774e-001 1.000000e-030 1.000000e-030 5.777782e-001 2.996847e-227 1.000000e-030 1.000000e-030 1.000000e-030 1.000000e-030 1.000000e-030 1.029524e-174 1.000000e-030 1.000000e-030 1.000000e-030 1.000000e-030 8.482433e-131 2.222224e-002 1.000000e-030 5.408672e-014 2.222224e-002 1.899527e-169 1.000000e-030 1.000000e-030 1.000000e-030 1.000000e-030 1.000000e-030 1.264228e-012 1.000000e-030 1.000000e-030 1.000000e-030 1.000000e-030 1.000000e-030 
1.000000e-030 1.000000e-030 1.235955e-001 4.032228e-012 2.696629e-001 1.000000e-030 1.000000e-030 1.123596e-002 1.000000e-030 1.123596e-002 1.348315e-001 1.000000e-030 1.000000e-030 1.000000e-030 1.000000e-030 6.741573e-002 6.741573e-002 1.000000e-030 1.685393e-001 1.000000e-030 2.247191e-002 1.000000e-030 1.000000e-030 1.000000e-030 1.000000e-030 1.000000e-030 5.617978e-002 1.000000e-030 1.000000e-030 1.000000e-030 1.000000e-030 6.741573e-002 
