8.750000e-001 1.250000e-001 0.000000e+000 0.000000e+000 0.000000e+000 
0.000000e+000 3.819807e-049 1.000000e+000 0.000000e+000 0.000000e+000 
0.000000e+000 0.000000e+000 9.230769e-001 7.692308e-002 0.000000e+000 
0.000000e+000 0.000000e+000 0.000000e+000 9.613518e-001 3.864824e-002 
0.000000e+000 0.000000e+000 0.000000e+000 0.000000e+000 1.000000e+000 
1.000000e-030 1.000000e-030 1.000000e-030 1.000000e-030 1.000000e-030 1.000000e-030 1.000000e-030 2.500000e-001 1.000000e-030 1.000000e-030 1.000000e-030 1.000000e-030 1.000000e-030 1.000000e-030 1.000000e-030 7.500000e-001 1.000000e-030 1.000000e-030 1.000000e-030 1.000000e-030 1.000000e-030 1.000000e-030 1.000000e-030 1.000000e-030 1.000000e-030 1.000000e-030 1.000000e-030 1.000000e-030 1.856865e-275 1.000000e-030 1.000000e-030 1.000000e-030 
1.000000e-030 1.000000e-030 1.000000e-030 1.000000e-030 1.000000e-030 1.000000e-030 1.000000e-030 3.086378e-211 1.000000e-030 1.000000e-030 1.000000e-030 1.000000e-030 2.601584e-197 1.000000e-030 1.000000e-030 5.448061e-008 1.000000e-030 1.000000e-030 1.000000e-030 1.000000e-030 1.000000e-030 1.000000e-030 1.000000e-030 1.000000e-030 1.000000e-030 1.000000e-030 1.000000e-030 1.000000e-030 9.999999e-001 1.000000e-030 1.000000e-030 1.000000e-030 
1.000000e-030 1.000000e-030 1.705869e-166 1.000000e-030 1.000000e-030 1.000000e-030 1.538462e-001 1.751356e-215 1.000000e-030 1.000000e-030 1.000000e-030 1.000000e-030 3.076923e-001 1.000000e-030 5.199226e-283 4.539747e-083 7.692308e-002 1.000000e-030 8.476203e-196 1.000000e-030 3.345154e-017 1.000000e-030 1.000000e-030 1.000000e-030 1.000000e-030 1.000000e-030 2.307692e-001 1.000000e-030 2.307692e-001 1.000000e-030 1.000000e-030 1.000000e-030 
1.000000e-030 1.000000e-030 3.864824e-002 1.153146e-007 3.429797e-001 1.000000e-030 7.888260e-199 1.000000e-030 1.000000e-030 1.000000e-030 1.000000e-030 1.000000e-030 8.293382e-017 1.000000e-030 3.864824e-002 1.000000e-030 5.625331e-309 1.000000e-030 1.932412e-001 2.195408e-170 3.864825e-001 1.000000e-030 1.000000e-030 1.000000e-030 1.000000e-030 1.000000e-030 1.000000e-030 1.000000e-030 1.723463e-075 1.000000e-030 1.000000e-030 1.000000e-030 
1.000000e-030 1.000000e-030 8.918570e-003 1.962085e-001 3.679452e-002 1.000000e-030 2.675571e-002 8.026713e-002 1.962085e-001 1.000000e-030 1.000000e-030 1.000000e-030 2.281604e-192 1.000000e-030 9.233123e-073 8.918570e-003 1.000000e-030 1.000000e-030 8.918570e-003 2.675571e-002 3.567426e-002 1.000000e-030 8.918570e-003 1.000000e-030 2.675571e-002 1.000000e-030 1.000000e-030 2.943128e-001 2.675571e-002 1.000000e-030 1.783714e-002 1.000000e-030 
