8.892697e-001 1.107303e-001 0.000000e+000 0.000000e+000 0.000000e+000 
0.000000e+000 7.855700e-001 2.144300e-001 0.000000e+000 0.000000e+000 
0.000000e+000 0.000000e+000 9.025751e-001 9.742490e-002 0.000000e+000 
0.000000e+000 0.000000e+000 0.000000e+000 9.697348e-001 3.026524e-002 
0.000000e+000 0.000000e+000 0.000000e+000 0.000000e+000 1.000000e+000 
1.000000e-030 1.000000e-030 1.000000e-030 1.000000e-030 1.000000e-030 1.000000e-030 1.000000e-030 1.000000e-030 1.000000e-030 1.000000e-030 1.000000e-030 1.000000e-030 1.000000e-030 1.000000e-030 1.000000e-030 8.982409e-010 1.000000e-030 1.000000e-030 1.000000e-030 1.000000e-030 1.000000e-030 3.542572e-003 1.000000e-030 1.000000e-030 1.000000e-030 1.000000e-030 8.393922e-068 9.964574e-001 1.000000e-030 1.000000e-030 1.000000e-030 1.000000e-030 
2.221399e-305 1.000000e-030 1.000000e-030 1.000000e-030 1.000000e-030 1.000000e-030 1.000000e-030 1.000000e-030 1.000000e-030 1.000000e-030 1.000000e-030 1.000000e-030 1.000000e-030 1.000000e-030 1.000000e-030 6.432802e-001 5.281400e-032 1.000000e-030 1.000000e-030 1.000000e-030 1.000000e-030 2.075698e-001 1.000000e-030 1.000000e-030 1.000000e-030 1.000000e-030 1.489271e-001 2.228785e-004 1.000000e-030 1.000000e-030 1.000000e-030 1.000000e-030 
1.081128e-006 1.000000e-030 1.000000e-030 1.000000e-030 1.000000e-030 1.000000e-030 1.000000e-030 1.000000e-030 1.000000e-030 1.000000e-030 1.000000e-030 1.000000e-030 1.000000e-030 1.000000e-030 1.000000e-030 4.458742e-006 8.728088e-001 1.000000e-030 1.000000e-030 4.255186e-132 1.000000e-030 8.300090e-066 1.000000e-030 1.000000e-030 1.000000e-030 1.000000e-030 1.271857e-001 1.486590e-211 1.000000e-030 1.000000e-030 1.000000e-030 1.000000e-030 
1.513259e-001 1.000000e-030 1.000000e-030 5.447743e-001 1.000000e-030 1.000000e-030 1.000000e-030 1.000000e-030 1.000000e-030 1.000000e-030 1.000000e-030 1.513262e-001 1.000000e-030 1.000000e-030 1.000000e-030 3.026524e-002 3.151262e-002 1.000000e-030 1.000000e-030 6.053048e-002 2.392333e-241 1.000000e-030 1.000000e-030 1.000000e-030 1.000000e-030 5.171748e-023 3.026524e-002 1.000000e-030 1.000000e-030 1.000000e-030 1.000000e-030 1.000000e-030 
1.000000e-030 1.000000e-030 1.075269e-002 1.156033e-008 3.333333e-001 1.000000e-030 1.000000e-030 1.000000e-030 1.000000e-030 1.000000e-030 6.451613e-002 7.718580e-215 1.000000e-030 1.000000e-030 1.000000e-030 7.526882e-002 1.612903e-001 1.000000e-030 2.365591e-001 1.000000e-030 5.376344e-002 1.000000e-030 1.000000e-030 1.000000e-030 1.000000e-030 2.150538e-002 4.301075e-002 1.000000e-030 1.000000e-030 1.000000e-030 1.000000e-030 1.000000e-030 
