9.166667e-001 8.333333e-002 0.000000e+000 0.000000e+000 0.000000e+000 
0.000000e+000 0.000000e+000 1.000000e+000 0.000000e+000 0.000000e+000 
0.000000e+000 0.000000e+000 7.500000e-001 2.500000e-001 0.000000e+000 
0.000000e+000 0.000000e+000 0.000000e+000 9.736842e-001 2.631579e-002 
0.000000e+000 0.000000e+000 0.000000e+000 0.000000e+000 1.000000e+000 
1.000000e-030 1.000000e-030 1.000000e-030 1.000000e-030 1.000000e-030 1.000000e-030 1.000000e-030 1.000000e-030 1.000000e-030 1.000000e-030 1.267909e-122 1.000000e-030 1.000000e-030 1.000000e-030 1.000000e-030 1.000000e-030 1.000000e-030 1.000000e-030 1.000000e-030 1.000000e-030 1.000000e-030 1.000000e-030 1.000000e-030 1.000000e-030 1.000000e-030 1.000000e-030 1.929111e-213 8.333333e-002 1.000000e-030 1.000000e-030 1.000000e-030 9.166667e-001 
1.000000e-030 1.000000e-030 1.000000e-030 1.000000e-030 1.000000e-030 1.000000e-030 1.000000e-030 1.000000e-030 1.000000e-030 1.000000e-030 1.000000e+000 1.000000e-030 1.000000e-030 1.000000e-030 1.000000e-030 1.000000e-030 1.000000e-030 1.000000e-030 1.000000e-030 1.000000e-030 1.000000e-030 1.000000e-030 1.000000e-030 1.000000e-030 1.000000e-030 1.000000e-030 1.521491e-121 1.000000e-030 1.000000e-030 1.000000e-030 1.000000e-030 8.925620e-061 
5.086784e-016 1.000000e-030 1.000000e-030 1.000000e-030 1.000000e-030 1.000000e-030 1.000000e-030 1.000000e-030 1.000000e-030 1.000000e-030 2.231405e-061 1.000000e-030 1.000000e-030 1.000000e-030 1.000000e-030 1.000000e-030 1.000000e-030 1.000000e-030 1.000000e-030 1.000000e-030 1.000000e-030 1.000000e-030 1.000000e-030 1.000000e-030 1.000000e-030 1.000000e-030 1.000000e+000 1.000000e-030 1.000000e-030 1.000000e-030 1.000000e-030 1.000000e-030 
3.421053e-001 1.000000e-030 1.000000e-030 6.578947e-001 1.000000e-030 1.000000e-030 1.000000e-030 1.000000e-030 1.000000e-030 1.000000e-030 1.000000e-030 1.000000e-030 1.000000e-030 1.000000e-030 1.000000e-030 1.000000e-030 1.186424e-213 1.000000e-030 1.000000e-030 1.000000e-030 1.000000e-030 1.000000e-030 1.000000e-030 1.000000e-030 5.543945e-115 1.000000e-030 9.388375e-024 1.000000e-030 1.000000e-030 1.000000e-030 1.000000e-030 1.000000e-030 
1.000000e-030 1.000000e-030 1.546392e-001 9.403969e-083 1.546392e-001 1.000000e-030 1.000000e-030 1.000000e-030 1.000000e-030 1.000000e-030 2.061856e-002 1.030928e-002 1.443299e-001 1.000000e-030 1.000000e-030 1.649485e-001 3.092784e-002 1.000000e-030 2.061856e-001 1.000000e-030 2.061856e-002 1.000000e-030 1.000000e-030 1.000000e-030 1.030928e-002 1.000000e-030 8.247423e-002 1.000000e-030 1.000000e-030 1.000000e-030 1.000000e-030 1.000000e-030 
