6.943206e-001 3.056794e-001 0.000000e+000 0.000000e+000 0.000000e+000 
0.000000e+000 8.513806e-001 1.486194e-001 0.000000e+000 0.000000e+000 
0.000000e+000 0.000000e+000 8.888889e-001 1.111111e-001 0.000000e+000 
0.000000e+000 0.000000e+000 0.000000e+000 9.687500e-001 3.125000e-002 
0.000000e+000 0.000000e+000 0.000000e+000 0.000000e+000 1.000000e+000 
1.000000e-030 1.000000e-030 1.000000e-030 1.000000e-030 1.000000e-030 1.000000e-030 1.976263e-323 1.000000e-030 1.000000e-030 1.000000e-030 1.000000e-030 1.000000e-030 1.000000e-030 1.000000e-030 1.000000e-030 1.000000e+000 1.000000e-030 1.000000e-030 1.000000e-030 1.000000e-030 1.000000e-030 1.000000e-030 1.000000e-030 1.000000e-030 1.000000e-030 1.000000e-030 3.040424e-264 7.683681e-171 1.000000e-030 1.000000e-030 1.000000e-030 1.323777e-025 
1.000000e-030 1.000000e-030 1.000000e-030 1.000000e-030 1.000000e-030 1.000000e-030 1.890029e-186 1.000000e-030 1.000000e-030 1.000000e-030 1.000000e-030 1.000000e-030 1.000000e-030 1.000000e-030 1.000000e-030 4.055226e-001 1.000000e-030 1.000000e-030 1.000000e-030 1.000000e-030 1.000000e-030 1.000000e-030 1.000000e-030 1.000000e-030 1.000000e-030 1.000000e-030 6.160947e-041 1.486194e-001 1.000000e-030 1.000000e-030 1.000000e-030 4.458581e-001 
1.425594e-024 1.000000e-030 1.000000e-030 1.089001e-214 1.000000e-030 1.000000e-030 1.111111e-001 1.000000e-030 1.000000e-030 1.000000e-030 1.000000e-030 1.000000e-030 1.000000e-030 1.000000e-030 1.000000e-030 3.872178e-030 1.000000e-030 1.000000e-030 1.000000e-030 1.000000e-030 1.000000e-030 1.000000e-030 1.000000e-030 1.000000e-030 1.000000e-030 1.000000e-030 8.888889e-001 1.000000e-030 1.000000e-030 1.000000e-030 1.000000e-030 1.670131e-170 
2.500000e-001 1.000000e-030 1.000000e-030 6.875000e-001 1.000000e-030 1.000000e-030 2.413206e-128 1.000000e-030 1.000000e-030 1.000000e-030 1.000000e-030 1.000000e-030 1.000000e-030 1.000000e-030 1.000000e-030 2.581086e-248 5.521685e-132 1.000000e-030 1.000000e-030 1.000000e-030 1.000000e-030 1.000000e-030 1.000000e-030 1.000000e-030 6.250000e-002 1.000000e-030 2.737056e-017 1.000000e-030 1.000000e-030 1.000000e-030 1.000000e-030 2.581086e-248 
1.000000e-030 1.000000e-030 3.617021e-001 2.935405e-109 9.574468e-002 1.000000e-030 1.000000e-030 1.000000e-030 1.000000e-030 2.127660e-002 1.000000e-030 1.000000e-030 1.702128e-001 1.000000e-030 1.000000e-030 1.595745e-001 5.319149e-002 1.000000e-030 4.255319e-002 1.000000e-030 1.063830e-002 1.000000e-030 1.000000e-030 1.000000e-030 4.560499e-041 1.000000e-030 6.382979e-002 1.063830e-002 1.000000e-030 1.000000e-030 1.000000e-030 1.063830e-002 
