8.749819e-001 1.250181e-001 0.000000e+000 0.000000e+000 0.000000e+000 
0.000000e+000 5.442193e-001 4.557807e-001 0.000000e+000 0.000000e+000 
0.000000e+000 0.000000e+000 4.513306e-001 5.486694e-001 0.000000e+000 
0.000000e+000 0.000000e+000 0.000000e+000 9.473258e-001 5.267424e-002 
0.000000e+000 0.000000e+000 0.000000e+000 0.000000e+000 1.000000e+000 
3.519203e-215 1.000000e-030 1.000000e-030 1.000000e-030 1.000000e-030 1.000000e-030 1.000000e-030 1.000000e-030 1.000000e-030 1.000000e-030 1.000000e-030 1.000000e-030 1.000000e-030 1.000000e-030 1.000000e-030 1.000000e-030 1.000000e-030 1.000000e-030 1.000000e-030 1.000000e-030 1.000000e-030 1.000000e-030 1.000000e-030 1.000000e-030 1.000000e-030 1.000000e-030 4.530822e-009 2.500361e-001 1.000000e-030 1.000000e-030 1.000000e-030 7.499639e-001 
3.986595e-016 1.000000e-030 1.000000e-030 1.000000e-030 1.000000e-030 1.000000e-030 1.000000e-030 1.000000e-030 1.000000e-030 1.000000e-030 1.000000e-030 1.000000e-030 1.000000e-030 1.000000e-030 1.000000e-030 1.000000e-030 1.000000e-030 1.000000e-030 1.000000e-030 1.000000e-030 1.000000e-030 1.000000e-030 1.000000e-030 1.000000e-030 1.000000e-030 1.000000e-030 9.994733e-001 3.902997e-028 1.000000e-030 1.000000e-030 1.000000e-030 5.267269e-004 
8.489667e-003 1.000000e-030 1.000000e-030 7.489772e-298 1.000000e-030 1.000000e-030 1.000000e-030 1.000000e-030 1.000000e-030 1.000000e-030 1.000000e-030 1.000000e-030 1.000000e-030 1.000000e-030 1.000000e-030 1.000000e-030 1.000000e-030 1.000000e-030 1.000000e-030 1.000000e-030 1.000000e-030 1.000000e-030 1.000000e-030 1.000000e-030 1.918210e-061 1.000000e-030 9.915103e-001 6.816761e-201 1.000000e-030 1.000000e-030 1.000000e-030 2.375407e-027 
9.473213e-001 1.000000e-030 1.000000e-030 4.507151e-006 1.000000e-030 1.000000e-030 1.000000e-030 1.000000e-030 1.000000e-030 1.000000e-030 1.000000e-030 1.000000e-030 1.000000e-030 1.000000e-030 1.000000e-030 1.000000e-030 1.000000e-030 1.000000e-030 1.000000e-030 3.229676e-157 1.000000e-030 1.000000e-030 1.000000e-030 1.000000e-030 5.267424e-002 1.000000e-030 4.477709e-013 1.000000e-030 1.000000e-030 1.000000e-030 1.000000e-030 1.000000e-030 
3.612849e-020 1.000000e-030 1.271187e-001 1.779655e-001 1.779662e-001 1.000000e-030 1.000000e-030 1.000000e-030 1.000000e-030 3.389833e-002 8.474582e-003 1.000000e-030 8.474582e-003 1.000000e-030 1.000000e-030 8.474582e-002 1.186442e-001 1.000000e-030 8.474582e-002 8.474582e-003 8.474582e-003 1.000000e-030 1.694916e-002 1.000000e-030 8.474582e-003 8.474582e-003 4.237291e-002 2.542375e-002 1.694916e-002 1.000000e-030 1.000000e-030 4.237291e-002 
