8.748471e-001 1.251529e-001 0.000000e+000 0.000000e+000 0.000000e+000 
0.000000e+000 6.677488e-001 3.322512e-001 0.000000e+000 0.000000e+000 
0.000000e+000 0.000000e+000 8.888889e-001 1.111111e-001 0.000000e+000 
0.000000e+000 0.000000e+000 0.000000e+000 9.090909e-001 9.090909e-002 
0.000000e+000 0.000000e+000 0.000000e+000 0.000000e+000 1.000000e+000 
1.000000e-030 1.000000e-030 1.000000e-030 1.000000e-030 1.000000e-030 1.000000e-030 1.000000e-030 1.000000e-030 1.000000e-030 1.000000e-030 1.000000e-030 1.000000e-030 1.000000e-030 1.000000e-030 1.000000e-030 2.228355e-001 1.000000e-030 1.000000e-030 1.000000e-030 1.000000e-030 1.000000e-030 1.000000e-030 1.000000e-030 1.000000e-030 1.000000e-030 1.000000e-030 5.495893e-126 5.268588e-001 1.000000e-030 1.000000e-030 1.000000e-030 2.503057e-001 
1.000000e-030 1.000000e-030 1.000000e-030 1.000000e-030 1.000000e-030 1.000000e-030 1.000000e-030 1.000000e-030 1.000000e-030 1.000000e-030 1.000000e-030 1.000000e-030 1.000000e-030 1.000000e-030 1.000000e-030 7.374292e-001 1.000000e-030 1.000000e-030 1.000000e-030 1.000000e-030 1.000000e-030 1.000000e-030 1.000000e-030 1.000000e-030 1.000000e-030 1.000000e-030 1.678437e-031 2.625708e-001 1.000000e-030 1.000000e-030 1.000000e-030 1.824115e-009 
1.000000e-030 1.000000e-030 1.000000e-030 1.000000e-030 1.000000e-030 1.000000e-030 1.000000e-030 1.000000e-030 8.836885e-042 1.000000e-030 1.000000e-030 1.000000e-030 1.000000e-030 1.000000e-030 1.000000e-030 2.107088e-080 1.000000e-030 1.000000e-030 1.000000e-030 1.000000e-030 1.000000e-030 1.000000e-030 1.000000e-030 1.000000e-030 4.444444e-001 1.000000e-030 5.555556e-001 9.604074e-110 1.000000e-030 1.000000e-030 1.000000e-030 1.000000e-030 
7.272727e-001 1.000000e-030 1.000000e-030 3.828964e-039 1.000000e-030 1.000000e-030 1.000000e-030 1.000000e-030 2.727273e-001 1.000000e-030 1.000000e-030 1.000000e-030 1.000000e-030 1.000000e-030 1.000000e-030 1.000000e-030 1.000000e-030 1.000000e-030 1.000000e-030 1.000000e-030 1.000000e-030 1.000000e-030 1.000000e-030 1.000000e-030 5.022597e-067 1.000000e-030 1.000000e-030 1.000000e-030 1.000000e-030 1.000000e-030 1.000000e-030 1.000000e-030 
5.188977e-184 1.000000e-030 2.641509e-001 1.981132e-001 1.132075e-001 1.000000e-030 1.886792e-002 1.000000e-030 1.000000e-030 1.000000e-030 2.830189e-002 1.000000e-030 1.037736e-001 1.000000e-030 1.000000e-030 6.603774e-002 9.433962e-003 1.000000e-030 1.886792e-002 1.000000e-030 5.660377e-002 1.000000e-030 2.830189e-002 1.000000e-030 9.433962e-003 1.000000e-030 2.830189e-002 1.000000e-030 1.000000e-030 1.000000e-030 1.000000e-030 5.660377e-002 
