7.604039e-001 2.395961e-001 0.000000e+000 0.000000e+000 0.000000e+000 
0.000000e+000 8.535080e-001 1.464920e-001 0.000000e+000 0.000000e+000 
0.000000e+000 0.000000e+000 8.333333e-001 1.666667e-001 0.000000e+000 
0.000000e+000 0.000000e+000 0.000000e+000 9.666667e-001 3.333333e-002 
0.000000e+000 0.000000e+000 0.000000e+000 0.000000e+000 1.000000e+000 
1.000000e-030 1.000000e-030 1.000000e-030 1.000000e-030 1.000000e-030 1.000000e-030 1.000000e-030 1.000000e-030 1.000000e-030 1.000000e-030 1.000000e-030 1.000000e-030 1.000000e-030 1.000000e-030 1.000000e-030 9.998548e-001 1.000000e-030 1.000000e-030 1.000000e-030 1.000000e-030 1.000000e-030 1.000000e-030 1.000000e-030 1.000000e-030 1.000000e-030 1.000000e-030 3.866444e-113 1.000000e-030 1.000000e-030 1.000000e-030 1.000000e-030 1.452283e-004 
1.000000e-030 1.000000e-030 1.000000e-030 1.000000e-030 1.000000e-030 1.000000e-030 1.000000e-030 1.000000e-030 1.000000e-030 1.000000e-030 1.000000e-030 1.000000e-030 1.000000e-030 1.000000e-030 1.000000e-030 8.535967e-001 1.000000e-030 1.000000e-030 1.000000e-030 1.000000e-030 1.000000e-030 1.000000e-030 1.000000e-030 1.000000e-030 5.972674e-192 1.000000e-030 4.015113e-009 1.000000e-030 1.000000e-030 1.000000e-030 1.000000e-030 1.464032e-001 
6.335523e-011 1.000000e-030 1.000000e-030 2.308172e-144 1.000000e-030 1.000000e-030 1.000000e-030 1.000000e-030 1.000000e-030 1.000000e-030 1.000000e-030 1.000000e-030 1.000000e-030 1.000000e-030 1.000000e-030 2.012289e-011 1.000000e-030 1.000000e-030 1.000000e-030 1.000000e-030 1.000000e-030 1.000000e-030 1.000000e-030 1.000000e-030 5.000000e-001 1.000000e-030 5.000000e-001 1.000000e-030 1.000000e-030 1.000000e-030 1.000000e-030 3.478213e-229 
4.000000e-001 1.000000e-030 1.000000e-030 5.666667e-001 1.000000e-030 1.000000e-030 1.000000e-030 1.000000e-030 3.333333e-002 1.000000e-030 1.000000e-030 1.000000e-030 1.000000e-030 1.000000e-030 1.000000e-030 1.000000e-030 5.820032e-259 1.000000e-030 1.000000e-030 1.000000e-030 1.000000e-030 1.000000e-030 1.000000e-030 1.000000e-030 9.192672e-017 6.259994e-021 1.000000e-030 1.000000e-030 1.000000e-030 1.000000e-030 1.000000e-030 1.000000e-030 
1.000000e-030 1.000000e-030 3.448276e-001 8.850972e-076 2.298851e-001 1.000000e-030 1.149425e-002 1.000000e-030 2.796614e-009 1.000000e-030 3.448276e-002 1.000000e-030 3.448276e-002 1.000000e-030 1.000000e-030 4.597701e-002 2.298851e-002 1.000000e-030 1.149425e-002 1.000000e-030 4.597701e-002 1.000000e-030 1.264368e-001 1.000000e-030 1.000000e-030 2.298851e-002 1.000000e-030 1.000000e-030 1.000000e-030 1.000000e-030 1.000000e-030 6.896552e-002 
