8.750000e-001 1.250000e-001 0.000000e+000 0.000000e+000 0.000000e+000 
0.000000e+000 7.500000e-001 2.500000e-001 0.000000e+000 0.000000e+000 
0.000000e+000 0.000000e+000 8.000000e-001 2.000000e-001 0.000000e+000 
0.000000e+000 0.000000e+000 0.000000e+000 9.213549e-001 7.864510e-002 
0.000000e+000 0.000000e+000 0.000000e+000 0.000000e+000 1.000000e+000 
1.000000e-030 1.000000e-030 1.000000e-030 1.000000e-030 1.000000e-030 1.000000e-030 1.000000e-030 1.000000e-030 1.000000e-030 1.000000e-030 1.000000e-030 1.000000e-030 1.000000e-030 1.000000e-030 1.000000e-030 1.000000e-030 1.000000e-030 1.000000e-030 1.000000e-030 1.000000e-030 1.000000e-030 1.000000e-030 1.000000e-030 1.000000e-030 1.000000e-030 1.000000e-030 1.000000e-030 3.228726e-072 1.000000e-030 1.000000e-030 1.000000e-030 1.000000e+000 
1.000000e-030 1.000000e-030 1.000000e-030 1.000000e-030 1.000000e-030 1.000000e-030 1.000000e-030 1.000000e-030 1.000000e-030 1.000000e-030 1.000000e-030 1.000000e-030 1.000000e-030 1.000000e-030 1.000000e-030 2.500000e-001 1.000000e-030 1.000000e-030 1.000000e-030 1.000000e-030 1.000000e-030 1.000000e-030 1.000000e-030 1.000000e-030 1.000000e-030 1.000000e-030 1.314839e-055 7.500000e-001 1.000000e-030 1.000000e-030 1.000000e-030 3.112430e-066 
3.010955e-132 1.000000e-030 1.000000e-030 1.000000e-030 1.000000e-030 1.000000e-030 1.000000e-030 1.000000e-030 1.149405e-026 1.000000e-030 1.000000e-030 1.000000e-030 1.000000e-030 1.000000e-030 1.000000e-030 2.130015e-008 1.000000e-030 1.000000e-030 1.000000e-030 1.000000e-030 1.000000e-030 1.000000e-030 1.000000e-030 1.000000e-030 2.000000e-001 1.000000e-030 8.000000e-001 1.211498e-109 1.000000e-030 1.000000e-030 1.000000e-030 1.000000e-030 
6.291608e-001 1.000000e-030 1.000000e-030 4.313970e-100 1.000000e-030 1.000000e-030 1.000000e-030 1.000000e-030 3.145804e-001 1.000000e-030 1.000000e-030 1.000000e-030 1.000000e-030 1.000000e-030 1.000000e-030 1.000000e-030 1.000000e-030 1.000000e-030 1.000000e-030 5.625882e-002 1.000000e-030 1.000000e-030 1.000000e-030 1.000000e-030 1.379348e-035 1.000000e-030 8.868408e-234 1.000000e-030 1.000000e-030 1.000000e-030 1.000000e-030 1.000000e-030 
1.513271e-213 1.000000e-030 2.775738e-001 1.474611e-001 1.908320e-001 1.000000e-030 1.000000e-030 1.000000e-030 1.000000e-030 1.000000e-030 5.204509e-002 1.000000e-030 3.469673e-002 1.000000e-030 1.000000e-030 3.469673e-002 3.469673e-002 1.000000e-030 4.337091e-002 8.053674e-002 1.000000e-030 1.000000e-030 1.000000e-030 1.000000e-030 8.674182e-003 1.000000e-030 1.000000e-030 1.000000e-030 1.000000e-030 1.000000e-030 1.000000e-030 9.541600e-002 
