7.312512e-001 2.687488e-001 0.000000e+000 0.000000e+000 0.000000e+000 
0.000000e+000 8.922304e-001 1.077696e-001 0.000000e+000 0.000000e+000 
0.000000e+000 0.000000e+000 8.000000e-001 2.000000e-001 0.000000e+000 
0.000000e+000 0.000000e+000 0.000000e+000 9.228292e-001 7.717075e-002 
0.000000e+000 0.000000e+000 0.000000e+000 0.000000e+000 1.000000e+000 
1.000000e-030 1.000000e-030 1.000000e-030 1.000000e-030 1.000000e-030 1.000000e-030 1.000000e-030 1.000000e-030 1.619989e-305 1.000000e-030 1.000000e-030 1.000000e-030 1.000000e-030 1.000000e-030 1.000000e-030 1.098156e-038 1.000000e-030 1.000000e-030 1.000000e-030 1.000000e-030 1.000000e-030 1.000000e-030 1.000000e-030 1.000000e-030 1.000000e-030 1.000000e-030 2.528022e-190 3.407542e-001 1.000000e-030 1.000000e-030 1.000000e-030 6.592458e-001 
1.000000e-030 1.000000e-030 1.000000e-030 1.000000e-030 1.000000e-030 1.000000e-030 1.000000e-030 1.000000e-030 2.395388e-238 1.000000e-030 1.000000e-030 1.000000e-030 1.000000e-030 1.000000e-030 1.000000e-030 3.233088e-001 7.502721e-268 1.000000e-030 1.000000e-030 1.000000e-030 1.000000e-030 1.000000e-030 1.000000e-030 1.000000e-030 1.000000e-030 1.000000e-030 7.196883e-050 4.022040e-001 1.000000e-030 1.000000e-030 1.000000e-030 2.744872e-001 
2.757423e-262 1.000000e-030 1.000000e-030 1.000000e-030 1.000000e-030 1.000000e-030 1.000000e-030 1.000000e-030 2.000000e-001 1.000000e-030 1.000000e-030 1.000000e-030 1.000000e-030 1.000000e-030 1.000000e-030 5.631671e-018 4.008298e-016 1.000000e-030 1.000000e-030 1.000000e-030 1.000000e-030 1.000000e-030 1.000000e-030 1.000000e-030 1.000000e-030 1.000000e-030 8.000000e-001 2.287664e-257 1.000000e-030 1.000000e-030 1.000000e-030 1.000000e-030 
6.913170e-001 1.000000e-030 1.000000e-030 9.747230e-033 1.000000e-030 1.000000e-030 1.000000e-030 1.000000e-030 8.348460e-024 1.000000e-030 1.000000e-030 1.000000e-030 1.000000e-030 1.000000e-030 1.000000e-030 1.000000e-030 3.086830e-001 1.000000e-030 1.000000e-030 1.000000e-030 1.000000e-030 1.000000e-030 1.000000e-030 1.000000e-030 1.000000e-030 1.000000e-030 8.283190e-142 1.000000e-030 1.000000e-030 1.000000e-030 1.000000e-030 1.000000e-030 
2.555174e-002 1.000000e-030 1.596079e-001 2.184108e-001 2.352116e-001 1.000000e-030 1.000000e-030 1.000000e-030 1.000000e-030 1.000000e-030 2.520125e-002 1.000000e-030 1.000000e-030 1.000000e-030 1.000000e-030 8.400416e-002 5.040250e-002 1.000000e-030 8.400416e-002 1.000000e-030 1.680083e-002 1.000000e-030 1.000000e-030 1.000000e-030 1.000000e-030 1.000000e-030 5.880291e-002 4.200208e-002 1.000000e-030 1.000000e-030 1.000000e-030 1.000000e-030 
