8.000000e-001 2.000000e-001 0.000000e+000 0.000000e+000 0.000000e+000 
0.000000e+000 8.571429e-001 1.428571e-001 0.000000e+000 0.000000e+000 
0.000000e+000 0.000000e+000 8.333333e-001 1.666667e-001 0.000000e+000 
0.000000e+000 0.000000e+000 0.000000e+000 9.333333e-001 6.666667e-002 
0.000000e+000 0.000000e+000 0.000000e+000 0.000000e+000 1.000000e+000 
1.000000e-030 1.000000e-030 1.000000e-030 1.000000e-030 1.000000e-030 1.000000e-030 1.000000e-030 1.000000e-030 1.000000e-030 1.000000e-030 1.000000e-030 1.000000e-030 1.000000e-030 1.000000e-030 1.000000e-030 5.903606e-035 1.000000e-030 1.000000e-030 1.000000e-030 1.000000e-030 1.000000e-030 1.000000e-030 1.000000e-030 1.000000e-030 1.000000e-030 1.000000e-030 1.000000e-030 6.000000e-001 1.000000e-030 1.000000e-030 1.000000e-030 4.000000e-001 
1.000000e-030 1.000000e-030 1.000000e-030 1.000000e-030 1.000000e-030 1.000000e-030 1.000000e-030 1.000000e-030 1.000000e-030 1.000000e-030 1.000000e-030 1.000000e-030 1.000000e-030 1.000000e-030 1.000000e-030 1.000000e+000 1.000000e-030 1.000000e-030 1.000000e-030 1.000000e-030 1.000000e-030 1.000000e-030 1.000000e-030 1.000000e-030 1.000000e-030 1.000000e-030 1.471662e-036 2.362930e-029 1.000000e-030 1.000000e-030 1.000000e-030 1.570342e-086 
2.473463e-040 1.000000e-030 1.000000e-030 1.000000e-030 1.000000e-030 1.000000e-030 1.000000e-030 1.000000e-030 1.000000e-030 1.000000e-030 1.000000e-030 1.000000e-030 1.000000e-030 1.000000e-030 1.000000e-030 3.351254e-037 1.666667e-001 1.000000e-030 1.000000e-030 1.000000e-030 1.000000e-030 1.000000e-030 1.000000e-030 1.000000e-030 1.000000e-030 1.000000e-030 8.333333e-001 1.000000e-030 1.000000e-030 1.000000e-030 1.000000e-030 1.000000e-030 
1.000000e+000 1.000000e-030 1.000000e-030 9.526145e-021 1.000000e-030 1.000000e-030 1.000000e-030 1.000000e-030 1.000000e-030 1.000000e-030 1.000000e-030 1.333789e-136 1.000000e-030 1.000000e-030 1.000000e-030 1.000000e-030 1.171018e-017 1.000000e-030 1.000000e-030 1.000000e-030 1.000000e-030 1.000000e-030 1.000000e-030 1.000000e-030 1.468946e-164 1.000000e-030 2.965063e-111 1.000000e-030 1.000000e-030 1.000000e-030 1.000000e-030 1.000000e-030 
1.637513e-097 1.000000e-030 2.542373e-002 1.610169e-001 2.542373e-001 1.000000e-030 1.000000e-030 1.000000e-030 1.000000e-030 1.000000e-030 2.542373e-002 4.237288e-002 1.000000e-030 1.000000e-030 1.000000e-030 1.016949e-001 1.694915e-002 1.000000e-030 2.372881e-001 1.000000e-030 1.694915e-002 1.000000e-030 1.000000e-030 1.000000e-030 8.474576e-003 1.000000e-030 5.084746e-002 8.474576e-003 5.084746e-002 1.000000e-030 1.000000e-030 1.000000e-030 
