8.648623e-001 1.351377e-001 0.000000e+000 0.000000e+000 0.000000e+000 
0.000000e+000 8.214331e-001 1.785669e-001 0.000000e+000 0.000000e+000 
0.000000e+000 0.000000e+000 7.500000e-001 2.500000e-001 0.000000e+000 
0.000000e+000 0.000000e+000 0.000000e+000 9.756098e-001 2.439024e-002 
0.000000e+000 0.000000e+000 0.000000e+000 0.000000e+000 1.000000e+000 
1.000000e-030 1.000000e-030 1.000000e-030 1.000000e-030 1.000000e-030 1.000000e-030 1.000000e-030 1.000000e-030 1.000000e-030 1.000000e-030 1.000000e-030 1.000000e-030 1.000000e-030 1.000000e-030 1.000000e-030 2.702754e-001 1.000000e-030 1.000000e-030 1.000000e-030 1.000000e-030 1.000000e-030 1.000000e-030 1.000000e-030 1.000000e-030 1.000000e-030 1.000000e-030 2.601737e-091 5.945868e-001 1.000000e-030 1.000000e-030 1.000000e-030 1.351377e-001 
3.723016e-282 1.000000e-030 1.000000e-030 1.000000e-030 1.000000e-030 1.000000e-030 1.000000e-030 1.000000e-030 1.000000e-030 1.000000e-030 1.000000e-030 1.000000e-030 1.000000e-030 1.000000e-030 1.000000e-030 9.993367e-029 1.000000e-030 1.000000e-030 1.000000e-030 1.000000e-030 1.000000e-030 1.000000e-030 1.000000e-030 1.000000e-030 1.000000e-030 1.000000e-030 1.804014e-029 1.000000e+000 1.000000e-030 1.000000e-030 1.000000e-030 2.069663e-286 
3.359200e-016 1.000000e-030 1.000000e-030 1.000000e-030 1.000000e-030 1.000000e-030 1.000000e-030 1.000000e-030 1.000000e-030 1.000000e-030 1.000000e-030 1.000000e-030 1.000000e-030 1.000000e-030 1.000000e-030 1.876853e-283 1.000000e-030 1.000000e-030 1.000000e-030 1.000000e-030 1.000000e-030 1.000000e-030 1.000000e-030 1.000000e-030 1.000000e-030 1.000000e-030 1.000000e+000 1.227193e-033 1.000000e-030 1.000000e-030 1.000000e-030 1.000000e-030 
3.658537e-001 1.000000e-030 1.000000e-030 6.341463e-001 5.672292e-223 1.000000e-030 1.000000e-030 2.597142e-016 1.000000e-030 1.000000e-030 1.000000e-030 1.000000e-030 1.000000e-030 1.000000e-030 1.000000e-030 3.257739e-045 1.000000e-030 1.000000e-030 1.000000e-030 1.000000e-030 1.485825e-193 1.000000e-030 1.000000e-030 1.000000e-030 1.000000e-030 1.000000e-030 7.887747e-066 1.000000e-030 1.734495e-136 1.000000e-030 1.000000e-030 1.000000e-030 
1.000000e-030 1.000000e-030 1.111111e-002 1.656363e-073 2.555556e-001 1.000000e-030 1.000000e-030 1.111111e-002 1.000000e-030 1.000000e-030 7.777778e-002 1.000000e-030 1.000000e-030 1.000000e-030 1.000000e-030 7.777778e-002 1.111111e-002 1.000000e-030 3.222222e-001 1.000000e-030 1.111111e-002 1.000000e-030 1.000000e-030 1.000000e-030 1.000000e-030 1.000000e-030 4.444444e-002 2.222222e-002 1.000000e-001 1.000000e-030 1.000000e-030 5.555556e-002 
