9.166667e-001 8.333333e-002 0.000000e+000 0.000000e+000 0.000000e+000 
0.000000e+000 0.000000e+000 1.000000e+000 0.000000e+000 0.000000e+000 
0.000000e+000 0.000000e+000 6.666667e-001 3.333333e-001 0.000000e+000 
0.000000e+000 0.000000e+000 0.000000e+000 9.767442e-001 2.325581e-002 
0.000000e+000 0.000000e+000 0.000000e+000 0.000000e+000 1.000000e+000 
5.542859e-166 1.000000e-030 1.000000e-030 1.000000e-030 1.000000e-030 1.000000e-030 1.000000e-030 1.000000e-030 1.000000e-030 1.000000e-030 1.000000e-030 1.000000e-030 1.000000e-030 1.000000e-030 1.000000e-030 8.333333e-002 1.000000e-030 1.000000e-030 1.000000e-030 1.000000e-030 1.000000e-030 1.000000e-030 1.000000e-030 1.000000e-030 1.000000e-030 1.000000e-030 1.510857e-085 5.833333e-001 1.000000e-030 1.000000e-030 1.000000e-030 3.333333e-001 
2.472335e-135 1.000000e-030 1.000000e-030 1.000000e-030 1.000000e-030 1.000000e-030 1.000000e-030 1.000000e-030 1.000000e-030 1.000000e-030 1.000000e-030 1.000000e-030 1.000000e-030 1.000000e-030 1.000000e-030 1.000000e+000 1.000000e-030 1.000000e-030 1.000000e-030 1.000000e-030 1.000000e-030 1.000000e-030 1.000000e-030 1.000000e-030 1.000000e-030 1.000000e-030 1.318566e-054 6.459818e-121 1.000000e-030 1.000000e-030 1.000000e-030 1.000000e-030 
1.414006e-015 1.000000e-030 1.000000e-030 1.000000e-030 1.000000e-030 1.000000e-030 1.000000e-030 1.000000e-030 1.000000e-030 1.000000e-030 1.000000e-030 1.000000e-030 1.000000e-030 1.000000e-030 1.000000e-030 2.153273e-121 1.000000e-030 1.000000e-030 1.000000e-030 1.000000e-030 1.000000e-030 1.000000e-030 1.000000e-030 1.000000e-030 1.000000e-030 1.000000e-030 1.000000e+000 1.390975e-211 1.000000e-030 1.000000e-030 1.000000e-030 1.000000e-030 
3.488372e-001 1.000000e-030 1.000000e-030 6.511628e-001 5.699603e-260 1.000000e-030 1.000000e-030 1.000000e-030 1.000000e-030 1.000000e-030 1.000000e-030 1.000000e-030 1.000000e-030 1.000000e-030 1.000000e-030 1.000000e-030 6.048297e-026 1.000000e-030 1.000000e-030 1.000000e-030 1.000000e-030 1.000000e-030 1.000000e-030 1.000000e-030 1.000000e-030 1.000000e-030 5.104373e-091 1.000000e-030 1.000000e-030 1.000000e-030 1.000000e-030 1.000000e-030 
1.000000e-030 1.000000e-030 1.444444e-001 8.069642e-106 2.777778e-001 1.000000e-030 1.000000e-030 1.000000e-030 1.000000e-030 1.000000e-030 2.222222e-002 1.000000e-030 1.000000e-030 1.000000e-030 1.111111e-002 1.444444e-001 5.555556e-002 1.000000e-030 2.222222e-001 1.000000e-030 4.444444e-002 1.000000e-030 1.000000e-030 1.000000e-030 1.000000e-030 1.000000e-030 4.444444e-002 1.000000e-030 2.222222e-002 1.000000e-030 1.000000e-030 1.111111e-002 
