6.614253e-001 3.385747e-001 0.000000e+000 0.000000e+000 0.000000e+000 
0.000000e+000 7.867809e-001 2.132191e-001 0.000000e+000 0.000000e+000 
0.000000e+000 0.000000e+000 9.049298e-001 9.507018e-002 0.000000e+000 
0.000000e+000 0.000000e+000 0.000000e+000 9.678339e-001 3.216612e-002 
0.000000e+000 0.000000e+000 0.000000e+000 0.000000e+000 1.000000e+000 
1.000000e-030 1.000000e-030 1.000000e-030 1.000000e-030 1.000000e-030 1.000000e-030 1.000000e-030 1.000000e-030 1.000000e-030 1.000000e-030 1.000000e-030 1.712982e-248 1.000000e-030 1.000000e-030 1.000000e-030 3.198838e-004 1.000000e-030 1.000000e-030 1.000000e-030 1.000000e-030 1.000000e-030 3.385747e-001 1.000000e-030 1.000000e-030 1.000000e-030 1.000000e-030 1.000000e-030 6.611054e-001 1.000000e-030 1.000000e-030 1.000000e-030 8.788747e-034 
1.000000e-030 1.000000e-030 1.000000e-030 1.000000e-030 1.000000e-030 1.000000e-030 1.000000e-030 1.000000e-030 1.000000e-030 1.000000e-030 1.000000e-030 3.409338e-008 1.000000e-030 1.000000e-030 1.000000e-030 5.517170e-001 1.000000e-030 1.000000e-030 1.000000e-030 1.000000e-030 1.000000e-030 5.179025e-013 1.000000e-030 1.000000e-030 1.000000e-030 1.000000e-030 1.000000e-030 2.184468e-002 1.000000e-030 1.000000e-030 1.000000e-030 4.264383e-001 
1.000000e-030 1.000000e-030 1.000000e-030 1.000000e-030 1.000000e-030 1.000000e-030 1.000000e-030 1.000000e-030 1.000000e-030 5.055579e-028 1.000000e-030 1.104823e-001 1.000000e-030 1.000000e-030 1.000000e-030 4.194018e-001 1.000000e-030 1.000000e-030 1.000000e-030 1.000000e-030 1.000000e-030 1.000000e-030 1.000000e-030 1.000000e-030 1.000000e-030 2.330178e-167 1.000000e-030 4.701159e-001 1.000000e-030 1.000000e-030 1.000000e-030 3.898474e-015 
1.000000e-030 9.649835e-002 8.066603e-003 1.000000e-030 1.000000e-030 3.216612e-002 1.000000e-030 1.000000e-030 1.000000e-030 3.216612e-002 1.000000e-030 7.346060e-001 1.000000e-030 1.000000e-030 1.000000e-030 1.366920e-016 1.000000e-030 1.000000e-030 1.000000e-030 7.485865e-040 1.000000e-030 1.000000e-030 1.000000e-030 1.000000e-030 1.000000e-030 6.433224e-002 3.216456e-002 2.782628e-208 1.000000e-030 1.000000e-030 1.000000e-030 1.000000e-030 
1.000000e-030 1.000000e-030 2.279136e-002 1.000000e-030 1.000000e-030 1.123798e-111 1.000000e-030 3.387654e-001 1.000000e-030 1.000000e-030 1.000000e-030 6.514726e-002 1.000000e-030 1.000000e-030 1.000000e-030 1.954416e-001 1.000000e-030 1.000000e-030 1.000000e-030 1.302944e-001 1.000000e-030 1.000000e-030 1.000000e-030 1.693827e-001 1.000000e-030 1.000000e-030 6.293022e-007 7.817664e-002 1.000000e-030 1.000000e-030 1.000000e-030 1.000000e-030 
