7.500000e-001 2.500000e-001 0.000000e+000 0.000000e+000 0.000000e+000 
0.000000e+000 0.000000e+000 1.000000e+000 0.000000e+000 0.000000e+000 
0.000000e+000 0.000000e+000 9.546510e-001 4.534899e-002 0.000000e+000 
0.000000e+000 0.000000e+000 0.000000e+000 9.518729e-001 4.812705e-002 
0.000000e+000 0.000000e+000 0.000000e+000 0.000000e+000 1.000000e+000 
1.000000e-030 1.000000e-030 1.000000e-030 1.000000e-030 1.000000e-030 1.000000e-030 1.000000e-030 1.000000e-030 1.000000e-030 1.000000e-030 1.000000e-030 1.000000e-030 1.000000e-030 1.000000e-030 1.000000e-030 1.000000e-030 1.000000e-030 1.000000e-030 1.000000e-030 1.000000e-030 1.000000e-030 1.000000e-030 1.000000e-030 1.000000e+000 1.000000e-030 1.000000e-030 1.000000e-030 1.000000e-030 1.000000e-030 1.000000e-030 1.000000e-030 1.000000e-030 
1.000000e-030 1.000000e-030 1.000000e-030 1.000000e-030 1.000000e-030 1.000000e-030 1.000000e-030 1.000000e-030 1.000000e-030 1.000000e-030 1.000000e-030 1.000000e-030 1.000000e+000 1.000000e-030 1.000000e-030 1.000000e-030 1.000000e-030 1.000000e-030 1.000000e-030 1.000000e-030 1.000000e-030 1.000000e-030 1.000000e-030 5.048780e-244 1.000000e-030 1.000000e-030 1.000000e-030 1.000000e-030 1.000000e-030 1.000000e-030 1.000000e-030 1.000000e-030 
1.000000e-030 1.000000e-030 1.398490e-157 1.000000e-030 1.000000e-030 1.000000e-030 7.732551e-001 1.000000e-030 1.000000e-030 1.000000e-030 2.277084e-046 1.000000e-030 2.289571e-245 1.000000e-030 1.000000e-030 1.360470e-001 1.000000e-030 1.000000e-030 1.000000e-030 1.000000e-030 1.000000e-030 1.000000e-030 1.000000e-030 1.000000e-030 1.000000e-030 1.000000e-030 9.069798e-002 1.000000e-030 1.000000e-030 1.000000e-030 1.000000e-030 1.000000e-030 
1.000000e-030 1.000000e-030 5.404869e-002 1.000000e-030 1.000000e-030 1.000000e-030 7.181186e-001 1.000000e-030 1.000000e-030 1.000000e-030 9.625410e-002 1.000000e-030 1.000000e-030 1.000000e-030 1.000000e-030 1.101035e-020 1.000000e-030 1.000000e-030 1.000000e-030 1.000000e-030 1.000000e-030 1.000000e-030 1.000000e-030 1.000000e-030 1.666771e-091 1.000000e-030 1.315786e-001 1.000000e-030 1.000000e-030 1.000000e-030 1.000000e-030 1.000000e-030 
1.000000e-030 1.000000e-030 3.577866e-001 1.000000e-030 1.000000e-030 1.000000e-030 6.418176e-002 1.000000e-030 1.000000e-030 1.000000e-030 2.598333e-090 1.000000e-030 1.000000e-030 1.000000e-030 2.119971e-002 6.158969e-236 1.000000e-030 1.000000e-030 4.027945e-001 1.000000e-030 2.119971e-002 1.000000e-030 1.000000e-030 1.000000e-030 8.479884e-002 1.000000e-030 4.803888e-002 1.000000e-030 1.000000e-030 1.000000e-030 1.000000e-030 1.000000e-030 
