8.971235e-001 1.028765e-001 0.000000e+000 0.000000e+000 0.000000e+000 
0.000000e+000 8.626299e-001 1.373701e-001 0.000000e+000 0.000000e+000 
0.000000e+000 0.000000e+000 0.000000e+000 1.000000e+000 0.000000e+000 
0.000000e+000 0.000000e+000 0.000000e+000 9.745696e-001 2.543040e-002 
0.000000e+000 0.000000e+000 0.000000e+000 0.000000e+000 1.000000e+000 
1.000000e-030 1.000000e-030 1.000000e-030 1.000000e-030 1.000000e-030 1.000000e-030 1.000000e-030 1.000000e-030 1.000000e-030 1.000000e-030 1.000000e-030 1.109210e-253 1.000000e-030 1.000000e-030 1.000000e-030 2.773025e-254 1.000000e-030 1.000000e-030 1.000000e-030 1.000000e-030 1.000000e-030 1.000000e-030 1.000000e-030 1.000000e-030 1.000000e-030 1.433976e-283 1.000000e-030 3.208578e-016 1.000000e-030 1.000000e-030 1.000000e-030 1.000000e+000 
1.000000e-030 1.000000e-030 1.000000e-030 1.000000e-030 1.000000e-030 1.000000e-030 1.000000e-030 1.000000e-030 1.000000e-030 1.000000e-030 1.000000e-030 1.000000e-030 1.000000e-030 1.000000e-030 1.000000e-030 3.264906e-122 1.000000e-030 1.000000e-030 1.000000e-030 1.000000e-030 1.000000e-030 1.000000e-030 1.000000e-030 1.000000e-030 1.000000e-030 3.702797e-254 1.000000e-030 4.121102e-001 1.000000e-030 1.000000e-030 1.000000e-030 5.878898e-001 
1.000000e-030 1.000000e-030 1.000000e-030 1.000000e-030 1.000000e-030 1.000000e-030 1.000000e-030 1.000000e-030 1.000000e-030 1.000000e-030 1.000000e-030 2.376723e-121 1.000000e-030 1.000000e-030 1.000000e-030 1.000000e+000 1.000000e-030 1.000000e-030 1.000000e-030 1.000000e-030 1.000000e-030 1.000000e-030 1.000000e-030 1.000000e-030 1.000000e-030 2.695490e-253 1.000000e-030 1.019417e-171 1.000000e-030 1.000000e-030 1.000000e-030 7.588383e-194 
1.000000e-030 1.000000e-030 1.000000e-030 1.000000e-030 1.000000e-030 1.000000e-030 2.543040e-002 1.000000e-030 1.000000e-030 1.000000e-030 1.000000e-030 7.373090e-001 1.000000e-030 1.000000e-030 1.000000e-030 3.592720e-018 1.000000e-030 1.000000e-030 1.000000e-030 4.606945e-098 1.000000e-030 5.924784e-002 1.000000e-030 1.000000e-030 1.000000e-030 1.780128e-001 1.000000e-030 1.908927e-280 1.000000e-030 1.000000e-030 1.000000e-030 2.592418e-173 
1.000000e-030 1.000000e-030 1.000000e-030 1.000000e-030 1.000000e-030 1.000000e-030 2.070102e-120 1.525224e-001 1.000000e-030 1.000000e-030 1.000000e-030 2.550666e-002 1.000000e-030 1.000000e-030 2.542040e-002 1.016816e-001 1.000000e-030 1.000000e-030 1.000000e-030 8.897138e-002 1.000000e-030 3.393872e-002 1.000000e-030 1.398122e-001 1.000000e-030 7.312923e-173 1.000000e-030 1.271020e-002 1.000000e-030 8.897138e-002 1.000000e-030 3.304651e-001 
