8.704385e-001 1.295615e-001 0.000000e+000 0.000000e+000 0.000000e+000 
0.000000e+000 8.405842e-001 1.594158e-001 0.000000e+000 0.000000e+000 
0.000000e+000 0.000000e+000 7.840307e-001 2.159693e-001 0.000000e+000 
0.000000e+000 0.000000e+000 0.000000e+000 9.732185e-001 2.678154e-002 
0.000000e+000 0.000000e+000 0.000000e+000 0.000000e+000 1.000000e+000 
1.000000e-030 1.000000e-030 1.000000e-030 1.000000e-030 1.000000e-030 1.000000e-030 1.000000e-030 1.000000e-030 1.000000e-030 1.000000e-030 1.000000e-030 4.986105e-052 1.000000e-030 1.000000e-030 1.000000e-030 3.032617e-005 1.000000e-030 1.000000e-030 1.000000e-030 1.000000e-030 1.000000e-030 1.000000e-030 1.000000e-030 1.000000e-030 1.000000e-030 1.000000e-030 1.000000e-030 3.704591e-001 1.000000e-030 1.000000e-030 1.000000e-030 6.295105e-001 
1.000000e-030 1.000000e-030 1.000000e-030 6.480256e-196 1.000000e-030 1.000000e-030 1.000000e-030 1.000000e-030 1.000000e-030 1.000000e-030 1.000000e-030 4.819590e-005 1.000000e-030 1.000000e-030 1.000000e-030 6.361779e-001 1.000000e-030 1.000000e-030 1.000000e-030 1.000000e-030 1.000000e-030 1.000000e-030 1.000000e-030 1.000000e-030 1.000000e-030 1.000000e-030 1.000000e-030 2.242922e-002 1.000000e-030 1.000000e-030 1.000000e-030 3.413447e-001 
1.000000e-030 1.000000e-030 1.000000e-030 2.992254e-019 1.000000e-030 1.000000e-030 1.000000e-030 1.000000e-030 1.000000e-030 1.000000e-030 1.000000e-030 7.820747e-001 1.000000e-030 1.000000e-030 1.000000e-030 1.961846e-003 1.000000e-030 1.000000e-030 1.000000e-030 1.000000e-030 1.000000e-030 1.000000e-030 1.000000e-030 1.000000e-030 1.000000e-030 7.205529e-090 1.000000e-030 2.159634e-001 1.000000e-030 1.000000e-030 1.000000e-030 1.313687e-009 
1.000000e-030 2.678154e-002 1.000000e-030 2.678154e-002 1.000000e-030 2.678154e-002 1.000000e-030 1.000000e-030 1.000000e-030 1.000000e-030 1.000000e-030 7.321842e-001 1.000000e-030 1.000000e-030 1.000000e-030 4.006902e-007 1.000000e-030 5.356308e-002 1.000000e-030 5.150128e-035 1.000000e-030 1.000000e-030 1.000000e-030 1.000000e-030 1.000000e-030 1.339077e-001 1.000000e-030 3.690678e-009 1.000000e-030 1.000000e-030 1.000000e-030 1.857529e-088 
1.000000e-030 1.000000e-030 1.000000e-030 1.000000e-030 1.000000e-030 4.814649e-158 1.000000e-030 1.066108e-001 1.000000e-030 1.000000e-030 1.000000e-030 2.717679e-002 1.000000e-030 1.000000e-030 1.000000e-030 1.465896e-001 1.000000e-030 8.932893e-127 1.000000e-030 1.066108e-001 1.000000e-030 1.332635e-002 1.000000e-030 1.865689e-001 1.000000e-030 1.000000e-030 1.000000e-030 2.665270e-001 1.000000e-030 2.665270e-002 1.000000e-030 1.199371e-001 
