8.702931e-001 1.297069e-001 0.000000e+000 0.000000e+000 0.000000e+000 
0.000000e+000 8.406364e-001 1.593636e-001 0.000000e+000 0.000000e+000 
0.000000e+000 0.000000e+000 7.780436e-001 2.219564e-001 0.000000e+000 
0.000000e+000 0.000000e+000 0.000000e+000 9.733125e-001 2.668750e-002 
0.000000e+000 0.000000e+000 0.000000e+000 0.000000e+000 1.000000e+000 
1.000000e-030 1.000000e-030 1.000000e-030 1.000000e-030 1.000000e-030 1.000000e-030 1.000000e-030 1.000000e-030 1.000000e-030 1.000000e-030 1.000000e-030 3.073308e-062 1.000000e-030 1.000000e-030 1.000000e-030 8.995353e-006 1.000000e-030 1.000000e-030 1.000000e-030 1.000000e-030 1.000000e-030 1.000000e-030 1.000000e-030 1.000000e-030 1.000000e-030 1.000000e-030 1.000000e-030 3.703765e-001 1.000000e-030 1.000000e-030 1.000000e-030 6.296145e-001 
1.000000e-030 1.000000e-030 1.000000e-030 2.098067e-154 1.000000e-030 1.000000e-030 1.000000e-030 1.000000e-030 1.000000e-030 1.000000e-030 1.000000e-030 5.048144e-005 1.000000e-030 1.000000e-030 1.000000e-030 6.349419e-001 1.000000e-030 1.000000e-030 1.000000e-030 1.000000e-030 1.000000e-030 1.000000e-030 1.000000e-030 1.000000e-030 1.000000e-030 3.901376e-222 1.000000e-030 2.303453e-002 1.000000e-030 1.000000e-030 1.000000e-030 3.419730e-001 
1.000000e-030 1.000000e-030 1.000000e-030 2.672134e-012 1.000000e-030 1.000000e-030 1.000000e-030 1.000000e-030 1.000000e-030 1.000000e-030 1.000000e-030 7.745660e-001 1.000000e-030 1.000000e-030 1.000000e-030 3.483914e-003 1.000000e-030 1.000000e-030 1.000000e-030 1.000000e-030 1.000000e-030 1.000000e-030 1.000000e-030 1.000000e-030 1.000000e-030 1.096827e-047 1.000000e-030 2.219498e-001 1.000000e-030 1.000000e-030 1.000000e-030 3.007905e-007 
1.000000e-030 2.668750e-002 1.000000e-030 2.668750e-002 1.000000e-030 2.668750e-002 1.000000e-030 1.000000e-030 1.000000e-030 1.000000e-030 1.000000e-030 7.331234e-001 1.000000e-030 1.000000e-030 1.000000e-030 1.572462e-006 1.000000e-030 5.337499e-002 1.000000e-030 2.035279e-030 1.000000e-030 1.000000e-030 1.000000e-030 1.000000e-030 1.000000e-030 1.334375e-001 1.000000e-030 2.982508e-008 1.000000e-030 1.000000e-030 1.000000e-030 5.322054e-050 
1.000000e-030 1.000000e-030 1.000000e-030 1.000000e-030 1.000000e-030 1.000000e-030 1.000000e-030 1.066109e-001 1.000000e-030 1.000000e-030 1.000000e-030 2.717632e-002 1.000000e-030 1.000000e-030 1.000000e-030 1.465892e-001 1.000000e-030 5.774867e-105 1.000000e-030 1.066109e-001 1.000000e-030 1.332636e-002 1.000000e-030 1.865691e-001 1.000000e-030 1.000000e-030 1.000000e-030 2.665272e-001 1.000000e-030 2.665272e-002 1.000000e-030 1.199373e-001 
