8.180900e-001 1.819100e-001 0.000000e+000 0.000000e+000 0.000000e+000 
0.000000e+000 9.200178e-001 7.998224e-002 0.000000e+000 0.000000e+000 
0.000000e+000 0.000000e+000 0.000000e+000 1.000000e+000 0.000000e+000 
0.000000e+000 0.000000e+000 0.000000e+000 9.736842e-001 2.631579e-002 
0.000000e+000 0.000000e+000 0.000000e+000 0.000000e+000 1.000000e+000 
1.000000e-030 1.000000e-030 1.000000e-030 1.000000e-030 1.000000e-030 1.000000e-030 1.000000e-030 1.000000e-030 1.000000e-030 1.000000e-030 1.000000e-030 1.000000e-030 1.000000e-030 1.000000e-030 1.000000e-030 1.819100e-001 1.000000e-030 1.000000e-030 1.000000e-030 1.000000e-030 1.000000e-030 1.000000e-030 1.000000e-030 1.000000e-030 1.000000e-030 1.000000e-030 1.000000e-030 2.711738e-001 1.000000e-030 1.000000e-030 1.000000e-030 5.469163e-001 
1.000000e-030 1.000000e-030 1.000000e-030 1.000000e-030 1.000000e-030 1.000000e-030 1.000000e-030 1.000000e-030 1.000000e-030 1.000000e-030 1.000000e-030 1.000000e-030 1.000000e-030 1.000000e-030 1.000000e-030 1.009081e-016 1.000000e-030 1.000000e-030 1.000000e-030 1.000000e-030 1.000000e-030 1.000000e-030 1.000000e-030 1.000000e-030 1.000000e-030 1.000000e-030 1.000000e-030 7.605749e-001 1.000000e-030 1.000000e-030 1.000000e-030 2.394251e-001 
1.000000e-030 1.000000e-030 1.000000e-030 1.000000e-030 1.000000e-030 1.000000e-030 1.000000e-030 1.000000e-030 1.000000e-030 1.000000e-030 1.000000e-030 3.172236e-274 1.000000e-030 1.000000e-030 1.000000e-030 1.000000e+000 1.000000e-030 1.000000e-030 1.000000e-030 1.000000e-030 1.000000e-030 1.000000e-030 1.000000e-030 1.000000e-030 1.000000e-030 1.000000e-030 1.000000e-030 1.000000e-030 1.000000e-030 1.000000e-030 1.000000e-030 1.000000e-030 
1.000000e-030 1.578947e-001 1.000000e-030 1.000000e-030 1.000000e-030 5.263158e-002 1.000000e-030 1.000000e-030 1.000000e-030 1.000000e-030 1.000000e-030 2.894737e-001 1.000000e-030 1.000000e-030 1.000000e-030 1.210902e-082 1.000000e-030 1.000000e-030 1.000000e-030 1.000000e-030 1.000000e-030 2.105263e-001 1.000000e-030 1.000000e-030 1.000000e-030 2.894737e-001 1.000000e-030 1.000000e-030 1.000000e-030 1.000000e-030 1.000000e-030 1.000000e-030 
1.000000e-030 1.000000e-030 1.000000e-030 1.000000e-030 1.000000e-030 1.000000e-030 1.000000e-030 2.727273e-001 1.000000e-030 1.000000e-030 1.000000e-030 1.136364e-002 1.000000e-030 1.000000e-030 1.000000e-030 3.181818e-001 1.000000e-030 1.000000e-030 1.000000e-030 9.090909e-002 1.000000e-030 4.979332e-093 1.000000e-030 1.931818e-001 1.000000e-030 1.000000e-030 1.000000e-030 7.954545e-002 1.000000e-030 1.000000e-030 1.000000e-030 3.409091e-002 
