8.752533e-001 1.247467e-001 0.000000e+000 0.000000e+000 0.000000e+000 
0.000000e+000 8.747456e-001 1.252544e-001 0.000000e+000 0.000000e+000 
0.000000e+000 0.000000e+000 3.869434e-012 1.000000e+000 0.000000e+000 
0.000000e+000 0.000000e+000 0.000000e+000 9.772493e-001 2.275066e-002 
0.000000e+000 0.000000e+000 0.000000e+000 0.000000e+000 1.000000e+000 
1.000000e-030 1.000000e-030 1.000000e-030 1.000000e-030 1.000000e-030 1.000000e-030 1.000000e-030 1.000000e-030 1.000000e-030 1.000000e-030 1.000000e-030 2.373890e-144 1.000000e-030 1.000000e-030 1.000000e-030 1.685464e-114 1.000000e-030 1.000000e-030 1.000000e-030 1.000000e-030 1.000000e-030 1.000000e-030 1.000000e-030 1.000000e-030 1.000000e-030 1.000000e-030 1.000000e-030 1.000000e-030 1.000000e-030 1.000000e-030 1.000000e-030 1.000000e+000 
1.000000e-030 1.000000e-030 1.000000e-030 1.000000e-030 1.000000e-030 1.000000e-030 1.000000e-030 1.000000e-030 1.000000e-030 1.000000e-030 1.000000e-030 2.885729e-098 1.000000e-030 1.000000e-030 1.000000e-030 3.131744e-022 1.000000e-030 1.000000e-030 1.000000e-030 1.000000e-030 1.000000e-030 1.000000e-030 1.000000e-030 1.000000e-030 1.000000e-030 1.000000e-030 1.000000e-030 1.000000e-030 1.000000e-030 1.000000e-030 1.000000e-030 1.000000e+000 
1.000000e-030 1.000000e-030 1.000000e-030 1.000000e-030 1.000000e-030 1.000000e-030 1.000000e-030 1.000000e-030 1.000000e-030 1.000000e-030 1.000000e-030 3.869422e-012 1.000000e-030 1.000000e-030 1.000000e-030 1.000000e+000 1.000000e-030 1.000000e-030 1.000000e-030 1.000000e-030 1.000000e-030 1.000000e-030 1.000000e-030 1.000000e-030 1.000000e-030 1.061626e-165 1.000000e-030 1.000000e-030 1.000000e-030 1.000000e-030 1.000000e-030 1.120644e-017 
1.000000e-030 2.275066e-002 1.000000e-030 1.000000e-030 1.000000e-030 1.000000e-030 1.000000e-030 1.000000e-030 1.000000e-030 9.426261e-012 1.000000e-030 6.359894e-001 1.000000e-030 1.000000e-030 1.000000e-030 1.683642e-083 1.000000e-030 2.275066e-002 1.000000e-030 4.550132e-002 1.000000e-030 1.000000e-030 1.000000e-030 1.000000e-030 1.000000e-030 2.730079e-001 1.000000e-030 1.000000e-030 1.000000e-030 1.000000e-030 1.000000e-030 5.986259e-119 
1.000000e-030 5.080843e-092 1.000000e-030 1.000000e-030 1.000000e-030 1.000000e-030 1.000000e-030 5.260027e-002 1.000000e-030 3.945021e-002 1.000000e-030 2.689492e-002 1.000000e-030 1.000000e-030 1.315007e-002 2.104011e-001 1.000000e-030 4.649309e-061 1.000000e-030 3.945021e-002 3.945021e-002 5.260027e-002 1.315007e-002 1.709509e-001 1.000000e-030 1.315007e-002 1.000000e-030 2.630014e-002 1.000000e-030 6.575034e-002 1.315007e-002 2.235512e-001 
