9.308841e-001 6.911590e-002 0.000000e+000 0.000000e+000 0.000000e+000 
0.000000e+000 7.168381e-001 2.831619e-001 0.000000e+000 0.000000e+000 
0.000000e+000 0.000000e+000 8.571429e-001 1.428571e-001 0.000000e+000 
0.000000e+000 0.000000e+000 0.000000e+000 9.684913e-001 3.150872e-002 
0.000000e+000 0.000000e+000 0.000000e+000 0.000000e+000 1.000000e+000 
1.000000e-030 1.000000e-030 1.000000e-030 1.000000e-030 1.000000e-030 1.000000e-030 1.000000e-030 1.000000e-030 1.000000e-030 1.000000e-030 1.000000e-030 6.089669e-223 1.000000e-030 1.000000e-030 1.000000e-030 1.000000e-030 1.000000e-030 1.000000e-030 1.000000e-030 1.000000e-030 1.000000e-030 1.000000e-030 1.000000e-030 1.000000e-030 1.000000e-030 1.000000e-030 1.000000e-030 5.853046e-001 1.000000e-030 1.000000e-030 1.000000e-030 4.146954e-001 
1.000000e-030 1.000000e-030 1.000000e-030 1.000000e-030 1.000000e-030 1.000000e-030 1.000000e-030 1.000000e-030 1.000000e-030 1.000000e-030 1.000000e-030 4.638173e-020 1.000000e-030 1.000000e-030 1.000000e-030 1.000000e-030 1.000000e-030 1.000000e-030 1.000000e-030 1.000000e-030 1.000000e-030 1.000000e-030 1.000000e-030 1.000000e-030 1.000000e-030 2.449186e-180 1.000000e-030 1.000000e+000 1.000000e-030 1.000000e-030 1.000000e-030 4.132783e-023 
1.000000e-030 1.915406e-043 1.000000e-030 1.000000e-030 1.000000e-030 1.000000e-030 1.000000e-030 1.000000e-030 1.000000e-030 1.000000e-030 1.000000e-030 5.714286e-001 1.000000e-030 1.000000e-030 1.000000e-030 1.000000e-030 1.000000e-030 1.000000e-030 1.000000e-030 1.000000e-030 1.000000e-030 1.000000e-030 1.000000e-030 1.000000e-030 1.000000e-030 4.285714e-001 1.000000e-030 5.531211e-027 1.000000e-030 1.000000e-030 1.000000e-030 4.940656e-324 
1.000000e-030 2.835784e-001 1.000000e-030 3.399513e-228 1.000000e-030 3.150872e-002 1.000000e-030 1.000000e-030 1.000000e-030 1.000000e-030 1.000000e-030 4.328431e-001 1.000000e-030 1.000000e-030 1.000000e-030 4.164689e-037 1.000000e-030 2.520697e-001 1.000000e-030 1.000000e-030 1.000000e-030 1.000000e-030 1.000000e-030 1.000000e-030 1.000000e-030 1.450594e-030 1.000000e-030 1.000000e-030 1.000000e-030 1.000000e-030 1.000000e-030 1.000000e-030 
1.000000e-030 1.000000e-030 1.000000e-030 1.201017e-002 1.000000e-030 1.814932e-116 1.000000e-030 1.681424e-001 1.000000e-030 1.000000e-030 1.000000e-030 8.722687e-002 1.000000e-030 1.000000e-030 1.000000e-030 1.321119e-001 1.000000e-030 6.585803e-050 1.000000e-030 9.608138e-002 1.000000e-030 1.201017e-002 1.000000e-030 2.041729e-001 1.000000e-030 1.000000e-030 1.000000e-030 2.402035e-001 1.000000e-030 1.000000e-030 1.000000e-030 4.804069e-002 
