8.758674e-001 1.241326e-001 0.000000e+000 0.000000e+000 0.000000e+000 
0.000000e+000 7.462765e-001 2.537235e-001 0.000000e+000 0.000000e+000 
0.000000e+000 0.000000e+000 8.572000e-001 1.428000e-001 0.000000e+000 
0.000000e+000 0.000000e+000 0.000000e+000 9.686608e-001 3.133919e-002 
0.000000e+000 0.000000e+000 0.000000e+000 0.000000e+000 1.000000e+000 
1.000000e-030 1.000000e-030 1.000000e-030 1.000000e-030 1.000000e-030 1.000000e-030 1.000000e-030 1.000000e-030 1.000000e-030 3.723978e-001 1.000000e-030 1.000000e-030 1.000000e-030 1.000000e-030 1.205941e-001 1.241326e-001 1.000000e-030 1.000000e-030 1.000000e-030 1.000000e-030 1.000000e-030 1.563167e-061 1.000000e-030 1.000000e-030 1.000000e-030 1.000000e-030 1.000000e-030 1.688811e-001 1.000000e-030 1.000000e-030 1.000000e-030 2.139944e-001 
1.000000e-030 1.000000e-030 1.000000e-030 1.000000e-030 1.000000e-030 1.000000e-030 1.000000e-030 1.000000e-030 1.000000e-030 1.086841e-017 1.000000e-030 2.922852e-238 1.000000e-030 1.000000e-030 7.232677e-003 8.050680e-010 1.000000e-030 1.000000e-030 1.000000e-030 1.000000e-030 1.000000e-030 2.530130e-001 1.000000e-030 1.000000e-030 1.000000e-030 1.000000e-030 1.000000e-030 1.622589e-001 1.000000e-030 1.000000e-030 1.000000e-030 5.774955e-001 
1.000000e-030 1.000000e-030 1.000000e-030 1.000000e-030 1.000000e-030 1.000000e-030 1.000000e-030 1.000000e-030 1.000000e-030 1.428000e-001 1.000000e-030 1.911375e-016 1.000000e-030 1.000000e-030 1.000000e-030 4.284001e-001 1.000000e-030 1.000000e-030 1.000000e-030 1.000000e-030 1.000000e-030 3.998672e-004 1.000000e-030 1.000000e-030 1.000000e-030 8.958781e-296 1.000000e-030 4.284001e-001 1.000000e-030 1.000000e-030 1.000000e-030 1.311989e-032 
1.000000e-030 1.000000e-030 1.000000e-030 1.000000e-030 1.000000e-030 1.000000e-030 1.000000e-030 1.000000e-030 1.000000e-030 2.625723e-013 1.000000e-030 7.473750e-001 1.000000e-030 1.000000e-030 1.000000e-030 1.000000e-030 1.000000e-030 1.880351e-001 1.000000e-030 1.000000e-030 1.000000e-030 1.042117e-060 1.000000e-030 1.000000e-030 1.000000e-030 6.267837e-002 1.911544e-003 2.091468e-130 1.000000e-030 1.000000e-030 1.000000e-030 9.902475e-148 
1.000000e-030 1.000000e-030 1.000000e-030 1.000000e-030 1.000000e-030 1.000000e-030 1.000000e-030 2.467944e-001 1.000000e-030 1.175211e-002 1.000000e-030 1.193082e-001 1.000000e-030 1.000000e-030 1.000000e-030 1.175211e-001 1.000000e-030 4.500062e-282 1.000000e-030 3.525634e-002 2.350423e-002 7.051269e-002 1.000000e-030 1.762817e-001 1.000000e-030 1.000000e-030 2.278741e-002 1.292733e-001 1.000000e-030 1.000000e-030 1.000000e-030 4.700846e-002 
