9.012590e-001 9.874104e-002 0.000000e+000 0.000000e+000 0.000000e+000 
0.000000e+000 8.872922e-001 1.127078e-001 0.000000e+000 0.000000e+000 
0.000000e+000 0.000000e+000 0.000000e+000 1.000000e+000 0.000000e+000 
0.000000e+000 0.000000e+000 0.000000e+000 9.714120e-001 2.858802e-002 
0.000000e+000 0.000000e+000 0.000000e+000 0.000000e+000 1.000000e+000 
1.000000e-030 1.000000e-030 1.000000e-030 1.000000e-030 1.000000e-030 1.000000e-030 1.000000e-030 1.000000e-030 1.000000e-030 1.000000e-030 1.000000e-030 1.000000e-030 1.000000e-030 9.544455e-304 1.000000e-030 7.627785e-099 1.000000e-030 1.000000e-030 1.000000e-030 1.000000e-030 1.000000e-030 1.000000e-030 1.000000e-030 2.962231e-001 1.000000e-030 1.000000e-030 1.000000e-030 5.924462e-001 1.000000e-030 1.000000e-030 4.125810e-128 1.113307e-001 
1.000000e-030 1.000000e-030 1.000000e-030 1.000000e-030 1.000000e-030 1.000000e-030 1.000000e-030 1.000000e-030 1.000000e-030 1.000000e-030 1.000000e-030 1.000000e-030 1.000000e-030 3.366077e-266 1.000000e-030 6.001805e-061 1.000000e-030 1.000000e-030 1.000000e-030 1.000000e-030 1.000000e-030 1.000000e-030 1.000000e-030 3.791885e-126 1.000000e-030 1.000000e-030 1.000000e-030 9.863608e-026 1.000000e-030 3.584939e-295 3.196021e-090 1.000000e+000 
1.000000e-030 1.000000e-030 1.000000e-030 1.000000e-030 1.000000e-030 1.000000e-030 1.000000e-030 1.000000e-030 1.000000e-030 1.000000e-030 1.000000e-030 1.000000e-030 1.000000e-030 2.428425e-235 1.000000e-030 1.000000e+000 1.000000e-030 1.000000e-030 1.000000e-030 1.000000e-030 1.000000e-030 1.000000e-030 1.000000e-030 1.000000e-030 1.000000e-030 1.000000e-030 1.000000e-030 1.000000e-030 1.000000e-030 2.986551e-265 5.325101e-060 4.404635e-245 
1.000000e-030 1.000000e-030 1.000000e-030 1.000000e-030 1.000000e-030 5.743475e-018 1.000000e-030 1.000000e-030 1.000000e-030 1.000000e-030 1.000000e-030 1.000000e-030 1.000000e-030 8.576407e-002 1.000000e-030 1.259198e-246 1.000000e-030 1.000000e-030 1.000000e-030 1.000000e-030 1.000000e-030 1.000000e-030 1.000000e-030 1.000000e-030 1.000000e-030 2.224563e-207 1.000000e-030 1.000000e-030 1.000000e-030 7.427078e-001 1.715281e-001 1.000000e-030 
1.000000e-030 1.408048e-002 1.000000e-030 1.000000e-030 1.000000e-030 9.856334e-002 1.000000e-030 1.000000e-030 1.000000e-030 1.000000e-030 1.000000e-030 2.816096e-002 1.000000e-030 2.482605e-117 1.000000e-030 1.126438e-001 1.000000e-030 2.816096e-002 1.000000e-030 1.000000e-030 1.000000e-030 2.816096e-001 1.000000e-030 5.632191e-002 1.000000e-030 1.971267e-001 1.000000e-030 1.689657e-001 1.000000e-030 1.436656e-002 1.000000e-030 1.000000e-030 
