8.750000e-001 1.250000e-001 0.000000e+000 0.000000e+000 0.000000e+000 
0.000000e+000 5.000000e-001 5.000000e-001 0.000000e+000 0.000000e+000 
0.000000e+000 0.000000e+000 9.090909e-001 9.090909e-002 0.000000e+000 
0.000000e+000 0.000000e+000 0.000000e+000 9.714286e-001 2.857143e-002 
0.000000e+000 0.000000e+000 0.000000e+000 0.000000e+000 1.000000e+000 
1.000000e-030 1.000000e-030 1.000000e-030 1.000000e-030 1.000000e-030 1.000000e-030 1.000000e-030 1.000000e-030 1.000000e-030 2.362281e-033 9.452583e-249 1.000000e-030 1.000000e-030 1.000000e-030 1.000000e-030 1.000000e-030 1.000000e-030 1.000000e-030 1.000000e-030 1.000000e-030 1.000000e-030 1.000000e-030 1.000000e-030 1.000000e-030 1.000000e-030 1.000000e-030 2.322396e-136 8.750000e-001 1.000000e-030 1.000000e-030 1.000000e-030 1.250000e-001 
1.000000e-030 1.000000e-030 1.000000e-030 1.000000e-030 1.000000e-030 1.000000e-030 1.000000e-030 1.000000e-030 1.000000e-030 5.000000e-001 3.196642e-022 1.000000e-030 1.000000e-030 1.000000e-030 1.000000e-030 1.000000e-030 1.000000e-030 1.000000e-030 1.000000e-030 1.000000e-030 1.000000e-030 1.000000e-030 1.000000e-030 1.000000e-030 1.000000e-030 1.000000e-030 5.000000e-001 2.461785e-018 1.000000e-030 1.000000e-030 1.000000e-030 3.080331e-318 
1.000000e-030 1.000000e-030 1.000000e-030 1.000000e-030 1.000000e-030 1.000000e-030 1.000000e-030 1.000000e-030 1.000000e-030 1.000000e-030 1.000000e+000 1.000000e-030 1.000000e-030 3.541280e-243 1.000000e-030 1.000000e-030 1.000000e-030 1.000000e-030 1.000000e-030 1.000000e-030 1.000000e-030 1.000000e-030 1.000000e-030 1.000000e-030 1.000000e-030 1.000000e-030 1.632048e-018 1.000000e-030 1.000000e-030 1.000000e-030 1.055000e-019 1.000000e-030 
1.000000e-030 1.000000e-030 1.000000e-030 1.000000e-030 1.000000e-030 1.760187e-018 1.000000e-030 1.000000e-030 1.000000e-030 1.000000e-030 3.790301e-064 1.000000e-030 1.000000e-030 2.857143e-002 1.000000e-030 1.000000e-030 1.000000e-030 5.110868e-112 1.000000e-030 1.000000e-030 1.000000e-030 1.000000e-030 1.000000e-030 1.000000e-030 1.000000e-030 1.386137e-243 1.000000e-030 1.000000e-030 1.000000e-030 8.000000e-001 1.714286e-001 1.000000e-030 
1.000000e-030 1.204819e-002 1.000000e-030 1.000000e-030 1.000000e-030 7.228916e-002 1.000000e-030 1.000000e-030 1.000000e-030 7.228916e-002 1.084337e-001 1.000000e-030 1.000000e-030 1.000000e-030 1.000000e-030 1.325301e-001 3.614458e-002 4.819277e-002 1.000000e-030 1.000000e-030 1.000000e-030 1.000000e-030 1.000000e-030 1.000000e-030 1.000000e-030 1.807229e-001 3.132530e-001 1.000000e-030 2.409639e-002 8.941621e-065 1.000000e-030 1.000000e-030 
