6.680547e-001 3.319453e-001 0.000000e+000 0.000000e+000 0.000000e+000 
0.000000e+000 8.329858e-001 1.670142e-001 0.000000e+000 0.000000e+000 
0.000000e+000 0.000000e+000 9.111595e-001 8.884052e-002 0.000000e+000 
0.000000e+000 0.000000e+000 0.000000e+000 9.349624e-001 6.503763e-002 
0.000000e+000 0.000000e+000 0.000000e+000 0.000000e+000 1.000000e+000 
1.000000e-030 1.000000e-030 1.000000e-030 1.000000e-030 1.000000e-030 1.000000e-030 1.000000e-030 1.000000e-030 1.000000e-030 1.000000e-030 1.000000e-030 1.000000e-030 1.000000e-030 1.000000e-030 1.000000e-030 4.164178e-003 1.000000e-030 1.000000e-030 1.000000e-030 1.000000e-030 1.000000e-030 1.000000e-030 1.000000e-030 1.000000e-030 1.000000e-030 1.000000e-030 1.016337e-218 9.958358e-001 1.000000e-030 1.000000e-030 1.000000e-030 1.478244e-032 
1.000000e-030 1.000000e-030 1.000000e-030 1.000000e-030 1.000000e-030 1.000000e-030 1.000000e-030 1.000000e-030 1.000000e-030 1.000000e-030 6.723175e-103 1.000000e-030 1.000000e-030 1.000000e-030 1.000000e-030 6.659615e-001 1.000000e-030 1.000000e-030 1.000000e-030 1.000000e-030 1.000000e-030 1.000000e-030 1.000000e-030 1.000000e-030 1.000000e-030 1.000000e-030 1.101631e-005 7.288623e-010 1.000000e-030 1.000000e-030 1.000000e-030 3.340275e-001 
1.000000e-030 1.000000e-030 1.000000e-030 1.000000e-030 1.000000e-030 1.000000e-030 1.000000e-030 1.000000e-030 1.000000e-030 1.000000e-030 4.442026e-001 1.000000e-030 1.000000e-030 9.776071e-240 1.000000e-030 5.817177e-065 1.000000e-030 1.000000e-030 1.000000e-030 1.000000e-030 1.000000e-030 1.000000e-030 1.000000e-030 1.000000e-030 1.000000e-030 1.000000e-030 5.330373e-001 1.000000e-030 2.275969e-002 1.000000e-030 8.388852e-018 4.648485e-007 
1.000000e-030 1.000000e-030 1.000000e-030 1.000000e-030 1.000000e-030 1.000000e-030 1.000000e-030 1.000000e-030 1.000000e-030 1.000000e-030 1.628516e-008 1.000000e-030 1.000000e-030 4.963602e-001 1.000000e-030 1.000000e-030 1.000000e-030 2.745925e-125 1.000000e-030 1.000000e-030 1.000000e-030 1.000000e-030 1.000000e-030 1.000000e-030 1.000000e-030 1.000000e-030 8.706720e-065 1.000000e-030 4.837590e-002 5.003518e-007 4.552634e-001 1.000000e-030 
1.000000e-030 1.006359e-002 1.000000e-030 1.000000e-030 1.000000e-030 3.019078e-002 1.000000e-030 1.000000e-030 1.000000e-030 1.308267e-001 6.038155e-002 1.000000e-030 1.000000e-030 1.244676e-001 1.000000e-030 7.044514e-002 2.012718e-002 1.006359e-002 1.000000e-030 1.000000e-030 1.000000e-030 4.025437e-002 1.000000e-030 1.000000e-030 1.000000e-030 1.308267e-001 3.320985e-001 1.000000e-030 1.000000e-030 4.025429e-002 1.512964e-046 1.000000e-030 
