8.000000e-001 2.000000e-001 0.000000e+000 0.000000e+000 0.000000e+000 
0.000000e+000 7.416350e-001 2.583650e-001 0.000000e+000 0.000000e+000 
0.000000e+000 0.000000e+000 9.175564e-001 8.244359e-002 0.000000e+000 
0.000000e+000 0.000000e+000 0.000000e+000 9.729730e-001 2.702703e-002 
0.000000e+000 0.000000e+000 0.000000e+000 0.000000e+000 1.000000e+000 
1.000000e-030 1.000000e-030 1.000000e-030 1.000000e-030 1.000000e-030 1.000000e-030 1.000000e-030 1.000000e-030 1.000000e-030 1.000000e-030 2.011530e-128 1.000000e-030 1.000000e-030 1.000000e-030 1.000000e-030 1.000000e-030 1.000000e-030 1.000000e-030 1.000000e-030 1.000000e-030 1.000000e-030 1.000000e-030 1.000000e-030 2.000000e-001 1.000000e-030 1.000000e-030 1.000000e-030 8.000000e-001 1.000000e-030 1.000000e-030 1.000000e-030 2.108563e-020 
1.000000e-030 1.000000e-030 1.000000e-030 1.000000e-030 1.000000e-030 1.000000e-030 1.000000e-030 1.000000e-030 1.000000e-030 1.000000e-030 2.175925e-022 1.000000e-030 1.000000e-030 1.000000e-030 1.000000e-030 1.000000e-030 1.000000e-030 1.000000e-030 1.000000e-030 1.000000e-030 1.000000e-030 1.000000e-030 1.000000e-030 4.705105e-313 1.000000e-030 1.000000e-030 1.000000e-030 3.921973e-019 1.000000e-030 1.000000e-030 4.767553e-278 1.000000e+000 
1.000000e-030 1.000000e-030 1.000000e-030 1.000000e-030 1.000000e-030 1.000000e-030 1.000000e-030 1.000000e-030 1.000000e-030 1.000000e-030 9.068795e-001 1.000000e-030 1.000000e-030 1.000000e-030 1.000000e-030 1.000000e-030 1.000000e-030 1.000000e-030 1.000000e-030 1.000000e-030 1.000000e-030 1.000000e-030 1.000000e-030 1.000000e-030 1.000000e-030 1.000000e-030 1.000000e-030 3.430980e-158 1.000000e-030 1.000000e-030 7.264809e-019 9.312054e-002 
1.000000e-030 6.877196e-157 1.000000e-030 1.000000e-030 1.000000e-030 1.308743e-023 1.000000e-030 1.000000e-030 1.000000e-030 1.000000e-030 9.274832e-298 1.000000e-030 1.000000e-030 7.027027e-001 1.000000e-030 1.000000e-030 1.000000e-030 9.798391e-292 1.000000e-030 1.000000e-030 1.000000e-030 1.000000e-030 1.000000e-030 1.000000e-030 1.000000e-030 1.000000e-030 1.000000e-030 1.000000e-030 1.000000e-030 1.351351e-001 1.621622e-001 9.527097e-018 
1.000000e-030 1.636364e-001 1.000000e-030 1.000000e-030 1.000000e-030 1.272727e-001 1.000000e-030 1.000000e-030 1.000000e-030 3.454545e-001 3.636364e-002 1.000000e-030 1.000000e-030 5.425843e-050 1.000000e-030 1.272727e-001 1.000000e-030 1.818182e-002 1.000000e-030 1.000000e-030 1.000000e-030 3.636364e-002 1.000000e-030 1.000000e-030 1.000000e-030 7.272727e-002 7.272727e-002 1.000000e-030 1.000000e-030 1.231482e-126 1.000000e-030 1.000000e-030 
