8.571268e-001 1.428732e-001 0.000000e+000 0.000000e+000 0.000000e+000 
0.000000e+000 6.579647e-001 3.420353e-001 0.000000e+000 0.000000e+000 
0.000000e+000 0.000000e+000 8.839234e-001 1.160766e-001 0.000000e+000 
0.000000e+000 0.000000e+000 0.000000e+000 9.591205e-001 4.087955e-002 
0.000000e+000 0.000000e+000 0.000000e+000 0.000000e+000 1.000000e+000 
1.000000e-030 1.000000e-030 1.000000e-030 1.000000e-030 1.000000e-030 1.000000e-030 1.000000e-030 1.000000e-030 1.000000e-030 1.000000e-030 1.000000e-030 2.767756e-084 5.713804e-001 1.000000e-030 8.216848e-013 1.000000e-030 1.000000e-030 1.000000e-030 2.857464e-001 1.000000e-030 1.000000e-030 1.000000e-030 1.000000e-030 5.781970e-114 1.000000e-030 1.000000e-030 1.000000e-030 1.000000e-030 5.366894e-242 1.000000e-030 1.428732e-001 1.000000e-030 
1.000000e-030 1.000000e-030 1.000000e-030 1.000000e-030 1.000000e-030 1.000000e-030 1.000000e-030 1.000000e-030 1.000000e-030 1.000000e-030 1.000000e-030 1.035163e-002 2.688594e-004 1.000000e-030 9.893795e-001 1.000000e-030 1.000000e-030 1.000000e-030 2.118900e-111 1.000000e-030 1.000000e-030 1.000000e-030 1.000000e-030 2.768531e-022 1.000000e-030 1.000000e-030 1.605240e-173 1.000000e-030 2.206106e-092 1.000000e-030 2.821997e-015 1.000000e-030 
1.000000e-030 1.000000e-030 1.000000e-030 1.000000e-030 1.000000e-030 1.000000e-030 1.000000e-030 1.000000e-030 1.000000e-030 1.000000e-030 1.000000e-030 2.286402e-001 1.394329e-081 1.000000e-030 7.488212e-002 1.000000e-030 1.000000e-030 1.000000e-030 1.918592e-062 1.000000e-030 1.000000e-030 1.000000e-030 1.000000e-030 4.643065e-001 1.000000e-030 1.000000e-030 1.800921e-005 1.000000e-030 2.321532e-001 1.000000e-030 1.000000e-030 1.000000e-030 
1.000000e-030 1.000000e-030 1.000000e-030 1.000000e-030 1.000000e-030 5.117148e-015 1.000000e-030 1.000000e-030 1.000000e-030 1.000000e-030 1.000000e-030 1.000000e-030 1.000000e-030 1.000000e-030 5.977679e-002 1.000000e-030 1.000000e-030 1.000000e-030 5.314341e-001 1.000000e-030 1.000000e-030 1.000000e-030 2.861568e-001 1.837295e-020 1.000000e-030 1.000000e-030 1.226323e-001 1.000000e-030 2.234811e-141 1.000000e-030 1.000000e-030 1.000000e-030 
1.000000e-030 2.051282e-001 1.000000e-030 1.000000e-030 1.000000e-030 1.880342e-001 1.000000e-030 1.000000e-030 1.000000e-030 1.000000e-030 1.000000e-030 2.564103e-002 8.547009e-002 3.418803e-002 4.273504e-002 1.000000e-030 1.000000e-030 1.000000e-030 8.547009e-003 9.401709e-002 1.000000e-030 1.000000e-030 7.015575e-020 7.692308e-002 1.000000e-030 3.418803e-002 1.189306e-279 1.000000e-030 1.709402e-002 1.709402e-002 1.709402e-001 1.000000e-030 
