6.664093e-001 3.335907e-001 0.000000e+000 0.000000e+000 0.000000e+000 
0.000000e+000 8.255438e-001 1.744562e-001 0.000000e+000 0.000000e+000 
0.000000e+000 0.000000e+000 9.451552e-001 5.484479e-002 0.000000e+000 
0.000000e+000 0.000000e+000 0.000000e+000 9.169225e-001 8.307754e-002 
0.000000e+000 0.000000e+000 0.000000e+000 0.000000e+000 1.000000e+000 
1.000000e-030 1.000000e-030 1.000000e-030 1.000000e-030 1.000000e-030 1.000000e-030 1.000000e-030 1.000000e-030 1.000000e-030 1.000000e-030 1.000000e-030 6.558733e-296 6.671815e-001 1.000000e-030 1.000000e-030 1.000000e-030 1.000000e-030 1.000000e-030 1.000000e-030 2.635779e-005 1.000000e-030 1.000000e-030 1.000000e-030 3.421542e-083 1.000000e-030 1.000000e-030 1.000000e-030 1.000000e-030 3.327922e-001 1.000000e-030 1.000000e-030 1.000000e-030 
1.000000e-030 1.000000e-030 1.000000e-030 1.000000e-030 1.000000e-030 1.000000e-030 1.000000e-030 1.879430e-093 1.000000e-030 1.000000e-030 1.000000e-030 1.620495e-005 6.043899e-016 1.000000e-030 1.008525e-293 1.000000e-030 1.000000e-030 1.000000e-030 1.000000e-030 8.361929e-001 1.000000e-030 1.000000e-030 1.000000e-030 1.633733e-001 1.000000e-030 1.000000e-030 1.000000e-030 1.000000e-030 4.176228e-004 1.000000e-030 1.000000e-030 1.000000e-030 
1.000000e-030 1.000000e-030 1.000000e-030 1.000000e-030 1.000000e-030 1.000000e-030 1.000000e-030 5.484479e-002 1.000000e-030 1.000000e-030 1.000000e-030 4.387533e-001 1.000000e-030 1.000000e-030 5.484277e-002 1.000000e-030 1.000000e-030 1.000000e-030 5.870544e-069 1.210305e-001 1.000000e-030 1.000000e-030 1.000000e-030 5.832901e-002 1.000000e-030 1.000000e-030 2.173548e-001 1.000000e-030 5.484479e-002 1.000000e-030 1.000000e-030 1.000000e-030 
1.000000e-030 1.000000e-030 1.000000e-030 1.000000e-030 1.000000e-030 7.496343e-009 1.000000e-030 1.000000e-030 1.000000e-030 1.000000e-030 1.000000e-030 7.504827e-069 1.000000e-030 1.000000e-030 3.071367e-006 1.000000e-030 1.000000e-030 1.000000e-030 3.323102e-001 6.663843e-019 1.000000e-030 4.067942e-106 4.153877e-001 1.000000e-030 1.000000e-030 1.000000e-030 2.522990e-001 1.000000e-030 1.000000e-030 1.000000e-030 1.000000e-030 1.000000e-030 
1.000000e-030 5.785124e-002 1.000000e-030 1.000000e-030 1.000000e-030 1.818182e-001 1.000000e-030 1.000000e-030 1.000000e-030 1.000000e-030 1.000000e-030 2.479339e-002 1.157025e-001 1.000000e-030 5.785124e-002 1.000000e-030 1.000000e-030 1.000000e-030 8.264463e-003 1.735537e-001 8.264463e-003 4.132231e-002 1.205066e-017 1.652893e-002 1.000000e-030 3.305785e-002 5.785124e-002 1.000000e-030 9.917355e-002 1.000000e-030 1.239669e-001 1.000000e-030 
