8.571429e-001 1.428571e-001 0.000000e+000 0.000000e+000 0.000000e+000 
0.000000e+000 0.000000e+000 1.000000e+000 0.000000e+000 0.000000e+000 
0.000000e+000 0.000000e+000 9.230769e-001 7.692308e-002 0.000000e+000 
0.000000e+000 0.000000e+000 0.000000e+000 9.705882e-001 2.941176e-002 
0.000000e+000 0.000000e+000 0.000000e+000 0.000000e+000 1.000000e+000 
1.000000e-030 1.000000e-030 1.000000e-030 1.000000e-030 1.000000e-030 1.000000e-030 1.000000e-030 1.000000e-030 1.000000e-030 1.000000e-030 1.000000e-030 1.000000e-030 1.000000e-030 1.000000e-030 1.000000e-030 1.000000e-030 1.000000e-030 1.000000e-030 1.000000e-030 1.000000e-030 1.000000e-030 1.000000e-030 1.000000e-030 1.000000e-030 1.000000e-030 1.000000e-030 9.021067e-213 1.000000e+000 1.000000e-030 1.000000e-030 1.000000e-030 3.589880e-122 
1.000000e-030 1.000000e-030 1.000000e-030 1.000000e-030 1.000000e-030 1.000000e-030 1.000000e-030 1.000000e-030 1.000000e-030 1.000000e-030 1.000000e-030 1.000000e-030 1.000000e-030 1.000000e-030 1.000000e-030 1.000000e-030 1.000000e-030 1.000000e-030 1.000000e-030 1.000000e-030 1.000000e-030 1.000000e-030 1.000000e-030 1.000000e-030 1.000000e-030 1.000000e-030 2.512916e-121 9.607507e-122 1.000000e-030 1.000000e-030 1.000000e-030 1.000000e+000 
1.000000e-030 1.000000e-030 1.000000e-030 1.000000e-030 1.000000e-030 1.000000e-030 1.000000e-030 1.000000e-030 1.000000e-030 1.000000e-030 2.307692e-001 1.000000e-030 1.000000e-030 1.000000e-030 1.000000e-030 1.000000e-030 1.000000e-030 1.000000e-030 1.000000e-030 1.000000e-030 9.210277e-018 1.000000e-030 1.000000e-030 1.000000e-030 1.000000e-030 1.000000e-030 7.692308e-001 7.100322e-214 1.000000e-030 1.000000e-030 1.013537e-264 7.390390e-123 
1.000000e-030 1.000000e-030 1.000000e-030 1.000000e-030 1.000000e-030 5.296293e-036 1.000000e-030 1.000000e-030 1.000000e-030 1.000000e-030 5.160473e-056 1.000000e-030 1.000000e-030 8.823529e-002 1.000000e-030 1.000000e-030 1.000000e-030 1.000000e-030 1.000000e-030 1.000000e-030 1.470588e-001 1.000000e-030 1.000000e-030 1.000000e-030 1.000000e-030 1.000000e-030 1.458375e-193 1.000000e-030 1.000000e-030 7.058824e-001 5.882353e-002 1.000000e-030 
1.000000e-030 1.000000e-030 1.000000e-030 1.000000e-030 1.000000e-030 1.219512e-001 1.000000e-030 1.000000e-030 1.000000e-030 1.707317e-001 1.219512e-002 1.000000e-030 1.000000e-030 1.000000e-030 1.000000e-030 2.073171e-001 1.219512e-002 1.000000e-030 1.000000e-030 1.000000e-030 1.219512e-002 2.439024e-002 1.000000e-030 1.000000e-030 1.000000e-030 1.219512e-001 2.926829e-001 1.219512e-002 1.000000e-030 7.617208e-091 1.000000e-030 1.219512e-002 
