6.335132e-001 3.664868e-001 0.000000e+000 0.000000e+000 0.000000e+000 
0.000000e+000 8.624747e-001 1.375253e-001 0.000000e+000 0.000000e+000 
0.000000e+000 0.000000e+000 8.000000e-001 2.000000e-001 0.000000e+000 
0.000000e+000 0.000000e+000 0.000000e+000 9.600000e-001 4.000000e-002 
0.000000e+000 0.000000e+000 0.000000e+000 0.000000e+000 1.000000e+000 
1.000000e-030 1.000000e-030 1.000000e-030 1.000000e-030 1.000000e-030 1.000000e-030 1.000000e-030 1.000000e-030 1.000000e-030 1.000000e-030 1.000000e-030 1.000000e-030 1.000000e-030 1.000000e-030 1.000000e-030 1.000000e-030 1.000000e-030 1.000000e-030 1.000000e-030 1.000000e-030 1.000000e-030 1.000000e-030 1.000000e-030 1.000000e-030 1.000000e-030 1.000000e-030 1.000000e-030 1.000000e+000 1.000000e-030 1.000000e-030 1.000000e-030 3.488147e-050 
1.000000e-030 1.000000e-030 1.000000e-030 1.000000e-030 1.000000e-030 1.000000e-030 1.000000e-030 1.000000e-030 1.000000e-030 1.000000e-030 1.000000e-030 1.000000e-030 1.000000e-030 1.000000e-030 1.000000e-030 6.400485e-013 1.000000e-030 1.000000e-030 1.000000e-030 1.000000e-030 1.000000e-030 1.000000e-030 1.000000e-030 1.000000e-030 1.000000e-030 1.000000e-030 2.168757e-284 1.748481e-001 1.000000e-030 1.000000e-030 1.000000e-030 8.251519e-001 
1.000000e-030 1.000000e-030 1.000000e-030 2.195753e-183 1.000000e-030 1.000000e-030 1.000000e-030 1.000000e-030 1.000000e-030 1.000000e-030 1.000000e-030 1.615455e-052 1.000000e-030 1.000000e-030 1.000000e-030 2.000000e-001 1.000000e-030 1.000000e-030 1.000000e-030 1.000000e-030 1.000000e-030 1.000000e-030 1.000000e-030 1.000000e-030 1.000000e-030 1.000000e-030 8.000000e-001 1.000000e-030 1.000000e-030 1.000000e-030 1.000000e-030 1.247640e-068 
1.000000e-030 1.000000e-030 1.000000e-030 4.000000e-002 1.000000e-030 1.000000e-030 1.000000e-030 1.000000e-030 1.000000e-030 1.000000e-030 1.000000e-030 5.600000e-001 1.000000e-030 1.000000e-030 1.000000e-030 1.000000e-030 1.000000e-030 1.000000e-030 1.000000e-030 1.200000e-001 1.000000e-030 1.000000e-030 1.000000e-030 1.600000e-001 1.000000e-030 8.000000e-002 5.134560e-122 4.000000e-002 1.000000e-030 1.000000e-030 9.747132e-033 1.000000e-030 
1.000000e-030 1.000000e-030 1.000000e-030 1.000000e-030 1.000000e-001 1.000000e-030 1.000000e-030 1.000000e-030 1.000000e-030 5.000000e-002 1.000000e-030 1.200000e-001 3.000000e-002 1.000000e-030 1.000000e-030 8.000000e-002 6.000000e-002 1.000000e-030 1.000000e-030 1.000000e-030 1.300000e-001 1.000000e-002 1.000000e-030 2.783607e-252 1.000000e-030 1.400000e-001 1.600000e-001 8.337702e-058 5.000000e-002 1.000000e-030 7.000000e-002 1.000000e-030 
