9.166666e-001 8.333336e-002 0.000000e+000 0.000000e+000 0.000000e+000 
0.000000e+000 6.666772e-001 3.333228e-001 0.000000e+000 0.000000e+000 
0.000000e+000 0.000000e+000 8.011491e-001 1.988509e-001 0.000000e+000 
0.000000e+000 0.000000e+000 0.000000e+000 9.443548e-001 5.564516e-002 
0.000000e+000 0.000000e+000 0.000000e+000 0.000000e+000 1.000000e+000 
1.000000e-030 1.000000e-030 1.000000e-030 1.000000e-030 1.000000e-030 1.000000e-030 1.000000e-030 1.000000e-030 1.000000e-030 1.000000e-030 1.000000e-030 1.000000e-030 1.000000e-030 1.000000e-030 1.000000e-030 9.746642e-011 1.000000e-030 1.000000e-030 1.000000e-030 1.000000e-030 1.000000e-030 8.333336e-002 1.000000e-030 1.000000e-030 1.000000e-030 1.000000e-030 7.399396e-183 9.166666e-001 1.000000e-030 1.000000e-030 1.000000e-030 1.000000e-030 
1.000000e-030 1.000000e-030 1.000000e-030 1.000000e-030 1.000000e-030 1.000000e-030 1.000000e-030 1.000000e-030 1.000000e-030 1.805876e-232 1.000000e-030 1.997037e-107 1.000000e-030 1.000000e-030 1.000000e-030 9.999677e-001 1.000000e-030 1.000000e-030 1.000000e-030 1.000000e-030 1.000000e-030 6.967554e-251 1.000000e-030 1.000000e-030 1.000000e-030 1.000000e-030 3.089600e-005 1.412191e-006 1.000000e-030 1.000000e-030 1.000000e-030 1.000000e-030 
1.000000e-030 1.000000e-030 1.000000e-030 1.000000e-030 1.000000e-030 1.000000e-030 1.000000e-030 1.000000e-030 1.000000e-030 5.763550e-003 1.000000e-030 3.977016e-001 1.000000e-030 1.000000e-030 1.000000e-030 4.426174e-007 1.000000e-030 1.000000e-030 1.000000e-030 1.000000e-030 1.000000e-030 1.000000e-030 1.000000e-030 1.000000e-030 1.000000e-030 2.220964e-054 5.965344e-001 5.124958e-126 1.000000e-030 1.000000e-030 1.000000e-030 1.000000e-030 
1.000000e-030 5.564516e-002 1.000000e-030 1.000000e-030 1.000000e-030 1.669355e-001 1.000000e-030 1.000000e-030 1.000000e-030 1.653226e-001 1.000000e-030 6.384267e-008 1.000000e-030 1.000000e-030 3.232616e-013 1.000000e-030 1.000000e-030 1.000000e-030 1.000000e-030 1.000000e-030 1.000000e-030 1.000000e-030 1.000000e-030 1.000000e-030 1.000000e-030 3.338710e-001 8.906365e-065 1.000000e-030 2.859268e-210 2.225806e-001 5.564506e-002 1.000000e-030 
1.000000e-030 1.137539e-035 1.000000e-030 1.000000e-030 9.278350e-002 2.327426e-177 1.000000e-030 1.000000e-030 1.000000e-030 7.216495e-002 2.061856e-002 1.030928e-002 4.123711e-002 1.000000e-030 1.649485e-001 1.237113e-001 1.000000e-030 1.000000e-030 1.000000e-030 1.000000e-030 1.340206e-001 3.092783e-002 1.000000e-030 1.000000e-030 1.000000e-030 2.164948e-001 3.092783e-002 1.030928e-002 3.092783e-002 2.061856e-002 1.762652e-008 1.000000e-030 
