8.888889e-001 1.111111e-001 0.000000e+000 0.000000e+000 0.000000e+000 
0.000000e+000 0.000000e+000 1.000000e+000 0.000000e+000 0.000000e+000 
0.000000e+000 0.000000e+000 8.838313e-001 1.161687e-001 0.000000e+000 
0.000000e+000 0.000000e+000 0.000000e+000 9.389940e-001 6.100598e-002 
0.000000e+000 0.000000e+000 0.000000e+000 0.000000e+000 1.000000e+000 
1.000000e-030 1.000000e-030 1.000000e-030 1.000000e-030 1.000000e-030 1.000000e-030 1.000000e-030 1.000000e-030 1.000000e-030 1.000000e-030 1.000000e-030 1.000000e-030 1.000000e-030 1.000000e-030 1.000000e-030 6.407988e-122 1.000000e-030 1.000000e-030 1.000000e-030 1.000000e-030 1.000000e-030 1.000000e-030 1.000000e-030 1.000000e-030 1.000000e-030 1.000000e-030 3.695607e-212 4.444444e-001 1.000000e-030 1.000000e-030 1.000000e-030 5.555556e-001 
1.000000e-030 1.000000e-030 1.000000e-030 1.000000e-030 1.000000e-030 1.000000e-030 1.000000e-030 1.000000e-030 1.000000e-030 1.000000e-030 1.000000e-030 1.000000e-030 1.000000e-030 1.000000e-030 1.000000e-030 1.000000e+000 1.000000e-030 1.000000e-030 1.000000e-030 1.000000e-030 1.000000e-030 1.000000e-030 1.000000e-030 1.000000e-030 1.000000e-030 1.000000e-030 5.767189e-121 1.300790e-120 1.000000e-030 1.000000e-030 1.000000e-030 1.938142e-240 
1.000000e-030 6.936882e-278 1.000000e-030 1.000000e-030 1.000000e-030 1.000000e-030 1.000000e-030 1.000000e-030 1.000000e-030 3.029514e-001 1.161687e-001 1.000000e-030 1.000000e-030 1.000000e-030 1.000000e-030 1.511110e-121 1.000000e-030 1.000000e-030 1.000000e-030 1.000000e-030 1.000000e-030 1.000000e-030 1.000000e-030 1.000000e-030 1.000000e-030 3.658022e-005 5.808434e-001 2.251514e-241 1.000000e-030 1.000000e-030 1.000000e-030 1.000000e-030 
1.000000e-030 6.100598e-001 1.000000e-030 1.000000e-030 1.000000e-030 1.000000e-030 1.000000e-030 1.000000e-030 1.000000e-030 8.492900e-002 6.264165e-034 1.000000e-030 1.000000e-030 6.100598e-002 1.654960e-084 1.000000e-030 1.000000e-030 1.000000e-030 1.000000e-030 1.000000e-030 1.000000e-030 1.000000e-030 1.000000e-030 1.000000e-030 1.000000e-030 2.440047e-001 1.548430e-295 1.000000e-030 1.000000e-030 5.470098e-007 3.153912e-055 1.000000e-030 
1.000000e-030 7.368422e-002 1.000000e-030 1.000000e-030 3.157895e-002 1.000000e-030 1.000000e-030 1.000000e-030 1.000000e-030 1.052632e-002 4.210527e-002 1.000000e-030 1.000000e-030 3.390811e-015 1.789474e-001 7.368422e-002 1.000000e-030 1.000000e-030 1.000000e-030 1.000000e-030 1.157895e-001 4.210527e-002 1.000000e-030 1.000000e-030 1.000000e-030 2.315790e-001 1.000000e-030 1.052632e-002 5.263158e-002 8.421044e-002 1.052632e-002 4.210527e-002 
