4
4
3
3
3
2
3
4
6
5
6
5
5
4
1
0
2
1
1
3
2
2
3
1
1
1
0
0
0
1
0
1
0
0
0
-1
-2
-2
-1
0
-1
-1
-1
0
-1
-1
-1
0
1
1
1
0
-1
-2
-3
-3
-2
-2
-2
-1
-2
-1
-2
-2
-2
-4
-2
-1
-1
0
0
2
2
0
0
0
0
-1
0
-1
-1
0
-1
-1
-2
-3
-3
-2
-2
-2
-1
-2
-3
-4
-4
-3
-3
-2
-1
0
0
-1
-2
-3
-2
-3
-2
-4
-3
-2
-2
-2
-1
-2
-1
0
0
0
0
0
-1
-1
0
1
1
1
2
3
3
1
-1
-1
0
2
2
2
2
3
3
2
1
2
1
1
1
0
0
1
0
1
2
2
3
4
5
5
6
4
5
3
4
4
3
3
4
3
3
3
4
4
4
5
3
4
3
5
5
6
5
4
3
1
-1
-2
-3
-3
-4
-2
-1
-1
-1
-3
-4
-3
-4
-4
-5
-4
-5
-5
-4
-5
-4
-4
-2
-4
-5
-5
-4
-6
-6
-6
-6
-6
-5
-3
-2
-2
-1
-1
-2
-3
-3
-2
-2
-1
-1
1
1
1
3
3
2
2
4
2
3
4
2
3
4
3
0
0
-1
-1
-1
0
0
0
2
3
2
2
1
1
1
-1
-1
0
-1
-2
-2
-2
-2
-3
-1
-1
1
1
1
2
1
-2
-1
-1
0
1
2
3
3
2
3
0
1
-1
0
0
0
0
0
0
1
0
1
2
2
1
-1
-1
-1
-1
0
-1
-1
0
1
1
0
0
0
-1
-1
-2
0
1
1
1
3
2
0
1
0
1
0
1
1
3
3
1
1
0
1
1
1
1
2
1
1
0
0
-1
0
1
0
1
2
2
2
1
0
-2
-2
-3
-1
-1
-2
0
-1
-1
0
-1
-1
0
-1
1
2
1
0
-1
-1
-3
-4
-4
-4
-3
-2
-1
0
-2
-1
-1
-1
1
1
0
1
-1
1
-1
0
1
-1
-1
-1
0
0
-1
-1
-2
-2
0
-1
1
0
0
-1
1
0
0
0
-1
-1
-1
0
-2
0
1
1
2
2
3
2
2
2
3
2
3
3
1
1
-1
-1
-1
-1
1
1
1
-1
-1
-2
-2
-1
1
3
3
5
4
3
2
0
-1
-2
-2
-2
-1
-2
-2
-1
0
0
0
2
3
4
3
3
3
0
0
-1
-1
-1
0
-1
-1
0
-1
-2
-1
0
1
2
4
3
4
3
2
0
-1
-2
-2
-1
1
1
2
2
2
3
1
-1
0
0
0
0
0
-1
-2
-2
-2
-1
0
2
1
1
2
-1
-1
-2
-2
-2
-1
0
0
1
2
1
1
0
-3
-3
-3
-1
-1
-1
-1
-3
-2
-2
-2
-3
-3
-3
-4
-3
-3
-1
-2
-1
-2
-1
-1
-1
-2
-1
0
-1
-1
0
-2
-1
1
-1
0
-1
-1
-3
-3
-2
-2
-1
0
0
-1
1
2
2
3
3
3
1
1
2
2
1
2
3
2
3
2
1
1
2
1
2
1
2
2
2
2
1
2
2
1
2
0
1
1
0
1
0
0
2
2
4
3
3
3
3
3
2
1
2
2
1
3
2
3
2
1
0
0
-1
-2
-1
-1
-1
-1
-1
-3
-3
-3
-4
-3
-3
-3
-1
-1
-1
0
0
0
0
0
-1
0
-1
-2
-4
-3
-4
-4
-4
-2
-1
-1
-1
-1
-2
-2
-3
-1
-1
-2
-2
-2
0
-1
-1
-1
-2
-3
-2
-2
-2
-1
-1
0
0
-1
-2
-1
-1
-1
-1
-1
-1
-1
-1
-1
-1
0
-2
-3
-3
-2
-2
-2
-1
-1
-2
-3
-2
0
0
1
3
2
3
2
3
2
0
1
4
4
5
5
6
5
4
5
5
6
5
6
5
4
4
4
4
6
5
5
5
4
4
5
4
4
5
5
5
4
4
4
2
1
1
0
-1
-2
-2
-1
-2
-1
-3
-1
1
0
1
0
1
0
-2
-4
-4
-4
-4
-3
-4
-5
-4
-5
-4
-4
-3
-4
-4
-5
-6
-5
-6
-5
-4
-5
-6
-7
-7
-8
-7
-6
-6
-5
-3
-2
-4
-3
-3
-2
-2
-2
-2
0
0
0
1
1
0
1
1
2
2
3
3
5
4
4
4
4
4
4
5
4
5
6
5
5
5
4
3
3
4
5
6
6
5
4
3
0
1
0
-1
-1
-1
-2
-3
-4
-5
-5
-5
-6
-4
-3
-3
-4
-5
-5
-4
-5
-5
-4
-5
-6
-4
-3
-3
-4
-4
-4
-4
-2
0
-1
-1
-1
1
0
1
1
1
0
1
2
2
2
2
3
2
2
2
1
2
3
4
3
4
5
6
6
8
9
8
7
6
6
7
8
7
7
8
7
8
8
8
7
7
7
8
8
9
9
10
9
9
8
6
6
5
3
4
4
3
2
2
1
-1
-2
-2
-3
-3
-4
-6
-7
-9
-9
-10
-12
-11
-12
-11
-10
-11
-11
-12
-14
-14
-15
-16
-15
-15
-14
-12
-12
-13
-13
-14
-14
-15
-14
-13
-13
-13
-13
-13
-15
-14
-14
-13
-11
-9
-8
-6
-8
-6
-6
-6
-4
-3
0
1
3
5
6
5
5
5
5
5
6
8
8
10
11
13
13
14
15
17
18
20
22
23
24
23
22
21
20
20
21
21
22
21
22
22
24
23
25
24
21
21
20
16
15
11
10
6
4
1
-1
0
-1
-2
-4
-5
-7
-6
-8
-8
-8
-10
-12
-14
-17
-18
-20
-22
-22
-23
-22
-23
-24
-24
-24
-25
-24
-25
-23
-21
-21
-22
-22
-20
-22
-23
-21
-21
-20
-19
-19
-17
-18
-17
-16
-14
-12
-9
-7
-5
-4
-2
-2
-1
2
3
3
4
5
6
8
10
12
13
14
16
17
19
20
21
24
25
26
28
28
29
32
33
35
36
35
36
36
37
37
38
38
39
37
36
36
34
30
27
26
23
21
17
15
11
8
4
0
-1
-6
-9
-13
-16
-21
-26
-29
-31
-34
-36
-39
-41
-42
-46
-46
-49
-50
-50
-50
-49
-49
-48
-47
-47
-46
-45
-45
-43
-40
-41
-41
-39
-38
-38
-37
-34
-31
-28
-25
-22
-20
-17
-13
-11
-8
-5
-2
1
3
6
10
14
17
19
22
23
26
30
33
37
38
41
45
47
48
51
51
51
51
51
54
57
58
61
61
62
65
66
67
68
70
70
70
69
67
65
63
61
58
54
48
42
34
26
18
11
5
-1
-8
-16
-26
-33
-42
-47
-52
-58
-64
-69
-71
-74
-76
-77
-79
-79
-79
-78
-76
-73
-71
-71
-71
-72
-73
-74
-71
-67
-66
-61
-58
-58
-58
-57
-56
-54
-49
-47
-43
-39
-36
-34
-31
-27
-26
-25
-22
-16
-9
-4
1
7
10
11
16
21
26
31
35
39
42
45
47
49
51
51
52
56
57
59
60
60
58
60
62
63
65
68
69
71
74
73
74
75
77
80
82
85
92
100
106
107
103
96
91
89
92
96
96
89
76
60
47
35
30
21
12
0
-12
-26
-34
-41
-54
-67
-82
-97
-105
-109
-110
-116
-125
-135
-144
-147
-145
-139
-134
-132
-133
-132
-131
-128
-126
-122
-120
-117
-114
-110
-104
-100
-99
-90
-85
-79
-67
-53
-37
-27
-24
-25
-27
-26
-21
-10
3
12
14
12
10
11
15
20
27
30
32
31
32
40
41
41
40
36
36
42
49
56
60
61
59
61
68
73
81
84
86
85
85
86
87
85
85
85
87
93
96
98
101
101
100
99
98
97
94
94
96
95
98
107
113
116
110
103
92
92
98
103
112
106
89
68
46
29
22
12
0
-18
-40
-59
-72
-81
-92
-105
-128
-146
-154
-158
-158
-160
-172
-188
-200
-206
-200
-189
-179
-176
-170
-162
-156
-145
-138
-129
-121
-120
-115
-106
-99
-91
-85
-80
-74
-73
-73
-69
-61
-50
-41
-36
-29
-31
-30
-25
-20
-12
-8
-3
-5
-5
-2
2
11
13
12
14
17
21
32
42
43
40
42
42
48
59
68
79
83
86
91
93
95
96
96
99
101
108
116
119
124
127
127
135
140
143
152
155
154
154
151
143
143
139
136
133
134
142
164
176
173
161
139
119
121
126
134
147
128
96
61
33
22
21
10
-13
-36
-67
-90
-92
-102
-120
-147
-192
-219
-227
-224
-218
-220
-238
-255
-265
-269
-255
-237
-232
-232
-230
-222
-211
-199
-191
-187
-180
-179
-169
-145
-124
-115
-110
-109
-105
-100
-90
-78
-67
-48
-44
-36
-27
-23
-27
-27
-20
-22
-13
-8
-5
10
21
19
22
26
22
32
43
43
53
61
57
62
73
73
80
86
92
104
119
125
126
128
126
127
134
138
138
144
149
155
157
161
162
158
152
155
161
164
168
167
162
159
156
152
155
147
162
189
210
207
189
158
128
138
153
179
208
188
146
103
67
54
60
55
24
-5
-42
-78
-67
-77
-111
-147
-215
-259
-263
-249
-235
-238
-271
-313
-335
-336
-318
-286
-277
-293
-292
-288
-273
-249
-230
-220
-219
-223
-216
-189
-168
-155
-164
-163
-166
-168
-146
-135
-119
-112
-106
-99
-103
-92
-90
-78
-58
-61
-49
-42
-40
-20
-6
4
8
8
9
25
51
60
70
79
83
101
125
141
163
171
174
182
194
207
210
209
202
207
213
219
222
222
211
204
211
214
214
211
207
203
206
219
225
221
211
201
193
187
187
183
178
204
247
273
268
234
185
160
185
216
267
297
249
180
127
90
84
104
82
29
-21
-98
-126
-114
-138
-174
-237
-327
-372
-364
-345
-336
-354
-417
-471
-488
-482
-456
-430
-434
-458
-461
-449
-421
-393
-381
-370
-371
-374
-357
-318
-287
-261
-243
-232
-229
-235
-225
-220
-198
-172
-157
-133
-125
-130
-115
-96
-80
-49
-14
17
32
51
68
74
83
87
96
114
127
138
165
185
212
231
238
246
259
278
303
341
358
358
350
336
333
346
361
363
343
329
321
307
315
325
318
312
317
311
326
333
316
306
299
275
271
273
246
226
248
299
359
385
349
279
225
234
278
329
389
374
297
217
136
113
121
112
54
-23
-116
-189
-183
-181
-220
-280
-396
-512
-550
-544
-523
-528
-580
-679
-747
-760
-756
-718
-701
-721
-743
-735
-717
-662
-613
-602
-586
-593
-588
-543
-497
-446
-403
-377
-356
-364
-362
-338
-319
-278
-242
-221
-190
-173
-161
-136
-90
-49
-18
39
67
89
134
139
150
172
181
191
213
217
243
289
319
348
377
391
382
402
437
488
548
559
551
545
522
503
518
529
519
497
470
456
452
452
469
464
460
452
437
463
477
457
460
447
427
407
408
383
357
352
381
485
547
497
428
333
279
363
430
502
543
453
333
220
150
120
126
84
-37
-118
-226
-267
-227
-271
-363
-492
-679
-782
-773
-732
-703
-721
-845
-989
-1037
-1045
-1007
-944
-968
-1007
-1000
-989
-935
-842
-823
-835
-836
-841
-793
-687
-605
-564
-536
-552
-580
-572
-526
-491
-430
-376
-352
-315
-282
-267
-224
-192
-157
-82
11
57
87
145
159
179
210
223
238
247
253
274
337
383
413
424
418
407
435
513
587
647
677
664
646
628
643
683
697
683
656
634
625
630
600
577
545
524
544
591
635
651
634
613
622
609
602
610
571
532
540
632
788
892
846
723
559
477
588
710
816
866
760
604
453
340
304
332
296
154
23
-128
-211
-174
-233
-349
-534
-797
-960
-969
-944
-910
-954
-1146
-1358
-1448
-1446
-1382
-1296
-1318
-1398
-1421
-1394
-1322
-1182
-1121
-1132
-1163
-1208
-1141
-1004
-883
-811
-804
-829
-827
-782
-723
-689
-640
-600
-577
-506
-436
-377
-330
-340
-339
-252
-144
-12
100
143
178
215
249
285
293
300
281
297
351
394
464
494
464
457
464
528
623
687
744
769
786
833
894
929
974
968
897
878
892
895
913
892
821
780
773
805
855
853
847
853
861
865
939
959
883
870
891
1070
1293
1345
1244
1018
769
753
919
1051
1186
1108
839
595
420
320
327
400
216
-61
-256
-429
-373
-298
-411
-613
-967
-1334
-1430
-1368
-1275
-1266
-1458
-1801
-2042
-2063
-1973
-1782
-1725
-1849
-1932
-1902
-1807
-1586
-1356
-1310
-1346
-1398
-1377
-1215
-988
-840
-793
-788
-797
-761
-729
-703
-666
-670
-657
-565
-461
-405
-355
-335
-359
-279
-130
37
205
289
295
326
378
373
385
420
380
356
370
414
477
519
504
448
433
439
554
731
875
949
989
1021
1055
1127
1185
1225
1248
1203
1141
1140
1132
1080
1002
922
832
790
827
885
918
940
954
963
971
997
999
974
1047
1254
1512
1625
1554
1313
998
921
1061
1193
1384
1332
1012
682
361
168
168
235
82
-213
-544
-830
-752
-602
-647
-771
-1125
-1538
-1708
-1624
-1438
-1351
-1500
-1851
-2153
-2267
-2186
-1941
-1800
-1898
-2009
-2036
-1972
-1739
-1492
-1403
-1369
-1388
-1398
-1229
-965
-772
-664
-640
-674
-678
-624
-565
-559
-573
-629
-641
-522
-453
-388
-280
-232
-217
-167
-17
180
326
441
498
577
624
619
651
624
561
519
460
417
466
509
481
464
429
419
520
685
820
948
1038
1080
1152
1213
1281
1322
1314
1241
1155
1134
1087
1053
1017
962
923
878
869
864
847
817
847
859
875
924
998
1232
1507
1642
1651
1528
1242
1191
1338
1458
1734
1733
1434
1068
579
250
178
299
226
-38
-381
-800
-843
-681
-653
-661
-926
-1374
-1575
-1528
-1333
-1155
-1202
-1585
-2002
-2199
-2223
-2011
-1818
-1908
-2122
-2260
-2315
-2140
-1853
-1742
-1673
-1614
-1613
-1444
-1172
-982
-925
-875
-838
-721
-518
-435
-466
-547
-702
-728
-581
-535
-485
-505
-661
-737
-682
-607
-439
-202
-97
-43
71
123
224
394
481
517
547
515
545
650
701
753
790
724
654
705
811
929
1079
1189
1204
1201
1163
1153
1265
1358
1399
1427
1380
1315
1276
1296
1322
1362
1310
1254
1214
1134
1097
1035
1042
983
1265
1708
2101
2391
2444
2398
2281
2497
2802
3079
3282
3047
2510
1970
1241
512
-26
-540
-1246
-1973
-2626
-3215
-3397
-3470
-3507
-3395
-3371
-3351
-2918
-2366
-1727
-1137
-839
-726
-696
-573
-393
-34
188
23
-194
-410
-590
-681
-723
-871
-1022
-1158
-1277
-1117
-938
-906
-964
-1115
-1313
-1405
-1435
-1542
-1753
-2053
-2333
-2458
-2421
-2352
-2269
-2177
-2101
-1867
-1410
-851
-256
243
675
1051
1386
1626
1763
1813
1691
1497
1311
1101
849
568
230
-27
-231
-358
-381
-293
-183
-34
210
460
742
936
1052
1127
1217
1356
1521
1685
1766
1743
1646
1641
1640
1714
1870
1973
2040
2077
2079
2087
2061
1952
1888
2108
2411
2709
2831
2726
2345
1915
1821
1990
2205
2249
1945
1297
682
-55
-613
-958
-1279
-1846
-2519
-3018
-3361
-3312
-3171
-2978
-2837
-2918
-2882
-2471
-1833
-1127
-585
-367
-410
-425
-286
-10
456
639
456
225
-14
-160
-161
-136
-355
-617
-912
-1114
-1107
-1032
-1083
-1309
-1574
-1892
-2099
-2126
-2185
-2367
-2575
-2734
-2681
-2520
-2290
-2084
-1960
-1785
-1493
-975
-342
241
684
970
1180
1362
1491
1540
1474
1240
933
731
588
404
198
-76
-327
-472
-495
-378
-165
18
151
315
507
696
883
1043
1113
1139
1211
1365
1516
1651
1804
1861
1911
1986
2086
2208
2340
2366
2280
2207
2147
2326
2675
2965
3030
2959
2660
2222
2084
2139
2215
2224
2016
1445
928
286
-411
-882
-1225
-1754
-2284
-2673
-3087
-3112
-3037
-2927
-2650
-2488
-2479
-2161
-1632
-1059
-479
-84
75
163
235
258
499
724
666
520
378
135
-81
-188
-480
-761
-1033
-1370
-1504
-1506
-1571
-1728
-1879
-2135
-2366
-2387
-2274
-2169
-2121
-2226
-2405
-2465
-2410
-2166
-1883
-1660
-1458
-1274
-1028
-643
-209
209
579
864
1001
1065
1168
1181
1100
921
661
426
175
-126
-316
-437
-525
-546
-455
-244
-13
266
587
869
1122
1333
1526
1665
1693
1766
1788
1790
1802
1805
1808
1823
1837
1789
1790
1811
1849
1826
2058
2500
2907
3215
3302
3214
2781
2478
2443
2527
2527
2389
1834
1222
504
-268
-808
-1162
-1524
-2182
-2708
-3103
-3207
-3024
-2799
-2486
-2263
-2361
-2215
-1755
-1136
-477
-37
166
181
224
316
598
964
1051
870
659
410
185
80
-83
-355
-698
-1105
-1408
-1507
-1579
-1643
-1600
-1683
-1847
-2026
-2169
-2459
-2658
-2666
-2676
-2569
-2446
-2498
-2530
-2473
-2393
-2078
-1567
-934
-469
23
455
779
1155
1320
1390
1330
1034
752
622
430
233
-34
-378
-775
-979
-902
-615
-200
106
278
506
787
1087
1448
1649
1720
1707
1724
1831
1976
2060
1953
1792
1661
1610
1749
1974
2035
1926
1743
1939
2457
3000
3317
3384
3093
2496
2285
2479
2701
2767
2408
1568
816
-21
-718
-1111
-1404
-1995
-2700
-3106
-3381
-3237
-2935
-2757
-2438
-2260
-2257
-1717
-962
-240
348
644
653
622
680
750
1037
1229
1120
926
813
584
402
263
-24
-280
-508
-758
-836
-800
-929
-1133
-1361
-1767
-2189
-2469
-2668
-2820
-2871
-2898
-3023
-3117
-3196
-3137
-2831
-2420
-2027
-1503
-982
-539
-75
386
821
1060
1150
1069
934
816
662
539
346
-18
-417
-716
-918
-942
-755
-512
-253
-18
125
325
596
826
1027
1234
1363
1472
1540
1634
1739
1794
1759
1828
1938
1946
1968
2013
1980
1926
2294
2796
3258
3458
3474
3143
2676
2535
2638
2719
2689
2310
1461
719
-106
-818
-1364
-1640
-2171
-2795
-3311
-3698
-3585
-3276
-2909
-2464
-2211
-2216
-1838
-1209
-305
503
951
996
931
956
1037
1436
1771
1675
1286
919
664
691
788
635
276
-203
-705
-910
-841
-814
-1013
-1400
-1867
-2197
-2233
-2155
-2079
-2149
-2395
-2582
-2546
-2324
-1983
-1696
-1572
-1542
-1433
-1150
-688
-193
164
306
309
239
206
272
301
208
-2
-305
-533
-613
-693
-792
-886
-1054
-1126
-1020
-740
-302
91
350
551
750
988
1314
1605
1822
1913
1890
1877
1886
1934
1932
1876
1773
1644
1535
1547
1918
2502
2945
3052
3135
2861
2494
2432
2667
2770
2800
2400
1572
888
68
-719
-1268
-1541
-2263
-2955
-3578
-3931
-3721
-3372
-3076
-2661
-2504
-2617
-2253
-1494
-442
364
809
818
892
1101
1349
1952
2452
2349
1962
1624
1390
1508
1636
1464
1117
627
-3
-313
-241
-185
-336
-732
-1343
-1903
-2208
-2366
-2442
-2518
-2785
-3064
-3148
-3078
-2842
-2544
-2279
-2048
-1756
-1316
-696
-52
438
751
945
1017
1037
1019
926
704
370
-63
-507
-755
-1018
-1200
-1266
-1306
-1285
-1211
-981
-671
-376
-92
174
384
660
948
1237
1417
1532
1584
1629
1749
1911
2077
2215
2175
2037
1978
2364
3002
3533
3798
3851
3486
2965
2744
2805
2815
2630
2028
1009
187
-706
-1425
-1963
-2307
-2971
-3697
-4204
-4450
-4223
-3861
-3479
-3019
-2724
-2672
-2258
-1625
-727
-8
432
571
684
918
1149
1671
2192
2343
2178
2052
1930
1990
2122
2041
1784
1338
784
388
257
151
-7
-307
-766
-1314
-1700
-1977
-2192
-2246
-2347
-2437
-2419
-2386
-2316
-2089
-1817
-1573
-1202
-750
-331
131
539
779
960
1025
935
861
692
383
95
-236
-591
-944
-1223
-1482
-1680
-1744
-1801
-1739
-1544
-1259
-931
-540
-204
56
364
664
917
1146
1360
1416
1515
1602
1663
1852
1946
1948
2019
2486
3021
3534
3867
4064
3818
3437
3145
3119
3057
2885
2378
1472
578
-516
-1490
-2252
-2597
-3297
-3917
-4432
-4718
-4607
-4238
-3765
-3194
-2810
-2725
-2312
-1643
-716
22
497
559
579
606
727
1232
1831
2014
1894
1793
1700
1893
2125
2186
2061
1731
1177
820
713
641
413
-16
-614
-1146
-1453
-1711
-1806
-1882
-2209
-2467
-2378
-2207
-1862
-1521
-1307
-1186
-997
-652
-120
512
913
1043
1013
982
959
983
911
758
427
-76
-436
-627
-850
-1105
-1320
-1585
-1776
-1842
-1776
-1598
-1327
-1136
-893
-510
-163
159
482
748
979
1177
1436
1639
1837
1895
1858
1938
2428
3069
3610
3929
4049
3853
3542
3467
3575
3634
3396
2813
1816
985
43
-816
-1668
-2283
-3073
-4014
-4668
-5068
-5069
-4952
-4688
-4259
-3840
-3587
-3128
-2480
-1471
-649
-95
268
517
754
884
1275
1816
2086
1988
1862
1745
1844
2040
2138
2189
1987
1461
999
921
951
865
641
144
-499
-931
-1217
-1398
-1405
-1661
-2132
-2431
-2453
-2242
-1860
-1422
-1169
-966
-750
-346
342
958
1368
1565
1521
1406
1321
1231
1113
862
410
-175
-600
-852
-1086
-1244
-1423
-1622
-1812
-1796
-1546
-1226
-895
-655
-509
-314
-77
170
465
725
893
999
1128
1328
1507
1691
1703
1998
2644
3351
3871
4357
4467
4053
3772
3663
3706
3699
3535
2515
1458
224
-943
-1825
-2284
-2780
-3711
-4524
-5272
-5433
-5169
-4756
-4323
-3848
-3869
-3705
-3161
-2238
-1269
-615
-349
-413
-244
-76
329
1012
1486
1413
1263
1194
1422
1885
2201
2341
2268
1929
1500
1418
1532
1463
1169
681
82
-335
-580
-867
-1028
-1301
-1797
-2077
-2030
-1840
-1553
-1301
-1192
-1087
-872
-507
50
762
1179
1371
1479
1458
1455
1446
1344
1106
731
206
-222
-445
-655
-886
-1016
-1217
-1415
-1377
-1234
-1011
-725
-523
-424
-287
-111
43
288
439
535
584
726
857
1002
1138
1250
1758
2464
3184
3685
4253
4326
4180
4162
4296
4341
4320
3920
2981
2049
796
-362
-1422
-1981
-2842
-3725
-4529
-5220
-5406
-5385
-5208
-4757
-4372
-4341
-4019
-3503
-2659
-1878
-1239
-986
-878
-720
-651
-222
429
738
733
671
592
828
1300
1690
1952
1962
1603
1235
1270
1448
1543
1472
937
307
46
-121
-246
-151
-430
-1205
-1701
-1758
-1591
-1193
-634
-648
-901
-960
-875
-412
348
951
1135
1210
1084
1044
1279
1461
1400
1137
530
50
-114
-251
-264
-259
-502
-957
-1058
-963
-706
-248
68
121
222
332
393
625
864
891
799
786
719
795
931
1031
1466
2138
2671
3172
3790
3939
3869
3974
4131
4217
4359
4051
3238
2509
1444
362
-602
-1191
-2089
-3042
-3916
-4745
-5097
-5211
-5218
-4889
-4607
-4664
-4477
-4124
-3453
-2743
-2129
-1917
-1823
-1682
-1666
-1293
-562
-82
47
58
-86
127
660
1245
1733
1926
1661
1231
1209
1401
1607
1776
1436
736
261
12
-35
185
217
-329
-980
-1408
-1489
-1196
-709
-407
-582
-824
-929
-712
-143
507
931
954
822
738
821
1173
1393
1288
919
385
24
-165
-121
19
-18
-289
-598
-601
-447
-151
289
504
541
531
539
675
938
1065
972
786
677
644
754
975
1191
1618
2128
2653
3244
3891
4047
4057
3991
4017
3971
4176
3971
3321
2503
1358
221
-640
-1043
-1755
-2435
-3307
-4166
-4681
-4690
-4623
-4248
-4099
-4317
-4478
-4366
-3811
-3049
-2329
-2225
-2273
-2448
-2562
-2148
-1333
-816
-576
-616
-850
-627
1
740
1291
1582
1226
825
756
996
1423
1690
1388
750
341
44
151
476
558
38
-536
-1036
-1117
-807
-382
-171
-348
-635
-922
-721
-222
388
684
648
436
332
485
829
1086
1096
720
167
-124
-207
7
225
218
-108
-388
-427
-227
284
753
922
879
759
670
833
1111
1217
1067
860
564
486
688
983
1210
1414
1748
2268
2898
3629
4228
4403
4269
4006
3923
3922
4030
3586
2916
1789
620
-354
-813
-1084
-1493
-2106
-3057
-3733
-3984
-3893
-3575
-3172
-3356
-3768
-4129
-4087
-3580
-2956
-2644
-2788
-3010
-3286
-3182
-2510
-1621
-1079
-895
-1017
-1032
-643
-39
607
1011
941
510
217
201
582
1018
1088
787
414
46
-208
-4
264
214
-135
-542
-916
-1038
-926
-720
-562
-623
-771
-774
-534
-160
220
430
457
468
451
477
716
982
939
717
459
178
27
93
271
445
480
384
347
437
613
833
1005
1040
971
858
822
917
1046
1035
919
791
744
802
1031
1389
1900
2516
3047
3545
4064
4285
4352
4285
4236
4030
3867
3453
2837
2138
1235
325
-365
-762
-1329
-1794
-2319
-2905
-3270
-3337
-3330
-3023
-2905
-3178
-3451
-3622
-3597
-3368
-3035
-3000
-3061
-3182
-3300
-2996
-2396
-1916
-1503
-1209
-1198
-1000
-607
-158
258
457
268
-6
-140
-218
-101
99
98
9
-91
-296
-316
-139
-122
-190
-217
-408
-622
-634
-598
-573
-495
-432
-427
-299
-170
-54
115
258
333
371
357
423
458
385
353
402
385
226
156
152
113
162
348
449
639
736
806
968
1071
1075
1006
931
837
771
797
886
1030
1156
1192
1313
1498
1869
2518
3197
3673
4067
4144
4032
3940
3965
3955
3843
3549
2937
2375
1738
1152
607
179
-472
-1057
-1565
-2114
-2315
-2329
-2397
-2334
-2269
-2502
-2710
-2894
-3065
-3070
-2949
-2942
-2991
-2995
-3184
-3165
-2841
-2463
-1978
-1522
-1401
-1312
-1111
-935
-580
-244
-139
-314
-573
-823
-852
-623
-427
-304
-327
-504
-642
-512
-294
-54
43
-166
-515
-699
-721
-515
-225
-95
-197
-359
-528
-571
-350
-142
-70
-176
-379
-527
-478
-306
-31
154
202
49
-39
10
169
401
590
639
668
649
732
985
1249
1344
1271
1044
824
696
702
882
1094
1175
1201
1285
1440
1663
2008
2556
3036
3379
3557
3711
3727
3720
3613
3480
3224
2975
2657
2323
2076
1727
1268
814
365
-135
-569
-961
-1308
-1532
-1718
-1842
-1898
-2017
-2307
-2610
-2883
-3025
-3084
-3096
-3115
-3094
-3033
-2966
-2645
-2233
-1780
-1449
-1268
-1176
-1027
-883
-689
-461
-362
-436
-627
-754
-795
-659
-436
-275
-152
-156
-264
-294
-207
-121
-66
-145
-294
-509
-613
-651
-584
-509
-498
-533
-584
-614
-664
-633
-665
-727
-794
-825
-824
-726
-574
-436
-287
-155
-130
-124
-25
118
310
555
717
815
830
804
819
833
852
818
803
776
745
767
890
1058
1244
1422
1591
1839
2036
2182
2332
2565
2834
3099
3290
3409
3359
3198
2921
2686
2498
2414
2307
2207
2018
1745
1402
1043
669
273
-105
-526
-974
-1328
-1571
-1710
-1756
-1909
-2268
-2689
-3052
-3248
-3219
-3031
-2790
-2540
-2285
-2119
-1837
-1472
-1139
-851
-687
-722
-810
-879
-888
-818
-722
-666
-650
-638
-644
-544
-377
-190
4
98
58
-82
-157
-213
-262
-352
-493
-724
-941
-1075
-1078
-931
-779
-650
-673
-770
-890
-936
-924
-900
-857
-798
-775
-727
-644
-465
-265
-132
-21
-12
-66
14
132
325
474
557
458
384
312
382
525
648
765
797
823
860
1093
1422
1749
2019
2166
2196
2188
2193
2195
2293
2474
2624
2684
2707
2677
2609
2554
2445
2387
2322
2360
2321
2283
2131
1977
1614
1126
600
95
-418
-895
-1348
-1694
-1926
-2069
-2122
-2239
-2425
-2600
-2678
-2587
-2380
-2056
-1759
-1522
-1355
-1219
-1069
-862
-726
-644
-748
-929
-1074
-1150
-1042
-853
-642
-481
-418
-404
-342
-243
-70
49
49
-118
-346
-554
-673
-681
-663
-712
-791
-932
-1084
-1135
-1042
-903
-768
-701
-727
-830
-958
-978
-924
-862
-852
-807
-768
-707
-607
-364
-198
-86
-36
-81
-56
-18
24
67
147
97
99
84
178
331
502
743
961
1204
1370
1571
1785
1975
2078
2178
2219
2223
2101
1919
1733
1574
1606
1813
2047
2231
2390
2374
2363
2333
2310
2308
2311
2202
1958
1670
1415
1153
767
208
-407
-1042
-1626
-2063
-2225
-2220
-2114
-2025
-2027
-2037
-1977
-1849
-1653
-1461
-1306
-1157
-1037
-894
-785
-718
-682
-690
-709
-709
-684
-597
-554
-546
-520
-435
-236
-36
97
165
88
-11
-57
-64
-87
-221
-473
-715
-927
-1035
-937
-743
-622
-644
-807
-1002
-1048
-947
-745
-615
-573
-633
-774
-827
-766
-640
-597
-649
-701
-745
-676
-483
-337
-290
-328
-473
-574
-589
-426
-188
62
238
305
436
637
896
1194
1385
1461
1567
1592
1645
1775
1857
1908
1874
1786
1642
1517
1472
1455
1378
1480
1731
2047
2315
2411
2352
2181
1899
1643
1526
1547
1530
1288
872
363
0
-283
-586
-835
-1070
-1383
-1683
-1881
-1874
-1642
-1342
-1211
-1278
-1432
-1575
-1597
-1472
-1290
-1081
-998
-1082
-1210
-1152
-941
-628
-281
-55
-38
-139
-228
-262
-224
-134
-37
-10
-33
-82
-107
-132
-96
-77
-186
-356
-549
-680
-714
-623
-478
-326
-246
-321
-534
-717
-732
-673
-541
-374
-310
-426
-646
-911
-1054
-1063
-984
-928
-894
-863
-812
-749
-650
-532
-434
-420
-418
-313
-34
366
815
1185
1319
1263
1216
1207
1310
1459
1580
1550
1426
1269
1151
1204
1433
1682
1780
1704
1507
1301
1138
1081
1078
1212
1433
1626
1667
1567
1314
1014
714
397
280
459
745
871
753
496
279
46
-264
-545
-683
-779
-986
-1279
-1436
-1372
-1185
-1133
-1280
-1498
-1719
-1937
-1997
-1782
-1351
-968
-785
-779
-738
-607
-426
-236
-101
-136
-344
-622
-717
-539
-230
91
335
411
276
62
-128
-144
-45
-10
-65
-186
-286
-316
-246
-114
48
111
43
-175
-384
-480
-507
-586
-603
-592
-651
-739
-867
-1068
-1347
-1603
-1794
-1848
-1655
-1271
-786
-318
59
286
413
452
534
693
900
1135
1403
1622
1740
1792
1768
1733
1617
1517
1502
1566
1624
1673
1729
1667
1568
1421
1218
975
741
489
249
12
-48
395
935
1154
1002
452
-289
-704
-805
-300
959
2241
2656
2118
1051
41
-587
-924
-985
-605
-256
-432
-1036
-1526
-1627
-1489
-1644
-2107
-2461
-2656
-2735
-2387
-1527
-573
-52
-315
-1086
-1692
-1912
-1654
-880
106
762
798
270
-352
-556
-377
54
604
1014
1034
780
555
623
914
1119
1008
685
226
-150
-200
98
653
1015
873
239
-585
-1259
-1529
-1378
-971
-578
-474
-760
-1268
-1714
-1911
-1774
-1406
-1078
-758
-504
-314
-142
-23
4
-73
-188
-202
-5
545
1175
1705
1959
1843
1527
1330
1410
1726
2228
2519
2489
2092
1535
1013
780
798
902
916
684
239
-292
-814
-939
-43
1083
1583
1240
260
-796
-959
-419
855
2793
4203
3617
1332
-1101
-2330
-2008
-824
439
1388
1315
-298
-2604
-4074
-3938
-2806
-1861
-1457
-1355
-1807
-2620
-2977
-2439
-1489
-930
-1194
-1625
-1541
-1007
-444
246
758
565
-411
-1264
-1094
199
1689
2524
2536
1882
742
-232
-204
990
2465
3133
2655
1456
250
-509
-579
15
781
971
254
-935
-1661
-1668
-1235
-742
-558
-932
-1624
-2091
-2000
-1316
-353
130
-183
-883
-1419
-1398
-791
92
706
711
196
-405
-532
82
1147
2050
2379
2099
1456
1026
1171
1820
2389
2462
1931
1122
559
509
725
1178
1297
824
47
-705
-1000
-842
630
2293
2806
1792
52
-1510
-1557
-175
1700
3871
5041
3652
-7
-2965
-3529
-1792
590
2011
2103
846
-1920
-4830
-5657
-3886
-1386
-175
-757
-1858
-2968
-4113
-4399
-3000
-998
17
-514
-1607
-1749
-1025
-723
-551
83
632
410
-13
207
1223
1890
1417
545
432
998
1666
2332
2812
2769
1742
109
-808
-268
949
1814
2020
1259
-38
-1427
-2348
-2103
-703
637
1034
561
-597
-1768
-2439
-2292
-1443
-258
345
128
-604
-1368
-1668
-1406
-824
-106
438
496
242
104
147
501
1010
1494
1861
2064
1917
1680
1466
1384
1435
1488
1448
1385
1257
952
667
460
371
417
481
341
84
-229
845
2115
2230
1119
-289
-1327
-867
478
1974
3813
4407
2216
-1574
-3477
-2704
-201
1609
1656
669
-1171
-3849
-5504
-4506
-1734
121
-468
-2547
-3685
-4064
-4241
-3514
-1458
248
135
-1479
-2575
-1870
-619
-461
-270
692
1496
1138
411
357
1138
1373
850
920
2198
3240
2944
1837
913
531
337
344
1108
2280
2279
631
-1034
-1371
-787
53
529
607
344
-299
-1475
-1765
-965
-42
-28
-641
-1227
-1484
-1585
-1588
-1366
-911
-551
-549
-840
-798
-435
-232
-214
167
723
1093
1255
1237
1218
1288
1282
1256
1478
1920
1947
1517
1019
871
988
1215
1389
1369
1258
907
362
78
81
253
11
474
1950
2227
1059
-783
-1849
-1509
331
1734
3157
3898
2605
-1230
-3970
-3262
-285
1895
1666
271
-1079
-2847
-4642
-4736
-2362
-66
-244
-2483
-3760
-3397
-3231
-3700
-2871
-657
563
-384
-1966
-2029
-825
-305
-614
354
2284
2772
1146
-363
-137
1029
1486
1656
2468
3289
2400
346
-853
71
1611
2077
1663
1528
1233
-39
-1382
-1245
554
2356
1865
182
-861
-1289
-1789
-1486
-240
1285
1576
-210
-2625
-3196
-2087
-1057
-328
362
684
-100
-1686
-2534
-1697
-11
1024
1199
1001
754
195
-652
-665
605
1918
2187
1763
1215
925
807
776
1080
1953
2408
1853
943
519
496
619
522
362
209
-135
-671
-1040
641
2157
1702
-431
-2130
-2384
-653
1265
2428
3521
3114
18
-3581
-3610
-694
2334
2410
256
-1175
-1921
-3350
-4360
-2953
-359
361
-1607
-3522
-2878
-1846
-2657
-3461
-1691
761
1080
-795
-1844
-705
343
-424
-686
1095
2683
1630
-525
-892
835
1731
990
707
1829
2427
1187
-230
159
1494
1612
605
513
1636
1784
301
-1099
-559
585
558
-27
79
513
40
-1270
-1890
-848
404
28
-1136
-1326
-969
-1096
-1402
-1044
-142
211
-607
-1629
-1362
-279
293
246
369
707
517
-219
-342
682
1830
2127
1706
1293
1227
1219
995
1148
1978
2387
1689
642
70
88
403
370
396
424
169
-1021
-1899
-2266
-842
1460
1849
571
-1204
-2106
-1936
-324
993
2774
3701
2120
-1551
-3196
-1594
1008
1928
827
-54
-187
-1327
-3120
-3173
-910
680
-178
-1969
-1801
-820
-1679
-3286
-2212
661
1764
-46
-1902
-1418
-106
-538
-1261
263
2294
1844
-603
-1670
-95
1481
1033
403
1313
2249
940
-948
-947
953
2070
1269
422
863
1004
-311
-1545
-699
1332
2045
639
-654
-799
-807
-1448
-1261
170
1283
506
-1503
-2608
-1985
-1038
-794
-547
158
217
-1017
-2123
-1776
-453
337
332
479
878
891
231
-218
367
1504
1908
1621
1639
1764
1444
749
569
1034
1603
1476
1026
696
560
128
-280
-433
-199
-125
-373
-806
-858
-1102
-1093
447
1126
330
-1375
-2136
-1511
721
2072
2609
2901
2120
-667
-2585
-1078
1887
3534
2371
563
-15
-487
-1729
-2158
-336
1486
957
-1136
-2181
-1602
-1683
-2909
-2200
419
1741
160
-2175
-2581
-1467
-951
-1193
15
2054
1688
-905
-2482
-1630
77
505
499
1285
1957
642
-1522
-1901
-145
1379
1254
673
911
944
-493
-1753
-1166
530
1589
1100
29
-639
-1050
-1863
-1923
-228
1535
1371
-187
-1644
-2236
-1812
-1008
35
1158
1296
-133
-1837
-2152
-1026
312
992
1317
1329
638
-566
-1205
-563
1026
2215
2114
1313
600
-170
-593
-28
1361
2349
2117
690
-606
-902
-400
135
530
840
442
-461
-1506
-1624
-1362
-736
-806
338
1895
1688
-236
-1975
-1899
67
2488
3184
3736
3908
2167
-1083
-1608
914
3845
4300
2183
553
375
-441
-1959
-1590
796
2009
537
-1800
-2030
-1229
-1927
-3075
-1680
823
1151
-1294
-3226
-2657
-1287
-1448
-1700
-199
1230
25
-2494
-2936
-939
577
214
-226
514
797
-507
-1742
-1012
894
1512
438
-266
147
149
-903
-1509
-301
1194
1077
-130
-776
-572
-227
-315
-174
866
1475
366
-1252
-1442
-504
227
459
495
469
102
-945
-1736
-1084
359
1045
712
0
-606
-969
-1154
-576
712
1530
1135
38
-793
-844
-235
391
987
1413
1051
-34
-790
-716
-208
398
697
689
388
-245
-998
-1166
-729
-48
201
116
-398
570
1497
1044
-7
-153
801
2484
3291
2687
3012
3580
2485
424
1078
3326
4459
2911
488
262
1321
762
-777
-459
1427
1415
-1192
-3044
-1939
-778
-1992
-3231
-1665
415
-510
-3526
-4403
-2121
-380
-1379
-2205
-937
33
-1661
-3560
-2629
156
856
-718
-1324
12
455
-1255
-2244
-621
1611
1201
-673
-1179
-69
126
-851
-703
1196
2097
820
-542
-608
562
837
-28
135
1688
1705
4
-934
-391
190
289
-46
52
599
77
-1430
-1949
-772
287
-54
-609
-650
-527
-914
-1317
-1065
-286
54
-370
-810
-393
255
209
-22
385
952
911
382
212
666
1194
1093
576
436
649
544
331
435
584
535
89
-301
-23
533
2138
2788
2074
737
267
883
2491
3722
3955
4210
3968
2122
181
907
2800
3810
2671
1018
754
800
-537
-1987
-1307
282
21
-1824
-2890
-2263
-2185
-3665
-4014
-1852
-300
-1631
-4073
-4368
-2626
-1582
-2339
-2189
-542
-128
-2034
-3325
-2227
-292
-6
-824
-622
601
445
-1128
-1443
148
1502
1078
133
478
1055
508
-544
-177
1259
1753
1192
224
209
672
197
-534
561
1657
1191
190
-504
-754
-704
-613
-702
-21
457
-716
-2126
-2187
-1295
-801
-752
-794
-976
-1352
-1930
-1959
-929
144
386
-73
-333
-100
-94
-263
397
1425
1838
1479
904
849
1162
1329
1346
1669
2109
1833
953
493
826
1246
1414
1322
1343
1264
744
150
964
2928
3299
2203
772
717
1761
3011
3142
3597
4206
3523
1139
-15
1140
2751
2549
1051
179
293
-455
-2257
-3055
-1737
-808
-1685
-3250
-3521
-2885
-3323
-4428
-3577
-1617
-1289
-2694
-3800
-3107
-1518
-1445
-2281
-1504
-168
-655
-2036
-2224
-681
485
55
-599
-55
606
-52
-914
-526
941
1435
510
-133
355
665
-194
-892
-83
1262
1332
158
-471
-5
53
-575
-522
251
732
356
-777
-1082
-174
111
-814
-951
-211
-583
-1367
-1851
-1541
-670
-547
-1300
-1430
-635
-590
-1141
-1065
-180
645
463
-157
134
958
1212
1021
1276
1978
2320
1830
1311
1836
2588
2494
1885
1783
2189
2365
1904
1481
1714
2040
1554
939
799
1029
917
736
556
1348
3067
2747
917
-278
244
1333
2702
2805
2702
2980
2234
-287
-1167
512
2221
2105
155
-1257
-1031
-1230
-2578
-2898
-1271
-236
-1552
-3732
-4045
-2702
-2532
-3676
-3183
-1195
-631
-2383
-3914
-3172
-1409
-1102
-1867
-1209
270
-163
-2158
-2767
-1063
611
336
-508
-155
511
-368
-1647
-1227
550
1271
198
-811
-417
143
-496
-1164
-236
1288
1183
-483
-1104
-255
328
-23
-87
593
1071
185
-1382
-1530
-86
675
21
-653
-423
-577
-1315
-1573
-848
299
355
-631
-1157
-759
-327
-360
-165
808
1548
1096
139
182
1050
1837
2270
2384
2657
2631
1797
1182
1585
2534
3144
2829
2284
1968
1745
974
766
1327
1799
1411
733
210
229
492
142
-186
362
870
1692
1876
1033
-86
-455
151
1610
2922
3128
2748
1952
348
-1033
-162
1403
2244
1468
-188
-1132
-1497
-2161
-2589
-1628
-529
-955
-2582
-3682
-3296
-2826
-3206
-2975
-1463
-842
-2058
-3808
-3835
-2276
-1144
-1351
-1426
-746
-924
-2259
-2859
-1705
-69
178
-741
-1095
-577
-732
-1636
-1493
-40
914
362
-813
-1142
-683
-525
-878
-304
814
969
-62
-788
-466
203
493
324
750
1296
890
-114
-239
429
969
803
255
200
288
-140
-669
-210
512
704
278
-167
-78
179
184
354
1095
1513
1182
659
654
1407
2066
1950
1785
2039
2110
1746
1532
1763
2332
2492
2003
1458
1492
1462
1157
936
1186
1396
1055
327
42
232
453
369
198
107
234
35
-231
931
1745
1185
147
-254
301
1687
2319
1897
1872
1751
269
-971
-276
959
1486
434
-1153
-1561
-1382
-1814
-2447
-2088
-1541
-1898
-2941
-3621
-3138
-2877
-3378
-3348
-2345
-1891
-2500
-3316
-3267
-2349
-1680
-1795
-1712
-1193
-1340
-1999
-2151
-1455
-599
-460
-790
-739
-501
-757
-1080
-809
-21
519
201
-412
-437
38
148
139
402
755
843
545
297
711
1372
1324
1075
1197
1314
1175
1101
1114
1337
1568
1155
589
692
789
331
0
154
502
655
326
-107
-176
-39
-23
134
685
1046
820
305
447
1187
1739
1826
1639
1601
1656
1612
1568
1762
2157
2165
1669
1311
1242
1237
1119
1058
1103
1156
716
155
-23
188
221
29
-192
-344
-311
-363
-550
-570
51
971
985
324
-498
-642
69
1243
1684
1770
1714
857
-653
-1130
-178
822
917
-181
-1215
-1379
-1804
-2702
-2854
-1944
-1479
-2118
-3188
-3590
-3259
-3244
-3547
-2750
-1485
-1429
-2575
-3302
-2839
-1921
-1522
-1496
-1009
-624
-1163
-1928
-1705
-711
-39
-116
-267
-12
59
-561
-803
-45
816
928
603
438
494
416
-45
-39
894
1630
1368
882
667
986
1523
1090
799
1318
1335
960
1125
1260
1380
1524
734
-160
349
842
466
489
541
146
29
-93
-28
555
833
246
-35
467
940
1099
960
1042
1539
1582
1175
1176
1564
1822
1797
1660
1614
1637
1319
804
939
1409
1430
940
427
296
310
38
-297
-74
44
-351
-801
-1094
-998
-756
-692
-1012
-738
-501
-259
183
238
-292
-813
-833
-157
898
1359
1339
902
-15
-1172
-1171
-192
683
738
-342
-1353
-1720
-2088
-2415
-1916
-1008
-925
-1747
-2776
-3039
-2779
-2691
-2482
-1443
-579
-892
-2047
-2695
-2245
-1410
-979
-602
-28
-2
-873
-1697
-1505
-566
218
327
360
471
228
-475
-671
38
881
1097
874
657
664
447
70
220
1027
1515
1275
739
790
1334
1140
838
945
1141
1324
1469
1166
1296
1653
1042
145
563
1076
893
820
441
127
230
43
-279
171
742
397
47
153
457
611
476
462
953
1190
921
536
607
907
1085
896
679
902
910
529
392
486
555
315
-82
-249
-124
-131
-538
-804
-559
-494
-682
-1033
-1299
-1384
-984
-1068
-1100
-762
-616
-830
-334
436
532
452
12
-320
344
1429
1750
1808
1633
808
53
84
577
944
827
34
-633
-884
-1224
-1388
-1359
-1238
-1443
-1879
-2211
-2082
-2044
-2371
-2316
-1705
-1363
-1443
-1735
-1898
-1671
-1316
-1203
-963
-528
-489
-861
-961
-676
-230
-129
-216
-39
235
198
-72
-133
168
604
778
764
744
684
346
157
498
1162
1562
1315
879
874
1390
1719
1570
1570
1497
1252
1459
1799
1881
1984
1631
690
343
808
886
628
458
-15
-373
-294
-235
-279
-166
-253
-658
-680
-342
-47
-22
-93
3
192
158
151
61
17
290
589
591
478
410
85
-93
86
210
158
186
83
-206
-383
-452
-525
-469
-420
-547
-432
-493
-783
-869
-677
-516
-254
-116
-86
34
66
63
445
1213
1206
814
349
336
764
1259
1401
1528
1247
454
-320
-472
-157
155
-21
-548
-858
-1027
-1566
-1887
-1787
-1569
-1579
-1736
-1867
-1863
-1961
-2160
-2039
-1502
-1124
-1112
-1287
-1269
-1060
-957
-891
-561
-100
0
-161
-165
0
78
122
232
593
1045
1208
827
554
567
609
741
1125
1446
1410
1204
839
748
966
1218
1245
1209
1215
918
656
700
834
893
911
662
323
208
18
-159
-36
112
-151
-272
-364
-544
-634
-675
-703
-569
-320
-384
-503
-412
-320
-243
-200
-33
189
222
169
183
236
363
482
381
380
614
650
516
587
662
751
678
496
451
519
456
349
265
275
96
-174
-336
-191
60
53
-44
-114
-163
-338
-354
-162
25
80
-129
-246
-131
217
199
-19
-164
-366
-545
-374
-40
335
388
-137
-763
-929
-738
-591
-454
-380
-422
-624
-1130
-1437
-1266
-995
-849
-818
-723
-572
-678
-1108
-1183
-616
-162
27
141
98
-12
-215
-389
-63
627
811
360
120
177
229
191
-17
13
290
304
76
252
472
346
13
-150
49
476
484
266
290
442
406
212
182
404
624
508
425
518
469
266
167
229
456
541
250
26
88
144
111
62
42
-37
-122
-218
-109
49
-9
-237
-245
-51
119
174
129
278
367
436
261
227
522
542
534
603
446
319
206
149
283
136
307
40
-282
-264
-458
-522
-479
-551
-487
-480
-649
-722
-761
-689
-727
-490
-383
-334
-142
-307
-417
-232
-112
-30
8
-9
-128
-26
109
191
431
421
316
208
201
480
823
995
990
813
529
298
335
462
643
806
616
289
36
-176
-206
-125
-1
-29
-159
-330
-519
-610
-683
-576
-467
-493
-618
-798
-941
-1001
-1050
-1028
-956
-769
-721
-826
-934
-867
-692
-505
-333
-240
-119
-109
-11
260
571
731
685
527
481
602
770
836
910
862
629
410
420
625
651
476
331
217
187
190
64
83
97
9
-182
-272
-297
-363
-326
-288
-310
-208
-258
-391
-398
-534
-463
-161
-48
-57
-71
-238
-411
-251
-114
-279
-68
124
-229
-123
59
-79
-100
-308
-199
71
184
129
-15
10
83
101
173
247
414
472
405
501
536
516
406
393
677
720
805
672
400
447
548
586
600
712
653
300
178
181
208
280
198
205
241
197
19
-123
-26
6
-65
-48
-72
42
7
-117
-144
-180
-183
-229
-155
-76
-120
-211
-452
-605
-583
-525
-531
-563
-641
-632
-623
-652
-715
-702
-620
-526
-455
-412
-285
-189
-153
-60
156
353
328
233
229
372
515
543
545
456
365
419
243
140
197
159
-3
-190
-161
-68
-305
-448
-509
-706
-739
-713
-804
-923
-856
-947
-1014
-1061
-978
-963
-827
-1028
-1013
-593
-631
-587
-732
-514
-223
-326
-106
100
222
270
171
78
404
684
469
536
780
687
646
739
542
984
1123
1008
922
1028
1122
1008
924
1089
1274
1152
854
696
664
740
843
615
862
704
496
305
292
415
248
334
258
93
131
-2
-174
-38
-12
-198
-220
-107
-168
-212
-173
-250
-120
-161
-112
-188
-197
-206
-296
-208
-130
-18
-177
-371
-347
-164
-131
-207
-281
-341
-392
-476
-439
-235
-80
-252
-354
-279
-230
-312
-358
-243
-50
241
101
11
42
-67
-114
-71
147
412
361
99
2
-71
28
-113
-48
94
65
-147
-342
-352
-516
-401
-517
-549
-566
-435
-760
-946
-876
-894
-802
-915
-719
-681
-708
-931
-923
-888
-617
-491
-701
-357
-436
-396
-544
-320
-12
39
-57
-119
106
46
69
216
340
224
744
387
514
701
628
633
883
899
837
1177
771
740
980
821
734
859
575
751
480
548
443
329
350
107
352
166
169
256
128
23
206
101
252
-14
137
354
227
161
12
242
237
-178
265
571
170
145
162
-45
-19
334
278
179
121
199
-227
-144
96
26
28
-115
-265
-440
-154
-437
-114
-252
19
6
-70
-43
-32
-141
83
52
4
671
259
29
345
64
115
240
467
604
352
400
306
-35
266
301
-14
237
159
25
-85
91
-528
-346
-44
-459
-263
-9
-367
-782
-701
-759
-652
-638
-335
-749
-609
-1116
-1119
-901
-1016
-852
-894
-935
-807
-988
-1136
-833
-1063
-762
-799
-449
-750
-533
-528
-859
-346
-304
-535
-15
75
-366
-92
-72
-118
30
215
237
349
308
150
527
256
243
830
391
340
709
288
12
648
290
-38
713
351
210
505
399
-67
430
341
342
457
354
409
318
507
266
398
540
395
322
651
606
180
521
389
403
555
330
413
315
161
425
250
635
489
109
261
159
1
478
-45
427
525
125
361
121
663
221
332
357
163
780
512
51
902
622
505
548
415
997
315
475
576
528
912
279
482
433
499
476
31
366
380
-101
-50
157
-233
17
-386
-140
-614
-453
-510
-518
-908
-486
-793
-927
-766
-1114
-1335
-1026
-1206
-1450
-1060
-1311
-1431
-1504
-1325
-1573
-1175
-1518
-1757
-1013
-1160
-1420
-1221
-938
-1437
-948
-1060
-929
-579
-618
-671
-440
-282
-661
-263
-110
-166
-226
291
-212
116
-163
-274
445
205
142
231
662
36
166
559
320
325
797
266
625
722
345
728
607
447
771
844
759
691
1197
525
795
721
624
1153
563
732
942
588
394
562
473
541
707
344
177
594
31
-47
436
-81
743
274
-8
475
439
233
41
614
305
512
564
481
641
815
58
845
785
470
913
457
1029
619
973
732
681
1092
378
705
1149
293
589
846
284
564
347
413
87
524
-117
-471
382
-510
-668
185
-917
-563
-270
-1145
-1030
-642
-967
-1467
-599
-1119
-1719
-869
-1685
-1822
-1298
-1437
-1815
-1273
-1414
-1634
-1304
-1485
-1507
-1309
-820
-1765
-891
-850
-1256
-886
-802
-808
-567
-396
-631
-176
-532
-366
67
-255
-116
338
306
-414
191
366
30
376
237
440
558
301
-44
696
529
-88
716
645
257
964
332
306
664
435
199
1122
363
390
815
222
30
911
128
273
804
73
377
104
361
180
207
309
38
487
-72
182
502
318
204
429
29
381
214
631
353
718
698
187
1063
401
750
1092
738
823
972
907
451
890
962
563
933
890
531
716
479
654
457
487
514
-73
518
-56
318
-1
141
-25
-355
-129
-212
-762
123
-526
-832
-206
-984
-695
-756
-709
-635
-695
-795
-1294
-847
-1145
-1241
-599
-1235
-1017
-588
-1592
-1090
-460
-1219
-947
-723
-984
-544
-591
-830
-98
-283
-455
-656
62
-455
-87
-66
34
-242
133
-122
-108
-158
248
268
-284
275
127
-34
35
40
131
316
79
-297
372
268
-187
255
187
410
53
212
335
260
448
58
345
573
-74
688
82
161
636
-81
467
179
69
379
453
-157
404
546
-336
521
223
-185
409
153
-64
304
122
152
347
100
504
277
451
34
419
282
148
564
100
546
387
172
66
408
278
124
174
125
187
39
-69
278
20
119
107
-230
195
-181
-142
138
-297
314
-99
-383
-18
-325
-248
-202
81
-278
67
-179
-561
-165
-126
-433
59
-210
-544
-85
-220
-530
-300
-206
-202
-390
-160
-410
-266
52
-623
-121
-130
-62
-111
-217
-64
-233
-131
-89
-60
263
-21
-154
-118
-239
-233
-37
85
145
-42
-87
274
-558
-65
74
110
233
-24
183
273
-148
-67
291
150
405
-173
221
419
-332
641
110
279
713
116
368
317
254
14
704
10
399
709
22
11
363
-197
-8
320
-104
236
54
-226
-217
91
-252
-383
339
-720
-261
93
-706
-93
-383
-321
-325
-290
-405
-516
1
-562
55
-304
-300
195
-350
-261
86
-229
-62
73
-287
249
-302
21
-138
-47
16
-160
274
-214
374
102
-125
173
160
-59
9
292
136
53
83
273
-650
524
-183
-307
634
-121
-145
168
20
-94
-75
-69
411
3
148
-36
145
-102
-156
-102
293
275
-290
372
-131
-87
240
-130
95
500
-176
118
256
96
115
-31
479
-169
375
-287
427
155
-291
459
178
-121
155
598
-316
644
217
146
555
183
-122
844
77
83
1210
-139
347
581
193
-91
831
218
51
807
2
-193
313
54
-385
547
-3
-334
95
-347
-773
55
-754
-441
82
-672
-632
-594
-536
-943
-462
-572
-531
-576
-694
-680
-844
-564
-588
-544
-278
-635
-816
-86
-863
-466
-183
-647
72
-427
-294
-361
55
-54
-501
493
-557
167
222
-349
475
130
-46
366
-52
280
183
207
430
233
214
176
153
146
165
380
54
368
231
92
-25
244
-48
39
428
-155
325
59
292
-176
509
-27
292
134
255
231
358
283
133
514
-84
628
299
432
374
273
225
495
370
263
540
417
189
281
490
201
577
437
204
613
317
207
625
95
571
270
89
814
56
390
559
162
246
154
163
342
-96
496
219
295
-121
78
-13
-289
137
-148
-141
-6
-356
-866
-57
-511
-1104
-25
-692
-737
-627
-752
-1104
-414
-969
-839
-464
-914
-811
-874
-855
-944
-616
-915
-559
-661
-951
-875
-569
-899
-384
-634
-511
-385
-433
-709
-235
-160
-311
-161
-11
-182
-98
-141
-321
360
-154
142
283
-219
482
109
-200
585
215
165
370
385
185
397
418
96
310
425
214
136
226
489
105
276
422
34
542
130
369
344
763
179
437
668
412
799
455
511
549
711
172
938
562
598
452
766
498
361
862
226
855
246
700
391
394
682
375
206
535
394
133
443
483
265
364
500
-409
666
-217
-132
1009
-438
195
224
-461
140
-349
-34
150
-135
-209
-297
-383
-212
-446
-377
-216
-395
-516
-468
-238
-1057
-235
-625
-891
-425
-827
-565
-672
-845
-599
-694
-789
-556
-670
-722
-579
-681
-962
-610
-643
-849
-572
-520
-796
-463
-493
-1009
-246
-325
-755
-296
-204
-474
-173
-111
-306
203
-109
-197
51
117
-239
274
258
93
302
-94
421
-217
137
529
39
356
386
403
-46
139
544
143
222
584
174
608
-68
395
552
159
407
430
323
300
292
218
400
454
226
297
656
302
258
658
159
656
366
449
401
817
139
509
892
116
474
470
397
284
570
397
547
459
746
41
508
711
71
578
458
497
267
182
285
249
117
234
-47
527
-81
-250
334
-555
152
-188
-335
42
-255
-330
-323
-376
-359
-513
-486
-316
-426
-302
-823
-182
-806
-741
-226
-762
-362
-526
-535
-804
-594
-663
-659
-389
-466
-948
-139
-598
-925
-191
-727
-270
-720
-598
-141
-726
-166
-503
-407
-137
-759
-199
-23
-465
-27
-222
-125
-204
-312
298
-249
-41
385
-162
-101
104
-8
387
76
305
386
328
196
-48
595
349
179
467
554
403
277
211
82
606
-10
148
797
76
100
444
132
4
496
170
445
34
328
177
-94
510
-146
645
185
70
236
-97
324
69
207
277
506
22
508
-271
424
381
-149
590
283
459
78
400
-86
323
183
102
301
224
433
-159
308
46
73
324
43
-112
448
-108
-420
431
-318
19
121
-156
54
-329
-83
-255
-17
-238
-154
-63
-160
-701
162
-425
-478
160
-605
-155
-219
-328
-577
-37
-461
-470
-255
-307
-157
-263
-459
-197
-78
-541
-326
-103
-139
-359
-317
135
-187
-552
173
-172
-139
-29
-65
-51
-198
133
-283
220
81
-33
334
-137
85
264
-194
331
324
-352
634
-1
114
91
168
326
-46
349
-111
301
304
-184
88
234
212
-321
-47
69
-91
-94
4
19
155
-226
-34
-322
-91
43
-416
408
118
-209
80
-12
-486
43
-105
-96
81
-59
-155
317
-210
-244
255
-34
-43
140
90
131
-60
160
21
31
27
141
142
6
264
31
179
118
84
-43
241
177
-67
239
126
15
42
113
-175
375
-201
-158
405
-83
-359
249
-203
-200
202
-220
184
-45
-216
-73
-166
-271
183
23
-46
309
24
-139
161
-5
20
385
68
203
375
85
46
174
301
132
282
424
332
58
236
410
-122
450
145
268
267
159
316
62
133
175
189
-65
314
108
64
87
138
-240
190
-3
-340
263
-106
-333
-67
-50
-689
-163
-230
-447
-174
-235
-413
-413
-379
-650
-402
-367
-96
-753
-95
-393
-550
-305
-439
-259
-308
-172
-352
-229
-297
-383
-289
-90
-393
-102
-30
-278
-66
-72
-191
-143
-52
-207
148
-281
-28
211
-286
113
-78
-4
-88
-33
27
-32
107
-103
23
139
20
95
44
124
257
-268
357
197
-276
358
189
-166
123
70
-45
233
-132
267
391
39
-54
451
90
66
325
270
429
112
469
292
421
186
552
141
445
398
175
660
294
369
434
394
241
440
542
251
224
535
108
454
308
107
557
74
40
432
33
54
435
-19
144
151
111
137
20
37
70
158
-9
14
-6
-34
-6
-173
-307
209
-394
-447
78
-362
-359
2
-389
-319
-69
-650
-158
-300
-387
-483
-25
-638
-413
-183
-603
-379
-368
-475
-333
-346
-688
-39
-500
-645
-82
-257
-728
-96
-186
-665
-134
-223
-493
-11
-522
-295
-23
-558
-401
18
-348
-346
-43
-311
-179
-29
-518
-137
3
-417
-110
114
-250
-152
256
-371
-123
212
-374
193
139
-187
437
3
62
296
232
55
268
435
103
407
378
79
779
93
221
871
95
451
810
416
324
501
636
126
546
582
420
689
350
363
503
261
407
341
523
554
96
420
398
-36
276
394
154
331
186
263
64
100
33
179
66
-105
289
26
56
19
-89
169
-129
-169
262
-228
120
-101
-174
126
-197
-78
-44
-5
-322
-184
74
-394
-347
98
-271
-279
-44
-449
-98
-268
-441
-292
-116
-327
-584
79
-436
-427
-164
-330
-351
-340
-265
-201
-279
-280
-4
-571
-258
-234
-392
-275
-247
-164
-356
-157
-404
-389
-239
-303
-439
-74
-106
-500
-87
-207
-289
-255
-192
-132
-128
-201
-195
163
-218
-257
222
-75
-93
196
-120
101
93
-136
179
200
94
83
136
396
-142
155
334
91
65
291
296
354
145
298
463
102
494
143
510
569
18
409
500
175
160
327
422
144
187
472
77
296
203
214
421
34
334
254
30
221
31
204
144
62
158
150
63
-62
189
161
-114
175
259
-98
114
188
9
-69
212
-4
-102
182
-34
-91
169
-58
-143
258
-157
-84
-1
41
-202
-138
143
-143
-135
62
-156
-130
6
-363
-101
-130
-175
-208
-191
-45
-244
-94
-297
-262
-182
-253
-279
-208
-216
5
-301
-309
-119
-336
-305
-268
-248
-129
-109
-309
-230
-32
-295
-294
-72
-150
-53
-141
-156
-182
-61
-203
-200
-113
35
-136
-110
55
-103
-119
-32
5
-53
125
213
-161
196
216
-150
36
162
-35
-96
251
-29
-27
164
151
-95
244
259
-74
207
159
58
-10
261
4
68
312
5
40
204
188
-114
182
55
84
231
-6
159
195
158
-8
144
235
56
135
107
236
87
104
198
95
62
160
229
-36
264
212
73
131
82
82
126
123
62
61
151
88
-7
67
-14
67
10
-84
152
17
-21
-30
-130
72
-47
-93
-12
-108
30
-109
-260
-16
-107
-288
-124
-65
-127
-121
-65
-180
-80
-128
-130
-173
-55
-20
-184
-62
-8
-87
-68
-86
-62
-158
-68
41
-173
-17
21
-126
-33
-74
-90
73
26
-71
-4
147
-161
-52
183
-72
-17
98
-13
-48
65
-56
110
-39
-26
101
-61
-82
-32
75
-127
46
-14
77
51
-66
-13
-73
74
-99
-126
70
69
-107
-23
49
-34
-182
13
-106
-73
76
-38
-77
56
-90
-45
-30
-135
35
52
-1
-84
53
-12
-71
-82
-22
70
-55
-103
56
60
-71
69
32
-18
53
28
-51
193
108
-80
168
11
1
36
81
-40
57
94
-26
-5
60
100
-13
16
54
38
-23
85
-94
39
56
-87
-34
-36
28
-32
-18
81
134
-17
52
33
62
31
58
106
85
146
8
145
16
108
152
-10
77
36
75
-13
62
207
71
88
210
83
202
136
100
320
61
111
206
111
61
46
111
19
1
41
-20
65
29
-8
21
-58
38
-37
-174
95
-22
-119
35
-53
-117
-116
-157
-206
-175
-60
-188
-203
0
-256
-138
-32
-225
-65
-140
-156
-164
-95
-220
-184
-105
-216
-197
-248
-211
-183
-196
-237
-87
-99
-222
-81
-85
-118
-123
3
-82
-82
-11
-19
-97
-46
-72
-131
47
-127
54
52
-8
35
-56
-14
-74
-37
-15
26
29
39
63
128
-36
24
41
-40
41
17
141
70
106
129
98
104
135
128
150
202
211
169
269
123
144
270
139
146
197
268
113
192
167
195
165
91
99
131
87
79
150
153
189
170
160
52
61
112
66
104
126
146
76
-9
32
6
10
22
58
88
-45
21
58
-97
24
33
-25
-73
-4
-5
-99
-91
-18
-183
-125
-49
-192
-91
-133
-87
-207
-159
-78
-172
-118
-112
-192
-173
-101
-265
-125
-37
-196
-173
-49
-219
-227
-100
-162
-189
-135
-144
-186
-153
-156
-145
-140
-77
-111
-84
-66
-101
-97
-146
-81
-87
-126
15
-117
-95
-27
-84
-100
-87
-3
-60
-85
19
-12
-88
62
33
11
38
37
31
31
83
32
143
78
98
122
76
129
155
90
124
191
77
120
183
137
88
177
117
68
127
153
101
106
131
115
74
79
133
85
105
144
132
106
120
165
88
117
127
69
104
125
75
138
144
64
148
138
105
126
148
82
43
89
68
-4
62
30
41
38
29
63
67
16
32
49
0
55
-3
17
60
-35
8
68
-23
-47
-26
-111
-113
-111
-69
-99
-129
-104
-137
-120
-148
-139
-137
-155
-165
-144
-126
-189
-228
-234
-227
-211
-239
-180
-147
-201
-173
-132
-107
-167
-99
-110
-97
-50
-101
-82
-70
-119
-121
-112
-118
-132
-90
-115
-162
-66
-125
-109
-67
-43
-17
-34
21
-37
9
17
-46
47
0
8
83
43
28
70
68
69
70
123
49
73
61
30
105
101
127
104
112
77
40
33
76
74
128
123
154
149
145
129
146
155
116
165
168
151
151
162
112
144
109
126
125
135
150
105
152
129
102
82
112
93
43
60
79
42
61
54
19
11
-19
0
-46
7
4
-50
1
-27
-20
21
-50
-22
-2
-71
-69
-37
-59
-45
-53
-71
-115
-80
-97
-108
-77
-98
-122
-104
-99
-101
-104
-96
-88
-154
-93
-95
-146
-142
-114
-122
-116
-62
-89
-90
-53
-92
-93
-72
-66
-109
-63
-45
-39
-16
-20
-28
-13
13
-41
-1
5
-10
-31
-34
-25
-15
27
-7
-13
-3
-27
-35
-6
-11
18
-28
-33
-4
-8
-34
-7
3
-23
3
-2
-41
7
9
-56
-4
-8
-52
9
33
-10
46
51
31
44
24
51
67
38
57
91
76
72
132
88
107
132
44
80
80
79
105
121
132
143
116
104
134
96
98
151
122
96
133
83
65
82
68
40
90
42
24
78
13
32
51
8
-14
-24
1
-10
-22
17
-4
-15
-65
-89
-79
-115
-84
-85
-58
-43
-73
-30
-28
-53
1
4
-11
-11
-24
-45
-25
-60
-58
-17
-79
-70
-35
-84
-32
-34
-54
-24
-37
-39
-29
23
-15
-15
13
-17
-50
-44
-76
-40
-74
-94
-8
-40
-48
-50
-57
-80
-16
-21
-20
42
-45
-1
-4
-44
-59
-26
-52
-115
-56
-55
-104
-46
-49
-65
-28
-70
-46
-54
-65
-47
-31
-7
4
0
-15
-33
-21
-50
-14
-8
-16
5
20
14
8
29
51
33
24
49
43
29
46
48
48
26
54
60
46
88
94
84
88
87
91
111
92
96
85
109
104
41
127
90
47
77
62
65
52
67
41
56
53
14
59
40
23
40
24
-14
22
-1
-1
13
-19
-34
-35
-52
-47
-27
-19
-15
-28
-37
-31
-25
-42
-29
-16
-35
-37
-34
-30
-53
-63
-30
-38
-44
-11
-17
-18
2
-2
2
15
8
-27
7
21
-14
32
27
4
23
23
-13
0
-9
-14
-7
-22
17
11
6
35
44
15
-7
2
-4
-28
-5
-18
-41
-21
-50
-27
-41
-43
-42
-51
-43
-34
-33
-50
-61
-55
-50
-37
-24
-21
-19
-27
-23
-46
-36
-2
-34
-43
-27
-37
-15
-21
-22
-30
-17
-5
-25
9
4
-9
3
-7
-52
-5
16
-38
-43
-8
-33
-28
10
1
-5
5
-6
-38
-12
-9
-27
20
28
0
5
2
-10
19
44
27
37
50
33
47
62
32
34
14
8
-1
10
19
19
35
44
52
41
46
34
67
37
42
44
44
28
32
21
22
0
8
25
9
35
15
21
28
27
36
51
70
57
60
61
66
60
50
31
35
30
29
56
66
72
68
92
72
49
53
29
23
31
17
15
7
0
-26
-35
-48
-38
-37
-45
-37
-32
-55
-56
-48
-47
-43
-50
-48
-49
-63
-54
-45
-79
-68
-78
-96
-96
-83
-78
-83
-61
-61
-51
-40
-74
-41
-47
-49
-17
-49
-15
-29
-53
-48
-61
-41
-48
-47
-37
-25
-35
-44
-19
-34
-33
-5
-14
-17
-7
-1
4
-18
-21
-31
-33
-29
-42
-25
-19
-4
-24
-9
27
-15
8
28
25
13
22
38
-13
11
21
-8
16
14
21
19
22
23
17
15
27
59
64
60
75
79
98
76
72
49
40
27
39
70
64
81
111
97
100
118
81
82
85
92
85
81
89
84
66
70
59
55
89
85
67
72
76
54
54
63
43
52
41
27
29
11
-10
-14
-22
-27
-41
-59
-47
-74
-60
-54
-63
-63
-65
-82
-77
-84
-89
-98
-101
-89
-98
-83
-89
-81
-84
-85
-87
-82
-80
-90
-74
-59
-61
-65
-36
-56
-48
-52
-58
-64
-54
-47
-70
-56
-50
-56
-49
-51
-48
-52
-63
-64
-60
-48
-63
-30
-24
-36
-32
-36
-31
-35
-21
-13
-21
-19
-19
-23
-21
-10
13
0
17
31
15
14
16
31
24
42
52
45
51
52
36
43
62
47
59
70
63
64
68
66
48
60
62
73
84
85
97
95
87
82
67
74
79
70
87
89
88
92
87
78
68
65
51
56
59
57
69
71
50
54
39
35
37
40
39
29
22
3
1
-14
-15
-18
-6
-6
2
-2
-13
-16
-28
-40
-34
-39
-27
-5
-17
-18
-10
-13
-38
-35
-49
-48
-47
-38
-37
-43
-49
-56
-53
-61
-53
-58
-48
-50
-45
-51
-72
-75
-88
-87
-84
-85
-65
-66
-64
-65
-82
-76
-77
-72
-77
-60
-49
-53
-34
-44
-61
-48
-54
-70
-61
-59
-62
-67
-66
-56
-51
-37
-33
-38
-30
-13
-16
-3
3
-15
-29
-27
-25
-9
0
14
12
20
42
31
34
48
54
55
74
82
87
90
94
83
71
88
75
64
78
75
85
90
84
87
84
86
77
85
95
94
85
82
81
62
61
71
58
47
56
51
36
39
45
35
34
30
26
15
25
29
17
14
4
-5
-7
-22
-21
-17
-20
-21
-15
-12
-21
-25
-25
-45
-46
-31
-37
-34
-17
-23
-20
-24
-32
-25
-36
-32
-24
-31
-28
-31
-40
-34
-36
-26
-12
-8
-16
-21
-26
-32
-25
-30
-32
-26
-19
-33
-36
-34
-33
-22
-26
-21
-27
-29
-24
-28
-32
-25
-26
-31
-31
-24
-31
-34
-32
-38
-44
-50
-50
-45
-39
-30
-18
-36
-31
-21
-31
-33
-34
-37
-43
-34
-24
-23
-21
-4
-1
-10
-2
2
-11
4
6
0
10
14
9
17
30
34
38
43
55
59
62
66
69
58
47
61
53
48
58
57
57
60
69
65
59
54
49
53
58
40
43
31
27
25
31
34
21
17
0
-8
-15
-3
-3
0
6
4
1
-6
-8
-11
-6
-7
-10
-6
-1
1
0
-4
-15
-18
-21
-23
-33
-25
-21
-17
-8
-11
-21
-22
-26
-24
-22
-7
-2
-9
-10
-8
-22
-27
-23
-19
-18
-14
0
-17
-2
-5
-13
-18
-23
-21
-8
6
7
15
7
-4
-8
-10
-11
-9
-13
-18
-6
-5
-6
8
14
6
15
11
5
17
4
0
2
7
0
-5
4
0
-6
-4
-6
-1
2
3
1
3
8
-1
3
3
4
1
-9
-10
-2
-12
-15
-11
-20
-17
-14
-18
-14
-12
-15
-14
-15
-19
-17
-10
-14
-17
-11
-14
-24
-31
-17
-15
-18
-10
-9
-9
-11
-17
3
8
8
21
29
27
20
20
9
5
3
-3
5
7
8
12
13
14
14
12
12
11
15
24
23
20
18
21
20
7
5
16
15
15
20
24
29
23
22
32
27
30
40
40
45
37
31
32
19
12
8
7
6
10
16
18
19
23
16
11
3
-1
-3
-4
1
-7
-2
-12
-9
-11
-25
-23
-25
-28
-25
-30
-29
-23
-33
-33
-28
-23
-29
-28
-20
-26
-22
-20
-22
-23
-17
-24
-17
-15
-13
-4
-6
-9
-14
-9
-10
-11
-1
-1
7
4
-4
2
-4
-5
0
-5
-1
0
-11
-7
-5
-3
-4
-2
-6
-4
-5
-13
-21
-22
-19
-21
-17
-12
-12
-11
-14
-14
-6
-6
-19
-16
-16
-18
-14
-11
-3
-5
1
-1
-3
5
2
-2
5
0
-2
1
5
11
11
18
14
9
12
11
10
11
10
11
12
19
12
17
20
16
25
31
31
34
36
28
19
26
24
13
16
20
32
37
29
27
26
21
18
22
27
34
36
38
26
18
17
4
-6
-2
-1
2
-1
5
9
-1
2
-3
-1
1
1
1
1
4
-3
-12
-14
-19
-21
-18
-16
-12
-17
-15
-17
-20
-26
-26
-28
-20
-16
-16
-12
-12
-16
-17
-27
-28
-33
-33
-22
-19
-13
-7
-7
-14
-18
-17
-14
-14
-11
-2
-6
-9
-7
-16
-23
-14
-16
-11
-7
-1
4
-1
0
-6
-7
-4
-5
-7
-4
-5
-6
-3
-6
-8
-10
-10
-13
-7
-3
-3
-1
-1
-5
-6
-5
-1
5
9
14
12
13
7
3
6
6
4
2
-1
4
4
8
13
14
11
10
13
13
15
14
16
17
13
10
6
3
5
8
14
16
21
26
19
14
17
16
22
20
20
19
19
15
14
20
21
19
14
15
15
14
8
9
7
8
9
9
13
9
9
10
4
4
5
4
-3
-6
-3
-1
1
2
2
2
-2
-9
-10
-15
-19
-19
-17
-17
-16
-20
-24
-23
-26
-25
-24
-23
-25
-21
-26
-29
-25
-24
-23
-23
-17
-20
-19
-13
-14
-13
-15
-15
-19
-19
-17
-13
-11
-9
-5
-5
-4
-8
-9
-8
-9
-5
-3
-4
3
5
4
4
7
10
6
10
12
13
13
16
20
17
22
22
17
17
14
10
11
12
15
16
19
17
15
18
16
12
3
4
6
6
11
11
10
7
2
-2
-3
-3
-4
-4
