8.888889e-001 1.111111e-001 0.000000e+000 0.000000e+000 0.000000e+000 
0.000000e+000 5.000000e-001 5.000000e-001 0.000000e+000 0.000000e+000 
0.000000e+000 0.000000e+000 9.000000e-001 1.000000e-001 0.000000e+000 
0.000000e+000 0.000000e+000 0.000000e+000 9.677419e-001 3.225806e-002 
0.000000e+000 0.000000e+000 0.000000e+000 0.000000e+000 1.000000e+000 
1.000000e-030 1.000000e-030 1.000000e-030 1.000000e-030 1.000000e-030 1.000000e-030 1.000000e-030 1.000000e-030 1.000000e-030 1.000000e-030 7.858495e-220 1.000000e-030 1.000000e-030 1.000000e-030 1.000000e-030 6.133211e-026 1.000000e-030 1.000000e-030 1.000000e-030 1.000000e-030 1.000000e-030 1.000000e-030 1.000000e-030 1.000000e-030 1.000000e-030 1.000000e-030 1.000000e-030 8.888889e-001 1.000000e-030 1.000000e-030 1.000000e-030 1.111111e-001 
1.000000e-030 1.000000e-030 1.000000e-030 1.000000e-030 1.000000e-030 1.000000e-030 1.000000e-030 1.000000e-030 1.000000e-030 1.000000e-030 1.495641e-016 1.000000e-030 1.000000e-030 1.000000e-030 1.000000e-030 1.000000e+000 1.000000e-030 1.000000e-030 1.000000e-030 1.000000e-030 1.000000e-030 1.000000e-030 1.000000e-030 1.000000e-030 1.000000e-030 1.000000e-030 1.000000e-030 5.847055e-017 1.000000e-030 1.000000e-030 1.000000e-030 2.086912e-168 
1.000000e-030 1.000000e-030 1.000000e-030 1.000000e-030 1.000000e-030 1.000000e-030 1.000000e-030 1.000000e-030 1.000000e-030 1.000000e-030 8.000000e-001 1.000000e-030 3.286267e-027 1.000000e-030 1.000000e-030 6.599522e-026 2.000000e-001 1.000000e-030 1.000000e-030 1.000000e-030 1.000000e-030 1.000000e-030 1.000000e-030 1.000000e-030 1.000000e-030 1.000000e-030 1.000000e-030 3.283139e-159 2.420865e-184 1.000000e-030 1.000000e-030 1.000000e-030 
1.000000e-030 1.000000e-030 1.000000e-030 1.000000e-030 1.000000e-030 1.000000e-030 1.000000e-030 1.000000e-030 1.000000e-030 1.000000e-030 4.561460e-153 1.000000e-030 5.161290e-001 1.000000e-030 1.000000e-030 1.000000e-030 7.614553e-027 1.000000e-030 1.000000e-030 1.000000e-030 1.000000e-030 1.000000e-030 1.000000e-030 1.000000e-030 1.000000e-030 1.000000e-030 1.000000e-030 1.000000e-030 4.838710e-001 1.000000e-030 3.185183e-024 1.000000e-030 
1.851852e-002 1.000000e-030 1.000000e-030 1.000000e-030 1.000000e-030 1.000000e-030 1.000000e-030 1.000000e-030 2.592593e-001 6.481481e-002 8.333333e-002 1.000000e-030 1.000000e-030 1.000000e-030 1.296296e-001 9.259259e-003 1.851852e-002 1.000000e-030 1.203704e-001 1.000000e-030 1.000000e-030 1.000000e-030 1.000000e-030 1.000000e-030 1.481481e-001 1.000000e-030 2.777778e-002 1.000000e-030 3.200846e-058 1.000000e-030 1.203704e-001 1.000000e-030 
