9.127999e-001 8.720010e-002 0.000000e+000 0.000000e+000 0.000000e+000 
0.000000e+000 6.049789e-001 3.950211e-001 0.000000e+000 0.000000e+000 
0.000000e+000 0.000000e+000 8.750434e-001 1.249566e-001 0.000000e+000 
0.000000e+000 0.000000e+000 0.000000e+000 9.629600e-001 3.703997e-002 
0.000000e+000 0.000000e+000 0.000000e+000 0.000000e+000 1.000000e+000 
1.000000e-030 1.000000e-030 1.000000e-030 1.000000e-030 1.000000e-030 1.000000e-030 1.000000e-030 1.000000e-030 1.000000e-030 1.000000e-030 4.522610e-165 1.000000e-030 1.000000e-030 1.000000e-030 1.000000e-030 1.281989e-001 1.000000e-030 1.000000e-030 1.000000e-030 1.000000e-030 1.000000e-030 1.000000e-030 1.000000e-030 1.000000e-030 1.000000e-030 1.000000e-030 9.983582e-016 3.486005e-001 1.000000e-030 1.000000e-030 1.000000e-030 5.232006e-001 
1.000000e-030 1.000000e-030 1.000000e-030 1.000000e-030 1.000000e-030 1.000000e-030 1.000000e-030 1.000000e-030 1.000000e-030 1.000000e-030 3.209529e-005 1.000000e-030 1.000000e-030 1.000000e-030 1.000000e-030 2.092941e-001 1.000000e-030 1.000000e-030 1.000000e-030 1.000000e-030 1.000000e-030 1.000000e-030 1.000000e-030 1.000000e-030 1.000000e-030 1.000000e-030 7.897681e-001 9.057074e-004 3.549083e-160 1.000000e-030 1.000000e-030 7.913900e-013 
1.000000e-030 1.000000e-030 1.000000e-030 1.000000e-030 1.000000e-030 1.000000e-030 1.000000e-030 1.000000e-030 1.000000e-030 1.000000e-030 9.996424e-001 1.000000e-030 2.719929e-046 1.000000e-030 1.000000e-030 8.395392e-034 1.000000e-030 1.000000e-030 1.000000e-030 1.000000e-030 1.000000e-030 1.000000e-030 1.000000e-030 1.000000e-030 1.000000e-030 1.000000e-030 8.669668e-005 3.548214e-114 2.709073e-004 1.000000e-030 1.000000e-030 6.615122e-289 
1.000000e-030 1.000000e-030 1.000000e-030 1.000000e-030 1.000000e-030 1.000000e-030 1.000000e-030 1.000000e-030 1.000000e-030 1.000000e-030 1.812609e-010 1.000000e-030 7.778394e-001 1.000000e-030 2.753246e-286 1.000000e-030 1.000000e-030 1.000000e-030 1.000000e-030 1.000000e-030 1.000000e-030 1.000000e-030 1.000000e-030 1.000000e-030 1.000000e-030 1.000000e-030 1.900047e-271 1.000000e-030 2.221595e-001 1.000000e-030 1.051837e-006 1.000000e-030 
9.009011e-003 1.000000e-030 1.000000e-030 1.000000e-030 1.000000e-030 1.000000e-030 1.000000e-030 1.000000e-030 3.873875e-001 1.000000e-030 2.702703e-002 1.000000e-030 5.165053e-014 1.000000e-030 9.909912e-002 2.702703e-002 1.000000e-030 1.000000e-030 1.441442e-001 1.000000e-030 1.000000e-030 1.000000e-030 1.000000e-030 1.000000e-030 1.621622e-001 1.000000e-030 9.009011e-003 1.000000e-030 9.009011e-003 1.000000e-030 1.171169e-001 9.009011e-003 
