8.443199e-001 1.556801e-001 0.000000e+000 0.000000e+000 0.000000e+000 
0.000000e+000 8.479474e-001 1.520526e-001 0.000000e+000 0.000000e+000 
0.000000e+000 0.000000e+000 7.499938e-001 2.500062e-001 0.000000e+000 
0.000000e+000 0.000000e+000 0.000000e+000 7.469470e-001 2.530530e-001 
0.000000e+000 0.000000e+000 0.000000e+000 0.000000e+000 1.000000e+000 
1.000000e-030 1.000000e-030 1.000000e-030 1.000000e-030 1.000000e-030 1.000000e-030 1.000000e-030 4.705049e-104 1.000000e-030 1.000000e-030 1.000000e-030 1.000000e-030 1.000000e-030 1.000000e-030 1.000000e-030 4.670351e-001 1.000000e-030 1.000000e-030 1.000000e-030 1.000000e-030 1.000000e-030 1.000000e-030 1.000000e-030 1.000000e-030 1.000000e-030 1.000000e-030 1.000000e-030 1.000000e-030 3.113602e-001 1.000000e-030 1.000000e-030 2.216047e-001 
1.000000e-030 1.000000e-030 1.112275e-252 1.000000e-030 1.000000e-030 1.000000e-030 1.000000e-030 1.520526e-001 1.000000e-030 1.000000e-030 1.000000e-030 1.000000e-030 1.000000e-030 1.000000e-030 1.000000e-030 2.018451e-005 1.000000e-030 1.000000e-030 1.000000e-030 1.000000e-030 1.000000e-030 1.000000e-030 1.000000e-030 1.000000e-030 1.000000e-030 1.000000e-030 4.919062e-223 1.000000e-030 1.520526e-001 1.000000e-030 1.000000e-030 6.958746e-001 
1.000000e-030 1.000000e-030 5.000125e-001 1.000000e-030 1.000000e-030 1.000000e-030 9.239028e-321 9.576871e-126 1.000000e-030 1.000000e-030 1.000000e-030 1.000000e-030 1.000000e-030 1.000000e-030 1.000000e-030 2.499813e-001 7.410985e-321 1.000000e-030 3.743528e-059 1.000000e-030 1.000000e-030 1.000000e-030 1.000000e-030 1.000000e-030 1.000000e-030 1.000000e-030 2.500062e-001 1.000000e-030 1.750270e-133 1.000000e-030 1.000000e-030 8.672788e-053 
1.000000e-030 1.000000e-030 1.773765e-030 1.000000e-030 1.000000e-030 1.000000e-030 2.185866e-002 7.277953e-177 3.148966e-270 1.000000e-030 1.000000e-030 1.000000e-030 1.000000e-030 1.000000e-030 1.000000e-030 1.844995e-087 7.967596e-062 1.000000e-030 9.781413e-001 1.000000e-030 1.000000e-030 1.000000e-030 1.000000e-030 1.000000e-030 5.791903e-150 1.000000e-030 1.359619e-105 1.000000e-030 9.693582e-126 1.000000e-030 1.000000e-030 2.835902e-204 
1.000000e-030 1.000000e-030 2.085607e-001 1.000000e-030 7.191748e-003 1.000000e-030 1.504055e-001 5.691566e-247 2.229442e-001 1.000000e-030 1.366432e-001 1.000000e-030 1.438350e-002 1.000000e-030 1.000000e-030 1.438350e-002 7.191748e-002 1.000000e-030 9.446101e-002 1.000000e-030 1.000000e-030 1.000000e-030 7.191748e-003 1.000000e-030 5.753398e-002 1.000000e-030 1.438350e-002 1.000000e-030 1.184002e-178 1.000000e-030 1.000000e-030 5.509817e-127 
