8.330493e-001 1.669507e-001 0.000000e+000 0.000000e+000 0.000000e+000 
0.000000e+000 7.506364e-001 2.493636e-001 0.000000e+000 0.000000e+000 
0.000000e+000 0.000000e+000 9.333333e-001 6.666667e-002 0.000000e+000 
0.000000e+000 0.000000e+000 0.000000e+000 9.615235e-001 3.847652e-002 
0.000000e+000 0.000000e+000 0.000000e+000 0.000000e+000 1.000000e+000 
1.000000e-030 1.000000e-030 1.000000e-030 1.000000e-030 1.000000e-030 1.000000e-030 1.000000e-030 1.000000e-030 1.000000e-030 1.000000e-030 1.000000e-030 1.000000e-030 1.000000e-030 1.000000e-030 1.000000e-030 3.339014e-001 1.000000e-030 1.000000e-030 1.000000e-030 1.000000e-030 4.626471e-028 1.000000e-030 1.000000e-030 1.000000e-030 1.000000e-030 1.000000e-030 1.000000e-030 1.000000e-030 1.000000e-030 1.000000e-030 1.000000e-030 6.660986e-001 
1.000000e-030 1.000000e-030 1.000000e-030 1.000000e-030 1.000000e-030 1.000000e-030 1.000000e-030 1.000000e-030 1.000000e-030 1.000000e-030 5.179285e-057 1.000000e-030 1.000000e-030 1.000000e-030 1.000000e-030 5.247117e-016 1.000000e-030 1.000000e-030 1.000000e-030 1.000000e-030 2.493636e-001 1.000000e-030 1.000000e-030 1.000000e-030 1.000000e-030 1.000000e-030 1.000000e-030 1.000000e-030 1.000000e-030 1.000000e-030 1.000000e-030 7.506364e-001 
1.000000e-030 1.000000e-030 1.000000e-030 1.000000e-030 1.000000e-030 1.000000e-030 1.000000e-030 1.000000e-030 1.000000e-030 1.000000e-030 9.333333e-001 1.000000e-030 6.870071e-230 1.000000e-030 1.000000e-030 1.000000e-030 6.666667e-002 1.000000e-030 1.000000e-030 1.000000e-030 3.128311e-192 1.000000e-030 1.000000e-030 1.000000e-030 1.000000e-030 1.000000e-030 1.000000e-030 1.000000e-030 1.347393e-101 1.000000e-030 1.000000e-030 2.495261e-082 
1.000000e-030 1.000000e-030 1.000000e-030 1.000000e-030 1.000000e-030 1.000000e-030 1.000000e-030 1.000000e-030 1.000000e-030 1.000000e-030 7.196436e-116 1.000000e-030 3.847652e-002 1.000000e-030 1.000000e-030 1.000000e-030 1.000000e-030 1.000000e-030 1.000000e-030 1.000000e-030 1.000000e-030 1.000000e-030 1.000000e-030 1.000000e-030 1.000000e-030 1.000000e-030 1.000000e-030 1.000000e-030 9.615235e-001 1.000000e-030 4.038047e-042 1.000000e-030 
9.173460e-003 1.000000e-030 1.000000e-030 1.000000e-030 1.000000e-030 1.000000e-030 1.000000e-030 9.173460e-003 3.485915e-001 9.173460e-003 1.834692e-002 1.000000e-030 3.179592e-310 1.000000e-030 1.467754e-001 9.173460e-003 1.834692e-002 1.000000e-030 1.742957e-001 1.000000e-030 1.000000e-030 1.000000e-030 1.000000e-030 1.000000e-030 1.100815e-001 1.000000e-030 2.752038e-002 1.000000e-030 9.266334e-003 1.000000e-030 1.009081e-001 9.173460e-003 
