9.176737e-001 8.232633e-002 0.000000e+000 0.000000e+000 0.000000e+000 
0.000000e+000 6.495185e-001 3.504815e-001 0.000000e+000 0.000000e+000 
0.000000e+000 0.000000e+000 7.500000e-001 2.500000e-001 0.000000e+000 
0.000000e+000 0.000000e+000 0.000000e+000 9.714286e-001 2.857143e-002 
0.000000e+000 0.000000e+000 0.000000e+000 0.000000e+000 1.000000e+000 
1.000000e-030 1.000000e-030 1.000000e-030 1.000000e-030 1.000000e-030 1.000000e-030 1.000000e-030 1.000000e-030 1.000000e-030 1.000000e-030 1.000000e-030 1.000000e-030 1.000000e-030 1.000000e-030 1.000000e-030 9.441035e-002 1.000000e-030 1.000000e-030 1.000000e-030 1.000000e-030 1.000000e-030 1.000000e-030 1.000000e-030 1.000000e-030 1.000000e-030 1.000000e-030 9.247113e-194 2.469790e-001 1.000000e-030 1.000000e-030 1.000000e-030 6.586107e-001 
1.000000e-030 1.000000e-030 1.000000e-030 1.000000e-030 1.000000e-030 1.000000e-030 1.000000e-030 1.000000e-030 1.000000e-030 1.000000e-030 1.000000e-030 1.000000e-030 1.000000e-030 1.000000e-030 1.000000e-030 1.000000e+000 2.843837e-094 1.000000e-030 1.000000e-030 1.000000e-030 1.000000e-030 1.000000e-030 1.000000e-030 1.000000e-030 1.000000e-030 1.000000e-030 2.633146e-017 4.585749e-093 1.000000e-030 1.000000e-030 1.000000e-030 5.293426e-022 
1.000000e-030 1.000000e-030 1.000000e-030 1.000000e-030 1.000000e-030 1.000000e-030 1.000000e-030 1.000000e-030 1.000000e-030 1.000000e-030 1.000000e-030 1.000000e-030 1.135924e-047 1.000000e-030 1.000000e-030 1.202081e-026 2.500000e-001 1.000000e-030 1.000000e-030 1.000000e-030 1.000000e-030 1.000000e-030 1.000000e-030 1.000000e-030 3.686928e-165 1.000000e-030 7.500000e-001 1.000000e-030 1.000000e-030 1.000000e-030 1.000000e-030 3.836186e-316 
1.000000e-030 1.000000e-030 1.000000e-030 1.000000e-030 1.000000e-030 1.000000e-030 1.000000e-030 1.000000e-030 1.000000e-030 1.000000e-030 1.000000e-030 1.000000e-030 9.714286e-001 1.000000e-030 1.000000e-030 1.000000e-030 2.619019e-106 1.000000e-030 1.000000e-030 1.000000e-030 1.000000e-030 1.000000e-030 1.000000e-030 1.000000e-030 2.857143e-002 1.000000e-030 5.055091e-077 1.000000e-030 1.000000e-030 1.000000e-030 2.718370e-028 1.000000e-030 
1.000000e-030 1.000000e-030 1.698113e-001 1.000000e-030 1.000000e-030 1.000000e-030 1.000000e-030 1.000000e-030 4.716981e-002 1.000000e-030 1.886792e-002 1.000000e-030 2.128526e-088 1.000000e-030 5.660377e-002 3.773585e-002 1.000000e-030 1.000000e-030 9.433962e-003 1.000000e-030 1.000000e-030 1.000000e-030 9.433962e-003 1.000000e-030 5.094340e-001 1.000000e-030 2.830189e-002 1.000000e-030 1.000000e-030 1.000000e-030 1.037736e-001 9.433962e-003 
