8.000000e-001 2.000000e-001 0.000000e+000 0.000000e+000 0.000000e+000 
0.000000e+000 9.000000e-001 1.000000e-001 0.000000e+000 0.000000e+000 
0.000000e+000 0.000000e+000 8.333333e-001 1.666667e-001 0.000000e+000 
0.000000e+000 0.000000e+000 0.000000e+000 9.583333e-001 4.166667e-002 
0.000000e+000 0.000000e+000 0.000000e+000 0.000000e+000 1.000000e+000 
1.000000e-030 1.000000e-030 1.000000e-030 1.000000e-030 1.000000e-030 1.000000e-030 1.000000e-030 1.000000e-030 1.000000e-030 1.000000e-030 6.028665e-258 1.000000e-030 1.000000e-030 1.000000e-030 1.000000e-030 2.000000e-001 1.000000e-030 1.000000e-030 1.000000e-030 1.000000e-030 1.000000e-030 1.000000e-030 1.000000e-030 1.000000e-030 1.000000e-030 1.000000e-030 5.139342e-040 2.000000e-001 1.000000e-030 1.000000e-030 1.000000e-030 6.000000e-001 
1.624052e-045 1.000000e-030 1.000000e-030 1.000000e-030 1.000000e-030 1.000000e-030 1.000000e-030 1.000000e-030 1.000000e-030 1.000000e-030 1.000000e-001 1.000000e-030 1.000000e-030 1.000000e-030 1.000000e-030 7.115749e-017 2.000000e-001 1.000000e-030 1.000000e-030 1.000000e-030 1.000000e-030 1.000000e-030 1.000000e-030 1.000000e-030 1.000000e-030 1.000000e-030 7.000000e-001 2.339028e-186 1.000000e-030 1.000000e-030 1.000000e-030 4.385678e-216 
5.000000e-001 1.000000e-030 1.000000e-030 1.000000e-030 9.564967e-056 1.000000e-030 1.000000e-030 1.000000e-030 1.000000e-030 1.000000e-030 2.719007e-224 1.000000e-030 1.000000e-030 1.000000e-030 1.000000e-030 1.000000e-030 5.000000e-001 1.000000e-030 1.000000e-030 1.000000e-030 1.000000e-030 1.000000e-030 1.000000e-030 1.000000e-030 1.000000e-030 1.000000e-030 2.114654e-040 1.000000e-030 1.000000e-030 1.000000e-030 1.000000e-030 1.000000e-030 
1.000000e-030 1.000000e-030 1.000000e-030 1.000000e-030 1.000000e+000 1.000000e-030 1.000000e-030 1.000000e-030 1.000000e-030 1.000000e-030 1.000000e-030 1.000000e-030 1.000000e-030 1.000000e-030 1.000000e-030 1.000000e-030 2.659097e-065 1.000000e-030 1.000000e-030 1.000000e-030 1.211764e-037 1.000000e-030 1.000000e-030 1.000000e-030 1.000000e-030 1.000000e-030 1.000000e-030 1.000000e-030 1.000000e-030 1.000000e-030 1.000000e-030 1.000000e-030 
3.478261e-001 1.000000e-030 1.000000e-030 1.000000e-030 2.361659e-131 1.000000e-030 1.000000e-030 1.000000e-030 1.000000e-030 1.000000e-030 1.739130e-002 1.000000e-030 1.000000e-030 1.000000e-030 7.826087e-002 4.347826e-002 1.043478e-001 1.000000e-030 6.956522e-002 1.000000e-030 1.391304e-001 1.000000e-030 1.000000e-030 1.000000e-030 1.913043e-001 1.000000e-030 1.000000e-030 8.695652e-003 1.000000e-030 1.000000e-030 1.000000e-030 1.000000e-030 
