9.163963e-001 8.360372e-002 0.000000e+000 0.000000e+000 0.000000e+000 
0.000000e+000 7.524023e-001 2.475977e-001 0.000000e+000 0.000000e+000 
0.000000e+000 0.000000e+000 8.907447e-001 1.092553e-001 0.000000e+000 
0.000000e+000 0.000000e+000 0.000000e+000 9.750506e-001 2.494937e-002 
0.000000e+000 0.000000e+000 0.000000e+000 0.000000e+000 1.000000e+000 
1.000000e-030 1.000000e-030 1.000000e-030 1.000000e-030 1.000000e-030 1.000000e-030 1.000000e-030 1.000000e-030 1.000000e-030 1.000000e-030 1.000000e-030 1.000000e-030 1.000000e-030 1.000000e-030 1.000000e-030 3.311703e-001 1.000000e-030 1.000000e-030 1.000000e-030 1.000000e-030 1.000000e-030 1.000000e-030 1.000000e-030 1.000000e-030 1.000000e-030 1.000000e-030 3.914474e-021 5.852260e-001 1.000000e-030 1.000000e-030 1.000000e-030 8.360372e-002 
1.000000e-030 1.000000e-030 1.000000e-030 1.000000e-030 1.000000e-030 1.000000e-030 1.000000e-030 1.000000e-030 1.000000e-030 1.000000e-030 5.395513e-008 1.000000e-030 1.000000e-030 1.000000e-030 1.000000e-030 9.609120e-003 1.000000e-030 1.000000e-030 1.911273e-116 1.000000e-030 1.000000e-030 1.000000e-030 1.000000e-030 1.000000e-030 1.000000e-030 1.000000e-030 9.903908e-001 3.370441e-022 1.000000e-030 1.000000e-030 1.000000e-030 1.000000e-030 
1.000000e-030 1.000000e-030 1.000000e-030 1.000000e-030 1.000000e-030 1.000000e-030 1.000000e-030 1.000000e-030 1.000000e-030 1.000000e-030 6.555316e-001 1.000000e-030 4.708009e-088 1.000000e-030 1.000000e-030 3.258287e-188 1.000000e-030 1.000000e-030 3.277658e-001 1.000000e-030 1.000000e-030 1.000000e-030 1.000000e-030 1.000000e-030 1.670263e-002 1.000000e-030 7.781513e-010 1.000000e-030 7.734766e-059 1.000000e-030 1.000000e-030 1.000000e-030 
1.000000e-030 1.000000e-030 1.000000e-030 1.000000e-030 1.000000e-030 1.000000e-030 1.000000e-030 1.000000e-030 1.000000e-030 1.000000e-030 4.633140e-086 1.000000e-030 1.496962e-001 1.000000e-030 6.558024e-063 1.000000e-030 1.000000e-030 1.000000e-030 3.565508e-014 1.000000e-030 2.494937e-001 1.000000e-030 1.000000e-030 1.000000e-030 9.598329e-002 1.000000e-030 1.000000e-030 1.000000e-030 4.989874e-001 1.000000e-030 5.839453e-003 1.000000e-030 
1.000000e-030 1.000000e-030 1.000000e-030 1.000000e-030 1.000000e-030 1.000000e-030 1.000000e-030 1.000000e-030 2.215986e-001 1.000000e-030 6.331388e-002 1.000000e-030 1.550335e-253 1.000000e-030 1.371801e-001 1.000000e-030 1.000000e-030 1.000000e-030 2.532555e-001 1.000000e-030 1.516076e-014 1.000000e-030 1.000000e-030 1.000000e-030 2.427032e-001 1.000000e-030 5.276157e-002 1.000000e-030 1.000000e-030 1.000000e-030 8.082522e-003 2.110463e-002 
