8.823163e-001 1.176837e-001 0.000000e+000 0.000000e+000 0.000000e+000 
0.000000e+000 6.004224e-001 3.995776e-001 0.000000e+000 0.000000e+000 
0.000000e+000 0.000000e+000 8.571429e-001 1.428571e-001 0.000000e+000 
0.000000e+000 0.000000e+000 0.000000e+000 9.705882e-001 2.941176e-002 
0.000000e+000 0.000000e+000 0.000000e+000 0.000000e+000 1.000000e+000 
1.000000e-030 1.000000e-030 1.000000e-030 1.000000e-030 1.000000e-030 1.000000e-030 1.000000e-030 1.000000e-030 1.000000e-030 1.000000e-030 1.594170e-223 1.000000e-030 1.000000e-030 1.000000e-030 1.000000e-030 2.938981e-001 1.000000e-030 1.000000e-030 1.000000e-030 1.000000e-030 1.000000e-030 1.000000e-030 1.000000e-030 1.000000e-030 1.000000e-030 1.000000e-030 1.000000e-030 1.000000e-030 1.000000e-030 1.000000e-030 1.000000e-030 7.061019e-001 
1.000000e-030 1.000000e-030 1.000000e-030 1.000000e-030 1.000000e-030 1.000000e-030 1.000000e-030 1.000000e-030 1.000000e-030 1.000000e-030 1.549841e-027 1.000000e-030 2.876323e-270 1.000000e-030 1.000000e-030 1.000000e+000 1.000000e-030 1.000000e-030 1.000000e-030 1.000000e-030 1.000000e-030 1.000000e-030 1.000000e-030 1.000000e-030 2.876323e-270 1.000000e-030 1.277727e-136 1.000000e-030 1.000000e-030 1.000000e-030 1.000000e-030 2.575354e-060 
1.000000e-030 1.000000e-030 1.000000e-030 1.000000e-030 1.000000e-030 1.000000e-030 1.000000e-030 1.000000e-030 1.000000e-030 1.000000e-030 5.714286e-001 1.000000e-030 2.206506e-218 1.000000e-030 1.000000e-030 1.176199e-072 1.000000e-030 1.000000e-030 1.000000e-030 1.000000e-030 1.000000e-030 1.000000e-030 1.000000e-030 1.000000e-030 4.408125e-016 1.000000e-030 4.285714e-001 1.000000e-030 1.000000e-030 1.000000e-030 1.000000e-030 1.020879e-303 
1.000000e-030 1.000000e-030 1.000000e-030 1.000000e-030 1.000000e-030 1.000000e-030 1.000000e-030 1.000000e-030 1.000000e-030 1.000000e-030 1.000000e-030 1.000000e-030 7.941176e-001 1.000000e-030 1.000000e-030 1.000000e-030 2.941176e-002 1.000000e-030 1.000000e-030 1.000000e-030 2.742533e-285 1.000000e-030 1.000000e-030 1.000000e-030 1.764706e-001 1.000000e-030 2.096933e-107 1.000000e-030 1.000000e-030 1.000000e-030 1.000000e-030 3.620299e-053 
1.960784e-002 1.000000e-030 1.960784e-001 1.000000e-030 1.000000e-030 1.000000e-030 1.000000e-030 1.000000e-030 9.803922e-002 1.000000e-030 3.921569e-002 1.000000e-030 1.691405e-182 1.000000e-030 1.000000e-030 4.901961e-002 1.000000e-030 1.000000e-030 9.803922e-003 1.000000e-030 2.941176e-002 1.000000e-030 1.000000e-030 1.000000e-030 4.607843e-001 1.000000e-030 1.000000e-030 1.000000e-030 1.000000e-030 1.000000e-030 1.000000e-030 9.803922e-002 
