9.000000e-001 1.000000e-001 0.000000e+000 0.000000e+000 0.000000e+000 
0.000000e+000 6.666667e-001 3.333333e-001 0.000000e+000 0.000000e+000 
0.000000e+000 0.000000e+000 8.000000e-001 2.000000e-001 0.000000e+000 
0.000000e+000 0.000000e+000 0.000000e+000 9.583333e-001 4.166667e-002 
0.000000e+000 0.000000e+000 0.000000e+000 0.000000e+000 1.000000e+000 
1.000000e-030 1.000000e-030 1.000000e-030 1.000000e-030 1.000000e-030 1.000000e-030 1.000000e-030 1.000000e-030 1.000000e-030 1.000000e-030 6.465562e-222 1.000000e-030 1.000000e-030 1.000000e-030 1.000000e-030 4.901378e-028 1.000000e-030 1.000000e-030 1.000000e-030 1.000000e-030 1.000000e-030 1.000000e-030 1.000000e-030 1.000000e-030 1.000000e-030 1.000000e-030 1.000000e-030 1.000000e+000 1.000000e-030 1.000000e-030 1.000000e-030 1.000000e-030 
1.000000e-030 1.000000e-030 1.000000e-030 1.000000e-030 1.000000e-030 1.000000e-030 1.000000e-030 1.000000e-030 1.000000e-030 1.000000e-030 1.672723e-018 1.000000e-030 5.108520e-206 1.000000e-030 1.000000e-030 1.000000e+000 1.000000e-030 1.000000e-030 1.000000e-030 1.000000e-030 1.000000e-030 1.000000e-030 1.000000e-030 1.000000e-030 1.000000e-030 1.000000e-030 1.000000e-030 7.269510e-018 6.332516e-140 1.000000e-030 1.000000e-030 1.000000e-030 
1.000000e-030 1.000000e-030 1.000000e-030 1.000000e-030 1.000000e-030 1.000000e-030 1.000000e-030 1.000000e-030 1.000000e-030 1.000000e-030 1.000000e+000 1.000000e-030 1.239837e-074 1.000000e-030 1.000000e-030 2.929747e-018 1.000000e-030 1.000000e-030 1.000000e-030 1.000000e-030 1.000000e-030 1.000000e-030 1.000000e-030 1.000000e-030 1.000000e-030 1.000000e-030 1.000000e-030 1.000000e-030 1.573330e-023 1.000000e-030 1.000000e-030 1.000000e-030 
1.000000e-030 1.000000e-030 1.000000e-030 1.000000e-030 1.000000e-030 1.000000e-030 1.000000e-030 1.000000e-030 1.000000e-030 1.000000e-030 5.051370e-039 1.000000e-030 8.333333e-002 1.000000e-030 1.000000e-030 2.297728e-233 1.000000e-030 1.000000e-030 1.000000e-030 1.000000e-030 1.000000e-030 1.000000e-030 1.000000e-030 1.000000e-030 1.000000e-030 1.000000e-030 1.000000e-030 1.000000e-030 9.166667e-001 1.000000e-030 2.097599e-020 1.000000e-030 
1.739130e-002 1.000000e-030 1.000000e-030 8.695652e-003 1.000000e-030 1.000000e-030 1.000000e-030 1.000000e-030 3.478261e-001 5.217391e-002 1.739130e-002 8.695652e-003 1.000000e-030 1.000000e-030 9.565217e-002 1.739130e-002 1.000000e-030 1.000000e-030 1.652174e-001 8.695652e-003 1.000000e-030 1.000000e-030 1.000000e-030 1.000000e-030 7.826087e-002 1.000000e-030 1.000000e-030 1.739130e-002 4.756552e-061 1.000000e-030 1.565217e-001 8.695652e-003 
