-1
-1
0
-1
-1
-2
0
1
0
-1
-2
-1
-2
-3
-1
-2
-2
-2
-1
-1
-2
-1
-2
-1
-2
-3
-3
-4
-3
-2
0
-2
-2
-1
-2
-2
-1
0
0
-1
-1
-1
-2
-1
0
1
0
1
0
1
1
2
3
3
3
4
3
3
4
2
3
2
1
1
2
3
3
3
4
4
2
3
1
3
2
2
3
2
2
3
3
2
3
3
2
2
1
0
-2
0
0
-1
0
-1
-2
0
1
1
1
1
-1
0
-1
-1
-1
-1
-2
-2
-1
-2
-3
-2
-1
0
0
1
1
2
0
0
1
-1
-1
-2
-1
-3
-2
-1
0
-1
-2
0
-1
1
-1
-1
-1
-1
-2
-2
-1
-2
-2
0
-1
-1
-1
-1
0
0
0
0
0
0
2
-1
-1
-1
-1
0
1
1
2
1
0
0
1
0
-2
-1
-1
0
1
2
2
2
1
1
0
0
-1
-1
0
0
1
0
-1
-1
0
-1
2
2
2
3
2
2
1
1
0
-1
-1
-2
-2
-3
-2
-1
0
0
2
2
1
1
1
0
1
1
0
0
-1
-1
0
-1
1
1
0
0
0
0
2
1
0
0
0
-1
-1
-1
-2
-1
-1
-1
-2
-2
-2
-2
0
0
-2
-2
-1
-1
-2
-1
-1
-1
-1
-2
-1
-1
0
-1
-1
-1
-1
-2
-2
-1
-1
-1
0
0
0
1
0
1
2
1
1
1
1
1
1
1
2
2
2
1
1
1
1
1
1
1
2
1
2
2
1
2
3
3
3
3
3
5
4
3
3
2
0
1
-1
0
1
0
0
0
1
0
0
-1
-1
-1
0
-1
0
1
-1
-1
-1
0
0
-1
2
0
0
-2
-2
-2
-2
-2
-1
-1
-1
-2
-1
-2
0
0
1
1
0
1
-1
-2
-1
0
-2
-1
-1
-3
-2
-2
-2
-1
-3
-3
-3
-2
-2
-1
0
-1
-1
-1
-1
-1
0
-1
-1
-1
-1
0
-1
0
0
0
1
0
1
1
-1
-2
-1
-1
-1
0
0
1
1
0
1
0
0
0
0
0
0
0
0
0
2
1
1
0
0
0
1
1
1
0
0
1
0
2
2
3
2
2
2
3
2
3
2
1
0
1
0
0
-1
0
0
0
0
0
0
-1
-1
0
0
0
0
1
1
-1
0
0
-1
0
1
1
2
1
1
1
1
0
1
-1
0
-1
-2
-2
-2
-1
-2
0
0
-2
-2
-3
-3
-3
-3
-2
-2
0
0
0
1
0
2
1
0
0
-1
-1
1
2
1
1
2
1
2
2
4
3
2
2
1
1
0
-2
-3
-1
-1
-1
0
-2
-2
-1
0
-2
0
-1
0
0
0
0
0
2
0
0
-1
0
1
-1
0
0
0
0
0
1
1
1
1
-1
0
0
0
0
1
0
2
1
1
0
0
0
1
0
0
1
1
1
1
1
3
2
2
2
2
2
1
1
2
1
1
1
0
1
0
-1
0
1
1
1
0
1
0
-1
-2
-1
-1
-1
-2
-2
-2
-2
-1
-1
-1
-2
-2
-1
-1
-1
-1
-2
-2
-4
-2
-3
-2
-1
-1
0
-1
0
0
0
0
0
0
0
0
0
1
0
1
1
1
0
0
1
1
1
2
2
2
1
1
1
2
2
1
2
2
3
2
2
1
1
-1
0
0
-1
0
1
0
1
1
2
0
0
0
-1
-1
-1
0
-2
-1
-3
-2
-2
-3
-2
-2
-1
0
-2
-1
-1
-2
-3
-4
-3
-3
-4
-3
-2
-2
-2
-2
-2
-1
0
0
-1
-1
-3
-4
-1
0
1
0
0
1
-1
0
-1
1
0
0
0
1
0
-3
-1
-1
0
0
0
1
0
-1
0
1
0
0
1
1
1
1
1
0
1
1
0
0
-1
0
0
0
1
0
0
1
0
1
1
0
0
0
1
0
1
2
2
1
2
2
3
1
1
0
1
0
0
2
2
3
3
4
4
3
3
2
2
4
3
4
3
2
4
3
4
5
5
3
3
3
3
2
1
2
0
2
3
1
1
1
1
1
-1
-1
0
0
0
0
-1
-1
-1
-1
-2
-2
-2
-2
-2
-2
-3
-2
-2
-2
-3
-4
-3
-3
-2
-2
-2
-2
-2
-2
-3
-4
-4
-3
-4
-3
-4
-3
-4
-4
-4
-3
-4
-2
-2
-1
-1
-1
0
-1
-1
-1
-2
-2
0
-1
0
0
0
1
0
1
1
2
2
2
2
2
2
2
1
1
-1
0
1
1
0
1
3
3
3
3
1
1
2
1
3
3
3
2
2
2
0
0
-1
-1
-1
-1
-1
-1
1
0
0
-1
-1
0
-1
0
-1
-1
-1
0
-1
-1
0
-1
-2
-3
-2
-1
-1
0
0
0
0
-1
-2
0
0
-1
-2
-1
-3
-2
-1
0
0
1
3
2
3
2
3
3
3
2
1
1
0
0
0
0
0
0
1
2
1
0
0
0
1
1
1
1
0
0
0
0
0
0
1
0
1
-1
0
-1
-1
-1
0
-1
0
-1
0
0
0
0
-1
1
0
0
0
0
-1
-1
-1
0
0
1
1
1
1
1
0
0
0
-1
1
0
-1
-1
0
0
1
1
2
1
1
0
1
2
1
1
1
0
0
-1
-1
-1
0
-1
-1
0
1
1
1
1
0
1
0
-1
0
1
1
2
0
1
0
0
1
1
2
1
0
0
-2
-4
-3
-3
-4
-2
-1
-2
-1
-1
-2
-1
-5
-2
-2
-2
0
-1
0
1
-1
-1
-2
0
2
0
0
1
-1
-2
-2
-3
-2
0
-1
0
-1
0
0
0
2
2
2
3
2
2
2
2
1
1
0
1
0
0
1
1
1
0
0
0
-1
0
2
2
1
1
1
1
0
-1
0
0
0
2
2
2
2
1
-1
0
0
0
0
-2
-2
1
1
2
2
2
3
0
-1
0
1
0
-1
0
-1
0
0
0
0
1
1
0
1
-1
0
-1
-3
-1
-1
0
0
1
1
2
1
-1
-1
-1
-3
-1
0
-1
0
-1
1
0
1
2
3
1
0
0
1
0
-1
-1
-1
-1
-1
1
1
-1
1
3
1
1
2
0
-1
0
-1
-1
-1
-3
-2
-2
-1
0
-1
0
2
1
2
2
-1
-1
-1
-1
0
1
1
1
-1
-1
0
1
1
1
1
0
-2
-2
-1
-1
-1
0
-1
1
1
0
1
2
1
0
3
1
2
1
1
0
0
1
1
1
1
0
0
1
-1
-1
-1
0
1
1
0
2
2
1
2
3
2
1
0
1
0
1
1
-1
-1
-1
0
-2
-1
-1
-1
-2
-1
-1
-1
-1
-2
-2
-3
-2
-3
-2
-2
-2
-2
-2
-1
-1
0
0
-1
-1
-2
-1
-1
0
-2
-3
-4
-4
-2
-1
-3
-1
-2
-3
-3
-1
-2
-1
-3
-3
-4
1
-8
26
40
26
23
9
-11
-29
-42
-7
-19
-30
-20
-40
-15
-10
-24
15
-10
-14
-1
-15
24
19
15
37
29
29
27
8
23
-2
-3
13
3
10
6
-14
1
-4
-17
-7
-9
-12
-10
-15
-8
-4
-6
-1
7
23
24
20
24
18
4
5
4
-5
13
-9
7
6
1
21
13
21
15
16
23
-9
-11
-9
-29
-17
-16
-26
0
-12
-18
7
-6
8
14
0
-4
16
-18
-10
1
-12
2
0
2
21
4
7
14
-10
4
-3
-30
-3
-27
-23
-12
-29
2
-4
-11
1
-11
4
-2
-12
-2
-6
-7
-18
-11
4
7
1
15
9
18
2
-5
10
7
-10
7
-2
-13
0
-18
-12
9
1
5
1
3
1
-17
2
-4
-19
0
-4
-12
11
6
13
34
20
14
30
6
5
6
-5
11
11
-5
16
18
1
16
-3
-2
-5
-17
-3
-9
1
1
5
-1
10
10
4
18
-1
3
10
2
19
21
9
13
10
0
13
-4
0
4
-26
-5
-3
29
23
3
6
4
5
-14
-3
-9
-16
-15
-32
-22
-20
-21
-42
-40
-33
-17
2
1
13
-6
1
4
5
8
6
2
-9
-3
6
21
29
22
12
12
21
1
-1
-19
-33
-20
-27
-15
-17
-29
-23
-47
-31
-6
-7
9
3
-7
-6
5
2
4
5
5
14
13
32
39
32
41
11
8
6
-10
0
-6
-4
1
9
19
23
25
20
14
-2
-12
-20
-18
-11
-10
-6
-2
6
14
21
28
19
6
2
-9
-7
5
-2
2
0
-6
1
12
17
9
-1
-10
-25
-31
-30
-35
-31
-32
-27
-27
-23
-12
-7
-3
-10
-12
-20
-25
-25
-22
-18
-16
-12
-5
1
3
7
3
3
-9
-28
-30
-23
-21
-15
11
12
-12
-9
-23
-15
-3
-1
11
12
12
19
0
-3
5
-14
7
21
25
61
55
53
68
61
84
116
129
180
227
246
245
182
135
140
138
134
123
104
55
-31
-118
-158
-174
-211
-257
-304
-344
-357
-333
-288
-226
-180
-165
-136
-106
-67
-6
63
110
145
162
187
222
233
235
225
161
85
12
-38
-59
-78
-104
-130
-167
-223
-248
-249
-240
-237
-250
-266
-268
-254
-221
-156
-93
-40
5
43
85
131
166
198
222
224
218
225
236
246
245
219
185
123
52
3
-37
-56
-77
-108
-140
-164
-178
-176
-149
-93
35
189
387
605
684
607
491
437
514
664
777
847
817
647
358
148
82
0
-162
-349
-538
-723
-825
-874
-873
-877
-997
-1099
-1023
-896
-712
-473
-340
-288
-284
-281
-103
171
386
599
697
641
520
444
472
517
499
423
317
201
136
99
101
31
-230
-560
-803
-980
-1042
-1007
-1022
-1111
-1221
-1304
-1194
-901
-627
-380
-214
-119
-28
147
402
627
808
867
909
998
1121
1245
1255
1148
850
536
251
93
13
-52
-172
-394
-648
-829
-842
-778
-650
-577
-571
-606
-552
-375
-180
71
222
279
347
398
554
1164
2338
3435
3516
2789
2098
2021
2391
2722
2964
3158
2758
1474
215
-29
416
327
-493
-1564
-2825
-3882
-4365
-4211
-3660
-3388
-3746
-3798
-3455
-3084
-2398
-1721
-1420
-1532
-1684
-1168
169
1497
2370
2754
2654
2222
1782
1774
2122
2240
1890
1210
482
13
-106
53
241
58
-557
-1166
-1769
-2342
-2702
-2994
-3227
-3458
-3591
-3310
-2626
-1942
-1576
-1520
-1606
-1483
-1129
-446
257
787
1159
1455
1888
2410
3026
3399
3367
2870
2143
1507
1158
903
622
262
-94
-359
-664
-859
-1198
-1655
-1992
-2312
-2304
-1961
-1429
-922
-564
-365
-103
326
899
1382
1424
1487
1375
1380
1554
1570
1834
3027
5576
6987
5980
4473
3597
3476
3436
3120
3322
4091
3466
1319
213
938
1278
-70
-1754
-3656
-5637
-6649
-6862
-6086
-4664
-4357
-4423
-3802
-3865
-3845
-2835
-2045
-1863
-2104
-1994
-663
871
1850
2799
3694
4128
3727
3087
3065
2813
1910
1053
302
-45
187
523
1058
1172
126
-1100
-1850
-2550
-3112
-3458
-3758
-4093
-4520
-4474
-3562
-2301
-1441
-1334
-1596
-1748
-1816
-1582
-828
40
680
1217
1894
2694
3367
3849
3737
2989
1968
1086
778
848
715
316
-67
-342
-655
-886
-889
-1006
-1487
-2226
-2812
-2793
-2102
-1310
-668
-223
60
360
706
1217
1684
1935
1887
1745
1720
1766
1953
2282
2692
4302
6581
6693
5299
4271
3795
3590
2975
2415
2990
3376
2227
494
431
1721
1016
-1416
-3284
-5369
-6782
-6787
-6849
-5725
-4351
-4700
-4629
-4248
-4241
-3136
-2204
-2224
-2479
-2803
-1725
184
1591
3038
4074
4469
4554
3728
3208
3460
2835
1948
1154
281
421
1073
1339
1489
933
-217
-1066
-1996
-3052
-3799
-4318
-4721
-4968
-4804
-3909
-2801
-1908
-1554
-1983
-2210
-2140
-2284
-1965
-1215
-606
331
1580
2714
3851
4475
4190
3364
2446
1822
1517
1337
982
435
51
-19
-19
-5
22
-365
-1285
-2448
-3149
-2870
-2109
-1471
-1064
-782
-355
150
628
1253
1857
2013
1891
1788
1829
2130
2436
2553
2574
3831
6329
6981
5831
4857
3959
3289
2606
1900
2469
3290
2413
500
-66
946
555
-1645
-3460
-5447
-7022
-7166
-7286
-6335
-4684
-4807
-4999
-4517
-4246
-3014
-1963
-2232
-2624
-2797
-1725
356
2039
3537
4379
4509
4490
3943
3838
4382
3661
2166
884
-14
301
1093
1362
1471
993
-148
-1095
-1681
-1985
-2654
-3788
-4501
-4950
-4910
-3736
-2433
-1660
-1345
-1622
-1890
-1747
-1553
-1494
-1327
-970
-731
-36
1668
3316
3888
3748
3106
2111
1425
1116
871
541
-41
-702
-833
-423
-67
12
-233
-941
-1922
-2508
-2207
-1510
-1066
-952
-789
-261
526
1263
1804
2210
2282
2051
1900
2050
2396
2430
2054
1884
3490
6031
6543
5712
5042
4316
3482
2413
1916
2849
3254
2018
404
327
1472
627
-1678
-3211
-5169
-6586
-6687
-6822
-5808
-4734
-5368
-5390
-4710
-3921
-2362
-1704
-2128
-2580
-2481
-883
1015
2229
3370
3819
3901
3943
3691
4311
4863
3651
1884
759
561
1089
1181
905
756
124
-962
-1641
-1592
-1557
-2533
-4008
-4911
-5152
-4746
-3837
-3090
-2723
-2409
-2250
-2177
-1824
-1503
-1516
-1429
-1319
-1109
-37
1765
2973
3136
2821
2489
2229
1960
1649
1177
701
78
-544
-538
-5
358
230
-321
-1007
-1482
-1664
-1482
-1081
-904
-855
-601
80
1037
1555
1639
1782
1846
1858
2097
2465
2704
2437
1993
3330
5792
6310
5502
4891
4399
3768
2644
2164
3006
3120
1649
-52
199
1582
373
-2197
-3346
-4823
-6239
-6492
-6460
-5322
-4662
-5827
-5797
-4384
-3331
-2305
-1818
-2186
-2726
-2522
-706
1576
2889
3327
3386
3806
4183
3896
4286
4889
3750
1758
657
1002
2071
2214
1312
792
546
-260
-1131
-1229
-1102
-1810
-3269
-4584
-4850
-4189
-3487
-3014
-2813
-2815
-2612
-2050
-1556
-1434
-1415
-1583
-1898
-1884
-1124
292
1700
2219
1915
1750
1912
1767
1263
706
-35
-711
-930
-926
-588
-109
-111
-506
-953
-1048
-799
-620
-624
-750
-792
-407
207
962
1745
1932
1701
1637
1757
2045
2246
2194
2047
2872
5189
6351
5610
4985
4501
3866
3181
2583
2915
3360
2247
27
-386
1396
1422
-988
-2834
-4082
-5058
-5539
-6190
-5588
-4467
-5374
-6478
-5562
-3545
-2073
-2047
-2521
-2755
-2553
-1307
413
2026
3211
3042
2804
3723
4479
4905
5073
4050
2349
1228
1119
1838
2394
1911
932
434
202
-190
-408
-756
-1839
-3270
-4162
-4191
-3862
-3434
-3093
-3145
-3183
-2925
-2326
-1603
-1402
-1820
-2420
-2577
-2053
-1202
-182
869
1285
1265
1657
2078
1998
1605
891
-51
-865
-1233
-1018
-513
-202
-444
-814
-642
-182
-236
-609
-888
-1044
-941
-676
-190
622
1330
1577
1626
1870
2281
2429
2269
2214
3602
6068
6824
6238
5924
5552
4835
4031
3800
4195
3920
2325
145
93
1716
823
-1708
-3165
-4638
-5734
-5981
-6141
-5253
-4686
-6207
-7206
-5918
-3745
-2374
-2414
-2930
-3151
-2598
-1186
236
1589
2545
2349
2277
3301
4446
5239
5273
3985
2465
1703
1659
1992
2004
1255
284
-9
231
410
435
30
-1283
-2988
-4149
-4578
-4173
-3441
-3394
-3568
-2898
-2003
-1360
-615
-284
-751
-1277
-1728
-2027
-1302
-38
631
935
1373
1907
2385
2521
2080
1033
-216
-1301
-2128
-2346
-2189
-2090
-1820
-1590
-1507
-945
-150
92
-381
-1086
-1306
-907
-293
226
809
1474
1800
2018
2520
3098
3407
4034
5923
7075
6465
6017
5866
5678
5200
4428
4626
4937
3642
1284
40
1265
1624
-1103
-3513
-4696
-5901
-6538
-6923
-6511
-5345
-5984
-7563
-6929
-4731
-3074
-3011
-3697
-3638
-2910
-1589
-120
968
1917
2044
1869
2824
4320
5380
5730
4759
3075
2291
2398
2727
2572
1674
631
75
-51
25
301
560
-89
-1618
-2951
-3692
-4042
-4254
-4363
-4226
-3585
-2371
-1257
-450
346
697
575
261
-98
-207
309
933
1155
1330
1888
2519
2459
1920
1347
424
-879
-2223
-3209
-3719
-4110
-4380
-4251
-3680
-2885
-2100
-1594
-1211
-1020
-923
-557
-95
178
669
1244
1696
2243
2757
3121
3693
5581
8506
9679
8900
7751
6622
5614
4890
4565
4743
4158
1868
-515
-577
818
-175
-3452
-5920
-7738
-9162
-9691
-9406
-7931
-6876
-7482
-7594
-5602
-2860
-1172
-575
-328
-280
390
1973
3753
5514
6239
5419
4900
5312
5803
5993
5540
3557
874
-662
-1024
-1149
-1774
-3065
-4269
-4727
-4798
-4337
-3200
-2733
-3745
-4857
-4742
-3800
-2800
-1851
-766
264
1215
2387
4023
5839
6546
5779
4798
4258
3693
3077
2628
2074
1179
189
-584
-1066
-1476
-2278
-3853
-5573
-6893
-7496
-7230
-6923
-6656
-6198
-5479
-4340
-3041
-1515
95
1225
1768
2014
2725
3912
4723
4915
4988
5027
4806
4694
6585
9895
10862
9090
6868
5744
4945
3731
2491
1782
1108
-1129
-3906
-3864
-2345
-3258
-6058
-7920
-9056
-9789
-9850
-8862
-6627
-5191
-5226
-4399
-1371
1639
2862
3711
4767
4956
4674
4758
6136
7782
7157
5091
4028
4017
3128
1089
-667
-2602
-5115
-7626
-9072
-8695
-8022
-8158
-8051
-7006
-5579
-4089
-2407
-1093
-570
-300
422
1710
3476
5241
6583
7650
8229
8169
8333
8579
7611
5546
3417
1400
-480
-1751
-2446
-3165
-4188
-5368
-6104
-6013
-5771
-6144
-6931
-7584
-7792
-7456
-6391
-4500
-2458
-853
219
1355
3024
4515
5330
5650
5635
5556
5391
5168
5202
5205
4503
3247
1689
1078
3414
6446
6478
4795
3288
2586
1594
345
348
1014
989
-1294
-3764
-2261
259
-567
-2955
-4194
-4599
-5154
-6078
-5609
-2824
-775
-1506
-2201
87
3117
4128
3833
3426
3506
3538
2332
1856
2763
2526
669
-1047
-1569
-1602
-2445
-3974
-5460
-6561
-7545
-8338
-8074
-7034
-6171
-5346
-4068
-2311
-243
1740
3124
3980
4517
4676
4471
4343
4648
5025
5311
5283
4946
4811
4689
3624
1708
-85
-1651
-3502
-5303
-6202
-6172
-5743
-5339
-4948
-4344
-3244
-2290
-2025
-1854
-1721
-1860
-1977
-1560
-530
738
1727
2472
3353
4162
4537
4715
4642
4008
2600
1276
701
268
-451
-905
1184
4782
6072
5911
6022
6155
4928
2718
2139
2597
2396
401
-2314
-1833
373
-425
-2554
-2964
-2838
-3503
-5367
-6017
-3515
-1589
-2139
-2858
-1017
1970
2985
3056
3751
4794
5488
4383
3140
3797
4000
2210
-4
-1360
-1912
-2746
-4205
-5606
-6348
-6902
-8162
-9072
-8361
-6978
-5865
-5353
-4853
-3042
-695
769
1904
3422
4584
4752
4676
5219
6225
6664
5788
4585
4317
4209
3400
2517
1718
88
-2139
-3901
-4980
-5311
-5622
-6787
-7333
-6320
-5156
-4338
-2890
-1309
-688
-479
-69
613
1647
2390
2228
2048
2525
3313
4335
5005
4774
4381
3932
3141
2024
864
-116
-1125
-2770
-3202
182
3934
4907
4846
4633
4674
4115
3210
3234
3593
3061
-186
-3317
-1405
599
-1082
-2432
-2670
-2966
-3836
-5175
-3945
-918
-217
-2139
-2862
-470
1827
2066
2347
3861
5306
4652
3018
3860
5608
4502
1699
-145
-813
-1574
-3248
-4632
-5055
-5739
-7484
-8848
-8310
-6896
-6191
-5926
-5354
-3914
-1956
-648
870
2945
3984
3759
3477
3584
3875
4242
4245
3714
3249
3056
2638
2057
1702
1062
-481
-2139
-3081
-3712
-4200
-4277
-4457
-4724
-4651
-4029
-2828
-1615
-911
-647
-434
-177
280
968
1653
1933
1793
1668
2040
3009
3846
4257
4282
3498
2425
1530
784
48
-962
71
2954
3920
4090
4750
5170
5101
3856
3254
3639
3376
1451
-2172
-3069
-1239
-2531
-4762
-4921
-4730
-4903
-5782
-5532
-2680
-333
-302
-988
22
2154
2825
2636
3251
4519
5586
5222
4950
6300
6784
5213
3176
1376
71
-1219
-3219
-5336
-6610
-7246
-8358
-9326
-8701
-7308
-6409
-6283
-6068
-4242
-1858
-603
400
2073
3519
3925
3707
4012
5025
5426
4263
2872
2908
3286
2583
1539
888
116
-1269
-2744
-3496
-3645
-4209
-5190
-5810
-5886
-5318
-4431
-3383
-2163
-1209
-575
18
756
1602
2230
2389
2143
1860
2075
2722
3269
3820
4304
4428
4094
3294
2406
1846
466
-928
578
2851
3369
3581
3780
4248
4430
3710
3424
3672
3365
186
-3809
-3428
-2328
-4212
-5716
-5795
-5206
-4804
-5622
-4920
-1744
254
-533
-1199
756
3134
3510
3198
3828
5442
6167
5101
5082
6527
6526
4623
2325
880
290
-961
-3133
-4978
-5811
-6632
-8091
-8759
-7888
-6660
-5981
-5943
-5359
-3361
-1169
44
1029
2544
3838
4043
3701
3972
4960
5156
3564
1946
1938
2469
1883
560
-166
-613
-1937
-3683
-4396
-4173
-4246
-5322
-6566
-6370
-5089
-4182
-3393
-2097
-742
122
579
1287
2382
3167
2887
1905
1579
2129
2500
2706
3285
3687
3826
3550
2893
2612
2171
798
740
2579
3349
3073
3043
3370
3643
3211
3264
3887
4272
2868
-786
-2315
-1538
-3071
-5491
-6482
-6657
-6469
-6880
-6798
-4225
-1121
-276
-677
676
2983
3658
3244
3337
4113
4850
4554
4333
5571
6687
6067
4673
3359
2283
996
-966
-3241
-5034
-6327
-7678
-8699
-8560
-7637
-6452
-5577
-5185
-3900
-1530
252
1200
2384
3971
4811
4524
4275
4778
5290
4514
2891
2060
2137
1697
375
-523
-818
-1746
-3340
-4402
-4596
-4858
-5714
-6578
-6803
-6418
-5744
-4948
-3761
-2173
-902
-15
1122
2391
3273
3707
3674
3184
2658
2228
2011
2152
2494
2954
3172
2916
2542
2177
1796
708
408
2115
2867
2403
2123
2277
3314
3321
2729
3208
4076
3486
492
-1181
-329
-1191
-3735
-5579
-5952
-5587
-6372
-7184
-5355
-2076
-925
-1513
-340
2161
3208
2730
2403
3251
4337
3933
3091
4016
5511
5250
3992
3197
2992
2444
591
-1692
-3099
-4085
-5615
-7132
-7682
-7251
-6384
-5860
-5368
-3836
-1421
609
1702
2778
4411
5338
5008
4307
4351
4679
3701
1983
1065
1119
1206
193
-1017
-1106
-1370
-2640
-3690
-3857
-3944
-4725
-5739
-6371
-6260
-5590
-5004
-4266
-2986
-1610
-493
588
1823
2838
3323
3162
2488
2013
1970
1881
1604
1611
1930
2233
2315
2318
2484
2286
1400
17
305
2610
3510
3093
2832
3161
3857
3508
3539
4384
4831
3568
216
-1035
-212
-1376
-3499
-5098
-6074
-6564
-7359
-7291
-5206
-2568
-1897
-2289
-1022
777
1771
2300
2562
3020
3380
3241
3439
4631
5699
5331
4346
3531
2743
1959
781
-713
-2081
-3858
-5944
-6961
-6855
-6703
-6631
-6378
-5775
-4380
-2533
-629
1497
3440
4447
4540
4646
4998
5159
4706
3575
2407
1671
1173
807
641
490
13
-824
-1697
-2159
-2394
-3036
-4130
-5242
-6123
-6586
-6222
-5298
-4314
-3460
-2600
-1581
-393
912
2016
2551
2391
1970
1645
1472
1619
2041
2319
2371
2384
2662
3293
3601
3146
2211
985
-66
855
2741
3285
3191
2785
2887
3271
3195
3807
4529
4466
2185
-1098
-1340
-767
-2193
-4287
-6300
-6981
-7051
-7676
-6662
-3779
-1739
-2138
-2704
-1159
960
2285
2571
2595
3125
3151
2932
3771
5340
6021
5163
4081
3418
2716
2027
1120
-494
-2840
-5088
-6308
-6690
-6923
-7148
-6677
-5679
-5104
-4078
-1484
1586
3133
3223
3539
4427
4845
4266
3741
3989
3598
2027
813
1080
1960
1666
587
118
37
-575
-1672
-2436
-2838
-3797
-5348
-6421
-6204
-5251
-4623
-4292
-3702
-2822
-1967
-1021
80
911
1273
1186
969
1131
1659
2222
2768
2843
2605
2835
3361
3820
3743
2967
2164
994
110
1547
3414
3764
3221
2446
2886
3227
3180
3796
4020
3576
1002
-1696
-1291
-1264
-2870
-4752
-6554
-6849
-6832
-6917
-5448
-3320
-2374
-3122
-2996
-1183
446
1717
2142
2305
2842
2769
3093
4431
5440
5367
4582
3930
3427
2820
2090
837
-745
-2785
-4884
-5932
-6369
-6717
-6745
-6331
-5540
-4422
-2550
-319
1444
2648
3203
3512
3532
3199
3158
3185
2684
1681
1159
1461
1779
1957
2162
2279
2031
1092
-38
-587
-1228
-2716
-4264
-5037
-5344
-5472
-5223
-4527
-3655
-3045
-2628
-1813
-810
-355
-331
-205
37
106
248
805
1692
2513
2866
3102
3730
4218
4205
3944
3472
2671
1483
-71
-522
1427
3005
2986
2849
2993
3860
4047
3822
4367
4559
3577
393
-1986
-1347
-1698
-3464
-5155
-6313
-6216
-6662
-7139
-5791
-3924
-3508
-4591
-4124
-2007
-486
638
1227
1764
2473
2551
3217
4698
5760
5858
5090
4427
3776
3167
2853
1832
30
-2177
-4129
-5076
-5636
-5830
-5195
-4524
-4345
-4105
-2642
-451
717
704
510
867
1171
845
1057
1909
2212
1733
1218
1879
3275
3961
3690
3420
3200
2136
898
214
-492
-1612
-3216
-4523
-4780
-4551
-4279
-3991
-3725
-3618
-3644
-3434
-2983
-2448
-1920
-1792
-1673
-1015
46
1319
2489
3267
3820
4343
4748
4986
5061
5007
4408
3106
1606
462
-167
657
2497
3139
3258
3249
3303
4015
4113
4234
4104
2965
1019
-1721
-2490
-1822
-2871
-4452
-5917
-6943
-6957
-7124
-6619
-5044
-3811
-3899
-4335
-2998
-1030
424
1492
1671
2109
2787
3125
4230
5629
6092
5608
4703
4021
3465
2967
2103
522
-1181
-3061
-4394
-4630
-4644
-4645
-4514
-4450
-4370
-3966
-2906
-1673
-910
-664
-725
-497
2
652
1556
2246
2590
2569
2681
3494
4455
4927
4648
3948
3009
1989
1295
535
-589
-1905
-3245
-4234
-4829
-4962
-4761
-4894
-5391
-5726
-5442
-4724
-4019
-3305
-2486
-1664
-801
209
1522
2961
3979
4493
4807
5114
5413
5496
5210
4758
4021
2972
1877
948
122
587
2303
2816
2676
2710
2835
3247
2965
2810
2846
2351
1100
-1284
-1846
-1031
-2370
-4338
-5697
-6528
-6556
-6863
-6574
-4894
-3453
-3640
-4051
-2253
-13
956
1517
1841
2409
3055
3208
4055
5435
5705
4795
3846
3430
3027
2522
1837
777
-527
-2224
-3485
-3732
-3926
-4369
-4762
-5096
-5256
-5044
-4040
-2736
-1932
-1526
-1265
-728
158
1214
2353
3117
3416
3413
3485
4016
4505
4467
4228
3766
2720
1587
989
594
-217
-1586
-2996
-3863
-4505
-5218
-5730
-5992
-6108
-6164
-6054
-5318
-4037
-2804
-1912
-1063
-15
1047
2143
3187
3814
4173
4464
4729
5076
5427
5527
5250
4571
3437
2220
1372
514
-206
632
1790
1832
1803
1855
2427
3001
3003
3029
2656
2127
295
-1874
-1666
-1936
-3700
-5013
-6158
-6395
-6106
-5937
-4912
-3455
-2659
-2924
-2361
-395
749
1337
1909
2106
2434
2687
3148
4069
4681
4429
3762
3641
3528
2849
2473
1919
561
-1219
-2837
-3532
-3892
-4728
-5484
-5508
-5193
-5249
-4846
-3295
-1741
-1142
-1116
-456
903
1859
2303
2638
2975
2989
2388
2200
3093
3855
3721
3056
2468
2056
1619
1167
457
-588
-2045
-3752
-4924
-5393
-5666
-5974
-6224
-6108
-5657
-4845
-3755
-2550
-1423
-738
-336
367
1339
2154
2777
3335
3861
4358
4813
5282
5790
5901
5263
4357
3321
2115
1003
-78
-1357
-1842
-576
705
1419
2185
2285
2492
2845
2892
2887
2639
2224
483
-1203
-1315
-1865
-2776
-3502
-4518
-4935
-4982
-4877
-3911
-2535
-1932
-2345
-1841
-633
-52
577
1054
1376
1601
1206
1421
2830
3976
3807
3154
3264
3475
3100
2563
2022
1423
-238
-2612
-3736
-3782
-4040
-4745
-5188
-4859
-4290
-3509
-2436
-1114
96
259
-39
144
599
1043
1145
909
766
927
1429
2264
3158
3479
3273
2789
1987
1377
950
6
-1419
-2896
-3998
-4569
-4746
-4683
-4510
-4231
-4112
-4222
-3904
-3134
-2516
-2226
-1996
-1428
-537
386
1409
2606
3701
4513
5026
5482
5928
5859
5285
4424
3285
2186
1234
375
-566
-1737
-1323
612
1845
2750
3138
3316
3722
3238
3285
3393
2750
1566
-883
-1871
-1666
-2539
-3140
-3399
-3615
-4024
-4535
-3647
-2223
-1384
-1876
-2775
-1831
-1222
-1521
-917
-189
239
13
43
1650
3499
4401
4327
4394
4885
4228
3217
2741
2086
644
-1797
-3526
-3888
-4094
-4359
-4386
-3757
-3140
-3034
-2367
-1275
-431
-273
-798
-1063
-1174
-1026
-402
201
835
1205
1431
2049
2738
3264
3354
3195
2647
1421
608
161
-594
-1416
-2275
-2974
-3455
-3923
-4147
-4008
-4010
-4584
-5085
-4858
-4250
-3656
-3084
-2219
-966
99
873
1888
3414
4608
4902
4940
5131
5315
5027
4069
3271
2665
1679
561
-296
-583
-565
-1102
-1123
1006
3243
3912
3970
3760
3798
3405
2650
2363
2103
1907
206
-1274
-243
114
-548
-762
-1289
-1917
-2937
-3816
-3696
-3452
-4039
-5460
-5645
-4742
-4416
-3349
-1758
-361
816
1431
2680
4624
5775
5803
5371
5052
4326
3146
2450
1907
1103
-399
-1976
-2355
-2347
-2588
-2601
-2474
-2467
-2862
-3077
-2622
-2016
-1990
-2459
-2625
-2427
-2276
-1808
-1079
-385
209
533
1060
2081
3025
3371
3444
3402
2822
2111
1806
1338
328
-1020
-2385
-3431
-4129
-4576
-4992
-5238
-5259
-5190
-4900
-4257
-3263
-2372
-1767
-1217
-574
337
1423
2263
2909
3389
3659
3762
3874
4168
4493
4451
4028
3491
3169
2984
2545
2004
1504
702
-214
330
1924
2559
2531
2123
1652
1505
1362
1907
2620
3044
2403
778
1006
1820
1042
-186
-1525
-2973
-4718
-6278
-6381
-5453
-4707
-5373
-5837
-4351
-2938
-1865
-412
998
2128
2179
2128
3218
4590
4999
4106
3443
3287
2581
1927
1666
1658
1198
-292
-1391
-1382
-1043
-1137
-1728
-2175
-2827
-3713
-4202
-4204
-3844
-3887
-4390
-4407
-3755
-2731
-1478
-223
816
1641
2151
2371
2943
3688
3630
2905
1938
1014
490
162
-384
-1185
-1892
-2617
-3226
-3278
-3152
-3210
-3464
-3973
-4341
-4275
-3768
-3088
-2574
-2184
-1663
-731
465
1749
3065
4103
4800
5162
5370
5741
6052
5837
5092
4294
3657
2884
2363
2004
1415
734
-343
-1418
-1055
779
2017
2099
2157
1889
1538
1603
2240
3131
3443
2804
1081
160
700
293
-888
-1858
-3292
-4837
-6046
-6282
-5267
-4089
-4147
-4718
-3923
-2567
-1662
-537
584
1379
1424
831
1189
2708
3764
3648
3477
3847
3940
3664
3521
3732
3656
2086
-70
-1172
-1642
-2545
-3621
-4308
-4595
-5110
-5643
-5256
-3931
-2935
-2719
-2622
-2178
-1466
-901
-577
-99
317
46
-391
12
817
1410
1809
1819
1731
1584
1282
1169
1008
301
-878
-2042
-3022
-3856
-4191
-4408
-4675
-4768
-4703
-3977
-2653
-1555
-641
454
1432
2138
2853
3722
4695
5194
4903
4489
4539
4574
4355
4315
4354
3955
3265
2514
2113
2020
1394
389
-538
-1551
-2353
-1461
525
1553
2015
1923
1692
2055
2234
2721
3102
2992
1754
-387
-462
339
-52
-687
-1856
-3120
-4378
-5337
-4850
-3890
-3770
-4786
-5202
-4264
-3403
-2278
-742
602
1370
819
972
2802
4495
4922
4688
4676
4347
3274
2472
2378
2522
1328
-889
-2005
-2255
-2427
-2619
-2595
-2435
-2949
-3832
-3897
-3121
-2644
-3152
-3793
-4203
-4657
-4790
-4301
-3179
-2055
-1669
-1312
-42
1634
2687
3197
3411
3006
2103
1181
561
280
-284
-1088
-1669
-1864
-1675
-1300
-855
-548
-528
-807
-1030
-806
-471
-318
-102
250
658
1144
1785
2731
3644
4115
4100
3846
3965
4130
3976
3720
3378
3109
2579
1981
1793
1488
1003
0
-1067
-1695
-2304
-1300
554
1561
2359
2110
1837
2083
2096
2799
2875
2776
2091
258
18
129
-529
-1196
-2578
-4073
-5575
-6300
-5767
-4951
-4126
-4247
-4188
-3358
-2730
-1443
-5
1034
1569
1158
1325
2383
3590
4220
4217
4237
3631
2642
2083
2050
2332
1548
-79
-1196
-1965
-2421
-2769
-2857
-2873
-3695
-4860
-5516
-5380
-4927
-4817
-4857
-4999
-4980
-4607
-3772
-2147
-648
-21
188
558
1221
1736
2088
2404
2411
2199
1880
1885
2393
3052
3329
2784
1983
1415
802
150
-530
-1097
-1581
-2124
-2350
-2018
-1012
12
496
789
1133
1526
1872
2103
2461
2758
2674
2573
2803
3265
3450
3255
3041
2750
2259
1491
791
428
-197
-1055
-1610
-1766
-1564
-1597
-831
1332
2985
3538
3463
3090
2634
1504
681
636
874
886
-309
-828
-5
52
-506
-1195
-1972
-2912
-4201
-4709
-4211
-3234
-2790
-2799
-2245
-1886
-1607
-1012
-487
104
31
-239
334
1187
1911
2397
3036
3465
3096
2350
1740
1508
858
-640
-1799
-2468
-3000
-3366
-3460
-2951
-2583
-2961
-3512
-3731
-3919
-4612
-5239
-5439
-5314
-4828
-4383
-3336
-1547
-200
596
1268
2104
2785
2980
3151
3430
3715
3730
3615
3935
4242
4116
3529
2704
2125
1395
445
-151
-229
-232
-563
-683
-519
-327
-239
-466
-561
-565
-826
-1018
-841
-325
255
803
1261
1573
1892
1866
1741
1871
1794
1557
1463
1420
1522
1798
2056
2035
1707
1066
289
508
1472
1779
1553
870
-55
-673
-1081
-672
257
1116
1650
1272
1167
1461
1009
190
-1022
-2472
-3655
-4575
-4731
-4147
-3152
-2390
-1847
-1233
-1033
-798
-493
-438
-294
-366
-465
-156
335
977
1546
1960
1932
1388
595
-153
-421
-566
-866
-995
-1231
-1567
-1645
-1511
-1610
-1972
-2582
-3465
-4102
-4457
-4527
-3858
-2855
-2031
-1430
-846
-172
194
190
-79
-145
121
371
990
2108
3302
4292
4638
4715
4757
4311
3450
2556
1968
1486
1053
948
1034
1247
1178
570
-52
-699
-1543
-2297
-2718
-2875
-3037
-2928
-2403
-1619
-798
-343
3
389
377
335
628
1094
1566
1990
2390
2876
3354
3372
3134
2825
2001
1013
62
-655
-1094
-1473
-629
900
1868
2375
2185
1807
1248
279
124
607
1251
1368
899
1164
1395
622
-399
-1202
-1691
-2458
-3180
-3120
-2423
-1605
-1439
-1301
-985
-1382
-2327
-3260
-3740
-3640
-3285
-2524
-1359
-101
729
1206
1802
2027
1742
1049
91
-616
-1030
-900
-163
544
989
1033
975
817
221
-493
-1372
-2375
-3151
-3633
-3448
-2977
-2525
-2015
-1709
-1499
-1327
-1162
-767
-215
367
1034
1850
2585
3033
3462
3639
3441
3114
2706
2499
2447
2349
2344
2408
2209
1509
688
-100
-1023
-1917
-2688
-3088
-3028
-2937
-2797
-2464
-2068
-1862
-1881
-1828
-1599
-1322
-983
-466
442
1589
2382
2992
3381
3486
3412
3015
2439
2018
1473
1044
791
691
828
739
519
920
1741
2506
2874
2381
1518
565
-595
-1065
-465
622
1744
2123
2091
2051
1569
573
-612
-1618
-2364
-2939
-3005
-2712
-2188
-1845
-1981
-2211
-2692
-3311
-3872
-4271
-4212
-3701
-2602
-1074
212
1092
1441
1337
1078
705
472
496
691
911
1119
1599
2002
1998
1592
991
343
-488
-1173
-1417
-1374
-1082
-847
-658
-521
-734
-1270
-1948
-2499
-2893
-3131
-2874
-2074
-1156
-217
702
1334
1514
1499
1405
1307
1214
1151
1356
1789
2216
2412
2467
2306
1716
897
191
-218
-556
-1029
-1326
-1493
-1675
-1934
-2217
-2293
-2435
-2632
-2451
-1830
-915
-158
470
1129
1522
1696
1664
1733
1932
1963
1934
2100
2515
2787
2776
2753
2541
1931
1213
598
207
-148
-357
0
1085
2186
2600
2615
2537
2061
1279
665
713
1040
1262
1327
1411
1617
1327
272
-776
-1656
-2552
-3206
-3429
-3172
-2769
-2542
-2493
-2375
-2421
-2877
-3201
-3297
-3108
-2584
-1954
-1203
-358
194
522
891
1172
1146
948
850
826
951
1157
1386
1628
1450
898
411
4
-381
-798
-1100
-1211
-1115
-1004
-1066
-1151
-1486
-2206
-2879
-3238
-3140
-2782
-2331
-1783
-1341
-822
-477
-315
-111
-36
22
217
591
1102
1620
2017
2157
1973
1553
987
416
-70
-390
-492
-308
104
466
731
750
485
114
-258
-515
-649
-663
-558
-319
66
360
675
1025
1258
1394
1240
1066
1112
1109
1234
1484
1897
2353
2506
2660
2650
2433
2187
1854
1498
1044
740
752
1040
1530
1806
1814
1672
1391
1154
953
1108
1366
1434
1381
1036
657
122
-774
-1618
-2307
-2552
-2357
-1957
-1351
-894
-775
-1090
-1659
-2101
-2441
-2682
-2856
-2889
-2538
-1944
-1242
-655
-354
-304
-626
-962
-1059
-881
-473
-97
300
661
804
705
428
28
-546
-1184
-1530
-1608
-1426
-1111
-901
-685
-635
-867
-1234
-1528
-1913
-2401
-2652
-2660
-2519
-2173
-1714
-1211
-706
-516
-550
-403
-136
20
128
334
574
750
805
916
1232
1525
1627
1725
1863
1908
1874
1746
1663
1450
1010
592
346
365
335
281
392
561
757
885
917
1131
1116
830
739
724
785
886
953
1378
1649
1780
1989
2181
2388
2442
2290
2171
1906
1711
1557
1336
1255
1014
533
472
626
739
797
740
543
413
421
566
1087
1514
1506
1122
506
-137
-718
-1367
-1787
-1983
-1975
-2000
-1873
-1505
-1121
-1046
-1444
-1853
-2188
-2579
-2832
-2917
-2756
-2523
-2380
-2208
-1981
-1673
-1557
-1573
-1500
-1415
-1297
-1143
-930
-549
-419
-472
-592
-800
-958
-1069
-1057
-904
-674
-499
-393
-200
-114
-275
-595
-994
-1316
-1592
-1678
-1598
-1469
-1379
-1413
-1361
-1137
-798
-402
84
468
757
1001
1334
1641
1896
1819
1753
1729
1744
2058
2071
2242
2426
2213
2089
2061
1954
1957
1339
1082
792
298
224
495
751
982
1108
1419
1615
1516
1645
1647
1265
1300
1141
943
1175
1115
1490
1411
1466
1683
1465
1350
1508
1371
1177
1208
1133
814
785
572
114
-232
-431
-463
-243
54
131
98
-113
-354
-517
-621
-625
-640
-644
-750
-817
-822
-1014
-1310
-1657
-1878
-2081
-2114
-1945
-1823
-1796
-1949
-2224
-2439
-2659
-2880
-3060
-3148
-3038
-2813
-2444
-2088
-1760
-1479
-1361
-1160
-874
-596
-314
-172
-42
-6
-76
-226
-455
-577
-693
-755
-699
-575
-414
-298
-224
-202
-318
-599
-984
-1264
-1410
-1409
-1004
-357
64
464
847
1096
1169
1308
1266
1094
1414
1523
1451
1968
2416
2123
2061
2319
2063
1739
2212
2023
1721
1803
1869
1648
1647
1840
1765
1476
1697
1079
912
1423
948
981
1231
1296
1477
1459
1581
1748
1428
1296
966
1067
963
905
918
960
557
547
583
669
258
383
47
-657
-736
-994
-882
-546
-650
-624
-593
-867
-1149
-1336
-1236
-1319
-1386
-1367
-1063
-947
-795
-866
-945
-1079
-1315
-1505
-1433
-1417
-1355
-1317
-1341
-1336
-1353
-1472
-1617
-1707
-1765
-1723
-1593
-1543
-1477
-1295
-1312
-1386
-1436
-1395
-1344
-1252
-1057
-868
-625
-394
-324
-390
-449
-550
-848
-1185
-1292
-1267
-1249
-1100
-665
-275
-92
44
443
374
242
180
61
150
-67
215
413
501
953
1067
1351
1225
1164
1557
1390
1872
1662
1480
1806
1448
1484
1190
1666
2354
1781
1777
2117
2156
2189
1577
1747
2176
1546
1408
1829
1539
1394
1395
1607
1290
933
1722
1471
470
1068
1070
384
79
24
609
21
91
482
-311
106
-45
-581
-694
-628
-205
-1021
-1236
-504
-846
-1267
-936
-797
-517
-757
-624
-420
-550
-479
-742
-1217
-939
-1182
-1543
-1355
-1080
-1217
-1284
-1121
-877
-1009
-1050
-848
-886
-976
-1077
-1095
-964
-1110
-1149
-1005
-1042
-850
-718
-651
-576
-539
-536
-633
-808
-995
-1032
-1145
-1275
-1192
-935
-737
-654
-576
-483
-439
-398
-376
-473
-442
-375
-454
-550
-300
15
28
131
353
887
791
579
940
809
772
585
640
756
886
777
1010
974
1590
1715
1118
1441
1369
973
1141
738
1250
1895
1254
1373
1519
1719
1327
1094
1418
1444
1019
1323
825
1046
1208
950
824
936
1067
936
367
67
355
294
-71
-322
361
45
-555
72
-453
-548
-384
-599
-834
-715
-580
-529
-853
-147
-707
-886
-378
-422
-846
-356
-400
-528
-778
-931
-357
-541
-1078
-492
-624
-1110
-737
-665
-822
-802
-573
-911
-1029
-714
-421
-677
-790
-208
-299
-662
-744
-635
-679
-865
-1167
-459
-331
-557
-466
-302
-349
-745
-975
-689
-813
-570
-615
-237
26
-90
-44
-121
-19
3
92
265
193
449
544
587
628
736
851
734
742
810
1025
892
844
986
793
381
591
870
379
183
497
555
436
307
960
852
701
584
796
658
372
674
1221
424
596
877
959
473
463
981
511
543
314
381
611
245
257
164
74
491
-275
70
31
-174
-142
-68
-137
-252
-452
-121
-701
-1225
-463
-889
-1223
-888
-1029
-1170
-1141
-1070
-1060
-922
-625
-889
-815
-409
-583
-1046
-234
-531
-689
-120
-414
-319
183
-127
221
-190
44
138
-161
-61
86
178
-99
-388
-353
-826
-373
-510
-575
-277
-96
-258
-569
-280
3
-867
-296
-51
-890
-84
219
110
388
220
691
668
320
324
874
528
471
474
741
1283
524
796
1406
802
835
772
1049
700
246
424
187
277
605
166
387
578
267
342
76
631
373
-42
165
268
166
228
228
-93
441
400
248
194
256
1190
65
229
806
275
339
1
350
434
135
303
100
170
-147
133
-16
-132
-304
-609
-440
-584
-1493
-476
-324
-1619
-948
-144
-904
-1183
-542
-605
-1597
-828
-702
-1784
-1048
-446
-776
-1503
-87
-22
-871
-863
-401
-820
-985
-465
-471
-762
-104
-697
-660
-387
307
-241
-783
547
139
-952
-217
226
-137
-260
-253
13
-38
-191
-370
-328
129
11
-534
-383
635
177
-304
808
687
387
587
400
980
935
950
1143
898
1396
1390
668
1706
1547
568
1104
1022
781
988
1038
1589
923
990
1331
675
309
762
214
-265
203
224
-57
243
573
193
377
549
137
318
481
383
118
450
618
-243
315
104
138
427
-202
392
450
77
-21
-500
125
-414
-734
-469
-1002
33
-503
-1231
-162
-39
-570
-739
-287
-217
-748
-842
-517
-535
-702
-465
-950
-900
-422
-733
-908
-811
-757
-698
-1011
-1455
-738
-597
-1118
-532
-736
-371
-498
-550
-527
-551
-526
-919
-677
-691
-601
-260
-783
-219
-266
-444
-607
-800
-219
-790
-1411
-420
-198
-765
-390
130
-34
298
-267
-169
606
114
96
480
447
502
-101
501
758
576
784
1011
1120
1160
1271
994
1124
1530
646
875
1203
498
1068
990
611
1131
1022
805
1040
743
859
698
858
303
397
635
701
163
230
1152
403
354
680
697
713
-141
684
311
-255
349
-517
-285
17
-325
-205
-204
109
-127
-403
-369
245
-97
-338
117
-52
-47
-259
-226
164
-601
-278
23
-500
-436
49
8
-367
-22
86
-336
-277
-142
-498
-588
-105
-82
-507
-138
495
-219
-415
64
-431
-481
-496
-612
-364
-791
-583
-510
-613
-282
-1104
-549
-482
-1269
-1080
-862
-580
-1201
-940
-588
-823
-636
-722
-683
-483
-412
-750
-614
-171
-179
-387
-144
-38
75
-268
-298
321
18
-114
373
263
269
65
257
344
-75
341
383
294
588
610
648
512
771
829
657
324
1000
975
81
709
763
723
552
323
871
460
476
187
308
594
-40
126
232
205
35
390
230
-22
185
-10
29
-280
73
140
-345
197
-119
-169
28
-99
26
-139
163
269
-125
440
269
457
24
-50
638
-132
23
509
126
674
279
228
683
86
471
235
-107
651
22
14
156
371
377
-584
182
259
-375
-257
-146
410
-369
-367
94
-361
-318
-711
-833
-251
-863
-447
-595
-479
235
-692
-545
44
-579
-395
-839
-355
-247
-778
23
-203
-455
92
-71
-297
-242
2
-249
-156
23
-226
-183
-185
282
-367
-254
99
-100
-215
-482
-278
541
-556
-414
488
-157
-64
-93
92
190
-271
311
224
106
385
200
360
450
-164
70
322
-173
-334
-106
-87
66
-269
-360
6
-22
-439
-531
-213
-35
-339
-358
218
48
-11
135
154
233
-62
353
226
248
576
288
519
778
511
347
612
387
224
532
190
46
456
220
127
120
136
505
-13
105
370
135
-81
346
235
43
3
381
124
-400
-124
117
-457
-145
-79
53
118
231
173
137
108
79
-309
30
-577
-122
312
-482
-152
595
331
-84
82
609
203
-405
58
227
-221
-109
112
13
209
52
-107
252
-73
-25
-118
-391
61
-397
-286
-47
-342
161
-293
-390
175
-349
-262
-75
-375
117
-399
-235
-61
-376
-37
-467
-527
42
-471
-496
-251
-133
-209
-601
-214
-31
-631
-390
70
-364
-403
-67
-337
-165
-132
-123
-40
128
8
174
201
109
215
155
-235
701
-17
-62
282
284
306
-119
71
697
115
-176
365
426
85
-127
-105
407
25
-199
-48
341
350
-401
197
481
-190
-11
-25
-121
109
-135
-208
375
53
-65
-119
163
-45
-33
-91
123
460
-239
-187
438
204
-114
-109
643
262
-303
644
340
-221
575
134
118
314
144
602
150
451
666
171
607
36
230
71
-328
551
-157
38
294
381
182
-408
543
249
-587
83
-177
-306
-300
-349
-120
17
-124
-191
102
-84
-295
-343
-57
-73
-572
14
53
-506
37
-371
-260
161
-502
-137
-126
-264
-167
-420
-255
-95
-620
-60
-76
-290
16
-165
-128
-76
-220
-251
-81
-133
-212
20
-129
-71
201
-65
-223
62
198
-215
-50
215
-241
-4
88
-220
35
-90
70
-93
-288
305
-514
-43
-93
-503
-118
-23
-228
79
-430
228
139
-606
154
-160
-39
-55
-254
554
-74
107
308
97
145
3
459
-6
246
229
148
358
185
348
169
451
112
24
567
-32
132
360
185
155
218
166
298
-117
187
618
-137
260
564
-55
439
-267
475
488
25
411
397
522
409
149
171
447
152
-229
203
86
-35
134
44
-110
112
-87
-112
-167
-399
398
-655
-105
117
-575
122
-306
-185
-51
-361
72
-306
-180
-199
-387
-283
-136
-718
-369
129
-548
-49
-253
-204
210
-631
-261
59
-188
-142
-563
188
37
-465
45
20
-238
199
-408
-177
6
-236
-142
-217
-255
105
-195
-230
121
-168
-34
-39
-246
219
-96
-200
107
-79
44
-74
-92
224
-69
31
107
72
41
63
68
-29
-178
176
-27
-217
143
158
-229
7
98
328
-394
139
566
-390
434
268
-56
516
-7
326
298
156
474
176
589
391
208
744
497
135
408
463
479
11
71
391
395
-109
6
446
73
-123
149
-14
93
-279
-224
209
-380
-275
-62
-220
-70
-326
-288
-52
-113
-68
-326
-38
158
-390
-505
89
-193
-382
-189
-117
-96
-122
-241
-11
-79
-243
-340
-95
40
-390
-56
131
-154
39
-213
-98
218
-234
-57
-14
50
-116
-79
251
-184
-48
194
-4
-79
-54
185
-86
-193
-101
-8
74
-135
117
131
-19
222
275
-224
-5
259
-99
-304
-86
313
85
-96
-46
332
180
-243
-33
362
-12
-143
309
199
-40
329
177
-59
286
178
12
367
269
207
-168
538
216
-311
192
493
-16
-140
260
153
53
-76
190
146
-93
378
-142
-55
149
-364
100
-277
-319
23
-432
-263
-213
-336
-289
-526
9
-433
-662
63
-332
-513
-209
-272
-435
-298
-472
-566
-148
-352
-575
-161
-35
-113
-277
111
-50
-151
-44
-19
32
-52
227
-41
110
354
-74
169
449
123
145
325
315
173
253
232
71
207
367
-86
92
381
-68
138
249
126
104
279
101
173
416
173
252
538
221
8
445
239
82
230
350
318
323
396
331
287
424
259
72
465
108
150
405
52
233
243
289
217
-23
394
130
23
230
-49
61
171
-155
-49
169
67
26
-94
137
2
-375
-53
-180
-194
-126
-384
-57
-209
-402
-221
-379
-403
-634
-504
-254
-658
-528
-321
-645
-574
-569
-814
-644
-661
-802
-791
-569
-491
-612
-599
-552
-377
-593
-502
-438
-499
-333
-492
-293
-413
-145
-146
-365
-14
-69
-88
-10
125
40
23
56
69
158
37
173
68
47
253
63
212
393
258
360
310
311
439
161
230
299
260
409
315
435
626
406
484
464
505
557
405
468
586
468
527
702
703
550
753
653
503
573
488
627
582
331
589
628
463
411
455
627
346
152
492
422
140
335
442
224
353
227
215
208
141
71
117
125
59
68
-69
-16
-109
-242
-197
-220
-324
-409
-377
-411
-558
-516
-557
-646
-570
-600
-759
-690
-519
-643
-750
-737
-618
-638
-896
-862
-701
-703
-894
-772
-670
-775
-675
-624
-618
-662
-550
-501
-549
-724
-460
-270
-506
-640
-383
-236
-340
-535
-290
-16
-268
-377
18
-53
-161
-49
-15
-51
-57
121
-72
124
171
80
184
246
322
136
232
378
195
337
333
432
426
288
476
362
404
395
396
510
452
502
556
598
664
505
682
598
664
633
686
789
682
709
835
775
618
703
763
677
588
507
678
652
477
517
635
619
431
453
510
333
246
176
259
129
103
166
99
144
-3
-67
7
-118
-269
-209
-242
-322
-356
-332
-347
-468
-386
-437
-545
-477
-502
-489
-489
-484
-480
-600
-581
-489
-646
-657
-520
-444
-553
-799
-615
-514
-686
-676
-604
-534
-460
-449
-623
-526
-287
-534
-587
-463
-491
-390
-382
-428
-406
-348
-254
-268
-249
-189
-101
-129
-164
-235
-131
-60
-189
-151
-95
-56
-12
-3
59
107
173
84
104
148
193
135
180
175
257
339
136
226
374
309
269
431
494
505
446
457
546
533
495
531
537
568
595
502
596
644
509
575
539
550
583
462
493
466
498
453
320
533
432
329
361
345
342
266
204
172
161
154
27
17
23
-13
-143
-175
-146
-86
-134
-240
-153
-92
-198
-342
-219
-251
-413
-297
-354
-354
-358
-246
-291
-356
-296
-279
-377
-379
-411
-366
-271
-442
-419
-256
-302
-384
-391
-258
-252
-361
-322
-211
-283
-319
-194
-233
-237
-187
-188
-214
-235
-203
-185
-199
-173
-100
-52
-78
-102
-154
-22
-53
-175
-43
-4
-3
-82
-20
45
-8
28
-27
12
74
61
101
146
179
247
192
175
205
211
195
288
273
257
352
305
319
280
279
268
268
231
140
205
230
114
145
188
223
201
170
218
250
151
129
128
130
146
46
117
172
159
72
101
154
93
75
47
117
99
117
68
-28
18
-118
-108
-74
-236
-115
-56
-200
-166
-185
-136
-191
-329
-242
-250
-287
-288
-300
-269
-201
-218
-280
-165
-81
-154
-170
-122
-56
-74
-237
-186
-87
-168
-227
-164
-103
-103
-178
-175
-65
-101
-149
-138
-65
-111
-125
-88
-5
-61
-65
-25
45
-16
-31
137
118
104
94
95
129
111
67
60
164
183
106
186
205
248
300
193
247
318
341
310
313
369
360
329
323
294
264
239
196
202
206
160
171
218
101
120
149
84
55
51
16
21
25
1
20
55
45
18
79
82
80
66
49
74
6
18
-23
-9
21
-27
-44
-54
-26
-58
-122
-167
-160
-216
-217
-254
-276
-274
-355
-301
-347
-344
-295
-291
-294
-321
-237
-237
-252
-263
-265
-241
-273
-242
-252
-226
-162
-253
-204
-175
-263
-243
-227
-191
-202
-210
-177
-187
-230
-278
-296
-187
-218
-226
-102
-82
-88
-119
-140
-67
-19
-71
-78
99
21
-29
87
125
166
133
166
176
163
231
204
260
268
221
237
277
311
278
335
302
278
305
322
358
265
270
342
334
278
282
378
382
272
291
355
324
304
321
354
348
363
336
305
357
344
317
293
286
269
300
253
200
230
213
164
144
113
129
83
77
54
7
29
-23
-93
-148
-117
-148
-205
-186
-182
-169
-145
-194
-242
-178
-212
-263
-271
-265
-301
-287
-350
-367
-321
-312
-339
-426
-377
-362
-428
-451
-434
-435
-424
-472
-514
-399
-443
-480
-443
-415
-389
-416
-363
-346
-365
-352
-351
-305
-283
-303
-278
-212
-221
-232
-200
-151
-155
-157
-112
-106
-104
-66
-17
-37
1
32
39
67
81
56
117
162
132
199
231
244
265
270
301
289
324
307
293
362
365
351
389
376
415
396
378
404
391
395
377
443
480
412
411
436
444
414
362
433
440
422
365
382
377
336
307
282
316
267
248
241
236
262
220
203
194
118
110
107
61
34
8
-5
-30
-67
-48
-34
-102
-84
-124
-135
-116
-132
-158
-198
-195
-217
-198
-228
-232
-210
-256
-253
-289
-291
-280
-310
-281
-316
-334
-323
-374
-358
-364
-381
-405
-390
-390
-447
-409
-396
-415
-446
-407
-439
-432
-388
-429
-392
-411
-373
-361
-376
-343
-358
-305
-302
-301
-229
-208
-190
-160
-156
-119
-60
-63
-62
7
23
37
58
78
120
106
141
171
188
201
235
265
274
302
325
371
348
352
402
401
390
387
427
473
428
443
489
480
461
437
446
433
408
372
381
400
385
360
358
349
328
324
270
238
279
209
193
221
185
174
147
126
96
44
55
33
-15
-9
-19
-32
-56
-68
-72
-63
-79
-108
-93
-118
-111
-130
-153
-121
-141
-190
-180
-190
-223
-207
-211
-248
-254
-243
-255
-294
-321
-294
-298
-321
-357
-331
-288
-349
-373
-329
-297
-322
-362
-345
-317
-324
-348
-376
-324
-299
-324
-338
-259
-285
-296
-255
-266
-238
-186
-205
-210
-159
-142
-116
-114
-94
-62
-22
-24
-38
36
63
83
96
109
149
158
153
141
212
224
217
267
257
330
313
330
396
386
404
377
347
323
312
303
293
310
286
282
275
275
319
301
294
292
282
276
234
245
240
228
206
202
215
201
197
218
184
147
149
109
114
75
59
61
46
56
-2
-28
17
-27
-56
-39
-40
-84
-116
-125
-125
-136
-182
-181
-181
-191
-166
-168
-169
-186
-189
-168
-207
-225
-209
-210
-267
-267
-270
-279
-283
-303
-277
-272
-269
-288
-288
-277
-270
-273
-281
-279
-250
-234
-270
-244
-199
-207
-225
-161
-130
-131
-120
-96
-51
-57
-30
-1
28
26
30
50
71
98
113
124
137
141
147
180
146
184
202
175
196
188
212
202
208
215
193
198
196
174
154
207
179
186
185
179
193
185
160
149
170
147
129
148
160
164
190
160
182
206
182
118
117
123
59
55
42
39
81
19
38
60
43
32
-3
20
-17
-43
-64
-81
-82
-100
-128
-121
-111
-136
-124
-110
-88
-94
-98
-88
-116
-130
-178
-216
-221
-194
-207
-216
-197
-186
-186
-212
-182
-164
-179
-205
-185
-227
-245
-201
-215
-233
-215
-177
-179
-175
-155
-150
-145
-124
-130
-114
-115
-89
-80
-73
-54
-32
-2
-18
25
61
44
96
104
108
122
128
141
128
123
142
184
143
132
192
201
176
193
213
220
211
167
192
220
190
174
204
225
229
234
227
268
272
236
243
237
233
205
193
211
211
184
165
170
147
137
120
113
116
85
71
60
53
33
26
1
-29
-16
-66
-79
-102
-122
-119
-108
-95
-85
-89
-105
-107
-139
-170
-201
-180
-190
-218
-223
-236
-241
-237
-237
-229
-226
-248
-241
-242
-233
-246
-234
-233
-264
-244
-234
-241
-231
-242
-220
-215
-232
-189
-192
-203
-185
-186
-161
-143
-151
-148
-140
-116
-79
-97
-72
-67
-42
-31
-18
38
45
24
60
73
72
104
119
112
141
149
148
166
167
169
177
198
225
220
227
213
229
213
215
247
246
252
268
257
257
262
282
283
271
271
292
271
239
269
245
236
225
223
235
206
171
170
165
116
118
96
79
67
22
22
44
40
20
13
23
18
-5
-20
-8
-34
-54
-72
-54
-42
-79
-83
-103
-136
-136
-127
-155
-156
-160
-178
-182
-199
-209
-218
-239
-254
-239
-231
-247
-240
-237
-254
-255
-249
-228
-221
-224
-216
-220
-213
-204
-207
-214
-196
-186
-198
-187
-182
-166
-177
-193
-190
-179
-161
-163
-144
-141
-128
-117
-108
-96
-81
-75
-70
-53
-44
-8
3
2
12
53
42
72
106
121
124
143
153
158
171
150
176
199
189
194
224
219
231
238
245
264
269
280
268
270
293
292
274
274
265
262
265
246
257
243
240
223
207
217
202
183
174
175
159
148
116
117
111
83
76
85
67
44
47
29
13
-6
-9
-24
-43
-48
-56
-89
-85
-92
-89
-104
-115
-96
-108
-123
-136
-131
-157
-162
-168
-171
-160
-167
-187
-190
-170
-179
-218
-180
-167
-189
-191
-174
-184
-201
-200
-203
-187
-182
-208
-188
-166
-190
-175
-170
-162
-140
-146
-151
-153
-158
-180
-177
-168
-154
-146
-136
-109
-87
-93
-98
-84
-64
-67
-65
-30
-30
-39
-25
-3
-2
7
40
57
51
68
75
85
84
97
117
111
122
121
119
120
151
142
144
184
188
181
182
202
206
188
186
214
203
191
213
208
226
231
237
233
220
229
207
199
202
186
155
163
193
173
144
145
129
114
94
66
77
62
49
40
31
39
38
23
-10
-24
-16
-36
-67
-54
-57
-48
-71
-95
-96
-119
-133
-128
-117
-119
-101
-120
-136
-125
-125
-128
-109
-112
-128
-136
-147
-145
-138
-144
-138
-120
-129
-147
-118
-108
-102
-88
-87
-101
-88
-83
-103
-84
-91
-100
-111
-114
-103
-95
-102
-83
-74
-86
-89
-63
-82
-90
-71
-47
-57
-70
-40
-61
-69
-58
-52
-30
-20
-24
1
-3
-7
-7
-3
1
17
31
26
30
20
12
10
17
37
50
66
85
86
69
79
100
102
111
118
115
122
113
125
144
141
141
143
127
124
109
102
98
110
101
111
116
103
98
76
77
77
79
63
64
64
52
44
48
40
46
47
35
17
18
17
24
17
1
-5
-8
-7
-12
-14
-33
-47
-43
-40
-43
-20
-21
-35
-32
-35
-44
-40
-43
-24
-32
-48
-60
-56
-58
-62
-33
-38
-21
-29
-32
-14
-19
-35
-43
-54
-59
-66
-63
-57
-57
-52
-56
-40
-32
-45
-40
-34
-31
-43
-34
-30
-36
-50
-40
-37
-45
-40
-40
-34
-39
-26
-24
-16
-12
-8
-20
-53
-64
-52
-26
-23
-28
-19
-13
-14
-9
2
6
-5
8
16
21
36
36
29
28
14
22
7
12
38
48
34
44
54
45
54
56
47
49
54
50
61
57
64
69
75
68
60
64
55
52
46
52
35
20
17
13
1
2
3
-2
-8
-7
-6
-16
-13
-15
-23
-25
-19
-37
-45
-43
-33
-43
-35
-37
-44
-38
-36
-38
-50
-58
-56
-44
-47
-48
-37
-31
-28
-18
-14
-11
-14
-15
-23
-8
4
-17
-26
-7
7
-11
-5
0
9
5
8
9
7
10
18
3
6
-2
3
16
14
31
44
44
41
50
47
54
38
42
50
45
62
62
45
47
35
45
51
53
82
68
83
77
73
75
76
81
66
54
56
49
40
35
37
46
20
25
19
28
15
3
16
29
10
2
13
-13
-18
-27
-41
-48
-49
-52
-57
-58
-52
-43
-77
-91
-71
-79
-92
-96
-87
-96
-100
-110
-108
-101
-107
-104
-99
-105
-120
-124
-132
-132
-120
-132
-140
-125
-110
-107
-103
-96
-96
-99
-102
-87
-69
-68
-63
-69
-61
-39
-46
-29
6
15
-16
-7
4
2
8
12
39
36
24
43
50
42
56
67
64
79
89
87
84
64
66
76
70
70
80
86
80
75
92
98
97
116
133
124
111
113
107
109
95
97
110
103
95
113
113
109
119
125
120
104
114
110
103
113
114
97
110
111
84
83
80
86
95
85
94
75
70
60
47
46
27
18
14
8
11
15
10
14
9
7
-16
-16
-25
-50
-57
-69
-72
-61
-76
-93
-106
-110
-119
-139
-131
-136
-150
-161
-174
-178
-173
-177
-179
-174
-173
-177
-165
-171
-179
-171
-173
-177
-177
-188
-195
-188
-189
-170
-160
-143
-130
-114
-128
-124
-91
-106
-98
-81
-89
-79
-72
-74
-59
-41
-46
-51
-15
-4
-1
13
33
37
48
63
78
88
91
92
108
120
101
114
130
135
130
139
154
169
176
170
172
178
159
156
161
156
150
147
150
160
164
150
138
137
131
117
119
120
101
110
123
113
127
127
95
91
85
74
66
75
72
76
58
51
62
23
11
4
11
24
24
20
18
14
-15
-25
-11
-23
-41
-41
-39
-46
-54
-58
-58
-63
-73
-82
-79
-86
-89
-82
-83
-75
-79
-95
-99
-104
-97
-109
-109
-97
-119
-116
-111
-122
-128
-125
-118
-110
-103
-105
-105
-115
-120
-124
-119
-109
-104
-90
-86
-74
-83
-75
-64
-66
-73
-79
-78
-82
-79
-57
-39
-37
-29
-25
-23
-9
-27
-24
-9
-25
-21
-18
-8
-14
9
26
32
40
28
31
33
48
36
40
56
50
50
67
81
83
72
81
79
73
83
88
98
98
110
107
103
94
88
88
84
95
97
79
85
88
81
78
91
76
78
82
74
80
75
67
53
62
33
23
22
23
30
31
29
29
39
27
21
9
9
-9
-5
-8
0
15
13
12
7
10
-10
-22
-38
-33
-21
-22
-14
-24
-32
-43
-48
-21
-28
-25
-32
-31
-21
-31
-38
-52
-39
-37
-46
-39
-45
-36
-35
-43
-27
-21
-5
-15
-26
-33
-41
-32
-37
-26
-29
-40
-46
-39
-43
-30
-22
-45
-45
-58
-42
-41
-45
-53
-40
-41
-36
-30
-46
-39
-41
-45
-37
-13
-26
-30
-38
-43
-55
-51
-54
-58
-45
-45
-36
-34
-37
-25
-27
-25
-23
-27
-31
-35
-30
-10
6
5
21
21
16
29
37
63
74
56
60
71
71
84
94
78
70
66
53
46
54
66
65
68
76
74
81
83
76
72
67
72
78
77
61
43
42
33
37
48
37
41
25
20
20
21
12
-3
4
4
-1
0
1
-5
-15
-14
-15
-36
-44
-33
-23
-22
-11
-9
-5
-6
-20
-14
-9
-17
-18
-11
-17
-15
-21
-32
-32
-46
-50
-52
-34
-36
-26
-14
-10
-8
-2
1
-11
-10
-16
-20
-34
-37
-36
-37
-28
-25
-20
-19
-6
-2
5
-2
-5
-15
-19
-16
-28
-36
-35
-32
-34
-35
-30
-27
-43
-29
-10
-15
-15
-17
-10
-15
-18
-21
-23
-18
-22
-12
0
4
-2
-4
3
0
-2
-8
-8
