-3
-5
-6
-5
-3
-4
-4
-5
-5
-4
-3
-2
-2
-3
-2
0
1
2
3
2
2
2
1
-1
-1
-1
-2
-1
0
0
0
1
-1
-1
0
0
-1
-2
-1
-2
-4
-4
-3
-4
-3
-3
-1
-1
0
0
-1
-1
0
-1
-1
2
2
4
4
4
8
8
10
12
12
11
10
10
9
9
7
6
5
5
6
6
6
6
5
5
4
6
6
6
5
5
6
3
2
2
0
-1
-2
-6
-7
-10
-12
-14
-13
-12
-14
-13
-13
-11
-10
-9
-9
-7
-7
-7
-7
-8
-9
-8
-6
-5
-2
0
1
2
1
2
3
2
1
3
2
4
6
6
5
5
5
5
3
2
1
0
0
0
-1
0
1
2
2
2
1
1
0
-1
-1
-1
-2
-3
-3
-5
-4
-3
-2
0
1
1
1
0
-1
-2
-3
-3
-3
-3
-3
-2
-1
-2
0
1
4
5
4
4
4
3
1
3
2
3
1
1
1
1
0
0
0
0
-1
0
0
0
0
1
2
3
4
5
4
4
5
6
5
4
3
2
0
-3
-4
-2
-1
-2
0
0
2
1
1
1
1
1
0
0
-1
-1
2
1
0
1
2
3
2
2
3
3
1
0
0
0
1
0
0
0
0
-2
-1
-1
-2
-4
-4
-4
-2
-2
-1
0
-1
-2
-1
-2
-2
-4
-5
-7
-7
-5
-6
-6
-6
-5
-4
-1
-1
0
-1
1
-1
0
1
-1
-2
-3
-2
-2
-1
0
-2
0
1
1
2
2
2
2
0
2
3
3
4
6
6
8
8
8
6
5
3
3
2
2
2
2
1
-2
-2
-5
-5
-6
-6
-7
-7
-6
-8
-7
-6
-6
-6
-4
-3
0
0
1
3
2
3
3
5
6
6
7
5
6
5
5
5
5
4
3
3
2
2
0
1
-1
-2
-2
-2
-2
-1
0
-1
-3
-3
-3
-2
-1
-2
-3
-1
-2
-3
-2
-2
-1
0
1
2
3
4
4
3
4
3
3
2
2
2
0
1
1
2
3
4
4
3
3
3
1
-1
-4
-4
-3
-3
-2
-1
-1
1
3
3
3
2
1
-1
-3
-4
-3
-3
-2
-3
-1
-1
1
1
1
1
0
0
0
-1
-2
-2
-4
-5
-3
-1
0
3
2
1
-1
-1
-2
-2
-2
-2
-2
-3
-2
0
0
2
1
0
-1
-2
-2
-5
-5
-5
-5
-4
-2
-1
-1
1
1
2
0
0
-1
-2
-2
-1
0
2
1
3
4
4
4
3
1
2
1
0
-1
-2
-1
-1
-1
0
1
3
4
4
2
1
1
0
1
1
0
1
1
1
2
3
3
3
2
1
0
2
1
1
2
3
2
1
3
1
1
0
-2
-2
-4
-4
-6
-7
-6
-6
-5
-4
-1
2
2
3
3
1
3
1
1
0
0
1
0
0
0
-1
-1
0
0
-1
-1
-2
0
1
0
0
0
-1
-1
-2
-2
-1
-1
-1
1
2
1
1
0
-1
-1
-2
-2
-2
-1
-3
-2
-3
-1
-1
0
0
-1
-1
-2
-1
0
-2
1
2
3
3
5
3
1
2
0
0
0
1
2
4
5
4
4
4
3
2
2
4
2
4
3
2
1
-1
-1
-1
-2
-2
-2
-2
-3
-2
-4
-6
-6
-9
-9
-8
-9
-6
-5
-2
-3
-3
-3
-2
-2
-1
-1
-1
-1
0
1
2
3
4
4
3
4
6
5
5
4
4
3
4
3
2
4
4
3
4
3
2
1
1
1
0
0
-1
-1
-1
-1
0
0
0
0
0
2
2
1
0
-1
-1
-2
0
0
0
1
-1
0
0
-1
0
-1
1
0
-1
-1
-2
-4
-3
-3
0
0
1
3
4
3
4
3
3
2
1
0
-1
-3
-4
-4
-4
-3
-4
-2
0
1
2
3
4
3
4
3
1
1
0
0
1
1
2
3
2
2
2
1
0
-1
-1
-2
-2
-1
-3
-2
-2
-3
-4
-5
-4
-6
-6
-6
-4
-2
-1
-1
0
-1
0
0
-1
0
-1
-2
-3
-3
-3
-4
-3
-3
1
1
4
4
3
3
3
3
3
3
2
1
0
-1
-2
-1
-2
-1
-1
-1
0
0
-1
-1
0
0
-1
0
2
4
4
4
4
6
3
4
3
2
2
0
-1
1
1
-1
0
0
1
2
1
1
0
0
1
0
1
0
-1
-2
-2
-2
-1
-1
0
-1
0
-2
-3
-3
-4
-3
-2
-3
-2
-2
-1
-2
-1
-2
-2
-3
-2
-2
-1
-1
-1
0
1
2
2
3
1
1
2
2
3
5
4
3
4
4
4
4
4
4
4
4
7
7
6
5
3
2
2
2
1
-1
-3
-3
-6
-7
-6
-7
-8
-8
-9
-8
-6
-6
-6
-4
-4
-3
-3
-1
-1
-1
-3
-2
-2
-3
-2
-1
0
1
2
3
6
5
6
6
6
5
4
4
3
2
1
0
0
0
-2
-3
-4
-4
-4
-2
-2
0
-1
-2
0
0
0
0
2
1
0
2
4
4
3
1
1
0
0
1
1
1
0
0
1
2
-1
-1
-2
-2
0
2
3
4
5
5
5
6
7
7
5
6
4
2
2
0
-1
-2
-2
-1
0
0
-1
-1
-1
-2
-3
-5
-5
-6
-7
-5
-4
-3
-3
-3
-3
-4
-5
-4
-3
0
1
2
2
3
4
2
2
2
1
1
1
1
2
2
2
2
2
1
3
4
4
3
3
3
2
4
4
5
5
3
4
3
3
4
3
2
2
2
0
-2
-3
-4
-3
-2
-3
-2
-1
-1
-1
-4
-6
-6
-6
-7
-8
-6
-7
-8
-7
-5
-5
-7
-8
-6
-5
-4
-3
-2
0
1
2
3
4
3
2
2
2
2
1
0
-1
-1
0
-1
-1
-1
-2
-1
-2
-4
-4
-2
-1
-2
-1
0
0
0
0
0
1
0
1
0
2
3
4
4
3
2
2
2
2
2
1
2
2
2
2
3
2
1
2
2
3
3
2
3
1
2
2
2
1
1
2
2
4
6
6
7
6
4
5
3
2
2
3
3
3
1
-1
-3
-5
-5
-6
-9
-10
-9
-9
-8
-6
-5
-4
-2
-3
0
0
0
2
1
2
1
1
1
0
1
2
2
3
4
3
2
3
3
2
2
2
0
0
1
2
1
0
1
0
0
0
0
-1
-1
0
0
0
0
0
1
1
1
1
1
3
3
3
3
1
0
0
2
0
0
2
0
0
-1
0
-1
-2
-3
-5
-3
-2
-4
-3
-3
-3
-2
-1
1
0
-2
-1
-1
-1
-2
-1
-2
-4
-3
-3
-5
-3
-3
-3
-3
-3
-2
-3
-3
-2
-2
-1
-1
1
2
1
-2
-3
-3
-3
-4
-3
-2
-3
-2
-1
0
1
4
3
2
2
3
6
5
5
6
5
3
4
4
4
4
3
1
3
3
2
1
0
0
1
0
0
1
1
-2
3
25
16
26
18
-1
-5
-20
-15
-12
-9
-17
-36
-49
-40
-31
-20
1
5
7
6
-4
16
24
31
26
14
9
4
0
5
14
11
8
-3
-2
7
4
6
1
-4
0
-7
-6
2
0
-3
-5
-2
6
12
13
18
17
9
8
1
-1
3
1
-7
0
1
-4
1
5
6
13
10
12
13
3
-1
-5
-11
-7
-15
-17
-16
-15
-12
-12
-11
-1
4
-4
-2
1
0
1
-4
-9
-6
-3
-1
-8
3
5
0
-2
-7
-9
-1
0
-12
-2
-9
-10
-5
-11
-6
-2
-4
-5
-3
3
3
3
4
1
1
5
2
0
-2
-4
-7
0
0
-4
-1
-9
-5
-8
-13
-14
-11
-8
-6
2
8
16
24
19
13
17
18
7
9
3
6
6
2
3
9
6
4
0
-2
0
1
1
0
-4
-3
-9
-14
-6
-6
-7
-11
-4
5
3
10
16
18
24
15
12
13
14
12
8
7
5
9
2
-3
3
2
0
10
18
10
11
10
0
7
1
-20
-23
-19
-33
-31
-20
-28
-31
-29
-30
-5
17
20
2
5
6
-3
20
18
13
20
13
9
8
20
14
-7
-6
-27
-18
17
39
43
22
1
-43
-43
-41
-73
-58
-65
-62
-50
-42
-9
-10
11
6
-7
10
16
18
29
40
34
45
54
62
66
50
39
30
14
18
8
-2
-3
-17
-40
-42
-41
-32
-18
-19
-20
-26
-35
-22
-16
2
17
21
30
28
26
12
25
28
19
30
14
15
24
25
30
20
11
-2
-13
-17
-22
-24
-31
-40
-45
-49
-51
-44
-39
-35
-28
-34
-29
-19
-17
-4
5
10
15
23
25
23
24
7
-1
-4
-11
-10
-11
-10
-19
-21
-25
-27
-14
-17
-15
-20
-33
-32
-28
-20
-9
-1
-11
-9
1
3
19
28
33
39
45
49
64
114
192
262
288
254
185
139
157
205
226
216
167
79
-2
-51
-86
-124
-166
-246
-341
-366
-345
-305
-232
-197
-206
-228
-243
-207
-121
-33
30
50
25
20
48
84
133
161
114
55
32
10
37
87
82
42
-27
-91
-126
-113
-86
-92
-127
-174
-224
-245
-232
-200
-184
-181
-176
-174
-149
-84
-15
43
89
124
130
158
201
228
266
278
270
258
231
196
168
135
106
62
31
109
296
543
703
667
521
401
434
588
679
677
550
349
155
25
15
-8
-122
-336
-618
-807
-806
-784
-771
-780
-963
-1125
-1109
-951
-626
-325
-207
-201
-219
-189
-54
161
393
563
607
612
708
830
949
1013
874
586
374
191
142
203
62
-267
-566
-842
-1114
-1203
-1237
-1396
-1489
-1573
-1760
-1700
-1389
-1215
-1021
-745
-574
-257
218
612
902
1029
995
938
952
1076
1208
1200
1163
1070
854
693
580
374
81
-199
-517
-808
-919
-928
-943
-893
-871
-933
-834
-532
-320
-63
182
245
411
893
1808
3082
3916
3878
3428
3105
3431
4099
4278
4046
3418
2298
1146
467
402
388
-82
-1319
-2989
-4120
-4534
-4703
-4550
-4421
-4853
-5313
-5215
-4467
-3198
-2213
-1893
-1709
-1471
-1125
-247
990
2273
3085
3035
2756
2951
3425
3833
4026
3674
2846
1848
1097
944
972
676
-43
-883
-1587
-2242
-2720
-3097
-3517
-4004
-4706
-5348
-5071
-4289
-3692
-2991
-2376
-2007
-1360
-270
599
1332
1926
1873
1887
2333
2657
2817
2980
2915
2468
1830
1288
883
472
-100
-775
-1465
-1968
-2200
-2343
-2363
-2247
-2256
-2336
-2153
-1615
-998
-455
93
473
721
1006
1254
1699
2333
2775
3400
5289
6824
6953
6723
5757
5112
6103
6251
4981
4304
3516
1677
352
195
-206
-534
-1283
-3810
-5896
-6239
-6554
-6487
-5799
-5741
-6020
-5889
-5776
-4601
-3115
-2687
-1950
-1191
-1115
-318
799
1845
3273
3791
3233
3200
3868
4213
4185
3951
3156
2069
1160
562
569
841
538
-104
-557
-1214
-1829
-2083
-2559
-3191
-4087
-5313
-5663
-4984
-4235
-3554
-2994
-2454
-1823
-1234
-462
440
800
705
868
1272
1940
2745
3037
2859
2656
2269
1816
1759
1538
427
-1000
-1937
-2424
-2348
-2034
-1963
-1959
-2049
-2301
-2231
-1672
-1022
-556
-495
-349
121
782
1625
2253
2542
2549
2324
2455
3241
5076
7312
7768
7253
6189
5033
5672
6686
6000
4887
3880
2170
199
-346
-241
-523
-1143
-3503
-6568
-7405
-6865
-6641
-6266
-6161
-6865
-7122
-6999
-6076
-3648
-2209
-1917
-1401
-1213
-473
1249
2603
3663
4272
3683
2907
3434
4569
5075
4834
3915
2586
1574
1079
990
1189
896
-118
-1017
-1481
-1822
-1892
-2301
-3367
-4375
-5504
-6049
-5267
-4329
-3771
-3390
-3214
-2525
-1411
-451
464
1051
912
729
1109
1557
2071
2627
2594
2277
2224
1926
1297
991
331
-933
-1823
-2354
-2731
-2696
-2721
-2705
-2380
-2082
-1729
-1239
-863
-697
-545
-266
240
1000
1646
1947
2324
2631
2743
2897
3021
3189
4614
6926
7568
7464
6884
5766
6036
6602
5428
4457
4210
2730
252
-614
-602
-734
-949
-3282
-6311
-6914
-6668
-6825
-6558
-6648
-7170
-7360
-7345
-6260
-3619
-2206
-2023
-1444
-1190
-436
1395
2723
3591
3962
3046
2297
3323
4988
5503
5044
4106
3008
2427
2022
1755
1692
793
-687
-1449
-1779
-1788
-1780
-2600
-3938
-5003
-5950
-6166
-5243
-4598
-4664
-4599
-4044
-2587
-908
101
836
1314
1226
1184
1716
2354
2886
3120
2589
2044
2181
2171
1920
1678
688
-817
-1965
-2569
-2710
-2594
-2760
-2997
-3047
-2845
-2235
-1562
-977
-540
-392
-283
114
806
1567
2112
2519
2682
2836
3013
3102
3351
4814
7133
7946
7939
7472
6380
6489
6945
5638
4367
3954
2477
2
-1164
-1196
-1393
-1683
-3596
-6541
-7221
-6700
-6762
-6733
-6827
-7274
-7612
-7747
-6775
-3980
-2062
-1926
-1589
-1233
-425
1500
2810
3429
3773
3028
2145
2949
4784
5694
5242
4214
3151
2680
2510
2282
2185
1333
-313
-1270
-1500
-1474
-1254
-1964
-3557
-4718
-5594
-6083
-5345
-4579
-4883
-5090
-4498
-3141
-1399
0
887
1309
1340
1255
1452
2066
2692
2671
1814
1144
1196
1271
1337
1300
372
-989
-2151
-2923
-3054
-2937
-3112
-3377
-3391
-3107
-2468
-1571
-651
-71
122
87
289
1038
1902
2459
2844
2924
2913
3104
3332
3912
5881
8020
8352
8148
7390
6516
6911
7249
5972
4848
4196
2177
-581
-1464
-1215
-1354
-1917
-4380
-7337
-7536
-6951
-7067
-6728
-6860
-7405
-7756
-8054
-6755
-3673
-2011
-2153
-2078
-1627
-377
1797
3232
3746
3829
2948
2028
2914
4940
5794
5264
4133
2956
2733
2983
2854
2716
1766
-211
-1318
-1592
-1648
-1445
-2135
-3693
-4764
-5559
-5988
-5428
-4730
-4895
-5277
-4701
-3258
-1523
8
989
1492
1818
2114
2386
2776
3149
2932
1959
1141
1161
1262
1265
1267
551
-664
-1604
-2223
-2644
-2794
-3084
-3586
-3789
-3570
-3045
-2110
-1179
-635
-269
40
415
1209
2008
2392
2480
2483
2513
2734
3137
4247
6638
8163
8372
7936
6979
6885
7545
7170
5713
4833
3433
548
-1661
-1717
-1446
-1749
-3277
-6459
-8021
-7173
-6746
-6547
-6330
-6916
-7610
-8140
-7994
-5619
-2809
-2203
-2557
-2309
-1366
769
3060
4214
4509
4154
3103
2660
4113
5698
5853
4824
3235
2262
2546
3002
3058
2732
1237
-485
-1183
-1354
-1274
-1352
-2429
-3975
-5146
-5791
-5469
-4555
-4167
-4506
-4801
-4027
-2359
-768
442
1200
1505
1597
1812
2205
2580
2805
2348
1218
556
576
600
756
589
-400
-1463
-2121
-2567
-2825
-3097
-3637
-4055
-4059
-3683
-2896
-1904
-1157
-677
-293
231
984
1889
2541
2747
2673
2687
2694
3185
3583
5440
7573
8550
9271
8625
7609
7146
6757
5783
5334
4880
2549
-530
-1948
-1980
-2389
-3436
-5796
-8070
-7613
-7099
-7290
-6968
-7392
-8233
-8346
-7826
-5793
-2945
-2071
-2980
-2685
-697
2220
4942
6172
5916
4815
3974
3681
4684
6232
6028
4389
2526
1014
1031
1747
1576
982
-396
-2425
-3523
-3832
-3877
-3685
-3937
-4951
-5890
-6397
-6116
-4609
-2830
-2124
-1948
-1201
-21
1667
3533
4715
5173
5023
4342
3684
3524
3328
2443
895
-848
-1861
-2465
-3072
-3407
-4145
-5177
-5753
-5955
-5821
-5453
-5276
-5220
-4725
-3566
-2100
-561
826
1772
2593
3459
4273
5178
5895
5849
5399
4827
4330
4434
5980
8554
9722
9619
8085
6018
5182
5470
5106
3468
1660
-1060
-4309
-5775
-5339
-5053
-5747
-7524
-9687
-9818
-8178
-7058
-6054
-4778
-3994
-3642
-3240
-1861
941
3518
4527
4694
5462
6295
6803
7221
7442
6902
5422
3195
1036
222
-245
-1516
-3187
-4989
-6441
-7039
-7003
-6501
-5976
-5926
-5726
-4925
-3616
-2193
-972
14
636
973
1437
2392
3789
4908
5122
5002
5164
5289
5430
5364
4516
3102
1498
-359
-1938
-2954
-3887
-5224
-6527
-7364
-7590
-7170
-6406
-5697
-5316
-5185
-4726
-3701
-2358
-817
366
1136
2046
3189
4595
5834
6604
6983
6717
6165
5646
4938
4296
3442
2181
1262
1574
4089
6187
6700
5669
3737
3023
3430
3502
2141
877
-402
-2600
-4249
-4430
-3972
-3721
-4462
-6194
-7164
-6321
-5014
-3838
-2784
-2073
-1634
-1225
-358
1416
3220
3932
3936
4382
4727
4460
4142
4040
3527
2138
121
-1722
-2514
-2994
-4138
-5517
-6310
-6518
-6455
-6401
-5820
-4499
-3250
-2116
-866
295
1371
1935
2206
2776
3010
2784
2575
2489
2532
2416
2422
2646
2660
2294
1812
1266
810
252
-1034
-2451
-3289
-3936
-4739
-5167
-5018
-4697
-4300
-3716
-2986
-2393
-2007
-1707
-1127
-365
224
712
1287
1912
2630
3169
3477
4076
4380
3803
3087
2437
1769
1143
254
-487
-119
2447
5346
6730
7265
6338
5544
5863
5791
4512
3376
2799
874
-1924
-3335
-3203
-2684
-3261
-5549
-7269
-6835
-5989
-5659
-5075
-3788
-2459
-2285
-2678
-1381
1593
3459
3501
3678
4834
5579
5436
5095
4929
4448
2874
381
-1300
-1591
-2527
-4641
-6438
-7093
-7042
-7098
-7058
-6028
-4530
-3518
-2718
-1596
-106
877
1088
1235
1556
1763
1938
2245
2647
2806
2718
2882
3320
3521
3199
2539
1842
1104
144
-916
-1558
-2119
-3179
-4533
-5142
-4767
-4331
-4018
-3547
-2939
-2536
-2359
-1958
-1038
16
680
838
1051
1831
2841
3505
3840
4001
3759
3013
2244
2064
1993
1318
262
-924
-547
2656
5194
6248
6740
5835
5244
5540
5078
3670
3285
2695
-326
-2931
-2967
-2756
-2741
-3548
-5825
-6611
-5683
-5484
-5079
-3614
-2143
-1579
-2153
-2349
-152
2417
3081
3158
4266
5403
5395
5042
5047
5294
4774
2683
88
-1124
-1828
-3765
-5951
-6865
-6998
-7260
-7779
-7471
-5769
-4049
-2738
-1581
-479
835
1728
1718
1476
1571
1602
1220
1136
1336
1083
1474
2521
2690
2390
2594
2446
1475
627
-112
-1061
-1654
-2339
-3536
-4102
-3569
-3342
-3562
-3107
-2265
-1957
-2012
-1733
-942
-53
400
596
1044
1857
2531
2714
3115
3932
4085
3128
2231
1738
1397
856
-121
-878
739
3897
4884
5427
6068
5368
5331
6074
4895
3018
2980
1551
-2384
-3735
-3065
-3781
-3992
-4640
-6724
-6432
-4538
-4680
-4488
-2320
-850
-786
-1060
-509
1408
2824
2787
2979
4475
5688
5733
5456
5520
5867
5253
2816
646
-37
-1421
-3948
-5914
-6971
-7504
-7910
-8374
-8148
-6549
-4724
-3463
-2056
-368
1225
2253
2624
2800
2993
2722
2211
1785
970
198
509
1082
956
1094
1512
1340
894
425
-316
-1186
-2019
-3297
-4680
-4981
-4310
-3953
-4031
-3415
-2214
-1399
-820
112
734
907
1243
1193
1228
2069
2709
2860
3129
3740
3972
3444
3099
2720
1838
885
-233
-1494
54
3197
4135
4682
5109
4771
4907
5667
4823
3357
3816
2091
-2490
-3706
-2960
-3929
-4445
-5141
-6978
-6249
-4272
-4727
-3976
-900
338
-208
-466
-10
1402
2444
2198
2351
3739
4523
4461
4635
5439
6457
6197
4161
2303
1360
-479
-2971
-4553
-5868
-7121
-7935
-8727
-8560
-6773
-4937
-3458
-1956
-692
610
1950
2745
3142
3298
2613
1771
1497
697
-30
550
819
-78
-249
454
332
20
26
-777
-1744
-2238
-3328
-4673
-4932
-4543
-4817
-5043
-3809
-2176
-1335
-267
883
1329
1854
2607
2529
2268
2833
2931
2268
2451
3250
3466
3372
3169
2441
1680
1317
740
-522
-156
2485
3395
3533
4532
4751
4968
5992
5605
3731
3821
3476
-214
-2520
-2395
-3532
-4999
-5666
-7356
-7613
-5597
-5523
-5615
-2989
-699
-477
-600
-203
876
1948
1661
1189
2362
3610
3824
3777
4598
6252
7118
5954
4316
3748
2527
-136
-2284
-3881
-5496
-6811
-8150
-8979
-7926
-6076
-4742
-3165
-1333
31
1313
2553
3196
3413
3249
2543
1763
1039
204
-1
418
332
-196
58
719
588
-20
-382
-902
-1713
-2762
-4162
-5180
-5132
-5051
-5396
-4995
-3617
-2605
-2031
-797
582
1508
2183
2534
2550
2591
2766
2661
2438
2976
3448
3006
2670
2669
2226
1832
1695
938
-174
-491
1148
2722
3657
4846
4883
4670
5459
5830
4731
4513
4881
2113
-1394
-2332
-3069
-4385
-4875
-6409
-8067
-7008
-6320
-6855
-5012
-1828
-1059
-1799
-1635
-723
572
1464
1368
1692
2788
3398
3273
4053
6178
7608
6903
5606
5050
4225
2346
468
-1350
-3413
-5344
-7025
-8135
-7813
-6464
-5319
-3921
-2223
-924
247
1712
2711
2564
2052
1688
827
-116
-537
-710
-402
64
-253
-162
1342
2313
1684
1182
1199
396
-1170
-2663
-3887
-4445
-4742
-5657
-5988
-4781
-3639
-3325
-2777
-1423
-61
550
798
1120
1301
1592
1769
1846
2474
3154
3017
2693
2979
3447
3427
3148
2756
1804
762
1693
3778
4527
4996
5203
4631
4753
5628
4969
3856
4212
2704
-1248
-2939
-2849
-4122
-5161
-6211
-8246
-8006
-6405
-6540
-5774
-2846
-1694
-2623
-2359
-1052
433
1784
1890
1698
2611
3574
3604
4051
5832
7266
6644
5175
4752
4756
3523
1471
-479
-2565
-4489
-5870
-7132
-7421
-6372
-5668
-5002
-3439
-1588
-92
1457
2682
2676
2148
1982
1526
618
19
-337
-511
-300
-375
-475
673
2345
2298
1427
1532
1263
-280
-1778
-2825
-3783
-4618
-5658
-6519
-5941
-4578
-4114
-3889
-2506
-981
-536
-289
537
1318
1682
1826
1778
2202
3062
3046
2639
3129
3858
3774
3368
3277
2640
1566
1114
2402
3877
4390
4641
4238
4012
4749
5227
4227
3831
3932
1279
-1927
-2273
-2581
-4241
-5275
-6898
-8196
-6893
-5859
-6246
-4793
-2429
-2512
-3044
-2050
-664
676
1375
904
1000
2493
3476
3488
4557
6400
6671
5505
4882
4914
4384
2718
491
-1425
-3090
-4343
-5379
-6094
-5728
-5169
-4923
-3644
-1642
-193
1023
2209
2686
2321
1984
1654
1034
607
-218
-1031
-603
-264
-554
217
1804
2206
1637
1455
1279
674
-182
-1518
-2812
-3653
-4824
-5971
-5949
-5087
-4580
-4500
-3908
-2852
-1953
-1222
-456
391
995
1240
1486
2023
2603
2645
2439
2576
2934
3115
3091
3138
2906
1953
949
647
2144
3920
4321
4640
4482
4090
4722
5377
4893
4453
4091
1682
-1174
-1924
-2441
-3785
-4582
-6012
-7688
-7032
-6137
-6404
-5242
-3313
-3417
-3661
-2829
-1976
-646
375
151
439
2151
3374
3833
5079
6714
7119
6434
5780
5242
4368
2724
785
-948
-2469
-3759
-4804
-5284
-4758
-4173
-3867
-2721
-1421
-697
49
917
1127
826
428
-141
-379
-416
-1045
-1139
-97
529
575
1478
2897
3314
2783
2287
2020
1715
912
-717
-2167
-2995
-3955
-5039
-5475
-5086
-4866
-5157
-5075
-4410
-3493
-2611
-1995
-1299
-408
432
1031
1671
2435
2845
2976
3226
3576
3762
3900
3821
3330
2616
2154
1678
2265
4209
5063
5193
5113
4404
4246
5083
5043
3888
3486
2198
-1065
-2606
-2657
-3696
-4393
-5387
-7524
-7806
-6574
-6567
-6112
-4079
-3465
-3890
-3298
-2521
-1264
360
736
744
2324
3940
4401
5287
6802
7450
6827
5705
4694
3946
2797
1076
-782
-2479
-3627
-4449
-5030
-4969
-4409
-3840
-3153
-2290
-1707
-1137
-184
186
-299
-504
-412
-434
-460
-544
-388
566
1689
1876
2469
3980
4498
3693
3173
3120
2602
1385
-316
-1935
-3032
-3947
-5176
-5984
-5777
-5740
-6292
-6476
-5665
-4513
-3731
-2984
-2036
-943
279
1155
1749
2833
3660
3647
3842
4337
4469
4522
4701
4139
3342
2977
2306
1355
1598
3252
3921
3989
4023
3258
3171
4393
4461
2889
2291
1943
-494
-2453
-2527
-3070
-3899
-4759
-6794
-7602
-5980
-5394
-5780
-4442
-3391
-3678
-3255
-2492
-1209
978
1804
1211
2161
4108
4778
5106
6036
6361
5831
4793
3478
2967
2780
1607
-56
-1721
-2789
-3152
-3645
-4039
-3648
-3404
-3544
-3087
-2504
-2045
-867
-293
-1029
-1237
-765
-574
-251
313
520
1003
1968
2255
2524
3808
4750
4038
3041
2915
2444
1035
-350
-1583
-2918
-3907
-4770
-5882
-6230
-5848
-6305
-6642
-5551
-4494
-3834
-2719
-1662
-813
344
1228
1795
2776
3504
3459
3760
4415
4404
4302
4486
4154
3482
2983
2535
2017
1289
697
1668
2949
3173
3200
2823
2585
3297
3678
2556
2292
2785
405
-2148
-1959
-2061
-3009
-3735
-5251
-6447
-5668
-5611
-6303
-4779
-3476
-4065
-3694
-2525
-1171
687
1489
1280
2265
3630
3694
3911
4862
5123
4638
3678
2867
2859
2843
2036
787
-526
-1384
-1780
-2370
-2936
-2765
-2887
-3458
-3090
-2618
-2344
-1379
-1118
-1868
-1968
-1317
-1038
-552
125
-9
241
1329
1902
2335
3358
4014
3658
2979
2657
2519
1985
774
-532
-1762
-3094
-4155
-5065
-5702
-5621
-5584
-5955
-5649
-4308
-3194
-2612
-1895
-1030
-172
597
1104
1743
2420
2810
3133
3315
3573
4116
4399
4175
4018
4026
3877
3383
2419
1132
381
1320
1892
1763
2146
2184
2068
2484
2962
2626
2611
2560
615
-1041
-1109
-1528
-2763
-3833
-5128
-6376
-6236
-5849
-5733
-4418
-3237
-2887
-2433
-1378
265
1440
1763
1582
2131
2874
2723
2833
3495
3956
3827
2988
2574
3079
3370
2502
1103
168
-190
-853
-1945
-2745
-2746
-3138
-3681
-3552
-3237
-2614
-1934
-1903
-2317
-1994
-1138
-981
-1023
-640
-205
-42
495
1289
1997
2969
3786
3453
3043
3526
3358
1883
532
-470
-1978
-3533
-4600
-5273
-5563
-5584
-5736
-5785
-4864
-3365
-2628
-2434
-1665
-711
-377
-3
696
1303
1823
2372
2689
3140
4162
5200
5575
5559
5454
4953
4056
2983
1783
394
-966
-1750
-1070
-21
745
1764
2209
2406
3612
4918
4448
3790
3688
1614
-758
-1207
-1820
-3257
-4000
-4845
-5948
-5221
-3890
-3487
-2699
-1710
-1552
-1500
-1081
-488
-68
-288
-705
-327
145
652
1682
2399
2745
3278
3601
3885
4421
4646
3755
2494
1317
111
-700
-1260
-1954
-2623
-3166
-3241
-2971
-2732
-2294
-1916
-2253
-3040
-3200
-2933
-2688
-2245
-2096
-1796
-673
538
1545
2750
3774
4204
4004
3172
2746
2600
1543
-44
-1389
-2682
-3838
-4089
-4028
-4265
-4117
-3961
-4248
-3962
-3162
-2839
-2855
-2677
-2285
-1831
-1057
-117
825
1906
3044
3988
4693
5505
6155
6005
5219
4448
3663
2641
1449
236
-914
-1993
-2472
-2288
-520
1889
3249
3930
4127
4030
4229
4857
4147
2731
2079
180
-1730
-1584
-1096
-1273
-1423
-1981
-2923
-2455
-1646
-1874
-2054
-2406
-3382
-4264
-4624
-4079
-3250
-2972
-2878
-1955
-714
890
2932
4202
5035
5691
5318
4861
5146
5035
3809
2486
1100
-127
-572
-990
-1467
-1735
-2318
-2755
-2835
-3117
-3103
-2990
-3634
-4432
-4303
-3654
-2998
-2150
-1687
-1237
-382
411
1303
2169
2769
2990
2470
1568
1510
1768
1010
256
-104
-1079
-1864
-1985
-2453
-3061
-3325
-4034
-4851
-4734
-4200
-3879
-3622
-3009
-2244
-1525
-371
1058
2128
2946
3697
4003
3983
4243
4320
3721
3212
2778
2074
1690
1546
1366
1050
1057
1104
892
597
985
2527
3103
3094
3103
2501
2301
2850
2986
2255
2677
3012
1377
810
1635
1536
545
-370
-1951
-3521
-3903
-4752
-5833
-5876
-5803
-6226
-6349
-5085
-3189
-1924
-856
389
1583
2461
3384
4174
4599
5096
4874
3856
3338
3358
2897
1993
1416
850
197
-251
-707
-1168
-1602
-2054
-2600
-3189
-3436
-3513
-3823
-4184
-4383
-4222
-3807
-3403
-2851
-2180
-1522
-807
124
850
1525
2426
2547
2058
1952
2047
1669
971
363
-523
-1564
-2278
-2769
-3177
-3328
-3404
-3856
-4171
-3521
-2722
-2341
-1659
-868
-651
-273
657
1234
1606
2235
2345
2154
2586
3268
3711
3978
4036
3797
3540
3443
3381
3157
2751
2167
1099
-44
-336
-352
184
1349
1996
2493
2866
3002
3439
4570
4858
3963
3872
3105
1406
725
293
-723
-1799
-3094
-5032
-5653
-5205
-5513
-5501
-5058
-4944
-4728
-4076
-2758
-1336
-431
-94
367
883
1465
2339
2754
3098
3467
2949
2680
3409
3975
3853
3618
3187
2298
1639
757
-295
-968
-2132
-3709
-4821
-5473
-5705
-5608
-5541
-5367
-4758
-4121
-3447
-2436
-1556
-889
-464
-326
-34
417
721
930
1210
1113
1111
1430
1187
843
736
185
-627
-1130
-1617
-2114
-2240
-2490
-3003
-3092
-2713
-2303
-2021
-1644
-1132
-757
-283
418
1064
1771
2489
2800
2980
3654
4188
4159
4198
4287
4146
3905
3669
3271
2807
2516
1767
1083
977
553
-31
-531
-241
1192
2363
2955
3090
2975
2763
2934
3103
2519
2508
2152
252
-799
-550
-560
-1119
-1702
-3167
-4392
-4216
-4569
-4937
-4515
-4281
-4634
-4876
-3990
-2547
-1268
-394
153
766
1589
2898
3747
4154
4815
4516
3559
3380
3423
2955
2286
1292
-128
-961
-1455
-2189
-2498
-2717
-3325
-3914
-4181
-3887
-3372
-3245
-3537
-3840
-3947
-4006
-3907
-3665
-3129
-2692
-2527
-1886
-908
258
1576
2199
1935
1889
1995
1299
824
625
-287
-1045
-1340
-1775
-1701
-835
-535
-842
-619
-156
55
165
298
299
91
99
264
597
1498
2320
2462
2723
3440
3844
3937
4215
4296
4007
3741
3404
3008
2811
2640
1832
825
361
-148
-755
-959
-1023
-1102
-106
1476
2342
3265
3800
3209
2795
2891
2304
1684
1833
760
-858
-1227
-1328
-1728
-1964
-2528
-3811
-4298
-4186
-4388
-3940
-3067
-2671
-2674
-2402
-1540
-702
-153
244
576
679
935
1234
1308
1853
2333
1907
1709
2077
2182
2011
1783
1245
444
-320
-1233
-2048
-2415
-2865
-3570
-4226
-4408
-4189
-4053
-4134
-4300
-4407
-4515
-4412
-4091
-3662
-2940
-2200
-1839
-1407
-518
268
735
950
1043
1120
1253
1491
1657
1975
2392
2526
2462
2595
2665
2339
1759
1018
179
-439
-721
-857
-845
-539
-115
338
961
1662
2229
2609
2736
2548
2351
2341
2306
2162
2055
1934
2076
2201
2023
2117
2152
1734
1384
1214
897
657
611
34
-391
-413
-535
206
1318
1757
1645
1373
910
749
1080
798
831
1287
419
-206
44
42
-339
-636
-1429
-2441
-2454
-2659
-2863
-2201
-1779
-1677
-1718
-1690
-1466
-1430
-1524
-1545
-1439
-1522
-1212
-741
-399
429
964
905
1159
1423
1161
711
365
-226
-855
-1287
-1722
-1811
-1779
-1903
-2123
-2496
-2789
-3129
-3769
-4324
-4401
-4518
-4593
-3972
-3160
-2466
-1637
-872
-368
186
817
1034
1174
1458
1696
1926
2464
3186
3532
3632
3730
3586
3181
2839
2531
1970
1475
1202
809
596
642
491
295
339
224
-148
-305
-375
-529
-408
-186
-147
14
274
489
866
1252
1385
1484
1675
1813
2057
2429
2629
2703
2524
1971
1425
982
317
-535
-1110
-1608
-1528
-578
322
1014
1389
1219
1034
1341
1760
2001
2513
2460
1804
1564
1349
1129
855
46
-1273
-2105
-2547
-3021
-2883
-2639
-2607
-2568
-2828
-2987
-2878
-2906
-3098
-3129
-3071
-2986
-2675
-2372
-1811
-1014
-557
-237
127
286
270
196
81
85
137
3
-61
87
58
39
-51
-417
-646
-1063
-1756
-2118
-2394
-2721
-2679
-2386
-2380
-2157
-1557
-1405
-1040
-248
18
282
1036
1555
1875
2715
3184
3162
3623
3895
3706
3802
3932
3598
3214
2890
2243
1539
1040
337
-530
-1298
-1970
-2615
-2990
-2885
-2681
-2477
-2019
-1552
-1168
-536
168
684
1175
1645
1756
1810
1997
1989
1865
1862
1812
1715
1682
1693
1750
1773
1592
1320
990
566
290
36
-273
31
970
1286
1385
1652
1463
1269
1571
1586
1447
1990
2192
1561
1592
1810
1208
237
-759
-1962
-2952
-3409
-4112
-4763
-4856
-4880
-5011
-5077
-4645
-4209
-4344
-4261
-3735
-3007
-2132
-1250
-646
-123
636
1079
1417
2020
2282
2062
1734
1700
1846
1884
1906
1898
1587
985
455
-51
-560
-880
-1568
-2178
-2208
-2250
-2268
-1965
-1691
-1616
-1326
-1086
-1057
-481
-169
-275
100
634
896
1410
2098
2105
2175
2490
2258
2037
2042
1729
1187
859
642
190
-159
-491
-1029
-1497
-1662
-1719
-1926
-1885
-1686
-1724
-1464
-882
-404
50
544
885
1197
1553
1782
1968
2172
2242
2173
2190
2333
2439
2425
2304
2166
2015
1836
1529
1092
857
531
170
77
153
185
761
1641
1821
1910
1875
1320
968
888
414
-99
6
-189
-745
-559
-388
-793
-1447
-2139
-2795
-3074
-2988
-3094
-3036
-2788
-2731
-2783
-2730
-2427
-2343
-2615
-2615
-2186
-1569
-832
-75
412
889
1433
1556
1521
1571
1356
924
668
656
775
1024
1208
1187
1163
1056
897
618
107
-412
-955
-1472
-1820
-2002
-2194
-2348
-2437
-2471
-2252
-1923
-1671
-1437
-1257
-974
-597
-342
-127
92
112
-16
81
270
424
664
700
609
752
936
910
942
976
736
496
290
87
21
-48
-102
-41
66
271
655
949
1137
1303
1351
1452
1630
1587
1456
1559
1535
1332
1342
1489
1543
1663
1829
1846
1938
1863
1435
1033
761
438
-33
-398
-559
-599
-667
-641
-339
235
722
799
810
862
677
511
698
825
833
1062
1062
844
936
892
414
-156
-641
-1040
-1267
-1322
-1391
-1421
-1479
-1578
-1703
-1886
-1970
-2033
-2255
-2282
-1897
-1415
-1124
-823
-726
-763
-669
-792
-936
-854
-704
-639
-494
-151
204
382
227
48
27
-189
-500
-774
-1067
-1180
-1311
-1625
-1699
-1551
-1581
-1857
-2024
-2009
-1975
-1931
-1908
-1853
-1695
-1405
-1149
-910
-501
-288
-288
-117
249
688
1119
1647
2006
2316
2610
2756
2792
2447
2166
1874
1519
1159
1049
1076
1019
933
1026
954
787
847
873
677
626
880
880
734
1016
1272
1006
926
1011
841
480
714
773
709
826
1170
1300
1329
1466
1503
1322
1203
1094
815
565
312
134
23
175
379
910
1370
1541
1582
1524
1303
1227
1201
1092
843
836
717
495
394
225
-207
-866
-1546
-2064
-2300
-2444
-2552
-2567
-2591
-2702
-2777
-2948
-3032
-3196
-3378
-3319
-2983
-2526
-2184
-1898
-1655
-1530
-1376
-1262
-1141
-1002
-930
-940
-928
-761
-612
-682
-749
-663
-610
-587
-539
-523
-606
-740
-885
-942
-934
-965
-1012
-973
-862
-663
-452
-239
65
259
327
447
603
681
731
873
962
1088
1245
1491
1690
1802
1880
1976
1955
2044
2006
1883
1684
1438
1295
1236
1107
1011
1042
962
897
1071
1187
1096
1612
1427
977
974
1424
798
543
1055
803
279
694
995
764
1070
1566
1373
1474
1978
2274
2104
2187
2367
1879
1515
1322
1247
687
247
76
-225
-504
-448
-574
-676
-594
-623
-576
-282
-409
-786
-981
-1393
-1631
-1690
-1720
-1668
-1621
-1576
-1486
-1360
-1405
-1465
-1612
-1938
-2179
-2312
-2389
-2539
-2564
-2590
-2667
-2597
-2539
-2404
-2377
-2372
-2194
-1930
-1690
-1490
-1223
-1150
-1200
-1099
-1069
-954
-844
-772
-641
-418
-148
8
265
434
519
562
643
774
784
749
631
610
656
574
476
430
527
524
429
534
651
712
593
494
572
754
726
960
1443
1453
1657
2104
2006
1645
2193
1709
1145
1390
1665
902
980
1821
982
1103
2259
1581
1240
1954
2317
1194
1852
2501
1460
1250
1943
1410
472
1261
1196
135
280
1409
793
269
1310
1324
39
359
993
-271
-670
66
-370
-1420
-822
-431
-1497
-1504
-873
-1462
-1665
-1235
-1406
-1795
-1439
-1431
-1502
-1670
-1589
-1783
-1934
-1960
-1832
-1513
-1428
-1278
-1079
-857
-774
-618
-624
-671
-589
-641
-963
-947
-912
-1085
-1296
-1425
-1447
-1517
-1519
-1405
-1326
-1234
-1041
-1117
-1264
-1075
-999
-1131
-1047
-707
-442
-364
-181
44
186
188
315
512
678
761
787
926
1136
1208
1069
910
849
484
231
330
417
354
301
376
383
394
541
674
672
885
1125
1302
1483
2000
1998
1905
2200
2236
1894
2046
2320
1442
1315
1992
1083
787
1803
1184
538
1236
1689
619
634
1561
668
214
533
657
181
-321
316
137
-660
-238
300
-420
-935
462
-146
-1429
-302
91
-1158
-873
-19
-925
-1385
-532
-923
-1548
-620
-559
-1443
-988
-512
-1093
-1340
-509
-736
-1487
-882
-668
-1454
-1431
-509
-1063
-1665
-406
-430
-1113
-623
-22
-652
-951
-237
-466
-948
-604
-455
-846
-976
-684
-711
-933
-937
-593
-478
-625
-293
67
-6
-148
48
66
-231
-263
-68
-247
-264
117
211
86
425
637
453
545
712
523
359
456
512
413
570
670
582
567
652
559
501
542
469
527
736
736
1073
1183
1307
1351
1185
1378
1134
1127
893
1039
1165
546
767
1110
703
224
757
1163
-340
237
1080
-330
-281
1129
89
-816
668
609
-1283
-233
771
-1039
-674
218
-757
-901
315
-456
-1048
288
-665
-1080
-326
-948
-1286
-628
-377
-1606
-444
349
-1426
-698
412
-833
-971
490
-640
-1281
160
-182
-1232
9
35
-536
37
-217
-117
137
-123
-469
247
248
-593
-157
100
-488
-711
-183
-146
-642
-620
231
-660
-1325
-172
114
-1387
-544
776
-273
-694
927
735
-175
462
870
-5
331
748
426
407
898
702
425
998
704
563
622
725
323
215
851
464
-142
322
966
-170
-270
811
44
-637
389
933
-215
142
1410
536
-303
778
1012
-206
-177
1160
460
91
591
1144
-72
-486
591
329
-871
43
632
-451
-713
941
113
-622
190
824
-643
-986
653
-679
-1417
-272
222
-1756
-964
761
-1179
-1624
202
-374
-1891
-367
-52
-2187
-656
-240
-1570
-1300
-413
-507
-1182
-629
-522
-775
-292
-321
-447
156
-512
460
240
-612
40
725
-165
-674
488
231
-593
133
-468
-47
-834
-69
-275
-1018
139
-375
-375
-553
-29
116
-268
408
241
549
438
487
990
836
1038
1261
1783
678
1604
1955
675
1748
2190
461
731
1935
474
-444
1865
1171
-503
1033
1480
-159
453
1466
73
28
701
75
-3
302
-64
183
-120
-102
424
162
-62
565
138
112
191
341
241
128
-297
-217
-403
-634
-258
-389
-424
9
-82
-376
-133
680
-549
-552
695
-431
-889
-7
301
-1004
-393
409
-580
-433
-393
-59
-874
-715
-103
-1376
-1106
-510
-899
-1450
-892
-379
-782
-878
-1060
-721
-897
-1144
-874
-1074
-876
-489
-741
-1391
-326
-563
-579
-643
-1006
-234
-441
-874
-1297
-111
-516
-1554
-392
-183
-869
-713
381
-520
-946
666
237
-378
-101
766
326
-215
493
1104
525
-96
1039
1262
138
772
1759
1088
598
1178
1765
379
1099
1328
969
762
885
1540
256
974
1305
728
540
693
1448
100
767
885
388
356
703
918
30
783
614
428
33
729
617
-232
707
887
221
65
875
701
-27
-34
836
118
-404
142
79
-829
-51
150
-964
-262
501
-500
-106
138
216
-185
438
-20
-56
227
431
-834
217
256
-343
-146
-131
151
-557
-184
-105
-513
-582
-476
-594
-873
-816
-502
-1167
-766
-950
-941
-1003
-813
-992
-825
-977
-874
-660
-646
-771
-635
-359
-932
-745
-485
-886
-958
-493
-1073
-920
-450
-1006
-845
-322
-393
-1032
57
-212
-543
-436
-1
-331
-430
50
-55
-571
508
350
136
302
996
447
404
637
652
418
250
351
489
241
437
255
708
520
36
927
626
140
785
732
558
379
951
664
248
809
727
442
-116
1080
394
-154
901
286
322
133
344
109
-195
651
-428
13
547
-344
116
812
264
-485
1094
563
-576
719
685
-1
-89
549
44
214
112
313
131
21
-32
483
-143
-380
404
461
-729
104
750
94
-513
796
275
-323
514
392
25
226
478
61
159
358
50
-180
-84
-219
-185
-640
-446
-301
-692
-749
-398
-300
-1055
-367
-248
-1092
-548
-40
-687
-837
-125
-386
-475
-634
164
-130
-604
-123
302
-275
-563
602
-415
-943
51
-192
-962
-444
105
-786
-617
0
-284
-809
21
96
-808
65
324
-285
-471
704
61
-686
646
624
-437
651
922
-48
114
893
-223
-463
781
-410
-570
341
-494
-361
-105
-44
-444
26
34
-643
65
6
-488
128
-70
-18
-112
-49
357
35
208
276
343
82
504
306
-140
406
375
-100
-16
643
-21
-96
329
484
-86
387
517
543
30
477
710
321
-64
853
526
67
197
1286
211
47
805
829
33
281
613
441
-294
145
185
208
-371
399
130
-152
211
-4
-296
67
67
-345
-168
225
-268
-310
429
-156
44
303
398
-479
445
322
113
-326
525
152
-80
-190
339
-396
21
-341
-140
-163
-256
-314
-104
-346
-329
-324
109
-551
-331
250
-458
-449
-31
-33
-648
-334
-45
-522
-455
31
-763
-275
-322
-417
-594
-176
-229
-722
-215
-334
-881
-428
-536
-851
-591
-346
-762
-525
-364
-387
-616
-100
22
-634
109
81
-103
-599
466
380
-806
563
765
-493
355
1016
88
-384
943
345
-481
525
521
28
211
412
219
187
151
688
239
88
668
595
26
379
508
44
76
482
-23
99
583
-33
113
319
310
-8
379
249
215
508
-212
88
444
-1
-41
618
226
159
614
303
84
514
257
217
-89
388
287
108
160
553
442
21
429
716
-283
524
620
-339
94
669
-145
-539
906
-75
-436
511
53
-540
65
276
-849
-105
-13
-517
-595
81
-659
-414
-367
-691
-565
-508
-811
-991
-232
-683
-1175
174
-272
-1039
-189
12
-643
-537
95
-535
-629
225
-208
-803
677
-194
-370
49
276
-438
-10
609
-717
53
517
-333
-330
181
163
-533
-42
255
-327
249
-167
254
16
2
181
109
215
-171
342
-184
-67
287
-267
-32
316
-213
-189
237
60
-228
101
65
-127
-44
-149
95
-130
-87
419
68
-344
552
517
-323
430
811
323
-14
668
616
-285
594
684
-155
511
538
265
209
409
210
321
398
139
295
309
329
25
278
293
286
52
221
253
-109
79
80
-95
-40
31
-334
-2
-339
37
-145
-119
-251
143
32
-557
-86
86
-841
-592
342
-466
-706
490
5
-787
114
511
-569
-535
659
51
-683
331
503
-530
23
451
-266
-282
227
172
-474
-25
11
-158
-8
-310
240
25
-412
190
205
-451
-133
246
-260
-422
135
231
-542
232
338
-725
53
352
-796
-371
648
-735
-923
851
-307
-1118
520
600
-863
-192
765
-302
-673
721
-268
-375
526
-38
-346
342
45
-167
31
-234
90
-40
6
9
161
159
44
191
-151
385
85
-22
179
320
-4
12
606
-28
-22
343
323
-274
200
387
-215
-58
387
153
-301
289
465
-180
-272
565
-90
-415
238
-7
176
-479
302
221
-456
178
308
-22
-170
642
391
-531
159
649
-424
-337
415
133
-399
170
243
-423
155
98
-262
-87
33
-9
-254
204
-211
-127
112
-157
-82
-175
343
207
-470
374
6
-102
-164
-78
190
-429
106
-48
-195
105
-130
61
-213
-19
-113
175
-183
-78
-87
-121
12
-420
274
-208
149
-172
-168
403
-229
-243
458
117
-334
430
618
-250
-72
956
15
-491
715
272
-347
11
618
-244
-329
466
11
-302
-59
281
-398
-364
133
-43
-192
-420
301
-75
-644
25
3
-300
-79
61
134
-103
100
277
126
109
-115
501
-82
-93
311
35
-120
-60
218
-127
-383
344
-29
-327
-31
74
-191
-275
150
-515
-36
-18
-427
2
-28
-197
-222
112
-174
-394
435
-208
-450
326
363
-838
-16
702
-660
-391
317
75
-677
-50
333
-389
-233
179
118
-601
319
32
-312
92
-69
7
-96
162
-132
3
369
-90
54
500
-144
25
643
47
-88
480
398
-46
173
185
268
224
-224
295
493
-80
186
643
388
-598
782
504
-645
280
825
-177
-262
946
162
-312
443
738
-206
-372
1063
119
-492
710
403
-271
37
638
-233
-199
717
-54
-249
350
497
-530
278
319
-353
-131
534
-270
-535
374
185
-784
-91
419
-207
-670
304
141
-819
73
47
-726
-258
77
-410
-518
-72
-291
-582
-255
-684
-437
-105
-526
-746
-118
-29
-1088
-392
216
-833
-726
24
-281
-830
-364
10
-517
-544
-186
-133
-158
-662
-54
147
-609
-589
384
-118
-792
226
461
-548
-247
755
-110
-528
283
510
-400
-287
732
52
-427
445
190
68
51
316
385
126
431
366
310
347
443
419
24
635
398
127
345
443
460
357
403
477
495
408
725
511
513
689
665
581
597
642
648
621
631
537
668
701
816
179
787
510
279
475
340
271
214
367
7
279
206
56
-55
59
32
-77
-278
-50
-77
-240
-447
89
-371
-576
-413
-80
-735
-768
157
-661
-1006
24
-443
-1131
-527
64
-1313
-980
-74
-958
-1196
-542
-629
-1036
-725
-653
-845
-472
-864
-668
-451
-714
-672
-209
-573
-718
128
-318
-857
33
-20
-651
-253
-68
-176
-395
55
-162
-288
130
-175
-300
-49
-17
-196
-147
48
-184
185
57
-390
266
327
-235
50
579
-170
78
523
-85
186
890
-73
119
902
600
-39
742
1157
6
621
1053
344
588
1094
514
434
963
846
275
816
959
363
585
1143
670
395
1104
863
234
949
781
512
805
581
637
547
583
559
315
510
301
308
403
-51
71
471
37
-460
505
53
-651
99
-47
-522
-421
-43
-412
-1000
-56
-147
-1097
-657
3
-912
-925
-266
-413
-892
-796
-261
-845
-819
-434
-606
-847
-569
-565
-794
-460
-646
-726
-623
-691
-517
-841
-426
-473
-737
-371
-464
-637
-451
-382
-650
-364
-270
-458
-331
-213
-277
-342
-302
-108
-431
-245
-29
-528
-131
58
-18
-250
171
56
48
16
115
109
159
234
-57
478
330
180
387
483
299
303
662
382
195
779
445
239
633
775
367
290
962
596
221
698
997
302
620
861
637
445
687
774
477
554
819
694
454
457
716
645
80
588
674
85
276
487
114
-22
267
195
-202
-28
308
-184
-68
29
-233
-9
-115
-210
-215
-81
-266
-432
-39
-343
-401
-173
-319
-495
-301
-226
-413
-403
-214
-330
-518
-311
-202
-772
-404
-58
-602
-721
-315
-229
-472
-555
-352
-331
-286
-462
-559
-159
-280
-530
-428
-152
-284
-371
-134
-329
-330
-34
-371
-399
32
-178
-429
-72
-99
-164
-196
-188
-47
-32
-188
-89
160
-26
-76
161
137
-64
255
183
91
77
163
223
188
34
187
426
81
146
527
206
186
461
323
88
465
453
-13
403
407
136
372
419
187
459
436
148
340
521
41
258
416
216
-40
373
422
-188
83
461
62
-230
279
220
-170
-124
212
88
-295
56
83
-233
34
-33
-142
-67
33
-187
-316
104
104
-449
3
189
-297
-182
75
-223
-294
-43
-166
-457
-83
58
-401
-251
-66
-228
-338
-156
-239
-226
-170
-215
-138
-233
-133
-192
-48
-317
-98
72
-240
-174
-72
75
-355
27
65
-247
69
86
-2
-250
275
-7
-223
131
300
-112
6
474
-130
78
370
158
54
238
352
248
214
321
490
361
187
417
392
229
208
354
244
184
157
86
295
79
-74
102
217
-107
-180
279
28
-212
-45
81
-199
-57
2
-115
-118
51
-12
-231
6
31
-206
-87
31
-93
-144
11
-8
-263
-93
-33
-119
-171
-144
-134
-142
-127
-328
-258
-55
-191
-413
-115
-92
-371
-181
-207
-297
-64
-168
-257
-127
-136
-178
-26
-108
-286
-114
-79
-302
-232
93
-188
-244
-1
-204
-222
-135
-48
-235
-61
-76
-150
-96
12
-77
-162
-50
24
15
-35
13
42
95
-34
-38
218
94
-37
196
94
68
168
213
199
221
355
315
202
398
396
209
289
425
406
338
342
560
512
280
426
573
377
245
489
426
299
339
263
207
303
197
22
154
188
71
-15
178
112
56
81
119
125
-16
50
-28
-22
62
-27
7
63
5
-20
56
28
17
-31
27
-54
-104
-110
-84
-112
-276
-152
-127
-242
-226
-176
-257
-235
-254
-288
-214
-379
-334
-300
-375
-359
-317
-311
-317
-291
-341
-326
-331
-361
-494
-328
-368
-461
-425
-362
-363
-462
-417
-382
-353
-411
-395
-280
-311
-419
-291
-234
-395
-244
-207
-302
-198
-113
-252
-155
11
-108
-88
80
38
-54
71
158
79
77
251
219
169
293
368
272
285
427
293
359
434
416
383
405
451
340
341
316
380
300
318
360
396
281
357
416
317
294
328
344
301
318
318
427
329
325
313
370
339
313
386
301
337
367
277
296
284
282
172
199
202
187
172
60
107
121
20
12
74
-27
-17
-5
32
-28
-107
-25
-77
-83
-131
-82
-76
-104
-103
-129
-110
-182
-242
-257
-238
-333
-361
-306
-339
-332
-362
-344
-361
-415
-425
-398
-418
-467
-444
-435
-434
-514
-451
-367
-463
-442
-415
-401
-388
-453
-408
-337
-330
-441
-392
-250
-369
-353
-300
-216
-253
-250
-175
-141
-177
-85
-112
-74
-23
-67
-45
56
-20
22
68
22
77
45
82
134
156
104
192
233
170
115
263
247
223
240
311
300
335
333
378
425
384
394
422
444
426
414
429
423
420
482
432
454
421
373
351
339
342
249
282
360
261
186
313
288
202
221
296
196
162
228
233
186
187
141
143
115
28
76
67
48
19
10
10
-22
-15
-55
-130
-77
-94
-181
-185
-123
-143
-222
-190
-220
-203
-181
-221
-257
-214
-244
-344
-315
-256
-293
-345
-321
-305
-348
-331
-263
-353
-345
-280
-316
-372
-302
-332
-328
-318
-343
-338
-316
-302
-326
-287
-305
-232
-256
-273
-240
-236
-226
-264
-191
-154
-148
-135
-72
-36
-56
-85
0
23
-74
-25
79
105
31
114
184
188
126
195
234
206
206
243
289
250
218
235
252
214
208
238
258
197
224
250
235
249
237
248
217
268
236
272
278
247
277
263
264
235
245
216
208
191
177
126
141
159
95
94
126
67
48
98
54
46
74
24
-19
29
-30
-16
5
7
-63
-16
45
-34
-36
-5
23
-114
-82
-41
-99
-141
-134
-90
-124
-189
-153
-177
-202
-218
-244
-229
-237
-287
-272
-239
-257
-289
-289
-238
-249
-262
-266
-192
-192
-241
-206
-126
-158
-196
-118
-98
-93
-115
-76
-53
-48
-92
-98
-17
-13
-82
-69
22
-5
-32
7
122
70
56
125
125
139
87
147
210
131
138
218
190
109
164
188
151
119
158
183
143
148
150
202
173
113
130
163
123
85
94
153
158
95
104
173
158
73
113
166
100
36
106
76
27
33
79
56
19
45
48
69
73
47
27
77
17
-60
4
28
-6
-50
0
-17
-58
-63
-103
-117
-54
-112
-143
-83
-109
-124
-165
-154
-137
-202
-187
-173
-230
-231
-210
-214
-241
-180
-209
-230
-210
-209
-202
-250
-239
-183
-177
-210
-178
-89
-100
-101
-103
-50
-55
-115
-76
-33
-7
-61
-12
1
19
25
64
93
136
101
104
166
115
129
150
129
119
151
171
159
203
193
197
192
161
164
169
205
187
202
206
222
154
189
219
126
154
185
131
105
132
163
146
95
144
157
129
127
153
111
87
91
18
9
27
12
24
19
32
48
2
5
-7
2
-24
-35
-31
-69
-98
-81
-130
-129
-127
-185
-146
-163
-184
-220
-200
-215
-209
-202
-229
-210
-225
-218
-272
-249
-232
-295
-274
-215
-221
-232
-192
-163
-187
-192
-176
-165
-183
-187
-133
-154
-147
-136
-75
-103
-115
-70
-81
-77
-95
-80
-53
-39
-19
4
29
47
21
50
77
91
76
128
153
126
127
175
121
161
200
151
207
205
199
171
171
188
161
181
218
203
153
189
212
173
150
209
228
129
186
233
188
173
213
231
201
222
251
225
234
264
212
191
234
190
141
162
197
151
122
151
142
108
44
79
52
-20
-32
-2
-29
-50
-67
-71
-56
-104
-114
-73
-107
-143
-142
-127
-150
-187
-166
-165
-191
-220
-201
-240
-254
-210
-258
-254
-251
-241
-288
-235
-259
-212
-251
-267
-217
-240
-262
-243
-193
-269
-214
-223
-206
-229
-169
-176
-178
-148
-161
-131
-147
-134
-131
-96
-108
-98
-76
-55
-73
-78
-55
-66
-69
-59
0
-1
-16
-24
34
18
8
42
83
73
27
88
96
97
84
80
123
122
90
149
185
199
194
216
265
239
256
310
295
267
293
312
276
247
277
282
269
247
267
284
249
228
208
244
208
178
230
225
159
168
176
144
167
125
114
145
139
75
53
91
44
-6
-3
-2
-11
-47
-35
-68
-75
-109
-105
-101
-130
-127
-107
-122
-132
-153
-127
-126
-172
-167
-154
-158
-202
-190
-169
-184
-197
-171
-145
-178
-184
-144
-172
-192
-195
-166
-183
-235
-217
-168
-181
-194
-181
-154
-122
-159
-161
-103
-107
-126
-120
-94
-68
-108
-83
-74
-90
-84
-73
-83
-83
-66
-81
-87
-54
-67
-67
-31
-17
16
14
17
38
12
19
73
73
61
67
98
105
88
110
108
91
83
82
91
104
115
123
117
110
97
116
127
95
100
139
131
134
145
168
158
132
148
155
153
131
159
152
163
164
168
152
171
167
160
150
156
144
105
132
112
87
62
73
35
18
5
7
-12
-2
-22
-6
-15
-40
-27
-52
-37
-59
-71
-71
-68
-80
-101
-100
-105
-122
-127
-108
-118
-120
-130
-112
-107
-124
-137
-103
-98
-117
-107
-95
-111
-148
-114
-128
-123
-101
-79
-92
-86
-61
-76
-72
-59
-39
-49
-65
-54
-25
-38
-21
-15
-1
8
-15
4
12
2
-7
12
22
30
42
17
19
26
3
0
32
15
22
25
20
27
52
17
-9
16
21
-3
-10
25
44
25
31
63
54
40
34
57
56
31
55
63
34
28
36
71
70
59
69
50
31
29
28
65
30
28
43
17
14
32
16
15
42
32
26
41
44
26
8
29
26
-2
-16
-26
-15
-9
-30
-19
-26
-38
-42
-27
-18
-46
-30
-38
-42
-66
-44
-49
-54
-56
-49
-39
-37
-47
-20
-7
-41
-20
-15
-32
-43
-41
-31
-23
-24
-20
-6
-3
-13
-12
-30
-45
-4
-27
-37
-21
-15
-35
-23
-18
-17
-2
-7
11
-7
7
27
8
16
26
26
16
23
40
41
21
55
78
67
42
51
63
41
45
64
67
40
40
37
40
45
34
13
15
41
24
30
48
57
32
8
32
14
20
8
7
6
-33
-40
-22
-26
-22
-23
2
11
-5
2
5
-2
-16
-28
-8
-8
-44
-3
-1
-22
-28
-24
-8
-7
-7
-8
19
-12
-5
16
-12
5
4
3
-1
-1
-18
-29
-41
-31
-57
-57
-14
-35
-47
-26
-46
-51
-40
-55
-34
-51
-41
-36
-22
-44
-45
-17
-33
-37
-22
-24
-51
-73
-43
-38
-65
-40
-16
-10
-4
29
35
6
-16
1
-12
-20
-7
16
19
34
33
30
43
28
28
31
22
2
30
42
33
45
56
61
48
54
83
70
63
76
61
56
49
44
42
36
39
31
22
25
33
31
43
43
38
18
29
62
42
25
46
61
60
29
42
31
-13
-13
-7
-10
0
-10
-34
-32
-27
-35
-38
-10
-26
-13
3
-1
-1
-25
-17
-17
-29
-23
-21
-48
-41
-40
-50
-43
-34
-39
-53
-40
-30
-35
-56
-63
-56
-59
-80
-63
-39
-38
-48
-43
-34
-81
-86
-70
-61
-79
-66
-65
-61
-58
-60
-57
-40
-36
-38
-20
6
12
5
13
-1
-13
-11
-3
13
-5
-9
19
-1
-4
19
29
4
6
22
28
33
6
18
32
27
43
55
68
52
49
63
88
58
49
72
55
58
59
68
59
40
58
88
66
68
72
76
72
54
65
45
29
27
25
44
43
50
62
69
65
63
76
75
68
59
53
52
51
34
30
49
32
16
28
24
6
-6
-4
7
11
9
3
22
1
-21
-16
-35
-60
-66
-46
-61
-79
-69
-56
-80
-78
-71
-78
-72
-104
-96
-100
-109
-112
-106
-92
-96
-93
-117
-124
-120
-119
-114
-111
-112
-132
-121
-128
-117
-108
-111
-111
-97
-90
-85
-70
-67
-79
-91
-59
-64
-64
-50
-42
-17
-14
5
27
23
9
34
25
34
39
35
40
68
67
59
74
68
72
73
81
94
86
95
112
100
105
104
121
111
121
146
135
130
150
148
164
168
153
162
148
148
127
112
110
98
87
98
109
101
103
108
92
76
94
87
77
76
82
60
24
8
19
-5
-7
28
16
-8
-11
6
-6
-35
-37
-44
-63
-68
-60
-53
-75
-73
-69
-76
-78
-83
-86
-103
-109
-98
-107
-130
-123
-101
-133
-146
-109
-136
-130
-120
-115
-98
-117
-107
-106
-102
-117
-104
-100
-115
-115
-130
-110
-114
-110
-94
-93
-118
-128
-106
-130
-116
-98
-95
-89
-87
-62
-69
-91
-73
-56
-38
-30
-18
0
-6
-19
-2
2
-1
12
23
18
27
51
62
70
92
109
114
97
117
129
100
115
114
104
98
112
120
129
124
135
151
147
149
157
166
144
150
159
141
120
116
104
93
95
102
98
106
112
86
82
79
76
59
63
73
45
45
47
32
15
10
8
3
-3
12
15
10
14
-4
8
14
8
7
-2
1
-13
-8
9
16
-8
-18
-17
-24
-43
-57
-31
-56
-72
-67
-70
-96
-102
-88
-98
-98
-89
-106
-108
-83
-93
-103
-101
-96
-111
-104
-93
-114
-134
-118
-107
-109
-109
-99
-83
-83
-87
-75
-66
-93
-102
-88
-68
-76
-75
-61
-55
-53
-62
-26
-1
-22
7
18
14
13
21
32
30
37
35
29
27
21
1
6
23
17
16
25
27
16
29
36
29
17
29
39
41
37
55
60
28
37
54
41
42
36
51
70
45
44
52
49
37
41
58
81
71
84
85
68
70
67
63
64
55
51
56
45
46
51
31
43
66
48
51
56
33
29
31
25
30
18
7
5
1
2
15
11
18
16
8
6
-11
-29
-25
-36
-43
-34
-35
-36
-41
-34
-35
-48
-34
-18
-41
-32
-30
-5
-6
-19
-11
-3
-28
-36
-21
-20
-16
-23
-14
-10
-11
-30
-25
-16
-16
-10
-17
-35
-21
-26
-34
-13
-29
-43
-33
-31
-38
-21
-15
-44
-33
-20
-26
-40
-41
-41
-59
-55
-46
-42
-46
-36
-29
-36
-39
-35
-36
-34
-32
-23
-21
-25
-13
-13
-16
-16
-14
-14
-7
5
16
16
17
22
16
17
13
20
28
23
26
41
34
30
38
40
47
40
35
46
51
31
27
24
9
11
2
13
15
5
4
13
26
25
27
44
38
32
44
47
54
51
45
61
43
41
52
43
26
18
27
20
24
32
37
