1
1
0
-1
1
0
1
0
3
3
3
2
3
2
1
-1
0
1
-1
-1
-2
-2
-3
-3
-5
-5
-5
-6
-6
-6
-5
-4
-4
-4
-3
-3
-3
-3
-3
-3
-3
-4
-4
-3
-3
-2
-1
0
-1
-1
-2
-1
0
0
1
1
0
0
0
0
0
-2
0
1
0
1
1
2
3
3
3
2
3
1
-1
0
1
2
3
3
5
6
5
6
4
4
2
0
2
2
2
2
0
0
1
0
0
-1
-2
-2
-1
0
0
1
0
1
2
2
2
3
3
2
1
3
2
3
3
1
1
2
2
4
3
2
1
-2
-2
-2
-1
0
-2
-3
-3
-4
-4
-3
-5
-4
-2
-2
-1
0
-1
0
0
1
1
0
0
-1
-2
-1
0
1
1
1
1
1
0
-2
-3
-1
-2
0
-1
0
0
-1
-1
-1
-1
-2
-2
-4
-5
-3
-3
-1
0
-1
0
1
0
-1
-1
-1
-2
-2
0
-1
-1
0
1
-1
-1
-2
-1
-1
-2
-1
-1
-2
-2
-1
0
-2
-1
0
1
2
3
5
3
3
3
1
2
3
2
1
1
2
3
3
5
4
2
2
2
3
3
2
3
4
3
4
3
4
3
1
1
1
1
1
0
1
1
0
1
0
0
0
0
1
0
1
1
1
1
-1
-1
0
-2
-1
-2
-3
-3
-3
-2
1
-1
0
-2
-3
-2
-1
1
0
1
-1
0
0
-2
-2
-1
-2
-3
-2
-4
-4
-2
-1
0
2
1
1
2
-1
0
-1
0
0
0
-2
-2
-4
-2
-3
-3
-2
-2
-2
-2
-2
0
-1
-2
-2
-5
-2
-4
-4
-5
-5
-2
0
1
0
1
1
1
0
-1
0
1
0
1
1
0
1
3
4
3
1
0
-1
0
-1
-1
1
1
1
-2
-3
0
0
0
0
0
1
1
2
2
3
3
2
3
2
2
4
2
2
2
2
1
1
2
2
2
3
2
2
0
0
1
3
3
3
4
4
5
7
6
6
5
4
3
4
4
4
5
3
2
1
1
2
2
1
2
1
2
1
1
1
1
1
-1
-1
-2
-2
-2
-2
-2
-3
-4
-5
-4
-2
-2
-3
-4
-2
-4
-5
-5
-5
-5
-4
-3
-5
-6
-6
-5
-7
-8
-7
-7
-8
-9
-9
-8
-8
-9
-10
-10
-8
-7
-7
-6
-6
-6
-5
-6
-6
-4
-4
-6
-6
-6
-5
-5
-5
-5
-4
-3
-2
-2
0
0
1
1
1
4
4
6
7
6
7
8
9
9
10
9
9
10
9
11
11
11
10
10
10
9
9
10
10
12
12
11
12
12
11
12
11
10
9
9
8
8
8
7
8
8
6
6
5
3
2
2
2
0
2
1
-1
0
-3
-3
-3
-5
-7
-5
-6
-7
-8
-8
-8
-10
-9
-10
-11
-11
-11
-10
-11
-12
-12
-14
-16
-15
-14
-14
-15
-14
-14
-15
-14
-14
-14
-13
-13
-14
-11
-10
-10
-8
-7
-7
-7
-5
-5
-4
-3
0
1
3
3
4
5
5
6
5
6
7
8
8
11
12
12
14
15
17
17
16
16
17
17
17
19
20
22
24
25
26
24
22
22
22
19
19
18
18
17
18
17
15
14
11
10
7
7
5
2
0
-2
-3
-4
-5
-7
-9
-10
-12
-15
-14
-19
-20
-19
-21
-22
-22
-24
-26
-26
-26
-27
-28
-30
-31
-35
-34
-35
-36
-37
-36
-37
-38
-38
-36
-35
-32
-29
-28
-27
-25
-22
-19
-15
-14
-12
-10
-10
-7
-4
0
3
3
6
7
10
11
14
15
16
16
17
20
22
25
26
28
30
31
34
34
35
38
38
41
46
49
48
50
51
52
53
57
56
56
56
53
51
48
46
45
44
41
38
33
30
26
21
18
12
9
5
1
-2
-4
-6
-9
-12
-17
-19
-24
-28
-30
-32
-35
-39
-43
-46
-49
-52
-54
-56
-57
-61
-61
-65
-67
-70
-69
-65
-67
-67
-68
-68
-64
-61
-56
-53
-49
-48
-46
-45
-41
-36
-33
-30
-24
-21
-16
-13
-9
-6
-6
-3
0
5
9
12
15
17
17
18
20
22
23
24
27
29
32
33
35
36
38
39
40
42
44
44
44
46
45
46
42
43
44
45
45
47
45
43
42
42
42
41
42
42
42
40
40
39
40
38
35
35
36
36
36
38
38
38
36
34
31
28
27
23
19
17
14
9
6
4
2
1
-3
-6
-11
-18
-21
-26
-29
-32
-35
-36
-36
-37
-41
-44
-48
-52
-55
-56
-58
-60
-59
-62
-63
-66
-66
-66
-67
-66
-65
-67
-67
-67
-67
-65
-63
-60
-56
-52
-49
-47
-46
-43
-41
-37
-32
-28
-25
-22
-20
-17
-16
-13
-10
-6
-4
1
5
6
7
11
14
14
19
20
23
24
25
27
29
29
29
30
32
34
35
36
38
38
39
39
42
44
45
45
43
43
42
43
44
45
46
43
42
42
42
42
44
46
46
48
51
51
50
50
52
56
59
64
68
67
65
64
62
59
58
56
56
50
46
41
35
31
25
21
16
11
5
0
-4
-9
-15
-20
-21
-25
-28
-31
-35
-41
-49
-55
-61
-67
-71
-75
-79
-83
-90
-96
-101
-106
-107
-107
-105
-104
-103
-103
-107
-109
-108
-108
-105
-102
-99
-96
-92
-89
-83
-81
-77
-72
-65
-58
-48
-41
-36
-32
-29
-23
-15
-6
2
9
16
18
20
25
29
34
41
47
52
54
56
56
58
63
64
68
69
73
74
74
75
72
71
71
69
71
73
72
70
66
62
59
56
54
51
48
46
46
49
50
49
51
51
49
53
54
55
57
55
55
52
53
54
58
62
63
65
63
60
59
58
56
55
53
50
46
40
35
27
19
12
9
5
3
0
-4
-11
-20
-26
-33
-38
-40
-43
-47
-51
-58
-64
-71
-79
-83
-89
-95
-98
-104
-112
-121
-127
-129
-132
-132
-130
-131
-132
-133
-133
-132
-137
-135
-132
-129
-123
-115
-111
-105
-101
-99
-93
-81
-71
-59
-47
-39
-33
-29
-23
-17
-8
-3
5
11
15
21
28
31
35
40
44
54
61
66
74
77
76
80
82
84
86
86
86
87
85
83
84
85
86
87
87
88
87
85
82
80
78
75
75
75
75
76
75
72
73
73
73
77
79
79
78
80
83
88
95
100
108
109
108
111
107
105
103
101
96
89
83
79
70
59
47
34
26
18
8
3
-4
-15
-27
-39
-48
-55
-63
-70
-78
-86
-97
-109
-120
-133
-144
-151
-157
-163
-171
-179
-188
-200
-208
-213
-212
-210
-207
-203
-201
-199
-198
-195
-191
-184
-177
-168
-161
-150
-137
-134
-123
-115
-107
-95
-81
-67
-52
-39
-24
-12
4
17
26
39
48
59
68
76
86
95
105
113
120
124
127
131
134
138
142
143
146
149
154
156
155
151
145
140
134
127
123
121
116
113
109
106
103
99
95
90
85
80
74
68
65
63
59
61
63
62
65
66
65
59
58
62
66
72
77
82
83
79
74
73
70
62
55
54
52
47
42
30
19
4
-10
-17
-23
-30
-38
-44
-51
-60
-69
-75
-82
-90
-98
-93
-85
-97
-118
-134
-145
-143
-142
-155
-165
-175
-181
-181
-185
-195
-203
-211
-217
-211
-201
-193
-193
-195
-199
-200
-192
-181
-167
-156
-151
-147
-135
-122
-109
-93
-79
-69
-55
-35
-20
-4
5
13
25
34
45
56
68
77
85
92
97
99
102
107
116
125
134
144
150
154
159
166
174
178
180
182
181
185
181
174
166
157
152
147
146
142
139
131
122
111
99
92
89
82
77
72
67
59
48
45
41
37
37
36
37
33
32
34
39
45
53
64
74
73
70
64
59
55
52
54
53
51
47
40
24
6
-10
-17
-28
-33
-40
-46
-53
-65
-78
-88
-94
-104
-108
-116
-120
-126
-134
-145
-159
-173
-185
-192
-197
-199
-198
-205
-212
-219
-230
-235
-238
-240
-234
-226
-221
-218
-216
-216
-211
-204
-194
-179
-163
-146
-131
-117
-105
-95
-76
-60
-37
-13
7
32
52
61
73
90
105
119
141
160
166
177
184
191
193
204
218
223
236
245
246
252
249
242
244
240
236
224
219
208
191
178
165
155
145
136
125
109
96
82
68
62
53
34
19
11
-2
-13
-14
-25
-29
-36
-42
-42
-51
-56
-56
-51
-44
-37
-32
-25
-26
-23
-16
-8
3
17
26
31
27
24
21
14
14
17
24
20
16
8
-13
-34
-45
-53
-61
-63
-62
-57
-58
-64
-79
-102
-117
-135
-141
-139
-132
-135
-147
-155
-170
-187
-209
-216
-216
-218
-208
-203
-210
-217
-222
-225
-229
-222
-202
-181
-164
-143
-131
-116
-105
-95
-83
-67
-50
-27
-1
17
35
55
68
81
96
116
134
152
170
180
188
191
185
187
202
210
229
241
246
261
261
258
259
257
259
259
256
247
231
220
207
189
175
158
143
127
122
116
92
59
30
14
-5
-17
-22
-29
-48
-62
-72
-92
-105
-119
-131
-138
-145
-150
-153
-152
-148
-149
-147
-147
-131
-106
-103
-106
-99
-96
-89
-73
-62
-51
-40
-35
-19
7
34
60
75
78
82
88
81
81
81
73
70
66
64
62
49
32
19
13
9
9
15
10
0
-19
-29
-41
-48
-50
-65
-72
-76
-75
-74
-88
-110
-134
-153
-162
-163
-165
-172
-179
-175
-177
-186
-189
-195
-204
-205
-203
-182
-145
-114
-99
-90
-91
-89
-69
-51
-29
-12
9
20
42
69
90
106
118
131
144
159
164
182
188
186
181
180
192
204
219
229
230
218
196
175
162
155
155
149
144
140
139
120
99
84
58
26
-1
-10
-3
8
-9
-34
-57
-85
-112
-119
-118
-123
-130
-137
-137
-136
-132
-127
-132
-138
-143
-150
-142
-142
-134
-127
-114
-94
-74
-55
-26
-19
3
7
37
44
100
24
-231
-377
-190
234
515
763
645
401
93
-71
93
501
690
552
459
405
333
267
123
-101
-190
-220
-146
49
216
142
-30
-209
-325
-269
-225
-270
-299
-263
-304
-387
-500
-588
-586
-574
-568
-464
-337
-400
-527
-598
-595
-588
-530
-382
-159
18
120
182
265
269
195
267
422
623
796
919
948
858
726
625
655
660
638
588
501
349
164
1
-198
-393
-552
-584
-590
-570
-641
-732
-797
-879
-870
-759
-571
-436
-290
-136
-16
70
117
227
359
471
576
652
643
525
374
236
100
-33
-151
-266
-404
-584
-744
-872
-1008
-1120
-1126
-1072
-1011
-932
-809
-679
-508
-333
-106
187
468
738
991
1208
1314
1390
1505
1689
1961
2263
2460
2734
2947
2828
2306
1660
1051
767
856
981
1060
662
-493
-1842
-2755
-3257
-3515
-3532
-3439
-3211
-2896
-2734
-2640
-2561
-2685
-2636
-1894
-609
833
2138
2878
3039
2975
2823
2889
3244
3573
3765
3768
3365
2571
1543
352
-861
-1800
-2373
-2667
-2806
-3132
-3645
-4258
-4957
-5446
-5316
-4680
-3809
-2742
-1674
-735
25
611
1166
1929
2814
3741
4743
5601
6015
5911
5361
4693
4064
3386
2607
1668
549
-733
-1914
-2973
-3965
-4975
-5819
-6350
-6450
-6185
-5702
-5183
-4675
-4063
-3096
-1797
-364
1062
2282
3358
4178
4842
5357
5697
5731
5415
4971
4357
3567
2575
1482
304
-843
-1936
-2757
-3433
-4060
-4550
-4878
-5059
-5039
-4658
-4080
-3294
-2392
-1382
-395
513
1424
2272
3095
3933
4691
5419
5946
5998
5516
4829
4155
3595
3099
2650
1982
1122
-1
-1009
-1661
-2121
-2534
-2739
-2416
-1754
-851
-261
-226
-583
-706
-395
591
1788
2594
2612
1977
1051
267
-228
-545
-856
-1073
-1261
-1422
-1536
-1735
-2307
-3010
-3595
-3705
-3142
-2238
-1328
-781
-612
-746
-876
-752
-394
118
571
799
864
821
664
384
-61
-493
-798
-879
-731
-472
-388
-593
-871
-1072
-1052
-736
-119
327
586
700
733
757
1140
1490
1510
1469
1335
1021
761
615
372
-17
-517
-1051
-1449
-1636
-1776
-1978
-2149
-2330
-2368
-2203
-1916
-1581
-1340
-1090
-905
-704
-285
157
592
953
1197
1258
1255
1161
1034
980
760
431
202
-3
-237
-502
-741
-816
-801
-704
-352
67
358
541
717
1026
1484
2071
2521
2943
3210
3312
3406
3649
3741
3626
3505
3080
2583
2178
1932
1730
1643
1327
1069
1305
1736
1776
1281
333
-883
-1550
-1463
-897
-286
-200
-1028
-2329
-3508
-4285
-4394
-4010
-3554
-2999
-2257
-1463
-854
-585
-685
-927
-962
-489
553
1816
2725
2770
1999
912
-166
-901
-1206
-1218
-1122
-1119
-1358
-1889
-2487
-3132
-3618
-3745
-3300
-2314
-943
119
844
913
835
581
754
1630
2220
2884
2724
2693
1712
1755
1240
412
-115
-651
-1282
-1636
-1411
-1895
-2216
-2779
-3356
-3593
-2940
-2250
-1786
-1362
-1136
-1103
-761
-71
669
1187
1452
1383
1356
1579
1773
1862
1766
1485
1043
688
426
244
-2
-446
-1023
-1397
-1345
-1066
-758
-573
-391
-413
-408
-279
128
580
1135
1672
2139
2730
2989
2990
2627
2133
2039
2325
2580
3007
3309
2854
2084
1490
871
834
1363
1584
1704
2084
2468
2729
2539
1528
18
-1310
-1929
-1703
-950
-407
-581
-1833
-3584
-4741
-5116
-4758
-3912
-3023
-1991
-855
129
998
1542
1479
1143
1008
1363
2378
3558
4020
3549
2286
563
-1035
-2188
-2866
-3206
-3583
-3962
-4224
-4392
-4538
-4627
-4608
-4336
-3608
-2359
-725
866
2009
2699
2942
3107
3588
3853
3941
3852
3264
2515
2129
1603
847
294
-649
-1854
-2507
-2886
-3172
-3055
-3005
-3167
-2862
-2107
-1762
-1656
-1154
-843
-949
-508
568
1686
2185
2018
1683
1486
1274
1002
1233
1421
1176
625
256
105
-214
-794
-1352
-1637
-1787
-1635
-1308
-1099
-1005
-1053
-1259
-1115
-457
119
637
1146
1300
1513
1929
1971
2164
2295
1958
1783
2144
2291
2535
2590
1959
1478
1436
1230
1453
2108
2259
2114
2442
2951
3314
3388
2673
1388
-56
-996
-1145
-886
-895
-1406
-2488
-3586
-4481
-5177
-5233
-4676
-4116
-3616
-2560
-514
1300
1402
1123
1766
1739
982
1434
2755
3087
2347
1585
830
-84
-1263
-2805
-4045
-4245
-4313
-4541
-3882
-2670
-2149
-2412
-2133
-1364
-690
167
1195
2198
3128
4095
4128
4107
4432
3547
1930
981
661
26
469
577
443
120
-793
-2209
-2876
-2338
-2182
-2027
-1151
-119
11
-37
85
-329
-826
-1153
-1149
-764
18
598
320
5
-286
-924
-1390
-1126
-735
-367
90
392
421
371
150
-262
-446
-325
-155
-24
243
438
344
236
18
-143
-119
-83
228
772
1007
1033
1123
866
1045
1116
1310
2088
2013
2077
2012
2189
1806
1870
2522
2448
2834
2948
2690
3408
3788
3438
2718
1456
129
-1111
-1766
-1874
-1821
-2362
-3479
-4562
-5278
-5652
-5629
-5097
-4551
-3732
-2688
-1498
293
1990
2816
2826
2370
1891
1696
1684
1973
2136
1696
708
-497
-1372
-2190
-3165
-4092
-4731
-4987
-4485
-3484
-2253
-925
-282
34
239
802
1351
2308
2803
3264
3698
3722
3545
3028
2019
895
-390
-1282
-1241
-947
-365
95
221
-216
-242
-505
-509
-190
171
366
721
1050
983
966
461
-432
-1127
-1575
-1847
-1488
-1064
-560
-332
-346
-183
-7
146
316
612
765
919
985
1077
1116
919
473
-113
-423
-794
-1078
-1165
-1024
-1034
-1090
-832
-631
-288
34
340
698
861
873
1033
1283
1389
1660
1967
2165
2028
1681
1474
1249
728
648
1218
1330
1730
2669
3336
3602
3183
1903
305
-892
-1672
-1880
-1615
-1486
-1894
-2769
-3889
-4755
-5144
-5317
-4991
-4192
-3041
-1436
363
1907
2942
3120
2517
1892
1426
1322
1426
1420
1202
675
-189
-1152
-1938
-2737
-3626
-4444
-4904
-4662
-3890
-2829
-1586
-320
481
813
1098
1546
2020
2299
2588
2754
2754
2859
2773
2237
1714
1017
-103
-803
-734
-614
-130
620
890
1152
1712
1726
1412
1340
904
119
-120
-88
-45
-128
-338
-759
-1209
-1636
-2100
-2096
-1974
-1767
-1157
-356
520
1386
2044
2261
2085
1730
1369
1049
911
966
908
546
45
-541
-1241
-1936
-2404
-2701
-2736
-2387
-1816
-1142
-582
-88
140
214
439
655
827
998
1218
1439
1802
2057
1910
1866
1560
1018
826
1017
1278
1749
2145
2661
3321
3882
3997
3169
1642
153
-1149
-2108
-2269
-2168
-2414
-3087
-4055
-4926
-5200
-5085
-4916
-4376
-3359
-2163
-601
1220
2844
3793
3658
2914
2205
1635
1237
970
658
112
-632
-1513
-2175
-2657
-3295
-4151
-4876
-5087
-4794
-3885
-2619
-1099
147
1052
1879
2365
2730
2991
2893
2526
2216
2197
2500
2380
2056
1776
924
39
-250
-350
-192
355
550
860
1654
2047
2071
2062
1503
495
-257
-695
-917
-856
-819
-951
-1027
-1068
-1125
-1034
-1040
-1053
-823
-461
53
765
1590
2064
2029
1663
1102
445
-185
-584
-795
-913
-1157
-1287
-1571
-1416
-1704
-1982
-1977
-1658
-1288
-615
88
649
1149
1355
1555
1449
1749
1652
1298
1302
1451
1336
1434
1549
1169
1142
1126
923
1206
1629
1940
2664
3447
3748
3799
3068
1625
355
-832
-1923
-2422
-2736
-3377
-3979
-4516
-5099
-5196
-4940
-4656
-4144
-3196
-2009
-446
1206
2611
3499
3612
3208
2606
1881
1140
535
-200
-1040
-1667
-2062
-2339
-2613
-2955
-3561
-4242
-4541
-4307
-3384
-1931
-383
1007
2174
2911
3321
3529
3428
3048
2375
1686
1283
1160
971
686
237
-441
-987
-1196
-1277
-1112
-615
-184
46
644
1456
1754
1864
1908
1388
643
160
-232
-487
-624
-645
-618
-559
-307
-18
67
32
52
-6
96
623
1179
1603
1864
1738
1249
590
54
-455
-1006
-1294
-1443
-1607
-1633
-1388
-1082
-910
-675
-439
-169
205
528
1016
1333
1460
1463
1379
1346
1221
997
852
759
461
371
335
188
142
410
876
1302
1969
2858
3453
3657
3686
3185
2016
839
-113
-1093
-1855
-2282
-2868
-3503
-3977
-4604
-5019
-4964
-4651
-4097
-3169
-1831
-247
1370
2833
3851
4383
4201
3505
2720
1827
949
21
-770
-1535
-2200
-2625
-3045
-3530
-4124
-4695
-5169
-5243
-4634
-3515
-2091
-556
810
2002
2879
3346
3432
3236
2617
1946
1517
1085
977
1078
815
410
117
-353
-816
-796
-357
24
299
672
1021
1472
1942
2137
1771
1109
259
-692
-1487
-1664
-1542
-1599
-1589
-1271
-837
-599
-249
84
143
251
617
1032
1621
2401
2746
2473
2082
1475
549
-220
-740
-1161
-1504
-1740
-1863
-1769
-1458
-1171
-903
-758
-719
-732
-632
-342
29
536
929
1110
1237
1294
1236
1151
1158
1079
886
938
1148
1343
1662
2272
2758
2906
3279
3841
3938
3906
3751
2816
1520
432
-797
-1985
-2605
-3087
-3862
-4531
-4860
-5178
-5164
-4748
-4155
-3289
-2288
-1068
449
1890
3047
3900
4111
3632
3052
2266
1169
274
-570
-1436
-2077
-2489
-2827
-3149
-3504
-3926
-4261
-4381
-4272
-3666
-2637
-1529
-389
803
1789
2364
2700
2657
2222
1631
975
361
42
148
339
396
443
319
108
-41
360
917
1043
1216
1590
1601
1629
2010
1859
1193
583
-172
-1231
-1739
-1610
-1700
-1791
-1439
-1213
-1010
-548
-136
152
451
748
942
1264
1734
2052
2107
1894
1420
916
258
-361
-639
-1022
-1450
-1523
-1425
-1239
-794
-379
-217
-154
-147
-293
-314
-121
143
395
658
827
944
991
995
864
776
759
765
876
1133
1493
1671
2072
2397
2834
3511
3968
4049
3882
3355
2096
800
-319
-1462
-2420
-2986
-3558
-4039
-4218
-4405
-4424
-4197
-3765
-3178
-2318
-1251
2
1386
2435
3065
3405
3270
2686
2026
1252
289
-616
-1474
-2299
-2653
-2855
-3154
-3238
-3199
-3352
-3372
-3148
-2928
-2433
-1689
-881
203
1295
2000
2491
2666
2391
1913
1288
615
18
-317
-479
-480
-278
-107
89
280
442
671
965
1006
979
1000
975
892
864
660
241
-146
-609
-1080
-1291
-1175
-1198
-1212
-945
-644
-358
85
565
895
1195
1347
1349
1358
1361
1164
901
622
284
43
-260
-557
-791
-1123
-1471
-1574
-1404
-1147
-830
-440
-262
-192
-119
-96
94
285
486
589
669
809
894
919
995
1060
944
803
800
995
1230
1493
1966
2366
2834
3423
3872
4066
3975
3439
2365
1243
159
-1003
-1876
-2347
-2899
-3499
-3733
-3819
-3903
-3708
-3354
-2827
-2056
-1216
-120
1110
2090
2695
3096
3027
2521
1941
1276
401
-402
-1144
-1900
-2352
-2678
-2931
-3068
-3121
-3238
-3261
-3164
-2989
-2571
-1954
-1288
-446
392
1041
1505
1747
1697
1497
1182
751
376
151
77
-58
-15
139
262
419
608
898
1213
1404
1539
1537
1329
1179
867
513
159
-218
-603
-953
-1125
-1194
-1200
-1124
-1015
-907
-723
-408
37
398
683
1041
1224
1246
1313
1291
1055
692
228
-251
-598
-904
-1139
-1294
-1346
-1258
-1112
-793
-412
-169
-77
-114
-183
-182
-145
-81
85
157
221
274
346
559
659
692
748
756
785
920
1099
1330
1825
2376
2860
3527
4106
4158
4010
3804
2895
1718
769
-344
-1414
-1977
-2498
-3089
-3263
-3453
-3790
-3785
-3565
-3301
-2724
-2055
-1251
-53
970
1635
2306
2682
2385
1921
1440
613
-151
-632
-1253
-1750
-1895
-2182
-2469
-2444
-2479
-2618
-2608
-2551
-2394
-1953
-1428
-886
-88
592
995
1488
1847
1892
1790
1547
1095
762
428
100
43
107
232
465
819
1201
1459
1580
1504
1256
995
634
288
90
-190
-313
-404
-617
-550
-422
-464
-508
-453
-386
-261
-7
237
374
497
573
596
662
691
656
493
111
-340
-660
-1060
-1378
-1462
-1508
-1457
-1229
-905
-605
-200
72
40
-78
-102
-160
-133
76
293
415
470
503
452
481
570
519
488
486
420
498
613
991
1641
2332
3155
3810
4062
4044
3899
3228
2218
1274
170
-1114
-2062
-2693
-3354
-3688
-3761
-4004
-3980
-3686
-3446
-2942
-2240
-1477
-586
320
982
1651
2201
2304
2095
1820
1235
579
32
-616
-1132
-1505
-1866
-2217
-2162
-2254
-2258
-2283
-2110
-2090
-1750
-1270
-794
-171
530
1113
1400
1820
1869
1872
1768
1529
1128
892
494
136
49
103
159
397
922
1210
1633
1896
1760
1509
1256
779
250
34
-179
-429
-454
-418
-491
-400
-287
-312
-212
-67
10
162
347
404
478
634
536
492
600
490
316
289
38
-328
-518
-846
-1206
-1241
-1189
-1087
-787
-437
-234
-105
-1
-23
1
38
-49
-121
-194
-361
-446
-398
-348
-197
-12
104
64
101
254
337
657
1291
2187
3017
3408
3482
3485
3251
2602
1867
1115
101
-1011
-1997
-2880
-3448
-3695
-4016
-4245
-4036
-3657
-3136
-2373
-1638
-790
29
494
852
1438
1923
2012
2051
1980
1640
1148
587
-99
-612
-1070
-1749
-2300
-2557
-2688
-2764
-2678
-2507
-2200
-1716
-1180
-663
-4
625
1033
1341
1545
1647
1609
1481
1288
1193
1077
864
747
740
776
773
957
1115
1283
1672
1853
1823
1812
1639
1095
691
492
27
-369
-554
-794
-933
-711
-598
-455
-69
184
383
724
968
993
1122
1089
810
713
681
377
220
243
-5
-218
-314
-659
-1037
-1197
-1453
-1633
-1439
-1141
-850
-412
4
218
401
487
376
266
-6
-320
-537
-708
-844
-843
-682
-555
-317
-31
147
554
1058
1591
2262
2803
3159
3351
3424
3195
2654
2059
1278
273
-686
-1681
-2726
-3522
-4221
-4758
-4877
-4717
-4326
-3658
-2839
-1920
-893
5
631
1141
1575
1669
1628
1677
1484
1211
963
579
161
-221
-723
-1318
-1838
-2255
-2577
-2778
-2757
-2685
-2420
-1967
-1474
-811
-112
458
951
1376
1642
1756
1742
1549
1313
1166
958
775
696
728
755
948
1369
1689
2013
2302
2322
2164
2039
1766
1279
890
516
35
-381
-557
-728
-801
-702
-576
-394
-97
224
538
849
1068
1197
1175
1063
908
809
628
359
231
67
-251
-481
-615
-900
-1114
-1172
-1246
-1313
-1198
-1006
-898
-682
-363
-103
122
332
477
429
255
-38
-393
-666
-873
-1028
-1003
-851
-519
-250
159
714
1224
1953
2640
3099
3366
3657
3583
3205
2772
2185
1262
231
-691
-1783
-2743
-3503
-4334
-4867
-5021
-4991
-4586
-3831
-3027
-2051
-998
-150
513
1219
1707
1814
1942
1950
1705
1388
1057
626
234
-147
-618
-1117
-1516
-1886
-2237
-2434
-2596
-2638
-2474
-2255
-1953
-1434
-824
-294
251
809
1234
1480
1647
1663
1557
1493
1255
968
777
567
443
558
930
1401
1928
2376
2601
2575
2396
1976
1481
941
356
-143
-657
-1080
-1313
-1401
-1394
-1161
-796
-348
148
676
1085
1413
1739
1723
1621
1521
1246
935
703
413
90
-112
-366
-651
-821
-906
-1020
-1092
-1008
-943
-808
-627
-499
-391
-246
-139
-33
201
356
282
250
86
-240
-522
-702
-868
-971
-826
-722
-423
103
684
1428
2283
2952
3339
3721
3836
3517
3151
2612
1653
609
-361
-1481
-2481
-3266
-4075
-4707
-4978
-5038
-4806
-4249
-3511
-2659
-1740
-908
-173
697
1310
1632
1985
2157
2053
1866
1630
1208
755
316
-169
-653
-983
-1245
-1548
-1768
-1982
-2148
-2191
-2193
-2045
-1795
-1510
-1168
-770
-351
34
397
706
980
1259
1436
1448
1356
1231
1063
1002
1227
1416
1682
1996
2291
2432
2485
2490
2085
1599
1135
479
-126
-574
-1107
-1506
-1615
-1641
-1538
-1185
-772
-436
44
502
826
1320
1630
1654
1712
1643
1335
1057
854
444
6
-266
-532
-861
-970
-1045
-1192
-1174
-1083
-971
-796
-556
-383
-235
-65
92
196
276
272
89
-70
-337
-561
-696
-783
-790
-756
-559
-280
121
688
1464
2156
2712
3172
3545
3755
3700
3544
3140
2440
1599
556
-559
-1577
-2526
-3528
-4352
-4898
-5186
-5070
-4698
-4040
-3231
-2441
-1662
-941
-81
711
1319
1857
2194
2332
2300
2098
1822
1455
900
289
-328
-798
-1176
-1464
-1687
-1868
-1955
-1987
-1985
-1920
-1748
-1578
-1422
-1210
-926
-652
-364
-58
279
640
952
1124
1267
1424
1510
1712
1848
1861
1951
2085
2127
2186
2311
2176
1827
1500
1045
472
-2
-484
-1021
-1372
-1659
-1816
-1618
-1307
-960
-499
37
451
886
1284
1518
1658
1731
1620
1397
1200
901
577
293
-33
-453
-800
-1030
-1224
-1344
-1281
-1183
-1076
-883
-653
-427
-182
50
159
210
186
60
-128
-317
-515
-624
-709
-751
-689
-575
-408
-189
134
585
1191
1799
2331
2766
3161
3417
3430
3351
3140
2688
2041
1320
407
-533
-1459
-2520
-3414
-4110
-4628
-4837
-4756
-4291
-3678
-2975
-2214
-1546
-778
-41
558
1164
1664
2026
2220
2237
2120
1837
1339
786
196
-360
-779
-1176
-1459
-1626
-1697
-1747
-1728
-1700
-1561
-1430
-1310
-1188
-1074
-892
-734
-536
-229
58
343
548
674
814
916
1169
1468
1682
1945
2143
2160
2186
2259
2161
1892
1628
1262
724
277
-191
-686
-1106
-1469
-1755
-1842
-1695
-1396
-937
-421
97
535
921
1307
1629
1851
1910
1770
1510
1238
919
559
211
-169
-573
-879
-1082
-1167
-1187
-1074
-928
-771
-472
-225
-29
172
284
310
285
217
91
-134
-368
-576
-766
-810
-670
-533
-349
-101
161
424
802
1263
1759
2215
2506
2728
2884
2880
2745
2597
2316
1920
1435
761
1
-751
-1560
-2367
-3102
-3685
-4074
-4246
-4140
-3890
-3507
-2995
-2476
-1867
-1158
-486
177
778
1308
1671
1821
1902
1829
1614
1305
866
370
-144
-600
-988
-1293
-1484
-1579
-1607
-1569
-1515
-1439
-1362
-1267
-1128
-993
-830
-616
-420
-209
7
196
341
478
630
865
1185
1512
1798
1977
2127
2202
2195
2201
2142
1952
1636
1212
729
233
-276
-736
-1175
-1514
-1735
-1771
-1614
-1356
-991
-561
-230
185
670
1065
1412
1634
1707
1645
1541
1373
1101
765
366
-77
-491
-850
-1131
-1289
-1342
-1289
-1138
-934
-689
-440
-140
115
276
349
357
277
145
-18
-209
-303
-418
-505
-530
-448
-269
-33
243
608
1142
1711
2203
2514
2814
3007
3006
3028
2971
2728
2318
1772
1037
315
-366
-1172
-2004
-2750
-3345
-3755
-3971
-3955
-3728
-3448
-3158
-2772
-2256
-1626
-973
-321
278
813
1254
1529
1703
1730
1584
1303
944
536
120
-262
-647
-964
-1187
-1368
-1538
-1592
-1569
-1503
-1443
-1363
-1248
-1114
-926
-745
-539
-243
2
167
324
498
632
765
939
1160
1445
1811
2096
2201
2241
2148
2003
1840
1653
1438
1127
717
227
-237
-647
-1069
-1400
-1584
-1671
-1649
-1506
-1262
-895
-470
-74
282
610
869
1083
1249
1357
1391
1347
1143
901
639
310
-59
-453
-739
-931
-1065
-1108
-1012
-892
-785
-684
-622
-520
-428
-335
-227
-133
-73
-4
-15
-91
-78
-44
-13
95
259
370
513
634
865
1304
1760
2124
2380
2536
2661
2754
2751
2722
2619
2230
1755
1211
514
-133
-840
-1537
-2218
-2771
-3200
-3498
-3588
-3563
-3454
-3342
-3083
-2647
-2096
-1512
-908
-349
95
510
801
989
1128
1119
948
732
513
285
51
-219
-436
-582
-737
-852
-970
-1032
-1075
-1145
-1146
-1063
-925
-772
-647
-496
-279
-27
208
363
517
682
822
1033
1207
1421
1674
1799
1785
1826
1805
1615
1459
1274
1076
774
477
156
-121
-321
-551
-702
-859
-933
-978
-983
-867
-712
-539
-384
-213
-37
141
339
520
627
699
714
636
561
435
300
184
39
-101
-218
-293
-358
-429
-479
-557
-665
-727
-713
-713
-694
-673
-648
-598
-553
-408
-266
-63
112
297
483
655
790
874
961
1069
1211
1414
1749
2083
2355
2388
2350
2369
2248
2113
1962
1715
1425
1021
497
33
-399
-860
-1339
-1768
-2177
-2583
-2838
-2981
-2980
-2884
-2787
-2624
-2348
-2005
-1579
-1135
-771
-418
-159
-1
122
183
253
300
308
346
316
245
133
4
-104
-248
-422
-606
-749
-802
-825
-791
-686
-624
-552
-395
-233
-2
275
477
593
737
879
1028
1197
1306
1384
1340
1250
1134
1024
915
781
633
526
407
250
200
77
-20
-83
-194
-325
-446
-468
-504
-533
-502
-480
-447
-353
-294
-179
-65
-33
3
-9
-14
-22
-40
22
106
149
176
178
147
110
40
-46
-112
-224
-347
-502
-644
-775
-821
-791
-723
-557
-403
-257
-119
101
305
543
798
1030
1194
1269
1336
1355
1398
1465
1604
1823
2004
2094
2031
1866
1708
1554
1352
1218
1083
981
920
694
424
104
-296
-714
-1161
-1522
-1823
-2100
-2274
-2408
-2427
-2430
-2518
-2512
-2386
-2251
-2023
-1822
-1582
-1271
-1002
-678
-363
-56
180
341
419
421
431
384
207
62
-22
-172
-289
-378
-411
-395
-338
-223
-159
-66
23
87
204
374
520
588
589
582
559
572
614
560
531
517
510
561
592
601
629
635
608
608
535
433
318
160
76
-99
-265
-364
-480
-500
-550
-613
-612
-639
-589
-491
-461
-408
-375
-321
-222
-119
28
99
175
272
320
389
384
321
250
145
10
-125
-221
-292
-384
-368
-290
-254
-158
-48
44
156
278
393
495
607
743
895
1043
1220
1370
1447
1439
1415
1331
1234
1241
1282
1404
1477
1443
1329
1216
1205
1219
1193
1141
1029
849
598
311
69
-239
-631
-1068
-1518
-1847
-2077
-2257
-2391
-2523
-2637
-2759
-2828
-2693
-2460
-2197
-1930
-1655
-1341
-1012
-690
-381
-106
114
248
315
379
395
387
367
315
293
277
217
198
237
302
317
268
239
174
88
49
7
-23
-41
-123
-190
-196
-203
-171
-69
46
154
321
441
417
516
567
523
558
503
379
254
90
-79
-210
-321
-488
-626
-696
-781
-806
-798
-769
-680
-616
-519
-390
-314
-230
-115
-7
59
159
141
120
134
98
138
136
129
112
103
140
238
316
355
407
461
484
522
565
579
650
684
773
888
922
987
1051
1082
1101
1117
1131
1148
1213
1218
1194
1236
1291
1328
1405
1477
1564
1600
1439
1278
1158
1051
970
866
699
515
320
14
-301
-554
-783
-1110
-1403
-1694
-1862
-1939
-2066
-2132
-2242
-2335
-2388
-2407
-2314
-2100
-1895
-1754
-1563
-1319
-1053
-795
-531
-289
-98
134
291
474
642
748
777
745
700
637
518
363
254
110
-56
-224
-351
-437
-479
-477
-485
-471
-419
-367
-305
-180
8
122
154
159
103
51
110
159
131
112
32
-195
-347
-417
-492
-499
-574
-687
-757
-767
-719
-678
-615
-534
-534
-580
-560
-511
-479
-476
-440
-372
-286
-155
-56
47
209
308
421
565
688
789
860
926
989
1036
1032
999
936
879
846
796
755
734
700
658
656
645
650
697
800
929
1061
1205
1308
1412
1519
1605
1680
1734
1731
1647
1552
1513
1486
1448
1342
1083
742
447
245
138
76
-12
-149
-234
-308
-421
-510
-565
-700
-892
-1094
-1321
-1476
-1653
-1854
-1995
-2106
-2200
-2197
-2114
-1950
-1761
-1565
-1353
-1061
-724
-445
-160
138
359
511
615
637
597
487
332
176
57
-44
-177
-293
-343
-380
-413
-426
-444
-485
-509
-550
-547
-509
-499
-496
-430
-365
-321
-351
-399
-471
-490
-421
-440
-419
-363
-484
-555
-512
-503
-389
-304
-296
-329
-389
-454
-533
-566
-603
-739
-859
-907
-926
-824
-749
-644
-499
-374
-149
74
291
545
683
784
879
1007
1114
1178
1209
1161
1099
1060
1005
957
913
796
721
626
565
538
504
534
580
645
784
956
1095
1281
1462
1654
1865
2004
2056
2069
2006
1870
1717
1517
1293
1018
739
515
382
327
302
287
214
89
64
126
277
416
435
378
257
108
-65
-236
-399
-619
-898
-1180
-1410
-1491
-1509
-1509
-1496
-1511
-1541
-1471
-1319
-1089
-820
-659
-569
-563
-493
-398
-325
-258
-256
-258
-272
-272
-197
-135
-123
-142
-191
-225
-238
-276
-287
-341
-410
-495
-621
-695
-792
-885
-958
-1028
-1080
-1157
-1214
-1258
-1293
-1239
-1119
-1002
-787
-553
-441
-359
-295
-250
-254
-284
-353
-469
-515
-546
-610
-616
-624
-716
-718
-713
-669
-546
-436
-314
-228
-97
67
232
446
665
807
889
941
1015
1116
1186
1222
1166
1102
1069
1035
1036
1008
946
866
776
730
722
769
848
893
993
1079
1179
1312
1423
1510
1542
1533
1484
1436
1385
1312
1180
1019
868
708
596
549
457
326
204
97
14
40
171
282
361
394
315
286
353
457
609
674
657
581
450
333
306
281
226
107
-112
-299
-483
-644
-787
-915
-1072
-1308
-1504
-1624
-1586
-1444
-1319
-1250
-1172
-1086
-949
-758
-567
-364
-230
-157
-164
-184
-191
-232
-236
-269
-332
-470
-658
-797
-884
-955
-1013
-1139
-1290
-1357
-1379
-1318
-1241
-1218
-1184
-1128
-1067
-1032
-1069
-1102
-1132
-1117
-1014
-911
-813
-652
-630
-591
-477
-419
-313
-193
-147
-108
-78
-36
13
45
86
103
131
145
189
310
347
408
443
457
498
547
588
686
777
868
956
963
1002
1018
1044
1071
1111
1196
1262
1323
1360
1346
1326
1247
1182
1128
1099
1078
1038
1008
988
964
938
917
917
917
893
884
795
730
685
594
524
475
379
309
240
123
90
112
151
215
308
454
545
585
677
763
927
1126
1224
1222
1145
939
709
527
338
164
-55
-305
-584
-817
-977
-1116
-1246
-1378
-1502
-1519
-1498
-1429
-1307
-1195
-1110
-1047
-966
-852
-751
-661
-620
-619
-600
-654
-746
-770
-846
-926
-962
-1014
-1046
-1075
-1089
-1098
-1141
-1158
-1224
-1309
-1354
-1422
-1473
-1464
-1406
-1343
-1272
-1215
-1187
-1133
-1020
-894
-701
-539
-437
-318
-257
-172
-51
44
131
214
276
306
287
263
275
262
250
197
193
219
212
265
309
294
309
366
475
600
748
890
1009
1125
1209
1285
1349
1369
1354
1335
1287
1231
1164
1106
1006
917
838
767
694
659
657
622
610
629
636
662
685
675
647
638
636
614
589
581
571
577
603
608
649
679
687
693
694
660
587
558
570
574
670
682
623
619
602
639
719
762
746
723
627
514
454
354
248
109
-86
-304
-477
-617
-738
-899
-1089
-1222
-1314
-1370
-1389
-1336
-1292
-1253
-1225
-1207
-1155
-1063
-1007
-926
-829
-771
-764
-807
-867
-931
-1008
-1090
-1161
-1214
-1244
-1302
-1323
-1323
-1322
-1299
-1307
-1313
-1323
-1296
-1248
-1202
-1110
-1015
-957
-907
-882
-811
-714
-567
-391
-291
-154
-64
-23
115
187
193
240
179
168
204
205
265
269
244
202
160
192
252
383
482
542
676
725
779
906
957
1005
1069
1075
1110
1168
1197
1194
1162
1102
1036
968
923
874
860
801
695
649
570
507
511
508
502
510
467
463
495
584
674
690
703
654
625
649
639
625
611
566
531
523
495
458
432
385
344
338
402
481
521
556
571
567
558
613
669
743
829
847
806
773
733
666
570
429
304
172
29
-146
-267
-410
-601
-747
-886
-1001
-1088
-1168
-1220
-1251
-1306
-1342
-1383
-1434
-1454
-1455
-1454
-1443
-1453
-1434
-1446
-1463
-1440
-1444
-1467
-1484
-1487
-1478
-1467
-1444
-1389
-1349
-1308
-1298
-1223
-1119
-1041
-927
-856
-801
-761
-707
-651
-552
-495
-490
-461
-402
-317
-226
-119
-30
67
178
314
419
515
600
640
699
700
728
755
726
711
693
666
612
580
573
560
560
597
656
716
766
816
854
882
911
930
920
926
911
866
809
742
718
714
670
640
574
544
531
509
499
485
471
488
521
575
632
658
701
711
704
714
693
703
741
741
739
722
656
604
579
571
570
554
580
610
634
657
697
783
796
779
777
749
771
763
716
640
576
479
338
195
63
-62
-204
-356
-527
-671
-795
-931
-1026
-1088
-1179
-1239
-1284
-1304
-1293
-1324
-1374
-1423
-1459
-1479
-1491
-1485
-1459
-1438
-1430
-1446
-1450
-1405
-1393
-1367
-1334
-1280
-1223
-1175
-1141
-1118
-1083
-1064
-1030
-979
-902
-852
-813
-805
-784
-752
-703
-606
-534
-439
-318
-220
-127
-20
83
189
244
279
315
316
369
364
326
324
266
217
234
248
273
289
268
265
262
293
333
386
470
559
662
734
815
875
891
902
897
890
869
816
759
706
631
583
531
502
491
466
494
560
597
649
691
711
740
763
792
867
926
961
962
917
914
914
942
978
982
997
976
966
952
917
864
782
745
706
666
666
671
677
652
649
667
657
622
576
533
519
500
443
350
288
230
182
120
8
-62
-194
-337
-445
-595
-723
-859
-1022
-1165
-1256
-1331
-1435
-1487
-1522
-1542
-1581
-1620
-1656
-1685
-1680
-1654
-1613
-1595
-1563
-1527
-1474
-1401
-1296
-1212
-1183
-1129
-1035
-930
-835
-772
-759
-747
-744
-719
-664
-656
-671
-682
-678
-652
-560
-492
-422
-323
-289
-267
-215
-170
-76
8
42
62
65
56
37
50
81
99
140
147
164
213
207
212
243
256
293
320
344
377
409
434
449
475
502
499
523
558
550
554
534
512
524
560
615
685
733
770
814
883
933
971
1065
1112
1131
1155
1180
1185
1190
1190
1180
1177
1175
1141
1107
1100
1047
1022
963
928
924
919
886
810
713
580
529
488
488
486
487
479
434
426
406
406
449
448
439
473
467
504
515
436
376
267
104
-34
-151
-250
-360
-497
-653
-820
-965
-1091
-1215
-1297
-1381
-1441
-1477
-1501
-1477
-1422
-1419
-1366
-1329
-1298
-1231
-1203
-1151
-1104
-1054
-1028
-1027
-1045
-1034
-1031
-995
-993
-1017
-989
-978
-948
-923
-881
-846
-862
-881
-895
-912
-881
-834
-787
-722
-618
-575
-571
-522
-466
-415
-347
-273
-224
-221
-203
-154
-108
-68
-14
38
69
99
136
171
200
210
177
160
164
183
215
244
297
337
363
403
439
504
570
628
682
756
821
881
931
972
1029
1081
1112
1137
1167
1210
1223
1226
1240
1241
1231
1199
1186
1181
1170
1145
1101
1045
1008
965
924
924
924
888
838
783
752
732
698
675
642
608
602
590
598
600
586
565
554
592
623
610
583
541
493
452
387
286
216
121
4
-108
-214
-325
-405
-469
-499
-495
-534
-610
-701
-774
-849
-885
-941
-999
-1012
-1041
-1058
-1111
-1164
-1185
-1226
-1224
-1191
-1180
-1172
-1155
-1151
-1144
-1147
-1144
-1168
-1184
-1182
-1177
-1173
-1160
-1153
-1147
-1114
-1086
-1069
-1082
-1111
-1103
-1070
-999
-912
-859
-809
-760
-718
-685
-621
-542
-480
-432
-375
-349
-318
-291
-270
-229
-219
-212
-206
-183
-115
-43
27
81
122
163
209
267
332
398
482
555
617
650
664
698
736
814
908
948
1007
1063
1110
1196
1237
1241
1215
1195
1186
1217
1222
1216
1162
1059
1020
998
1018
1058
1063
1053
1022
998
987
969
973
951
924
910
867
847
856
841
802
760
712
657
614
583
550
495
469
445
395
353
329
321
320
312
305
307
316
323
298
295
271
222
156
69
-3
-75
-154
-216
-283
-392
-483
-595
-685
-749
-818
-877
-947
-1000
-1034
-1047
-1039
-1065
-1106
-1107
-1132
-1141
-1096
-1075
-1066
-1065
-1045
-1050
-1044
-1074
-1102
-1113
-1127
-1139
-1156
-1162
-1179
-1155
-1127
-1090
-1082
-1104
-1100
-1085
-1010
-933
-912
-868
-857
-884
-835
-787
-736
-662
-625
-574
-522
-451
-351
-277
-190
-148
-142
-125
-134
-97
-30
51
115
148
196
255
282
316
365
418
462
524
581
648
708
746
759
787
826
848
891
943
958
967
985
987
1002
1020
1020
1032
1054
1039
1029
1031
1041
1030
1028
1020
999
999
1014
1011
990
970
918
878
855
813
802
767
721
671
625
633
636
632
603
554
506
524
567
573
587
563
529
522
538
557
553
523
469
433
385
313
286
225
131
53
-40
-152
-241
-319
-413
-484
-541
-606
-649
-700
-732
-742
-770
-819
-897
-919
-941
-970
-977
-1012
-1028
-1043
-1042
-1050
-1029
-1015
-1045
-1051
-1064
-1114
-1141
-1151
-1170
-1197
-1184
-1173
-1187
-1204
-1207
-1206
-1179
-1100
-1061
-990
-918
-882
-857
-817
-772
-726
-673
-614
-554
-517
-514
-482
-445
-401
-356
-328
-303
-244
-163
-72
-11
12
10
23
52
112
195
250
320
348
382
449
500
529
561
607
629
665
700
726
756
796
815
865
938
952
982
995
978
960
936
925
934
971
979
959
916
904
884
867
853
840
826
813
807
808
796
781
756
713
689
674
659
638
620
604
571
559
580
597
619
655
644
622
593
550
561
579
576
538
494
430
346
301
267
222
167
119
68
17
-38
-108
-183
-259
-306
-359
-391
-435
-502
-548
-594
-618
-653
-682
-714
-766
-821
-879
-910
-937
-978
-1024
-1080
-1126
-1156
-1167
-1172
-1173
-1193
-1210
-1196
-1181
-1164
-1141
-1141
-1143
-1142
-1159
-1136
-1126
-1097
-1066
-1038
-1018
-988
-945
-902
-838
-802
-758
-710
-668
-624
-558
-457
-419
-364
-297
-232
-165
-108
-67
-6
28
85
136
162
212
259
333
379
415
457
529
561
607
646
661
697
744
792
834
864
857
839
837
860
859
876
905
923
958
961
941
915
899
911
930
952
921
878
808
730
693
681
693
673
634
599
575
550
519
523
543
516
513
507
494
479
457
443
434
435
444
469
480
490
487
458
428
402
365
337
293
249
201
147
74
12
-23
-61
-85
-120
-172
-214
-249
-295
-345
-380
-411
-449
-490
-522
-521
-547
-553
-580
-615
-611
-618
-626
-616
-637
-674
-691
-716
-746
-760
-794
-841
-854
-878
-903
-921
-936
-971
-995
-1008
-1011
-989
-985
-948
-919
-915
-895
-853
-824
-793
-752
-712
-665
-617
-555
-502
-448
-388
-360
-314
-258
-209
-171
-137
-105
-75
-45
-2
53
101
138
159
155
175
214
252
296
337
367
410
445
480
517
571
592
614
653
680
721
720
715
731
736
726
710
691
662
650
638
623
620
592
575
551
522
517
523
489
478
473
458
433
387
370
330
326
341
310
297
315
311
337
340
342
336
309
324
338
367
375
350
341
347
358
351
320
296
262
209
182
173
144
130
91
72
68
57
54
44
24
8
-15
-57
-81
-99
-102
-99
-134
-163
-199
-253
-282
-313
-348
-373
-394
-441
-488
-524
-547
-568
-584
-591
-608
-621
-644
-673
-688
-681
-683
-689
-693
-685
-687
-685
-680
-677
-684
-682
-679
-676
-660
-639
-603
-573
-542
-503
-491
-489
-450
-415
-391
-363
-335
-312
-297
-246
-223
-187
-139
-110
-79
-44
-16
39
89
142
201
240
284
294
304
301
300
322
341
354
357
382
398
394
400
405
413
409
425
437
429
409
374
374
386
355
367
369
334
321
306
324
321
320
325
297
288
295
304
316
315
319
286
266
261
259
241
243
257
261
263
259
245
253
266
259
275
270
274
303
334
354
368
358
346
338
350
354
349
344
339
313
282
272
242
214
212
195
156
152
142
119
67
4
-38
-51
-72
-94
-113
-170
-198
-212
-221
-241
-293
-328
-353
-390
-399
-422
-463
-508
-532
-551
-564
-575
-603
-629
-669
-669
-670
-672
-662
-699
-730
-740
-738
-706
-672
-626
-595
-591
-570
-540
-528
-483
-435
-399
-376
-362
-326
-272
-231
-175
-147
-142
-104
-74
-52
-21
13
29
16
31
40
50
74
85
89
74
84
92
111
127
123
104
105
97
107
107
113
109
131
135
137
152
181
185
204
241
238
257
247
272
289
309
310
325
319
294
266
269
310
332
371
373
360
372
360
381
417
452
463
450
468
490
499
509
540
556
537
552
570
575
585
571
557
522
488
439
415
411
405
382
372
359
339
312
287
269
247
220
185
182
134
73
25
-4
-50
-69
-80
-99
-105
-136
-177
-240
-284
-317
-353
-361
-380
-403
-442
-460
-474
-503
-537
-548
-575
-595
-615
-654
-653
-679
-699
-700
-684
-664
-667
-660
-636
-631
-622
-622
-610
-601
-568
-544
-503
-451
-439
-437
-430
-398
-369
-325
-292
-270
-255
-238
-205
-171
-127
-94
-91
-94
-86
-90
-60
-33
-23
-33
-41
-40
-34
-20
-2
-8
-6
15
36
48
56
84
109
144
156
183
208
206
210
208
235
248
243
270
281
271
276
284
300
318
347
369
388
400
413
441
452
454
456
477
487
505
518
543
544
541
549
564
578
584
587
544
515
502
507
515
497
485
485
465
451
430
412
394
360
324
303
281
250
214
188
177
140
98
83
55
37
37
12
-18
-45
-72
-86
-123
-156
-199
-256
-281
-332
-378
-412
-453
-479
-512
-534
-541
-539
-546
-562
-565
-574
-583
-570
-584
-588
-582
-575
-574
-545
-545
-539
-510
-494
-481
-485
-475
-461
-441
-421
-396
-380
-381
-382
-339
-288
-292
-290
-278
-275
-244
-211
-173
-153
-156
-138
-118
-99
-67
-57
-56
-53
-56
-63
-47
-20
26
48
55
51
53
78
87
104
111
99
92
111
110
118
131
156
155
174
218
225
224
255
258
276
314
317
313
332
356
351
350
357
375
368
381
388
401
435
436
460
478
498
503
507
504
493
486
498
483
456
479
445
407
390
352
322
314
309
309
298
278
261
251
245
255
252
224
191
170
137
107
75
49
33
-3
-26
-66
-102
-98
-113
-130
-143
-191
-233
-251
-270
-315
-354
-383
-411
-423
-415
-412
-422
-448
-471
-486
-490
-478
-482
-487
-488
-486
-471
-433
-419
-415
-411
-398
-393
-389
-372
-352
-333
-327
-305
-286
-251
-240
-232
-214
-199
-198
-197
-168
-139
-126
-117
-136
-156
-146
-142
-139
-135
-128
-146
-142
-126
-132
-141
-132
-112
-95
-89
-70
-51
-21
-13
-10
-9
-12
-10
-1
28
40
58
73
95
136
166
204
206
200
237
241
237
249
263
262
257
263
267
308
338
345
366
379
387
374
376
403
418
432
434
468
488
489
494
478
446
428
408
409
379
350
356
337
316
304
292
254
225
212
183
160
135
97
69
66
63
42
13
1
-4
-10
-11
-3
-6
-26
-48
-74
-78
-88
-93
-102
-133
-148
-154
-162
-165
-184
-196
-209
-241
-271
-282
-298
-307
-294
-295
-314
-334
-338
-358
-355
-317
-316
-312
-298
-299
-305
-288
-270
-273
-277
-281
-262
-235
-212
-197
-207
-191
-172
-157
-147
-129
-136
-167
-181
-186
-208
-206
-212
-225
-208
-193
-181
-182
-170
-168
-165
-138
-129
-113
-93
-86
-54
-22
10
19
29
26
36
61
64
71
69
75
66
66
61
49
56
57
60
58
53
70
79
87
91
101
100
108
135
141
144
140
137
155
157
186
215
240
275
295
319
335
342
352
347
329
331
307
310
300
287
290
279
294
293
295
291
265
247
222
209
234
248
232
219
181
178
198
204
204
192
174
132
107
115
126
124
103
69
39
21
30
22
11
-15
-58
-80
-85
-101
-114
-112
-159
-192
-188
-208
-209
-207
-213
-199
-192
-189
-180
-180
-210
-225
-242
-237
-218
-210
-225
-239
-256
-271
-261
-256
-235
-210
-217
-247
-261
-264
-255
-234
-239
-263
-258
-246
-226
-229
-233
-217
-219
-210
-196
-186
-200
-220
-219
-186
-172
-165
-161
-177
-174
-157
-140
-138
-127
-134
-156
-159
-161
-145
-121
-128
-107
-68
-52
-46
-32
4
16
39
53
50
27
34
43
53
69
92
99
115
160
169
197
187
174
152
146
193
222
242
259
267
269
293
295
303
304
294
306
314
322
325
343
368
375
372
383
385
378
396
406
410
405
387
366
348
351
334
313
300
284
264
250
211
179
158
123
110
112
108
91
77
59
41
23
9
-5
-27
-30
-25
-52
-52
-59
-89
-98
-139
-165
-196
-208
-210
-247
-243
-252
-249
-233
-237
-248
-268
-285
-293
-305
-315
-319
-333
-325
-329
-334
-323
-301
-324
-305
-272
-279
-268
-252
-256
-253
-231
-252
-253
-252
-239
-238
-235
-229
-248
-271
-278
-265
-249
-239
-261
-244
-245
-237
-225
-216
-214
-215
-205
-195
-172
-162
-146
-128
-115
-90
-62
-33
-23
-7
4
27
54
70
79
99
111
104
103
95
118
138
162
176
191
214
212
231
247
255
268
292
290
313
339
338
334
322
341
345
339
338
325
325
352
354
364
376
383
383
362
351
336
304
289
278
259
271
283
296
281
255
242
236
225
206
187
175
141
124
105
92
85
58
58
38
22
20
4
-28
-34
-46
-57
-87
-114
-113
-113
-120
-114
-117
-129
-145
-154
-179
-213
-237
-249
-233
-236
-234
-269
-297
-287
-256
-241
-228
-225
-226
-240
-240
-242
-268
-277
-302
-304
-288
-289
-281
-283
-272
-250
-248
-226
-206
-211
-223
-212
-174
-156
-152
-147
-148
-151
-136
-126
-120
-122
-135
-137
-126
-127
-133
-131
-120
-116
-122
-128
-131
-121
-86
-39
-19
-15
-9
-8
8
40
53
58
56
55
50
61
81
109
111
113
133
167
190
211
224
209
185
179
192
203
218
213
217
219
214
221
230
232
231
221
207
221
222
221
227
238
245
220
228
242
231
234
240
219
192
191
182
154
121
97
80
65
73
102
101
103
119
107
90
67
53
30
19
19
9
-5
-29
-61
-65
-50
-40
-36
-38
-28
-17
-18
-30
-42
-49
-62
-71
-72
-79
-95
-101
-91
-86
-82
-84
-115
-136
-157
-175
-173
-190
-189
-183
-176
-174
-167
-163
-170
-168
-149
-142
-150
-159
-170
-160
-165
-186
-181
-178
-169
-169
-157
-148
-138
-115
-98
-69
-68
-81
-78
-80
-82
-68
-51
-49
-37
-24
1
-1
-12
-16
-26
-31
-43
-51
-55
-55
-48
-40
-45
-22
-15
-6
-1
14
32
55
59
29
26
18
30
29
30
22
38
55
85
92
94
106
98
84
77
88
88
92
106
132
135
133
142
159
162
171
176
175
178
172
169
161
137
119
113
120
119
123
121
119
139
134
126
128
121
100
104
94
85
65
55
46
42
52
45
40
29
43
38
48
42
10
-4
-20
-24
-32
-40
-43
-58
-55
-50
-50
-52
-67
-73
-84
-76
-79
-85
-99
-103
-92
-88
-68
-71
-52
-45
-46
-42
-46
-50
-65
-77
-70
-71
-68
-77
-84
-63
-59
-64
-45
-31
-45
-79
-92
-105
-110
-106
-113
-112
-103
-104
-97
-101
-102
-103
-105
-92
-82
-70
-73
-81
-85
-80
-70
-60
-57
-58
-74
-66
-79
-79
-72
-77
-67
-62
-60
-59
-76
-64
-43
-42
-28
-15
-6
-7
-9
10
40
52
58
77
69
65
86
92
107
108
104
108
107
111
126
121
103
105
116
122
130
126
101
97
98
97
107
106
98
90
70
73
77
80
73
65
66
63
54
50
72
75
69
72
66
70
84
84
79
57
40
38
29
25
21
10
12
14
19
31
45
47
23
12
21
21
28
31
8
-4
-17
-7
-10
4
7
-11
-13
-1
8
4
3
-3
-17
-32
-44
-49
-46
-45
-51
-59
-61
-53
-43
-39
-30
-37
-50
-67
-90
-97
-96
-102
-117
-131
-138
-132
-125
-107
-106
-114
-122
-122
-106
-87
-76
-76
-81
-92
-96
-92
-82
-84
-80
-78
-77
-68
-65
-51
-43
-46
-50
-57
-61
-47
-44
-47
-27
-20
-14
0
10
9
16
20
18
4
7
11
5
19
33
43
45
51
54
62
59
58
63
72
78
77
66
71
82
77
80
89
80
71
66
67
62
56
51
41
33
26
34
32
32
36
39
50
51
36
40
32
30
38
36
41
41
45
44
54
58
71
73
59
55
59
51
46
50
50
39
37
40
39
49
57
67
53
37
33
24
20
16
22
21
21
19
9
-6
-11
1
-6
-5
-1
-11
-21
-28
-25
-22
-29
-35
-40
-49
-57
-59
-52
-56
-60
-47
-54
-57
-63
-63
-65
-71
-80
-79
-73
-79
-68
-58
-60
-68
-69
-70
-63
-58
-53
-53
-51
-40
-41
-36
-37
-29
-25
-14
-7
-16
-19
-28
-36
-41
-37
-36
-39
-35
-22
-19
-20
-18
-17
-8
2
4
-2
2
-3
-10
5
0
-5
-4
0
15
22
29
39
37
36
33
25
11
16
11
6
9
20
20
35
32
21
31
28
27
24
26
20
19
19
20
18
17
13
24
31
25
28
30
35
39
38
48
39
36
35
36
40
35
39
37
38
34
49
51
47
55
59
56
45
44
44
40
28
22
21
13
5
5
9
4
6
10
6
9
5
-7
-9
-20
-21
-17
-9
-11
-32
-40
-32
-18
-6
-12
-25
-36
-46
-42
-47
-54
-47
-55
-74
-61
-47
-45
-45
-49
-47
-40
-34
-33
-35
-33
-37
-43
-44
-41
-40
-24
-20
-15
-14
-17
-17
-17
-12
-6
-13
-9
-14
-17
-14
-22
-26
-16
-18
-23
-16
-11
-14
-5
1
1
-2
-7
-7
-21
-24
-20
-10
-5
-4
-5
-2
-1
0
3
7
17
20
23
28
31
28
19
21
13
15
16
21
21
18
10
4
2
8
17
20
31
37
39
33
31
31
20
23
28
22
32
39
39
49
51
51
53
49
52
57
59
53
52
48
39
36
33
21
14
11
10
5
8
23
29
31
32
24
14
7
6
17
26
23
22
22
15
12
10
18
14
9
1
-18
-28
-25
-24
-24
-24
-22
-20
-22
-19
-18
-15
-12
-12
-15
-12
-21
-22
-23
-28
-22
-29
-34
-34
-32
-26
-24
-32
-32
-31
-29
-26
-32
-36
-40
-47
-52
-53
-52
-58
-59
-54
-52
-45
-45
-46
-45
-46
-42
-44
-46
-49
-60
-57
-51
-48
-37
-36
-38
-37
-34
-30
-26
-20
-25
-34
-29
-27
-25
-17
-9
-8
-1
8
4
3
-1
-2
-9
0
13
23
32
40
44
49
50
47
53
47
47
45
46
46
55
61
55
54
52
58
58
59
61
67
55
60
59
55
63
63
65
66
65
62
63
60
56
49
48
46
42
35
37
39
33
28
30
22
19
20
11
4
9
10
10
14
4
6
7
1
1
-1
-14
-26
-27
-30
-30
-22
-26
-32
-31
-29
-33
-25
-26
-20
-22
-24
-20
-27
-28
-35
-37
-36
-34
-35
-38
-45
-40
-35
-44
-47
-46
-48
-49
-49
-52
-58
-56
-53
-49
-57
-55
-52
-52
-50
-46
-42
-44
-38
-41
-34
-29
-34
-30
-26
-36
-36
-31
-31
-29
-26
-27
-24
-12
-4
-6
-5
-2
-4
-2
-4
-2
4
10
10
11
16
11
8
5
5
8
6
12
15
17
26
42
47
53
53
45
48
51
52
54
54
51
52
52
57
65
68
57
52
48
44
45
41
43
44
44
51
55
55
54
49
54
49
48
39
38
45
41
39
31
28
25
26
28
31
29
28
21
17
16
18
18
13
17
16
13
10
1
-17
-20
-21
-23
-22
-30
-37
-39
-47
-44
-38
-46
-56
-58
-57
-55
-42
-43
-45
-49
-49
-44
-46
-41
-40
-44
-53
-60
-56
-58
-66
-64
-60
-57
-57
-55
-49
-47
-42
-47
-47
-43
-44
-45
-45
-44
-40
-40
-39
-34
-25
-19
-22
-25
-24
-18
-13
-11
0
2
-4
-1
3
6
3
0
4
6
9
13
15
20
21
24
26
22
22
24
25
30
33
33
29
23
30
29
24
20
24
29
25
27
26
33
43
48
57
54
43
42
42
45
47
44
44
36
36
36
34
34
32
29
26
26
27
23
22
22
27
35
30
26
25
21
22
24
20
13
11
11
16
16
12
11
10
9
11
17
18
18
14
10
1
3
0
-6
-7
-11
-17
-20
-26
-29
-21
-17
-16
-24
-30
-35
-35
-37
-36
-38
-37
-37
-39
-36
-30
-33
-29
-26
-29
-32
-35
-37
-36
-33
-29
-30
-31
-32
-34
-35
-35
-38
-42
-41
-38
-31
-35
-31
-24
-26
-21
-13
-9
-18
-14
-15
-14
-11
-4
0
3
5
-4
-2
2
-5
-5
2
-5
-7
3
-3
0
5
0
1
-2
-6
-8
-9
-9
-9
0
10
11
16
20
22
26
30
32
37
37
30
31
31
33
30
29
27
32
34
36
34
35
31
29
27
26
24
26
24
23
28
25
23
22
22
22
27
31
31
28
30
27
27
31
31
26
20
20
19
18
12
7
3
2
4
2
3
-2
-2
-4
-6
-8
-9
-10
-13
-10
-2
0
-1
-2
-6
-10
-11
-10
-14
-10
-7
-10
-13
-15
-18
-20
-24
-28
-30
-33
-36
-39
-36
-30
-35
-37
-40
-46
-38
-32
-34
-31
-29
-35
-37
-38
-42
-41
-37
-32
-27
-21
-17
-14
-13
-13
-10
-6
-8
-9
-5
-10
-14
-11
-15
-17
-13
-16
-18
-13
-16
-16
-16
-18
-14
-12
-4
-4
-12
-8
-5
2
6
5
8
9
11
16
17
21
24
23
18
20
16
16
21
28
27
22
21
17
22
27
31
33
32
34
32
35
40
37
34
36
34
33
35
34
42
44
40
38
32
33
36
36
36
33
27
28
28
27
30
24
19
18
16
13
12
8
-2
-8
-6
-5
-3
-8
-12
-13
-19
-24
-21
-17
-20
-19
-17
-18
-17
-11
-14
-17
-14
-21
-21
-17
-13
-10
-10
-5
-3
-6
-7
-5
-8
-13
-11
-4
-4
-6
-12
-16
-14
-18
-23
-24
-30
-32
-33
-33
-23
-22
-23
-20
-21
-21
-23
-27
-34
-30
-23
-25
-20
-21
-20
-22
-21
-16
-18
-19
-21
-22
-19
-20
-21
-27
-32
-30
-26
-25
-25
-23
-24
-21
-21
-17
-12
-14
-15
-13
-5
-3
1
5
10
15
15
15
21
21
20
24
26
28
25
27
32
33
35
35
36
38
37
38
34
30
29
26
31
39
42
42
42
44
43
41
36
34
32
27
26
29
27
27
24
26
25
21
21
21
19
15
18
20
19
18
21
25
20
19
20
18
15
7
3
1
-2
-5
-6
-6
-10
-13
-11
-14
-16
-17
-14
-16
-15
-13
-16
-19
-25
-22
-20
-21
-21
-23
-28
-27
-28
-24
-23
-25
-20
-17
-14
-13
-13
-20
-23
-22
-23
-25
-25
-25
-28
-31
-26
-30
-34
-34
-35
-35
-33
-34
-38
-35
-34
-33
-30
-22
-26
-25
-20
-17
-20
-20
-16
-14
-8
-7
-8
-7
-1
-1
-1
-2
-5
-8
-6
-5
-5
-3
-8
-6
-1
2
1
1
4
3
8
10
8
10
13
18
19
18
21
21
22
