-1
0
0
1
1
0
-2
0
-2
-2
-2
-2
0
-1
-2
-3
-5
-3
-4
-3
-2
-1
0
1
0
1
1
1
3
2
4
4
4
3
1
3
2
2
2
1
2
2
1
-1
1
0
1
1
0
1
0
1
1
-1
1
0
-1
1
1
0
0
0
0
0
1
1
0
-1
0
0
-1
0
0
1
1
0
0
-1
-1
-2
-3
-2
-2
-2
-1
-2
-1
-1
-2
-1
-1
-2
-1
0
-2
-1
-1
0
0
0
0
0
-1
-2
-2
-1
1
2
1
2
1
0
0
0
0
0
-1
-1
-1
-1
0
1
1
1
2
3
3
3
2
3
1
0
0
0
1
2
2
2
1
1
2
3
2
2
1
2
2
3
3
1
0
0
0
0
1
1
1
0
0
1
1
0
0
0
1
1
2
-1
-1
-2
-1
-2
-1
-2
-1
-2
-4
-2
-4
-2
-3
-2
-2
-2
-2
-3
-2
-2
-1
-1
-1
-3
-1
-1
-1
-2
-1
-2
-3
-2
-3
-1
-2
-1
-1
-1
-1
0
-1
1
1
1
-2
0
2
1
2
2
3
2
1
2
1
0
1
1
1
1
2
1
1
0
-1
1
1
2
2
2
0
1
1
1
1
1
1
2
2
3
2
1
2
2
2
1
0
2
2
2
2
2
1
1
0
0
0
0
1
-1
-1
-1
-1
-1
-1
-1
0
0
0
0
-2
-2
-1
-1
-2
0
0
-1
-1
0
0
-1
-1
0
-3
-2
-3
-4
-3
-2
-2
-2
-3
-3
-3
-4
-3
-2
-2
-1
-1
0
1
1
1
-1
-1
-1
0
-1
-1
-1
0
1
1
1
0
1
0
0
0
2
2
1
1
2
1
1
2
3
3
4
4
4
3
4
4
5
5
4
4
4
3
4
4
5
5
4
4
2
4
5
5
3
3
3
2
-1
1
0
-1
0
-2
-2
-4
-4
-4
-4
-4
-5
-5
-5
-5
-6
-6
-7
-7
-8
-9
-10
-10
-10
-10
-8
-10
-10
-9
-10
-10
-10
-9
-9
-8
-8
-6
-6
-7
-5
-5
-4
-4
-3
-3
-2
-2
-2
-1
0
1
1
3
4
3
2
4
5
5
7
7
9
10
12
11
11
12
12
14
15
17
16
17
18
17
18
18
18
19
18
18
18
15
14
14
13
13
12
10
9
8
6
5
1
0
-2
-4
-4
-4
-6
-7
-6
-9
-9
-11
-13
-14
-16
-17
-18
-17
-20
-20
-20
-23
-23
-22
-22
-22
-21
-21
-21
-23
-22
-21
-21
-20
-19
-18
-18
-16
-15
-14
-13
-13
-12
-8
-9
-9
-7
-6
-5
-4
-1
1
2
3
5
6
7
9
8
11
13
13
13
16
18
19
19
19
21
22
24
25
27
27
29
29
31
33
35
35
35
36
37
35
33
32
31
30
29
28
26
21
18
15
13
12
9
9
6
5
5
2
-1
-4
-7
-7
-8
-9
-12
-15
-20
-22
-25
-27
-28
-29
-31
-33
-36
-39
-41
-44
-45
-47
-46
-47
-47
-47
-47
-47
-46
-44
-44
-42
-40
-39
-37
-37
-35
-34
-32
-29
-26
-23
-21
-20
-15
-14
-11
-7
-4
-1
1
3
5
7
10
13
15
18
20
21
23
25
27
27
30
32
34
34
35
36
38
40
40
42
42
42
40
41
40
40
42
42
42
43
44
43
44
44
44
45
47
48
48
50
47
45
41
39
38
38
39
37
33
28
23
18
15
12
8
3
2
-3
-6
-11
-16
-21
-24
-27
-28
-32
-35
-40
-43
-46
-48
-50
-52
-56
-59
-59
-62
-64
-67
-71
-72
-71
-72
-71
-68
-69
-69
-70
-71
-69
-69
-67
-64
-59
-56
-53
-50
-47
-43
-41
-35
-33
-27
-23
-19
-15
-11
-7
-5
1
3
8
12
14
17
20
22
25
26
29
33
37
39
41
41
43
44
45
48
48
48
50
52
54
56
55
55
55
56
54
55
55
54
54
53
54
53
53
56
56
57
56
57
58
60
63
64
64
59
56
54
53
50
49
45
42
38
30
26
20
13
10
6
4
0
-5
-10
-15
-22
-26
-31
-33
-37
-39
-43
-47
-51
-56
-60
-63
-66
-68
-70
-73
-77
-79
-82
-84
-85
-86
-86
-84
-84
-85
-85
-84
-83
-83
-83
-82
-79
-76
-74
-71
-68
-63
-61
-57
-53
-51
-47
-42
-37
-31
-27
-22
-15
-11
-8
-3
1
6
9
15
17
20
24
28
32
36
40
43
45
47
51
53
55
57
58
59
62
64
66
69
72
74
74
75
75
75
76
76
75
76
76
76
75
77
76
76
77
77
79
80
82
84
83
84
82
81
77
74
69
64
62
55
51
43
35
27
18
12
6
1
-4
-11
-17
-22
-29
-36
-41
-48
-54
-57
-60
-64
-70
-75
-82
-87
-93
-98
-101
-106
-111
-114
-117
-119
-119
-121
-123
-123
-122
-121
-118
-117
-113
-111
-109
-105
-100
-96
-89
-84
-80
-75
-71
-69
-66
-61
-53
-46
-41
-34
-29
-24
-19
-13
-6
-1
8
15
21
24
30
35
39
42
47
49
53
58
60
63
65
66
67
70
75
79
82
83
85
82
82
83
84
85
86
85
85
87
85
82
82
81
80
80
79
79
80
79
79
81
82
80
80
79
79
82
86
87
89
89
87
84
80
77
73
68
64
58
51
41
36
28
18
12
3
-4
-9
-17
-23
-29
-38
-47
-54
-60
-64
-70
-77
-83
-90
-97
-106
-115
-123
-130
-134
-139
-140
-144
-152
-158
-163
-167
-169
-167
-166
-166
-164
-163
-160
-158
-157
-154
-149
-143
-134
-127
-118
-113
-107
-101
-93
-84
-75
-63
-51
-42
-34
-24
-15
-6
5
18
30
39
49
58
64
72
76
80
84
93
100
107
114
117
117
120
123
125
128
130
132
132
133
135
135
130
130
128
127
127
128
127
123
120
114
110
108
106
106
104
102
97
92
92
94
95
93
93
90
90
88
88
90
90
89
89
82
76
65
64
57
54
47
36
27
25
18
3
-14
-29
-35
-40
-39
-53
-61
-78
-87
-97
-103
-113
-119
-125
-133
-140
-149
-163
-172
-179
-193
-199
-207
-213
-216
-220
-222
-227
-232
-236
-234
-227
-224
-217
-207
-200
-192
-182
-174
-168
-160
-149
-135
-116
-98
-84
-68
-60
-56
-48
-37
-19
-2
16
30
46
58
66
72
80
89
100
115
123
135
142
145
143
144
147
155
164
171
175
177
176
169
163
163
164
164
172
176
172
171
167
163
161
155
149
144
144
140
140
139
130
122
116
111
103
105
101
99
95
92
91
90
94
90
85
76
72
73
74
89
101
100
89
73
52
34
16
2
-4
-17
-32
-43
-55
-66
-103
-150
-180
-188
-181
-175
-180
-190
-204
-227
-252
-267
-275
-275
-262
-257
-260
-267
-276
-285
-284
-288
-299
-311
-308
-296
-277
-260
-249
-245
-246
-242
-230
-211
-187
-156
-126
-106
-95
-87
-77
-63
-45
-25
-8
11
44
72
96
113
121
123
131
150
168
191
212
223
232
236
231
227
228
228
233
227
222
221
217
217
217
221
219
221
222
225
227
225
220
208
195
179
178
177
177
177
176
166
158
148
141
129
122
120
120
118
108
97
86
76
62
57
54
53
48
46
40
47
54
62
58
41
30
13
10
19
32
38
28
10
-9
-26
-52
-72
-88
-105
-108
-117
-130
-148
-181
-223
-262
-287
-292
-284
-270
-259
-256
-263
-282
-307
-316
-308
-298
-288
-278
-271
-263
-266
-284
-303
-325
-346
-358
-375
-371
-346
-312
-282
-260
-246
-240
-240
-222
-184
-141
-83
-21
29
59
65
57
47
43
72
117
182
236
270
300
312
290
230
189
194
214
226
232
240
242
260
240
221
194
171
128
138
188
261
300
293
248
175
113
55
63
96
153
188
188
148
117
75
67
72
105
154
207
241
249
246
244
238
234
243
231
220
230
261
241
219
173
169
262
544
927
1184
1105
758
390
233
346
618
863
860
525
-56
-650
-1095
-1421
-1670
-1778
-1749
-1642
-1542
-1533
-1682
-1983
-2298
-2340
-1994
-1358
-603
40
430
538
465
418
529
792
1164
1571
1858
1899
1684
1268
737
202
-220
-451
-541
-585
-693
-932
-1337
-1861
-2349
-2627
-2602
-2293
-1808
-1276
-880
-641
-485
-305
0
433
1017
1698
2382
2949
3372
3569
3473
3098
2634
2220
1971
1846
1706
1362
683
-262
-1289
-2174
-2803
-3122
-3174
-3037
-2834
-2604
-2335
-2110
-1869
-1471
-860
-41
989
2059
2957
3561
3838
3904
3821
3743
3712
3693
3594
3240
2595
1681
601
-480
-1410
-2094
-2538
-2891
-3173
-3465
-3750
-3951
-3998
-3772
-3199
-2408
-1562
-721
34
717
1428
2079
2598
3048
3331
3513
3633
3573
3306
2818
2071
1200
380
-201
-623
-790
-904
-1006
-1130
-1562
-2359
-3176
-3535
-3324
-2616
-1774
-1214
-1156
-1541
-2180
-2483
-2329
-1942
-1324
-542
213
773
989
847
449
27
-205
7
674
1405
1865
1881
1343
466
-419
-999
-1100
-830
-450
-281
-427
-917
-1689
-2285
-2518
-2368
-1906
-1297
-629
-107
173
328
551
848
1091
1559
2140
2642
2908
2882
2567
2243
2008
1637
1323
972
467
-32
-232
-312
-509
-739
-1064
-1496
-1765
-1775
-1655
-1338
-927
-613
-298
73
343
539
864
1142
1423
1844
2202
2364
2363
2154
1799
1375
1008
797
662
569
371
-66
-648
-1229
-1670
-1854
-1821
-1658
-1532
-1252
-1045
-921
-577
-285
-5
539
1089
1559
1902
1908
1840
1797
1786
1832
1784
1694
1271
1010
601
505
834
1105
1318
1485
948
106
-657
-1263
-1476
-1339
-1326
-1594
-2015
-2753
-3620
-4245
-4679
-4778
-4395
-3707
-2695
-1671
-952
-513
-308
-209
131
823
1761
2782
3531
3701
3440
2841
2033
1239
580
65
-347
-811
-1386
-2007
-2692
-3337
-3763
-3823
-3463
-2865
-2075
-1071
-201
959
1872
1932
1733
1937
2010
2736
3967
4182
3729
3073
1609
264
125
-183
-589
-301
-431
-911
-985
-1262
-1863
-2107
-2178
-2113
-1375
-396
245
576
707
523
389
671
1218
1648
2099
2434
2336
2093
1765
1190
652
365
185
163
278
189
-80
-439
-864
-1219
-1258
-1203
-1172
-1010
-632
-211
209
675
808
822
856
708
671
796
775
887
903
654
421
10
-436
-709
-590
117
1212
2103
2631
2479
1577
573
-232
-593
-366
-179
-332
-771
-1701
-3069
-4376
-5395
-5883
-5559
-4698
-3481
-2213
-1243
-802
-636
-599
-295
482
1672
3083
4368
5057
5082
4556
3475
2305
1304
600
204
-48
-408
-891
-1693
-2732
-3585
-4211
-4260
-3787
-2695
-1433
313
1766
1976
1472
1102
500
824
2245
2829
3135
3208
2059
606
224
-700
-1546
-1276
-986
-841
13
515
-3
-552
-1058
-1522
-1295
-296
463
776
925
687
30
-241
-111
-130
15
377
584
626
758
619
296
139
51
47
366
789
1064
1243
1304
1118
879
771
574
600
645
467
440
493
306
366
295
-23
-176
-374
-565
-425
-397
-548
-410
-623
-808
-664
-712
-414
697
1510
2355
3187
3031
2187
1461
573
150
135
-79
-487
-1126
-2302
-3517
-4601
-5426
-5722
-5516
-4855
-3688
-2472
-1409
-559
-107
193
678
1328
2231
3232
3929
4255
4191
3675
2807
1781
650
-441
-1403
-2151
-2632
-2966
-3367
-3619
-3865
-3913
-3624
-2811
-1697
-432
953
2476
3666
4047
3722
3068
2214
1655
1979
1902
1656
1457
550
-946
-1511
-1980
-2610
-2303
-1496
-1049
-64
1182
1215
1033
1035
556
184
773
1227
1363
1722
1720
1093
654
392
-115
-383
-249
-265
-341
-11
157
-68
-61
-46
-324
-209
257
565
1055
1574
1635
1410
989
361
-93
-171
60
365
711
734
562
251
-196
-555
-753
-849
-336
92
225
652
521
-90
-90
216
785
1968
3129
3520
3043
2154
1038
-181
-555
-965
-1533
-2071
-2731
-3842
-4463
-5164
-5479
-5648
-5282
-4274
-2879
-1148
144
1440
1619
2051
2274
2630
3012
3487
3637
3355
3041
2325
1137
-44
-1544
-2886
-4008
-4484
-4655
-4468
-4143
-3787
-3409
-3071
-2059
-1179
-130
1151
2608
4102
5023
4718
4103
2798
1247
995
559
-7
224
-492
-1846
-1840
-2200
-2743
-2329
-1551
-1117
274
1746
2284
2559
2552
1671
975
1112
1255
1346
1459
1462
933
407
111
-262
-666
-634
-712
-785
-368
-34
75
318
472
388
451
785
1246
1791
2108
2148
2075
1895
1528
1267
997
466
233
47
-80
40
168
-123
-235
-455
-681
-506
-221
-85
293
379
504
1371
2151
2696
3422
3510
2698
1934
1010
66
-280
-723
-1534
-2276
-3415
-4704
-5659
-6329
-6580
-6266
-5518
-4245
-2684
-1129
199
1122
1632
1934
2236
2635
3199
3604
3686
3247
2493
1445
219
-950
-2129
-3200
-4105
-4630
-4794
-4617
-4198
-3676
-3157
-2416
-1424
-23
1633
2632
3144
3576
3165
2999
3382
2652
1969
1429
-339
-1633
-2100
-2896
-3218
-2822
-2481
-2137
-1273
-489
-27
741
1401
1808
2292
2662
2760
2628
2255
1827
1255
604
380
118
55
345
290
217
296
102
33
174
281
450
745
1023
1284
1646
1957
2194
2356
2416
2105
1615
1388
1173
985
1191
1302
878
568
66
-650
-731
-393
-313
-29
478
581
712
1169
1075
838
1272
1731
2352
3397
3853
3587
2903
1436
-227
-1258
-1943
-2440
-2817
-3452
-4437
-5529
-6484
-7062
-7037
-6528
-5534
-4004
-2130
-213
1502
2575
3031
3087
2752
2533
2595
2681
2626
2247
1408
297
-953
-2270
-3449
-4441
-5146
-5505
-5359
-4654
-3729
-2696
-1751
-1087
-343
510
1510
2452
3414
4475
4808
4242
3320
1667
152
-483
-1150
-1683
-1825
-2386
-3037
-3082
-2765
-2323
-1725
-880
89
1169
2445
3459
3899
3752
3143
2139
1077
549
141
-247
-230
-294
-419
-190
-5
205
540
669
842
1177
1472
1883
2239
2234
2229
2228
2153
2333
2613
2625
2315
1782
1251
865
562
775
924
545
540
372
-291
-30
329
-45
362
987
876
1508
2159
1655
1446
1781
1870
2442
3586
3927
3199
1790
-295
-2044
-2677
-2935
-3310
-3616
-4139
-5015
-6068
-6825
-7114
-7017
-6524
-5330
-3361
-1000
910
2154
2790
3000
2767
2356
2213
2428
2429
1871
1305
550
-548
-1788
-3058
-4134
-4966
-5632
-5659
-4993
-4108
-2990
-1908
-994
-77
765
1521
2212
2966
3727
4060
4104
3590
2164
623
-668
-1873
-2338
-2296
-2424
-2230
-2164
-2297
-1982
-1471
-963
97
1349
2413
3513
4142
3871
3199
2303
1114
339
-120
-465
-661
-868
-982
-845
-510
-34
595
1143
1626
2121
2397
2720
2930
2747
2526
2404
2383
2522
2857
2827
2423
1728
875
34
-296
-18
207
269
614
341
-91
34
-242
-312
296
504
851
1721
2061
2440
3080
3577
3899
4110
4336
4011
2997
1828
350
-1320
-2444
-3467
-4434
-5077
-5699
-6343
-6937
-7194
-7082
-6641
-5523
-3907
-2061
-24
1718
2875
3333
3213
2874
2423
2065
1995
1726
1147
519
-581
-1887
-3004
-4287
-5313
-5842
-5988
-5582
-4736
-3618
-2428
-1306
-428
449
1161
1894
2790
3343
3886
3917
2655
1238
-77
-1654
-2215
-2224
-2863
-2880
-2433
-2548
-2084
-954
-481
55
1132
1832
2690
3988
4503
4248
3749
2846
1638
505
-195
-606
-1171
-1540
-1495
-1659
-1442
-740
-380
101
939
1400
1763
2510
2956
3068
2998
2658
2475
2613
2871
3106
3033
2405
1615
908
350
387
726
767
936
1140
739
630
825
447
489
1182
1287
1495
2183
2111
2096
2979
3449
3944
4855
4689
3505
2285
453
-1522
-2573
-3429
-4488
-5132
-5546
-6225
-6684
-6896
-6906
-6582
-5814
-4412
-2353
-116
1802
3065
3471
3344
2829
2123
1623
1125
394
-368
-1085
-1720
-2304
-2977
-3797
-4775
-5759
-6361
-6334
-5753
-4528
-2993
-1623
-268
1073
1985
2563
3072
3290
3300
3417
3494
2903
1752
498
-960
-2473
-3040
-3230
-3456
-2995
-2311
-1968
-1074
217
741
1470
2502
2955
3493
4180
4081
3527
2827
1511
260
-406
-834
-1188
-1354
-1371
-1413
-1146
-419
441
1278
1987
2253
2320
2493
2671
2766
2779
2678
2564
2555
2651
2729
2487
1834
1087
371
-180
-65
189
120
307
361
-1
313
735
671
1182
1821
1815
2210
2721
2534
2911
3954
4423
4947
5634
4955
3292
1675
-208
-1886
-2983
-3976
-4993
-5653
-6307
-6936
-7120
-7182
-6968
-6511
-5631
-4005
-1832
244
2069
3363
3657
3489
3123
2161
1396
775
-257
-1190
-1619
-2273
-2772
-3181
-4029
-5004
-5663
-6221
-6226
-5361
-4326
-3071
-1700
-461
704
1844
2528
3392
4037
3706
3156
2453
1018
-20
-455
-1247
-1715
-1735
-2326
-2927
-2656
-2481
-2073
-839
110
1045
2381
3334
3924
4552
4487
3671
2747
1634
437
-305
-702
-915
-913
-875
-715
-641
-604
-277
178
704
1414
2276
2901
3406
3698
3427
2895
2362
2159
2154
2469
2810
2741
2287
1625
818
140
44
-59
-234
-28
122
19
545
1131
1193
1598
2062
1894
2046
2770
2895
3509
4690
5053
5256
5634
4584
2889
1421
-533
-2228
-3175
-4221
-5217
-5716
-6644
-7489
-7575
-7649
-7337
-6204
-4964
-3450
-1404
387
1714
2999
3602
3544
3342
2639
1613
684
-513
-1641
-2238
-2783
-3321
-3584
-4150
-5066
-5764
-6352
-6645
-6170
-5148
-3888
-2225
-593
774
1925
2618
2780
2987
3483
3453
3091
2373
897
-598
-1479
-2080
-2360
-2218
-2165
-2429
-2218
-1522
-978
-37
895
1591
2503
3459
4177
4700
4700
3738
2282
842
-367
-1101
-1297
-1376
-1361
-1054
-608
93
1090
1939
2360
2448
2397
2344
2516
2972
3152
3148
2997
2737
2618
2687
2914
2753
2267
1712
1174
770
779
861
628
164
-126
-292
-200
362
919
1208
1364
1581
1749
2086
2550
3213
4081
4841
5452
5704
5358
4053
2113
66
-1800
-3225
-4221
-5054
-5697
-6203
-6916
-7383
-7503
-7410
-7006
-5970
-4513
-2696
-546
1379
2726
3549
3828
3519
2893
2126
1281
285
-736
-1663
-2476
-3195
-3845
-4415
-5103
-5725
-6261
-6538
-6427
-5890
-4971
-3720
-2209
-639
1009
2333
3343
4107
4389
3568
2248
1016
-323
-1189
-1335
-1386
-1550
-1638
-1768
-2099
-2167
-1672
-1368
-856
97
1174
2492
3798
4657
4808
4387
3342
1872
754
-4
-593
-819
-823
-790
-498
15
485
1090
1751
2087
2322
2557
2610
2639
2740
2666
2488
2562
2680
2879
3267
3443
3029
2335
1610
942
634
688
856
847
633
410
65
-23
258
551
963
1438
1871
2226
2630
2972
3512
4281
4873
5220
5529
5167
4082
2665
772
-1192
-2928
-4270
-5411
-6155
-6539
-7032
-7376
-7456
-7331
-6755
-5759
-4509
-2930
-1100
632
2106
3286
3878
3773
3148
2181
1109
100
-782
-1506
-2075
-2703
-3321
-4034
-4811
-5539
-6113
-6396
-6400
-5922
-5054
-3918
-2477
-874
626
1890
3246
4086
3938
3389
2309
817
-313
-946
-1479
-1701
-1542
-1615
-1770
-1451
-1279
-1266
-910
-735
-409
476
1597
2662
3680
4297
3941
3122
2228
1096
175
-340
-926
-1195
-987
-618
63
1023
1681
1943
2088
2070
1980
2203
2429
2553
2647
2557
2402
2547
2998
3243
3239
3073
2596
1865
1464
1293
1025
854
718
361
205
214
253
432
516
673
880
1211
1614
2151
2720
3451
4363
5186
5653
5770
5439
4252
2607
915
-860
-2587
-3846
-4972
-5901
-6490
-6848
-7067
-7093
-6892
-6456
-5672
-4499
-2992
-1293
357
1672
2681
3254
3302
2950
2218
1104
-167
-1383
-2440
-3125
-3495
-3837
-4057
-4323
-4789
-5236
-5455
-5583
-5506
-4955
-4010
-2808
-1330
298
1621
2788
3803
4067
3513
2336
776
-729
-1796
-2286
-2324
-2005
-1608
-1329
-912
-461
-41
435
607
730
1148
1769
2488
3275
3953
3937
3425
2682
1587
456
-413
-1180
-1720
-1700
-1223
-442
638
1711
2442
2799
2794
2572
2301
1986
1734
1607
1504
1655
2215
2836
3319
3532
3229
2480
1697
1013
444
236
309
284
232
345
300
420
856
1009
1168
1383
1409
1503
1804
2228
3197
4451
5412
5879
6022
5463
4081
2493
687
-1176
-2822
-4262
-5450
-5949
-6193
-6488
-6542
-6494
-6463
-6060
-5276
-4283
-2928
-1435
-129
979
2000
2666
2809
2457
1698
701
-389
-1488
-2331
-2812
-3320
-3720
-3803
-4006
-4195
-4170
-4367
-4559
-4547
-4466
-4092
-3217
-2031
-711
677
1839
2816
3479
3155
2083
813
-546
-1772
-2353
-2421
-2234
-1593
-797
-407
185
873
883
928
1032
1127
1569
2161
2684
3144
3493
3266
2593
1967
1042
44
-567
-1177
-1583
-1290
-736
-143
931
2128
2755
3177
3511
3207
2724
2442
1888
1430
1439
1606
2003
2759
3299
3416
3218
2574
1575
565
-158
-597
-697
-435
-67
314
766
1108
1387
1536
1647
1729
1712
1842
1953
2483
3363
4023
4619
4986
4912
4252
3018
1432
-342
-2032
-3527
-4884
-5700
-5969
-6145
-6137
-5964
-5712
-5410
-4980
-4383
-3614
-2513
-1382
-388
535
1286
1709
1717
1463
972
317
-496
-1328
-2014
-2578
-3049
-3414
-3577
-3728
-3807
-3883
-4006
-4147
-4115
-3855
-3400
-2625
-1548
-513
300
1459
2635
3014
2833
2166
1021
-265
-1220
-1885
-2240
-1954
-1348
-948
-214
662
975
1227
1139
1051
1261
1578
1964
2398
2846
2833
2490
2132
1473
779
335
-237
-806
-795
-653
-422
263
1165
1897
2481
2941
2924
2765
2600
2114
1595
1347
1323
1509
1989
2620
3034
3106
2871
2356
1664
1019
456
-26
-334
-241
56
414
1078
1722
2095
2223
2274
2175
1989
1962
1978
2376
2975
3346
3694
3955
3894
3257
2272
923
-713
-2066
-3384
-4492
-5068
-5425
-5748
-5910
-5878
-5623
-5172
-4634
-4100
-3304
-2371
-1659
-935
-183
396
656
719
572
332
69
-362
-896
-1410
-1932
-2506
-2889
-3209
-3487
-3714
-3933
-4212
-4413
-4312
-4039
-3502
-2740
-1750
-744
181
1315
2254
2648
2580
2072
1184
154
-627
-1118
-1357
-1273
-944
-688
-276
269
557
793
925
1067
1307
1593
1910
2221
2500
2462
2205
1955
1582
1162
909
596
225
211
344
507
1007
1685
2133
2448
2697
2616
2399
2267
1893
1484
1388
1444
1623
1993
2477
2732
2748
2572
2169
1645
1125
599
204
62
30
212
602
1085
1500
1856
2088
2092
1995
1965
1775
1614
1875
2185
2508
2877
3067
3058
2671
1851
739
-485
-1692
-2727
-3571
-4246
-4821
-5267
-5659
-5966
-5894
-5616
-5195
-4610
-3836
-2978
-2131
-1398
-735
-211
84
167
123
-16
-263
-428
-640
-877
-1008
-1200
-1487
-1826
-2198
-2728
-3389
-4025
-4509
-4736
-4660
-4249
-3466
-2450
-1264
85
1239
2107
2552
2586
2152
1379
673
18
-469
-552
-468
-209
225
515
824
1059
1088
1136
1197
1289
1260
1311
1506
1512
1582
1607
1465
1360
1171
939
739
633
603
693
967
1336
1748
2209
2463
2486
2449
2199
1842
1516
1263
1119
1106
1308
1638
1996
2319
2511
2382
2074
1671
1085
597
200
24
158
431
827
1262
1646
1923
2074
2141
2041
1875
1747
1661
1759
1985
2193
2421
2597
2602
2205
1506
656
-316
-1155
-1903
-2655
-3288
-3944
-4549
-5147
-5602
-5744
-5687
-5466
-5066
-4333
-3499
-2732
-1963
-1274
-785
-405
-174
-129
-205
-296
-449
-709
-837
-870
-968
-1062
-1093
-1249
-1641
-2150
-2835
-3570
-4129
-4519
-4602
-4304
-3728
-2860
-1794
-521
1067
2314
2960
3005
2522
1930
1225
611
352
116
25
-7
-110
166
482
781
988
1018
1216
1239
1261
1387
1368
1331
1102
922
848
790
1022
1156
1042
1086
1183
1275
1484
1978
2489
2606
2761
2707
2304
1933
1544
1042
634
483
506
767
1296
1850
2188
2370
2315
1858
1459
1174
736
486
469
587
726
1146
1581
1935
2318
2434
2348
2264
2025
1491
1096
795
559
514
623
768
746
727
542
218
82
-109
-512
-1047
-1715
-2598
-3536
-4303
-5034
-5450
-5660
-5710
-5398
-4860
-4108
-3297
-2550
-1812
-1235
-810
-474
-317
-280
-288
-503
-756
-808
-854
-830
-683
-591
-688
-889
-1287
-1829
-2395
-2949
-3410
-3778
-3884
-3624
-2996
-2120
-1146
-162
734
1455
2045
2371
2375
2192
1875
1439
1012
693
457
329
257
277
452
706
991
1184
1323
1337
1209
1106
1020
944
990
1033
963
837
785
768
870
1088
1327
1659
2088
2440
2651
2814
2787
2491
2070
1653
1164
731
392
155
177
410
689
998
1232
1361
1395
1370
1340
1358
1389
1448
1498
1623
1756
1790
1887
1959
1973
1909
1736
1321
858
412
-5
-280
-471
-496
-400
-208
-27
191
448
603
722
702
380
-175
-891
-1840
-2859
-3841
-4714
-5408
-5797
-5854
-5706
-5282
-4690
-4051
-3262
-2456
-1695
-985
-425
-73
65
150
88
-75
-174
-318
-481
-639
-802
-938
-980
-1088
-1316
-1540
-1807
-2079
-2284
-2328
-2275
-2118
-1721
-1103
-437
267
858
1317
1747
2046
2301
2331
2193
1859
1449
955
569
401
319
312
244
327
380
469
738
977
1156
1199
1211
1220
1189
1150
1121
999
940
950
1120
1379
1563
1756
1864
1927
1964
1958
1904
1745
1438
1093
750
394
102
-21
-6
58
222
501
785
1000
1289
1553
1744
1920
2003
1939
1841
1790
1733
1737
1730
1658
1466
1120
657
94
-508
-960
-1222
-1293
-1140
-871
-448
91
582
1083
1441
1654
1609
1213
600
-261
-1233
-2321
-3449
-4461
-5256
-5712
-5942
-5899
-5592
-5098
-4438
-3661
-2829
-1965
-1113
-408
142
569
804
772
545
205
-196
-516
-718
-863
-922
-982
-1034
-1088
-1150
-1238
-1306
-1402
-1515
-1556
-1481
-1344
-974
-485
52
534
1035
1475
1713
1851
1788
1607
1346
1108
804
658
504
403
387
308
422
570
808
1037
1222
1345
1364
1342
1280
1208
1159
1086
962
971
987
976
1074
1190
1326
1419
1518
1663
1702
1706
1578
1388
1172
865
539
284
63
29
164
425
801
1219
1563
1703
1785
1768
1607
1468
1350
1219
1225
1241
1229
1178
1051
922
624
248
-200
-671
-1127
-1453
-1652
-1599
-1311
-957
-401
159
702
1151
1391
1475
1395
1117
645
89
-604
-1379
-2212
-3080
-3913
-4603
-5096
-5366
-5366
-5105
-4644
-4073
-3396
-2636
-1910
-1327
-834
-455
-220
-40
20
-19
-20
-26
9
44
42
8
-114
-281
-566
-835
-1057
-1280
-1387
-1321
-1147
-854
-469
-11
487
927
1229
1408
1444
1302
1111
820
498
187
-49
-262
-310
-228
-60
234
481
830
1123
1388
1591
1789
1961
2014
2040
1985
1829
1582
1369
1085
824
621
488
465
486
616
768
843
898
848
765
669
558
587
704
885
1202
1572
1881
2110
2211
2163
1960
1653
1253
777
394
74
-134
-205
-144
-7
145
319
422
437
353
159
-38
-188
-339
-495
-577
-647
-681
-579
-422
-238
-75
137
364
586
806
886
915
723
353
-83
-680
-1336
-2057
-2721
-3290
-3720
-3951
-3966
-3879
-3701
-3456
-3270
-3055
-2927
-2738
-2450
-2122
-1645
-1130
-589
-53
402
785
1031
1122
1153
1002
763
444
84
-195
-471
-656
-719
-709
-631
-486
-345
-132
23
199
336
324
301
170
122
93
57
24
37
-69
-106
15
133
305
527
877
1139
1407
1655
1794
1897
1857
1733
1602
1419
1288
1224
1167
1085
967
811
567
281
43
-179
-411
-571
-592
-437
-160
298
894
1538
2111
2569
2870
2971
2927
2677
2224
1655
1038
439
-63
-478
-775
-965
-1093
-1116
-985
-794
-574
-377
-179
-16
103
266
335
316
232
82
-84
-238
-356
-469
-500
-450
-345
-202
-51
20
12
75
101
52
86
140
72
17
30
-5
-162
-494
-945
-1491
-2029
-2464
-2904
-3256
-3509
-3697
-3604
-3396
-3021
-2499
-1982
-1473
-924
-404
53
456
742
949
1058
1114
1088
1005
917
750
587
438
214
2
-240
-455
-634
-757
-858
-884
-870
-815
-746
-612
-452
-343
-180
4
205
423
647
790
880
901
922
819
793
820
790
811
916
1042
1183
1383
1478
1482
1434
1281
986
664
308
-35
-280
-375
-336
-154
147
471
771
1132
1543
1770
1910
1968
1883
1672
1444
1201
939
693
448
174
-85
-276
-458
-597
-610
-588
-543
-478
-345
-235
-140
-44
-60
-123
-186
-214
-184
-133
-80
-61
-35
10
13
-23
-147
-258
-431
-471
-382
-257
-35
227
435
662
848
951
927
772
518
227
-57
-411
-812
-1214
-1606
-1865
-1992
-2051
-2031
-1986
-1997
-1990
-1922
-1857
-1724
-1558
-1376
-1142
-892
-613
-330
-65
174
386
553
652
651
626
542
397
236
37
-196
-442
-693
-888
-995
-1028
-948
-790
-622
-425
-220
-25
153
312
410
369
299
215
88
101
199
329
495
645
786
955
1154
1264
1243
1154
975
745
603
533
509
490
486
491
544
657
750
804
812
800
800
769
743
766
763
676
562
478
353
239
158
112
81
57
-1
-58
-47
-45
-67
-115
-152
-151
-191
-236
-262
-266
-207
-123
-26
59
100
46
-58
-155
-216
-261
-260
-210
-178
-89
32
183
339
499
674
740
733
692
586
494
456
400
399
389
345
313
387
467
401
287
89
-232
-520
-740
-985
-1221
-1432
-1701
-1926
-2081
-2158
-2187
-2185
-2087
-1926
-1662
-1310
-951
-603
-288
-90
57
182
209
189
112
45
-17
-81
-109
-165
-238
-331
-435
-523
-590
-624
-588
-505
-460
-359
-257
-128
117
431
673
891
1022
984
978
972
929
886
787
676
585
575
621
622
622
579
480
423
450
554
607
641
697
648
563
508
412
283
194
101
0
-59
-32
-22
36
129
186
261
309
329
330
351
312
268
238
210
145
63
13
-82
-224
-350
-442
-543
-587
-567
-526
-463
-324
-187
-13
182
328
450
469
427
384
322
302
313
276
296
352
436
567
701
809
893
960
1086
1191
1235
1297
1213
1070
873
641
328
-83
-531
-1023
-1468
-1798
-2011
-2129
-2155
-2155
-2102
-2001
-1861
-1707
-1542
-1380
-1269
-1157
-1019
-873
-734
-597
-470
-405
-340
-323
-314
-315
-315
-309
-353
-388
-349
-274
-185
-64
73
182
297
442
558
607
614
610
616
692
779
770
771
711
521
374
282
225
255
291
320
354
432
488
496
554
521
450
339
233
163
76
-18
-71
-107
-62
28
120
214
281
338
317
278
251
207
157
183
200
196
230
247
209
150
121
99
49
21
9
-21
-57
-83
-127
-155
-188
-214
-248
-296
-304
-271
-161
-30
79
174
283
364
447
560
642
697
741
803
851
905
970
966
920
864
764
658
542
404
181
-20
-171
-242
-252
-262
-257
-218
-249
-268
-209
-216
-264
-376
-590
-836
-993
-1120
-1277
-1454
-1625
-1805
-1934
-1965
-1919
-1810
-1667
-1520
-1354
-1109
-857
-595
-374
-174
-10
82
159
213
227
295
377
439
548
637
690
656
665
690
638
607
586
536
532
566
560
573
589
554
554
533
442
320
155
30
-77
-147
-141
-174
-142
-64
-17
47
118
158
163
236
278
241
206
163
74
-7
-69
-126
-151
-214
-198
-165
-114
-10
61
119
155
162
145
114
49
-52
-128
-160
-197
-195
-203
-169
-127
-88
0
63
112
109
132
148
203
295
409
530
592
610
615
599
577
545
501
456
379
340
249
232
252
246
271
264
228
215
228
264
351
385
318
215
121
55
-5
-48
-142
-296
-505
-662
-700
-746
-760
-758
-803
-850
-816
-763
-788
-778
-812
-892
-904
-865
-842
-784
-704
-658
-615
-552
-459
-362
-225
-77
74
230
381
553
678
791
849
860
873
813
742
668
613
542
486
411
277
193
91
40
66
67
71
51
-1
-47
-85
-68
-43
-1
21
-20
-77
-171
-249
-318
-409
-443
-478
-415
-289
-207
-76
21
28
6
-52
-140
-210
-318
-417
-464
-516
-539
-515
-481
-408
-343
-282
-193
-101
-27
49
144
209
261
314
346
331
302
245
163
76
23
-21
-77
-96
-113
-116
-83
-38
10
41
117
191
233
324
399
495
576
646
700
735
724
675
622
558
457
352
238
107
69
92
109
146
140
86
41
97
173
280
360
377
377
376
384
369
318
199
59
-111
-253
-337
-382
-450
-521
-567
-590
-575
-529
-464
-403
-360
-303
-241
-154
-36
117
289
462
603
729
824
830
819
745
637
496
342
239
127
15
-94
-192
-249
-304
-363
-413
-432
-439
-388
-338
-325
-218
-214
-193
-165
-190
-274
-384
-535
-695
-798
-876
-1005
-1085
-1106
-1132
-1111
-1055
-980
-891
-806
-741
-685
-631
-579
-526
-444
-364
-340
-358
-374
-402
-405
-401
-354
-316
-264
-179
-81
28
123
186
233
258
280
295
277
238
212
197
215
222
238
280
277
293
324
333
372
400
505
674
852
995
1103
1178
1183
1231
1243
1195
1139
1042
964
912
871
842
770
654
569
508
475
445
418
374
320
306
342
409
479
628
753
802
765
655
527
352
259
215
174
140
96
57
61
66
94
123
85
63
38
28
43
44
26
-28
-125
-206
-265
-320
-372
-433
-467
-496
-480
-452
-414
-341
-248
-217
-206
-240
-325
-394
-500
-631
-756
-907
-1075
-1236
-1347
-1442
-1512
-1576
-1642
-1671
-1642
-1586
-1516
-1444
-1393
-1277
-1207
-1166
-1087
-1051
-1005
-949
-948
-908
-898
-903
-856
-787
-685
-576
-475
-398
-350
-288
-237
-179
-108
-39
34
128
169
270
374
421
496
535
537
523
559
605
650
687
752
810
853
919
953
990
1043
1090
1149
1211
1297
1367
1417
1492
1553
1606
1641
1623
1551
1492
1409
1338
1236
1084
931
824
775
733
705
686
671
625
617
629
649
697
756
771
788
805
763
741
738
725
715
694
659
598
554
539
499
455
398
304
160
45
-79
-197
-342
-443
-536
-641
-683
-709
-706
-690
-684
-683
-685
-733
-784
-845
-912
-980
-1037
-1093
-1177
-1247
-1309
-1404
-1476
-1500
-1526
-1604
-1676
-1723
-1767
-1829
-1837
-1856
-1860
-1833
-1821
-1780
-1721
-1648
-1608
-1525
-1441
-1373
-1289
-1202
-1159
-1103
-1053
-1039
-982
-914
-824
-750
-644
-505
-377
-251
-112
9
106
189
284
371
468
573
645
720
772
832
896
937
1001
1038
1022
1030
1045
1085
1165
1262
1366
1475
1577
1665
1751
1805
1800
1780
1749
1688
1614
1545
1488
1374
1257
1170
1063
997
982
962
969
995
1042
1099
1138
1160
1173
1181
1126
1059
996
886
803
706
600
518
450
426
412
411
422
391
395
399
389
398
350
290
221
142
109
79
10
-62
-164
-290
-381
-502
-649
-802
-904
-1005
-1074
-1082
-1077
-1046
-1041
-1038
-1056
-1076
-1096
-1142
-1212
-1307
-1393
-1520
-1627
-1673
-1723
-1764
-1782
-1811
-1831
-1835
-1831
-1805
-1795
-1787
-1759
-1711
-1623
-1532
-1467
-1383
-1323
-1281
-1217
-1160
-1094
-1019
-951
-897
-829
-738
-671
-595
-484
-380
-239
-110
25
136
267
388
519
642
717
799
857
891
909
912
933
955
1000
1062
1119
1190
1244
1281
1323
1362
1399
1422
1450
1477
1482
1475
1452
1416
1391
1399
1409
1401
1381
1353
1276
1208
1197
1186
1166
1187
1139
1097
1046
953
892
819
749
683
610
586
546
497
494
471
455
411
364
328
270
239
263
249
266
295
262
250
236
213
178
92
-12
-112
-240
-358
-453
-509
-545
-607
-653
-678
-707
-712
-734
-783
-858
-961
-1034
-1093
-1153
-1212
-1265
-1311
-1380
-1413
-1428
-1439
-1473
-1516
-1526
-1536
-1548
-1514
-1443
-1431
-1414
-1391
-1375
-1329
-1279
-1215
-1133
-1093
-1068
-1030
-987
-955
-943
-926
-898
-856
-818
-754
-672
-569
-447
-289
-111
36
175
280
345
411
449
524
609
674
742
819
866
908
949
979
1000
1012
1020
987
972
988
1005
1016
1046
1096
1169
1202
1251
1298
1307
1321
1330
1318
1314
1277
1248
1238
1199
1148
1068
1002
936
867
816
757
724
678
628
594
524
482
403
342
296
255
231
201
177
165
163
154
163
173
157
116
63
25
-52
-141
-204
-256
-304
-314
-313
-325
-334
-362
-402
-467
-519
-581
-644
-705
-745
-788
-826
-851
-877
-935
-978
-1004
-1030
-1042
-1074
-1089
-1073
-1075
-1089
-1065
-1053
-1052
-1026
-1003
-967
-895
-843
-816
-776
-739
-711
-655
-612
-588
-575
-563
-553
-528
-535
-485
-426
-379
-326
-227
-126
-70
4
78
131
172
193
228
275
302
351
402
436
447
482
480
498
525
547
552
537
576
593
612
645
674
702
736
760
797
817
831
835
819
842
854
857
875
899
900
893
878
838
799
761
720
691
641
580
541
475
415
382
360
332
300
268
255
261
275
258
225
179
141
115
82
57
-4
-65
-136
-240
-296
-321
-338
-354
-383
-416
-461
-490
-517
-529
-542
-529
-514
-506
-505
-485
-503
-521
-556
-598
-633
-672
-707
-734
-742
-770
-787
-795
-769
-778
-765
-728
-693
-648
-609
-582
-537
-503
-490
-505
-503
-486
-469
-430
-417
-432
-433
-403
-370
-303
-218
-146
-72
-6
45
107
163
222
274
309
383
435
442
437
406
367
329
293
300
334
313
311
335
387
425
454
505
542
566
598
624
645
643
623
609
598
595
599
576
543
532
497
475
457
429
420
390
400
414
383
390
400
369
336
297
241
199
195
173
140
108
72
46
40
40
27
12
-24
-93
-151
-188
-220
-245
-246
-264
-288
-331
-357
-354
-363
-388
-421
-441
-467
-466
-459
-451
-455
-475
-496
-494
-521
-549
-556
-566
-570
-573
-557
-522
-486
-477
-442
-408
-374
-332
-298
-257
-247
-224
-199
-182
-172
-165
-170
-165
-156
-151
-142
-151
-141
-112
-92
-51
-42
-33
-13
21
77
109
160
198
251
295
365
412
432
427
459
483
461
460
448
429
414
436
454
450
438
452
445
452
467
465
450
443
427
398
405
397
382
365
354
343
331
298
290
285
249
203
173
149
110
86
62
56
37
18
10
-1
-27
-21
-26
-34
-52
-55
-60
-40
-38
-63
-111
-162
-185
-210
-231
-266
-311
-369
-392
-409
-418
-451
-473
-507
-538
-538
-541
-519
-492
-469
-461
-424
-394
-426
-428
-441
-476
-515
-527
-529
-541
-555
-587
-591
-561
-524
-483
-412
-346
-297
-254
-211
-146
-96
-52
20
42
48
89
97
132
162
191
231
287
330
364
410
396
402
401
439
441
471
496
517
553
566
569
576
560
537
514
479
464
439
423
402
420
407
396
399
384
360
340
329
297
278
274
257
277
268
244
226
191
194
196
199
169
167
159
135
120
96
77
36
15
-15
-43
-74
-93
-96
-104
-118
-104
-108
-120
-102
-108
-127
-167
-189
-228
-269
-294
-327
-327
-343
-338
-326
-318
-337
-357
-370
-383
-394
-413
-453
-477
-483
-467
-457
-444
-456
-474
-478
-496
-476
-491
-481
-483
-490
-472
-497
-492
-486
-485
-446
-406
-360
-308
-282
-242
-208
-183
-146
-125
-99
-72
-75
-30
-4
41
109
143
180
245
279
286
358
395
396
401
411
445
469
506
527
541
560
580
603
632
632
606
581
568
564
549
559
546
534
507
470
447
434
425
389
362
325
265
223
192
176
178
181
172
165
157
149
164
142
129
108
79
53
39
15
-23
-75
-108
-125
-136
-146
-151
-150
-168
-151
-147
-122
-132
-144
-186
-215
-227
-256
-288
-308
-323
-325
-343
-359
-376
-407
-406
-427
-447
-453
-461
-461
-462
-442
-429
-434
-407
-397
-386
-408
-414
-422
-418
-420
-418
-393
-409
-397
-362
-342
-305
-301
-322
-311
-287
-260
-240
-232
-211
-177
-156
-131
-119
-77
-44
-23
13
68
109
157
210
284
323
355
392
389
381
382
403
398
410
428
458
481
521
545
564
570
571
593
602
616
617
597
587
583
585
593
570
544
509
495
460
427
412
359
303
273
256
238
218
168
131
117
79
61
42
9
0
-14
-35
-54
-74
-103
-133
-153
-176
-197
-234
-259
-290
-308
-310
-310
-307
-289
-315
-350
-377
-412
-425
-426
-410
-423
-434
-448
-434
-410
-392
-390
-381
-381
-390
-389
-395
-392
-399
-396
-369
-337
-297
-285
-307
-316
-320
-316
-298
-292
-281
-292
-291
-280
-266
-233
-178
-150
-145
-138
-118
-95
-93
-77
-68
-47
-38
-17
23
44
63
83
96
136
177
213
236
273
306
317
317
311
329
333
328
341
352
381
404
411
429
429
434
438
439
438
454
478
486
493
487
495
504
506
514
500
483
459
433
400
360
352
334
298
270
263
251
234
205
170
124
94
71
49
27
-17
-52
-114
-143
-164
-179
-179
-215
-236
-235
-237
-228
-230
-221
-241
-266
-278
-281
-298
-318
-335
-385
-411
-434
-443
-454
-488
-513
-511
-499
-483
-453
-447
-442
-438
-431
-421
-398
-383
-385
-370
-357
-353
-333
-312
-300
-282
-268
-258
-243
-219
-209
-201
-203
-197
-199
-202
-173
-159
-138
-108
-94
-51
-24
-10
-1
31
49
91
136
158
190
215
258
293
302
319
333
359
388
398
420
443
458
462
461
459
464
455
461
471
474
465
445
426
403
397
406
419
413
396
403
403
390
362
340
333
308
269
272
258
232
221
212
202
202
153
137
123
97
62
9
-23
-61
-108
-137
-127
-127
-136
-173
-172
-173
-178
-189
-192
-205
-225
-219
-223
-199
-185
-184
-220
-243
-267
-288
-302
-315
-334
-365
-405
-428
-439
-458
-462
-447
-438
-438
-415
-404
-406
-409
-419
-441
-438
-431
-423
-395
-378
-369
-330
-331
-313
-273
-257
-221
-179
-172
-170
-156
-169
-153
-124
-125
-122
-103
-88
-50
-13
7
42
59
66
100
120
147
165
200
251
286
306
322
341
362
382
399
420
435
427
406
406
403
406
415
425
427
442
461
465
484
478
478
470
454
426
405
391
372
366
361
363
344
321
325
314
298
272
255
236
216
184
152
122
79
40
9
-26
-53
-88
-111
-122
-149
-151
-160
-173
-172
-189
-200
-197
-202
-207
-225
-224
-219
-230
-222
-223
-222
-230
-239
-247
-258
-250
-261
-280
-305
-297
-287
-303
-293
-303
-319
-317
-314
-324
-317
-319
-337
-326
-339
-360
-353
-352
-329
-323
-316
-280
-272
-270
-265
-246
-237
-240
-221
-203
-211
-196
-190
-178
-178
-163
-152
-157
-119
-114
-91
-37
0
33
69
122
139
148
164
197
239
256
260
257
258
276
290
304
315
321
310
322
351
372
386
388
389
406
394
395
414
424
413
405
399
378
354
320
305
291
288
275
288
284
265
251
260
243
201
190
170
162
125
102
97
48
26
14
6
2
-25
-47
-80
-99
-118
-142
-153
-175
-193
-220
-227
-211
-219
-241
-230
-222
-217
-215
-205
-201
-211
-222
-245
-235
-227
-229
-237
-245
-239
-233
-211
-211
-192
-179
-194
-194
-167
-141
-127
-118
-91
-78
-77
-78
-84
-71
-63
-54
-56
-104
-116
-110
-148
-145
-159
-185
-198
-216
-215
-200
-198
-179
-172
-170
-153
-128
-105
-107
-104
-77
-69
-67
-49
-47
-38
-42
-24
3
32
65
106
140
140
159
179
192
201
229
260
267
266
278
283
279
272
252
249
233
216
213
222
224
217
210
218
237
242
261
274
266
258
251
216
187
195
190
158
147
133
100
79
76
70
60
57
47
45
43
42
45
24
-1
-28
-45
-64
-74
-82
-93
-94
-99
-97
-96
-115
-132
-173
-182
-182
-192
-200
-193
-211
-234
-227
-220
-175
-165
-181
-174
-182
-193
-187
-183
-177
-167
-157
-138
-89
-67
-32
-12
-7
-11
0
9
20
31
33
43
33
27
17
27
22
3
-3
-7
-12
7
26
15
-7
-11
-24
-18
-19
-35
-28
-6
-4
-9
-10
-4
3
-4
12
19
7
2
-9
-20
-29
-16
-29
-16
-5
-10
7
7
10
8
21
23
41
28
30
36
25
37
53
59
53
49
47
61
70
90
94
101
90
94
85
91
90
68
49
50
50
56
74
89
106
103
113
119
138
132
117
100
73
52
30
22
19
22
17
2
-6
-15
-23
-12
-10
-21
-29
-62
-64
-75
-85
-97
-112
-112
-133
-147
-141
-142
-146
-139
-144
-150
-152
-143
-132
-126
-114
-98
-98
-90
-79
-74
-72
-59
-52
-38
-21
-13
10
29
21
28
57
62
73
78
78
97
104
96
86
86
89
88
100
112
113
84
72
59
53
34
29
39
17
25
31
34
31
19
-27
-27
-26
-40
-42
-39
-21
-28
-31
-32
-35
-48
-52
-40
-38
-20
-7
1
9
-3
-3
-30
-41
-49
-55
-48
-30
-20
-19
-17
-6
-4
-21
-13
-5
7
3
11
3
20
28
33
44
41
52
50
56
60
51
31
30
13
23
26
18
23
28
46
46
42
41
44
52
41
43
40
39
10
-15
-11
-9
-13
-25
-7
16
19
20
33
20
-13
-13
-38
-57
-54
-78
-68
-68
-69
-55
-42
-54
-69
-64
-80
-79
-79
-68
-65
-73
-52
-22
3
18
49
47
12
30
25
7
18
8
-21
-20
-22
-16
11
33
33
27
30
25
50
67
56
44
37
37
38
36
25
-21
-44
-33
-46
-42
-50
-73
-84
-65
-59
-49
-36
-53
-57
-60
-50
-30
-25
-36
-33
-10
-2
-8
-11
-20
-19
-38
-26
-24
-5
6
3
23
48
54
70
98
98
109
104
113
114
97
83
77
65
60
67
71
67
72
58
66
79
79
72
56
43
39
53
47
57
53
49
44
43
45
44
34
30
10
8
2
-11
-16
-19
-38
-49
-37
-57
-77
-90
-87
-111
-108
-87
-90
-108
-86
-104
-123
-116
-108
-104
-115
-77
-65
-55
-40
-44
-34
-22
-29
-51
-37
-18
-32
-16
-5
-20
-8
-8
15
47
66
53
41
44
44
30
36
37
21
16
5
6
8
17
5
-8
-22
-31
-23
-29
-35
-24
-30
-25
-21
-18
-22
-28
-21
-41
-48
-51
-60
-54
-73
-76
-81
-64
-60
-39
-12
-10
-4
0
23
44
61
66
68
64
79
90
67
72
70
69
89
86
88
94
95
91
109
118
123
112
108
105
85
89
84
81
74
64
63
52
49
54
33
41
33
33
32
15
12
-3
1
-16
-2
10
-18
-20
-27
-27
-25
-31
-40
-47
-38
-47
-36
-34
-34
-33
-41
-49
-50
-68
-74
-75
-98
-105
-92
-90
-109
-104
-112
-104
-107
-122
-117
-133
-136
-119
-104
-90
-84
-75
-73
-67
-59
-57
-64
-69
-66
-75
-80
-52
-32
-26
-5
2
3
5
20
17
14
27
11
-4
10
37
44
45
54
52
60
58
61
59
59
58
47
40
45
54
46
53
62
50
41
41
43
46
56
52
56
51
49
67
79
71
76
77
62
71
61
70
76
67
64
76
85
77
80
67
74
74
71
79
79
73
72
62
62
54
48
58
68
55
43
31
23
11
6
21
6
-6
-14
-14
-24
-21
-19
-30
-30
-23
-29
-34
-30
-42
-54
-59
-58
-43
-52
-63
-79
-82
-87
-103
-101
-117
-127
-119
-119
-121
-113
-110
-86
-95
-101
-88
-92
-102
-96
-88
-88
-93
-95
-82
-76
-81
-81
-81
-81
-75
-79
-74
-86
-87
-78
-74
-72
-42
-32
-18
5
-8
8
6
-2
13
16
25
34
38
43
52
55
50
57
64
59
64
74
87
92
93
94
97
97
97
105
103
94
76
79
83
80
79
75
71
68
70
75
71
59
61
57
51
51
56
63
58
44
45
57
55
55
55
45
37
32
29
28
26
23
34
41
37
31
29
13
10
19
11
0
-13
-15
-17
-6
1
-9
-15
-21
-47
-57
-56
-53
-50
-50
-36
-31
-30
-34
-48
-47
-54
-61
-60
-44
-33
-45
-33
-26
-39
-44
-49
-64
-75
-84
-88
-84
-69
-61
-56
-42
-34
-36
-38
-32
-43
-48
-46
-45
-49
-49
-34
-33
-31
-38
-19
-27
-36
-36
-32
-26
-33
-27
-18
4
4
3
-6
-5
-4
3
7
13
36
27
32
20
13
18
22
21
27
19
3
11
13
22
32
31
28
23
35
49
44
47
51
42
32
34
34
26
33
46
45
37
45
44
38
44
45
40
29
35
32
36
36
40
43
42
46
48
38
30
29
13
10
3
-7
-4
5
10
10
6
6
2
5
6
-1
-3
-4
-14
-22
-19
-9
-8
-17
-10
-10
-10
-18
-19
-24
-28
-28
-32
-19
-23
-14
-29
-28
-14
-22
-24
-21
-26
-34
-33
-35
-35
-31
-28
-32
-18
-11
-6
-10
-9
-11
-7
-8
-2
2
-6
-8
-9
-11
-12
-4
-16
-18
-22
-28
-29
-31
-25
-19
-20
-18
-16
-19
-19
-16
-17
-20
-13
-12
0
-7
-7
-1
5
14
10
6
6
4
-1
-5
0
12
16
22
28
37
34
35
33
30
24
19
16
8
7
12
15
20
17
15
20
10
12
12
11
9
4
2
2
2
-3
4
-3
-9
-2
-3
-3
1
-10
-13
-22
-24
-12
-11
-15
-9
-6
4
7
9
10
7
6
6
10
5
5
-3
9
10
5
13
10
8
14
20
26
21
27
22
14
15
8
13
10
18
29
32
30
28
32
30
33
26
26
22
22
29
27
27
28
27
26
22
22
25
13
8
9
13
6
2
4
-4
-10
-12
-17
-28
-28
-31
-36
-35
-35
-38
-36
-40
-39
-40
-47
-45
-49
-49
-44
-46
-44
-36
-36
-43
-46
-48
-43
-41
-47
-54
-49
-52
-52
-43
-35
-30
-29
-30
-24
-24
-21
-26
-22
-23
-18
-4
-5
-6
2
-6
-7
-13
-11
1
-6
-6
-5
-5
-2
6
8
13
4
-4
-5
-9
4
13
17
18
9
10
19
25
33
27
29
35
33
40
51
52
43
32
40
41
43
45
41
42
47
45
44
50
52
57
62
66
65
65
55
53
58
52
46
42
47
47
40
36
37
37
37
35
35
29
20
21
17
17
17
13
5
-6
-10
-5
-4
-5
-4
-5
-7
-14
-11
-12
-24
-25
-33
-36
-36
-38
-37
-40
-45
-46
-42
-45
-48
-55
-55
-51
-72
-75
-74
-84
-77
-69
-65
-61
-61
-55
-47
-50
-56
-61
-63
-67
-69
-59
-55
-53
-52
-55
-47
-40
-39
-36
-37
-37
-31
-33
-29
-25
-20
-18
-15
-13
-10
1
-6
-8
-6
-2
0
5
14
19
19
26
26
35
37
27
34
37
39
44
50
52
57
52
51
56
54
51
50
57
57
48
50
57
60
66
71
77
83
83
76
78
81
73
78
72
66
58
58
55
62
65
65
70
64
64
57
48
35
32
28
25
26
24
20
12
8
3
-2
-7
-10
-24
-28
-23
-26
-34
-27
-24
-37
-36
-41
-56
-53
-55
-67
-63
-65
-71
-70
-72
-76
-79
-83
-87
-87
-82
-81
-82
-88
-90
-81
-82
-80
-73
-72
-67
-62
-57
-55
-61
-58
-56
-51
-49
-45
-41
-34
-28
-21
-16
-19
-17
-16
-13
-14
-18
-13
-9
-7
-11
-11
-7
-9
-8
2
5
5
10
12
20
19
21
27
30
26
28
29
30
35
33
31
35
39
38
52
60
67
67
67
63
58
60
64
59
64
74
68
71
85
81
75
74
73
74
78
80
86
84
79
77
71
66
58
48
49
48
34
28
25
27
31
28
25
19
18
10
3
-2
-11
-13
-17
-17
-14
-16
-19
-17
-24
-27
-25
-35
-43
-47
-54
-54
-56
-56
-56
-53
-52
-53
-52
-53
-51
-53
-54
-63
-61
-56
-59
-54
-53
-58
-62
-60
-58
-49
-56
-55
-53
-60
-61
-60
-60
-58
-49
-49
-45
-39
-46
-40
-41
-35
-37
-39
-37
-37
-31
-27
-22
-20
-26
-23
-20
-17
-12
-9
-4
5
8
9
13
19
19
17
18
20
22
24
33
42
38
37
40
36
41
49
51
54
60
59
60
59
64
66
63
67
65
69
63
61
64
61
62
64
62
58
52
46
48
48
40
40
36
30
29
29
30
31
36
34
31
29
23
16
8
0
-11
-10
-19
-19
-16
-20
-25
-28
-26
-26
-18
-23
-24
-25
-31
-27
-28
-27
-25
-30
-39
-39
-40
-43
-46
-49
-48
-50
-49
-51
-44
-46
-43
-36
-35
-30
-30
-29
-31
-28
-35
-44
-40
-36
-31
-25
-19
-17
-20
-17
-18
-14
-17
-22
-22
-14
-11
-7
1
1
4
5
0
-1
-5
-5
6
2
1
9
13
11
8
9
9
13
13
12
19
14
11
15
13
15
17
17
20
22
22
25
30
32
29
27
24
25
26
31
29
25
28
25
33
31
32
29
28
31
32
28
22
24
19
14
15
15
15
13
12
8
5
9
5
1
-1
-7
-8
-6
-9
-3
-2
-3
-1
-2
-4
-9
-11
-17
-14
-15
-11
-16
-19
-14
-18
-16
-24
-23
-17
-15
-17
-12
-12
-14
-15
-14
-6
-9
-9
-5
-12
-8
-5
-7
-10
-15
-14
-16
-11
-10
-12
-10
-14
-14
-12
-13
-11
-7
-10
-8
-7
-10
-16
-13
-16
-15
-11
-7
-5
-11
-10
-8
-9
-4
-7
-2
5
4
2
2
4
5
7
11
9
11
15
15
16
14
12
9
12
12
12
10
9
12
8
13
12
18
17
20
26
21
19
13
16
15
10
10
11
11
14
12
10
9
4
2
3
1
-1
-3
-6
-5
-4
-3
-5
-1
-2
-3
1
1
3
-2
-1
-9
-13
-9
-9
-9
-8
-8
-12
-13
-13
-11
-11
-8
-11
-9
-4
-5
-2
-8
-7
-9
-7
-2
-2
-2
-2
-1
-7
-7
-4
-7
-5
-7
-7
-6
-3
4
6
5
4
1
-3
-3
0
-2
-10
-7
-3
-2
-1
0
1
1
3
2
4
5
1
2
1
3
1
1
5
4
8
7
6
9
10
6
4
1
3
5
7
5
7
7
5
5
6
12
15
18
12
12
6
2
2
4
7
4
1
1
0
-3
-4
-3
-3
-7
-11
-9
-6
-12
-11
-10
-10
-11
-11
-5
-2
-5
-5
-11
-11
-14
-15
-11
-10
-11
-13
-13
-13
-8
-7
-11
-10
-10
-9
-3
-4
1
0
-4
1
-1
-1
0
0
2
0
0
-2
0
4
3
1
2
6
6
8
9
6
6
8
8
6
7
8
9
8
11
12
13
14
18
17
16
13
15
18
14
16
14
6
6
10
7
10
10
10
14
12
11
12
11
6
2
2
2
-3
0
-2
-1
-1
-3
0
-4
0
-2
-7
-3
4
6
6
4
-1
-2
-7
-7
-5
-3
-3
-8
-9
-7
-5
-3
0
-3
-10
-9
-7
-6
-5
-3
-6
-4
-5
-6
-8
-8
-9
-12
-9
-8
-12
-11
-9
-11
-10
-12
-15
-16
-15
