0
0
-2
-2
-4
-2
0
-1
1
1
2
0
-1
-1
0
-1
-1
0
0
-3
-5
-3
0
-1
1
-1
0
2
2
-1
0
2
-1
-3
0
0
1
-1
-1
0
3
2
1
3
2
-1
-1
-1
-1
-1
-2
1
0
-2
-2
-3
0
0
1
0
-1
2
1
2
1
0
-2
-3
-3
1
2
2
0
1
4
2
2
4
1
0
-1
-1
-1
2
0
2
3
2
3
1
3
2
2
0
0
1
0
0
-3
0
-1
0
2
4
3
2
0
0
1
0
1
0
-1
-1
0
-1
0
2
0
-1
0
-1
0
-1
1
1
0
0
-4
-2
-2
-3
-1
-2
-2
-2
-4
-3
-3
-2
1
0
1
1
-1
-4
-4
-4
-4
-3
-3
-2
2
1
-1
1
1
0
1
-4
-3
-3
-4
-3
-4
-2
0
2
-1
1
3
0
0
-1
0
0
1
2
1
0
0
-1
-1
2
2
2
3
3
3
1
-1
-1
0
-1
-2
2
2
3
3
3
4
2
4
2
3
1
-3
-3
0
0
-1
1
-1
1
0
-2
2
0
0
-2
-1
0
-1
0
-1
-1
-3
-5
-3
-1
0
0
0
0
-3
-4
-1
-5
-2
-3
-2
-1
1
2
1
1
2
2
1
0
-1
0
1
-1
1
2
2
3
4
7
5
2
3
1
2
2
0
-1
1
3
2
3
3
1
2
3
3
3
0
1
2
1
0
-1
-1
-2
-3
-2
-4
-1
0
0
1
2
4
5
4
2
1
0
-2
-1
1
2
3
1
-1
0
-1
0
-3
-1
-3
-3
-3
-5
-3
-2
-2
0
2
0
1
0
1
1
2
-1
0
0
0
2
0
-1
-1
-2
0
0
-2
-1
1
-1
0
-2
-5
-4
-2
-2
-2
-1
-1
-1
0
-2
-2
0
0
-1
-2
-2
-2
-3
-1
-1
-2
-2
-2
-2
-2
-2
-1
0
0
-1
-2
-3
-2
-1
-2
0
0
0
1
0
0
1
-3
0
-2
-3
-1
-3
-4
-3
-2
-2
0
3
4
3
2
1
0
0
2
0
-3
-3
-1
-3
-1
2
-1
2
0
-1
-1
-1
1
-1
-1
-1
-3
0
1
-1
0
1
0
1
3
2
2
2
1
3
5
7
3
2
3
3
5
4
5
5
5
4
4
6
6
6
7
4
4
2
3
2
2
3
1
1
-1
-1
-1
-1
1
2
1
4
2
2
3
-1
-1
-1
0
1
-1
-1
-3
-1
-1
-1
-1
1
1
-2
0
0
-2
-3
-4
-6
-6
-7
-6
-4
-1
-4
-3
-1
-2
0
0
1
2
1
1
-1
-1
-2
-2
-3
-4
-4
-4
-3
-2
-4
-1
1
-2
-2
0
-2
-2
-2
-3
-2
-6
-7
-5
-6
-6
-4
-2
-2
-2
-2
-1
-2
1
3
1
-1
-2
-2
-3
1
0
0
-2
-2
-1
-1
-1
0
2
2
4
5
4
4
3
2
2
2
4
3
6
5
4
6
6
4
5
4
4
4
2
0
3
0
2
3
2
1
-1
0
1
2
1
1
4
4
4
4
3
3
2
3
3
1
2
1
0
0
1
-1
2
1
0
0
-1
0
-1
-2
0
-1
-5
-3
-3
-5
-3
-5
-3
-2
0
0
0
0
-2
-1
-7
-5
-9
-9
-8
-12
-10
-11
-10
-9
-7
-6
-8
-6
-6
-6
-6
-5
-5
-8
-6
-7
-8
-5
-6
-6
-6
-4
-2
2
3
3
4
2
2
6
6
7
9
7
10
9
12
13
13
13
14
12
13
16
13
14
13
14
16
19
19
22
21
20
20
20
18
20
20
18
17
17
16
15
15
15
14
15
11
10
7
2
2
-2
-4
-4
-7
-8
-10
-12
-13
-15
-18
-20
-20
-23
-26
-28
-30
-34
-36
-35
-35
-37
-40
-41
-42
-44
-43
-45
-45
-43
-43
-42
-43
-41
-44
-42
-37
-35
-31
-30
-27
-24
-21
-18
-13
-7
-4
2
4
7
10
12
17
21
25
29
33
39
43
49
50
50
52
56
58
58
60
60
57
59
61
63
63
64
65
62
62
65
61
62
59
57
55
51
48
44
38
34
27
22
16
9
4
0
-6
-15
-21
-27
-32
-36
-37
-42
-45
-49
-52
-55
-57
-60
-64
-66
-68
-71
-76
-80
-82
-82
-81
-82
-82
-80
-79
-79
-76
-77
-74
-69
-68
-63
-57
-55
-49
-43
-37
-29
-23
-18
-13
-8
-2
2
7
11
18
27
33
41
49
51
58
60
63
68
68
72
75
76
80
82
78
78
79
75
75
72
71
69
62
56
53
49
45
37
31
28
20
13
9
3
-1
-3
-10
-14
-17
-22
-26
-30
-30
-37
-40
-43
-43
-44
-45
-41
-43
-44
-40
-33
-25
-21
-11
-7
-5
-1
5
11
16
23
31
33
40
44
45
48
51
47
46
50
51
52
47
43
36
32
33
34
34
32
30
22
17
10
7
2
-9
-14
-21
-32
-41
-50
-58
-67
-76
-83
-89
-95
-104
-111
-113
-119
-125
-125
-125
-126
-126
-124
-124
-120
-115
-113
-107
-102
-96
-90
-82
-77
-71
-62
-55
-45
-34
-23
-14
-2
6
15
28
39
54
63
74
85
91
100
111
117
125
132
139
145
148
151
156
157
159
161
161
160
159
159
157
151
141
135
131
123
113
107
98
83
73
58
43
29
13
-4
-16
-27
-41
-52
-66
-75
-81
-92
-103
-106
-115
-122
-126
-136
-143
-147
-150
-151
-150
-152
-148
-145
-139
-134
-129
-121
-116
-107
-97
-83
-68
-57
-36
-17
-5
17
32
46
65
82
97
113
122
133
140
149
158
155
160
161
164
168
161
157
153
143
139
135
129
123
111
100
84
73
57
42
26
10
-7
-24
-37
-57
-72
-91
-109
-127
-143
-157
-173
-181
-194
-204
-211
-221
-225
-228
-233
-234
-234
-234
-231
-230
-220
-212
-202
-193
-184
-172
-160
-147
-127
-116
-99
-83
-68
-50
-33
-15
6
27
40
57
77
92
105
124
136
149
155
159
166
171
172
176
180
180
179
178
176
167
165
152
146
139
133
129
118
111
102
92
79
68
60
47
35
23
14
6
-2
-6
-11
-15
-15
-10
-14
-12
-8
-13
-1
4
15
37
52
60
70
86
99
109
119
128
141
150
161
166
166
166
161
162
159
157
151
136
126
110
102
102
93
85
80
70
55
39
20
-1
-24
-41
-59
-71
-94
-121
-145
-171
-198
-219
-238
-263
-284
-303
-323
-338
-353
-363
-374
-374
-375
-374
-368
-366
-366
-364
-350
-337
-324
-308
-287
-273
-259
-239
-218
-197
-181
-156
-126
-103
-74
-51
-31
-10
17
46
74
101
115
127
145
165
184
205
229
251
265
278
302
315
321
324
336
342
343
340
331
315
295
275
262
245
226
206
181
156
137
118
90
71
53
28
6
-10
-30
-48
-60
-73
-82
-86
-93
-99
-106
-112
-117
-116
-110
-98
-91
-83
-73
-74
-61
-55
-54
-40
-17
10
33
58
80
96
113
143
172
196
215
232
255
271
279
287
285
285
280
276
267
254
235
215
203
185
176
159
134
118
94
74
42
11
-25
-62
-89
-113
-132
-163
-191
-233
-269
-297
-328
-355
-382
-413
-442
-463
-485
-495
-502
-517
-523
-521
-515
-508
-503
-492
-477
-462
-449
-416
-386
-364
-331
-313
-286
-262
-226
-192
-159
-123
-80
-46
4
55
90
127
166
202
223
259
287
308
322
349
366
382
403
410
420
419
420
414
415
405
393
376
346
321
300
282
267
246
219
193
167
140
113
83
54
28
10
-25
-51
-70
-97
-117
-141
-152
-153
-163
-164
-158
-158
-150
-149
-137
-133
-134
-118
-100
-71
-41
-3
22
52
90
127
165
197
225
248
288
325
343
364
376
376
375
373
383
379
373
361
339
329
322
300
287
277
250
230
221
201
172
129
91
45
2
-23
-67
-118
-176
-232
-279
-320
-363
-398
-438
-481
-509
-526
-548
-586
-616
-647
-657
-655
-656
-641
-652
-655
-641
-627
-604
-589
-559
-533
-494
-465
-423
-391
-358
-324
-277
-226
-185
-139
-92
-63
-11
35
71
122
161
203
241
278
304
325
341
363
386
408
433
434
426
431
434
431
430
423
401
374
338
297
275
258
220
184
155
125
82
62
30
-20
-59
-91
-101
-118
-134
-144
-164
-185
-185
-187
-191
-187
-169
-158
-156
-140
-120
-99
-87
-51
-6
41
84
95
120
140
166
208
242
300
347
401
445
490
524
553
585
600
646
671
696
706
681
641
602
552
543
523
506
480
417
386
326
275
236
200
144
109
68
32
-25
-114
-197
-274
-326
-392
-442
-484
-565
-626
-674
-719
-774
-816
-840
-870
-880
-877
-889
-909
-927
-944
-955
-949
-897
-860
-827
-778
-743
-715
-662
-630
-588
-535
-461
-386
-333
-271
-233
-197
-133
-60
22
136
206
238
285
349
381
420
463
499
500
527
554
574
559
540
538
499
513
528
503
488
451
399
373
346
310
287
248
208
167
155
103
41
1
-33
-71
-123
-158
-206
-237
-268
-301
-318
-322
-329
-329
-292
-270
-250
-250
-255
-222
-206
-167
-108
-64
-24
12
63
101
143
187
247
316
390
454
521
580
630
671
738
802
851
891
945
982
970
974
963
927
909
896
877
875
822
758
712
668
581
496
391
335
270
236
209
148
62
-46
-152
-258
-326
-423
-507
-598
-683
-784
-852
-947
-1034
-1090
-1143
-1157
-1181
-1198
-1248
-1280
-1297
-1314
-1327
-1315
-1290
-1237
-1194
-1160
-1105
-1058
-1001
-956
-904
-849
-762
-702
-608
-534
-462
-355
-275
-187
-119
-18
77
158
222
313
358
413
471
514
570
578
591
623
641
668
680
663
644
624
583
563
546
493
494
441
393
354
317
283
261
194
191
64
226
354
216
-70
-357
-429
-381
-225
-254
-222
-269
-246
-242
-198
-177
-255
-321
-383
-288
-243
-76
79
97
151
379
482
741
667
-256
-698
-392
593
926
1151
1249
1633
1741
1682
1592
1430
1554
1410
1565
1905
2203
2225
1882
1733
1376
923
1147
1276
1063
657
358
36
-266
-627
-1121
-1301
-1243
-1114
-1281
-1584
-1865
-2140
-2127
-2080
-1911
-1713
-1674
-1656
-1643
-1671
-1584
-1577
-1442
-1188
-787
-438
-167
-87
-386
-527
-530
-239
61
328
372
369
450
339
67
-148
-411
-586
-598
-294
-138
-285
-441
-724
-756
-566
-288
26
220
247
253
431
591
683
665
596
696
770
748
674
452
150
-194
-362
-384
-551
-886
-1227
-1535
-1820
-1902
-1906
-1893
-1941
-2014
-2015
-1923
-1807
-1632
-1382
-1019
-593
-204
106
332
529
720
1038
1414
1727
1950
2006
1982
1942
1992
1909
1775
1650
1543
1552
1569
1513
1352
1450
1765
2362
2897
3024
2669
1955
1302
1035
1208
1684
2168
2229
2048
1858
1407
934
531
37
-337
-414
-38
352
142
-703
-1605
-2181
-2316
-1962
-1327
-848
-801
-1107
-1347
-1354
-1436
-1487
-1337
-1001
-674
-508
-452
-807
-1500
-2050
-2109
-1718
-1267
-1010
-1058
-1376
-1727
-1837
-1634
-1234
-909
-506
-181
200
489
577
522
559
1024
1500
2001
1988
1564
1426
1422
1343
1367
1247
1013
919
603
441
340
-372
-878
-1190
-1279
-917
-799
-975
-1219
-1673
-1858
-1489
-1092
-813
-607
-714
-821
-659
-615
-488
-381
-373
-222
-53
-54
-216
-619
-1094
-1276
-1211
-946
-786
-1035
-1385
-1663
-1845
-1806
-1687
-1418
-1011
-652
-293
-199
-205
-160
103
565
1127
1541
1667
1662
1538
1529
1526
1498
1540
1530
1611
1637
1572
1431
1281
969
990
1505
2366
3408
3869
3569
3027
2541
2072
1810
1770
1797
1906
1641
1292
886
389
143
-879
-1869
-1646
-1385
-1461
-909
-875
-1668
-2109
-1899
-1260
-799
-243
529
377
357
697
564
425
410
118
-682
-1012
-703
-1127
-1965
-2384
-3092
-3610
-3263
-2914
-2810
-2831
-2508
-2211
-1936
-1059
-339
-37
459
1189
1674
2305
2721
2687
2384
2187
2062
1947
1710
1152
761
486
15
-490
-974
-1346
-1344
-1325
-1166
-837
-794
-859
-823
-714
-340
66
449
457
315
325
228
94
-45
-408
-627
-524
-515
-525
-784
-1217
-1511
-1747
-1812
-1748
-1799
-1688
-1566
-1418
-1039
-710
-563
-537
-482
-417
-143
245
633
724
692
626
582
617
610
295
52
-88
-162
74
146
491
241
480
421
678
1362
2422
3602
4427
4352
4147
4069
3598
2947
2229
1912
1899
1722
1503
1721
1260
194
-993
-1625
-1835
-1580
-1353
-1075
-727
-1188
-1443
-1416
-1114
-838
-751
-159
615
1193
1231
941
549
-213
-744
-892
-786
-749
-1257
-1890
-2540
-3136
-3478
-3500
-3309
-2973
-2415
-1766
-1032
-132
506
713
891
1149
1872
2661
2970
3060
2682
1785
1010
518
335
279
-55
-567
-976
-1404
-1702
-1680
-1720
-1566
-1215
-727
80
869
945
866
912
782
1020
1206
1252
1123
545
-164
-578
-1031
-1418
-1505
-1827
-1988
-1975
-2054
-2161
-2296
-2450
-2409
-2143
-1700
-1178
-680
-278
-68
181
347
438
312
116
123
347
549
722
714
498
111
-258
-409
-400
-267
-122
30
413
794
965
1285
1224
1099
1519
2443
3930
5195
5425
5047
4191
2933
1482
504
175
240
118
-75
152
215
-641
-1763
-2647
-3028
-2608
-1685
-387
667
764
131
-407
-619
-568
-346
75
769
1182
1065
702
45
-1085
-2344
-3034
-2990
-2585
-2214
-2293
-2645
-3086
-3497
-3414
-2785
-1826
-669
467
1356
2436
3077
3049
2626
2103
2063
2447
2936
3134
2703
1266
-116
-1134
-1589
-1260
-963
-940
-957
-916
-760
-433
-223
46
277
675
1555
2556
3034
3015
2382
1328
676
388
352
220
-207
-862
-1515
-2208
-2608
-2872
-2958
-2790
-2440
-1907
-1366
-1097
-1271
-1399
-1369
-888
-102
737
1073
891
244
-391
-905
-1092
-984
-752
-338
-142
15
-185
-573
-1171
-1734
-1678
-893
104
931
1333
1378
1429
1076
915
1283
2406
3958
5014
5502
5427
4350
2449
46
-1533
-1838
-1679
-1245
-641
23
-23
-1065
-2235
-2745
-2748
-2299
-1193
553
2033
2350
1803
1178
468
-393
-775
-301
588
907
606
47
-904
-2279
-3671
-4333
-4179
-3756
-3238
-2675
-2299
-2297
-2582
-2693
-2244
-1366
-160
1110
2345
3066
3358
3521
3190
2608
1943
1430
1266
1185
1274
1212
419
-364
-632
-569
-81
216
177
327
459
881
1801
2460
2834
2615
2202
2316
2407
2208
1729
995
393
17
-27
76
-279
-1027
-1749
-2049
-1718
-1259
-952
-881
-956
-913
-671
-377
-237
-412
-753
-890
-775
-433
-197
-516
-1121
-1885
-2512
-2629
-2556
-2362
-2239
-2075
-1591
-1124
-798
-418
-501
-418
-124
173
1115
1603
1561
1580
1167
969
672
605
1747
3127
4188
5054
4927
4430
2894
194
-1497
-1936
-1892
-1417
-336
1058
1444
393
-633
-1607
-2563
-2874
-2115
-422
1190
1834
1759
1028
-128
-1624
-2811
-2589
-1666
-943
-410
-193
-667
-1883
-3476
-4457
-4603
-4295
-3578
-2534
-1316
-748
-970
-1276
-1426
-1403
-778
349
1773
2951
3603
3982
3540
2347
898
-449
-796
-379
226
1153
1245
912
684
88
-19
125
260
1196
2176
3280
4492
4585
4177
3123
1957
1712
1622
1685
1747
1260
716
30
-680
-1155
-1759
-2095
-1926
-1384
-486
37
-47
-497
-1257
-1516
-1160
-632
-98
328
617
587
279
-226
-1182
-2385
-3048
-3021
-2354
-1562
-1224
-1230
-1614
-2007
-1928
-1611
-940
-189
218
984
1864
2220
2212
1594
657
305
743
2275
4045
5076
5413
4789
3282
1052
-1271
-2868
-3580
-3507
-2623
-1060
595
1053
362
-602
-1699
-2407
-2285
-1215
519
1834
2395
2466
1748
321
-1446
-2697
-2921
-2666
-2187
-1528
-1200
-1653
-2873
-4127
-4869
-5057
-4650
-3596
-2109
-724
62
404
437
167
-6
52
631
1902
3080
3488
3131
2142
925
-110
-750
-776
-467
-377
38
564
800
1015
879
779
1149
1747
2628
3596
4117
3987
3394
2805
2425
2020
1727
1361
840
291
-300
-907
-1572
-2172
-2422
-2255
-1667
-837
-184
192
292
39
-42
269
553
733
964
1193
1037
674
194
-623
-1594
-2337
-2848
-3007
-2789
-2372
-2058
-1801
-1581
-1344
-905
-269
659
1566
2146
2675
2890
2743
2509
1737
981
367
-478
-891
-426
1048
2821
3792
4307
4319
3537
1723
-785
-2313
-2857
-3142
-2595
-1203
681
1707
947
47
-809
-2029
-2758
-2423
-847
740
1340
1725
1660
585
-1376
-3143
-3490
-3195
-2873
-2047
-986
-545
-1261
-2518
-3311
-3842
-4240
-3966
-2782
-1368
-363
125
302
125
-501
-1065
-741
265
1039
1482
1627
1631
1375
709
274
214
83
397
1153
1790
2019
1447
506
-140
-283
202
1160
2171
2853
2976
2878
2958
2760
2149
1423
700
368
396
489
334
-376
-1377
-2150
-2346
-1927
-1404
-1039
-637
-244
147
643
981
986
712
606
971
1656
2170
1878
890
-385
-1586
-2309
-2687
-2690
-2285
-1785
-749
241
539
539
75
-490
-480
37
959
1888
2463
2835
2646
2186
1981
2448
3174
3516
4217
4815
4154
2093
-963
-3411
-4829
-6032
-5769
-3854
-1567
233
948
1360
1266
-206
-1806
-2129
-1082
505
1944
3443
4133
2990
581
-1669
-3051
-4082
-4914
-4614
-3384
-2321
-2083
-2402
-2871
-3925
-5074
-5205
-4013
-2064
-262
1195
2449
2934
2541
1675
764
389
283
173
447
788
675
240
-420
-994
-1297
-1726
-1744
-859
308
1488
2165
2324
2457
2072
1668
1777
1980
2164
2275
2736
3631
4008
3693
2818
1425
19
-1273
-2160
-2394
-2585
-2857
-2756
-2261
-1622
-1217
-921
-527
-53
709
1798
2819
3278
3056
2392
1666
935
57
-874
-1612
-2320
-2784
-2631
-2400
-2341
-2360
-2246
-1716
-581
607
1528
2139
2336
2169
1901
1870
1548
1043
790
691
824
1332
2302
3597
4204
4496
4910
4328
2657
-28
-2971
-4506
-5166
-5270
-3908
-1910
-241
464
663
1041
372
-1157
-2029
-1698
-430
1034
2337
3380
3119
1196
-1219
-2758
-3651
-4561
-4919
-4055
-2743
-1968
-1626
-1507
-1957
-3196
-4186
-4031
-2819
-1387
-211
986
1911
2090
1672
1004
500
150
-208
-301
-25
247
409
606
840
1045
963
762
1223
1688
1661
1666
1143
445
317
171
561
1287
1562
1847
2061
2605
3271
3258
2974
2331
1105
260
-84
-497
-1151
-2026
-2791
-3293
-3166
-2605
-2123
-1552
-1011
-547
191
1074
1523
1367
1254
1306
1252
1252
1022
154
-1206
-2451
-3147
-3258
-2707
-1816
-979
22
1010
1496
1507
1113
589
102
9
530
1330
2184
2734
3130
3958
4852
5291
5596
5897
5459
3385
319
-2204
-4105
-5579
-6264
-5397
-3363
-1744
-842
-29
662
160
-1519
-2514
-2045
-992
342
1985
3601
3870
2293
401
-950
-2289
-3829
-4829
-4541
-3731
-3424
-3082
-2655
-2871
-3892
-4816
-4555
-3493
-2297
-994
531
1973
2734
3048
3298
3179
2169
810
161
181
258
430
584
713
491
-28
10
123
15
-90
350
1724
2860
3224
3498
3197
2260
1382
985
1413
1905
2156
2647
3091
3259
2650
1087
-504
-2075
-3425
-3840
-3245
-2451
-2221
-2087
-1810
-1510
-944
-411
113
959
1671
2124
2337
2195
1355
-318
-1809
-2536
-2744
-2502
-2215
-1934
-1728
-1608
-1222
-892
-349
397
625
1201
2154
2538
2541
2081
1227
460
30
30
448
775
1217
2201
3646
5164
6277
6730
6040
3820
252
-3019
-5000
-6225
-6549
-5535
-3546
-1382
220
1079
1284
386
-1378
-2778
-2645
-1309
283
1984
3236
3388
2130
45
-1745
-3339
-4944
-5844
-5450
-4093
-2674
-1676
-1053
-1107
-2020
-3222
-3774
-3349
-2576
-1565
-233
1172
2278
2726
2945
2959
1999
497
-721
-1247
-878
-43
1091
2526
3179
3268
3436
2958
2210
1250
-130
-790
-496
152
1415
2509
2601
2185
1637
1536
1820
2055
2463
2671
2462
2382
2387
1588
207
-1319
-3052
-4094
-3968
-3361
-2585
-1866
-1447
-1029
-484
187
659
882
1403
1865
2064
2348
2023
583
-1236
-2706
-3649
-3726
-3020
-1974
-1153
-465
482
843
773
655
85
-547
-302
346
1149
2491
3713
4830
5932
6657
7023
6879
5636
3260
116
-2811
-4598
-5960
-6593
-5700
-4070
-2726
-1440
-379
-78
-416
-1523
-2509
-2296
-1403
-232
1463
3016
3511
2599
990
-374
-1884
-3712
-4782
-4875
-4558
-3946
-3409
-2967
-2919
-3755
-4826
-5111
-4615
-3795
-2526
-842
913
2245
3104
3667
3677
3257
2485
1461
780
394
8
-75
189
329
293
85
-45
123
270
592
1505
2611
3463
4095
4271
4190
3979
3240
2555
2447
2421
2352
2523
2638
2389
1550
257
-1012
-2232
-3398
-3873
-3670
-3257
-2502
-1586
-884
67
702
881
1292
1528
1460
1573
1760
1503
908
-263
-1643
-2976
-4057
-4306
-3944
-3185
-1937
-572
226
832
1128
733
479
289
172
564
1166
1642
1915
2387
3486
4856
5597
6210
6807
6735
5470
2981
77
-2596
-4840
-6655
-6699
-4967
-2860
-1210
128
1334
1592
420
-1160
-1919
-2168
-2026
-924
889
2479
2757
1683
372
-1042
-3057
-5104
-5930
-5671
-5234
-4595
-3551
-2562
-2410
-3043
-3575
-3511
-3199
-2819
-2029
-751
513
1390
1951
2432
2589
1920
941
177
-387
-798
-1025
-819
-235
226
433
785
1342
1864
2010
2030
2144
2276
2598
3295
4135
4716
4545
3920
3228
2657
2148
1296
473
-200
-785
-975
-710
-478
-708
-1239
-1551
-1389
-721
126
662
966
1178
1249
1191
977
367
-575
-1467
-1781
-1595
-1432
-1354
-1639
-2148
-2279
-1935
-1273
-574
81
492
735
1053
1063
568
-144
-619
-692
-109
854
1826
2447
3335
4438
5261
5914
6231
6266
5573
3696
1228
-1012
-2951
-4554
-5508
-4907
-3082
-1397
-62
1109
1706
1008
-621
-1971
-2690
-2944
-2705
-1717
-6
1237
1290
717
31
-1226
-3226
-4917
-5424
-5142
-4828
-4097
-2874
-1936
-1840
-2325
-2708
-2997
-3482
-3899
-3599
-2392
-1054
104
1291
2150
2132
1907
1819
1540
954
180
-298
-205
308
853
1247
1297
1227
1138
1172
2152
2884
2560
2393
2467
2454
2637
2917
3094
3194
3135
3233
3147
2741
1954
288
-1271
-1787
-1841
-1868
-1253
-233
186
390
762
603
-58
-696
-1260
-1418
-768
56
282
184
101
-498
-1523
-1939
-2099
-2401
-2274
-1477
-537
226
836
1043
795
485
312
-171
-365
-205
-249
-244
188
734
1536
3198
4982
6252
6790
7192
7088
5566
3083
425
-1913
-3757
-4709
-4565
-2907
-883
161
703
1208
1022
-656
-2688
-3856
-4299
-4140
-2952
-580
1708
2579
2315
1648
805
-871
-3224
-4881
-5277
-5199
-4969
-3974
-2743
-2416
-3141
-3978
-4260
-4388
-4628
-4579
-3608
-1859
-81
1512
3102
4216
4022
2838
1613
719
-168
-808
-809
-230
513
898
1003
857
366
-536
-1284
-1257
-338
910
2218
3828
5041
5397
5112
4564
3978
3203
2283
1637
1288
1060
646
-17
-746
-1435
-2076
-2411
-2053
-1404
-829
-405
-22
251
264
123
10
-88
-170
-35
255
566
697
507
56
-426
-660
-961
-1146
-1244
-1284
-1242
-1229
-1042
-1027
-866
-928
-780
-366
185
866
1338
1706
2534
3926
5384
6751
7389
7635
7510
6149
3778
721
-2307
-4710
-6444
-6941
-5807
-3634
-1592
26
1442
2380
2071
502
-1123
-2211
-2671
-2584
-1518
363
1814
2242
1920
1353
125
-2247
-4599
-5875
-6254
-6104
-5474
-4088
-2660
-2071
-2285
-2505
-2488
-2826
-3470
-3509
-2418
-927
582
2035
3284
3774
3096
1955
990
78
-873
-1583
-1534
-818
-70
456
1132
1649
1501
1076
811
808
879
1059
1475
2207
2912
3555
4032
4357
4519
4003
3095
2334
1385
175
-753
-1235
-1603
-1829
-1764
-1535
-1328
-1189
-1087
-1064
-1033
-899
-661
-211
475
1006
1177
1409
1592
1218
434
-454
-1472
-2358
-2695
-2494
-1947
-1180
-629
-384
-180
-32
-277
-573
-716
-485
-18
727
1766
2622
3699
5018
6140
6633
7001
7067
6599
5051
2532
-123
-2442
-4188
-5472
-5589
-4110
-2221
-703
750
2194
2737
1732
-16
-1513
-2540
-3238
-3200
-2161
-674
343
662
969
1013
-199
-2448
-4231
-4941
-5214
-5194
-4569
-3414
-2600
-2619
-2798
-2775
-3023
-3850
-4659
-4429
-3238
-1910
-628
926
2420
3549
4232
4285
3776
2516
788
-556
-1074
-996
-744
-610
-145
637
1014
1258
1420
1104
798
892
1302
2016
2936
3650
3996
4414
4839
4622
3727
2735
1632
443
-422
-934
-1496
-2085
-2240
-2152
-1985
-1484
-1119
-1225
-1187
-794
-390
-117
341
588
465
616
907
726
215
-377
-1332
-2117
-2231
-2107
-1965
-1566
-887
-377
-16
460
541
204
-83
-137
-128
185
827
1290
1824
3136
4875
6061
6652
6823
6740
6352
5049
2730
188
-1897
-3667
-5130
-5268
-3868
-2307
-1319
-201
1209
1832
946
-798
-2171
-2921
-3382
-3337
-2058
-162
853
1052
1323
1551
493
-1840
-3812
-4752
-5419
-6031
-5860
-4842
-3797
-3454
-3300
-2642
-2199
-2563
-3196
-2999
-1962
-916
36
1252
2849
3854
3866
3476
2998
2043
661
-319
-448
-178
-119
14
411
1018
1232
936
740
833
1020
1092
1520
2528
3461
3922
4375
4756
4761
4132
3025
1966
1014
34
-868
-1488
-1698
-1729
-1791
-1513
-1078
-885
-1097
-1326
-1248
-1088
-883
-510
-125
169
317
319
421
433
69
-560
-1041
-1215
-1344
-1517
-1421
-1138
-778
-442
-124
239
366
293
126
21
119
302
601
1152
1547
2344
3694
5132
6176
6608
6754
6744
5800
3842
1609
-623
-2573
-4387
-5426
-4891
-3540
-2336
-1316
-79
997
860
-369
-1453
-2181
-2872
-3343
-2873
-1329
79
672
1034
1430
1214
-320
-2288
-3657
-4645
-5750
-6493
-6099
-5047
-4213
-3629
-2824
-1882
-1487
-1886
-2194
-1795
-1168
-805
-277
945
2409
3102
3181
3101
2701
1785
672
-23
-134
-56
-110
10
515
1098
1255
1133
1361
1684
1709
1700
2012
2489
2847
3207
3625
4014
4148
3872
3103
2334
1594
528
-583
-1487
-2142
-2487
-2437
-2034
-1605
-1224
-841
-578
-395
-100
122
11
-98
-9
72
131
201
266
309
262
-48
-587
-1024
-1244
-1488
-1473
-1099
-617
-212
59
502
895
1008
881
757
604
550
681
965
1932
3269
4490
5666
6531
6963
6930
6055
4212
2067
-290
-2567
-4271
-5357
-5373
-4632
-3661
-2481
-1017
184
513
147
-441
-936
-1556
-2155
-2066
-1301
-559
-243
166
613
540
-482
-2071
-3341
-4423
-5633
-6635
-6683
-6006
-5263
-4371
-3039
-1523
-544
-350
-339
-152
24
-40
-89
234
782
1013
1127
1522
1814
1627
1090
730
584
341
28
-180
-116
106
338
1063
2016
2901
3262
3307
3261
3069
2612
2134
1941
1910
2065
2228
2554
2786
2526
1843
866
-191
-1287
-2216
-2743
-2834
-2491
-1891
-1171
-383
438
968
1080
992
775
475
-66
-582
-820
-819
-553
-324
-119
129
151
-277
-799
-1127
-1344
-1503
-1446
-887
-137
673
1238
1645
2010
2032
1921
1708
1697
1723
1571
1482
1815
2549
3323
4086
4884
5704
5877
4838
3108
1118
-946
-3205
-5194
-6081
-5845
-4892
-3640
-1826
467
2113
2536
2291
1861
874
-835
-2550
-3454
-3797
-3985
-3735
-2822
-1620
-968
-938
-872
-794
-1441
-2846
-4161
-4703
-4865
-4913
-4480
-3405
-2218
-1362
-704
-18
499
317
-411
-1054
-1325
-1359
-1248
-756
418
1691
2696
3429
3752
3550
2653
1340
100
-743
-1367
-1558
-1166
-208
1109
2357
3369
4199
4581
4306
3747
3090
2252
1354
556
20
-271
-417
-335
-132
245
642
714
388
-129
-492
-944
-1459
-1598
-1527
-1261
-911
-524
-115
292
549
507
511
703
729
473
206
46
-94
-285
-328
-209
-137
-168
-190
-230
-282
-296
-397
-165
271
942
1542
2231
3017
3689
4450
5000
5321
5140
4929
4563
3746
2308
606
-969
-2627
-4001
-4940
-5035
-4506
-3792
-2751
-1283
254
1275
1544
1469
1316
611
-642
-1719
-2518
-3212
-3733
-3817
-3211
-2495
-1976
-1627
-1116
-724
-987
-1758
-2604
-3259
-3896
-4278
-4167
-3586
-2900
-2269
-1539
-730
-13
227
103
-40
-61
-77
-158
-116
163
535
927
1397
1881
2261
2323
2053
1711
1320
873
449
150
152
462
909
1381
2084
2761
3244
3636
3753
3540
2781
1761
763
-132
-789
-1220
-1475
-1564
-1187
-637
-181
271
470
459
334
186
105
40
-42
-62
73
309
512
544
392
280
142
-77
-395
-691
-941
-1282
-1344
-1171
-840
-442
-38
512
1110
1541
1812
1926
2044
2085
2051
1982
1858
1666
1238
1076
1004
1181
1200
1107
1383
1830
2234
1993
1537
910
163
-716
-1610
-1958
-2014
-2047
-1953
-1358
-504
-74
-196
-548
-612
-958
-1842
-2630
-3159
-3506
-3777
-3588
-2833
-1819
-1133
-604
247
907
975
315
-604
-1449
-2472
-3569
-4359
-4684
-4661
-4306
-3680
-2655
-1628
-915
-369
62
554
817
724
712
926
1251
1576
1849
2095
2354
2411
2247
1978
1613
1163
520
80
107
473
820
1131
1564
2095
2508
2631
2504
2310
2072
1567
1043
736
519
257
29
12
168
240
158
260
477
589
619
461
396
385
194
-13
-83
5
-249
-639
-785
-807
-792
-831
-706
-401
-133
-17
-5
31
103
117
100
141
313
433
527
779
1084
1254
1125
810
514
140
-387
-1054
-1621
-1737
-1546
-951
-61
983
2197
3207
3939
4144
3671
2734
1479
122
-1092
-2052
-2701
-2980
-2825
-2128
-1195
-385
171
425
583
430
-93
-815
-1584
-2199
-2744
-2943
-2674
-2237
-1824
-1452
-760
-27
267
107
-179
-477
-1008
-1717
-2396
-2929
-3480
-3981
-4178
-4008
-3514
-2959
-2138
-1038
147
1182
1925
2407
2618
2502
2059
1571
1073
674
446
381
490
644
941
1315
1790
2241
2545
2661
2495
2263
1791
1256
779
247
-35
-97
-45
112
464
1089
1698
2200
2526
2575
2361
1985
1537
969
497
-81
-550
-895
-993
-902
-882
-700
-471
-224
-135
-108
-166
-375
-542
-668
-741
-695
-610
-400
-127
149
393
492
525
416
210
-22
-320
-702
-1102
-1332
-1459
-1548
-1573
-1437
-1237
-1000
-778
-616
-420
-165
245
713
1254
1738
2299
2841
3209
3319
3014
2562
1919
1246
526
-142
-590
-1022
-1343
-1354
-1154
-931
-785
-531
-132
93
-42
-377
-864
-1404
-1895
-2401
-2562
-2523
-2479
-2198
-1526
-791
-351
-204
-215
-218
-503
-969
-1499
-2049
-2531
-2952
-3204
-3161
-2927
-2581
-2003
-1138
-247
563
1185
1585
1897
2018
1958
1641
1327
1125
963
915
939
1013
1044
1046
1126
1328
1471
1488
1483
1459
1425
1221
912
856
906
1063
1318
1606
1934
2101
2100
2077
1960
1614
1175
713
285
-64
-344
-513
-485
-326
-160
83
289
465
539
465
222
-23
-312
-687
-1070
-1385
-1600
-1665
-1464
-1150
-793
-517
-409
-423
-478
-553
-765
-1073
-1388
-1623
-1693
-1811
-1703
-1535
-1356
-1120
-858
-438
-159
36
101
179
236
341
466
712
1110
1499
2062
2573
2999
3237
3226
3084
2776
2190
1488
800
158
-382
-766
-942
-987
-1043
-966
-756
-528
-376
-525
-776
-1076
-1395
-1723
-1969
-2074
-2119
-2088
-1843
-1426
-1011
-596
-263
11
228
276
141
-214
-746
-1286
-1888
-2482
-2931
-3128
-3038
-2754
-2234
-1513
-722
55
757
1456
2008
2334
2298
2088
1933
1711
1448
1128
881
728
667
696
871
1100
1289
1464
1541
1594
1480
1181
857
705
652
716
896
1169
1491
1843
2157
2317
2330
2040
1695
1208
645
87
-465
-861
-1174
-1272
-1334
-1292
-1134
-938
-754
-615
-620
-681
-826
-1025
-1182
-1340
-1446
-1564
-1564
-1463
-1341
-1348
-1490
-1672
-1828
-1927
-1874
-1714
-1409
-1108
-875
-638
-410
-118
55
173
220
334
404
356
346
359
401
342
400
613
873
1329
1717
2134
2632
3034
3325
3454
3397
3188
2957
2522
2010
1443
860
379
-114
-322
-346
-385
-336
-295
-122
75
-18
-232
-510
-868
-1206
-1564
-1924
-2048
-2169
-2134
-1771
-1356
-888
-565
-386
-189
-201
-514
-995
-1609
-2162
-2492
-2669
-2616
-2393
-1979
-1424
-888
-411
-19
205
286
287
213
261
295
134
42
16
119
274
356
532
751
990
1226
1547
1842
2230
2509
2659
2678
2512
2257
1787
1333
932
556
145
-229
-446
-416
-192
72
385
600
752
764
441
93
-337
-883
-1365
-1834
-2033
-2111
-2146
-1927
-1591
-1238
-992
-832
-800
-845
-1081
-1379
-1701
-1974
-2083
-2127
-2016
-1785
-1485
-1193
-877
-586
-167
198
453
770
962
1063
1068
985
988
946
766
683
515
381
256
152
231
355
446
710
1078
1571
2206
2752
3372
3792
4090
4361
4398
4238
3955
3530
3139
2683
2086
1669
1135
631
267
-137
-409
-559
-820
-963
-1073
-1254
-1348
-1587
-1735
-1794
-1848
-1825
-1821
-1775
-1523
-1192
-940
-754
-690
-659
-811
-1086
-1343
-1660
-2138
-2559
-2908
-3037
-3040
-3102
-2927
-2576
-2140
-1649
-1153
-613
-50
324
616
877
976
964
873
753
674
581
421
257
159
181
323
524
791
1029
1242
1361
1376
1310
1159
946
664
348
66
-189
-285
-304
-173
-24
112
196
103
21
-211
-486
-834
-1246
-1574
-1820
-2009
-2085
-2008
-1808
-1499
-1223
-964
-706
-532
-340
-282
-304
-329
-451
-485
-569
-630
-568
-444
-324
-223
-58
111
252
303
360
519
670
785
855
946
1119
1210
1304
1449
1610
1833
1975
2130
2296
2309
2242
2126
1921
1834
1654
1421
1437
1619
1971
2400
2773
3123
3497
3748
3846
3801
3586
3226
2638
2024
1561
1039
509
33
-347
-541
-672
-934
-1073
-1178
-1306
-1475
-1790
-2127
-2412
-2623
-2625
-2492
-2364
-2229
-2118
-1895
-1764
-1691
-1652
-1735
-1882
-2064
-2150
-2247
-2409
-2565
-2651
-2602
-2477
-2394
-2281
-2101
-1873
-1583
-1328
-1032
-684
-429
-163
37
141
135
5
-141
-355
-519
-654
-785
-787
-622
-409
-156
97
294
505
779
1048
1374
1404
1314
1075
822
602
262
-27
-312
-566
-779
-936
-983
-817
-699
-641
-503
-361
-255
-181
-177
-145
-147
-171
-232
-393
-480
-477
-397
-286
-168
-28
181
393
558
786
964
1090
1162
1133
1186
1229
1262
1250
1181
1142
1137
1146
1202
1280
1381
1518
1634
1729
1816
1896
1936
1941
1912
1845
1790
1749
1666
1679
1733
1828
1875
1895
1847
1848
1779
1809
1992
2099
2177
2098
2092
2128
2160
2138
2065
1845
1568
1207
742
312
-81
-496
-884
-1190
-1383
-1387
-1433
-1412
-1417
-1385
-1436
-1643
-1944
-2255
-2555
-2917
-3209
-3473
-3686
-3804
-3794
-3626
-3358
-3052
-2765
-2528
-2323
-2113
-1988
-1994
-2040
-2151
-2274
-2357
-2453
-2476
-2487
-2462
-2328
-2151
-1931
-1699
-1507
-1345
-1141
-1016
-957
-918
-870
-746
-570
-268
1
241
430
643
950
1211
1404
1549
1616
1554
1470
1344
1126
883
643
468
352
274
278
315
377
451
524
596
580
486
418
403
406
482
584
625
682
778
968
1107
1205
1333
1452
1527
1553
1539
1543
1524
1486
1426
1374
1328
1247
1142
1116
1128
1115
1111
1079
1075
1100
1094
1140
1258
1343
1406
1505
1592
1634
1648
1657
1690
1656
1656
1678
1724
1769
1717
1748
1651
1524
1322
1099
860
651
601
552
616
614
620
668
802
909
1002
881
696
446
122
-126
-380
-621
-785
-947
-1105
-1196
-1356
-1499
-1770
-2059
-2360
-2739
-3078
-3372
-3652
-3860
-3939
-3953
-3882
-3797
-3625
-3363
-3087
-2861
-2673
-2552
-2433
-2379
-2378
-2345
-2394
-2492
-2571
-2652
-2717
-2705
-2613
-2445
-2231
-1948
-1609
-1246
-899
-587
-288
-45
190
270
274
273
257
259
294
384
578
739
919
1221
1512
1806
2070
2189
2205
2127
1898
1653
1368
1150
954
796
667
667
724
803
912
1043
1193
1283
1340
1353
1323
1231
1140
1054
1026
975
981
997
1120
1243
1370
1494
1555
1613
1622
1604
1496
1364
1168
955
841
767
765
791
842
929
1059
1226
1299
1325
1273
1197
1169
1103
1039
1006
913
871
862
905
879
823
750
698
588
475
417
294
228
130
82
25
-43
-156
-167
-122
62
254
439
626
711
768
836
887
905
851
646
364
67
-199
-439
-671
-816
-925
-1073
-1239
-1355
-1459
-1585
-1720
-1927
-2096
-2323
-2573
-2756
-2904
-3026
-3140
-3259
-3315
-3318
-3260
-3162
-3027
-2915
-2805
-2749
-2682
-2618
-2581
-2523
-2518
-2444
-2383
-2284
-2111
-1933
-1768
-1530
-1290
-1101
-935
-717
-497
-343
-189
-58
84
131
188
284
372
475
565
732
893
1037
1193
1336
1447
1521
1543
1576
1578
1668
1743
1897
1960
1979
1899
1833
1758
1636
1473
1258
1023
798
707
587
630
711
884
1078
1237
1434
1608
1685
1761
1733
1614
1441
1237
1099
1002
981
910
904
970
1042
1180
1262
1284
1227
1094
930
725
475
249
98
24
48
135
268
437
553
722
889
1024
1126
1096
1101
1096
1059
930
796
628
441
280
125
-24
-115
-53
30
152
288
454
545
671
782
945
1000
1071
1073
1012
943
884
838
821
699
582
375
108
-100
-398
-593
-789
-973
-1168
-1405
-1706
-1898
-2113
-2299
-2508
-2698
-2920
-3103
-3190
-3272
-3292
-3318
-3299
-3251
-3252
-3228
-3140
-3091
-3025
-3020
-3000
-3011
-3085
-3096
-3024
-2875
-2667
-2462
-2222
-2010
-1783
-1529
-1295
-1138
-1066
-998
-905
-848
-773
-691
-630
-542
-420
-241
-33
178
341
502
702
880
1070
1306
1493
1672
1838
1903
1972
1992
1942
1928
1932
1973
2020
2043
2086
2146
2168
2102
2032
1936
1801
1660
1515
1441
1439
1446
1450
1548
1641
1736
1837
1909
1945
1935
1873
1770
1648
1549
1485
1441
1415
1406
1380
1332
1237
1118
1019
914
796
683
600
518
474
494
508
519
553
588
630
669
712
764
790
818
841
861
866
839
839
838
785
710
560
470
389
313
268
208
132
76
62
87
80
47
60
54
34
-11
-170
-272
-387
-495
-498
-587
-687
-914
-1187
-1402
-1579
-1692
-1747
-1800
-1848
-1855
-1870
-1859
-1841
-1881
-2015
-2177
-2391
-2654
-2871
-3015
-3095
-3160
-3203
-3192
-3150
-3080
-2976
-2868
-2776
-2736
-2761
-2790
-2808
-2807
-2793
-2729
-2698
-2648
-2615
-2607
-2521
-2495
-2413
-2276
-2130
-1964
-1729
-1476
-1214
-925
-680
-408
-220
-58
129
341
532
704
918
1141
1372
1563
1839
2105
2354
2571
2719
2850
2986
3070
3137
3203
3222
3255
3260
3268
3304
3276
3221
3109
3043
2974
2901
2853
2814
2798
2799
2834
2869
2848
2760
2660
2489
2352
2139
1955
1809
1663
1576
1482
1478
1490
1477
1474
1447
1343
1171
938
692
396
113
-114
-276
-397
-463
-452
-410
-367
-226
-89
56
250
395
532
600
652
645
537
382
161
-74
-283
-498
-655
-792
-870
-866
-909
-838
-699
-629
-583
-573
-647
-684
-742
-775
-798
-917
-997
-1108
-1174
-1232
-1312
-1348
-1336
-1378
-1393
-1446
-1486
-1535
-1668
-1825
-1965
-2095
-2261
-2439
-2614
-2713
-2829
-2977
-3066
-3170
-3235
-3278
-3312
-3358
-3347
-3323
-3336
-3367
-3367
-3332
-3313
-3305
-3263
-3217
-3156
-3064
-2925
-2715
-2479
-2245
-2026
-1809
-1580
-1348
-1176
-1006
-841
-636
-453
-224
20
295
606
857
1195
1541
1885
2243
2588
2908
3204
3419
3598
3762
3887
3972
4036
4059
4052
4056
4080
4148
4180
4166
4198
4164
4097
4034
3909
3768
3588
3373
3151
2949
2792
2614
2462
2354
2203
2032
1828
1669
1499
1318
1198
1093
993
907
795
693
592
478
380
298
250
183
72
7
-92
-182
-244
-309
-364
-408
-458
-532
-593
-596
-596
-607
-588
-571
-562
-567
-529
-487
-448
-420
-468
-559
-638
-688
-744
-812
-842
-970
-1049
-1098
-1131
-1092
-1095
-1098
-1128
-1193
-1248
-1284
-1283
-1284
-1283
-1283
-1264
-1268
-1239
-1227
-1279
-1347
-1500
-1652
-1812
-1991
-2160
-2275
-2353
-2468
-2601
-2683
-2733
-2756
-2769
-2756
-2782
-2788
-2785
-2790
-2753
-2747
-2773
-2768
-2748
-2712
-2663
-2637
-2553
-2493
-2416
-2300
-2131
-1928
-1731
-1524
-1332
-1141
-956
-787
-643
-443
-245
-74
140
382
644
907
1197
1479
1743
2007
2253
2509
2744
2948
3096
3248
3372
3469
3553
3607
3649
3665
3682
3723
3753
3750
3789
3846
3839
3820
3775
3653
3510
3337
3133
2895
2677
2436
2190
1965
1747
1617
1515
1466
1414
1369
1341
1302
1232
1167
1058
923
801
628
465
353
219
88
-5
-98
-155
-181
-174
-173
-151
-174
-221
-250
-302
-344
-387
-423
-479
-546
-635
-667
-666
-685
-693
-671
-663
-649
-663
-684
-724
-823
-913
-1004
-1131
-1219
-1310
-1402
-1429
-1457
-1431
-1416
-1374
-1331
-1344
-1373
-1414
-1439
-1471
-1485
-1514
-1562
-1597
-1661
-1762
-1829
-1878
-1881
-1932
-1962
-1958
-2006
-1971
-1966
-1925
-1921
-1964
-2038
-2127
-2193
-2254
-2296
-2353
-2359
-2335
-2277
-2157
-1997
-1849
-1714
-1602
-1497
-1415
-1373
-1346
-1315
-1317
-1319
-1296
-1239
-1145
-1002
-864
-709
-494
-304
-73
130
347
573
805
1001
1158
1331
1467
1642
1796
1941
2122
2241
2318
2406
2508
2610
2692
2777
2851
2909
2971
3029
3038
3019
2997
2962
2926
2887
2868
2849
2840
2819
2792
2704
2615
2519
2379
2253
2100
1951
1821
1699
1596
1564
1517
1494
1495
1465
1445
1420
1352
1273
1209
1093
943
786
616
487
379
302
187
50
-49
-131
-191
-241
-273
-350
-416
-493
-552
-594
-647
-706
-783
-889
-973
-1049
-1111
-1163
-1199
-1230
-1248
-1254
-1292
-1294
-1342
-1407
-1461
-1531
-1623
-1705
-1772
-1776
-1796
-1785
-1725
-1657
-1599
-1570
-1594
-1598
-1624
-1626
-1612
-1591
-1610
-1650
-1640
-1654
-1639
-1640
-1659
-1688
-1736
-1828
-1914
-1952
-1975
-1977
-1960
-1903
-1872
-1863
-1793
-1752
-1684
-1660
-1679
-1684
-1695
-1653
-1608
-1565
-1485
-1406
-1308
-1203
-1107
-998
-899
-801
-707
-559
-412
-260
-105
-7
142
264
364
493
618
771
873
991
1134
1259
1381
1467
1563
1662
1795
1921
2064
2206
2266
2343
2400
2446
2533
2594
2621
2663
2710
2749
2772
2771
2792
2763
2714
2675
2638
2604
2588
2573
2546
2540
2527
2479
2411
2369
2316
2274
2184
2104
2009
1897
1791
1643
1522
1378
1202
1077
976
850
761
703
621
506
430
347
273
199
87
-92
-251
-378
-508
-612
-710
-802
-872
-942
-1036
-1065
-1149
-1256
-1316
-1401
-1474
-1534
-1574
-1604
-1646
-1685
-1687
-1699
-1703
-1733
-1779
-1828
-1868
-1910
-1953
-1973
-1989
-2001
-1993
-1964
-1926
-1835
-1800
-1786
-1759
-1751
-1739
-1732
-1746
-1754
-1747
-1746
-1777
-1801
-1811
-1772
-1751
-1728
-1706
-1719
-1696
-1694
-1687
-1672
-1694
-1717
-1719
-1725
-1657
-1585
-1551
-1505
-1456
-1360
-1227
-1130
-1025
-954
-860
-774
-687
-570
-477
-388
-296
-169
-18
125
257
404
560
702
796
909
999
1070
1115
1166
1276
1359
1425
1529
1663
1790
1886
1982
2085
2197
2318
2418
2514
2584
2663
2726
2769
2833
2861
2882
2861
2857
2893
2864
2854
2853
2846
2827
2792
2811
2787
2716
2633
2557
2461
2368
2284
2181
2100
2018
1943
1824
1697
1599
1485
1387
1273
1129
975
817
634
460
285
93
-96
-298
-468
-594
-704
-819
-927
-1008
-1071
-1156
-1232
-1277
-1349
-1460
-1555
-1629
-1663
-1738
-1777
-1814
-1855
-1899
-1956
-1997
-2064
-2100
-2154
-2162
-2198
-2227
-2219
-2234
-2217
-2181
-2124
-2112
-2082
-2035
-2003
-1947
-1919
-1925
-1911
-1905
-1934
-1930
-1942
-1941
-1923
-1886
-1847
-1766
-1717
-1659
-1602
-1530
-1454
-1397
-1359
-1337
-1307
-1287
-1276
-1261
-1215
-1171
-1141
-1082
-996
-888
-834
-738
-639
-565
-444
-390
-316
-229
-178
-116
-22
49
160
269
360
470
565
644
720
811
900
1013
1130
1199
1279
1395
1469
1532
1616
1700
1717
1756
1839
1944
2047
2146
2278
2373
2440
2527
2598
2640
2669
2711
2761
2774
2811
2819
2820
2835
2804
2803
2793
2754
2726
2653
2565
2495
2414
2306
2216
2165
2059
1920
1791
1679
1554
1419
1306
1145
973
788
599
449
344
225
55
-59
-178
-294
-380
-521
-667
-798
-965
-1104
-1202
-1317
-1461
-1575
-1694
-1787
-1870
-1905
-1947
-1995
-2023
-2052
-2036
-2055
-2073
-2083
-2080
-2073
-2066
-2084
-2083
-2081
-2065
-2050
-2050
-1991
-1961
-1904
-1865
-1854
-1842
-1864
-1905
-1917
-1894
-1878
-1863
-1835
-1803
-1728
-1645
-1572
-1464
-1411
-1352
-1298
-1285
-1256
-1200
-1148
-1152
-1076
-1031
-1015
-1023
-992
-953
-888
-823
-773
-698
-630
-566
-473
-363
-247
-136
-75
26
89
160
238
295
356
404
492
573
671
738
821
925
971
1043
1099
1178
1245
1293
1376
1430
1482
1549
1606
1664
1716
1768
1834
1895
1961
2019
2017
2040
2080
2108
2121
2118
2168
2170
2205
2214
2242
2271
2268
2266
2267
2253
2255
2247
2185
2146
2082
2002
1955
1869
1778
1715
1616
1549
1457
1354
1264
1145
1018
885
759
647
542
409
261
95
-47
-198
-281
-375
-486
-574
-698
-811
-941
-1057
-1140
-1245
-1327
-1392
-1464
-1511
-1569
-1627
-1713
-1768
-1832
-1879
-1923
-1993
-2022
-2045
-2051
-2050
-2026
-1974
-1965
-1970
-1953
-1951
-1929
-1907
-1873
-1846
-1841
-1834
-1804
-1809
-1788
-1740
-1715
-1710
-1670
-1615
-1578
-1543
-1486
-1414
-1392
-1367
-1336
-1295
-1240
-1211
-1160
-1068
-985
-902
-839
-771
-682
-619
-580
-527
-471
-427
-395
-352
-274
-220
-173
-79
-16
59
140
221
307
381
474
576
643
698
765
830
897
951
990
1047
1121
1135
1181
1242
1287
1335
1372
1403
1455
1573
1623
1674
1750
1799
1834
1866
1871
1896
1929
1915
1922
1914
1908
1915
1922
1932
1925
1932
1928
1929
1934
1951
1942
1912
1860
1813
1765
1707
1663
1611
1521
1460
1406
1374
1306
1207
1130
1017
920
784
652
541
400
251
161
49
-43
-94
-190
-251
-355
-437
-517
-624
-692
-761
-837
-918
-991
-1069
-1148
-1228
-1311
-1371
-1435
-1492
-1576
-1637
-1645
-1670
-1704
-1722
-1756
-1788
-1788
-1821
-1841
-1864
-1887
-1910
-1919
-1912
-1875
-1836
-1779
-1720
-1647
-1607
-1611
-1610
-1629
-1649
-1639
-1631
-1618
-1618
-1594
-1580
-1542
-1512
-1476
-1419
-1367
-1313
-1245
-1179
-1128
-1083
-991
-881
-811
-711
-641
-588
-565
-500
-443
-411
-350
-296
-226
-129
-37
42
138
214
299
372
439
527
593
657
734
817
876
942
1019
1081
1142
1233
1296
1379
1437
1465
1502
1520
1573
1641
1708
1737
1760
1825
1872
1859
1915
1967
1940
1954
1965
1958
1939
1951
1911
1889
1864
1792
1740
1730
1726
1716
1719
1683
1645
1608
1563
1510
1446
1380
1285
1196
1137
1079
1000
897
848
755
674
593
516
438
341
265
178
118
47
-44
-93
-147
-224
-309
-418
-526
-611
-681
-767
-827
-889
-936
-982
-996
-1016
-1051
-1060
-1092
-1114
-1138
-1189
-1246
-1319
-1396
-1447
-1508
-1559
-1609
-1643
-1655
-1669
-1696
-1716
-1711
-1759
-1781
-1766
-1783
-1775
-1800
-1782
-1762
-1798
-1785
-1810
-1817
-1790
-1751
-1721
-1684
-1673
-1630
-1579
-1542
-1469
-1436
-1414
-1393
-1344
-1276
-1188
-1133
-1076
-1023
-937
-851
-752
-652
-584
-513
-434
-348
-273
-171
-70
28
133
259
353
445
546
642
709
789
874
945
1035
1144
1220
1325
1419
1503
1567
1606
1686
1720
1726
1750
1772
1797
1832
1877
1892
1927
1956
1961
1966
1949
1908
1881
1887
1870
1855
1798
1749
1715
1695
1672
1627
1604
1557
1522
1493
1454
1406
1352
1306
1246
1207
1159
1100
1034
944
891
826
745
687
645
578
515
463
404
330
251
206
161
90
20
-47
-102
-180
-255
-312
-409
-492
-555
-643
-673
-744
-831
-878
-956
-1017
-1066
-1103
-1163
-1212
-1241
-1287
-1376
-1420
-1467
-1526
-1572
-1630
-1655
-1688
-1726
-1729
-1742
-1793
-1808
-1832
-1850
-1827
-1828
-1807
-1809
-1831
-1808
-1815
-1799
-1780
-1743
-1686
-1658
-1633
-1583
-1545
-1527
-1491
-1446
-1410
-1348
-1289
-1223
-1173
-1118
-1021
-953
-876
-747
-613
-504
-426
-338
-273
-220
-141
-57
31
89
167
233
316
428
509
590
690
756
869
934
998
1068
1109
1167
1254
1310
1373
1447
1471
1500
1516
1551
1600
1660
1717
1727
1739
1757
1752
1782
1788
1790
1783
1772
1774
1734
1710
1725
1714
1700
1641
1616
1589
1569
1502
1452
1418
1350
1289
1250
1214
1180
1153
1079
1024
984
946
886
846
792
724
647
572
533
492
431
363
289
206
132
66
17
-49
-111
-185
-263
-305
-349
-401
-454
-517
-581
-638
-696
-773
-853
-957
-1037
-1106
-1201
-1224
-1254
-1280
-1331
-1375
-1404
-1446
-1459
-1477
-1506
-1548
-1581
-1615
-1642
-1673
-1701
-1741
-1751
-1770
-1780
-1770
-1763
-1753
-1735
-1696
-1668
-1640
-1607
-1581
-1573
-1533
-1480
-1434
-1385
-1328
-1305
-1254
-1184
-1125
-1032
-967
-926
-869
-804
-741
-658
-555
-474
-425
-383
-309
-251
-207
-130
-73
8
73
161
263
345
457
551
617
709
758
797
892
950
1010
1052
1078
1118
1163
1220
1271
1328
1380
1422
1477
1539
1586
1642
1662
1691
1709
1698
1692
1692
1698
1681
1653
1645
1629
1602
1589
1600
1587
1589
1577
1569
1556
1538
1511
1464
1410
1341
1263
1208
1161
1101
1054
988
950
897
861
787
725
661
569
480
396
329
230
158
73
12
-20
-91
-157
-220
-259
-332
-402
-446
-490
-544
-616
-673
-739
-798
-860
-939
-983
-1032
-1106
-1158
-1180
-1216
-1254
-1264
-1296
-1320
-1351
-1397
-1405
-1444
-1483
-1521
-1570
-1598
-1585
-1574
-1576
-1585
-1596
-1570
-1575
-1522
-1486
-1492
-1465
-1433
-1442
-1412
-1396
-1382
-1352
-1303
-1289
-1245
-1185
-1159
-1093
-1047
-987
-945
-887
-805
-729
-660
-593
-559
-517
-470
-392
-325
-266
-194
-150
-91
-10
54
94
174
229
293
377
456
537
591
621
669
746
823
882
966
1008
1029
1081
1116
1161
1181
1220
1269
1285
1316
1374
1394
1425
1413
1414
1432
1462
1509
1523
1542
1545
1563
1557
1549
1559
1544
1517
1491
1466
1415
1365
1368
1326
1305
1264
1224
1202
1146
1136
1097
1045
1000
956
897
835
784
728
640
586
538
465
398
354
303
206
140
77
23
-41
-135
-185
-252
-318
-365
-444
-481
-542
-606
-667
-740
-781
-861
-913
-926
-1004
-1070
-1105
-1142
-1193
-1215
-1265
-1311
-1346
-1384
-1399
-1412
-1445
-1492
-1469
-1466
-1469
-1467
-1473
-1490
-1504
-1478
-1455
-1448
-1414
-1386
-1366
-1327
-1294
-1256
-1222
-1182
-1136
-1078
-1023
-991
-959
-932
-913
-899
-846
-820
-811
-753
-702
-655
-593
-535
-497
-436
-382
-338
-257
-223
-166
-103
-49
-14
16
75
126
194
207
264
334
382
445
485
526
599
672
722
749
796
815
823
870
921
979
1003
1043
1086
1127
1179
1222
1252
1279
1300
1320
1341
1358
1398
1411
1403
1413
1385
1363
1378
1396
1414
1420
1414
1397
1398
1381
1365
1324
1270
1208
1151
1101
1049
1000
949
905
859
830
821
789
746
728
659
594
553
503
434
359
284
208
129
70
35
-7
-75
-141
-194
-257
-308
-357
-428
-496
-579
-670
-715
-761
-805
-849
-889
-923
-959
-999
-1056
-1067
-1069
-1112
-1148
-1183
-1220
-1251
-1293
-1317
-1356
-1382
-1390
-1373
-1379
-1409
-1397
-1385
-1370
-1335
-1310
-1262
-1256
-1273
-1260
-1236
-1210
-1201
-1198
-1183
-1157
-1126
-1090
-1047
-994
-979
-953
-888
-870
-840
-804
-775
-727
-687
-633
-599
-537
-472
-408
-372
-331
-270
-221
-148
-66
-16
29
82
124
211
268
313
333
363
441
491
571
632
680
713
762
829
880
924
963
1029
1096
1164
1220
1247
1314
1364
1363
1399
1382
1379
1377
1368
1382
1416
1447
1447
1449
1466
1466
1452
1435
1413
1378
1350
1339
1296
1261
1214
1171
1138
1123
1123
1104
1055
1000
951
879
823
798
740
673
631
576
508
475
440
388
364
306
237
156
95
52
-12
-70
-126
-188
-256
-315
-359
-432
-493
-539
-604
-668
-720
-760
-812
-885
-914
-945
-971
-996
-1026
-1055
-1115
-1157
-1176
-1210
-1254
-1268
-1314
-1355
-1358
-1388
-1388
-1378
-1401
-1406
-1429
-1448
-1442
-1434
-1405
-1384
-1379
-1359
-1339
-1343
-1278
-1249
-1242
-1200
-1163
-1113
-1065
-999
-981
-949
-920
-865
-807
-769
-733
-682
-646
-603
-542
-479
-426
-389
-336
-296
-207
-140
-117
-42
31
62
109
172
233
282
355
389
435
498
527
599
657
717
750
802
858
918
971
1022
1066
1102
1132
1169
1217
1231
1239
1285
1310
1335
1358
1412
1438
1421
1424
1420
1378
1371
1400
1376
1357
1342
1335
1328
1353
1349
1341
1304
1241
1209
1149
1142
1097
1006
981
929
873
868
811
762
743
689
623
557
499
451
373
322
288
217
165
136
89
56
-6
-46
-138
-216
-220
-273
-311
-383
-433
-493
-535
-590
-642
-705
-774
-835
-900
-926
-972
-1013
-1022
-1073
-1091
-1102
-1149
-1160
-1200
-1239
-1274
-1292
-1326
-1339
-1336
-1391
-1408
-1403
-1421
-1414
-1425
-1412
-1421
-1397
-1363
-1365
-1336
-1310
-1264
-1225
-1193
-1164
-1124
-1081
-1056
-1018
-968
-935
-883
-825
-780
-704
-651
-641
-577
-481
-402
-342
-298
-243
-193
-145
-89
-35
11
52
86
137
215
259
291
326
372
427
501
571
606
671
710
722
732
756
788
834
874
941
968
977
1018
1057
1076
1105
1131
1126
1136
1147
1159
1166
1190
1191
1186
1205
1244
1254
1265
1279
1260
1256
1238
1232
1229
1196
1157
1134
1128
1090
1085
1076
1019
950
906
860
830
797
786
763
694
629
598
566
529
493
397
329
277
221
154
105
41
-2
-61
-110
-138
-190
-226
-282
-366
-412
-450
-518
-556
-604
-652
-706
-759
-801
-858
-899
-943
-970
-995
-1001
-1010
-1027
-1037
-1063
-1106
-1129
-1163
-1179
-1198
-1238
-1252
-1262
-1274
-1247
-1227
-1200
-1214
-1213
-1180
-1190
-1161
-1133
-1138
-1159
-1127
-1125
-1076
-1024
-964
-905
-880
-813
-763
-726
-705
-662
-624
-588
-558
-520
-488
-425
-367
-320
-277
-214
-162
-120
-52
-5
25
60
101
152
204
231
258
311
343
406
471
499
542
579
599
640
666
699
738
773
785
783
798
830
852
860
903
946
947
983
1025
1027
1040
1042
1047
1064
1085
1074
1076
1089
1085
1102
1113
1126
1124
1137
1127
1093
1061
1038
1011
974
946
938
909
875
844
810
806
745
688
633
541
499
462
409
390
362
307
249
215
171
108
76
0
-56
-110
-168
-210
-279
-332
-400
-438
-465
-515
-536
-560
-606
-634
-677
-697
-745
-764
-793
-827
-843
-875
-899
-923
-917
-937
-967
-971
-977
-1004
-999
-978
-983
-971
-949
-974
-975
-977
-976
-983
-967
-962
-965
-936
-903
-879
-844
-834
-797
-782
-783
-732
-724
-709
-699
-678
-644
-609
-593
-544
-517
-493
-448
-416
-373
-329
-295
-265
-246
-194
-153
-117
-42
18
25
54
103
120
149
174
212
230
280
326
363
425
453
475
515
554
573
616
633
647
656
654
712
735
729
754
797
817
854
860
865
890
900
914
937
964
974
996
985
977
975
978
942
951
966
951
962
915
901
894
875
866
825
786
747
717
696
671
635
591
559
520
491
466
435
389
340
332
286
230
185
118
81
29
-13
-76
-122
-151
-206
-226
-275
-320
-374
-409
-423
-477
-530
-582
-625
-653
-667
-698
-743
-762
-793
-798
-800
-825
-834
-854
-859
-850
-860
-859
-857
-898
-904
-917
-928
-921
-904
-889
-875
-857
-857
-850
-824
-800
-800
-779
-768
-773
-767
-740
-715
-677
-672
-645
-607
-594
-558
-537
-510
-496
-470
-427
-392
-348
-333
-294
-277
-247
-204
-189
-164
-146
-102
-36
3
35
98
135
191
222
253
292
310
342
388
407
430
460
468
491
534
569
568
609
615
618
680
705
749
777
795
812
819
828
844
832
802
809
820
845
885
895
894
905
897
908
928
900
860
848
814
816
805
758
741
731
685
692
670
635
629
581
553
487
447
398
349
306
247
240
196
160
147
100
84
63
35
7
-33
-82
-107
-138
-176
-194
-243
-267
-295
-356
-383
-385
-409
-450
-490
-528
-546
-570
-600
-619
-641
-672
-683
-709
-725
-733
-750
-774
-756
-766
-802
-825
-844
-852
-874
-874
-875
-879
-886
-872
-859
-837
-818
-802
-797
-782
-760
-759
-752
-727
-699
-693
-666
-645
-636
-596
-540
-521
-514
-483
-468
-443
-421
-392
-372
-341
-313
-271
-219
-154
-105
-56
-19
33
71
130
152
169
236
265
286
336
384
400
442
470
499
502
533
581
615
633
659
679
708
731
735
760
759
746
760
786
800
818
810
783
794
814
834
840
830
799
768
781
777
758
744
735
730
712
720
717
716
707
678
633
593
570
538
515
474
473
442
413
402
353
300
270
243
198
164
119
93
73
58
22
-12
-30
-52
-82
-108
-128
-172
-195
-231
-257
-297
-311
-352
-365
-396
-443
-440
-475
-512
-560
-594
-632
-659
-679
-708
-705
-742
-752
-772
-809
-789
-801
-789
-821
-833
-808
-831
-825
-818
-815
-789
-782
-798
-777
-767
-769
-760
-708
-706
-718
-664
-632
-630
-600
-587
-574
-551
-518
-517
-506
-457
-431
-370
-328
-300
-252
-240
-183
-123
-102
-68
-18
15
29
64
77
99
131
143
169
230
281
324
343
384
440
449
485
514
545
571
566
564
591
613
645
672
707
744
745
776
784
793
805
794
789
777
773
776
779
775
767
751
756
744
727
734
726
691
676
668
671
641
605
566
544
519
478
469
448
435
396
355
320
286
274
245
215
191
148
125
88
81
49
21
-16
-101
-132
-154
-183
-192
-223
-260
-275
-293
-302
-319
-348
-398
-431
-447
-458
-477
-493
-506
-531
-569
-560
-574
-596
-598
-640
-651
-640
-634
-630
-659
-666
-664
-655
-649
-662
-647
-679
-670
-695
-691
-671
-687
-655
-646
-610
-575
-572
-545
-533
-500
-485
-480
-493
-495
-463
-450
-408
-377
-356
-341
-293
-254
-224
-212
-201
-169
-150
-132
-111
-74
-65
-48
-14
29
69
110
123
155
201
208
221
245
282
300
326
341
351
371
401
420
482
502
518
517
529
558
581
582
582
586
584
603
609
639
653
658
654
651
659
675
657
653
649
628
621
613
602
586
596
606
591
597
598
562
535
501
480
469
441
414
390
351
332
318
297
292
253
213
182
146
99
76
56
17
-6
-44
-81
-94
-132
-150
-181
-221
-227
-248
-274
-303
-329
-362
-403
-434
-447
-452
-485
-488
-499
-511
-536
-549
-538
-541
-563
-591
-577
-558
-594
-593
-583
-604
-610
-607
-599
-576
-553
-560
-544
-519
-502
-477
-485
-484
-485
-493
-491
-478
-448
-430
-411
-380
-370
-338
-312
-297
-284
-285
-272
-295
-255
-249
-213
-175
-166
-128
-115
-100
-97
-74
-58
-18
4
13
34
54
79
100
108
146
184
197
211
216
225
250
262
291
339
363
352
364
387
407
423
427
460
465
461
461
457
460
466
487
493
497
501
488
476
497
508
501
520
520
500
506
515
522
536
513
471
452
438
421
420
434
433
391
386
370
346
320
297
257
208
177
168
164
153
162
137
110
85
69
86
55
35
33
-7
-49
-87
-99
-126
-152
-176
-206
-225
-236
-237
-261
-297
-298
-324
-338
-351
-357
-373
-402
-447
-469
-480
-490
-497
-499
-530
-533
-515
-496
-478
-452
-447
-453
-453
-455
-450
-462
-453
-458
-449
-437
-423
-412
-416
-409
-414
-408
-361
-339
-346
-347
-334
-324
-302
-298
-299
-247
-233
-246
-235
-211
-191
-192
-178
-159
-133
-141
-107
-58
-28
17
8
22
48
74
93
105
132
126
130
134
162
189
187
226
249
271
300
328
345
336
350
354
376
386
412
414
425
431
432
450
462
474
456
472
481
471
498
526
532
519
502
509
482
457
466
429
425
417
380
377
381
360
359
364
363
327
318
279
244
262
232
204
210
193
172
172
127
110
104
51
62
38
8
-9
-52
-64
-73
-105
-115
-133
-147
-144
-186
-170
-193
-219
-248
-285
-283
-312
-319
-320
-345
-360
-361
-382
-404
-412
-429
-422
-433
-451
-441
-446
-455
-465
-481
-481
-487
-480
-468
-473
-452
-448
-458
-450
-436
-439
-435
-432
-414
-389
-393
-385
-347
-334
-349
-354
-318
-279
-270
-252
-247
-233
-219
-213
-192
-170
-134
-141
-140
-93
-41
-39
-49
-32
-26
-16
4
37
66
89
88
132
135
164
209
225
242
258
266
276
299
329
358
379
396
404
413
427
443
427
447
457
434
444
482
526
519
503
507
518
499
474
483
477
488
484
476
479
480
478
438
438
426
382
362
335
325
329
296
285
283
263
262
233
223
213
148
116
117
99
79
61
48
39
2
2
-21
-53
-62
-83
-128
-164
-154
-169
-177
-187
-210
-238
-251
-240
-239
-254
-264
-275
-335
-345
-350
-358
-359
-361
-386
-380
-376
-375
-375
-407
-409
-436
-432
-430
-438
-446
-432
-440
-453
-436
-441
-425
-407
-416
-425
-441
-450
-447
-436
-413
-394
-383
-384
-370
-344
-342
-325
-327
-309
-263
-235
-226
-222
-186
-168
-161
-147
-141
-120
-109
-104
-96
-86
-46
-21
0
50
55
69
86
109
138
164
197
211
209
215
255
253
282
312
302
323
352
380
393
411
426
439
458
479
482
502
501
496
510
514
536
538
520
536
532
536
543
562
566
537
508
478
449
428
438
429
396
370
365
346
350
358
325
302
273
261
245
216
167
133
114
59
68
60
42
32
-1
-24
-47
-79
-95
-110
-121
-155
-179
-199
-230
-255
-251
-255
-256
-281
-303
-313
-330
-330
-342
-363
-366
-323
-328
-331
-344
-353
-359
-401
-382
-365
-395
-419
-432
-435
-434
-416
-412
-409
-424
-417
-406
-402
-379
-381
-389
-393
-387
-401
-390
-416
-396
-391
-379
-365
-356
-328
-320
-291
-277
-249
-243
-233
-224
-205
-200
-184
-180
-171
-162
-136
-92
-87
-58
-40
-3
23
35
51
59
82
85
128
133
143
161
177
202
224
257
264
269
296
311
329
347
350
370
378
400
427
428
409
435
445
462
426
439
433
425
461
460
481
474
464
451
435
432
445
416
407
419
408
421
407
357
351
335
319
340
319
285
272
257
235
212
221
167
153
148
137
123
95
93
73
76
43
33
24
1
5
-2
-35
-38
-71
-122
-150
-179
-198
-223
-232
-238
-226
-241
-242
-250
-242
-272
-277
-271
-289
-296
-319
-337
-354
-378
-389
-389
-394
-409
-415
-406
-409
-408
-400
-409
-387
-391
-411
-396
-400
-403
-411
-399
-406
-408
-381
-386
-372
-355
-346
-341
-340
-336
-313
-326
-308
-292
-275
-278
-239
-218
-213
-170
-142
-110
-104
-81
-56
-54
-53
-27
-7
26
37
53
74
100
103
114
142
158
152
166
176
183
213
228
242
258
264
291
285
290
310
274
301
350
365
396
395
396
402
421
451
429
411
397
355
352
341
347
372
370
371
372
375
376
361
352
351
316
309
290
274
274
257
255
230
229
224
213
179
171
156
152
148
139
138
114
122
96
83
79
39
-7
-40
-60
-52
-67
-96
-72
-94
-101
-98
-113
-115
-122
-129
-119
-141
-173
-205
-201
-187
-207
-234
-263
-263
-286
-294
-291
-286
-293
-314
-323
-302
-297
-326
-341
-341
-335
-343
-346
-352
-352
-367
-359
-362
-356
-336
-360
-351
-332
-335
-345
-335
-351
-360
-316
-329
-322
-319
-291
-264
-275
-236
-211
-218
-195
-182
-149
-121
-109
-91
-81
-57
-25
2
-2
7
38
36
47
73
81
107
122
138
166
195
209
198
212
214
227
243
243
258
278
290
298
315
323
327
333
360
347
334
342
334
360
375
362
347
356
349
331
319
333
299
269
291
292
306
302
306
278
258
260
257
241
213
206
191
183
188
181
180
180
167
152
146
133
121
99
91
67
58
53
60
32
8
1
-13
-12
-32
-47
-57
-67
-86
-93
-103
-104
-118
-151
-164
-153
-173
-182
-200
-205
-204
-225
-225
-234
-241
-239
-258
-273
-257
-268
-285
-275
-275
-260
-267
-261
-267
-276
-273
-273
-291
-304
-325
-325
-321
-335
-327
-340
-336
-318
-290
-283
-292
-296
-285
-275
-269
-273
-268
-251
-247
-252
-211
-191
-209
-185
-158
-128
-124
-116
-81
-68
-57
-18
-2
-5
7
13
35
41
45
53
65
79
107
117
142
165
161
168
173
190
194
208
234
244
256
270
269
250
244
265
279
273
307
326
346
360
337
339
323
323
336
345
350
356
345
337
355
364
346
324
308
292
288
284
267
249
232
261
246
219
198
175
160
142
145
146
119
104
76
77
81
71
70
31
11
-6
-7
-15
-29
-26
-43
-47
-61
-61
-72
-115
-108
-108
-129
-131
-164
-156
-163
-175
-169
-179
-197
-214
-225
-225
-216
-237
-244
-252
-241
-245
-265
-241
-246
-255
-255
-271
-256
-272
-295
-296
-308
-311
-307
-293
-279
-284
-269
-282
-287
-272
-270
-271
-271
-271
-278
-286
-262
-223
-238
-224
-204
-214
-215
-195
-191
-185
-164
-152
-139
-126
-92
-66
-39
-32
-22
0
-5
-3
20
47
54
62
82
106
127
127
145
168
180
172
188
218
229
222
219
224
262
251
240
256
254
269
278
298
314
310
320
314
311
311
298
288
276
295
299
294
306
287
290
301
281
299
267
256
256
235
249
233
216
203
190
161
147
139
132
131
138
130
126
111
93
84
105
84
60
50
20
24
0
2
9
-20
-44
-67
-89
-109
-139
-131
-115
-134
-128
-131
-160
-190
-221
-231
-226
-209
-224
-225
-226
-235
-229
-250
-259
-248
-253
-247
-243
-257
-247
-262
-279
-281
-273
-265
-288
-273
-270
-289
-283
-281
-267
-261
-240
-213
-227
-221
-194
-205
-197
-212
-235
-234
-213
-209
-173
-166
-182
-152
-141
-117
-104
-75
-73
-94
-61
-45
-29
-8
-15
12
-5
14
30
46
84
99
105
115
115
105
105
116
130
140
139
155
172
184
203
200
207
210
227
264
270
274
286
293
306
309
308
285
290
283
285
316
296
289
282
275
308
311
286
295
290
274
254
239
241
215
195
181
174
160
146
142
136
146
137
130
113
92
95
72
71
68
34
43
29
13
-8
-31
-39
-39
-54
-55
-48
-64
-84
-101
-95
-91
-104
-125
-148
-181
-200
-205
-188
-188
-201
-222
-213
-226
-228
-221
-236
-207
-207
-215
-232
-242
-260
-245
-257
-266
-249
-254
-240
-234
-258
-253
-249
-255
-250
-247
-238
-243
-230
-224
-195
-196
-199
-184
-178
-168
-146
-145
-169
-173
-154
-131
-135
-143
-147
-143
-107
-108
-86
-68
-82
-76
-57
-9
24
30
23
43
27
38
34
40
59
71
81
85
108
89
76
122
134
124
139
153
168
189
202
208
216
191
206
211
219
232
227
227
231
249
258
258
283
265
278
309
297
301
294
288
261
255
256
250
253
239
241
224
206
209
216
222
232
217
187
175
162
153
166
162
144
105
96
93
57
37
52
22
23
38
23
22
11
-14
-17
-16
-46
-60
-94
-97
-117
-126
-144
-153
-155
-176
-171
-167
-138
-145
-156
-160
-175
-202
-204
-206
-227
-221
-262
-281
-285
-293
-282
-258
-242
-221
-234
-227
-218
-226
-227
-239
-260
-270
-245
-233
-216
-206
-193
-201
-177
-144
-142
-133
-140
-112
-121
-120
-115
-147
-140
-121
-118
-119
-103
-83
-66
-69
-54
-34
-20
-23
-33
-12
-1
-3
4
19
37
46
57
53
56
49
44
24
27
67
78
92
98
117
106
101
95
104
103
101
100
105
135
136
139
161
175
179
179
180
185
200
205
208
212
217
226
209
188
214
224
207
202
207
201
196
221
208
216
202
173
189
172
164
132
121
118
109
105
89
92
84
91
100
90
104
94
67
57
54
39
35
11
-24
-23
-31
-37
-56
-50
-37
-52
-77
-91
-91
-127
-135
-138
-155
-158
-157
-171
-173
-166
-162
-173
-174
-183
-178
-175
-161
-152
-154
-161
-155
-144
-150
-162
-168
-168
-153
-149
-135
-131
-130
-110
-118
-99
-95
-95
-89
-89
-94
-91
-91
-98
-90
-76
-67
-64
-51
-51
-48
-43
-51
-38
-37
-42
-30
-35
-25
-16
-18
-13
6
19
-5
-12
-13
11
-12
-19
5
-16
-7
-1
2
10
22
14
20
27
26
51
30
32
36
47
48
54
72
64
76
76
82
91
82
97
87
83
85
84
101
102
130
156
142
131
142
139
147
157
156
159
148
139
132
128
127
117
120
112
102
84
98
103
101
102
95
88
78
73
54
60
57
45
36
25
17
24
34
20
8
-6
-22
-37
-37
-28
-35
-33
-43
-33
-36
-48
-34
-50
-65
-66
-70
-82
-88
-88
-83
-82
-92
-107
-93
-95
-100
-101
-110
-111
-128
-131
-129
-136
-137
-131
-128
-110
-99
-97
-97
-94
-91
-109
-101
-91
-115
-113
-102
-93
-95
-85
-81
-92
-82
-73
-52
-48
-52
-73
-78
-47
-46
-26
-29
-34
-32
-52
-39
-36
-26
-10
-5
9
28
33
34
26
23
22
17
12
26
45
49
66
69
68
66
61
64
73
81
76
87
94
94
93
80
87
93
95
95
97
104
95
93
104
110
109
105
94
86
96
104
106
108
111
109
112
114
117
119
98
92
97
94
83
75
77
69
58
58
63
45
46
41
28
19
11
8
0
5
13
1
-9
8
0
5
-6
-9
-13
-13
-12
-26
-32
-48
-59
-70
-68
-64
-61
-70
-74
-70
-71
-78
-89
-95
-110
-120
-114
-110
-116
-107
-104
-109
-111
-107
-98
-101
-105
-97
-106
-125
-110
-121
-115
-108
-105
-99
-107
-108
-103
-97
-88
-81
-69
-62
-64
-48
-55
-56
-50
-57
-70
-65
-68
-68
-60
-44
-32
-34
-17
-5
-13
-2
7
18
23
16
17
10
20
34
30
35
52
48
48
57
57
60
61
75
82
83
78
79
85
87
86
82
82
89
94
91
100
109
99
105
118
120
123
119
116
117
115
123
122
118
115
110
114
116
120
122
113
111
106
93
90
79
67
61
47
54
59
43
40
29
20
19
15
16
8
2
-11
-25
-27
-38
-40
-34
-45
-46
-39
-46
-52
-58
-61
-71
-76
-76
-84
-82
-82
-85
-79
-85
-95
-107
-113
-116
-113
-99
-103
-92
-93
-98
-82
-85
-72
-79
-87
-80
-97
-90
-96
-91
-87
-82
-61
-63
-63
-71
-69
-66
-75
-68
-73
-64
-53
-57
-54
-41
-51
-51
-46
-34
-35
-31
-27
-28
-17
-17
-17
-23
-20
-27
-27
-23
-11
-13
-8
9
17
26
28
39
40
49
52
52
50
48
61
49
50
62
49
58
68
66
63
66
66
72
81
79
73
66
76
88
95
89
90
89
86
84
85
86
78
79
83
89
85
77
78
77
83
95
93
87
81
76
69
66
60
61
53
51
49
54
52
34
39
38
42
36
30
23
13
23
20
12
10
1
-15
-18
-9
-7
-21
-20
-19
-26
-27
-35
-36
-29
-40
-55
-62
-65
-70
-67
-73
-71
-71
-82
-85
-85
-71
-69
-77
-75
-69
-77
-86
-89
-95
-97
-98
-103
-103
-104
-112
-109
-103
-98
-100
-98
-92
-96
-93
-86
-83
-76
-62
-58
-47
-49
-42
-39
-44
-35
-26
-21
-22
-18
-15
-13
-8
-11
-13
-11
-2
-1
6
12
9
9
13
12
17
20
17
33
36
29
37
46
45
44
43
47
45
40
41
36
31
41
40
36
42
51
57
47
47
46
45
43
38
42
53
54
60
55
54
53
54
62
56
63
64
56
44
38
42
41
50
51
47
52
44
43
62
67
73
70
65
62
56
53
48
49
49
40
33
37
38
37
38
30
31
24
25
31
22
15
-2
-10
-14
-10
-4
-11
-13
-22
-19
-9
-8
-16
-23
-29
-41
-44
-41
-43
-47
-47
-52
-57
-55
-56
-54
-57
-62
-58
-57
-72
-68
-63
-73
-78
-73
-69
-72
-68
-72
-77
-79
-77
-75
-69
-71
-64
-65
-63
-49
-46
-49
-43
-40
-49
-43
-46
-48
-40
-33
-27
-32
-41
-35
-28
-33
-37
-20
-13
-14
-12
-6
-12
-5
-1
-3
0
7
12
11
27
27
20
31
34
38
45
53
47
52
64
55
49
44
51
47
41
43
44
51
56
69
77
63
54
56
47
49
44
45
44
43
46
49
51
47
49
49
43
43
40
28
37
41
40
44
44
31
25
26
26
31
23
16
13
10
16
23
26
20
2
-1
-6
-3
-3
-4
-2
-6
-9
-12
-17
-5
-3
-5
-2
-17
-22
-27
-22
-17
-18
-23
-20
-20
-12
-14
-15
-15
-22
-25
-18
-16
-22
-26
-30
-34
-39
-35
-29
-37
-35
-33
-29
-33
-34
-28
-25
-28
-28
-28
-30
-27
-30
-34
-35
-40
-48
-48
-48
-47
-40
-37
-33
-29
-30
-21
-22
-25
-29
-26
-31
-23
-18
-30
-22
-18
-21
-27
-20
-23
-24
-21
-15
-6
6
5
11
14
15
20
14
13
17
18
17
15
10
13
20
18
21
25
26
28
23
30
40
38
35
37
40
39
29
36
41
33
39
38
35
38
34
36
35
35
34
30
26
27
31
37
28
31
33
25
27
26
22
27
23
20
21
15
8
13
16
15
15
7
-3
-9
-4
-11
-1
6
-2
0
-3
-12
-15
-12
-17
-14
-10
-10
-14
-23
-22
-18
-18
-16
-25
-25
-23
-28
-29
-29
-30
-25
-20
-24
-24
-22
-20
-29
-29
-25
-27
-27
-29
-22
-20
-21
-19
-18
-19
-19
-19
-21
-26
-23
-22
-22
-20
-22
-18
-10
-13
-11
-18
-15
-12
-6
-7
-6
-2
-9
-2
-3
-2
-2
-8
-11
-12
-8
-1
-1
4
9
9
18
20
25
24
26
20
11
15
14
14
16
21
20
24
20
17
20
17
13
15
16
21
23
16
21
22
20
24
29
31
26
22
18
17
21
15
13
15
22
21
24
27
29
26
20
19
23
22
18
18
18
22
20
13
16
14
12
11
9
9
9
5
3
6
2
3
0
-8
-2
-4
-7
-10
-14
-15
-13
-15
-16
-20
-19
-17
-20
-21
-26
-29
-34
-32
-27
-29
-29
-29
-35
-30
-24
-31
-41
-42
-40
-38
-39
-38
-38
-36
-33
-32
-23
-18
-17
-20
-21
-23
-26
-28
-31
-26
-27
-22
-19
-21
-19
-14
-13
-18
-18
-9
-11
-6
-1
1
3
4
3
3
-3
-3
4
1
-1
8
12
15
16
24
18
10
6
7
13
11
13
15
18
18
20
25
21
23
22
21
23
22
21
23
28
26
31
32
27
27
24
22
23
23
28
31
27
29
27
33
27
29
32
36
31
32
35
30
23
22
26
30
27
25
30
29
29
22
19
12
9
9
6
6
5
1
-3
-2
-2
-6
1
-1
0
-1
-4
-10
-13
-11
-19
-19
-19
-19
-26
-33
-31
-30
-26
-25
-27
-24
-22
-21
-23
-26
-27
-32
-34
-37
-37
-40
-43
-41
-37
-34
-29
-27
-25
-26
-24
-21
-18
-14
-16
-20
-24
-22
-26
-31
-26
-22
-18
-16
-20
-17
-10
-12
-13
-16
-15
-16
-14
-10
-11
-11
-9
-7
-11
-6
0
3
8
6
9
8
5
3
7
5
5
4
12
16
11
13
10
11
11
14
21
15
13
14
11
15
22
22
21
22
24
28
31
27
26
24
22
19
19
21
27
24
17
22
23
22
26
24
18
13
8
14
20
10
12
10
10
16
18
21
20
20
22
19
16
14
13
10
5
8
9
6
9
10
9
6
9
11
9
11
