4
-1
-1
-1
-1
-2
-9
-5
0
-1
-1
-3
0
-4
-8
-4
-5
-1
-2
-6
-7
-6
-1
-2
1
6
0
2
4
3
3
11
12
5
-4
-6
-3
-1
2
3
-1
-2
-1
-1
6
7
-1
-7
-5
2
5
5
2
-6
-14
-10
-3
2
1
-2
-2
-2
-2
1
2
4
6
6
-2
2
3
1
4
2
-1
1
5
6
8
5
2
1
-4
-7
-1
2
2
2
4
4
0
-3
-3
0
3
4
3
4
9
8
6
2
-1
-1
-7
-8
-5
-4
-4
-1
-1
-2
2
2
2
1
-1
0
7
7
2
-5
-9
-10
-4
-1
-4
-4
-8
-10
-8
-2
4
7
-1
-8
-7
-6
-4
2
5
0
-4
-2
2
5
6
3
-5
-9
-2
3
4
4
-2
-1
-2
2
1
1
-1
-1
-3
-2
1
-1
0
0
2
5
2
-6
-8
-7
-6
-4
-4
-11
-3
4
6
11
9
3
-3
-6
-5
4
8
8
9
6
1
3
4
8
6
4
3
2
-2
-6
-5
-2
4
-1
-5
-7
-7
-5
3
2
-1
-3
-6
-2
3
5
0
-3
-4
-2
2
8
9
9
9
5
4
2
3
3
6
8
4
3
1
-3
-2
2
5
7
10
3
-5
-2
9
7
4
-1
-1
3
7
14
10
7
-2
-10
-7
-3
-1
4
1
-4
1
-4
-4
-2
0
-3
-7
-7
-7
1
2
0
1
-5
-8
-4
-2
-4
-5
-6
-3
1
0
-4
-9
-16
-13
-6
-5
-2
-5
-13
-10
-5
-3
0
-4
-3
-3
-3
0
2
0
-6
-8
-8
-2
0
-1
-3
-5
-4
-2
1
7
6
1
-6
-6
-2
0
5
6
7
-1
-3
-5
-4
0
3
0
-5
-1
1
6
11
10
12
15
10
10
8
8
9
6
5
0
-1
2
1
1
-2
1
5
5
4
5
3
5
8
6
7
0
-6
-7
-1
3
2
-1
1
8
5
8
10
7
1
-2
0
5
1
-1
-2
-6
-7
-5
-1
0
-3
-5
-7
-8
-7
-3
-1
2
-6
-8
-4
-6
-5
-6
-4
-4
-2
1
8
8
4
2
-2
0
6
0
-4
-2
-7
-3
3
6
1
1
3
1
0
-2
-6
-6
-5
-4
0
3
5
-2
-6
-2
-2
-3
-4
-3
3
5
2
4
2
-2
-5
-5
-1
2
6
10
6
5
2
-4
-2
0
0
0
-3
-9
-9
-8
-7
-5
-4
1
5
-1
1
3
-3
-4
-2
-1
-2
0
-2
-8
-7
-7
-5
-1
5
3
-1
-4
-6
1
1
-2
-7
-4
-2
0
3
-1
-7
-6
-2
3
10
9
4
-4
-3
7
10
9
11
9
3
10
14
11
10
5
-1
0
4
5
9
9
5
4
1
2
0
-3
-4
-5
-3
2
6
3
1
-4
-4
-5
-6
-5
-6
-7
-6
-4
-3
0
2
0
0
3
2
0
4
3
8
10
10
8
8
6
-1
3
7
5
5
5
3
-2
-5
-9
-11
-5
-2
-1
-1
-3
-5
-3
-2
-5
-1
4
6
5
4
1
-6
-10
-9
-4
-3
-1
-2
-5
-7
-6
-5
-3
-5
-9
-8
-9
-10
-8
-4
-3
-6
-7
-4
-2
0
-3
-7
-12
-12
-9
-4
1
5
1
-2
-2
2
6
5
4
1
-4
-8
-5
3
7
4
1
2
-4
-5
-1
-1
1
3
-1
-2
-4
-5
1
4
4
6
4
3
6
8
8
7
6
2
6
9
11
12
9
10
10
12
13
14
11
9
11
14
13
9
11
12
8
10
12
12
17
16
6
5
6
5
3
5
9
6
5
5
1
-5
-7
-6
-10
-6
-5
-14
-16
-16
-15
-11
-11
-18
-17
-11
-15
-16
-12
-9
-11
-13
-11
-7
-7
-11
-9
-10
-8
-10
-6
-6
-10
-10
-16
-15
-12
-14
-14
-11
-12
-8
-9
-11
-12
-8
-9
-7
-5
-6
-6
-2
-3
-1
-3
1
7
5
5
5
4
1
-5
-5
3
6
2
1
4
10
14
16
14
15
11
10
12
15
21
17
19
18
17
16
22
26
28
28
29
29
24
16
14
14
17
24
26
27
23
15
15
13
9
10
10
8
6
0
-10
-4
-4
-4
1
7
7
1
0
-5
-13
-11
-14
-16
-12
-9
-11
-12
-13
-17
-20
-26
-30
-33
-28
-25
-29
-34
-32
-32
-36
-34
-36
-41
-39
-41
-41
-36
-39
-37
-35
-32
-32
-25
-23
-24
-26
-27
-27
-23
-20
-15
-14
-13
-7
-7
-7
-4
3
7
10
8
16
15
16
19
22
29
35
34
40
42
38
43
46
46
46
46
49
53
53
52
52
47
47
53
54
52
52
54
48
52
62
59
53
52
50
50
48
47
47
38
32
33
31
24
22
21
17
16
5
-12
-15
-21
-24
-27
-38
-39
-47
-61
-63
-64
-70
-71
-73
-72
-79
-87
-91
-93
-96
-91
-87
-88
-91
-90
-88
-91
-95
-91
-93
-89
-80
-80
-76
-69
-62
-59
-53
-47
-39
-38
-35
-25
-21
-21
-9
3
12
17
22
23
25
29
35
47
54
58
62
65
69
73
75
73
74
78
77
77
84
83
85
82
80
87
90
89
92
86
83
84
83
85
83
81
85
87
87
91
94
98
108
115
113
108
95
82
76
72
64
57
52
44
32
17
3
-17
-28
-43
-49
-43
-48
-65
-81
-92
-102
-102
-104
-106
-108
-115
-120
-129
-132
-137
-144
-151
-154
-150
-149
-148
-151
-149
-160
-171
-175
-167
-149
-137
-134
-127
-118
-115
-107
-92
-78
-72
-63
-51
-46
-37
-29
-28
-19
-5
12
9
14
20
20
27
29
40
49
60
67
72
81
77
77
79
83
84
87
89
98
95
95
98
97
99
101
103
104
107
104
103
99
92
91
96
101
96
95
93
88
90
95
92
83
83
82
78
86
88
83
77
85
90
84
79
84
81
78
81
80
82
77
70
65
50
42
40
39
35
27
18
-4
-8
-13
-22
-33
-41
-54
-56
-66
-82
-93
-104
-119
-127
-120
-123
-136
-141
-141
-149
-157
-161
-160
-168
-176
-177
-179
-184
-181
-169
-164
-165
-171
-172
-169
-169
-166
-162
-155
-146
-124
-112
-99
-88
-88
-86
-79
-67
-51
-40
-37
-38
-35
-27
-27
-23
-18
-16
-4
11
16
19
17
17
26
38
51
64
73
75
76
76
83
84
78
92
112
123
124
121
120
130
136
145
163
170
159
154
160
163
162
167
177
169
168
166
167
175
173
168
162
162
163
169
171
167
165
159
173
202
220
219
222
207
185
164
153
146
139
130
114
94
62
33
5
-31
-65
-79
-97
-107
-119
-140
-154
-177
-193
-197
-196
-196
-201
-194
-209
-232
-242
-251
-273
-278
-283
-287
-287
-293
-294
-307
-335
-355
-368
-367
-343
-315
-288
-273
-275
-275
-265
-259
-245
-230
-205
-169
-142
-116
-103
-101
-97
-86
-69
-44
-1
19
25
39
44
50
59
77
99
111
127
126
116
118
119
127
143
172
191
209
211
206
199
189
184
197
211
218
229
241
254
252
242
229
217
227
223
216
223
220
212
197
190
179
163
165
163
164
169
178
185
185
194
190
193
176
169
170
179
200
228
255
267
266
239
196
156
133
133
121
104
79
30
-34
-67
-98
-133
-157
-176
-164
-179
-191
-209
-242
-275
-295
-289
-275
-260
-261
-284
-303
-335
-364
-376
-387
-398
-391
-395
-413
-414
-438
-453
-482
-479
-452
-426
-397
-391
-373
-370
-357
-339
-308
-271
-257
-230
-181
-153
-141
-111
-112
-102
-77
-49
-4
21
33
51
53
58
70
85
93
109
138
161
181
174
191
187
199
227
238
252
283
292
308
315
320
329
306
310
333
344
352
349
332
323
322
339
350
359
338
330
324
320
316
292
275
261
268
266
278
287
287
303
316
303
290
284
282
270
283
323
346
368
389
388
348
301
246
203
176
154
140
102
73
22
-64
-147
-214
-264
-290
-316
-323
-309
-357
-418
-463
-517
-534
-519
-502
-495
-496
-517
-536
-552
-584
-615
-659
-675
-662
-645
-635
-644
-673
-717
-750
-751
-716
-673
-625
-591
-560
-540
-527
-508
-492
-444
-390
-315
-236
-165
-133
-121
-119
-119
-80
-33
38
100
136
169
192
194
214
221
258
284
323
381
415
434
447
427
429
458
476
513
549
560
574
573
573
566
570
592
587
602
636
658
641
601
558
524
513
522
555
560
527
498
474
442
426
409
393
378
378
362
337
295
246
242
254
282
273
249
207
154
141
152
179
240
257
265
256
219
150
81
21
-9
-43
-58
-101
-173
-222
-300
-378
-445
-519
-586
-609
-621
-631
-641
-676
-730
-766
-797
-809
-788
-762
-746
-753
-789
-857
-895
-922
-944
-959
-921
-912
-898
-867
-863
-872
-882
-864
-826
-753
-686
-624
-562
-524
-487
-454
-382
-305
-260
-176
-82
-17
39
80
81
95
139
185
251
331
364
409
455
488
502
540
556
555
621
651
709
715
697
715
698
709
736
775
812
822
797
782
796
795
806
783
755
770
776
741
693
652
634
602
573
612
595
555
528
518
506
484
440
399
384
359
351
324
322
284
220
178
108
80
124
150
187
185
109
38
-9
-35
-1
10
55
114
122
100
38
-37
-108
-180
-218
-224
-267
-295
-335
-418
-514
-618
-705
-797
-872
-836
-829
-839
-874
-931
-995
-1059
-1079
-1055
-1065
-1070
-1070
-1065
-990
-987
-975
-1029
-1075
-1086
-1080
-1005
-924
-917
-891
-873
-875
-817
-788
-782
-738
-705
-627
-498
-387
-301
-228
-176
-169
-117
-26
80
180
296
367
412
489
518
553
631
698
754
785
829
888
905
897
901
899
961
998
991
1005
1004
1017
1052
1032
1041
1056
1035
1064
1092
1089
1085
997
942
967
922
909
935
915
865
811
753
751
706
645
620
547
513
474
439
382
312
250
179
129
67
17
-15
-89
-94
-92
-150
-191
-245
-310
-315
-285
-266
-277
-346
-402
-454
-466
-411
-364
-318
-265
-244
-255
-250
-310
-397
-474
-533
-564
-571
-553
-532
-592
-670
-700
-807
-930
-967
-1013
-1041
-988
-945
-933
-919
-934
-987
-997
-1010
-1027
-991
-917
-842
-780
-782
-842
-867
-888
-906
-870
-806
-730
-675
-659
-658
-631
-592
-560
-515
-429
-347
-247
-118
-14
100
149
209
232
321
416
596
795
892
870
719
678
727
889
951
966
1054
1084
1096
1048
993
1042
1148
1177
987
852
743
853
1065
1200
1241
1154
993
846
713
813
956
1142
1079
816
724
624
550
417
342
434
508
510
332
196
101
62
-86
-186
-250
-308
-176
-74
52
-290
-321
-311
-401
-407
-476
-555
-522
-312
-335
-445
-226
-292
-383
314
772
1278
1152
2491
1131
-224
-380
-626
843
1692
1994
1436
1650
948
-777
-1567
-2290
-871
-460
-1799
-2071
-2409
-2136
-1689
-2487
-4449
-3989
-3445
-5067
-3535
-2485
-2483
-1249
-1542
-3783
-3136
-1439
-1653
-899
275
811
1592
1769
1370
1306
1537
1633
2085
2502
3182
3623
3006
2424
1796
1334
1127
1144
922
783
772
606
519
160
-588
-1112
-1176
-1524
-1372
-583
-305
-255
-210
-324
-139
48
-32
265
1007
1643
2052
2120
1803
1541
1229
1080
1487
1778
1515
1217
1106
732
290
-74
-529
-847
-1045
-1007
-898
-885
-1150
-1449
-1534
-1422
-1122
-831
-401
-143
17
222
522
798
830
928
1169
1443
1601
1587
1438
1235
891
520
307
230
118
-102
-385
-749
-1113
-1370
-1348
-1109
-1021
-1089
-944
-1046
-1216
-1024
-586
-75
309
598
679
810
746
696
1038
1479
2628
3887
3941
3201
2010
495
-208
-220
96
652
1342
1250
-175
-2096
-3624
-4351
-4666
-4710
-4105
-3555
-3430
-3518
-3504
-3444
-3454
-3388
-2992
-1874
-142
1299
1920
2305
2237
2036
2424
2949
3577
4050
4217
3987
3387
2880
1764
549
-402
-949
-1047
-887
-585
-1126
-2229
-3207
-3839
-3904
-3460
-2530
-1837
-956
-182
155
497
782
1183
1456
1993
2624
3142
3478
3541
3457
3074
2181
1519
1092
489
192
-126
-874
-1486
-2126
-3076
-3426
-3338
-3233
-3122
-2790
-2490
-2082
-1555
-1310
-831
-261
294
1011
1730
2195
2540
2635
2414
2246
2173
1908
1671
1110
378
-46
-588
-1096
-1176
-1515
-1818
-1862
-2163
-2330
-1782
-1607
-1455
-768
-222
142
803
1483
1679
2250
2532
2515
3117
3520
3353
3391
3424
2859
2588
2598
2342
2746
3283
2956
2071
792
-1022
-2236
-2405
-2080
-1513
-1063
-1034
-1539
-2528
-3357
-3799
-3768
-3145
-2595
-2213
-1524
-815
-608
-459
-321
-639
-703
-98
1091
2281
2378
1567
744
156
167
487
744
959
801
83
-815
-1215
-875
-298
-347
-883
-1767
-2426
-2022
-1355
-1345
-1102
-242
-348
-736
-418
-309
-330
-111
-161
-86
583
1036
1175
1112
493
-200
-569
-836
-696
-273
-308
-814
-1470
-2077
-2328
-2122
-1925
-1675
-1368
-1314
-972
-594
-574
-496
-183
-141
280
1146
1501
1648
1757
1736
1399
1184
1209
930
894
806
607
561
776
789
587
515
412
136
315
190
525
892
1065
1241
1428
1729
1629
1620
1754
1759
1935
1720
1738
1963
1707
1633
1504
1534
1379
1120
1833
2002
2466
3001
1802
724
-23
-821
-1203
-1035
-301
84
-76
-743
-2014
-2902
-3652
-3951
-3602
-3353
-2541
-1789
-1656
-1345
-1012
-1305
-1221
-806
-541
217
1187
1551
1490
1533
1453
1094
792
703
375
114
181
41
-65
492
176
-1012
-2071
-3167
-3536
-2907
-2636
-1993
-732
-556
-1102
-1292
-1848
-2130
-1017
-236
36
1120
1708
1298
1300
1303
835
491
458
354
545
777
618
-7
-919
-1404
-1946
-2070
-1681
-1389
-1120
-837
-727
-673
-609
-718
-714
-225
439
1094
1604
1733
1746
1390
1053
986
1142
1471
1600
1449
1180
945
748
607
430
171
-13
175
111
129
599
738
647
555
466
435
753
1220
1178
1366
1412
1079
1083
1146
905
826
1375
2174
2743
3439
3668
2684
1464
199
-970
-1086
-335
353
695
706
-203
-1584
-2845
-4079
-4602
-4415
-4194
-3523
-2495
-1730
-1219
-969
-1183
-1264
-1124
-868
-22
944
1619
2071
1994
1563
1166
722
241
54
115
-117
-342
97
552
110
-600
-1612
-3010
-3277
-2676
-2313
-1320
187
330
-225
-424
-1044
-1165
-357
24
530
1544
1869
1862
1963
1744
1228
675
105
5
384
680
821
561
-210
-810
-1314
-1707
-1477
-988
-671
-396
-84
-45
-371
-627
-814
-841
-385
293
709
1129
1225
931
698
712
698
913
1056
880
1236
1702
1648
1384
959
245
51
133
63
629
1059
864
794
741
501
529
458
-7
38
325
69
563
1037
581
612
515
347
1483
2743
3258
3275
2612
1049
-237
-961
-1032
-466
-242
-277
-388
-1139
-2101
-2948
-4051
-4825
-5068
-5057
-4248
-3001
-1857
-934
-484
-522
-654
-833
-687
-162
324
893
1471
1544
1435
1146
318
-257
-921
-1528
-1550
-1278
-979
-410
-71
-218
-634
-1354
-2072
-2155
-1654
-740
420
1541
1909
1826
1510
656
547
590
734
1180
1564
1717
1888
2123
1862
1277
813
203
-113
-6
433
901
1059
816
553
129
-226
-193
-39
187
618
838
1008
1230
973
555
295
148
202
442
810
1014
1006
646
237
114
220
382
553
863
975
687
590
384
210
413
302
455
869
751
585
821
619
601
595
270
-102
-251
-523
-821
-722
-802
-715
-175
469
1376
2323
2486
1932
854
-563
-1704
-2043
-1748
-1135
-628
-499
-938
-2025
-3043
-4055
-4859
-5249
-5296
-4735
-3591
-2384
-1170
-69
271
250
99
-151
60
519
705
1017
1290
1295
1122
727
-102
-929
-1789
-2369
-2555
-2452
-2000
-1130
-173
845
1010
325
-482
-1308
-1523
-1046
-143
1141
2554
3127
2760
2086
1289
585
177
-80
-69
404
1009
1532
2032
2071
1689
1027
151
-180
78
585
1085
1412
1681
1834
1789
1528
1302
1065
759
624
806
1202
1564
1518
1404
1109
870
548
306
31
-75
439
342
804
1399
1701
1663
1382
988
843
523
361
479
451
937
1259
1145
1156
1008
224
-349
-396
-617
-615
-207
-391
-757
-955
-1221
-1307
-944
-228
612
1796
2280
1903
965
-646
-2185
-2677
-2670
-2436
-1673
-1185
-1428
-1962
-2793
-3991
-4857
-5463
-5936
-5562
-4346
-2970
-1331
98
900
1306
1127
616
433
259
77
239
406
609
840
768
203
-666
-1722
-2730
-3270
-3220
-2806
-2222
-1220
-160
561
836
622
126
-185
-333
-227
569
1656
2341
2675
2472
1777
1322
756
177
-37
-138
-40
433
918
1573
2131
2059
1767
1516
1161
1007
1144
1347
1614
2072
2444
2592
2549
2247
1801
1213
788
802
912
1188
1504
1636
1712
1696
1403
1085
807
412
313
562
1142
1838
2334
2527
2150
1342
389
-207
-570
-706
-553
-353
135
500
394
213
-23
-366
-589
-952
-823
-476
-219
-185
-306
-354
-250
343
896
1658
2488
2002
887
-279
-1783
-2758
-3053
-3139
-2896
-2331
-2153
-2406
-2705
-3305
-4222
-5171
-5839
-5725
-4842
-3626
-1955
-291
806
1611
1845
1493
1052
496
-257
-791
-875
-749
-509
-281
-346
-832
-1815
-2723
-3372
-3783
-3738
-3330
-2755
-1087
1057
2236
2800
2483
1221
106
-576
-1001
-230
1224
1938
2084
2239
2014
1475
860
-19
-737
-1138
-1067
-229
994
2367
3433
3558
3227
3097
2559
1908
1563
1254
1071
1406
2102
2792
3251
3002
2249
1287
449
69
-102
-89
339
933
1482
2059
2327
2138
1625
740
236
350
993
1787
2396
2736
2510
2087
1263
526
-356
-681
-943
-922
-119
560
934
880
621
-92
-455
-731
-998
-1049
-830
-816
-691
-219
631
1406
1980
2146
1498
237
-1161
-2540
-3613
-3707
-3518
-3292
-2752
-2306
-2359
-2690
-3375
-4287
-5204
-5920
-6094
-5402
-3916
-2015
-106
1350
2146
2268
1798
911
-26
-932
-1530
-1654
-1347
-765
-218
-13
-212
-886
-1791
-2632
-3183
-3220
-2728
-1982
-827
941
2431
3302
3624
3077
1977
962
104
-395
-14
663
937
1216
1376
1048
677
141
-730
-1388
-1466
-1134
-366
997
2417
3253
3588
3690
3251
2609
2180
1657
1168
1174
1403
1573
1988
2368
2325
2060
1556
900
389
-68
-333
-41
556
1205
1988
2566
2622
2153
1370
488
-4
-52
337
983
1500
1713
1579
1060
279
-385
-1075
-1702
-1560
-956
-426
558
1287
1259
1112
847
52
-547
-645
-998
-1179
-920
-111
806
1983
2995
2683
1437
-170
-2120
-3782
-4248
-4118
-3780
-2829
-2161
-2092
-1865
-1940
-2807
-3918
-5080
-6052
-5982
-4916
-2984
-512
1561
2857
3368
3273
2564
1400
-84
-1504
-2317
-2441
-1837
-822
157
570
189
-665
-1683
-2618
-3205
-3325
-3119
-2164
-182
1725
3303
4482
4320
3050
1695
261
-935
-1049
-759
-531
187
1007
1280
1351
1088
212
-791
-1597
-1840
-1380
-331
1240
2583
3525
4199
4156
3418
2492
1405
348
-245
-289
92
807
1509
1896
1974
1696
1144
472
-179
-601
-541
-239
644
1631
2598
3217
3287
2686
1783
1030
161
-183
-2
182
676
1314
1313
1040
697
-63
-1047
-1332
-1315
-1166
-520
210
539
810
1034
781
251
-182
-767
-1611
-1795
-1169
-216
1046
2442
3054
2614
1563
-137
-2057
-3293
-3914
-4353
-4257
-3518
-2841
-2416
-2072
-2213
-2974
-4086
-5120
-5706
-5449
-4388
-2616
-571
1381
2911
3543
3477
2864
1561
-91
-1498
-2397
-2627
-2216
-1340
-315
449
733
449
-193
-1057
-1972
-2548
-2293
-1138
671
2440
3809
4512
4287
3514
2237
834
-60
-697
-1193
-1061
-452
233
1036
1538
1328
683
-34
-682
-833
-322
576
1484
2427
3401
4020
4022
3599
2637
1262
200
-514
-755
-526
-138
319
788
1084
1185
1076
628
-89
-675
-926
-752
-32
862
1684
2295
2397
2085
1568
884
136
-411
-817
-875
-502
-139
335
556
320
-21
-504
-1038
-1249
-1115
-811
-560
-218
251
533
667
606
117
-593
-913
-661
-129
1017
2108
2086
1536
480
-958
-2111
-2832
-3392
-3684
-3606
-3455
-3164
-2626
-2285
-2536
-3283
-4105
-4788
-4930
-4160
-2768
-1179
459
1880
2744
3365
3506
2832
1644
135
-1105
-1825
-1993
-1562
-868
-305
-84
0
-117
-473
-954
-1446
-1770
-1660
-831
616
2139
3474
4368
4420
3894
3090
2012
872
46
-540
-863
-622
56
612
1021
1191
915
282
-190
-338
-303
185
990
1760
2546
3319
3676
3385
2775
1882
783
-87
-556
-703
-665
-346
64
486
829
881
712
353
-240
-591
-550
-249
378
1248
1694
1887
1988
1575
952
488
-103
-669
-784
-711
-642
-476
-297
-339
-419
-563
-817
-860
-658
-502
-328
-97
156
190
108
10
-478
-834
-585
-40
607
1619
2234
1876
1021
-302
-1906
-2909
-3393
-3810
-3963
-3646
-3367
-3325
-3032
-2647
-2765
-3354
-4037
-4599
-4794
-4030
-2467
-805
974
2507
3209
3494
3504
2800
1573
108
-1128
-1828
-2120
-1812
-947
-307
-99
-9
-140
-598
-1049
-1405
-1568
-1350
-637
474
1730
3040
4071
4516
4371
3812
2813
1623
511
-360
-816
-885
-471
188
691
869
851
700
486
279
338
467
756
1402
2241
2994
3473
3614
3186
2423
1547
775
33
-435
-617
-660
-435
103
707
981
975
784
340
-31
-42
132
488
1011
1456
1682
1669
1449
1103
564
-17
-502
-771
-992
-1000
-932
-920
-666
-433
-307
-279
-169
-197
-303
-325
-336
-170
-90
-92
-199
-379
-374
122
765
1287
2020
2035
1386
368
-1186
-2437
-3266
-3810
-4003
-3897
-3781
-3750
-3597
-3532
-3451
-3549
-4094
-4546
-4705
-4485
-3562
-2199
-643
976
2197
2904
3377
3281
2552
1340
-55
-1198
-1895
-2069
-1704
-1036
-511
-158
-34
-180
-441
-886
-1431
-1821
-1809
-1280
-369
1501
3677
5080
5809
5468
4246
2611
755
-625
-1272
-1311
-1011
-490
168
828
1244
1313
1160
627
-192
-663
-596
-192
894
2202
3042
3731
4130
3962
3406
2524
1253
-174
-1348
-1814
-1482
-746
330
1464
2042
2104
1881
1346
530
-197
-442
-433
-29
896
1830
2393
2549
2265
1550
632
-255
-898
-1395
-1532
-1309
-1011
-533
-9
268
309
148
-183
-573
-722
-725
-609
-323
-313
-307
157
861
1507
2216
2835
2442
1326
25
-1366
-2612
-3450
-3827
-3914
-3583
-3210
-3120
-2998
-2852
-3093
-3749
-4279
-4581
-4685
-4212
-3112
-1736
-208
1248
2240
2899
3240
2754
1801
680
-604
-1623
-2250
-2434
-1959
-1342
-884
-457
-240
-392
-855
-1433
-1923
-2057
-1914
-1560
-736
244
1282
2243
2975
3565
3625
3197
2198
968
50
-575
-896
-815
-522
-377
-376
-198
84
333
615
764
732
933
1380
1750
2187
2714
2954
2825
2673
2614
2295
1725
1252
512
-230
-461
-464
-319
132
583
799
1053
1336
1546
1597
1554
1620
1640
1630
1727
1754
1718
1543
1037
641
215
-209
-393
-584
-559
-355
-190
-64
19
152
248
289
215
226
312
259
353
534
936
1375
1839
2423
2408
1873
938
-382
-1579
-2665
-3474
-3936
-3973
-3719
-3543
-3281
-2953
-2901
-3229
-3683
-4004
-4267
-4139
-3460
-2487
-1304
69
1180
1895
2420
2453
1952
1013
-74
-1058
-1857
-2374
-2431
-2187
-1839
-1377
-860
-562
-609
-967
-1481
-2015
-2392
-2218
-1797
-1088
182
1404
2480
3270
3743
3669
2840
1786
557
-465
-1148
-1678
-1872
-1700
-1237
-809
-394
106
315
262
278
227
330
785
1280
1734
2311
2874
3032
2950
2759
2320
1621
931
383
-8
-229
-241
-123
141
491
895
1219
1410
1540
1592
1667
1685
1707
1785
1760
1681
1770
1843
1715
1318
904
469
-151
-355
-219
-69
35
145
406
531
906
1280
1307
1342
1165
817
640
1027
1670
2156
2712
2800
2218
1317
234
-830
-1900
-2699
-3359
-3792
-3718
-3693
-3610
-3297
-3232
-3526
-3935
-4140
-4268
-4302
-3834
-3056
-2190
-1017
134
1077
1965
2329
2008
1411
564
-335
-1126
-1850
-2287
-2462
-2500
-2274
-1884
-1567
-1388
-1416
-1640
-1850
-1862
-1780
-1299
-543
-119
376
996
1558
2166
2519
2742
2634
2285
1864
1008
294
-343
-1073
-1648
-2013
-1964
-1733
-1206
-389
136
654
1251
1339
1389
1751
1853
1727
1778
1893
1853
1802
1857
1818
1495
1181
972
533
89
-77
-266
-424
-189
287
740
1183
1762
2233
2416
2422
2230
1911
1522
1250
1062
920
751
828
817
668
752
771
555
245
45
58
114
202
523
936
1224
1513
2034
2508
3163
3657
3294
2449
1356
202
-971
-1949
-2572
-3020
-3237
-3433
-3520
-3240
-2954
-2948
-3241
-3664
-3972
-4387
-4542
-4176
-3507
-2536
-1330
-268
727
1705
2177
2121
1781
1242
457
-497
-1329
-1781
-2061
-2145
-1956
-1713
-1474
-1351
-1419
-1590
-1775
-2082
-2428
-2581
-1740
-707
-167
604
1323
1884
2196
2382
2574
2364
2120
1341
203
-133
-447
-943
-1307
-1491
-1642
-1737
-1424
-1025
-668
68
678
613
988
1839
1957
1789
2119
2313
2076
1943
2000
1831
1505
1437
1255
761
501
470
136
-85
248
599
703
870
1279
1591
1677
1902
2221
2267
2331
2409
2329
2140
1854
1518
1075
663
503
234
-43
-124
-189
-130
-58
114
433
1006
1677
2313
3163
3738
3492
2789
1661
435
-732
-1772
-2600
-3256
-3546
-3793
-3849
-3535
-3054
-2883
-3180
-3466
-3685
-4035
-4141
-4117
-3934
-3271
-2457
-1677
-682
394
1062
1315
1401
1270
974
360
-294
-752
-1125
-1302
-1430
-1507
-1480
-1441
-1582
-1747
-1829
-1779
-1835
-1960
-1827
-1628
-1345
-907
-338
339
1063
1706
2077
2336
2534
2445
2150
1730
1205
546
-228
-822
-1348
-1621
-1569
-1442
-1191
-711
-240
162
681
1215
1621
1914
2112
2261
2360
2353
2349
2249
2040
1881
1604
1357
1174
1016
865
649
505
440
445
554
708
883
1101
1315
1571
1815
2053
2231
2279
2279
2252
2112
2025
1794
1435
1089
671
348
180
169
278
357
677
1208
1789
2684
3252
3205
2762
2013
1162
138
-757
-1556
-2434
-3070
-3723
-4083
-3921
-3721
-3647
-3676
-3603
-3617
-3803
-3818
-3765
-3679
-3381
-2849
-2378
-1803
-1023
-468
-230
124
421
429
183
-84
-376
-829
-1196
-1453
-1735
-1956
-2012
-2073
-2067
-1915
-1819
-1757
-1633
-1660
-1710
-1660
-1528
-1230
-824
-144
448
1059
1721
1947
2146
2211
2039
1705
1205
813
385
-69
-306
-484
-693
-739
-721
-715
-439
-121
91
398
859
1312
1633
1932
2327
2555
2610
2734
2735
2568
2431
2340
2064
1925
1913
1874
1765
1597
1530
1316
1025
824
849
892
925
1154
1363
1562
1839
2129
2368
2484
2391
2174
1851
1594
1406
1240
1138
929
729
925
1261
1862
2622
2899
2785
2281
1728
1033
165
-437
-1192
-2071
-2895
-3664
-3987
-4122
-4210
-4233
-4318
-4231
-4039
-3964
-3836
-3571
-3321
-2976
-2582
-2188
-1711
-1359
-1102
-723
-322
34
164
6
-146
-327
-666
-981
-1336
-1778
-2189
-2462
-2662
-2719
-2653
-2655
-2656
-2409
-1946
-1680
-1461
-1153
-916
-643
-323
116
508
805
1080
1209
1414
1771
1792
1497
1179
878
479
65
-270
-562
-710
-678
-569
-375
-38
202
246
443
831
1088
1217
1327
1431
1586
1820
2114
2242
2286
2390
2392
2351
2532
2748
2653
2414
2201
2070
1837
1650
1631
1493
1322
1244
1200
1298
1552
1829
2024
2167
2377
2451
2421
2442
2436
2405
2267
2188
2315
2722
3382
3652
3586
3199
2512
1719
809
129
-524
-1289
-1980
-2737
-3256
-3486
-3864
-4290
-4618
-4632
-4424
-4316
-4254
-4008
-3748
-3395
-2804
-2236
-1683
-1283
-1183
-984
-616
-300
-143
-271
-342
-337
-436
-545
-746
-1156
-1699
-2269
-2737
-3123
-3340
-3535
-3770
-3748
-3395
-3092
-2754
-2363
-1925
-1448
-1009
-399
107
415
732
948
1173
1131
1332
1068
616
743
217
241
-84
-278
-234
-597
-237
-498
-210
3
-158
372
387
808
1111
1099
1370
1438
1518
1640
1623
1619
1823
1880
1952
2391
2574
2827
3021
2879
2863
2673
2475
2197
1964
1965
1825
1833
1753
1679
1820
1723
1716
1795
1721
1799
1852
2001
2300
2478
2884
3249
3863
4451
4493
4206
3563
3047
2399
1627
1149
518
-240
-1059
-1924
-2512
-3013
-3710
-4378
-4801
-4810
-4716
-4768
-4628
-4314
-3895
-3365
-2853
-2343
-1778
-1386
-1034
-538
-17
476
387
346
328
210
14
-424
-846
-1467
-1931
-2366
-2737
-2904
-3221
-3541
-3851
-3974
-3963
-3830
-3580
-3234
-2842
-2470
-2055
-1512
-1031
-411
181
679
1074
1232
1260
1111
899
592
234
-63
-289
-544
-843
-1115
-1236
-1271
-1106
-834
-545
-209
200
561
960
1255
1562
1562
1645
1789
1834
1896
1994
1991
1987
2185
2366
2435
2568
2665
2723
2683
2651
2670
2470
2316
2294
2229
2235
2147
2086
2026
1998
2113
2160
2201
2335
2347
2331
2513
2921
3569
4150
4381
4189
3957
3632
3188
2644
2180
1521
582
-387
-1254
-1750
-2412
-3126
-3722
-4227
-4138
-4278
-4514
-4616
-4614
-4280
-4180
-3642
-3262
-2819
-2361
-1857
-983
-164
417
776
822
1139
1169
1137
843
302
-214
-944
-1477
-1974
-2553
-2976
-3606
-4029
-4157
-3978
-3841
-3781
-3665
-3383
-2986
-2609
-2209
-1868
-1477
-1144
-820
-397
112
480
651
784
953
1108
948
607
206
-91
-358
-710
-959
-1125
-1236
-1126
-907
-611
-239
10
181
527
918
1240
1523
1643
1765
1921
2067
2214
2328
2433
2562
2586
2618
2642
2597
2624
2602
2578
2545
2396
2283
2118
2097
2121
2092
2115
2073
2074
2093
2261
2320
2453
2648
3034
3682
4077
4242
3922
3579
3181
2815
2539
2053
1540
810
7
-589
-1104
-1875
-2654
-3312
-3765
-3845
-4080
-4338
-4393
-4284
-3987
-3607
-3292
-3043
-2866
-2609
-2158
-1581
-895
-533
-311
38
436
898
1028
1000
765
450
129
-228
-681
-1238
-1828
-2520
-3030
-3444
-3827
-4128
-4160
-3954
-3672
-3380
-3067
-2700
-2303
-1768
-1212
-917
-604
-410
-293
-121
11
113
100
133
155
166
96
-111
-249
-378
-474
-589
-682
-744
-720
-504
-252
134
447
662
920
1108
1311
1560
1741
1837
1904
2068
2281
2395
2520
2658
2696
2755
2872
2991
3057
3082
3105
2967
2724
2534
2283
2059
1984
1860
1765
1731
1681
1861
2228
2960
3816
4292
4352
4164
4055
3818
3635
3330
2686
1834
946
270
-340
-999
-1876
-2796
-3479
-3764
-3836
-4111
-4352
-4376
-4281
-3963
-3547
-3340
-3109
-2826
-2386
-1778
-1155
-604
-453
-271
118
447
671
656
412
169
15
-52
-262
-592
-898
-1340
-1711
-2001
-2340
-2821
-3037
-3113
-3285
-3474
-3553
-3522
-3411
-3039
-2510
-2197
-1940
-1586
-1211
-851
-540
-465
-367
-482
-154
73
-281
-386
-573
-860
-714
-693
-691
-779
-785
-493
-422
-67
166
-86
112
332
640
882
1036
1282
1440
1830
2239
2402
2547
2595
2614
2745
2815
2845
2725
2607
2695
2813
2964
3058
2966
2919
2851
2776
2690
2555
2398
2353
2467
2856
3474
3913
4019
3882
3793
3660
3667
3573
3271
2832
2245
1673
1078
407
-539
-1614
-2448
-3125
-3539
-3963
-4338
-4400
-4315
-4109
-3711
-3452
-3289
-2985
-2599
-2010
-1427
-968
-637
-399
68
442
607
720
616
409
290
203
60
-256
-638
-984
-1445
-1806
-2175
-2635
-2891
-3035
-3142
-3290
-3374
-3407
-3277
-2955
-2612
-2403
-2278
-2123
-1925
-1673
-1410
-1250
-1177
-1008
-743
-447
-320
-383
-563
-805
-951
-999
-1098
-1224
-1160
-1074
-989
-756
-564
-428
-136
166
453
717
931
1105
1253
1472
1634
1718
1658
1639
1865
2123
2452
2661
2775
2950
3141
3282
3352
3268
3037
2760
2591
2529
2418
2353
2276
2242
2335
2681
3427
3915
4238
4243
4085
3991
3933
4067
3856
3400
2895
2267
1717
1229
363
-679
-1548
-2319
-2818
-3206
-3679
-4044
-4238
-4232
-3972
-3731
-3557
-3354
-2990
-2287
-1509
-835
-299
22
422
788
1026
1100
890
576
261
102
24
-139
-505
-885
-1156
-1363
-1549
-1852
-2200
-2473
-2715
-2850
-3043
-3105
-3140
-3199
-3030
-2810
-2601
-2373
-2220
-2007
-1723
-1456
-1181
-997
-978
-859
-832
-832
-794
-867
-927
-1040
-1048
-1043
-980
-825
-736
-731
-776
-735
-681
-579
-443
-206
-4
211
587
929
1262
1580
1701
1660
1649
1621
1560
1635
1727
1811
1992
2293
2591
2872
3034
3156
3227
3223
3153
2968
2700
2496
2482
2562
2974
3333
3549
3457
3356
3391
3459
3781
3868
3707
3446
2974
2567
2083
1394
484
-399
-1229
-1938
-2489
-3147
-3688
-3985
-4143
-4103
-3945
-3821
-3610
-3310
-2696
-1943
-1334
-632
-118
369
932
1410
1700
1753
1539
1274
1055
787
531
75
-442
-899
-1335
-1687
-2055
-2464
-2643
-2667
-2684
-2586
-2760
-2757
-2718
-2659
-2194
-1967
-1860
-1729
-1702
-1595
-1497
-1483
-1522
-1447
-1439
-1176
-945
-1068
-1152
-1164
-1180
-1025
-782
-785
-845
-779
-537
-430
-281
-160
-331
-378
-158
66
229
357
477
603
756
939
1039
986
1058
1217
1336
1603
1776
1842
1883
2083
2292
2393
2485
2533
2541
2542
2690
2662
2703
2824
3130
3653
3940
3859
3432
3098
2822
2846
2977
2893
2742
2503
2253
2074
1709
1026
208
-509
-1115
-1572
-2156
-2837
-3322
-3582
-3622
-3527
-3462
-3519
-3492
-3157
-2487
-1723
-1137
-766
-443
47
644
1155
1395
1400
1186
1043
994
928
759
438
100
-242
-499
-871
-1317
-1779
-2027
-2227
-2476
-2580
-2828
-2939
-2941
-2820
-2509
-2388
-2278
-2117
-1946
-1682
-1419
-1177
-1079
-881
-704
-511
-477
-587
-756
-823
-844
-872
-864
-1001
-1020
-926
-769
-593
-439
-349
-232
-12
242
528
713
915
1019
1171
1280
1264
1240
1257
1262
1281
1318
1337
1334
1276
1388
1515
1642
1856
1955
2168
2392
2625
2760
2754
2843
3023
3476
3821
3933
3549
3019
2728
2615
2714
2727
2555
2151
1848
1708
1509
1022
315
-379
-1014
-1387
-1637
-2110
-2568
-2852
-3025
-3037
-2980
-3054
-3271
-3305
-2957
-2387
-1826
-1366
-1162
-894
-214
477
942
1188
1161
1034
1031
1132
1079
776
328
-9
-270
-470
-698
-1174
-1573
-1964
-2045
-2201
-2347
-2340
-2467
-2348
-2209
-2120
-2027
-2133
-2191
-2181
-2194
-2011
-1855
-1788
-1590
-1404
-1175
-998
-843
-709
-681
-550
-420
-345
-236
-217
-221
-229
-209
-156
-150
-115
-83
-60
160
486
772
1032
1208
1314
1307
1314
1361
1368
1466
1527
1530
1597
1588
1676
1822
1892
2084
2202
2274
2477
2544
2646
2769
2861
3284
3716
3967
3884
3462
3103
2802
2687
2683
2451
2032
1574
1163
881
582
60
-499
-995
-1363
-1438
-1647
-1988
-2415
-2752
-2935
-2844
-2808
-2943
-3012
-2884
-2398
-1816
-1229
-907
-831
-547
-137
249
459
489
405
357
490
684
758
639
429
127
-79
-303
-753
-1257
-1689
-1925
-1824
-1913
-2073
-2213
-2400
-2183
-1755
-1518
-1400
-1547
-1638
-1619
-1625
-1631
-1670
-1871
-1942
-1776
-1749
-1868
-1943
-2024
-1998
-1597
-1173
-888
-733
-506
-116
234
652
810
673
581
598
760
962
1061
1050
986
907
1020
993
914
937
965
1058
1276
1490
1536
1595
1774
2026
2258
2434
2509
2535
2605
2713
2954
3083
3341
3557
3673
3740
3452
3081
2811
2550
2469
2403
2129
1783
1438
1016
658
245
-236
-591
-1041
-1343
-1630
-1993
-2245
-2478
-2623
-2582
-2587
-2567
-2567
-2496
-2120
-1692
-1295
-866
-670
-450
-50
284
623
792
801
729
607
544
481
327
169
-106
-416
-602
-859
-1116
-1341
-1586
-1754
-1794
-1789
-1707
-1616
-1602
-1588
-1577
-1546
-1546
-1622
-1706
-1706
-1623
-1628
-1576
-1582
-1841
-1970
-2020
-2130
-2045
-1999
-1946
-1761
-1519
-1193
-805
-464
-252
-16
263
505
705
890
1027
1073
1172
1166
1138
1044
883
735
667
712
838
893
1020
1166
1312
1512
1620
1813
1952
2021
2119
2134
2168
2284
2495
2721
3102
3448
3590
3536
3250
3017
2823
2667
2595
2319
2027
1651
1159
884
451
-13
-347
-707
-1042
-1179
-1461
-1754
-1868
-1978
-1973
-1995
-2010
-2020
-2001
-1813
-1499
-1218
-918
-708
-594
-305
-25
278
466
522
574
519
503
508
458
362
200
-71
-344
-688
-983
-1181
-1337
-1505
-1715
-1972
-2002
-1949
-1799
-1498
-1421
-1395
-1341
-1297
-1261
-1286
-1294
-1364
-1446
-1498
-1483
-1622
-1753
-1895
-1991
-1907
-1781
-1627
-1482
-1259
-970
-787
-605
-364
-173
26
273
517
759
1023
1251
1407
1546
1556
1444
1254
1100
996
918
892
851
868
906
1026
1158
1330
1469
1709
1886
2053
2095
2099
2151
2269
2478
2694
2907
2902
2669
2393
2237
2197
2308
2310
2101
1782
1506
1179
858
544
72
-362
-720
-1077
-1244
-1522
-1814
-1924
-2029
-1897
-1819
-1823
-1747
-1614
-1348
-1045
-772
-548
-432
-270
63
322
581
662
600
567
559
486
493
319
84
-137
-405
-656
-907
-1167
-1408
-1619
-1717
-1699
-1721
-1673
-1581
-1476
-1457
-1392
-1355
-1330
-1373
-1351
-1357
-1382
-1386
-1525
-1656
-1805
-1905
-1903
-1920
-1901
-1865
-1784
-1670
-1506
-1198
-844
-574
-306
-44
150
375
630
849
1018
1118
1233
1308
1331
1345
1274
1197
1103
1092
1121
1188
1174
1222
1282
1295
1405
1514
1604
1619
1649
1754
1809
1854
1966
2054
2348
2595
2728
2620
2380
2136
1953
1854
1783
1689
1529
1248
1011
817
550
302
-6
-222
-409
-565
-767
-1057
-1232
-1315
-1368
-1406
-1436
-1536
-1496
-1306
-1080
-812
-589
-446
-338
-77
294
569
684
704
709
684
702
723
566
245
14
-302
-578
-806
-1123
-1421
-1636
-1882
-2015
-2049
-2087
-1998
-1848
-1786
-1667
-1593
-1527
-1432
-1451
-1449
-1493
-1520
-1597
-1681
-1780
-1885
-2036
-2078
-2107
-2078
-1922
-1856
-1729
-1467
-1252
-1021
-765
-583
-338
-1
295
642
953
1191
1421
1604
1718
1791
1799
1731
1650
1540
1433
1340
1223
1130
1107
1171
1175
1289
1439
1511
1596
1710
1655
1753
1897
2007
2232
2357
2454
2409
2207
2061
1905
1742
1641
1493
1229
954
752
607
475
373
206
56
-62
-120
-217
-309
-404
-517
-585
-609
-643
-726
-812
-864
-851
-822
-764
-674
-633
-468
-207
127
439
620
704
722
756
794
775
630
492
303
-7
-388
-723
-1045
-1373
-1551
-1764
-1897
-1905
-1963
-2005
-2010
-2011
-1953
-1796
-1696
-1525
-1532
-1653
-1688
-1794
-1904
-1923
-2009
-2206
-2218
-2170
-2145
-2071
-1954
-1943
-1835
-1528
-1237
-973
-763
-543
-323
-26
308
595
806
966
1146
1284
1386
1470
1494
1518
1593
1657
1667
1616
1457
1304
1270
1259
1221
1186
1169
1152
1167
1199
1240
1277
1350
1435
1544
1688
1785
1753
1639
1449
1308
1232
1118
1039
910
767
618
557
526
522
500
449
512
550
597
548
485
385
282
262
216
189
155
144
139
203
198
115
-2
-44
37
159
318
321
250
233
239
298
328
211
38
-123
-254
-312
-399
-636
-986
-1235
-1351
-1435
-1416
-1476
-1698
-1782
-1742
-1719
-1663
-1694
-1775
-1812
-1860
-1817
-1815
-1977
-2148
-2236
-2300
-2233
-2202
-2264
-2328
-2240
-2089
-1918
-1700
-1511
-1423
-1189
-864
-531
-146
124
345
537
773
920
984
1017
1114
1099
1138
1208
1238
1248
1203
1256
1328
1300
1301
1318
1316
1332
1355
1322
1286
1316
1385
1453
1442
1427
1379
1293
1201
1087
1019
1033
1078
1118
1113
1069
960
905
915
965
911
853
826
758
813
824
757
623
504
468
411
429
345
191
71
54
54
40
24
-64
-111
-65
86
188
165
166
159
208
364
337
179
22
-134
-243
-302
-414
-598
-744
-815
-846
-954
-1079
-1203
-1315
-1404
-1429
-1484
-1617
-1682
-1710
-1767
-1812
-1861
-1981
-2130
-2148
-2086
-2072
-2060
-2067
-2124
-2091
-1944
-1809
-1680
-1553
-1380
-1194
-1014
-747
-518
-284
6
271
414
494
556
583
661
750
765
759
785
824
832
896
968
989
1077
1110
1151
1238
1233
1197
1213
1335
1465
1538
1523
1455
1339
1316
1355
1271
1166
1030
929
928
982
1036
942
832
773
797
793
731
627
475
418
461
521
493
413
409
456
507
552
529
438
370
372
464
477
383
256
163
174
196
167
86
12
-32
37
56
55
23
-22
28
47
-49
-189
-356
-457
-426
-411
-513
-711
-944
-1092
-1171
-1244
-1345
-1461
-1559
-1595
-1585
-1633
-1701
-1790
-1904
-1900
-1858
-1830
-1865
-1845
-1813
-1780
-1622
-1583
-1584
-1489
-1311
-1183
-1059
-897
-747
-510
-263
-24
157
197
260
406
514
588
632
617
625
685
711
665
658
609
527
571
630
679
736
811
919
1030
1221
1357
1387
1407
1354
1268
1234
1183
1120
1045
938
843
750
698
699
679
650
680
673
636
640
660
647
653
638
623
626
520
507
543
517
499
497
482
453
463
481
542
533
510
542
512
526
484
454
376
278
237
129
25
5
-73
-211
-264
-305
-384
-391
-360
-434
-488
-604
-700
-760
-844
-944
-1008
-1138
-1222
-1277
-1403
-1460
-1477
-1511
-1537
-1545
-1652
-1699
-1665
-1619
-1578
-1551
-1574
-1576
-1503
-1389
-1253
-1089
-940
-854
-736
-553
-440
-319
-210
-108
2
81
176
192
191
215
255
302
284
310
329
303
337
401
399
375
413
447
534
695
827
915
981
980
985
971
988
986
947
934
959
963
933
889
823
754
739
800
812
779
717
659
652
671
660
625
570
543
574
591
634
665
609
573
585
613
638
649
639
657
713
738
713
638
585
523
484
418
306
199
132
61
15
-63
-160
-225
-262
-329
-391
-557
-710
-795
-864
-863
-929
-994
-1107
-1148
-1153
-1137
-1105
-1187
-1222
-1217
-1210
-1224
-1255
-1321
-1353
-1346
-1293
-1209
-1194
-1166
-1131
-1071
-1037
-985
-935
-861
-719
-543
-367
-245
-163
-88
32
168
290
329
301
270
231
242
262
243
215
185
152
201
226
301
375
391
408
397
444
501
554
582
596
616
606
546
497
400
323
298
274
236
190
158
76
43
48
50
23
57
118
224
326
364
380
405
374
402
546
615
672
725
725
800
889
966
1016
990
1045
1049
1057
1032
1013
941
860
791
722
627
538
448
373
302
189
59
-21
-118
-227
-295
-360
-401
-473
-481
-527
-564
-584
-647
-662
-651
-755
-844
-856
-845
-793
-757
-713
-713
-766
-760
-717
-690
-607
-550
-483
-439
-434
-405
-419
-401
-343
-259
-225
-215
-189
-168
-74
-32
-27
-35
-49
-54
-2
105
133
134
98
50
11
-22
-54
-90
-166
-201
-230
-275
-314
-400
-453
-520
-545
-559
-605
-601
-650
-678
-728
-775
-769
-797
-804
-796
-715
-676
-628
-566
-518
-435
-333
-204
-35
106
160
270
360
519
693
825
896
954
1083
1144
1239
1327
1342
1324
1292
1238
1246
1242
1196
1177
1106
1029
985
931
890
859
808
744
666
617
595
549
477
426
327
220
133
53
-7
-63
-30
-16
-23
-22
-46
-76
-53
-41
-81
-97
-122
-134
-114
-101
-146
-187
-123
-70
-15
-16
-90
-122
-142
-144
-110
-108
-161
-144
-167
-176
-153
-204
-202
-211
-187
-178
-226
-285
-370
-449
-424
-419
-474
-541
-634
-684
-777
-842
-936
-1045
-1088
-1133
-1201
-1257
-1333
-1398
-1398
-1428
-1394
-1387
-1390
-1344
-1292
-1219
-1179
-1132
-1072
-995
-842
-668
-555
-437
-312
-209
-91
60
209
365
499
651
805
903
986
1003
1041
1111
1202
1288
1304
1313
1330
1291
1295
1295
1257
1239
1215
1191
1175
1136
1063
1020
923
855
840
809
782
736
749
764
750
696
596
479
458
436
409
432
426
426
408
362
375
351
356
390
356
299
227
209
191
130
86
18
-18
-56
-43
-34
-82
-114
-165
-177
-201
-226
-245
-254
-277
-348
-365
-397
-485
-545
-586
-630
-662
-700
-800
-890
-1012
-1080
-1123
-1222
-1283
-1330
-1439
-1494
-1527
-1537
-1543
-1584
-1622
-1557
-1560
-1580
-1528
-1501
-1466
-1412
-1313
-1242
-1132
-1019
-901
-762
-615
-565
-481
-353
-255
-119
-16
94
239
407
530
631
740
826
934
1053
1085
1169
1242
1251
1276
1305
1299
1289
1295
1289
1308
1283
1258
1241
1239
1232
1247
1251
1297
1313
1296
1297
1254
1167
1106
1051
1031
1022
978
921
839
832
801
773
795
789
726
703
705
716
684
602
513
440
379
310
266
160
53
-64
-143
-199
-278
-326
-375
-447
-476
-477
-514
-565
-592
-649
-680
-714
-792
-887
-988
-1089
-1175
-1227
-1307
-1374
-1440
-1512
-1556
-1607
-1638
-1698
-1761
-1756
-1726
-1721
-1776
-1767
-1778
-1754
-1674
-1644
-1607
-1602
-1513
-1383
-1296
-1170
-1075
-993
-863
-777
-644
-539
-472
-362
-221
-109
-13
94
152
260
407
565
658
761
875
936
1022
1115
1191
1239
1277
1307
1382
1437
1447
1535
1570
1606
1607
1563
1595
1563
1567
1636
1595
1597
1568
1507
1493
1466
1491
1509
1478
1451
1435
1363
1317
1289
1227
1183
1158
1135
1076
983
899
819
748
656
580
509
466
415
354
263
135
28
-40
-84
-149
-234
-339
-449
-533
-627
-700
-798
-947
-1070
-1169
-1220
-1263
-1353
-1480
-1553
-1650
-1654
-1696
-1762
-1812
-1911
-1962
-1956
-2003
-2073
-2085
-2087
-2074
-2053
-2022
-2013
-1973
-1901
-1808
-1690
-1576
-1497
-1422
-1292
-1215
-1117
-1018
-957
-862
-770
-716
-607
-474
-393
-281
-151
-43
41
134
217
311
483
604
726
837
908
997
1094
1216
1319
1374
1374
1389
1411
1404
1441
1517
1596
1619
1652
1643
1634
1688
1673
1721
1716
1673
1679
1667
1673
1695
1647
1599
1556
1504
1488
1441
1431
1359
1302
1271
1242
1178
1133
1099
1046
1006
901
790
702
595
499
423
320
248
171
52
-81
-186
-281
-417
-513
-598
-687
-766
-857
-948
-1054
-1149
-1200
-1273
-1328
-1370
-1481
-1578
-1629
-1697
-1745
-1806
-1857
-1932
-2013
-2015
-2030
-1985
-1938
-1893
-1870
-1826
-1782
-1722
-1669
-1587
-1474
-1389
-1298
-1235
-1214
-1144
-1094
-1015
-922
-844
-757
-696
-624
-556
-477
-416
-320
-227
-140
-42
12
101
199
252
335
410
479
608
730
844
966
1063
1077
1128
1186
1232
1304
1341
1358
1401
1474
1510
1522
1560
1578
1598
1624
1591
1614
1605
1572
1594
1601
1590
1567
1561
1505
1474
1447
1399
1360
1297
1266
1200
1120
1053
984
923
847
785
724
621
555
458
341
273
185
68
-30
-95
-223
-334
-396
-474
-576
-686
-794
-931
-1010
-1046
-1124
-1184
-1218
-1251
-1307
-1323
-1358
-1414
-1450
-1473
-1511
-1523
-1549
-1585
-1563
-1535
-1538
-1533
-1485
-1445
-1404
-1376
-1307
-1236
-1201
-1130
-1075
-966
-892
-850
-794
-756
-733
-655
-589
-514
-508
-514
-443
-395
-365
-342
-261
-202
-123
-63
7
69
141
231
312
383
444
507
575
640
682
742
772
806
895
961
1018
1069
1107
1102
1131
1176
1179
1204
1158
1143
1171
1175
1195
1178
1163
1187
1198
1187
1181
1197
1222
1147
1107
1078
1043
1030
1010
959
891
850
770
707
670
580
515
386
269
187
73
-12
-87
-155
-231
-314
-388
-407
-434
-482
-549
-599
-651
-714
-730
-770
-834
-896
-907
-931
-961
-955
-980
-989
-1013
-1045
-1103
-1151
-1160
-1114
-1093
-1079
-1042
-1039
-1010
-967
-912
-860
-820
-778
-751
-706
-609
-575
-563
-535
-520
-463
-398
-356
-301
-277
-295
-270
-260
-241
-207
-200
-180
-136
-139
-135
-113
-88
-13
44
123
180
268
325
377
436
506
547
546
590
640
684
712
752
783
804
805
795
857
865
891
904
888
904
919
941
939
941
933
877
889
870
837
819
796
788
773
799
789
749
731
692
639
573
448
363
273
189
137
70
-9
-87
-144
-199
-270
-291
-335
-371
-393
-420
-461
-468
-500
-535
-509
-577
-627
-658
-679
-717
-684
-724
-755
-747
-776
-784
-769
-767
-752
-730
-738
-727
-700
-673
-639
-613
-569
-549
-541
-485
-476
-414
-373
-367
-313
-314
-288
-230
-212
-193
-228
-216
-247
-256
-224
-200
-204
-192
-149
-151
-154
-141
-114
-109
-71
-18
32
62
73
123
185
259
336
399
418
448
494
513
517
526
516
513
542
563
574
584
600
630
646
649
688
705
709
714
741
747
692
676
641
577
567
556
500
465
436
421
398
358
330
310
281
259
193
136
53
-42
-139
-193
-226
-274
-300
-362
-379
-379
-409
-411
-430
-458
-438
-460
-446
-433
-452
-447
-436
-427
-388
-379
-404
-418
-424
-429
-455
-427
-413
-375
-319
-281
-261
-224
-205
-174
-127
-118
-97
-97
-90
-87
-99
-104
-79
-108
-132
-144
-168
-178
-187
-198
-245
-223
-222
-252
-282
-276
-248
-229
-228
-195
-154
-153
-171
-185
-174
-122
-88
-72
-32
-48
12
61
111
191
224
198
217
261
285
346
369
429
432
450
495
516
555
577
538
551
565
557
543
516
511
498
512
532
480
459
432
409
399
392
379
325
288
192
171
112
56
40
-50
-146
-155
-177
-205
-201
-190
-175
-174
-173
-188
-201
-181
-156
-154
-147
-108
-116
-152
-135
-151
-167
-154
-145
-179
-148
-107
-119
-86
-88
-96
-93
-109
-126
-125
-114
-105
-39
-49
-81
-99
-122
-120
-82
-95
-125
-147
-188
-235
-247
-229
-262
-261
-288
-299
-321
-345
-355
-372
-397
-409
-398
-435
-416
-401
-381
-382
-372
-306
-269
-242
-190
-130
-143
-129
-116
-69
-30
-13
29
58
74
87
121
172
205
248
333
347
326
385
341
349
362
361
399
355
353
333
316
326
319
312
305
233
258
272
271
261
268
242
233
225
172
131
86
75
77
33
15
6
4
12
46
76
60
60
87
82
84
119
176
170
123
120
111
101
85
103
85
88
69
43
46
77
69
46
59
34
26
19
2
27
32
-13
-24
-30
-47
-75
-85
-91
-90
-131
-136
-153
-168
-194
-227
-271
-290
-325
-358
-313
-342
-366
-381
-380
-385
-330
-315
-309
-305
-325
-283
-266
-242
-218
-198
-196
-155
-137
-107
-47
-55
-54
-13
23
31
81
115
111
107
148
140
111
123
141
125
124
152
122
86
88
96
92
101
105
103
59
22
36
35
2
7
-48
-88
-77
-67
-77
-111
-127
-139
-134
-144
-110
-125
-109
-77
-29
-26
-21
18
37
74
90
139
164
152
167
194
213
220
204
278
280
285
314
353
377
371
373
346
361
352
343
344
320
314
290
245
256
198
186
177
109
91
48
1
3
-11
-51
-26
-40
-47
-56
-91
-117
-150
-175
-193
-210
-229
-269
-299
-312
-289
-293
-275
-233
-266
-242
-238
-232
-210
-180
-162
-183
-142
-118
-119
-104
-72
-67
-97
-89
-107
-90
-73
-86
-83
-74
-47
-48
-57
-76
-108
-91
-129
-144
-147
-191
-171
-209
-223
-196
-213
-210
-176
-163
-187
-176
-186
-201
-166
-169
-149
-116
-130
-147
-145
-122
-90
-63
-55
-31
9
40
90
145
216
220
242
259
300
338
370
376
378
424
428
425
444
452
431
430
405
434
401
412
424
398
446
446
381
330
295
276
258
216
192
171
106
92
77
34
4
-31
-17
-17
-48
-95
-128
-167
-154
-182
-203
-203
-247
-266
-286
-304
-240
-257
-247
-227
-264
-272
-267
-250
-235
-234
-231
-206
-205
-173
-141
-125
-149
-175
-156
-181
-174
-127
-141
-130
-136
-182
-185
-194
-183
-168
-170
-165
-194
-242
-228
-211
-215
-202
-207
-206
-177
-166
-180
-164
-162
-188
-176
-143
-132
-99
-80
-54
0
58
64
79
89
92
107
141
181
183
246
292
342
385
413
398
385
383
399
406
467
478
445
455
431
444
453
454
422
417
402
358
338
352
355
340
282
251
207
153
131
116
125
113
67
8
-25
-48
-55
-68
-57
-109
-161
-168
-165
-171
-172
-201
-260
-254
-266
-289
-274
-289
-299
-286
-281
-278
-267
-253
-273
-292
-282
-299
-291
-256
-260
-251
-276
-277
-295
-318
-310
-278
-270
-279
-292
-284
-257
-272
-248
-223
-189
-198
-216
-231
-230
-222
-244
-231
-210
-209
-190
-166
-124
-127
-127
-92
-83
-88
-57
-59
-43
10
54
54
90
137
146
167
203
239
255
284
314
327
358
419
421
501
523
517
513
484
453
432
470
473
477
505
506
515
554
519
516
498
465
439
385
368
365
355
331
302
287
242
221
176
139
120
59
18
-51
-73
-54
-75
-98
-124
-121
-140
-180
-194
-245
-276
-266
-308
-339
-322
-335
-345
-346
-338
-395
-396
-406
-410
-382
-404
-450
-480
-493
-488
-492
-489
-503
-485
-462
-463
-422
-411
-420
-445
-416
-417
-390
-402
-398
-377
-377
-315
-281
-288
-316
-260
-244
-225
-188
-195
-157
-131
-106
-77
-40
-25
5
46
92
125
126
151
160
232
292
322
376
395
437
483
520
558
552
548
547
573
623
631
621
628
659
671
648
673
651
620
619
560
558
572
561
512
498
499
486
432
406
388
357
331
260
197
166
128
82
58
55
18
-10
-34
-32
-43
-91
-107
-108
-124
-154
-192
-245
-272
-322
-351
-338
-325
-367
-397
-419
-430
-437
-480
-513
-537
-582
-608
-587
-589
-604
-599
-630
-664
-618
-624
-619
-617
-641
-638
-656
-647
-630
-597
-572
-550
-547
-519
-489
-472
-405
-384
-362
-362
-327
-288
-247
-208
-214
-200
-177
-156
-121
-46
-5
38
70
105
183
248
273
317
355
393
411
440
464
535
599
643
636
661
671
668
704
744
774
768
774
758
783
816
826
802
780
743
735
753
746
674
668
640
558
566
522
488
453
393
357
298
293
269
274
247
198
144
96
74
31
-11
-33
-39
-70
-86
-154
-198
-210
-256
-281
-325
-365
-398
-433
-449
-463
-475
-490
-492
-554
-587
-607
-648
-668
-671
-665
-660
-678
-670
-646
-650
-661
-684
-685
-691
-695
-695
-668
-646
-654
-646
-649
-613
-569
-554
-526
-473
-456
-430
-381
-357
-313
-270
-241
-190
-167
-150
-79
-36
4
38
70
107
126
195
256
310
342
392
424
485
521
568
623
617
673
663
670
678
689
680
688
714
725
737
718
708
678
649
641
611
582
567
563
563
559
550
520
475
424
386
379
320
245
211
143
118
96
95
79
22
11
-9
-33
-75
-83
-78
-132
-170
-173
-189
-233
-229
-259
-286
-331
-372
-386
-406
-400
-428
-442
-443
-434
-415
-427
-435
-421
-450
-454
-475
-487
-481
-500
-495
-512
-492
-493
-488
-469
-453
-470
-454
-471
-458
-451
-469
-458
-461
-426
-399
-351
-323
-274
-254
-231
-186
-141
-143
-94
-59
-31
25
42
80
86
136
163
189
261
288
322
347
389
451
482
548
563
619
632
663
651
665
659
659
656
621
605
619
612
608
630
614
611
564
539
546
546
489
457
393
350
306
258
255
227
188
139
105
47
-6
-65
-99
-101
-164
-164
-149
-201
-225
-228
-251
-261
-314
-328
-342
-364
-383
-418
-403
-400
-408
-392
-364
-419
-423
-421
-425
-430
-434
-423
-444
-438
-398
-389
-385
-416
-441
-413
-401
-368
-354
-352
-330
-292
-260
-271
-257
-225
-230
-232
-212
-204
-207
-201
-176
-124
-127
-130
-86
-102
-50
-41
-14
32
39
92
129
119
109
162
194
263
266
256
248
258
258
289
341
380
401
365
394
373
361
408
415
449
424
411
421
436
451
469
450
433
423
379
378
387
376
356
305
274
255
207
200
205
171
149
134
122
142
126
111
86
78
44
15
-3
4
-41
-50
-90
-93
-89
-138
-126
-156
-194
-217
-211
-235
-227
-236
-291
-313
-278
-275
-276
-265
-311
-345
-360
-395
-367
-362
-368
-322
-321
-310
-307
-369
-413
-417
-403
-377
-364
-370
-377
-392
-371
-352
-340
-319
-348
-310
-302
-307
-269
-230
-180
-159
-138
-143
-155
-144
-94
-32
-21
9
38
90
136
179
197
168
173
202
249
282
311
304
315
332
342
360
390
403
415
442
464
470
458
458
446
438
453
477
454
426
431
446
426
404
412
371
335
287
285
301
263
246
212
199
141
128
141
161
137
112
65
39
38
-16
-54
-88
-110
-110
-119
-99
-93
-119
-119
-148
-151
-162
-179
-227
-260
-272
-258
-260
-289
-349
-355
-379
-407
-402
-394
-369
-398
-410
-415
-422
-431
-418
-397
-364
-393
-356
-341
-338
-326
-358
-305
-289
-266
-227
-214
-196
-203
-193
-165
-142
-134
-122
-111
-106
-59
-38
-8
26
55
84
70
81
136
133
130
149
163
209
226
256
307
289
265
265
270
307
294
281
304
327
314
318
346
301
290
295
277
250
263
249
203
194
197
212
187
163
173
172
151
162
155
97
120
122
93
106
148
136
73
117
96
50
11
-29
-37
-53
-54
-62
-53
-64
-65
-48
-47
-33
-58
-77
-81
-75
-84
-119
-172
-160
-166
-168
-112
-91
-118
-123
-129
-125
-108
-114
-111
-149
-167
-165
-187
-164
-129
-127
-128
-138
-157
-176
-161
-206
-201
-145
-132
-113
-103
-116
-114
-126
-102
-97
-112
-110
-100
-82
-74
-99
-101
-96
-111
-75
-45
-25
-3
-7
-10
6
18
2
51
65
38
58
56
68
60
74
97
107
106
122
134
163
145
156
152
117
103
102
105
142
124
79
104
121
144
122
99
92
74
82
39
46
99
74
81
91
78
65
31
74
63
58
40
6
16
12
33
23
-5
-9
13
12
34
36
19
23
12
-13
-5
-5
6
-5
-22
-11
-11
26
68
80
81
74
49
6
-32
-45
-4
63
37
11
-4
5
-5
8
24
-21
-32
-54
-49
-60
-89
-68
-79
-90
-114
-127
-134
-145
-185
-204
-194
-196
-184
-171
-151
-145
-114
-151
-177
-167
-128
-109
-120
-114
-129
-140
-142
-111
-83
-71
-55
-85
-66
-40
-39
-62
-12
36
27
10
5
14
12
52
61
68
107
148
147
139
146
160
155
145
151
151
175
169
159
170
107
101
92
77
86
106
131
111
97
92
83
106
90
81
90
67
97
79
71
76
96
108
99
72
56
69
69
71
71
52
34
17
4
-10
22
54
36
32
37
42
14
11
-12
-27
-40
-53
-20
-50
-79
-58
-50
-26
-26
-58
-56
-78
-117
-117
-120
-108
-110
-144
-154
-163
-148
-160
-195
-247
-253
-219
-182
-155
-140
-149
-147
-135
-162
-175
-172
-163
-162
-103
-70
-80
-119
-68
-63
-78
-35
-4
14
-28
-24
-51
-14
-2
-18
-6
25
45
19
22
-8
-12
20
66
68
89
70
44
81
97
96
109
146
156
156
134
141
117
130
126
121
109
116
163
151
155
155
143
129
131
121
128
148
139
115
109
117
129
112
121
151
133
142
121
109
138
142
128
112
113
128
118
124
120
100
74
59
46
40
43
19
-16
-34
-53
-85
-97
-107
-147
-161
-172
-162
-164
-178
-155
-164
-186
-191
-175
-173
-184
-211
-229
-258
-244
-230
-256
-225
-239
-234
-228
-247
-238
-217
-221
-220
-184
-177
-172
-191
-159
-150
-149
-109
-117
-84
-101
-96
-59
-57
-41
-48
-34
1
52
50
64
78
92
149
143
113
131
117
113
147
136
149
143
118
146
142
156
163
186
172
162
166
188
213
235
223
178
181
162
151
159
176
170
168
182
180
201
196
160
160
129
91
74
103
105
74
71
63
79
80
88
90
60
31
16
38
30
6
1
-11
-31
-26
-13
-1
-26
-42
-74
-103
-121
-132
-109
-99
-115
-141
-139
-125
-131
-116
-113
-130
-138
-184
-182
-188
-198
-190
-163
-169
-132
-118
-154
-140
-142
-139
-124
-124
-130
-138
-133
-141
-156
-176
-175
-152
-148
-158
-153
-168
-177
-172
-149
-97
-79
-50
-24
-18
-35
-31
-10
-37
-8
9
22
28
41
38
46
67
60
97
109
104
97
91
105
104
115
140
143
100
135
159
174
195
209
218
193
186
205
211
187
188
181
171
166
170
171
145
139
143
153
163
163
164
164
115
124
154
118
113
84
94
128
105
93
76
56
36
25
36
26
16
6
-1
-14
-10
-25
-42
-77
-105
-116
-112
-118
-132
-120
-138
-145
-173
-186
-159
-149
-183
-187
-190
-209
-180
-172
-181
-200
-200
-217
-231
-213
-206
-204
-223
-230
-221
-211
-201
-188
-191
-195
-197
-196
-188
-184
-154
-110
-80
-52
-41
-19
-14
-29
-16
-24
-20
-15
-13
28
22
11
27
52
73
89
106
114
119
147
162
176
194
188
202
205
189
154
170
179
159
165
184
170
149
174
180
199
200
183
201
182
167
169
172
147
161
162
158
137
118
119
120
123
102
96
91
85
64
65
76
72
60
53
57
40
20
19
1
-11
-37
-66
-23
-31
-50
-51
-85
-87
-107
-116
-117
-115
-132
-136
-132
-137
-135
-141
-135
-144
-161
-150
-165
-176
-171
-181
-185
-163
-156
-162
-157
-166
-131
-130
-118
-113
-113
-131
-172
-168
-175
-167
-154
-136
-127
-126
-115
-83
-84
-83
-78
-71
-69
-56
-33
-33
-23
-6
-9
-5
9
4
22
33
50
45
51
68
65
72
70
64
74
77
81
97
94
103
95
111
135
142
152
152
156
166
154
152
161
172
184
188
199
210
211
197
180
180
170
158
163
161
171
154
152
144
120
117
109
79
78
56
26
1
-17
-35
-31
-20
-37
-69
-81
-67
-46
-37
-27
-39
-64
-95
-112
-107
-107
-95
-115
-121
-106
-96
-82
-72
-98
-121
-138
-146
-148
-142
-145
-142
-119
-133
-127
-111
-115
-113
-92
-110
-101
-114
-118
-105
-97
-71
-72
-73
-71
-60
-63
-61
-84
-96
-80
-85
-56
-53
-61
-56
-49
-49
-41
-19
-16
-8
-4
-9
-28
-29
-11
16
34
54
80
82
88
92
87
97
113
113
125
120
106
109
102
110
148
144
124
119
98
102
113
131
140
135
152
141
149
158
137
128
135
128
129
128
110
102
66
75
90
89
59
62
56
26
21
11
3
16
1
-22
-16
-14
-12
-13
-22
-37
-37
-45
-65
-60
-62
-84
-86
-84
-69
-91
-123
-123
-140
-144
-125
-125
-127
-135
-152
-154
-142
-149
-141
-142
-158
-163
-155
-148
-162
-147
-175
-161
-145
-139
-130
-114
-114
-116
-98
-87
-71
-91
-75
-58
-57
-25
-27
-30
-21
-1
15
31
26
2
11
36
56
90
109
99
105
86
101
118
128
139
127
127
144
147
157
163
153
159
167
156
165
159
161
180
162
165
185
173
143
149
160
162
163
157
123
108
103
70
84
91
64
59
54
52
47
40
35
17
3
-10
-24
-18
-35
-42
-38
-50
-47
-71
-82
-78
-86
-97
-99
-109
-100
-103
-117
-115
-131
-133
-117
-137
-145
-136
-140
-129
-132
-148
-156
-156
-159
-152
-155
-137
-142
-142
-124
-135
-133
-137
-133
-138
-121
-102
-85
-88
-106
-96
-72
-68
-63
-55
-48
-40
-49
-49
-23
-23
-25
1
17
40
48
27
33
55
63
62
51
63
65
62
76
91
88
105
109
107
129
131
132
138
148
161
163
170
176
161
178
171
167
168
148
151
148
133
125
128
120
96
99
118
113
103
106
96
81
59
62
57
28
21
15
11
-7
-13
-15
-16
-9
-19
-14
-19
-36
-41
-41
-47
-56
-54
-55
-64
-79
-92
-106
-90
-91
-92
-97
-116
-126
-130
-133
-120
-97
-125
-129
-140
-150
-134
-121
-108
-111
-107
-122
-123
-93
-93
-108
-106
-123
-127
-106
-114
-114
-102
-93
-88
-88
-67
-60
-73
-64
-67
-58
-35
-20
-5
7
24
26
18
12
16
19
52
76
64
72
71
73
72
95
118
99
83
86
98
103
120
127
130
112
117
122
115
114
108
105
95
101
116
122
121
137
138
121
104
105
97
84
87
81
80
62
57
54
48
54
62
58
29
15
5
8
18
14
14
-7
-15
0
11
3
-7
-19
-44
-32
-31
-25
-21
-31
-47
-78
-70
-78
-91
-89
-105
-99
-109
-103
-114
-122
-120
-112
-105
-106
-101
-97
-98
-96
-72
-81
-88
-79
-77
-89
-75
-62
-74
-67
-53
-64
-78
-74
-51
-36
-30
-45
-61
-44
-31
-16
-11
-4
-1
-14
-20
-6
-5
-5
2
14
28
49
52
70
78
64
53
54
55
48
50
70
80
82
95
82
73
66
47
33
33
31
43
57
34
29
42
42
51
67
56
48
40
39
42
31
36
28
27
29
29
24
26
33
32
34
32
31
32
18
13
8
11
10
-9
3
-6
-5
-4
-33
-28
-29
-33
-35
-39
-33
-30
-27
-23
-20
-39
-41
-30
-48
-44
-41
-46
-44
-65
-48
-40
-40
-37
-37
-42
-50
-43
-51
-45
-33
-27
-21
-25
-22
-20
-32
-30
-13
-14
-22
-30
-32
-13
-2
11
14
27
19
23
27
29
29
25
31
29
39
45
50
58
56
49
31
37
36
25
26
22
17
13
25
22
21
27
29
29
34
38
27
26
17
13
3
4
8
2
-1
-2
17
19
17
13
14
6
6
14
6
5
1
11
17
8
22
18
-5
-10
-16
-19
-25
-27
-17
-13
-10
-15
-18
-25
-37
-30
-37
-27
-24
-30
-27
-42
-49
-62
-49
-47
-57
-52
-46
-42
-45
-41
-40
-32
-31
-31
-30
-40
-42
-35
-36
-27
-18
-27
-22
-14
-13
-6
-4
-12
-14
-2
-3
-8
-6
-1
6
-4
4
17
27
36
31
33
14
13
22
36
41
42
31
25
34
36
59
48
53
45
33
43
44
42
32
33
23
17
19
16
26
28
23
25
22
14
2
11
15
9
4
-3
2
5
23
27
14
10
2
-4
-2
5
8
16
16
12
10
7
3
10
10
9
11
0
-10
-2
20
12
11
29
11
10
7
7
6
2
3
-1
-5
-5
-4
-5
-13
-17
-11
-12
-15
-11
-12
-7
2
-3
-5
-12
-16
-14
-9
-20
-28
-33
-42
-32
-36
-31
-28
-34
-32
-35
-25
-17
-20
-33
-33
-42
-54
-41
-31
-26
-30
-34
-38
-28
-24
-16
-22
-24
-18
-15
-4
7
7
-3
-13
-12
-4
-4
0
-6
-6
-2
-14
-7
-2
-2
-1
-9
1
5
2
-1
-7
-13
-3
16
19
26
32
18
10
10
5
7
12
11
10
11
9
0
-1
6
8
23
34
26
31
36
27
25
21
20
23
24
17
17
21
27
38
48
38
44
41
41
34
24
23
32
40
39
50
44
52
40
22
23
20
24
19
12
19
6
-3
-6
-7
-14
-13
-15
-14
-11
-24
-22
-9
-19
-10
-13
-27
-29
-42
-42
-42
-39
-33
-40
-36
-31
-38
-35
-36
-26
-36
-50
-51
-55
-58
-51
-43
-32
-28
-24
-26
-25
-10
-17
-20
-22
-22
-27
-19
-15
-23
-14
-20
-23
-20
-12
-4
-9
-11
0
3
6
10
10
16
28
24
35
40
26
30
40
41
31
30
26
26
29
34
43
42
41
41
37
34
39
26
19
23
27
31
34
28
29
30
29
24
19
18
16
20
11
12
14
22
24
13
9
9
5
3
3
-4
-6
-3
-10
-7
-13
-24
-41
-41
-35
-27
-18
-16
-20
-35
-28
-21
-25
-18
-18
-31
-32
-28
-24
-24
-28
-29
-26
-29
-23
-17
-24
-24
-18
-17
-19
-17
-18
-33
-39
-32
-32
-18
-14
-19
-17
-29
-17
-27
-13
-6
-6
-9
-18
-15
-14
1
14
11
8
12
11
16
20
21
17
20
28
27
20
30
27
27
29
21
24
19
25
32
32
33
32
22
26
27
35
36
42
35
28
27
22
21
34
37
38
41
30
37
32
28
35
31
17
4
7
8
12
22
12
12
7
10
11
6
-3
-8
-1
1
1
-3
0
-9
-11
-15
-18
-33
-35
-20
-24
-21
-18
-30
-34
-33
-31
-26
-31
-33
-44
-44
-49
-49
-52
-54
-46
-53
-52
-49
-52
-46
-40
-41
-32
-34
-33
-33
-28
-31
-37
-37
-33
-34
-37
-36
-39
-41
-38
-33
-23
-19
-17
-13
-9
-12
-14
-5
2
11
26
29
22
13
25
26
28
32
31
30
24
35
45
50
52
51
54
46
56
61
55
58
68
71
60
60
48
42
42
48
51
50
44
44
47
47
53
53
49
47
33
27
27
27
36
34
26
24
20
20
15
9
-7
-21
-25
-19
-17
-9
-7
-18
-17
-21
-20
-18
-23
-36
-38
-43
-45
-41
-42
-41
-37
-37
-38
-41
-40
-44
-41
-42
-49
-51
-59
-53
-47
-46
-41
-34
-46
-44
-34
-39
-41
-45
-36
-36
-27
-18
-27
-27
-15
-16
-11
-2
-2
-7
-5
-2
-6
-5
-9
-4
9
10
10
14
16
10
9
12
13
9
7
8
18
23
29
32
28
26
19
30
33
32
35
29
28
36
35
28
25
27
36
35
30
36
41
35
27
33
30
35
35
34
26
28
18
15
17
14
11
4
4
6
2
-1
-1
-8
-15
-16
-18
-23
-28
-24
-21
-19
-20
-19
-18
-20
-20
-21
-20
-21
-21
-24
-11
-16
-18
-19
-18
-18
-21
-14
-15
-19
-23
-20
-17
-17
-15
-17
-18
-11
-7
-9
-6
-4
-2
-12
-14
-7
-14
-13
-10
-8
-15
-15
-13
-12
-8
-14
-19
-13
-10
-5
2
8
11
14
17
19
19
29
22
20
19
21
26
27
38
33
30
26
21
21
24
25
23
21
19
17
26
29
35
24
11
2
3
9
10
20
11
7
-1
-3
5
6
11
5
6
1
-1
-6
-6
1
6
7
4
2
1
-2
-19
-21
-17
-18
-12
-7
-5
-11
-12
-8
-10
-8
-1
-4
-5
-8
-10
-8
-17
-19
-23
-20
-19
-17
-13
-20
-27
-28
-32
-29
-32
-34
-29
-37
-30
-25
-21
-22
-29
-32
-33
-20
-22
-19
-18
-25
-23
-18
-16
-9
-3
-5
-8
-5
1
2
10
22
23
18
14
13
19
28
25
24
32
32
19
25
32
26
25
31
28
32
32
27
23
21
22
19
21
23
20
18
16
17
18
13
16
12
17
18
17
16
11
19
16
20
19
15
13
8
10
5
11
9
8
8
6
8
0
-1
0
1
12
1
-4
-7
-16
-14
-14
-9
-12
-12
-11
-23
-24
-13
-14
-8
-9
-8
-11
-22
-19
-16
-20
-17
-18
-23
-23
-23
-23
-22
-27
-28
-21
-20
-23
-25
-28
-24
-23
-15
-11
-19
-17
-22
-14
-21
-21
-20
-20
-15
-17
-11
-11
-12
-14
-10
-9
-7
-6
-6
-6
-2
2
3
0
1
-2
-4
4
6
0
0
6
13
11
11
12
17
18
14
19
16
14
11
16
17
11
12
12
19
23
29
27
27
22
20
23
20
22
27
26
29
27
30
35
31
30
27
31
25
27
26
27
25
21
18
21
19
11
7
10
6
3
10
9
3
5
9
6
4
5
3
-8
-8
-10
-14
-15
-21
-15
-18
-16
-10
-11
-16
-22
-29
-34
-31
-30
-34
-35
-30
-30
-29
-24
-28
-29
-25
-25
-19
-16
-15
-16
-18
-21
-19
-18
-15
-16
-12
-14
-19
-12
-8
-16
-18
-13
-11
-6
-4
-2
-5
-8
-2
-4
-6
-5
3
1
0
2
9
4
-3
6
8
5
3
3
2
8
6
4
10
