5
3
2
3
8
10
11
11
7
-2
-6
-11
-9
-3
-7
-6
-1
5
8
4
0
-2
-4
-12
-11
-6
-2
-5
-10
-6
-2
1
1
-4
-14
-14
-15
-11
-18
-19
-16
-11
-1
6
11
8
12
14
17
18
8
0
-13
-20
-18
-12
-11
-8
0
1
8
17
17
16
14
12
12
9
7
3
2
1
2
6
15
18
13
6
6
0
-4
2
3
5
0
-1
0
2
1
7
8
-2
-1
-8
-11
-8
-8
-12
-4
-1
-4
-6
-8
-1
6
13
11
10
8
1
-5
-5
-5
-5
-10
-8
0
8
16
18
22
27
19
11
8
12
7
4
5
0
0
-8
0
11
17
19
20
21
15
8
6
-4
-12
-9
-12
-16
-18
-15
-11
-18
-20
-19
-17
-18
-14
-8
-10
-15
-17
-17
-14
-9
-12
-18
-18
-18
-16
-11
-3
3
5
-1
-5
6
4
4
13
14
20
21
13
13
12
10
3
-3
0
3
8
5
3
0
1
10
15
22
25
20
9
3
5
13
16
3
2
-3
-13
-5
-9
-8
-5
-1
3
4
2
3
1
-5
-13
-21
-24
-24
-23
-21
-13
-6
-4
-3
-2
-2
-1
6
9
7
6
2
2
2
-5
-1
-1
-10
-18
-17
-7
7
12
10
9
3
2
-5
-4
-4
-8
-7
-9
-10
-9
-13
-16
-15
-18
-8
2
7
14
12
20
16
10
14
12
0
1
-2
-4
-1
-4
-3
-10
-8
2
6
14
13
7
1
-3
-7
0
4
6
13
11
8
8
2
1
-1
3
-1
6
16
17
19
13
3
-3
-10
-14
-6
-8
-6
-9
-23
-16
-10
-4
4
2
-1
-1
-8
-11
-12
-13
-18
-21
-19
-8
-3
-13
-19
-17
-11
-8
-4
4
5
6
0
-4
-6
-11
-13
-25
-24
-8
-2
-2
-1
0
1
5
9
14
12
12
11
4
11
18
16
8
7
-4
-7
4
12
19
17
21
15
14
21
24
23
16
0
-4
1
6
23
25
32
34
22
21
13
13
12
11
1
-3
0
-2
7
9
7
15
18
11
12
5
-1
-3
-10
-7
-1
7
8
0
-7
-7
-1
0
-5
-8
-9
-14
-20
-24
-27
-25
-35
-34
-28
-25
-24
-29
-33
-39
-43
-36
-38
-39
-28
-29
-15
-13
-12
-9
-10
-11
-18
-17
-21
-21
-14
-1
6
0
3
8
-1
-6
-2
5
10
10
9
10
16
27
35
41
41
41
43
40
32
29
26
26
32
41
56
74
71
68
71
69
57
52
46
37
33
28
27
26
21
22
20
18
11
5
-1
-7
-17
-23
-18
-33
-34
-33
-34
-38
-43
-41
-41
-47
-56
-66
-69
-76
-84
-87
-77
-76
-78
-75
-74
-65
-60
-64
-58
-54
-63
-59
-61
-61
-51
-41
-29
-13
-10
-7
-12
-15
-10
-12
-4
12
19
23
30
33
37
37
44
43
37
39
43
47
43
48
50
53
66
78
88
92
86
87
85
82
94
100
109
113
117
106
86
77
65
55
56
59
47
31
34
32
22
23
15
-5
-20
-21
-24
-36
-51
-50
-51
-56
-60
-58
-51
-52
-61
-75
-86
-84
-79
-85
-89
-89
-92
-95
-97
-99
-103
-103
-99
-100
-107
-115
-122
-127
-106
-92
-85
-73
-72
-61
-52
-52
-49
-44
-48
-49
-42
-37
-28
-5
5
5
23
27
31
38
49
62
61
54
47
48
48
58
65
70
78
81
76
90
104
99
105
115
129
136
137
138
137
132
124
122
131
142
150
173
187
170
150
134
127
116
118
120
111
93
65
34
5
-3
-5
-13
-19
-18
-18
-26
-41
-65
-69
-73
-77
-83
-80
-79
-86
-95
-118
-131
-146
-152
-141
-139
-146
-159
-180
-200
-207
-202
-195
-169
-151
-158
-165
-182
-189
-189
-186
-151
-135
-112
-83
-72
-74
-69
-61
-66
-58
-46
-30
-25
-18
-14
-23
-22
-16
-12
11
35
46
58
47
39
28
24
42
63
80
83
84
74
73
84
93
104
122
130
130
121
111
105
96
110
133
151
161
166
148
131
118
115
118
146
169
178
179
159
132
131
135
137
153
173
188
193
183
160
144
130
138
146
139
148
110
65
39
-4
-15
-27
-45
-44
-41
-40
-59
-89
-90
-103
-113
-106
-99
-99
-113
-135
-165
-184
-209
-221
-218
-213
-195
-192
-215
-257
-293
-318
-331
-320
-288
-250
-228
-209
-194
-183
-180
-172
-168
-155
-145
-143
-133
-155
-179
-179
-155
-116
-70
-24
6
8
6
21
26
12
-3
-5
8
31
55
65
55
44
32
5
20
62
89
119
128
133
155
148
150
174
175
178
185
173
176
163
146
138
127
138
149
159
167
170
175
185
184
192
190
182
177
168
171
174
180
175
158
148
153
152
173
201
222
251
264
242
216
196
186
156
146
149
129
104
78
56
35
-16
-58
-75
-104
-99
-94
-106
-109
-129
-168
-189
-194
-191
-186
-193
-191
-191
-212
-237
-253
-265
-290
-298
-306
-333
-336
-338
-348
-372
-385
-385
-380
-363
-347
-363
-371
-364
-342
-290
-245
-220
-214
-217
-220
-221
-216
-204
-171
-149
-110
-72
-49
-27
-29
-25
-24
9
72
106
137
143
131
106
77
65
66
100
132
171
194
211
218
204
200
218
231
219
242
269
294
307
317
314
308
313
281
264
246
223
212
198
212
221
255
261
244
231
214
211
231
265
287
257
238
218
187
194
227
277
336
382
379
394
345
275
213
175
174
177
161
141
102
22
-39
-80
-97
-99
-105
-125
-149
-188
-238
-253
-268
-268
-250
-238
-234
-259
-311
-352
-395
-442
-460
-461
-440
-421
-421
-424
-449
-500
-533
-540
-510
-459
-433
-468
-479
-488
-492
-481
-463
-412
-359
-291
-226
-201
-188
-188
-191
-186
-169
-127
-83
-47
-32
-40
-20
3
31
55
100
126
115
121
145
142
110
117
156
203
255
286
299
281
271
269
299
345
358
344
314
318
360
388
425
436
411
375
343
334
346
341
338
312
286
281
251
245
249
243
252
206
208
270
324
352
318
279
295
291
310
395
460
525
541
487
377
268
175
147
183
200
207
186
110
-2
-132
-189
-203
-222
-226
-212
-228
-294
-373
-444
-463
-458
-408
-381
-377
-348
-351
-369
-426
-496
-570
-592
-601
-606
-626
-659
-696
-764
-798
-782
-743
-694
-664
-627
-599
-583
-566
-565
-521
-493
-469
-420
-375
-319
-276
-290
-273
-264
-250
-188
-100
-26
25
41
56
91
131
153
189
227
233
251
238
241
255
270
320
371
440
487
505
529
541
546
547
526
559
587
594
630
639
656
622
572
550
546
546
550
536
520
540
545
522
465
428
405
386
410
407
351
341
364
388
414
447
455
413
351
309
353
446
529
598
581
498
350
218
136
146
167
182
132
-6
-139
-302
-396
-435
-459
-458
-425
-413
-468
-511
-567
-657
-702
-694
-659
-645
-670
-740
-812
-836
-896
-942
-966
-971
-962
-978
-944
-949
-996
-1045
-1145
-1164
-1106
-1039
-947
-875
-883
-898
-885
-865
-804
-746
-660
-549
-483
-363
-252
-198
-202
-180
-166
-120
-3
125
249
310
344
346
319
344
368
454
575
655
684
674
704
736
759
834
868
903
922
918
962
972
977
994
1004
967
958
973
993
961
945
899
837
818
803
797
777
764
748
699
594
537
531
473
440
402
343
338
276
219
238
284
366
400
341
334
290
227
229
369
516
617
641
561
408
160
77
-3
-34
25
13
-61
-225
-438
-649
-765
-813
-788
-733
-671
-639
-659
-703
-780
-873
-954
-944
-855
-778
-795
-898
-958
-1087
-1155
-1202
-1176
-1207
-1266
-1243
-1181
-1161
-1234
-1280
-1344
-1317
-1265
-1127
-965
-868
-789
-805
-914
-951
-873
-799
-666
-486
-302
-192
-185
-183
-190
-258
-180
-86
1
208
326
336
326
314
301
375
475
572
666
788
830
815
756
740
757
816
948
1049
1115
1122
1061
1034
1062
1090
1170
1264
1314
1274
1154
1070
1017
1006
991
1048
1044
1056
1028
975
953
848
762
716
640
628
607
631
675
619
569
502
436
450
497
555
624
537
435
324
217
259
389
520
570
506
367
199
-12
-194
-221
-235
-255
-243
-328
-436
-590
-813
-971
-1079
-1158
-1205
-1147
-1085
-1058
-1157
-1278
-1329
-1397
-1388
-1312
-1256
-1236
-1269
-1342
-1463
-1555
-1671
-1716
-1723
-1692
-1559
-1381
-1373
-1464
-1519
-1577
-1600
-1577
-1427
-1236
-1037
-958
-890
-815
-845
-905
-910
-750
-569
-358
-148
-17
17
41
120
204
432
544
666
853
863
828
878
884
918
978
1018
1096
1185
1271
1300
1339
1296
1265
1336
1460
1659
1777
1910
1969
1873
1745
1663
1591
1557
1557
1594
1585
1567
1530
1383
1348
1377
1340
1334
1307
1229
1161
1008
877
735
603
556
547
455
405
365
320
225
29
-52
-138
-159
-155
-80
-23
-98
-215
-314
-455
-484
-407
-238
-59
-45
-95
-264
-533
-724
-856
-817
-734
-741
-754
-874
-1082
-1212
-1354
-1523
-1541
-1599
-1560
-1503
-1503
-1541
-1615
-1685
-1658
-1584
-1583
-1501
-1392
-1289
-1269
-1307
-1405
-1587
-1733
-1712
-1710
-1663
-1425
-1242
-1113
-1077
-1138
-1193
-1272
-1150
-983
-779
-543
-381
-292
-314
-329
-342
-387
-310
-91
113
345
520
649
685
768
863
992
1178
1286
1461
1602
1675
1614
1485
1370
1391
1456
1610
1801
1897
1872
1696
1554
1519
1541
1606
1667
1681
1688
1685
1738
1755
1565
1305
1204
1136
1197
1282
1319
1301
1143
1001
918
789
732
690
603
494
334
250
110
-59
-170
-158
-115
-126
-93
-150
-275
-379
-394
-485
-601
-697
-767
-666
-564
-596
-544
-606
-722
-756
-745
-528
-280
-120
-201
-297
-449
-619
-738
-794
-719
-684
-810
-902
-1045
-1244
-1282
-1332
-1404
-1365
-1340
-1278
-1086
-1042
-1012
-1075
-1160
-1141
-1135
-1076
-1003
-929
-896
-895
-974
-1032
-1035
-981
-972
-967
-930
-871
-768
-663
-601
-606
-604
-586
-581
-526
-329
-163
6
132
164
79
-3
-71
14
217
296
401
445
446
540
661
790
959
1043
1048
1071
1079
1190
1233
1149
1135
1150
1175
1145
1154
1243
1244
1171
1117
1124
1082
1103
1165
1228
1360
1422
1386
1339
1368
1337
1133
987
843
751
755
598
504
457
345
335
331
232
202
153
114
97
102
63
-38
-190
-328
-328
-292
-287
-413
-553
-660
-742
-769
-769
-764
-719
-641
-532
-520
-579
-598
-600
-611
-535
-339
-241
-160
-144
-190
-228
-412
-503
-572
-572
-460
-313
-222
-246
-464
-691
-837
-996
-1084
-1056
-986
-779
-550
-454
-385
-456
-607
-650
-652
-641
-607
-507
-386
-363
-388
-476
-546
-667
-786
-752
-627
-419
-201
-145
-218
-250
-354
-347
-332
-355
-264
-197
-105
57
162
203
204
149
182
291
490
740
972
1041
1060
990
920
874
923
979
1014
1079
1080
1120
1137
993
843
763
724
843
961
1065
1140
1091
1017
887
634
448
369
392
453
434
490
510
424
340
211
148
64
-127
-267
-388
-416
-440
-430
-380
-455
-588
-661
-705
-713
-657
-679
-731
-861
-990
-1017
-1007
-971
-874
-884
-880
-890
-819
-691
-694
-612
-564
-578
-473
-342
-271
-182
-213
-161
-108
16
186
483
506
223
390
843
998
901
674
450
358
214
238
574
1327
1740
1309
519
21
-139
-130
204
665
969
921
459
25
-158
-209
-111
-160
-150
-68
-14
-33
-89
-403
-703
-593
-812
-944
-882
-255
173
-33
-101
-113
-401
-1422
-1893
-1363
-376
271
275
543
688
244
-689
-1318
-998
-409
-110
96
700
1215
1141
706
527
436
560
434
511
861
1196
1296
671
183
-230
-145
-198
-406
-479
-437
-584
-1023
-1225
-1261
-1363
-1545
-1584
-1419
-1026
-861
-899
-833
-619
-382
-481
-592
-486
-240
-21
172
208
175
-56
-237
-257
-303
-290
-391
-500
-461
-229
-44
-11
-157
-333
-318
-241
-115
243
472
1334
3428
5751
6746
5384
3094
1098
197
239
1907
5369
7819
7192
3710
57
-2856
-5473
-6716
-5547
-3223
-2338
-3214
-3646
-3810
-4641
-6563
-7826
-6929
-5140
-2287
993
3727
4501
3096
1312
619
1406
3112
5338
7473
8444
7902
6212
3866
1772
232
-785
-1179
-1044
-785
-804
-1680
-3152
-4961
-7010
-8637
-8771
-7189
-4886
-2873
-1493
-1052
-1251
-1517
-985
672
2476
4238
5867
7061
7614
7464
6849
5798
4517
3424
2621
2363
1813
762
-542
-2298
-4290
-6081
-6991
-7331
-7274
-6732
-6002
-5324
-4783
-4334
-3681
-2785
-1607
-80
1602
3187
4373
5358
5987
6145
6020
5796
5305
4707
3925
3116
2307
1115
-300
-1675
-2868
-3871
-4820
-5591
-6086
-6322
-6219
-5523
-4880
-4149
-3343
-2524
-1533
-244
1241
2520
3708
4531
5137
5814
6227
6688
6730
6524
5676
5725
6925
7484
6382
3480
398
-2249
-4074
-4441
-2720
-67
512
-1255
-3939
-6755
-8810
-9641
-8512
-5816
-3179
-1754
-842
359
938
769
183
7
1234
3271
5602
7747
8947
8295
5817
2928
985
358
388
711
1264
920
-1014
-3725
-5885
-7150
-8127
-8510
-7630
-5867
-4373
-3286
-2273
-1642
-1988
-2737
-2469
-608
2135
4731
6874
7909
7608
6181
4771
3985
3717
3552
3353
3239
2595
1266
-518
-2563
-4594
-6289
-7080
-6932
-6107
-5058
-4256
-3839
-3826
-3795
-3399
-2492
-937
972
2726
4226
5152
5448
5203
4686
4100
3642
3411
3350
3080
2425
1406
-82
-1680
-3083
-3966
-4333
-4452
-4455
-4422
-4386
-4314
-4174
-3564
-2567
-1510
-374
633
1889
2926
3726
4328
4503
4732
4698
4748
4791
4945
4753
4212
3595
2612
1729
978
2143
4361
5040
3736
1033
-1620
-3516
-4383
-3590
-618
2358
2767
1158
-1397
-4046
-6027
-6968
-6151
-4110
-2534
-1502
-183
1034
1147
51
-1765
-2892
-2426
-878
1708
4454
6030
5581
3275
886
-469
-1149
-1354
-1007
-347
-57
-677
-1731
-2664
-3821
-5517
-6792
-6688
-5469
-3623
-1581
65
787
273
-930
-1435
-754
963
2932
4762
5745
5519
4420
3219
2176
1338
976
916
1075
1177
728
-268
-1621
-3175
-4361
-4881
-4808
-4118
-3097
-2092
-1419
-1081
-933
-784
-527
-90
777
1920
3110
3886
4201
4193
3820
3135
2242
1583
1231
985
596
27
-489
-785
-1238
-1960
-2449
-2581
-2712
-2606
-1947
-1007
-224
102
253
543
823
1157
1606
2267
2624
2900
2857
2563
2223
1841
1584
1651
1562
1477
1260
1689
4022
6025
6252
4631
1988
-714
-2300
-2793
-1385
1919
3951
3030
349
-3160
-6210
-8039
-8748
-7957
-6243
-4852
-3208
-981
576
829
-328
-2083
-2956
-2456
-134
3499
6564
7663
6855
4836
2882
1265
-130
-534
-194
-16
-429
-862
-1328
-2317
-4338
-6554
-7697
-7608
-6720
-4764
-2258
-105
573
109
-115
-105
406
1388
2924
4569
5576
5799
5657
5069
3585
1801
567
-188
-518
-473
-326
-514
-1194
-2569
-3807
-4453
-4642
-4405
-3634
-2471
-1396
-593
41
528
845
903
931
1218
1846
2596
3244
3639
3530
2936
2144
1514
983
330
191
140
-310
-688
-694
-947
-1247
-1808
-1878
-1471
-942
-699
-597
202
667
340
453
1248
1834
1755
937
1101
1605
1434
1058
1401
1602
1561
1280
941
1099
3038
5479
6639
6087
4404
2033
-149
-1759
-2185
-255
2248
2743
1124
-1477
-4189
-6444
-8458
-9363
-8641
-7060
-5534
-3490
-959
1208
1666
221
-1365
-1653
-398
1584
3932
6367
7792
7119
5358
3671
2024
76
-2020
-3309
-3530
-3126
-2942
-3028
-3391
-4343
-5886
-7163
-7315
-6244
-4403
-2540
-538
1394
2994
3570
3672
3648
3443
3194
3118
3573
4477
5348
5325
4468
3021
820
-1416
-3012
-3918
-3813
-3266
-2696
-2152
-1684
-1650
-2001
-2341
-2875
-2872
-2212
-958
732
2494
3726
4135
3813
3167
2102
1432
1731
1516
1438
2359
2501
1601
1280
628
-644
-1551
-2109
-1996
-1374
-767
-257
280
583
260
-334
-582
-437
-267
63
787
1774
2091
1713
1424
1010
301
-167
-259
121
858
1267
1481
1782
1702
3401
5943
6845
5809
3708
1288
-879
-2109
-2397
-495
1869
2068
493
-1942
-4501
-6722
-8827
-10123
-9689
-8095
-6284
-3692
-399
2287
3123
1764
30
-562
-140
1139
3086
5230
6795
6925
5825
4229
2120
-955
-4273
-6438
-6845
-6075
-4990
-3969
-3303
-3385
-4338
-5228
-5122
-4254
-2866
-1238
738
3180
5149
6356
6830
6708
5696
4090
2685
2080
2257
2329
2464
2480
2054
909
-806
-2446
-3648
-4359
-4610
-3892
-2066
-250
1121
1878
1908
1177
321
-487
-901
-298
735
1711
2503
3258
3242
2441
1155
-266
-1204
-1553
-1621
-954
336
1299
1849
1499
657
-151
-1127
-1706
-1826
-1331
-424
358
924
1408
1390
824
-105
-888
-1120
-1037
-625
-158
1048
1553
1274
859
612
439
456
518
921
1506
2739
5530
7753
7926
6212
3706
670
-1627
-3015
-2569
-229
1086
214
-1543
-3411
-5500
-7794
-9912
-10654
-10031
-8779
-6201
-2002
2386
4973
5107
3853
2808
2203
1755
1876
2854
3748
4265
4679
4723
4100
1758
-1990
-5759
-8424
-9440
-8880
-7471
-5571
-3714
-2599
-1886
-1314
-994
-823
-751
-462
839
3010
5195
7156
8307
7914
6317
4110
1879
194
-948
-1715
-1769
-1372
-846
-227
370
392
-340
-1564
-2723
-3253
-2720
-1346
397
2456
3982
4309
3668
2381
632
-829
-1716
-1833
-1180
77
1247
2033
2416
2238
1249
-175
-1288
-1756
-1348
-482
638
1833
2411
2169
1603
894
-118
-1267
-2201
-2493
-2319
-1664
-617
320
676
500
-55
-574
-1016
-957
-638
16
550
833
1314
1660
2097
2145
2060
1619
1759
4182
7049
8067
6884
4628
1685
-1402
-3864
-4400
-2480
-701
-1060
-2184
-3142
-4168
-5924
-8357
-9779
-9786
-9089
-7252
-3221
1874
5713
6934
6277
5429
4483
3086
1891
1447
1385
1317
1640
2432
2983
1988
-933
-4327
-7054
-8851
-9424
-8813
-7187
-5075
-3034
-1052
1045
2699
3381
3158
2614
2204
2313
3013
4180
5438
5990
5712
4678
3041
1113
-872
-2766
-4212
-4726
-4308
-2964
-701
1532
2932
3093
2121
574
-750
-1326
-1218
-229
1573
2968
3559
3505
2758
1276
-626
-2219
-3110
-3192
-2508
-1199
554
2193
2975
2734
1874
860
-71
-853
-1092
-659
-107
465
1112
1548
1336
466
-859
-1977
-2805
-2922
-2548
-1650
-573
232
819
893
833
569
279
-78
-300
-448
-220
233
1053
1845
2547
2716
4033
6623
7944
7573
5674
3489
701
-2155
-3905
-3056
-899
-54
-699
-1704
-2809
-4399
-6833
-9061
-9940
-10019
-9447
-6821
-1891
3165
6488
7438
7028
6235
4830
3039
1880
1360
866
523
1022
2269
2995
1905
-713
-3622
-6412
-8687
-9736
-9354
-7870
-6136
-3990
-1206
1726
3889
4835
4807
3804
2343
1230
1031
1874
3123
4246
5008
5046
4179
2631
686
-1605
-3695
-5121
-5250
-3936
-1377
1417
3482
4455
4112
2668
978
-417
-1478
-1841
-1442
-858
-372
280
683
456
-308
-1226
-2134
-2615
-2487
-1867
-606
839
1946
2786
3293
3351
2951
2111
1078
43
-894
-1281
-1077
-592
-256
-91
-239
-657
-1247
-1962
-2266
-2460
-2379
-1845
-857
398
1295
1887
2013
1911
1540
954
669
556
939
1306
1662
2213
4353
7461
9060
8710
6930
4562
1195
-2249
-4147
-3638
-2002
-1400
-1918
-2244
-2595
-3765
-5930
-7995
-9344
-10441
-10783
-8703
-3923
1373
5219
7324
8458
8582
7459
5368
3330
1617
-108
-1184
-775
884
2288
2261
797
-1481
-4192
-7040
-9131
-9951
-9685
-8690
-6674
-3539
123
3417
5627
6539
6101
4605
2760
1392
681
678
1239
2040
3069
3932
4326
3674
2022
-448
-3147
-4989
-5422
-4223
-1953
697
2902
4117
4380
3865
2482
593
-1119
-2308
-3145
-3236
-2442
-1184
-33
731
952
783
429
-251
-816
-911
-761
-474
231
1316
2506
3237
3254
2579
1360
-151
-1303
-1998
-2487
-2562
-2270
-1682
-977
-274
351
570
49
-979
-1710
-1830
-1480
-897
286
1523
2365
2402
2256
2106
1600
743
96
-36
286
554
2211
5941
8815
9547
7940
5781
2949
-704
-3639
-4498
-3323
-2443
-2808
-2984
-2576
-2710
-4149
-6285
-7790
-8849
-9795
-9202
-6028
-1366
2911
5959
7857
8875
8907
7581
5415
3258
1131
-791
-1924
-1643
-282
726
597
-399
-1844
-3836
-6256
-8308
-8994
-8694
-7838
-6085
-3046
722
3963
6064
7002
6801
5369
3203
1348
455
237
287
630
1376
2487
3160
3031
2042
416
-1459
-3349
-4207
-3762
-2226
-608
390
1281
2025
2185
1797
926
-208
-1553
-2861
-3364
-2872
-1834
-794
116
932
1556
2010
2234
1995
1311
325
-492
-654
-214
521
1248
1625
1459
1028
481
-282
-1328
-2192
-2698
-2891
-2492
-1263
294
1420
1592
1424
1191
635
-78
-573
-489
-427
-252
157
1031
1835
2143
1883
1466
976
583
494
2052
5320
7874
8719
7997
6788
4654
1453
-1379
-2650
-2518
-2819
-3922
-4541
-4501
-4575
-5617
-6970
-7695
-8298
-9206
-8903
-6225
-2197
1493
4243
6442
8017
8624
8068
6728
5318
3506
1068
-809
-1419
-1133
-751
-994
-1492
-2387
-4104
-6197
-7608
-8103
-8281
-8043
-7004
-4834
-1935
1047
3653
5577
6371
5938
4868
3940
3280
2611
2002
1479
1340
1568
2116
2598
2466
1682
322
-1119
-2308
-2739
-2631
-2557
-2380
-1890
-1051
-93
760
1182
1077
460
-498
-1252
-1555
-1403
-988
-475
193
1087
2036
2874
3239
2831
1929
870
19
-622
-853
-738
-555
-341
-54
152
129
-141
-758
-1185
-1352
-1312
-1117
-722
-269
50
234
164
128
338
618
503
522
592
637
619
606
659
707
698
485
781
1462
3109
5725
7950
8569
7612
6008
3602
784
-1677
-3051
-2895
-2789
-3505
-3938
-3788
-3763
-4657
-6212
-7420
-8205
-8991
-8849
-6600
-2777
1053
4003
6097
7817
8819
8377
6999
5312
3192
638
-1568
-2661
-2495
-1813
-1399
-1356
-1688
-2503
-3822
-5249
-6363
-7026
-7224
-7026
-5741
-3248
-188
2730
4892
6242
6653
6131
4947
3719
2617
1409
46
-739
-591
384
1299
1742
1919
1717
1046
2
-767
-1385
-1865
-2251
-2642
-2386
-1359
-509
137
706
1000
866
274
-439
-846
-1042
-1224
-1186
-621
407
1571
2478
2827
2883
2637
1750
662
44
-492
-962
-1140
-1234
-1088
-715
-494
-461
-102
225
174
-65
-222
-155
-356
-740
-936
-705
-435
-84
486
1177
1782
1830
1530
1106
811
345
-189
-239
301
1091
2469
4955
7380
8656
8261
7003
5003
2387
-443
-2451
-2950
-3193
-3826
-4521
-4529
-4084
-4227
-5216
-6025
-6558
-7541
-8171
-7219
-4757
-1888
623
2763
4919
6787
7730
7644
6825
5325
2999
513
-1355
-2109
-2326
-2407
-2516
-2627
-2740
-3127
-3772
-4403
-4951
-5529
-5914
-5767
-4733
-3157
-1453
275
1882
3368
4501
5059
5220
5085
4498
3471
2319
1424
761
391
111
201
604
974
1214
1211
973
502
-377
-1518
-2386
-2932
-3317
-3491
-3041
-2043
-978
18
843
1490
1844
1842
1677
1475
1261
971
746
718
962
1377
1793
2168
2434
2233
1516
609
-487
-1506
-2372
-2942
-3056
-2647
-1687
-657
358
1312
1927
1970
1447
725
-136
-746
-975
-804
-424
17
567
1076
1581
1766
1595
1079
616
427
319
678
2190
4339
6008
6563
6559
5994
4656
2708
768
-219
-1011
-2335
-3988
-5081
-5459
-5758
-6397
-6925
-6837
-6748
-6768
-6115
-4438
-2553
-1012
240
1362
2513
3500
4175
4486
4476
4065
3350
2449
1645
963
329
-541
-1654
-2710
-3626
-4267
-4722
-4971
-4764
-4375
-4088
-3783
-3179
-2378
-1606
-873
-102
815
1587
2283
2953
3826
4514
4805
4740
4347
3871
3271
2639
2083
1670
1081
522
246
67
-28
-250
-642
-1319
-2155
-2874
-3324
-3414
-3266
-2790
-2089
-1218
-107
1121
2188
2987
3369
3224
2884
2557
2117
1675
1315
910
558
396
340
219
98
-298
-901
-1411
-1672
-1863
-1920
-1787
-1503
-1125
-620
-192
123
385
543
705
773
981
950
867
706
442
345
149
193
97
214
488
971
1475
1755
2577
3626
4777
5217
5005
4495
3583
2447
1139
403
-7
-699
-1896
-3069
-3876
-4579
-5399
-6195
-6579
-6715
-6719
-6192
-5004
-3393
-2035
-1088
-294
481
1259
1900
2348
2606
2816
2833
2754
2653
2517
2210
1438
412
-721
-1707
-2633
-3296
-3579
-3647
-3522
-3519
-3529
-3431
-3188
-2670
-1954
-1293
-766
-221
439
1189
2189
3225
3929
4225
4223
4274
4439
4538
4384
3898
3064
2233
1532
934
391
-214
-917
-1739
-2387
-2826
-2924
-2916
-3018
-3029
-2800
-2222
-1387
-510
392
1159
1648
2006
2512
2978
3163
3108
2769
2257
1598
977
357
-225
-714
-1031
-1090
-941
-793
-769
-598
-524
-585
-684
-891
-1147
-1363
-1339
-1060
-480
13
410
889
1101
1237
1237
1216
826
370
-26
45
460
829
1302
1541
2132
2886
3871
4595
4720
4420
3507
2497
1536
762
209
-344
-1197
-2403
-3466
-4302
-4879
-5423
-6077
-6334
-6062
-5388
-4586
-3720
-2933
-2217
-1691
-1171
-450
254
915
1284
1656
2105
2646
3021
2976
2701
2244
1726
1017
211
-557
-1221
-1922
-2604
-3156
-3466
-3575
-3648
-3486
-3002
-2375
-1808
-1364
-845
-257
490
1349
2179
2895
3462
3825
4228
4700
4835
4724
4237
3606
2953
2304
1786
1225
554
-293
-1075
-1655
-2065
-2376
-2709
-2911
-2955
-2786
-2453
-1819
-1088
-511
11
496
1139
1844
2342
2552
2422
2135
1700
1221
970
624
279
-37
-225
-201
-237
-265
-354
-594
-938
-1272
-1577
-1837
-2057
-2153
-2030
-1687
-1272
-707
-195
206
563
684
850
848
595
382
506
840
1141
1483
1793
2032
2028
2090
2608
3407
3900
3758
3374
2870
2477
2068
1442
1097
574
-370
-1531
-2495
-3182
-3908
-4700
-5330
-5509
-5238
-4652
-4105
-3721
-3301
-2669
-2022
-1492
-857
-195
238
570
1103
1907
2596
2854
2774
2593
2428
2191
1816
1183
381
-552
-1413
-2013
-2402
-2631
-2875
-2995
-3027
-2880
-2525
-2175
-1913
-1707
-1210
-451
371
1252
2185
2956
3545
3971
4216
4194
3955
3533
3043
2706
2288
1769
1283
823
326
-177
-697
-1268
-1817
-2281
-2701
-2947
-2975
-2826
-2587
-2224
-1651
-798
131
976
1649
2059
2257
2150
1892
1613
1271
874
476
275
321
432
535
646
654
508
215
-273
-754
-1172
-1491
-1658
-1748
-1731
-1679
-1576
-1378
-1091
-700
-240
78
286
439
688
988
1337
1567
1835
1958
1831
1698
1485
1491
1821
2483
3019
3184
3235
3198
3035
2669
2239
1802
1070
67
-971
-1881
-2647
-3557
-4465
-5095
-5264
-5048
-4805
-4530
-4350
-4196
-3737
-2914
-2001
-1310
-810
-259
379
1212
2064
2694
2956
2827
2659
2654
2653
2329
1602
628
-186
-748
-1038
-1346
-1742
-2129
-2543
-2699
-2596
-2363
-2133
-2069
-2006
-1623
-915
44
1038
1737
2272
2796
3227
3430
3379
3242
2948
2579
2256
1994
1823
1623
1353
1124
855
524
31
-716
-1568
-2392
-2933
-3312
-3609
-3676
-3396
-2874
-2229
-1435
-563
386
1079
1397
1497
1515
1458
1302
1170
1052
864
627
563
499
372
299
51
-313
-700
-962
-926
-801
-735
-757
-887
-977
-1114
-1162
-1008
-1002
-1035
-1102
-874
-396
140
721
1171
1664
1924
2138
2278
2275
2198
2080
2065
2185
2718
3294
3633
3618
3311
3028
2621
2127
1620
1176
699
38
-594
-1150
-1723
-2621
-3558
-4146
-4392
-4573
-4867
-5024
-4810
-4294
-3609
-2734
-1862
-1143
-565
227
1202
2174
2784
3020
3047
2940
2808
2520
2121
1413
577
-103
-518
-834
-1215
-1622
-1958
-2162
-2348
-2409
-2365
-2292
-2156
-1797
-1170
-491
113
602
1035
1471
1831
2110
2164
1934
1574
1293
1288
1390
1458
1464
1484
1637
1897
1972
1725
1167
415
-472
-1355
-2036
-2615
-3257
-3779
-3878
-3561
-2944
-2405
-1940
-1400
-940
-383
141
710
1229
1459
1572
1654
1820
1796
1611
1347
898
401
-39
-459
-736
-841
-841
-770
-795
-762
-755
-684
-650
-737
-843
-962
-967
-802
-514
-187
266
489
614
897
1046
1264
1447
1528
1676
1935
2194
2515
3013
3636
4306
4527
4428
3868
3122
2599
1991
1539
1144
608
174
-370
-1014
-1629
-2534
-3400
-3976
-4287
-4298
-4333
-4336
-4235
-3938
-3327
-2761
-2172
-1500
-815
90
1091
1911
2494
2537
2365
2251
2098
1921
1580
1122
702
371
290
80
-397
-981
-1632
-2126
-2331
-2468
-2455
-2341
-2137
-1691
-1164
-545
-2
400
818
1099
1190
1069
740
442
224
185
413
761
1220
1590
1864
2039
2103
1864
1470
1013
444
-134
-743
-1288
-1950
-2426
-2918
-3262
-3264
-3107
-2834
-2532
-2098
-1680
-1225
-616
38
582
1063
1444
1774
2117
2179
1936
1612
1263
707
195
-104
-424
-715
-799
-829
-723
-549
-494
-536
-517
-405
-356
-166
66
129
224
273
261
223
177
211
309
564
849
1204
1530
1884
2320
2748
3263
3726
4287
4641
4742
4556
4090
3465
2809
2158
1553
1024
528
91
-407
-962
-1754
-2622
-3286
-3587
-3667
-3716
-3930
-4135
-3953
-3602
-3124
-2562
-2067
-1669
-1194
-541
258
885
1138
1027
985
1209
1447
1610
1623
1505
1261
1048
824
350
-342
-1034
-1617
-1967
-2219
-2433
-2489
-2387
-2048
-1553
-1051
-802
-650
-515
-277
2
147
141
145
249
471
918
1210
1269
1176
1199
1388
1457
1383
990
473
43
-351
-639
-842
-1101
-1451
-1642
-1685
-1697
-1789
-1942
-2120
-2136
-1919
-1679
-1430
-957
-414
62
530
955
1251
1386
1472
1482
1352
1203
941
631
427
279
151
50
-16
2
202
350
369
308
171
46
-53
-72
-178
-230
-228
-151
68
334
569
769
1036
1227
1421
1629
1825
2158
2500
2743
2968
3224
3606
3920
4062
3845
3282
2563
2017
1684
1380
1048
621
140
-222
-622
-1241
-2001
-2766
-3127
-3233
-3155
-3083
-3246
-3202
-3040
-2817
-2454
-2391
-2454
-2412
-2037
-1289
-566
-17
304
528
909
1425
1848
2093
1903
1548
1217
807
428
-215
-893
-1416
-1827
-2011
-2022
-1960
-1816
-1631
-1416
-1151
-1066
-928
-768
-514
-162
23
168
272
344
578
758
745
606
433
414
464
502
333
145
36
7
97
315
496
287
44
-270
-550
-924
-1306
-1590
-1724
-1690
-1735
-1669
-1452
-1147
-886
-565
-312
-161
128
496
864
1148
1258
1152
1131
1204
1322
1427
1390
1105
756
556
361
176
-22
-206
-321
-303
-188
-154
-29
31
176
363
481
590
705
887
1104
1380
1598
1827
2008
2273
2410
2492
2597
2528
2572
2743
3095
3186
2904
2259
1635
1253
998
815
481
122
-199
-316
-555
-846
-1447
-2124
-2411
-2446
-2349
-2507
-2957
-3397
-3477
-3347
-3245
-3231
-3271
-3115
-2488
-1516
-670
-77
207
442
809
1232
1465
1431
1113
803
654
488
273
-143
-568
-908
-1043
-1156
-1332
-1541
-1756
-1706
-1436
-1231
-1050
-883
-651
-260
55
243
309
209
121
107
75
-10
-124
-125
32
248
482
548
378
412
506
613
666
544
328
102
-46
-267
-427
-725
-1100
-1324
-1363
-1268
-1253
-1282
-1166
-1024
-782
-417
-172
185
686
1083
1478
1781
1876
1788
1711
1646
1424
1288
1024
697
543
455
273
119
-51
-172
-140
6
238
414
560
633
756
807
791
837
918
1094
1392
1774
1940
1989
2143
2279
2396
2291
2093
1718
1478
1517
1691
1896
1645
1226
520
169
155
119
166
197
145
177
65
-326
-798
-1418
-1670
-1897
-1941
-1954
-2472
-2905
-3106
-3180
-3158
-3225
-3351
-3226
-2788
-1963
-1192
-670
-267
-95
291
640
857
1077
1028
978
894
700
414
-45
-489
-744
-873
-862
-926
-1041
-907
-692
-436
-278
-391
-500
-575
-517
-319
-252
-278
-526
-723
-630
-549
-441
-358
-328
-138
66
259
424
356
283
198
271
332
238
82
-69
-116
-206
-379
-620
-862
-1082
-1134
-1085
-1094
-1035
-898
-676
-410
-84
258
410
646
904
1049
1196
1216
1142
1065
989
884
758
647
541
562
708
743
786
789
739
761
757
679
555
604
723
855
982
1047
1173
1294
1331
1418
1498
1381
1282
1318
1382
1476
1425
1165
971
803
751
796
891
1007
935
739
384
140
134
164
267
500
676
810
842
615
213
-387
-945
-1316
-1555
-1664
-1942
-2428
-2756
-3004
-3060
-3016
-2957
-2757
-2419
-1809
-1047
-418
36
217
250
431
626
778
785
683
623
563
462
454
323
185
70
-61
-92
-253
-344
-418
-512
-547
-732
-968
-1106
-1107
-896
-705
-626
-660
-847
-1037
-1146
-1173
-1109
-1132
-1006
-705
-430
-144
32
90
222
341
260
133
63
1
-153
-189
-483
-795
-952
-1047
-877
-675
-510
-508
-531
-261
54
223
424
352
251
423
549
689
831
861
824
981
1328
1500
1527
1514
1361
1342
1340
1229
1158
1052
1007
925
816
727
612
628
715
722
751
660
544
558
665
909
1032
976
992
1070
1010
903
752
496
203
38
-35
54
233
418
619
624
505
529
493
702
875
1039
1338
1388
1233
908
207
-434
-893
-1310
-1487
-1667
-1833
-2173
-2496
-2562
-2617
-2531
-2418
-2426
-2137
-1736
-1291
-783
-423
-89
101
312
676
898
1071
1110
1027
1029
868
626
380
36
-79
-157
-255
-272
-422
-554
-640
-809
-1008
-1226
-1516
-1706
-1664
-1476
-1349
-1355
-1363
-1439
-1395
-1222
-1083
-871
-714
-531
-217
101
340
378
274
146
142
203
233
198
159
-35
-160
-271
-504
-614
-731
-686
-483
-355
-304
-262
-172
-4
113
261
544
637
708
919
1145
1334
1461
1535
1592
1673
1725
1725
1693
1645
1491
1332
1116
881
730
532
378
278
236
244
285
365
475
598
687
798
816
821
779
672
581
445
363
310
308
310
140
0
-121
-96
124
570
1007
1218
1334
1239
1042
1099
1256
1408
1657
1837
1862
1675
1367
791
118
-509
-1029
-1402
-1769
-2040
-2249
-2332
-2328
-2364
-2319
-2226
-1998
-1724
-1330
-854
-545
-340
-182
-66
83
237
322
434
561
659
591
414
118
-208
-503
-716
-880
-1035
-1154
-1255
-1323
-1426
-1601
-1753
-1974
-2077
-2011
-1909
-1774
-1745
-1706
-1650
-1615
-1603
-1521
-1318
-956
-570
-349
-131
17
78
245
401
415
402
422
311
234
249
101
27
-60
-26
50
-67
-112
-268
-419
-277
-145
122
431
684
939
1195
1481
1637
1743
1851
1793
1718
1745
1612
1555
1485
1325
1133
896
779
692
655
603
419
234
168
142
228
296
303
276
212
225
257
219
217
207
205
212
292
454
626
659
584
513
396
467
627
708
922
1163
1402
1749
1992
2053
1926
1684
1557
1430
1391
1459
1375
1316
1225
865
479
163
-176
-474
-712
-964
-1332
-1714
-1934
-2131
-2188
-2106
-2024
-1835
-1569
-1240
-901
-698
-520
-440
-411
-362
-419
-428
-373
-389
-325
-380
-494
-658
-828
-865
-958
-1084
-1235
-1396
-1554
-1671
-1783
-1922
-2123
-2311
-2357
-2261
-2089
-1929
-1826
-1716
-1565
-1422
-1208
-958
-769
-472
-243
-21
173
264
267
354
545
615
623
416
224
173
174
236
180
62
56
106
312
473
506
562
584
725
875
910
900
904
1087
1287
1368
1416
1357
1286
1350
1386
1326
1146
942
871
793
765
689
488
265
102
14
-6
-105
-167
-109
33
143
220
270
323
423
598
672
675
730
787
950
1166
1286
1315
1315
1211
1138
1159
1038
872
828
884
1167
1503
1752
1839
1716
1664
1622
1552
1705
1778
1777
1763
1502
999
404
-264
-704
-984
-1169
-1321
-1631
-1880
-2088
-2187
-2158
-2169
-2109
-2018
-1946
-1748
-1541
-1346
-1257
-1200
-1105
-1121
-1111
-1136
-1136
-1020
-986
-959
-992
-1121
-1210
-1203
-1197
-1266
-1291
-1332
-1362
-1403
-1524
-1709
-1930
-2102
-2087
-1946
-1767
-1587
-1471
-1355
-1154
-924
-657
-396
-158
89
245
358
452
557
664
673
691
794
864
878
824
612
484
429
381
407
422
466
553
624
749
789
681
654
687
740
840
875
820
809
911
977
994
1012
866
800
818
751
690
512
303
199
195
191
95
15
-41
-108
27
152
201
301
379
486
652
743
770
827
890
1034
1157
1209
1118
1171
1251
1252
1282
1239
1120
1082
1097
1096
1052
965
1078
1321
1525
1614
1463
1271
1248
1224
1196
1281
1234
1243
1250
1144
963
497
109
-200
-397
-523
-796
-1178
-1525
-1791
-1891
-1970
-2110
-2231
-2338
-2175
-1956
-1788
-1745
-1894
-2050
-2062
-1957
-1803
-1672
-1516
-1296
-1079
-894
-876
-966
-1166
-1344
-1357
-1300
-1237
-1176
-1186
-1214
-1230
-1349
-1499
-1634
-1651
-1530
-1396
-1273
-1228
-1107
-948
-652
-359
-213
-47
51
140
248
244
283
262
165
238
419
617
738
701
663
711
746
885
858
682
626
532
568
607
333
181
120
134
333
510
577
578
651
734
704
679
574
310
321
343
300
312
188
135
237
332
459
518
514
529
634
839
941
1031
1031
1063
1174
1263
1269
1188
1113
1069
1032
993
976
960
949
989
1036
967
920
935
983
1174
1185
1032
893
682
665
841
1084
1213
1226
1151
1039
1042
1192
1266
1431
1689
1827
1918
1733
1363
888
403
71
-141
-315
-600
-969
-1300
-1581
-1832
-2111
-2410
-2511
-2492
-2420
-2242
-2153
-2169
-2140
-2056
-1990
-1872
-1856
-1749
-1628
-1512
-1403
-1467
-1547
-1653
-1698
-1633
-1523
-1478
-1430
-1438
-1409
-1348
-1352
-1357
-1445
-1382
-1256
-1098
-951
-913
-884
-848
-728
-622
-550
-482
-335
-172
-9
141
172
262
416
502
572
681
755
688
658
614
498
484
465
494
542
514
446
299
242
221
128
71
45
18
63
152
166
190
253
282
406
552
634
669
732
782
827
899
931
930
1043
1203
1297
1379
1359
1260
1195
1152
1083
1116
1103
1036
1019
1035
972
916
820
777
841
906
937
1027
1080
1024
1005
909
835
818
873
974
1171
1179
1159
1160
1247
1460
1599
1656
1523
1339
1225
1196
1274
1443
1415
1322
1223
952
561
53
-425
-617
-810
-934
-1038
-1252
-1532
-1764
-1863
-1939
-1962
-2037
-2045
-1960
-1832
-1779
-1835
-1967
-2064
-2058
-2035
-2042
-1998
-1958
-1958
-1916
-1899
-1882
-1875
-1872
-1827
-1711
-1680
-1714
-1704
-1680
-1661
-1641
-1694
-1744
-1673
-1553
-1349
-1161
-1029
-918
-828
-718
-543
-345
-183
-34
80
181
247
306
384
428
435
419
436
485
475
494
521
546
515
475
441
456
462
480
503
512
524
430
373
361
416
451
628
781
858
936
955
1017
1082
1096
1157
1192
1216
1241
1223
1195
1190
1185
1152
1131
1141
1185
1250
1359
1419
1448
1321
1158
1026
931
878
906
978
965
915
936
911
877
871
933
950
1053
1064
1145
1187
1144
1325
1223
1247
1075
1101
1061
1053
1164
1156
1203
1120
944
783
642
417
300
404
614
698
691
569
300
49
-175
-488
-563
-802
-926
-1006
-1217
-1327
-1768
-1985
-2152
-2207
-2239
-2305
-2253
-2257
-2295
-2278
-2267
-2345
-2381
-2408
-2348
-2260
-2169
-2124
-2110
-2080
-2116
-2068
-2019
-2009
-1991
-1906
-1805
-1722
-1674
-1606
-1572
-1506
-1318
-1144
-891
-762
-694
-535
-542
-546
-484
-484
-366
-322
-266
-148
-199
-112
-30
17
176
79
128
437
439
634
761
703
685
693
660
546
468
469
577
699
761
802
716
681
825
997
1072
1179
1187
1354
1420
1471
1526
1309
1258
1209
1194
1331
1280
1271
1347
1342
1430
1485
1462
1408
1471
1517
1451
1520
1385
1177
1276
1116
1043
986
991
1031
1003
1139
1089
1110
986
1051
1121
1078
1031
1062
1098
1004
956
813
823
785
651
670
839
613
535
454
357
528
618
633
532
488
468
390
306
244
209
295
234
43
-53
-322
-651
-829
-941
-952
-1045
-1141
-1275
-1534
-1529
-1775
-2046
-2067
-2483
-2479
-2468
-2632
-2437
-2502
-2547
-2467
-2464
-2492
-2531
-2443
-2454
-2472
-2222
-2307
-2250
-2057
-2013
-1811
-1639
-1586
-1500
-1349
-1239
-1139
-1092
-995
-1062
-1004
-905
-956
-752
-669
-729
-658
-670
-659
-562
-512
-419
-259
-150
31
200
268
332
407
418
404
436
473
592
787
873
975
1042
1122
1177
1135
1174
1235
1286
1420
1441
1368
1285
1137
1119
1241
1275
1310
1343
1390
1479
1595
1616
1512
1505
1432
1507
1688
1720
1635
1583
1445
1385
1403
1329
1301
1299
1259
1277
1285
1162
1102
1089
1120
1155
1162
1161
1123
1187
1272
1231
1187
1077
969
917
913
905
889
833
717
665
606
496
380
280
263
203
136
40
5
9
53
204
204
103
91
23
2
-27
-73
-81
-159
-190
-308
-484
-634
-873
-999
-1057
-1241
-1440
-1596
-1791
-1968
-2178
-2438
-2669
-2839
-2903
-2924
-2843
-2802
-2827
-2777
-2697
-2604
-2541
-2540
-2444
-2290
-2193
-2041
-1899
-1936
-1922
-1860
-1761
-1614
-1556
-1461
-1437
-1408
-1312
-1251
-1186
-1208
-1191
-1092
-1040
-989
-941
-928
-863
-821
-661
-508
-362
-159
-14
201
329
538
694
833
976
979
1108
1204
1234
1356
1534
1676
1799
1818
1757
1679
1633
1614
1715
1759
1734
1724
1636
1568
1475
1393
1373
1361
1441
1508
1540
1538
1492
1534
1554
1557
1556
1568
1665
1700
1774
1820
1799
1695
1583
1513
1435
1400
1340
1308
1296
1243
1153
1105
984
890
919
938
1013
1021
983
967
921
932
914
834
815
766
761
769
677
610
513
416
408
374
287
209
55
-47
-60
-138
-193
-209
-119
-188
-398
-450
-497
-582
-615
-634
-776
-880
-925
-1039
-1137
-1216
-1450
-1593
-1730
-1948
-2087
-2280
-2441
-2566
-2638
-2741
-2865
-3069
-3178
-3155
-3060
-2981
-2898
-2817
-2823
-2743
-2686
-2596
-2551
-2509
-2390
-2310
-2156
-2027
-1971
-1838
-1746
-1599
-1498
-1508
-1449
-1396
-1308
-1191
-1083
-1023
-991
-904
-746
-516
-306
-209
-78
47
215
366
512
711
873
1030
1218
1346
1426
1472
1521
1597
1744
1864
1786
1742
1745
1775
1883
1844
1824
1787
1711
1682
1629
1545
1555
1600
1672
1777
1713
1619
1556
1547
1659
1789
1814
1754
1680
1680
1703
1787
1809
1774
1764
1729
1760
1800
1684
1578
1525
1424
1465
1481
1433
1403
1385
1335
1253
1158
1065
1003
1018
1045
1053
1062
949
935
946
971
967
865
770
621
582
546
423
251
88
-20
-98
-185
-234
-348
-499
-575
-685
-764
-814
-844
-816
-878
-985
-1150
-1364
-1338
-1293
-1285
-1318
-1368
-1514
-1650
-1773
-1903
-2022
-2160
-2193
-2294
-2330
-2412
-2576
-2683
-2740
-2804
-2851
-2927
-3033
-3057
-3008
-2913
-2755
-2595
-2629
-2618
-2540
-2477
-2333
-2217
-2118
-2080
-1986
-1835
-1734
-1651
-1495
-1306
-1154
-990
-853
-754
-706
-658
-544
-432
-387
-268
-115
33
229
410
490
591
694
806
982
1176
1332
1388
1461
1537
1582
1559
1566
1584
1623
1726
1772
1826
1846
1776
1749
1712
1721
1697
1733
1842
1894
1941
1892
1732
1671
1626
1624
1760
1853
1946
1968
1939
1929
1946
1903
1864
1809
1785
1826
1850
1878
1851
1810
1804
1796
1834
1835
1792
1765
1675
1576
1418
1314
1215
1163
1096
990
916
883
794
743
695
615
496
387
403
376
345
213
58
-76
-227
-319
-454
-592
-717
-862
-933
-1004
-1068
-1110
-1221
-1274
-1287
-1415
-1431
-1551
-1650
-1673
-1770
-1831
-1713
-1735
-1796
-1798
-1826
-1867
-1973
-2121
-2165
-2094
-2099
-2089
-2249
-2410
-2476
-2582
-2626
-2557
-2548
-2635
-2674
-2690
-2577
-2465
-2387
-2330
-2275
-2189
-2100
-1978
-1923
-1796
-1715
-1653
-1565
-1412
-1305
-1241
-1059
-947
-810
-702
-634
-534
-430
-289
-150
-8
53
137
235
352
464
554
605
712
819
976
1119
1188
1286
1332
1424
1539
1604
1703
1778
1839
1921
1918
1898
1959
1983
1990
2032
1996
2000
1981
2005
2022
2037
1979
1897
1877
1894
1998
2060
2054
2082
2063
2073
2062
2022
2006
1952
1899
1868
1810
1825
1841
1843
1830
1786
1746
1661
1587
1522
1447
1304
1221
1119
1013
916
781
663
509
469
417
340
297
169
51
-39
-89
-81
-135
-213
-280
-335
-397
-532
-576
-651
-743
-780
-863
-925
-1043
-1168
-1226
-1349
-1500
-1556
-1661
-1720
-1719
-1748
-1779
-1829
-1827
-1798
-1805
-1813
-1817
-1850
-1917
-1932
-1948
-1993
-2013
-2042
-2055
-2060
-2085
-2116
-2158
-2239
-2280
-2336
-2348
-2309
-2235
-2210
-2172
-2102
-2105
-2134
-2188
-2154
-2101
-2032
-1892
-1755
-1609
-1508
-1371
-1225
-1124
-1021
-892
-680
-534
-425
-303
-219
-114
69
259
376
427
477
557
577
657
730
805
933
1027
1144
1287
1398
1498
1597
1680
1748
1825
1856
1864
1946
2038
2134
2174
2202
2241
2258
2306
2357
2397
2375
2300
2270
2251
2221
2250
2222
2233
2237
2239
2267
2204
2107
2023
1924
1876
1817
1770
1720
1729
1740
1747
1719
1627
1553
1425
1380
1288
1179
1058
901
865
814
707
617
479
351
240
156
136
106
57
2
-61
-107
-183
-301
-398
-418
-501
-617
-777
-914
-1057
-1140
-1190
-1263
-1336
-1448
-1466
-1486
-1498
-1557
-1639
-1707
-1747
-1790
-1850
-1917
-1987
-2044
-2055
-2069
-2068
-2053
-2115
-2137
-2145
-2157
-2180
-2186
-2218
-2239
-2228
-2259
-2250
-2240
-2231
-2254
-2214
-2219
-2216
-2194
-2193
-2161
-2157
-2103
-2022
-1929
-1834
-1732
-1612
-1494
-1360
-1210
-1095
-1003
-878
-815
-712
-620
-473
-234
-98
70
201
303
394
464
598
725
878
963
1027
1112
1150
1186
1250
1351
1426
1535
1645
1747
1887
1953
2004
2057
2114
2205
2294
2350
2364
2386
2409
2425
2387
2390
2379
2345
2327
2334
2355
2253
2203
2187
2134
2114
2104
2033
1956
1903
1863
1825
1765
1708
1630
1573
1498
1432
1383
1333
1286
1244
1191
1131
1060
991
932
825
747
692
581
476
418
330
209
100
-27
-132
-271
-400
-467
-546
-613
-647
-696
-794
-954
-1032
-1105
-1175
-1300
-1379
-1460
-1557
-1590
-1658
-1739
-1782
-1783
-1828
-1858
-1884
-1864
-1864
-1915
-1939
-1983
-1977
-2013
-2027
-2011
-1990
-1988
-2035
-2049
-2119
-2144
-2194
-2255
-2241
-2241
-2237
-2183
-2128
-2100
-2097
-2138
-2141
-2078
-1950
-1870
-1795
-1682
-1593
-1482
-1399
-1286
-1208
-1134
-994
-903
-803
-683
-628
-549
-403
-211
-62
74
180
282
360
461
547
684
826
883
1039
1116
1212
1326
1426
1503
1610
1692
1766
1883
1935
2006
2093
2120
2126
2171
2193
2242
2299
2307
2334
2314
2333
2312
2300
2304
2270
2235
2200
2141
2108
2076
2041
2008
1913
1890
1847
1834
1786
1750
1676
1615
1546
1481
1515
1430
1357
1271
1217
1196
1121
1102
1044
937
803
658
526
452
319
223
164
48
-35
-135
-224
-284
-369
-485
-519
-585
-688
-797
-896
-985
-1112
-1177
-1243
-1303
-1356
-1460
-1573
-1663
-1717
-1774
-1782
-1795
-1856
-1909
-2017
-2116
-2149
-2136
-2147
-2186
-2123
-2094
-2079
-2064
-2016
-2010
-2039
-2044
-2093
-2065
-2093
-2092
-2060
-2084
-2043
-2004
-1973
-1953
-1886
-1835
-1761
-1657
-1551
-1497
-1429
-1358
-1339
-1241
-1168
-1058
-948
-894
-803
-726
-689
-581
-488
-390
-276
-155
-7
153
273
415
543
620
720
759
860
908
963
1067
1120
1205
1277
1354
1519
1636
1731
1866
1949
2007
2051
2061
2090
2105
2095
2085
2095
2083
2086
2101
2120
2154
2129
2142
2150
2122
2117
2037
1974
1893
1883
1812
1786
1779
1723
1655
1567
1532
1466
1412
1361
1352
1347
1326
1263
1167
1102
1037
1019
980
898
797
652
530
422
365
218
96
-44
-118
-94
-155
-199
-280
-399
-481
-564
-657
-751
-855
-913
-947
-1025
-1090
-1243
-1372
-1385
-1456
-1515
-1546
-1576
-1567
-1542
-1531
-1579
-1647
-1711
-1764
-1735
-1703
-1780
-1802
-1834
-1871
-1868
-1866
-1880
-1934
-1914
-1862
-1821
-1751
-1731
-1771
-1741
-1738
-1716
-1665
-1710
-1665
-1596
-1497
-1411
-1371
-1399
-1452
-1420
-1346
-1239
-1153
-1083
-994
-874
-734
-650
-612
-561
-492
-428
-342
-306
-216
-148
-101
4
75
162
257
340
435
582
685
756
839
908
1011
1126
1152
1157
1198
1277
1361
1473
1585
1653
1649
1673
1732
1742
1751
1745
1759
1868
1912
1951
2006
2004
2046
2019
1996
1958
1888
1820
1783
1766
1796
1810
1783
1749
1672
1639
1597
1586
1542
1476
1429
1388
1321
1227
1164
1063
1019
968
868
836
730
675
625
494
477
415
309
249
163
20
-65
-104
-133
-200
-268
-345
-409
-450
-549
-609
-706
-792
-878
-921
-994
-1020
-1060
-1155
-1218
-1264
-1278
-1304
-1354
-1409
-1435
-1462
-1506
-1536
-1565
-1572
-1566
-1575
-1555
-1602
-1624
-1605
-1633
-1689
-1766
-1800
-1822
-1802
-1721
-1699
-1656
-1641
-1665
-1644
-1665
-1650
-1648
-1629
-1592
-1530
-1466
-1438
-1425
-1361
-1327
-1274
-1245
-1211
-1122
-1045
-953
-887
-819
-749
-644
-517
-427
-347
-338
-337
-302
-205
-111
-72
36
141
243
397
500
633
697
759
864
923
962
1036
1105
1176
1288
1399
1440
1481
1552
1573
1646
1727
1766
1824
1890
1910
1904
1921
1908
1911
1944
1978
2007
1977
1915
1866
1847
1854
1884
1912
1875
1873
1893
1863
1845
1791
1716
1595
1509
1495
1455
1406
1323
1237
1140
1054
958
909
868
771
725
691
602
565
472
426
358
221
116
11
-76
-145
-217
-287
-346
-411
-477
-568
-620
-695
-763
-787
-859
-918
-972
-1019
-1090
-1165
-1222
-1273
-1338
-1411
-1471
-1522
-1589
-1660
-1697
-1706
-1703
-1698
-1707
-1745
-1782
-1829
-1831
-1859
-1880
-1840
-1850
-1845
-1795
-1786
-1783
-1805
-1842
-1798
-1810
-1776
-1703
-1660
-1655
-1660
-1630
-1549
-1503
-1474
-1377
-1347
-1280
-1241
-1143
-1043
-984
-942
-897
-826
-774
-612
-499
-412
-313
-268
-204
-146
-54
-3
94
191
272
379
466
559
578
683
799
863
987
1059
1129
1211
1257
1360
1384
1440
1477
1498
1544
1567
1638
1653
1700
1739
1764
1789
1832
1890
1950
1950
1968
2022
2008
2033
2030
2002
2046
1983
1943
1938
1862
1802
1776
1734
1682
1606
1579
1511
1420
1388
1366
1311
1257
1254
1165
1060
1021
952
897
852
771
659
565
520
430
347
254
168
62
-9
-53
-156
-224
-332
-390
-435
-518
-558
-581
-697
-764
-865
-970
-1023
-1125
-1170
-1230
-1342
-1401
-1470
-1538
-1539
-1571
-1583
-1619
-1665
-1674
-1710
-1743
-1761
-1776
-1823
-1854
-1882
-1895
-1925
-1934
-1941
-1943
-1962
-1973
-1960
-1972
-1913
-1865
-1837
-1778
-1695
-1613
-1558
-1486
-1478
-1472
-1428
-1403
-1311
-1226
-1167
-1127
-1047
-949
-870
-734
-687
-668
-642
-568
-456
-359
-215
-118
-73
31
99
166
223
253
307
382
440
519
666
772
806
894
1020
1085
1104
1181
1284
1352
1399
1446
1471
1531
1539
1555
1643
1666
1650
1711
1747
1752
1767
1798
1748
1751
1823
1834
1888
1883
1879
1873
1849
1865
1848
1797
1708
1685
1607
1519
1517
1489
1456
1422
1385
1309
1246
1176
1065
993
954
879
816
798
715
618
553
494
432
351
278
202
124
52
-8
-68
-135
-174
-253
-337
-388
-446
-502
-574
-613
-667
-727
-856
-943
-1049
-1082
-1111
-1150
-1166
-1222
-1295
-1393
-1416
-1456
-1431
-1450
-1479
-1549
-1572
-1619
-1663
-1670
-1646
-1631
-1654
-1650
-1738
-1772
-1756
-1762
-1720
-1660
-1607
-1567
-1561
-1531
-1511
-1536
-1529
-1514
-1470
-1407
-1364
-1311
-1226
-1172
-1073
-992
-911
-827
-771
-681
-665
-678
-618
-502
-507
-500
-465
-368
-320
-219
-145
-67
39
91
152
228
346
396
425
445
483
631
707
792
898
973
1044
1065
1104
1147
1180
1202
1299
1323
1369
1446
1441
1442
1441
1478
1487
1497
1521
1503
1505
1497
1515
1536
1578
1605
1634
1597
1608
1597
1558
1544
1504
1492
1418
1399
1363
1362
1338
1299
1255
1208
1163
1082
1017
999
952
904
839
748
721
631
565
547
481
439
413
335
251
139
88
-13
-66
-93
-176
-189
-261
-340
-364
-417
-481
-550
-609
-653
-733
-826
-906
-948
-1028
-1082
-1109
-1182
-1219
-1302
-1352
-1372
-1410
-1451
-1518
-1559
-1653
-1647
-1662
-1671
-1640
-1632
-1589
-1572
-1554
-1527
-1533
-1545
-1542
-1550
-1542
-1529
-1474
-1405
-1381
-1328
-1328
-1304
-1244
-1219
-1139
-1058
-993
-957
-845
-769
-740
-685
-662
-628
-575
-499
-454
-387
-341
-290
-212
-100
-38
-6
103
147
164
244
279
311
383
475
546
563
623
641
658
724
784
851
890
938
982
999
1019
1046
1099
1108
1122
1187
1211
1199
1222
1221
1207
1239
1272
1298
1278
1267
1274
1256
1261
1257
1286
1247
1231
1248
1267
1278
1238
1235
1224
1197
1196
1204
1148
1137
1053
1021
947
891
872
844
831
812
785
731
685
629
594
519
445
362
370
362
328
286
184
110
68
24
-7
-31
-107
-178
-242
-320
-421
-491
-549
-621
-642
-684
-747
-786
-831
-842
-913
-959
-996
-1076
-1145
-1216
-1245
-1301
-1302
-1364
-1390
-1374
-1399
-1391
-1410
-1384
-1391
-1413
-1445
-1477
-1478
-1511
-1479
-1448
-1435
-1411
-1395
-1401
-1371
-1313
-1283
-1213
-1164
-1156
-1077
-1058
-1016
-945
-885
-840
-820
-753
-752
-727
-630
-530
-461
-422
-321
-222
-175
-98
-31
0
26
40
107
168
217
262
294
370
433
496
549
598
632
660
703
705
765
788
815
848
854
902
940
957
986
1041
1091
1115
1118
1138
1156
1171
1188
1220
1256
1224
1194
1238
1298
1258
1287
1309
1260
1224
1175
1210
1196
1191
1193
1218
1219
1214
1182
1135
1112
997
1000
995
942
908
865
833
824
804
781
802
763
743
691
598
531
444
360
262
202
89
13
-31
-83
-149
-218
-275
-345
-366
-407
-493
-548
-631
-716
-764
-797
-859
-905
-940
-1040
-1135
-1218
-1240
-1244
-1213
-1263
-1294
-1299
-1329
-1348
-1354
-1365
-1402
-1455
-1530
-1582
-1617
-1601
-1632
-1582
-1589
-1517
-1434
-1367
-1287
-1285
-1239
-1245
-1210
-1178
-1168
-1166
-1135
-1058
-1009
-961
-853
-820
-769
-719
-674
-581
-508
-465
-350
-287
-213
-152
-132
-56
-69
3
67
152
203
239
284
330
380
450
548
642
689
720
771
824
863
853
875
884
931
967
962
1010
1039
1042
1050
1076
1106
1123
1154
1161
1130
1145
1156
1086
1086
1095
1099
1111
1119
1162
1148
1170
1189
1189
1191
1145
1112
1135
1090
1067
1063
1011
995
994
953
899
835
778
696
676
670
658
608
553
535
498
479
427
416
338
283
240
195
131
91
69
2
-49
-105
-155
-225
-287
-333
-385
-468
-546
-595
-623
-673
-716
-758
-813
-838
-889
-939
-983
-995
-1032
-1046
-1055
-1101
-1129
-1142
-1198
-1261
-1261
-1284
-1350
-1394
-1399
-1433
-1397
-1385
-1433
-1406
-1387
-1386
-1344
-1317
-1292
-1256
-1230
-1216
-1195
-1160
-1084
-1044
-1030
-944
-917
-860
-839
-776
-724
-688
-627
-589
-498
-444
-354
-271
-244
-194
-149
-69
18
69
116
189
234
298
379
437
498
521
571
677
758
846
872
914
890
901
961
954
1015
1013
1018
1045
1093
1135
1134
1137
1165
1155
1158
1162
1176
1211
1202
1173
1178
1169
1153
1129
1146
1102
1018
997
981
943
957
951
933
894
877
875
837
855
803
760
697
651
641
631
611
563
526
454
396
368
303
292
242
150
123
55
59
30
27
-5
-19
-76
-128
-169
-241
-276
-346
-382
-435
-471
-480
-516
-515
-554
-570
-579
-601
-627
-695
-736
-852
-888
-950
-992
-974
-1052
-1100
-1138
-1157
-1147
-1156
-1139
-1137
-1136
-1110
-1139
-1149
-1163
-1167
-1159
-1158
-1179
-1146
-1136
-1133
-1099
-1094
-1069
-1046
-1001
-948
-932
-924
-891
-892
-866
-797
-724
-641
-576
-553
-540
-479
-461
-452
-341
-264
-179
-84
-29
27
133
209
303
350
399
428
434
464
481
545
584
656
697
695
747
788
814
855
908
933
937
959
980
992
1049
1066
1063
1087
1081
1091
1050
1088
1090
1079
1099
1064
1098
1085
1075
1067
1048
1023
972
961
895
853
839
827
804
799
803
788
774
772
729
723
671
619
582
514
474
414
338
318
294
278
272
237
161
152
73
25
7
-40
-34
-92
-143
-183
-239
-273
-328
-341
-377
-417
-436
-503
-509
-573
-570
-549
-610
-626
-669
-715
-724
-776
-821
-896
-924
-953
-1024
-1050
-1063
-1072
-1054
-1061
-1046
-1028
-1036
-1027
-1065
-1043
-1058
-1095
-1087
-1078
-1084
-1059
-1059
-1093
-1085
-1051
-1023
-1020
-967
-953
-891
-838
-812
-766
-762
-709
-667
-646
-569
-508
-480
-462
-410
-361
-318
-275
-213
-147
-111
-35
38
98
125
188
258
298
351
420
455
519
570
614
652
673
709
741
764
826
909
913
950
955
948
936
959
987
1028
1050
1019
1028
1032
1052
1064
1070
1105
1100
1091
1109
1104
1099
1071
1076
1063
1040
1051
1023
1025
940
864
850
787
771
764
711
671
644
626
615
569
531
449
425
429
363
342
279
227
160
127
110
80
47
5
3
-21
-94
-146
-179
-266
-312
-342
-389
-405
-436
-469
-542
-603
-619
-633
-650
-705
-728
-793
-851
-846
-882
-895
-908
-932
-976
-1003
-1002
-1026
-1022
-1048
-1062
-1035
-1045
-1051
-1055
-1061
-1055
-1087
-1078
-1069
-1064
-1003
-987
-955
-921
-900
-872
-860
-817
-807
-808
-781
-780
-742
-704
-663
-617
-542
-478
-437
-396
-378
-336
-288
-255
-172
-90
-46
-6
1
56
63
81
137
173
208
283
342
408
502
550
586
633
667
676
699
758
752
752
752
751
772
787
828
866
885
914
974
1015
1066
1102
1082
1112
1101
1084
1070
1043
1012
959
938
903
867
841
853
856
826
802
793
793
752
729
689
640
615
577
547
519
489
446
391
381
358
311
295
246
194
142
119
103
78
71
10
0
-44
-112
-140
-217
-252
-284
-292
-297
-345
-334
-381
-418
-417
-419
-411
-437
-478
-514
-518
-576
-613
-679
-706
-713
-747
-746
-771
-734
-755
-776
-783
-778
-844
-837
-840
-842
-856
-867
-845
-886
-862
-876
-819
-805
-815
-807
-796
-779
-761
-718
-699
-683
-706
-710
-711
-710
-682
-693
-633
-620
-610
-552
-500
-489
-431
-365
-311
-266
-262
-222
-180
-132
-87
-36
-13
20
65
108
140
176
237
287
330
385
441
436
445
500
488
514
568
583
636
703
737
791
830
846
851
855
892
888
907
880
898
883
916
968
913
919
889
907
863
831
875
853
846
813
777
766
710
692
653
672
671
624
583
558
540
496
455
419
403
331
330
333
284
248
188
163
112
109
111
83
45
19
-8
-35
-48
-79
-92
-147
-173
-223
-242
-255
-287
-289
-322
-340
-357
-361
-378
-430
-465
-503
-561
-585
-590
-616
-638
-643
-669
-645
-641
-639
-695
-711
-724
-746
-705
-764
-744
-768
-794
-745
-769
-751
-729
-755
-766
-761
-770
-766
-749
-714
-697
-689
-661
-700
-675
-655
-660
-633
-611
-586
-559
-505
-470
-414
-367
-326
-302
-240
-214
-169
-140
-141
-116
-123
-90
-56
3
46
99
157
182
204
230
238
257
309
311
374
429
477
484
484
535
569
606
649
680
665
702
726
736
756
748
732
709
717
699
755
800
784
773
787
816
782
829
818
736
744
750
758
787
783
761
742
716
653
625
584
554
512
477
470
466
442
401
383
337
305
302
278
277
268
216
165
106
91
41
43
31
-13
-41
-50
-98
-107
-119
-181
-213
-277
-296
-301
-305
-301
-347
-396
-396
-421
-478
-471
-492
-521
-571
-614
-628
-680
-689
-705
-706
-713
-735
-738
-749
-776
-782
-800
-803
-784
-796
-791
-778
-748
-735
-715
-713
-735
-725
-729
-739
-742
-747
-755
-707
-638
-546
-505
-478
-465
-480
-468
-472
-466
-438
-415
-382
-371
-391
-286
-267
-249
-171
-135
-87
-84
-32
2
65
124
142
187
218
249
260
284
289
343
352
405
448
471
495
565
588
610
651
639
687
686
702
739
758
728
714
730
737
743
753
790
793
839
868
831
818
791
741
727
728
692
685
667
657
660
646
626
604
594
593
595
565
531
494
465
413
349
342
319
295
264
220
172
131
125
128
89
84
76
34
4
-10
-41
-31
-90
-128
-160
-172
-192
-260
-278
-321
-358
-344
-371
-403
-414
-445
-471
-462
-489
-537
-532
-576
-624
-641
-654
-676
-649
-673
-696
-672
-664
-643
-636
-620
-660
-697
-722
-719
-675
-667
-658
-659
-695
-712
-720
-705
-694
-656
-664
-680
-634
-614
-608
-576
-560
-551
-494
-456
-418
-399
-401
-367
-375
-349
-294
-271
-232
-187
-148
-130
-103
-58
14
20
59
97
114
145
150
155
192
208
250
316
374
404
410
459
476
519
584
614
615
643
651
618
625
655
655
667
682
706
736
720
744
742
732
742
735
717
728
734
737
754
719
722
646
612
586
569
569
571
570
585
589
548
533
497
454
419
405
347
295
303
291
253
222
200
157
124
118
85
93
54
-3
-31
-77
-120
-111
-124
-169
-164
-205
-272
-299
-318
-353
-335
-368
-408
-403
-414
-427
-431
-446
-462
-457
-465
-501
-545
-575
-615
-638
-662
-633
-632
-635
-634
-598
-605
-608
-604
-632
-613
-621
-631
-615
-608
-653
-627
-629
-614
-580
-580
-536
-536
-531
-490
-477
-456
-419
-409
-383
-351
-344
-315
-266
-232
-239
-207
-187
-169
-155
-142
-176
-137
-64
-70
-11
24
54
83
75
113
160
204
235
260
260
268
307
322
342
348
380
382
384
423
421
468
479
534
518
540
564
561
577
569
554
558
587
567
610
593
609
608
620
612
604
628
595
630
596
622
618
538
522
472
444
422
428
410
404
369
378
367
317
278
244
283
262
252
221
201
167
139
137
96
74
43
-3
-17
-48
-68
-105
-133
-145
-158
-167
-223
-254
-280
-302
-312
-337
-334
-327
-361
-418
-437
-429
-436
-437
-439
-446
-470
-475
-477
-433
-438
-440
-451
-491
-473
-505
-480
-469
-515
-506
-510
-534
-538
-512
-520
-511
-524
-511
-497
-521
-500
-491
-517
-506
-491
-453
-406
-411
-349
-338
-342
-260
-267
-246
-224
-216
-213
-214
-197
-172
-124
-135
-120
-100
-64
-35
-37
41
33
56
76
57
123
139
170
208
221
283
288
250
259
272
272
291
338
387
402
436
454
434
452
475
518
545
556
576
569
563
557
573
558
558
534
558
533
515
526
485
472
510
470
486
501
451
488
447
446
425
362
360
334
331
336
348
347
332
320
256
227
181
182
171
172
185
136
89
55
66
77
96
83
-3
-48
-81
-107
-132
-147
-141
-166
-170
-182
-193
-191
-260
-283
-313
-313
-328
-364
-371
-377
-368
-398
-387
-401
-415
-406
-417
-393
-403
-434
-430
-450
-473
-495
-495
-507
-534
-563
-553
-525
-528
-528
-497
-492
-490
-474
-436
-409
-458
-437
-421
-443
-452
-415
-420
-408
-394
-375
-322
-314
-294
-285
-261
-252
-249
-219
-226
-189
-194
-177
-113
-108
-98
-56
-49
-47
-21
6
51
96
122
165
171
188
187
207
222
238
288
290
342
351
362
402
397
398
436
461
494
488
505
533
532
538
518
511
517
546
516
539
528
537
579
595
611
591
548
500
508
500
486
472
492
454
404
392
375
383
343
324
328
294
245
232
229
191
189
189
174
179
158
131
140
88
83
48
18
18
-23
-25
-40
-56
-46
-85
-112
-147
-184
-233
-267
-289
-320
-307
-290
-300
-287
-271
-253
-238
-267
-263
-353
-392
-401
-434
-426
-444
-445
-462
-461
-458
-480
-474
-490
-497
-519
-518
-526
-551
-566
-594
-567
-531
-541
-525
-515
-530
-498
-488
-477
-442
-399
-382
-363
-364
-380
-354
-359
-385
-353
-368
-360
-341
-310
-248
-198
-149
-123
-88
-36
4
27
74
82
107
89
64
105
106
129
141
185
237
266
304
321
296
320
359
401
438
483
501
476
499
496
509
503
535
540
532
545
559
559
567
600
591
606
610
637
602
554
562
553
569
536
509
466
433
453
437
421
433
423
346
359
346
338
313
247
218
198
200
172
147
104
69
43
15
-2
13
20
2
20
-5
-52
-114
-158
-161
-204
-214
-203
-232
-242
-256
-274
-290
-278
-282
-287
-272
-302
-311
-300
-325
-346
-376
-382
-395
-439
-447
-445
-433
-431
-402
-410
-420
-432
-427
-449
-440
-447
-490
-501
-491
-485
-503
-500
-486
-498
-509
-493
-507
-500
-483
-468
-447
-427
-397
-368
-349
-348
-325
-305
-303
-268
-266
-254
-229
-218
-186
-153
-112
-70
-40
-37
19
31
68
63
87
123
158
230
214
209
229
234
259
309
323
357
371
388
422
455
460
478
478
489
495
474
489
497
479
495
496
507
533
529
540
524
545
523
502
509
469
463
462
441
411
364
357
356
377
388
349
363
321
319
304
275
270
230
222
147
146
136
97
105
83
93
109
118
112
59
18
-5
-35
-89
-115
-86
-98
-122
-136
-105
-132
-167
-178
-252
-291
-267
-249
-253
-252
-277
-300
-335
-346
-311
-341
-348
-360
-361
-344
-366
-366
-385
-416
-401
-387
-403
-406
-448
-456
-436
-430
-388
-405
-407
-422
-411
-407
-423
-433
-435
-420
-444
-386
-382
-350
-308
-314
-300
-296
-249
-234
-227
-209
-204
-193
-175
-164
-118
-107
-121
-130
-118
-116
-119
-100
-84
-46
-16
63
115
124
163
139
155
167
189
209
212
228
232
205
233
244
269
284
274
295
277
277
296
315
377
392
413
458
496
501
511
549
484
450
435
439
436
459
496
474
503
482
429
453
447
424
409
405
364
338
295
265
284
243
239
216
234
235
179
178
164
153
167
144
135
143
96
65
41
6
-8
-28
-63
-95
-81
-112
-134
-118
-150
-151
-117
-151
-146
-161
-201
-208
-221
-242
-275
-274
-296
-308
-311
-317
-307
-320
-339
-367
-352
-342
-381
-366
-357
-343
-332
-331
-343
-340
-345
-369
-351
-377
-374
-376
-396
-373
-372
-395
-355
-333
-296
-265
-278
-272
-252
-273
-304
-303
-340
-326
-345
-304
-265
-246
-208
-181
-140
-125
-131
-104
-99
-127
-96
-94
-73
-1
-20
-35
-7
1
47
65
84
122
121
115
106
152
165
170
224
244
240
268
278
250
239
222
237
255
250
305
346
345
359
378
416
426
411
407
411
400
372
332
368
351
359
376
394
444
429
404
416
371
348
356
335
347
311
280
273
237
221
230
218
246
257
257
223
233
227
203
194
165
134
125
95
66
57
7
-46
-71
-51
-45
-37
-15
-53
-36
-63
-93
-120
-168
-175
-208
-192
-202
-190
-217
-268
-263
-296
-307
-321
-323
-317
-343
-361
-364
-385
-395
-377
-394
-384
-396
-444
-471
-446
-438
-423
-418
-433
-408
-391
-387
-377
-361
-338
-368
-382
-351
-342
-338
-335
-318
-338
-334
-276
-247
-235
-172
-183
-160
-149
-130
-115
-127
-104
-89
-52
-40
-14
-25
-18
-24
38
73
93
95
100
161
152
167
177
169
159
190
208
244
260
212
207
212
215
257
299
336
332
318
341
339
347
348
346
339
358
318
329
344
320
324
306
324
295
251
266
274
254
245
247
240
298
282
276
271
250
276
299
322
311
278
254
256
278
285
254
220
161
154
190
167
165
154
130
130
105
105
85
67
57
31
10
-1
-1
-35
-73
-69
-60
-106
-101
-100
-177
-221
-248
-253
-259
-215
-233
-243
-237
-270
-282
-300
-294
-306
-322
-346
-367
-354
-369
-396
-400
-418
-437
-412
-430
-421
-404
-403
-399
-394
-423
-385
-356
-379
-337
-325
-315
-321
-330
-323
-343
-297
-268
-269
-257
-258
-242
-229
-225
-237
-228
-209
-202
-154
-131
-102
-90
-52
-47
-23
16
6
20
43
48
97
137
125
121
105
89
114
156
211
227
249
290
281
318
356
349
364
354
338
377
356
365
363
315
314
324
338
346
365
357
361
405
409
412
385
370
350
334
325
331
341
334
324
331
301
297
326
303
318
306
299
277
229
218
171
159
150
101
99
69
55
51
64
72
67
71
83
79
45
43
13
-57
-92
-106
-118
-132
-126
-136
-133
-127
-138
-159
-157
-187
-217
-239
-226
-236
-267
-250
-290
-282
-292
-329
-320
-375
-379
-403
-439
-396
-396
-395
-332
-322
-337
-331
-343
-349
-383
-399
-379
-394
-397
-360
-339
-334
-323
-296
-265
-239
-228
-234
-246
-256
-253
-246
-273
-269
-264
-234
-182
-198
-178
-174
-148
-110
-85
-48
-40
8
38
63
99
104
98
101
126
110
92
135
138
135
207
230
220
274
274
311
318
328
327
319
335
289
317
326
350
331
293
275
270
256
303
350
359
364
351
365
338
303
305
327
320
342
364
344
319
304
301
312
288
237
249
238
245
246
214
213
156
144
89
104
107
89
105
45
23
22
-24
-12
11
-28
-21
-13
-23
-25
-42
-67
-89
-164
-165
-149
-172
-181
-173
-176
-167
-155
-187
-172
-159
-215
-250
-229
-239
-221
-225
-237
-242
-293
-299
-351
-358
-330
-316
-299
-275
-235
-240
-223
-208
-232
-206
-218
-221
-211
-213
-221
-270
-236
-220
-228
-187
-202
-184
-160
-176
-130
-125
-118
-79
-106
-96
-98
-132
-106
-95
-85
-95
-129
-91
-111
-88
-23
8
3
-33
-37
-28
-5
10
27
36
29
34
60
88
91
95
105
121
124
133
163
180
158
149
158
155
153
151
172
185
186
191
211
200
195
225
190
203
233
230
249
245
229
236
239
218
246
263
271
251
263
253
272
270
232
215
199
183
169
183
195
194
196
179
167
132
141
139
141
158
131
107
98
87
85
89
51
39
28
1
-12
19
22
-11
7
-19
-12
-15
-51
-75
-127
-146
-144
-171
-215
-224
-249
-254
-302
-294
-242
-235
-186
-165
-168
-169
-201
-187
-207
-225
-210
-229
-274
-277
-278
-285
-256
-260
-243
-234
-234
-254
-257
-259
-256
-228
-222
-226
-214
-207
-205
-205
-207
-193
-202
-206
-223
-199
-176
-158
-90
-76
-71
-30
-33
-31
-11
-43
-58
-43
-58
-27
-35
-56
-8
20
25
50
99
93
63
60
72
47
16
21
51
40
59
90
78
98
122
143
152
174
213
206
211
215
221
244
258
251
245
244
237
237
210
202
227
237
257
289
318
312
309
296
282
270
240
258
232
208
202
198
234
214
206
205
200
204
193
176
181
170
133
112
103
87
61
66
55
40
13
5
5
-8
-7
-41
-38
-30
-68
-91
-97
-115
-148
-142
-160
-168
-193
-207
-166
-178
-163
-148
-173
-175
-178
-184
-194
-207
-216
-220
-218
-207
-210
-203
-193
-215
-235
-194
-188
-203
-209
-212
-199
-192
-191
-209
-192
-164
-157
-151
-142
-135
-129
-132
-148
-144
-142
-165
-150
-109
-111
-78
-68
-64
-63
-57
-36
-39
-31
-44
-32
-47
-48
-44
-37
-26
-22
-44
-59
-41
-13
-12
13
29
34
59
43
56
61
42
30
35
62
68
80
91
85
84
106
111
131
145
145
144
142
121
118
166
144
165
145
135
159
149
184
167
154
180
186
188
212
221
205
202
159
134
152
140
136
143
158
185
189
175
158
155
117
95
109
133
130
118
93
76
87
85
78
54
41
21
14
54
49
28
18
-34
-22
16
-20
-20
-25
-67
-88
-81
-56
-53
-92
-99
-91
-106
-115
-114
-113
-108
-110
-92
-83
-93
-101
-129
-173
-175
-193
-183
-176
-218
-206
-195
-187
-192
-176
-162
-174
-176
-213
-200
-212
-211
-197
-217
-199
-173
-163
-127
-104
-109
-102
-121
-106
-123
-130
-115
-98
-104
-98
-101
-84
-58
-60
-26
-6
-3
9
7
18
51
66
80
57
64
63
47
44
62
70
94
92
109
135
123
87
87
106
115
128
120
112
69
66
78
89
103
115
107
113
114
103
110
119
109
142
164
161
163
145
134
132
145
144
144
125
116
96
111
120
116
134
132
120
91
82
76
70
83
62
56
45
46
47
79
71
66
57
53
51
43
45
11
14
3
0
10
9
-23
-32
-24
-27
-34
-43
-66
-90
-83
-97
-89
-118
-127
-115
-130
-106
-85
-91
-105
-111
-143
-134
-126
-131
-120
-114
-125
-135
-140
-128
-135
-145
-139
-153
-155
-150
-163
-153
-141
-145
-129
-115
-97
-80
-82
-69
-73
-72
-88
-89
-76
-86
-86
-104
-88
-85
-77
-51
-54
-55
-23
-15
-22
-12
-7
4
1
13
42
28
41
43
52
54
51
78
66
93
98
97
113
121
127
131
136
142
146
122
101
95
98
88
92
96
107
114
109
111
121
121
92
85
94
85
100
115
119
116
94
104
126
135
118
107
98
86
73
63
70
69
77
71
46
52
44
2
8
-2
-35
-30
-11
2
19
10
8
12
-18
-24
-23
-27
-33
-8
-17
-29
-7
-23
-24
-43
-73
-53
-65
-81
-53
-41
-59
-59
-59
-59
-56
-67
-74
-85
-109
-107
-133
-125
-112
-109
-96
-97
-89
-82
-83
-75
-87
-84
-75
-71
-73
-87
-86
-95
-95
-85
-85
-73
-55
-34
-42
-54
-32
-34
-51
-65
-79
-67
-81
-73
-66
-78
-85
-71
-71
-68
-44
-32
-28
-7
2
-15
1
6
-6
9
17
7
23
39
32
14
15
18
53
60
70
85
74
78
69
83
59
63
53
61
87
71
83
81
68
59
65
88
102
96
102
98
101
120
118
104
100
100
74
74
83
92
87
92
84
68
66
64
76
78
75
59
48
35
36
29
30
29
25
12
-6
23
21
30
45
22
3
-4
-3
-17
-12
6
-12
-17
-9
-25
-24
-24
-31
-21
-17
-36
-45
-35
-39
-45
-44
-56
-49
-43
-54
-47
-37
-46
-40
-14
-12
-8
-31
-61
-80
-81
-67
-71
-79
-74
-77
-68
-83
-60
-47
-59
-59
-57
-51
-49
-53
-52
-49
-68
-58
-53
-46
-30
-29
-47
-41
-35
-44
-51
-61
-64
-76
-65
-55
-46
-29
-17
-16
-38
-54
-52
-40
-50
-46
-50
-37
-18
-22
9
29
43
45
40
51
49
55
62
36
42
47
33
18
37
37
39
52
48
48
45
43
46
39
47
30
27
46
38
53
74
73
82
81
66
76
63
68
75
62
75
78
59
58
57
50
54
50
70
55
55
52
35
30
41
53
42
45
42
31
29
25
14
12
11
-5
-19
-5
-3
8
13
13
24
30
28
28
25
18
24
9
-9
0
-11
-16
-19
-32
-31
-43
-39
-37
-40
-38
-43
-41
-41
-33
-33
-35
-38
-38
-35
-42
-45
-63
-70
-83
-97
-89
-85
-80
-72
-69
-72
-69
-58
-50
-43
-45
-52
-55
-66
-67
-68
-69
-71
-90
-88
-95
-99
-88
-76
-50
-42
-39
-34
-30
-39
-48
-46
-46
-50
-56
-35
-36
-48
-34
-34
-37
-18
-6
-3
15
15
1
7
1
-12
-14
-8
0
2
19
18
34
43
41
52
70
72
71
75
85
84
79
77
77
76
60
71
73
85
103
103
107
115
109
95
104
106
109
111
115
114
93
103
91
90
104
92
93
72
86
90
88
95
82
80
82
73
63
60
42
40
28
17
24
16
-1
-13
-10
-1
-14
3
-7
-13
-10
-7
-19
-21
-26
-42
-57
-65
-56
-58
-48
-53
-61
-74
-83
-94
-98
-91
-86
-87
-84
-92
-99
-94
-91
-91
-98
-104
-95
-87
-90
-83
-87
-95
-94
-90
-87
-94
-94
-105
-104
-97
-111
-96
-92
-74
-68
-76
-58
-48
-50
-45
-43
-54
-44
-53
-47
-30
-34
-34
-30
-22
-12
-16
1
7
4
16
10
15
5
3
12
9
31
41
48
68
65
66
68
58
55
49
59
67
65
73
69
66
57
74
66
62
80
79
98
103
102
100
79
73
82
82
79
85
77
54
52
61
57
57
59
60
58
66
69
73
77
84
80
76
66
56
64
46
53
48
44
49
31
11
6
-2
-17
5
10
18
23
15
11
-4
-18
-34
-34
-32
-38
-29
-32
-34
-23
-24
-21
-19
-19
-22
-26
-33
-35
-40
-54
-63
-71
-69
-74
-82
-76
-87
-86
-72
-79
-72
-75
-95
-81
-82
-93
-78
-85
-89
-82
-83
-81
-79
-77
-71
-64
-65
-53
-46
-40
-40
-47
-38
-58
-61
-58
-59
-58
-60
-60
-53
-47
-36
-33
-19
-7
-15
11
24
27
30
23
7
4
3
11
15
34
48
34
47
50
44
43
49
59
47
41
40
42
38
34
37
31
37
32
42
61
62
61
62
67
83
89
86
91
86
73
74
72
65
71
63
52
57
57
52
37
48
52
64
80
85
84
64
64
55
47
37
39
26
29
16
19
22
11
17
2
6
3
2
7
-4
-4
-12
-25
-31
-43
-43
-45
-48
-51
-50
-53
-52
-44
-41
-38
-52
-61
-68
-70
-72
-64
-63
-55
-56
-62
-59
-64
-51
-49
-51
-49
-53
-64
-64
-53
-55
-56
-58
-59
-58
-50
-57
-54
-48
-59
-55
-49
-35
-26
-20
-5
-9
-7
-6
-14
-6
-17
-13
-6
-4
-1
2
12
12
8
6
5
19
24
10
14
11
-5
-4
-4
-10
-2
-13
-11
0
5
6
5
-8
4
12
3
24
22
23
25
28
35
27
19
35
37
40
47
47
53
63
71
63
52
54
48
49
64
55
58
48
46
54
59
71
66
61
53
56
55
53
63
54
53
56
53
48
43
41
39
37
35
27
26
29
15
14
12
7
-2
2
6
0
-9
-25
-29
-32
-33
-28
-26
-24
-29
-31
-23
-13
-16
-26
-37
-37
-48
-47
-60
-58
-52
-51
-49
-49
-36
-45
-44
-37
-40
-41
-48
-47
-48
-45
-51
-55
-44
-57
-50
-46
-47
-55
-48
-43
-42
-49
-51
-45
-61
-62
-57
-64
-49
-55
-56
-51
-56
-43
-44
-38
-31
-26
-11
-15
-10
-4
-10
-2
5
11
9
-4
-6
11
18
26
24
20
22
17
35
43
47
43
42
43
43
38
34
40
35
31
42
35
43
48
45
59
67
68
72
74
70
68
56
58
49
49
38
31
24
28
28
25
30
29
33
26
29
35
28
24
17
16
13
13
14
10
8
10
8
1
3
6
1
5
14
11
14
17
4
12
8
7
8
-14
-18
-24
-24
-23
-11
-3
-7
-3
0
-2
7
2
-6
-15
-26
-23
-27
-26
-27
-27
-28
-30
-25
-25
-27
-29
-30
-23
-22
-17
-12
-23
-22
-24
-30
-30
-34
-36
-33
-29
-21
-20
-14
-8
-11
-7
-14
-17
-28
-27
-28
-40
-31
-34
-25
-25
-29
-21
-23
-27
-26
-12
-12
-12
-5
-17
-18
-17
-14
-20
-20
-11
-12
-15
-12
-9
-16
-6
-2
9
9
9
9
1
4
1
-5
5
2
-6
-4
-10
2
-1
-1
8
15
13
24
21
18
33
28
29
26
24
24
11
17
28
27
34
34
31
32
30
35
28
21
14
16
19
19
26
25
23
26
21
20
25
25
26
25
32
33
32
21
16
21
10
17
8
12
25
11
17
9
16
18
11
19
25
19
11
9
0
0
-6
-10
-12
-10
-17
-17
-9
-13
-10
-4
-1
0
7
3
-2
7
7
-6
-7
-21
-25
-20
-27
-21
-15
-9
-24
-15
-10
-9
-5
-8
-14
-22
-29
-28
-15
-28
-34
-21
-30
-29
-18
-15
-15
-22
-21
-28
-32
-30
-25
-26
-24
-30
-27
-20
-21
-24
-23
-25
-25
-28
-20
-9
-8
-20
-22
-17
-26
-21
-6
-3
-8
-16
-11
-11
-4
-4
-6
-3
-1
-1
9
25
29
22
11
9
4
-4
8
9
13
15
18
18
16
20
17
18
20
16
27
18
23
40
26
16
21
31
26
23
24
30
28
32
39
45
45
33
35
32
29
30
29
31
19
8
8
15
7
3
19
23
19
22
23
26
19
14
17
6
3
-1
-8
-11
-4
1
-1
-8
-13
-11
-19
-19
-8
-8
-12
-10
-7
-8
-14
-13
-16
-30
-31
-29
-30
-28
-23
-17
-13
-10
0
-8
-15
-9
-9
-10
-20
-10
-8
-21
-25
-32
-32
-34
-30
-17
-21
-21
-18
-18
-19
-18
-12
-15
-16
-22
-20
-18
-20
-23
-17
-12
-15
-9
-12
-14
-7
-9
-6
-8
-17
-18
-24
-24
-23
-20
-16
-18
-15
-14
-10
-3
-3
1
7
3
-8
-1
-3
3
7
3
8
