1
3
1
1
0
2
3
2
4
2
3
2
1
2
-1
1
0
-1
0
1
1
-2
-1
0
2
1
2
1
-1
0
0
-1
-1
0
3
-1
-3
0
-2
-2
-3
1
0
-3
-2
-1
0
0
-1
-1
-1
-4
-2
1
3
1
1
0
1
1
1
3
1
2
0
0
0
2
0
0
1
1
1
0
2
-1
-2
0
1
3
2
0
3
2
-1
1
2
1
-1
1
0
2
2
0
1
2
-1
-2
2
1
0
0
-2
-1
-1
2
0
0
-1
-3
-2
0
1
-1
-3
-2
-2
-1
-1
-1
-3
-1
0
-2
0
1
-2
1
-1
-3
-2
-3
-5
-4
-2
-5
0
-4
-4
-1
-2
-3
-4
-2
-3
-3
-4
-1
-1
0
0
0
-3
-2
3
0
2
0
3
3
4
5
5
4
1
1
4
5
1
2
3
2
-1
0
2
1
1
2
0
3
4
3
5
5
5
3
3
2
2
2
0
1
0
0
-2
-2
2
-2
0
1
-1
1
0
-2
0
-1
-5
-5
-1
-1
0
-2
-3
-2
-3
-3
1
1
2
0
0
1
1
0
0
2
1
3
2
3
3
2
0
2
3
2
2
2
1
0
-1
0
0
-2
0
3
3
1
-1
-1
-1
-3
-3
-3
-4
-3
-2
-2
-2
0
-1
0
-2
-1
0
-2
0
0
2
0
-2
0
0
-3
-3
0
-3
-4
-4
-3
-2
-1
-1
-3
-3
-2
-1
-1
1
1
-1
-2
-1
0
-1
-2
0
-1
0
4
1
3
2
1
0
-2
-1
-1
1
-1
-1
0
-5
1
3
1
1
0
-1
1
-1
1
4
0
0
3
3
3
1
1
2
0
-2
2
1
-1
3
3
3
3
1
1
0
-1
1
2
3
3
-1
0
-1
-1
2
3
1
0
4
4
6
5
4
3
3
4
3
4
6
2
0
2
2
1
2
1
-1
0
0
-1
-1
1
4
4
1
3
1
1
1
0
0
1
1
0
3
3
0
-1
-2
-1
-2
-1
-2
-4
-3
-4
-4
-5
-3
-3
-3
-4
-3
-4
-6
-5
-3
-6
-3
-3
-3
-2
-3
-2
-1
-2
-1
-3
-4
-2
-4
-4
-2
-4
-3
-3
1
-2
-3
-1
-2
-2
-1
1
0
2
1
1
1
2
1
-1
4
5
4
6
3
2
2
1
1
1
2
2
2
1
-1
1
0
-2
0
2
1
-1
1
-1
-2
-1
-1
-1
-2
0
0
1
0
1
0
0
1
-1
1
1
-2
0
-2
-2
0
0
3
1
-1
2
0
-2
0
0
2
3
1
4
1
2
1
0
0
2
2
2
3
0
-1
3
3
1
1
0
-1
-2
1
0
0
0
-2
-3
1
1
-2
-2
0
-3
-2
0
-2
-2
-3
-4
-5
-3
0
1
-2
1
-4
-1
-1
-3
1
-1
0
-1
1
2
0
1
0
-3
-3
0
3
2
3
0
-1
1
-1
1
3
2
2
4
4
3
4
3
2
2
4
3
3
3
1
2
2
1
2
2
0
-3
1
1
0
1
1
1
0
0
2
1
-1
1
-4
-2
0
0
0
-2
-1
-3
-4
-3
-2
-3
-3
-2
-3
-4
-3
0
1
-1
-3
-1
-1
-3
0
-1
-2
0
-1
-1
-1
-1
2
-1
-1
0
0
2
0
-3
-3
-3
-1
-2
-2
-2
-3
-2
-2
0
-2
0
-1
-3
-1
0
-1
-2
-2
-2
-3
-4
-3
-2
0
2
1
-2
1
0
0
2
1
2
3
1
0
2
1
1
0
1
2
3
1
5
5
3
5
6
7
7
7
7
6
5
5
4
2
2
3
0
1
2
3
6
8
7
4
3
5
1
2
2
0
-2
-3
-1
3
1
1
1
1
-1
-1
2
3
2
0
-1
-2
-3
-5
-2
-5
-7
-9
-9
-6
-7
-5
-6
-8
-9
-6
-4
-5
-6
-5
-4
-6
-5
-3
-3
-3
-3
-3
-1
-1
-2
0
-1
-3
-3
-4
-1
-3
-3
-2
-2
-3
-2
-2
-2
-1
-2
-2
0
0
-1
0
1
3
1
2
5
3
7
9
8
7
9
5
5
8
6
5
8
7
6
8
8
6
6
5
7
6
3
2
2
-1
-3
-1
-1
-1
0
2
2
2
2
-1
0
0
-2
2
2
0
-2
-4
-4
-5
-5
-3
-5
-5
-7
-6
-9
-7
-7
-6
-7
-9
-10
-11
-10
-11
-10
-11
-8
-9
-11
-7
-6
-7
-6
-5
-4
-2
-4
-3
1
-4
-5
-1
0
1
4
5
4
4
3
4
4
4
1
0
-1
1
2
2
5
5
7
9
7
5
6
8
8
9
10
9
8
9
10
11
14
14
15
14
17
18
20
20
21
19
18
17
19
17
18
17
10
13
13
10
10
8
5
2
5
3
1
1
2
-1
-5
-3
0
-1
-4
-7
-9
-9
-8
-13
-17
-16
-17
-23
-25
-24
-25
-28
-28
-28
-30
-30
-34
-36
-35
-36
-39
-37
-35
-35
-32
-31
-28
-26
-26
-24
-21
-20
-18
-17
-13
-11
-11
-10
-9
-7
-6
-3
0
-2
-1
3
3
1
3
4
3
5
9
12
13
17
25
23
26
31
33
36
37
41
44
47
52
57
61
62
60
60
60
61
61
60
61
58
57
54
55
54
49
46
41
37
35
32
29
31
27
24
20
17
15
13
8
2
2
-5
-12
-16
-18
-26
-35
-41
-51
-59
-69
-77
-84
-92
-99
-108
-109
-112
-112
-113
-113
-110
-108
-105
-101
-95
-88
-80
-76
-69
-60
-55
-51
-43
-35
-35
-31
-28
-22
-21
-20
-16
-14
-12
-11
-12
-7
-5
-1
4
7
13
18
22
27
35
43
47
50
56
62
67
71
77
79
83
84
86
91
93
91
93
99
97
100
104
103
103
105
102
104
101
96
100
108
117
118
116
108
96
90
82
81
86
87
80
73
63
44
32
17
3
-12
-30
-47
-61
-71
-82
-90
-102
-114
-130
-143
-151
-158
-161
-163
-168
-171
-170
-172
-166
-157
-149
-146
-142
-134
-133
-124
-113
-105
-100
-96
-91
-83
-69
-54
-46
-39
-35
-41
-42
-32
-25
-19
-17
-16
-13
-11
-6
-2
-1
2
-1
-6
-4
4
14
23
24
30
30
32
42
49
63
70
70
71
69
73
77
81
86
86
88
82
81
85
86
84
84
79
77
81
85
86
87
85
78
73
74
80
83
90
90
87
87
93
98
106
113
115
115
110
113
120
126
131
139
144
144
135
125
105
81
69
58
51
47
33
17
-4
-26
-44
-63
-75
-87
-100
-117
-136
-151
-165
-175
-184
-194
-207
-227
-236
-236
-238
-237
-237
-242
-251
-247
-243
-234
-220
-212
-205
-200
-196
-185
-170
-157
-142
-133
-123
-118
-103
-79
-56
-34
-19
-13
-9
1
11
24
30
43
47
44
43
47
49
47
43
33
27
25
25
35
39
44
47
47
57
68
80
99
111
119
121
121
131
142
150
153
156
156
156
154
157
156
150
141
130
117
114
116
121
118
111
102
92
93
96
101
102
105
95
85
86
89
98
102
105
118
121
121
123
119
123
138
158
167
163
160
134
109
93
83
86
80
61
37
6
-26
-50
-72
-87
-102
-118
-143
-166
-181
-191
-194
-201
-212
-223
-229
-247
-255
-252
-250
-251
-273
-288
-295
-306
-298
-281
-276
-269
-271
-272
-269
-247
-232
-219
-209
-204
-189
-166
-148
-129
-110
-93
-74
-59
-42
-19
-1
12
24
25
30
47
66
88
101
93
71
50
37
27
28
40
46
49
49
56
63
70
74
82
81
91
111
127
158
186
192
188
194
190
192
198
200
195
185
169
170
160
143
133
116
96
82
82
90
96
100
109
101
100
93
94
94
93
94
85
82
89
91
94
100
97
109
120
140
160
188
210
220
208
189
177
175
162
161
167
161
143
97
49
0
-40
-69
-91
-94
-99
-107
-126
-147
-166
-192
-204
-232
-255
-266
-283
-302
-304
-308
-314
-315
-329
-340
-355
-368
-373
-368
-364
-356
-350
-353
-341
-321
-303
-302
-285
-267
-248
-217
-192
-165
-131
-102
-67
-29
-2
25
38
57
64
80
95
108
129
130
138
140
110
85
73
61
67
70
80
78
70
63
59
53
49
62
77
97
121
148
177
176
174
178
176
176
181
188
198
198
192
195
189
171
176
161
154
161
146
151
160
160
158
157
164
164
165
160
164
169
159
151
142
140
130
125
129
121
118
126
128
138
142
164
186
213
231
220
213
173
129
106
109
121
124
118
78
17
-67
-135
-189
-234
-244
-254
-270
-281
-296
-323
-330
-352
-384
-410
-436
-458
-461
-459
-430
-395
-384
-391
-413
-423
-425
-404
-402
-387
-380
-376
-370
-365
-336
-306
-294
-284
-254
-221
-189
-146
-91
-52
-18
32
62
109
143
162
180
185
196
214
236
254
272
264
251
222
186
169
159
152
143
146
130
121
122
128
126
138
145
145
156
169
202
225
245
231
228
238
236
221
231
237
224
210
208
203
202
210
190
173
151
134
128
123
104
91
73
57
42
25
32
34
36
50
45
46
48
39
52
56
57
42
14
2
-4
-8
-13
-14
-8
-4
21
84
146
189
177
134
86
37
36
65
104
158
179
153
81
4
-74
-149
-220
-268
-281
-290
-296
-287
-294
-325
-358
-405
-443
-456
-442
-430
-408
-377
-355
-329
-333
-340
-333
-335
-342
-347
-371
-378
-363
-322
-293
-258
-225
-203
-184
-159
-125
-92
-52
-18
8
58
113
158
194
215
236
247
274
279
287
296
293
305
295
288
275
253
227
199
181
181
164
161
164
172
158
140
140
133
116
115
137
139
141
140
148
143
117
104
110
116
115
107
101
108
97
94
87
77
54
33
12
2
11
6
21
3
-6
-10
-3
-1
-1
11
4
3
7
20
24
34
32
32
29
28
26
14
11
8
4
-18
-38
-48
-27
23
72
120
159
171
158
126
91
102
136
147
212
267
267
214
130
40
-83
-164
-226
-264
-298
-312
-317
-328
-340
-362
-400
-453
-485
-503
-488
-450
-391
-342
-305
-268
-262
-252
-254
-266
-269
-244
-206
-156
-93
-33
7
36
49
42
60
85
96
132
166
201
233
233
241
225
229
238
253
246
229
221
197
184
159
122
105
80
48
34
28
30
10
2
-10
-18
-28
-42
-65
-61
-49
-39
-44
-42
-54
-55
-62
-68
-85
-66
-95
-9
224
54
-20
-70
-114
-138
-74
-37
143
238
-4
-20
-113
-243
-163
-111
-18
107
132
127
96
108
51
29
57
110
188
262
263
281
275
229
200
150
118
87
86
61
66
81
59
42
15
-1
-2
56
124
182
241
272
199
147
146
185
282
374
431
407
340
212
104
34
-10
-20
-60
-93
-123
-156
-231
-322
-406
-494
-568
-594
-566
-519
-448
-431
-426
-429
-449
-433
-383
-293
-186
-101
-44
7
48
78
99
122
144
160
208
237
298
332
288
222
147
88
40
63
94
132
131
96
17
-80
-160
-228
-245
-246
-254
-238
-233
-250
-258
-279
-294
-297
-303
-280
-258
-224
-182
-142
-157
-201
-192
-175
-154
-117
-70
-32
-40
-62
-66
-60
-76
-66
-51
-54
-29
0
14
38
55
55
52
63
80
92
129
163
198
219
205
192
205
242
298
344
361
364
377
368
369
369
360
362
365
379
375
372
340
337
248
206
214
231
256
278
301
340
393
430
483
464
433
341
305
376
438
547
629
603
503
351
171
64
44
46
54
-2
-129
-281
-420
-557
-651
-711
-747
-776
-787
-791
-787
-804
-836
-827
-803
-745
-613
-492
-416
-357
-323
-339
-324
-253
-165
-79
-9
32
38
25
6
7
-3
-2
-11
-25
-25
-38
-50
-67
-114
-188
-245
-293
-324
-304
-311
-351
-395
-438
-468
-474
-450
-396
-348
-352
-322
-316
-347
-311
-271
-238
-182
-144
-111
-73
-33
9
47
115
155
176
191
213
248
269
293
310
334
325
331
356
364
363
348
365
373
402
444
445
418
409
399
404
443
468
515
530
513
510
486
543
564
574
584
582
579
561
578
548
549
466
426
396
373
388
455
583
667
704
605
477
359
324
465
659
834
890
759
502
228
70
51
138
162
69
-107
-381
-662
-840
-916
-929
-926
-986
-1095
-1203
-1296
-1361
-1343
-1319
-1217
-1108
-1050
-958
-892
-837
-808
-755
-666
-485
-342
-248
-226
-210
-177
-154
-51
27
137
125
18
-87
-129
-140
-152
-125
-149
-216
-349
-468
-538
-548
-538
-579
-655
-774
-831
-834
-839
-807
-739
-676
-643
-630
-574
-516
-417
-334
-255
-127
-6
90
142
200
276
357
415
518
670
760
796
801
809
830
864
900
948
964
909
896
842
827
863
842
817
724
683
620
693
765
802
809
778
723
648
648
646
756
846
896
874
860
830
764
723
744
777
763
810
921
1176
1327
1181
863
589
540
686
970
1192
1238
1044
467
-73
-241
-77
132
111
-197
-678
-1114
-1521
-1645
-1502
-1427
-1547
-1906
-2342
-2567
-2468
-2324
-2140
-1959
-1896
-1930
-2012
-1970
-1750
-1428
-1185
-958
-818
-689
-584
-479
-378
-194
39
161
248
333
426
445
452
369
358
536
612
564
442
294
119
53
38
-48
56
-42
-327
-538
-650
-628
-472
-469
-656
-723
-875
-998
-845
-680
-574
-461
-556
-661
-540
-381
-224
-51
113
216
291
382
442
667
841
952
1003
1031
1091
1094
1166
1190
1182
1177
1097
969
954
1010
1005
967
766
574
474
461
455
562
610
533
445
331
337
531
599
687
717
737
718
691
715
816
1020
871
942
798
897
1302
1653
1780
1543
1231
812
869
1080
1580
1878
1618
1065
363
-83
-194
15
97
-96
-560
-1368
-1942
-2166
-2052
-1890
-1908
-2229
-2735
-3038
-3197
-3077
-2800
-2546
-2370
-2362
-2408
-2300
-2039
-1691
-1318
-993
-814
-669
-555
-381
-76
239
418
531
560
637
815
984
1155
1186
1111
912
926
984
1006
849
608
437
280
177
78
99
-87
-249
-529
-752
-789
-691
-748
-878
-937
-1113
-1179
-1174
-1176
-1088
-971
-998
-943
-764
-579
-383
-211
-146
-37
138
252
473
731
923
1049
1055
1068
1115
1181
1243
1240
1204
1099
985
910
920
964
952
724
449
246
214
325
441
522
382
321
196
166
247
436
720
725
718
609
689
756
956
1089
975
1091
909
1159
1608
2042
2351
2113
1493
908
1223
1529
2124
2399
2147
1715
876
200
-17
409
460
198
-476
-1369
-1821
-2179
-2267
-2085
-2022
-2451
-3036
-3538
-3761
-3470
-3153
-2887
-2671
-2655
-2778
-2802
-2614
-2089
-1376
-975
-807
-722
-696
-485
-84
369
738
1031
1031
1063
1242
1511
1700
1685
1597
1567
1643
1578
1521
1505
1311
1061
678
485
410
364
280
99
-126
-430
-641
-963
-1032
-1060
-1096
-1167
-1402
-1608
-1651
-1620
-1569
-1365
-1175
-1142
-1115
-1069
-1024
-746
-486
-297
-81
114
215
311
483
638
836
1017
1057
1083
1024
977
968
958
978
940
843
730
612
533
485
388
226
125
96
128
244
227
208
199
161
171
357
441
593
683
660
758
860
1040
1124
1188
1187
1239
1718
2073
2589
2313
1862
1335
1370
1749
2295
2698
2280
1880
1064
494
318
505
659
354
-223
-1209
-1800
-2077
-2112
-1876
-1973
-2314
-2920
-3390
-3686
-3496
-3063
-2818
-2682
-2749
-2809
-2730
-2434
-1923
-1342
-942
-749
-665
-578
-304
114
511
830
1019
1077
1144
1393
1576
1920
2260
2054
1739
1379
1441
1639
1856
1576
1487
1394
658
342
102
214
446
336
-385
-828
-984
-1393
-1241
-1155
-1390
-1447
-1794
-2402
-2372
-1943
-1886
-1701
-1556
-1644
-1553
-1467
-1436
-1037
-492
-331
-201
-139
-113
137
430
690
948
1183
1100
984
1071
1228
1338
1321
1138
863
756
694
681
817
796
521
274
-8
-77
90
391
419
399
260
47
145
271
594
863
918
847
800
847
998
1308
1417
1529
1692
1954
2217
2503
2238
1963
1684
1751
2010
2298
2489
2280
1999
1216
716
552
509
474
103
-386
-1121
-1673
-2050
-2181
-2046
-2288
-2613
-3074
-3477
-3574
-3467
-3323
-3128
-2976
-2974
-2916
-2751
-2515
-2041
-1585
-1323
-1067
-787
-548
-224
244
612
939
1043
1111
1311
1501
1747
1903
1994
1943
1943
1842
1744
1750
1718
1844
1555
1177
736
716
714
559
244
-194
-277
-625
-900
-1228
-1188
-1206
-1445
-1718
-2104
-2079
-2064
-2018
-1877
-1751
-1698
-1898
-1923
-1698
-1241
-825
-727
-646
-465
-266
-86
189
509
759
928
958
916
1023
1210
1344
1387
1339
1184
894
747
700
814
915
780
452
195
38
-21
45
159
155
135
-14
-50
18
310
354
392
530
519
855
1035
1100
1221
1476
1379
1396
1998
2450
2851
2548
1802
1533
1804
1994
2108
2632
2443
1885
1118
350
354
609
531
45
-433
-1232
-1967
-2179
-2367
-2225
-2128
-2586
-3230
-3578
-3724
-3557
-3209
-3009
-2726
-2627
-2740
-2657
-2225
-1729
-1117
-699
-552
-393
-180
64
471
957
1238
1475
1540
1579
1822
2062
2133
2153
2128
2074
1979
1876
1711
1703
1450
1319
1268
1107
770
338
101
-56
-15
-481
-715
-849
-1200
-1489
-1736
-1816
-1808
-1898
-2223
-2358
-2201
-2200
-2086
-1964
-1936
-1870
-1751
-1656
-1407
-906
-633
-449
-304
-194
61
274
468
753
1049
1123
1053
1019
997
1037
1121
1109
948
773
615
455
541
537
517
264
42
-131
-168
-38
25
244
194
167
32
191
329
591
834
995
1275
1317
1295
1388
1482
1759
2021
2430
2739
2953
2655
2115
2054
2115
2314
2426
2683
2569
1934
1245
630
606
549
305
-34
-608
-1322
-2079
-2355
-2449
-2405
-2444
-2868
-3337
-3731
-3815
-3735
-3404
-3097
-2861
-2734
-2770
-2590
-2146
-1656
-1192
-658
-423
-239
-7
278
661
1132
1471
1625
1719
1700
1824
2042
2097
2092
2041
1860
1626
1571
1461
1332
1044
866
593
301
257
-11
-176
-564
-862
-1071
-1017
-1199
-1557
-1471
-1741
-1839
-1961
-2155
-2194
-2021
-1956
-2001
-1690
-1719
-1642
-1500
-1465
-1144
-758
-525
-307
7
113
190
371
589
842
1091
1192
1116
1234
1291
1330
1377
1286
1160
1055
968
874
833
771
708
571
424
221
-19
43
133
265
311
214
133
63
266
409
781
929
975
1037
1062
1271
1293
1514
1514
1787
2318
2680
2756
2350
1914
1591
1758
1934
2124
2509
2267
1669
808
272
78
111
43
-416
-954
-1825
-2645
-2973
-2964
-2799
-2807
-3193
-3756
-4069
-4122
-4006
-3542
-3069
-2778
-2675
-2661
-2494
-2037
-1404
-758
-210
91
296
425
742
1188
1665
1963
2155
2245
2236
2321
2376
2430
2443
2393
2151
1913
1695
1535
1344
1111
768
502
257
179
-121
-415
-684
-943
-1066
-1264
-1399
-1581
-1490
-1750
-1944
-2023
-2182
-2082
-1934
-1851
-1758
-1515
-1559
-1558
-1310
-1166
-876
-603
-394
-128
135
157
220
474
636
858
1048
1050
1008
1022
969
1001
1074
1111
990
794
655
540
471
479
382
341
245
90
11
-81
-48
67
267
275
332
433
558
623
710
918
1199
1476
1531
1409
1343
1389
1526
2226
2926
3195
2629
1871
1373
1481
2001
2318
2714
2538
1690
684
-47
-268
-128
79
-354
-1017
-1941
-2970
-3273
-3164
-2888
-2760
-3190
-3959
-4398
-4408
-4181
-3531
-2922
-2675
-2512
-2599
-2513
-1975
-1258
-544
97
463
524
660
888
1319
1974
2365
2493
2491
2355
2328
2472
2629
2672
2595
2235
1829
1558
1413
1260
1104
866
451
46
-422
-677
-536
-452
-818
-1313
-1747
-1909
-1785
-1701
-1676
-1392
-1459
-1945
-2191
-2179
-1833
-1266
-975
-1012
-937
-1096
-1229
-826
-349
94
391
248
21
138
294
472
835
1131
1114
944
606
470
702
896
966
861
668
288
48
63
217
393
359
160
-49
-93
-22
175
208
252
87
306
584
762
901
799
832
790
1174
1293
1556
1732
1658
1580
1710
2408
3110
3205
2242
1502
1442
1592
1866
2278
2571
2229
1118
-152
-691
-492
-282
-407
-963
-1868
-2881
-3656
-3807
-3405
-3074
-3211
-3854
-4512
-4679
-4504
-3937
-3176
-2549
-2265
-2347
-2337
-1958
-1146
-218
536
965
1118
1090
1282
1781
2389
2876
3046
2975
2738
2646
2692
2746
2782
2667
2333
1857
1432
1177
1054
905
545
121
-249
-585
-858
-1001
-957
-1054
-1390
-1853
-2006
-1868
-1731
-1594
-1614
-1498
-1567
-1757
-1742
-1542
-1178
-873
-667
-619
-607
-637
-603
-256
115
427
490
344
244
321
441
538
687
765
628
424
240
249
372
432
432
303
178
-57
-170
-88
16
57
74
66
19
35
25
44
269
474
699
833
766
699
732
897
1190
1429
1546
1511
1482
1311
1589
2405
3160
3408
2804
2015
1498
1662
1930
2490
3017
2788
1774
304
-619
-767
-446
-297
-586
-1333
-2657
-3786
-4191
-3827
-3189
-3079
-3704
-4560
-5054
-5076
-4505
-3566
-2700
-2254
-2291
-2451
-2109
-1278
-265
728
1354
1551
1540
1670
2008
2624
3201
3420
3357
3161
2974
2862
2829
2793
2761
2469
1989
1467
1049
726
512
294
-25
-477
-979
-1273
-1439
-1516
-1580
-1601
-1740
-1693
-1921
-1927
-1870
-1707
-1486
-1343
-1142
-1142
-1037
-1068
-924
-608
-356
-151
-148
-270
-292
-184
-36
250
491
335
172
-34
-159
-2
227
259
121
-84
-354
-460
-336
-121
7
76
-107
-306
-386
-253
-21
320
572
478
356
287
272
455
843
1062
1268
1207
946
813
977
1162
1493
1663
1605
1434
1360
1211
1823
2909
3765
3647
2396
1460
1116
1726
2294
3142
3562
2829
1192
-521
-921
-520
58
60
-670
-1985
-3571
-4499
-4437
-3596
-2953
-3234
-4145
-5080
-5466
-5071
-4221
-3133
-2253
-2057
-2247
-2277
-1735
-764
350
1327
1867
2044
1969
2067
2521
3121
3580
3694
3606
3293
2996
2746
2604
2538
2354
2015
1475
914
343
-103
-395
-567
-794
-1092
-1497
-1776
-1782
-1637
-1646
-1773
-1964
-1944
-1840
-1670
-1335
-997
-722
-816
-942
-1018
-806
-466
-143
142
115
-55
-403
-502
-285
-166
-52
-112
-247
-355
-508
-629
-649
-579
-501
-491
-517
-548
-659
-650
-554
-375
-174
-179
-241
-178
-56
152
436
541
748
780
755
738
901
1169
1445
1585
1458
1405
1170
1184
1325
1598
1738
1779
1628
1335
1595
2336
3557
3981
3299
2215
1474
1655
2191
3281
3989
3910
2474
306
-921
-1076
-330
169
-170
-1313
-3066
-4515
-5094
-4447
-3467
-3155
-3643
-4700
-5438
-5555
-4924
-3763
-2588
-1859
-1851
-1978
-1896
-1253
-87
1107
2046
2522
2522
2399
2490
2846
3419
3751
3800
3551
3105
2578
2166
2010
1906
1723
1245
705
52
-509
-907
-1139
-1206
-1369
-1647
-1918
-2057
-1904
-1783
-1710
-1648
-1445
-1285
-1238
-1004
-766
-226
-61
-146
-191
-182
-80
-26
166
225
243
14
-351
-471
-558
-611
-645
-701
-800
-973
-1210
-1396
-1339
-1229
-1075
-948
-977
-1028
-991
-802
-487
-136
88
251
231
282
450
722
1026
1285
1377
1384
1269
1206
1230
1450
1611
1599
1419
1291
1179
842
887
1026
1454
1497
1365
1491
1981
3279
3775
3448
2225
1640
1950
2422
3350
4079
4709
3388
971
-707
-979
-138
193
102
-801
-2470
-4327
-5514
-4859
-3851
-3365
-3821
-4789
-5496
-5910
-5615
-4613
-3162
-1996
-1747
-1905
-1885
-1326
-399
612
1868
2688
2882
2717
2578
2856
3195
3452
3611
3636
3305
2671
1958
1434
1230
1037
753
336
-174
-779
-1403
-1809
-1925
-1853
-1730
-1735
-1687
-1619
-1595
-1671
-1251
-624
-42
235
236
105
272
579
710
1166
1267
1020
696
372
82
102
118
-27
-158
-576
-1186
-1595
-1831
-1756
-1628
-1549
-1754
-1980
-2032
-2012
-1703
-1377
-978
-771
-630
-483
-177
281
698
1007
1244
1305
1224
1417
1628
1830
1950
1913
1671
1558
1514
1296
1216
1013
885
802
687
520
610
726
790
697
952
1734
3196
3740
3172
2091
1518
1849
2292
3397
4477
5134
3685
1141
-637
-1080
-400
79
303
-371
-2225
-4520
-5967
-5514
-4400
-3506
-3554
-4379
-5399
-6278
-6214
-5084
-3232
-1748
-1243
-1540
-1860
-1607
-834
487
2005
2988
3196
2825
2573
2740
2969
3176
3330
3337
3087
2558
1891
1222
658
215
-78
-230
-451
-789
-1374
-1892
-2217
-2173
-1744
-1122
-671
-651
-919
-1161
-923
-383
559
1339
1823
1646
992
550
629
1184
1612
1661
1224
599
-177
-684
-659
-450
-347
-709
-1340
-1895
-2237
-2306
-2050
-1741
-1655
-1766
-1880
-1816
-1458
-1015
-517
-103
178
334
479
797
1112
1494
1670
1704
1622
1617
1652
1687
1663
1437
1126
989
928
824
698
-127
41
467
402
903
999
505
298
456
1831
4018
4105
3215
2129
1695
1977
2972
4026
5097
4932
2638
289
-1071
-810
-271
42
-217
-1551
-3384
-5219
-5728
-4995
-4383
-4186
-4350
-4588
-4928
-5173
-5390
-4699
-3506
-2262
-1149
-659
-374
-540
-660
-87
1077
2285
3046
3104
2794
2183
1573
1427
1789
2338
2381
1794
731
-327
-967
-1059
-689
-418
-520
-982
-1615
-1772
-1619
-954
-178
281
355
208
226
374
1065
1737
2480
2667
2327
1921
1511
1345
1345
1432
1303
902
339
-314
-755
-1040
-1276
-1417
-1579
-1595
-1810
-2126
-2367
-2552
-2202
-1807
-1416
-1021
-876
-742
-714
-501
26
625
1074
1377
1411
1196
1173
1198
1473
1716
1719
673
905
1878
982
69
309
276
-263
237
-302
110
541
-568
-610
342
154
1823
3530
3325
3855
3559
2006
1487
2997
3778
4353
5573
5178
3405
1222
-885
-1069
-692
-917
-736
-1265
-3332
-5317
-5934
-6275
-5231
-4344
-4633
-4521
-4640
-5126
-5025
-4183
-2924
-1594
-937
165
734
660
556
845
1518
2418
3227
3364
3004
2187
1250
369
441
726
646
143
-849
-1819
-2745
-3439
-3186
-2611
-2332
-1881
-1799
-2095
-1851
-1289
-392
1007
1995
2638
2579
2542
2770
3230
4034
4821
5113
4645
3855
2858
2228
1706
1409
1208
623
-357
-1432
-2476
-3257
-3490
-3705
-3708
-3527
-3495
-3508
-3639
-3589
-3065
-2295
-1328
-238
561
894
1137
1379
1836
2424
3029
3540
3574
3234
2453
1768
1406
1298
1362
960
203
-505
-1339
-1944
-2127
-2081
-1868
-1798
-1788
-1688
-1718
-1690
-921
-140
566
1931
3622
5064
5141
4197
3206
3339
3801
4931
6319
7004
6122
3544
723
-944
-1313
-1402
-1411
-1486
-2711
-4644
-6623
-7288
-6889
-6313
-5585
-5044
-4451
-4573
-4776
-4493
-3636
-2081
-416
1104
2407
2899
2545
2221
2580
3236
3870
4339
4290
3478
2057
552
-513
-1008
-1270
-1523
-1964
-2683
-3884
-4916
-5497
-5381
-4670
-3830
-2960
-2233
-1857
-1636
-779
415
2017
3434
4323
4871
5089
5284
5510
5920
6242
6346
5746
4747
3598
2399
1347
367
-339
-990
-2049
-3155
-4128
-4907
-5432
-5479
-5220
-4719
-4152
-3776
-3355
-2947
-2239
-1251
48
1247
2252
2894
3134
3417
3786
4114
4164
4148
3843
3337
2627
1738
921
58
-671
-1334
-1921
-2538
-3044
-3466
-3819
-3781
-3507
-3011
-2657
-2162
-1601
-947
-208
719
2266
4028
5858
6505
6028
4981
4467
4603
5204
6362
7028
6674
4536
1585
-723
-2196
-2781
-2975
-2878
-3403
-4798
-6592
-7729
-7829
-7511
-6663
-5586
-4398
-3597
-3307
-2993
-2435
-1542
-152
1777
3694
4920
5139
4587
3828
3501
4025
4276
4202
3722
2308
440
-1192
-2535
-3308
-3368
-3902
-4410
-4960
-5810
-6251
-6402
-6209
-5093
-3845
-2762
-1368
-154
688
1396
2225
3391
4683
5820
6748
7241
7206
6697
6112
5536
5060
4570
3625
2497
1267
-166
-1556
-2660
-3486
-4072
-4734
-5321
-5597
-5739
-5686
-5167
-4289
-3298
-2429
-1587
-652
319
1428
2517
3482
4284
4691
4679
4732
4650
4329
4033
3548
2744
1811
783
-155
-1016
-1896
-2753
-3397
-3866
-4418
-4590
-4498
-4152
-3790
-3251
-2610
-1862
-1178
-419
538
1977
3730
5638
6826
6679
5796
4988
4642
4821
5679
6414
6396
4901
2331
-342
-2425
-3618
-4052
-3836
-3818
-4583
-5930
-7304
-7978
-7898
-7066
-5657
-4038
-2948
-2358
-1799
-1225
-465
774
2317
3753
4941
5652
5786
5494
4879
4107
3417
3147
2922
2279
1208
-412
-2260
-3961
-5086
-5370
-5263
-5303
-5546
-5956
-6502
-6555
-5918
-4651
-3091
-1512
-50
1132
2323
3169
3851
4577
5418
6200
6945
7440
7485
6899
5944
4976
3869
2892
2031
1064
63
-1152
-2320
-3370
-4362
-5188
-5512
-5525
-5377
-4887
-4420
-3997
-3338
-2437
-1409
-239
904
1949
2887
3713
4414
4842
4865
4661
4286
3874
3424
2952
2341
1338
263
-822
-1895
-2687
-3197
-3691
-4021
-4305
-4582
-4830
-4665
-4120
-3416
-2601
-1678
-781
-21
721
1878
3352
5066
6451
6640
5884
5065
4611
4545
4931
5495
5708
4450
2231
-175
-2389
-4014
-5072
-5114
-4659
-4743
-5365
-6152
-7073
-7595
-7449
-6342
-4306
-2458
-1177
-281
137
417
923
2071
3775
5233
6164
6420
6134
5301
4107
3195
2854
2531
1993
1213
-70
-1719
-3541
-4886
-5525
-5763
-5859
-5699
-5615
-5659
-5483
-5129
-4433
-3409
-1998
-291
1438
2827
3732
4091
4342
4726
5335
6225
7117
7498
7039
5886
4511
3069
1965
1295
806
141
-780
-2029
-3376
-4574
-5381
-5448
-5331
-4817
-4255
-3889
-3543
-3162
-2579
-1497
-263
1017
2310
3235
3748
3978
4034
4113
4202
4066
3760
3376
2679
1723
839
62
-766
-1515
-2286
-2993
-3404
-3834
-4076
-4081
-4066
-3982
-3759
-3326
-2687
-1677
-786
271
1754
2967
4266
5108
5123
4598
4211
4283
4757
5397
5745
5377
4046
2052
-193
-1819
-3159
-4023
-4226
-4261
-4649
-5066
-5970
-6529
-7050
-6901
-5834
-4668
-2886
-1933
-870
-374
102
805
1922
3042
4196
5302
5794
5985
5485
4595
3862
3004
2578
2251
1716
873
-390
-1747
-3229
-4278
-5061
-5392
-5460
-5238
-4980
-4838
-4604
-4377
-3938
-2795
-1209
359
1582
2558
3067
3271
3889
4578
5458
6187
6346
6103
5585
4664
3551
2772
1963
1118
687
-43
-976
-1867
-3128
-4110
-4485
-4605
-4371
-3966
-3670
-3269
-2887
-2523
-1895
-1022
-6
1064
2161
3009
3369
3472
3406
3285
3419
3509
3390
3036
2268
1439
740
91
-435
-1088
-1677
-2176
-2601
-2816
-2940
-3145
-3352
-3434
-3221
-2591
-1861
-1242
-384
600
1628
3032
3928
3811
3173
2776
2769
3270
4309
5162
5123
3955
1907
-135
-1610
-2888
-3452
-3097
-3096
-3335
-3886
-4912
-5791
-6472
-6534
-5582
-4310
-3142
-2234
-1597
-1154
-879
-333
575
1527
2626
3664
4570
5051
4796
4244
3593
2854
2406
2239
2108
1797
1066
145
-895
-2045
-3018
-3641
-3961
-3852
-3543
-3241
-2979
-2935
-2910
-2668
-2157
-1235
-129
833
1690
2326
2715
3141
3482
3794
4130
4394
4488
4378
4022
3243
2477
1829
1347
954
510
-114
-862
-1616
-2350
-2713
-2749
-2778
-2699
-2493
-2347
-2075
-1790
-1546
-1089
-457
257
969
1491
1747
1703
1647
1638
1765
1935
2053
1990
1640
1207
696
314
54
-94
-164
-352
-756
-1167
-1565
-1771
-1790
-1718
-1488
-1322
-986
-445
101
887
1501
1434
1138
975
1001
1404
2020
2652
2990
2604
1660
590
-253
-1209
-1904
-1947
-2105
-2182
-2110
-2453
-3003
-3729
-4401
-4397
-4016
-3427
-2670
-2035
-1636
-1510
-1332
-1055
-859
-519
72
839
1726
2283
2533
2522
2060
1534
1266
1151
1183
1333
1399
1494
1232
557
-227
-998
-1453
-1487
-1057
-429
-52
-140
-360
-760
-1139
-1195
-791
-139
504
1167
1512
1394
1195
910
652
953
1366
1820
2310
2349
1966
1508
941
509
435
628
727
740
555
53
-307
-600
-825
-754
-525
-443
-317
-308
-441
-488
-449
-356
-173
42
219
196
145
64
68
232
315
478
560
459
337
186
206
337
509
632
631
468
74
-289
-124
320
826
1383
1705
1327
643
255
-9
40
585
1105
1554
1659
973
119
-686
-1684
-2203
-2135
-1930
-1574
-1522
-1830
-2308
-2972
-3597
-3803
-3557
-3131
-2666
-2123
-1770
-1793
-1761
-1578
-1448
-1217
-931
-480
-5
301
615
882
888
797
802
909
934
845
963
1061
1073
1203
1148
968
665
227
-26
11
275
655
874
771
553
53
-395
-483
-236
228
700
939
1002
794
488
210
21
208
596
1047
1456
1619
1446
1160
742
506
484
607
901
1164
1231
1085
869
485
52
-79
44
132
360
373
131
-118
-408
-582
-560
-468
-365
-233
-150
-250
-330
-416
-431
-276
-38
259
463
558
485
451
444
541
680
914
1251
1459
1613
1663
1602
1267
882
791
694
776
958
1052
976
481
-270
-754
-1257
-1763
-1929
-2052
-2197
-2376
-2568
-2601
-2668
-2925
-3169
-3277
-3314
-3187
-2787
-2247
-1754
-1407
-1187
-1132
-1193
-1233
-1079
-689
-179
309
669
582
234
-41
-265
-213
67
353
627
729
559
330
110
-54
-30
150
357
588
669
739
735
570
462
476
501
519
793
1042
1101
1149
961
736
692
478
497
801
760
677
761
680
666
697
641
727
799
704
702
808
785
794
947
983
992
1025
890
758
713
606
557
504
348
288
236
122
65
36
-162
-339
-463
-422
-310
-223
-61
21
-6
-104
-103
-33
136
287
424
763
1188
1380
1621
1849
1834
1677
1455
1226
1071
1021
1024
1173
1340
1049
450
-135
-978
-1790
-2163
-2278
-2352
-2226
-2290
-2502
-2700
-3271
-3651
-3726
-3747
-3450
-2882
-2371
-1996
-1726
-1667
-1690
-1653
-1504
-1162
-629
-130
282
562
521
234
-21
-195
-220
-22
198
384
432
212
-34
-271
-477
-482
-432
-198
23
261
435
414
286
202
211
306
494
746
922
997
1060
1012
1058
991
791
750
723
753
1000
1118
1015
894
656
474
477
581
782
1008
1078
997
931
819
674
680
877
1007
1161
1222
1074
887
677
523
484
537
529
562
577
382
115
-152
-303
-342
-277
-140
-9
82
69
58
-13
-182
-157
-19
333
807
1161
1621
1857
1780
1543
1350
1185
1166
1396
1556
1774
1754
1347
806
220
-568
-1229
-1511
-1780
-1828
-1762
-1907
-2260
-2768
-3334
-3679
-3783
-3694
-3460
-3069
-2775
-2653
-2468
-2377
-2360
-2181
-1874
-1501
-1042
-618
-290
-26
53
52
23
-23
-97
-154
5
227
306
363
309
102
-173
-377
-318
-80
154
376
538
399
229
128
113
232
482
659
704
866
744
673
727
482
491
611
496
602
778
723
763
729
555
464
422
496
663
875
942
953
1001
912
950
1129
1202
1349
1347
1194
1153
1004
960
1082
1122
1167
1154
976
648
385
208
120
154
125
171
182
75
-33
-111
-152
-164
-103
86
405
624
887
1172
1418
1434
1255
1374
1299
1318
1540
1641
1915
1915
1457
1048
398
-532
-948
-1222
-1419
-1323
-1468
-1834
-2342
-3036
-3521
-3649
-3607
-3540
-3200
-2920
-2945
-2921
-2850
-2830
-2741
-2493
-2177
-1724
-1327
-1016
-710
-536
-508
-447
-353
-247
-110
135
309
291
281
244
92
-71
-141
-175
7
261
506
671
493
344
163
10
193
380
693
981
1015
887
674
524
303
172
421
574
675
854
596
392
294
-69
-97
162
246
548
828
728
609
533
465
581
899
1119
1358
1642
1673
1581
1530
1355
1253
1314
1365
1560
1710
1589
1326
1049
712
515
462
416
437
430
327
243
50
-147
-300
-406
-203
77
389
724
966
1070
831
759
852
821
1070
1305
1413
1726
1614
1258
1100
520
-88
-377
-886
-1083
-1192
-1396
-1517
-1981
-2485
-2935
-3407
-3542
-3583
-3397
-2956
-2820
-2739
-2710
-2896
-2901
-2813
-2636
-2080
-1625
-1188
-766
-752
-765
-725
-753
-625
-402
-67
289
420
444
361
139
-19
-152
-101
109
152
408
506
353
310
228
221
284
475
542
722
886
691
670
681
455
332
625
492
527
838
496
524
549
183
190
281
96
213
510
408
524
709
576
601
809
853
982
1275
1324
1404
1516
1433
1476
1599
1571
1574
1620
1500
1380
1302
1200
1185
1146
984
863
755
668
541
347
231
48
-95
57
223
252
453
573
524
517
495
522
613
750
867
939
1132
1033
827
717
298
25
-110
-463
-639
-714
-1067
-1332
-1646
-2061
-2284
-2568
-2826
-2994
-3075
-3024
-2949
-2808
-2733
-2759
-2734
-2748
-2649
-2369
-2086
-1690
-1322
-1223
-1088
-987
-1009
-878
-640
-489
-259
-90
21
119
78
108
132
-40
-68
55
229
480
370
516
441
293
400
164
443
437
451
691
565
690
646
445
552
488
318
753
634
527
863
406
510
684
325
533
549
403
553
630
738
857
951
962
839
975
949
926
1262
1247
1355
1598
1477
1476
1405
1157
1185
1239
1243
1411
1404
1330
1186
949
869
796
674
684
652
587
663
556
496
505
459
430
491
519
446
512
552
551
601
600
442
371
300
36
-75
-212
-486
-692
-836
-1097
-1273
-1368
-1743
-1960
-2160
-2369
-2456
-2511
-2546
-2564
-2525
-2569
-2570
-2534
-2494
-2448
-2269
-2071
-1955
-1738
-1637
-1572
-1362
-1181
-1063
-898
-771
-657
-454
-273
-121
-52
8
-62
-94
34
104
259
393
455
428
440
361
204
275
180
210
426
536
554
567
539
379
317
308
304
440
597
679
753
841
730
653
645
564
711
935
1114
1234
1193
1138
1051
973
1022
1061
1159
1264
1308
1376
1397
1297
1206
1159
1100
1131
1174
1250
1264
1280
1286
1146
1037
897
708
707
735
756
905
888
748
619
461
455
490
428
587
649
603
650
471
322
240
115
63
96
22
-140
-293
-525
-700
-950
-1094
-1201
-1383
-1460
-1626
-1779
-1870
-2027
-2179
-2306
-2420
-2390
-2378
-2359
-2298
-2343
-2368
-2295
-2278
-2176
-2017
-1879
-1700
-1550
-1378
-1231
-1177
-1030
-924
-813
-620
-419
-228
-71
-12
-8
32
-16
85
228
257
312
390
357
301
352
270
183
239
171
194
370
409
524
573
470
451
483
551
741
938
1031
1023
1018
933
936
1070
1188
1306
1432
1372
1350
1381
1294
1329
1316
1323
1313
1322
1273
1160
1132
1037
1041
1088
1073
1107
1111
1086
1034
1010
992
923
890
857
915
979
895
795
819
760
634
575
525
489
463
423
348
222
135
112
-32
-112
-229
-395
-423
-582
-667
-687
-844
-899
-1057
-1203
-1271
-1373
-1428
-1437
-1561
-1635
-1606
-1799
-1767
-1771
-1894
-1767
-1824
-1822
-1791
-1847
-1819
-1817
-1753
-1677
-1722
-1662
-1595
-1591
-1447
-1316
-1268
-1163
-1052
-968
-718
-594
-529
-343
-307
-243
-70
13
53
225
272
275
372
357
361
408
363
386
439
416
501
486
505
547
546
644
654
628
632
605
649
777
884
976
1100
1094
1177
1232
1143
1341
1475
1488
1581
1634
1647
1672
1566
1419
1495
1498
1500
1568
1584
1459
1368
1171
1068
1144
906
1002
1061
896
895
830
644
626
681
581
644
576
561
673
517
419
354
169
72
119
10
-118
-215
-414
-540
-735
-925
-978
-1041
-1092
-1126
-1142
-1325
-1432
-1487
-1574
-1613
-1639
-1619
-1658
-1625
-1597
-1629
-1652
-1679
-1592
-1519
-1453
-1386
-1399
-1313
-1367
-1407
-1387
-1460
-1431
-1422
-1472
-1426
-1391
-1425
-1392
-1311
-1296
-1274
-1161
-1063
-879
-717
-552
-465
-305
-245
-10
41
493
1275
674
638
852
448
142
681
705
858
1357
726
753
720
167
246
349
578
493
946
948
719
1139
1141
1209
1282
1556
1596
1632
1831
1841
1740
1947
2103
2053
2023
2176
1855
1684
1682
1323
1299
1310
1146
1200
1318
972
607
752
373
391
702
332
491
337
413
432
365
265
192
479
190
466
564
363
267
34
-55
-242
-319
-421
-417
-678
-979
-952
-1318
-1455
-1495
-1623
-1611
-1836
-1850
-1766
-1863
-2018
-1920
-1950
-2040
-1942
-1766
-1537
-1479
-1274
-1154
-1144
-1107
-1073
-1030
-835
-710
-795
-714
-718
-851
-1023
-893
-931
-932
-828
-943
-1047
-816
-894
-1184
-690
-803
-972
-667
-675
-743
-241
-255
-232
46
312
163
616
937
570
1065
1146
681
841
1482
793
1030
1641
897
1095
1226
737
1014
1251
951
1110
1166
593
1264
1152
825
1359
1328
1076
1339
1342
1571
1419
1336
1869
1120
1370
1683
1254
1573
1644
1170
1185
1084
880
979
842
614
897
518
173
328
284
129
-42
160
195
-184
-31
-222
-209
-26
-351
-469
-192
-433
-415
-247
-422
-350
-776
-914
-751
-871
-1153
-986
-884
-1127
-1326
-1153
-1278
-1628
-1407
-1396
-1649
-1495
-1356
-1342
-1441
-1360
-1491
-1285
-1113
-1171
-837
-644
-846
-863
-707
-856
-693
-833
-702
-244
-641
-955
-204
-575
-1122
-364
-464
-974
-191
-474
-865
-208
-729
-382
-316
-448
-93
-126
-228
378
-1
-134
845
176
611
1008
345
1026
848
742
1216
890
1280
1116
1138
987
1180
706
862
1292
614
1019
1293
813
162
1278
692
172
1550
1056
842
1329
1222
600
1117
1571
472
1334
1517
1159
732
1271
1089
360
857
1202
706
430
1274
282
87
750
174
-245
444
80
-408
425
-106
-492
-291
-408
-305
-803
-344
-4
-912
-643
33
-1259
-733
62
-1408
-520
-308
-1345
-909
-1041
-1085
-1332
-954
-1029
-1160
-1189
-1156
-1537
-1587
-727
-1395
-952
-833
-859
-993
-955
-781
-624
-1117
-105
-469
-1222
-35
-298
-503
-822
-313
305
-1007
-204
507
-817
-320
247
-1266
-290
423
-1182
49
877
-880
-771
971
-1162
-396
830
77
-66
1038
449
-356
1050
57
354
1224
797
128
1498
1158
-332
1432
1209
279
774
1748
200
716
1303
165
669
1098
160
785
1461
-111
744
1077
-135
779
1265
272
1162
1347
282
598
908
438
404
1366
591
711
881
743
537
636
664
165
675
291
111
494
363
143
-158
83
-431
-325
-11
-1118
155
111
-1450
-459
208
-1534
-926
146
-1560
-670
-435
-817
-621
-1015
-463
-1538
-456
-853
-1070
-148
-1057
-792
-1130
-816
-848
-892
-735
-611
-316
-1225
-620
-606
-1050
-585
20
-964
-452
-78
-1074
-181
-146
-558
-575
592
-454
-928
484
-219
-216
-75
-30
115
-197
215
-533
103
527
-671
251
358
202
-486
466
834
-586
627
461
69
205
340
679
429
983
112
1007
1035
-298
1185
444
975
891
813
468
1203
606
-220
1579
41
625
1506
-343
932
1252
-477
728
1612
-885
819
1321
-605
441
1079
293
-198
770
459
33
454
401
255
315
533
-190
-134
722
-225
-447
1058
-360
-734
805
-571
-1107
138
350
-1456
-103
284
-1487
-449
-379
-1364
-443
-147
-1349
-1008
471
-1351
-908
521
-721
-1290
-753
48
-1500
-361
-766
-718
426
-903
-1261
-64
-380
-937
-804
93
-193
-598
-372
-219
-492
-282
167
-622
344
-86
-569
315
-72
-524
-65
494
-217
-787
1443
-694
-373
617
-876
312
-111
205
-409
666
232
-1188
1654
-619
-320
1733
-564
1136
-90
496
44
779
492
-115
1997
-72
1000
390
263
1433
-302
1207
712
865
1091
-22
438
1157
943
-822
2043
782
-457
942
461
404
87
1005
-200
516
1664
-1484
534
1607
-1074
-184
1311
-22
-184
-128
68
249
274
-1012
671
187
-685
274
-852
323
-120
-1023
188
-20
-331
-549
-627
455
-1251
-226
-847
-197
-60
-1700
-468
337
-1034
-2179
318
368
-1855
-854
-269
-284
-1223
-1261
580
-546
-1234
-255
363
-851
-1469
656
-10
-1108
376
-282
-572
333
-610
-1476
1647
-285
-2174
1603
315
-1923
466
540
-895
178
225
-417
-217
1124
-975
-151
991
-558
-182
419
458
185
-432
1234
-42
421
450
114
1168
178
504
11
1393
-60
130
1039
791
476
-299
1024
845
-592
1546
-66
862
400
78
1319
-93
791
543
336
471
977
-312
302
1287
-345
138
1204
411
174
415
688
-721
123
761
-423
129
859
-44
-453
81
101
-793
916
-664
-635
1300
-999
-908
344
667
-1455
-508
922
-1120
-303
-693
-204
406
-1469
-242
-478
5
-1069
-1257
857
-1105
-831
-667
152
-1049
-1232
274
-977
-301
-1415
-21
-479
-353
-550
-391
-30
-560
-608
-13
434
-909
262
182
-661
328
-142
-609
562
167
-500
-203
690
-711
184
722
-762
295
693
-915
-345
1392
-826
-488
1947
-798
-1020
1760
-273
-280
513
166
825
-180
-171
949
693
-99
29
1580
-174
-36
984
173
630
145
222
639
745
-187
349
944
-572
248
757
-344
589
635
-208
517
294
-300
265
493
467
299
191
487
239
377
-80
656
263
-455
1258
-459
213
1104
-1021
398
781
-903
-641
1031
-619
-545
1046
-891
-169
332
-1415
188
-28
-688
-225
50
-178
-1404
-72
-66
-1202
-102
-382
-770
526
-944
-1168
1013
-1328
-823
246
-622
-418
-613
-245
-408
-1418
577
-232
-916
606
-488
6
-355
25
-767
775
-143
41
289
284
136
-435
131
665
-343
638
290
108
485
-701
436
175
-498
449
897
-427
53
819
-442
-718
1056
-231
-91
203
565
-197
-129
554
-290
1005
-869
664
627
-399
376
-374
1133
-787
-263
1225
-304
-592
852
215
-1351
1256
371
-1764
1545
-327
-586
801
-476
447
-145
345
-169
259
26
431
135
4
760
-18
72
497
61
284
521
442
-181
367
454
-532
272
-81
372
-20
-653
127
266
-954
-564
545
-352
-394
47
-525
-85
-337
-758
223
-165
-269
-13
13
-330
-894
-237
-86
-283
-455
515
13
-549
-188
-376
-64
-308
-568
954
-131
-470
733
-704
-775
994
-167
-588
1554
-234
47
620
-16
-153
1078
-323
-262
1676
-264
201
709
-59
311
299
-280
34
1136
-539
-12
1123
-1097
213
130
-692
508
-190
137
-449
505
-702
-699
540
-651
-340
250
76
-351
60
143
-846
-13
431
-888
318
137
10
-319
-159
-26
-652
-89
-323
8
686
-164
-398
5
-18
-360
-625
303
408
-38
198
278
-464
260
148
-625
1279
148
-418
795
492
-1093
836
633
-1103
1191
95
-581
640
-64
-959
223
215
-996
249
432
-636
142
-315
-247
-919
-281
78
-706
441
307
-464
-59
410
-1196
542
186
-409
741
197
-249
-78
111
-117
-141
361
364
317
-58
678
-241
256
-202
-282
1258
-227
658
391
-54
512
-50
-277
938
457
230
512
784
-138
460
167
198
825
23
103
355
141
-831
299
97
-146
-27
-40
-151
-162
-600
-271
416
-650
-788
139
125
-798
-174
213
-224
-828
-178
-43
-596
204
-463
-66
61
-857
-323
117
-333
-421
52
308
-576
-472
-74
-601
-92
-94
-126
209
91
-386
142
-133
-82
176
149
-16
96
292
-286
158
285
-46
-244
786
-218
-64
190
-31
109
-313
294
-115
-37
-124
-182
-21
44
-116
-167
89
-339
-404
246
-443
19
294
-95
188
4
-10
-67
284
88
76
947
-38
-125
891
143
-537
890
-68
259
722
-162
643
56
278
15
722
10
135
1041
-36
193
523
128
134
130
260
352
515
135
235
671
63
7
318
236
-440
488
405
-674
419
-369
-474
105
-387
-477
110
-231
-760
164
-516
-590
-458
-66
-219
-800
-69
-266
-741
-212
-190
-525
-21
-486
-201
40
-900
-310
112
-214
-482
-258
93
-151
-700
-371
173
-475
-112
239
-188
-89
226
201
-565
-67
279
-210
0
276
102
-47
379
-463
-269
450
-292
7
430
-343
126
350
-558
-40
672
-196
-529
879
-67
-530
776
-242
-555
467
-452
192
359
-378
355
270
-367
526
271
-447
400
559
-167
123
890
354
-21
221
442
355
-14
495
988
113
91
881
49
-75
631
396
270
527
424
421
206
-66
290
65
-91
610
280
221
267
-269
400
175
-424
130
752
-439
-277
483
-451
-323
85
-437
-260
-5
-629
-508
37
-526
-876
227
-629
-1138
-20
-256
-752
-575
-219
-338
-702
-473
-168
-382
-647
-105
-341
-537
192
-360
-271
-106
-287
-348
62
158
-252
129
-116
-280
-64
-185
-24
487
66
-87
219
267
-246
-8
109
100
87
-89
480
318
16
-11
502
-79
-291
366
197
260
307
67
92
411
-171
-149
477
531
-123
167
338
92
-116
-80
393
163
290
300
538
399
-15
17
413
104
97
397
534
415
0
-97
173
316
-99
308
513
337
1
-148
12
-57
103
210
105
180
101
-409
33
-65
-130
112
22
-101
-200
-210
-315
-493
-186
47
-250
-128
-134
-404
-327
-599
-511
-251
-311
-298
-363
-226
-585
-718
-453
-349
-388
-287
-416
-357
-326
-885
-321
64
-382
-220
232
-43
-429
-196
-77
-28
184
220
126
261
193
-19
-35
309
121
98
549
238
-23
255
238
-89
216
366
225
373
479
186
257
145
308
249
151
493
473
455
54
579
426
27
360
433
194
284
243
299
319
50
55
266
226
-8
149
224
132
-154
271
111
222
166
-10
183
33
120
128
183
199
0
231
225
-66
-4
40
88
-148
-28
7
-187
-265
-39
-128
-233
-55
-296
-688
-343
-185
-465
-283
8
-190
-562
-623
-537
-610
-407
-372
-369
-66
-343
-759
-605
-433
-463
-504
-256
-87
-385
-565
-569
-513
-600
-662
-261
-208
-304
-131
-338
-396
-355
-389
-326
-85
9
-91
-40
-111
-71
-27
-30
275
333
163
346
375
114
372
478
462
601
415
447
393
408
413
531
793
551
554
657
465
399
463
601
678
515
558
670
428
187
288
423
435
562
432
555
368
98
213
329
269
211
596
446
83
372
122
5
286
240
300
287
117
-54
147
43
-82
188
3
-90
-104
-177
-299
-224
-119
-426
-211
-168
-517
-373
-257
-641
-583
-446
-573
-607
-455
-568
-682
-824
-566
-733
-517
-442
-592
-559
-573
-549
-684
-492
-602
-549
-542
-600
-636
-642
-746
-610
-528
-639
-505
-485
-702
-675
-595
-469
-395
-314
-335
-189
-279
-298
-80
-87
70
303
379
422
566
641
553
643
833
990
1281
1456
1420
1645
1574
1401
1406
1416
1434
1602
1651
1559
1347
1109
711
446
315
160
43
-99
-352
-700
-957
-1146
-1262
-1328
-1215
-1173
-1235
-1284
-1327
-1289
-1169
-1038
-506
-389
-215
-38
8
28
273
405
641
1298
1298
1312
1271
1213
867
951
1067
1255
1452
1136
768
405
-33
-474
-259
-239
-307
-459
-755
-1131
-1437
-1600
-1439
-1240
-1157
-1129
-1136
-1250
-1374
-1271
-1093
-729
-486
-323
-326
-159
-245
-327
88
364
281
391
429
235
-61
58
249
120
168
320
68
-36
-118
-178
-38
-17
477
724
1715
1965
1506
880
874
897
1250
2380
3047
3322
2626
1562
864
581
434
777
1121
847
-74
-1010
-1811
-2253
-2449
-2134
-1915
-1882
-2142
-2892
-3031
-3152
-3055
-2249
-1461
-1032
-841
-1000
-1067
-975
-547
264
870
1267
1313
1270
907
776
971
1260
1718
1742
1689
1308
809
228
184
319
435
572
366
-175
-587
-839
-941
-614
-311
-287
-319
-456
-791
-862
-634
-292
61
678
673
184
-183
-268
-138
204
957
1263
1015
479
28
-256
-320
107
544
495
321
-109
-503
-656
-597
-358
-209
-27
-191
-545
-741
-809
-868
-608
-139
-150
-223
-218
-450
-579
-312
-76
134
238
290
156
121
317
304
392
723
764
780
848
995
1268
1490
2340
2514
2070
1368
1310
1361
2003
2633
3035
3033
1860
728
174
168
56
271
190
-246
-1289
-2299
-2581
-2770
-2616
-2422
-2347
-2525
-3124
-3661
-3533
-3180
-2623
-1803
-1230
-1180
-1294
-1350
-983
-176
377
986
1464
1404
1082
1270
1244
1231
1646
1840
1917
1871
1488
1007
639
493
632
790
812
458
-166
-569
-816
-768
-503
-189
-418
-803
-1177
-1447
-1405
-1003
-523
-270
-224
-439
-731
-1009
-882
-479
-173
139
251
-128
-444
-378
-257
-16
335
391
302
150
74
17
211
314
215
124
338
104
-123
-1
-19
-74
3
154
-77
-230
-275
-354
-132
75
26
116
154
57
260
947
1401
2044
2455
1994
1258
1270
1687
2227
3077
3434
3468
2611
1465
928
934
1025
1181
1307
653
-404
-1500
-2057
-2190
-1967
-1726
-2030
-2395
-3060
-3706
-3645
-3096
-2551
-2105
-1683
-1617
-1828
-1910
-1503
-799
-29
540
904
830
557
558
847
1357
1812
2036
1944
1692
1338
966
986
1056
1010
987
774
378
90
-327
-457
-338
-385
-425
-492
-725
-1154
-1141
-952
-799
-661
-465
-631
-767
-797
-701
-390
-160
-105
36
140
-233
-158
-8
-40
117
302
244
295
250
36
240
474
281
185
317
207
-4
76
167
70
-60
-312
-277
-297
-448
-343
-235
-422
-699
-642
-638
-695
-468
-396
-521
-422
-546
-499
-234
-82
114
557
1001
1377
1949
1992
1656
1367
1701
2045
2810
3211
3426
3112
2193
1578
1231
1327
1275
1179
681
-85
-1120
-1738
-1813
-1721
-1623
-1903
-2445
-2848
-3262
-3414
-2916
-2431
-2143
-1963
-1854
-1945
-1745
-1361
-774
-17
484
549
517
637
646
956
1431
1621
1554
1391
1105
1066
1081
1080
1064
896
652
269
168
47
-55
-40
51
-93
-311
-332
-494
-388
-310
-321
-404
-402
-470
-312
-316
-119
18
-149
-184
-237
-258
-174
-28
-202
-169
-152
-330
-155
55
102
-18
-89
-1
-64
-52
74
100
-21
-98
-199
-201
-245
-247
-313
-378
-530
-648
-616
-683
-619
-405
-395
-554
-583
-783
-650
-466
-166
124
174
233
573
1189
1624
2156
2137
1797
1833
2117
2702
3405
3534
3421
2950
2166
1753
1746
1777
1789
1369
602
-173
-932
-1425
-1396
-1282
-1688
-2172
-2732
-3270
-3477
-3305
-2962
-2563
-2470
-2608
-2583
-2417
-2093
-1464
-844
-563
-369
-313
-168
86
627
969
1072
1090
1012
932
876
977
947
876
741
578
485
425
210
155
98
22
-116
-9
85
-169
-131
-180
-265
-226
-187
-109
10
-53
-112
-106
-173
-227
-152
13
-40
-147
-137
-278
-262
-172
-188
-165
-127
-250
-231
-99
-65
56
151
153
235
237
197
213
201
155
152
171
-8
-52
-84
-296
-190
-188
-372
-349
-269
-393
-386
-204
-233
-236
-45
218
199
499
1225
1705
2053
2154
1871
1634
1770
2291
3113
3499
3260
3024
2454
1782
1551
1664
1684
1263
592
-228
-895
-1592
-1817
-1668
-1848
-2291
-2837
-3290
-3617
-3504
-3295
-2937
-2689
-2726
-2741
-2565
-2212
-1802
-1261
-855
-588
-557
-369
-10
304
637
975
962
832
757
776
964
1126
1211
1110
885
574
402
365
486
569
610
398
240
136
83
85
30
9
-53
-79
-126
-22
-134
-284
-281
-418
-443
-437
-477
-512
-557
-649
-681
-665
-657
-601
-495
-442
-339
-232
-143
-61
98
237
342
455
552
545
623
743
702
802
803
626
468
398
408
420
426
360
137
17
-86
-122
-133
-59
-14
82
143
121
187
545
1131
1548
1834
2036
1794
1536
1758
2326
2962
3062
2807
2604
2206
1558
1395
1545
1380
940
235
-374
-933
-1472
-1690
-1634
-1850
-2428
-2986
-3315
-3401
-3333
-3151
-2956
-2815
-2928
-2925
-2592
-2172
-1810
-1381
-990
-788
-657
-471
-111
128
447
704
658
536
594
597
663
848
821
778
634
457
445
380
236
221
222
222
276
323
133
53
-12
-128
42
66
81
16
-180
-402
-435
-528
-507
-463
-622
-599
-709
-923
-839
-747
-773
-641
-420
-434
-431
-348
-290
-151
172
400
556
760
770
711
873
1081
1125
1291
1391
1236
1030
1000
907
842
904
815
676
712
442
243
230
214
287
277
413
332
394
689
1108
1438
1590
1768
1618
1579
1592
1995
2578
2710
2616
2315
1915
1371
1124
1129
1026
687
-10
-688
-1163
-1610
-1683
-1679
-1972
-2416
-2889
-3260
-3348
-3183
-3071
-2804
-2580
-2594
-2572
-2367
-2005
-1645
-1242
-826
-624
-514
-340
-62
206
375
463
448
519
567
632
723
613
481
291
174
177
209
175
65
-76
-173
-129
-161
-326
-367
-354
-326
-335
-495
-489
-365
-391
-413
-402
-626
-729
-807
-882
-692
-559
-618
-674
-740
-864
-823
-575
-290
-63
66
-29
2
102
293
634
1007
1196
1179
1193
1211
1310
1452
1578
1526
1450
1332
1192
1146
1133
1085
937
750
546
455
402
396
501
484
382
404
400
594
1059
1347
1395
1629
1718
1507
1587
1873
2327
2608
2483
2315
2200
1787
1424
1357
1274
968
465
-68
-503
-889
-1300
-1557
-1749
-2050
-2428
-2734
-2883
-2887
-2948
-3007
-2853
-2698
-2647
-2409
-2085
-1843
-1634
-1546
-1369
-1093
-788
-471
-235
-113
-116
-203
-297
-150
51
144
177
16
-149
-323
-438
-304
-200
-109
-189
-264
-213
-275
-345
-233
-40
-123
-107
-118
-6
-8
-84
-93
-39
-64
-233
-294
-249
-285
-313
-412
-322
-256
-400
-430
-346
-304
-358
-128
44
102
235
324
458
693
920
942
1006
1123
1118
1217
1316
1307
1252
1128
1026
1029
1002
872
703
673
607
512
491
369
298
292
391
469
514
458
565
943
1189
1334
1519
1817
1870
1743
1787
2257
2527
2424
2232
2134
1888
1373
1064
995
778
320
-173
-591
-1015
-1438
-1824
-2002
-2098
-2411
-2770
-2960
-2972
-3029
-2919
-2716
-2554
-2496
-2376
-2157
-1827
-1487
-1267
-1020
-782
-590
-383
-217
-45
69
109
134
189
225
199
195
216
121
1
-104
-197
-260
-212
-96
-183
-298
-391
-333
-300
-132
-184
-185
-64
-158
-229
-195
-140
-185
-211
-330
-269
-204
-312
-331
-254
-278
-414
-497
-392
-277
-209
-74
76
149
83
113
290
524
764
949
1032
979
896
902
1011
1119
1217
1211
1142
1041
925
837
719
665
648
589
558
532
375
386
402
507
597
696
681
762
1131
1249
1401
1506
1825
1889
1851
1760
1977
2331
2213
2179
2063
1902
1471
1146
966
697
461
-101
-482
-793
-1206
-1568
-1824
-1929
-2258
-2601
-2829
-2908
-2932
-2930
-2760
-2614
-2552
-2523
-2399
-2159
-1819
-1596
-1414
-1199
-1028
-874
-785
-630
-436
-397
-382
-239
-195
-213
-217
-215
-223
-194
-258
-277
-53
49
-50
-207
-114
-50
42
124
143
209
99
-1
4
197
270
167
220
110
4
-65
-46
43
89
11
-126
-156
-167
-110
-42
98
190
184
218
251
374
587
731
823
982
1130
1127
1180
1261
1332
1267
1227
1228
1245
1206
1060
926
822
701
637
690
720
691
576
481
506
524
564
616
675
822
1007
1065
1145
1211
1358
1594
1581
1380
1404
1581
1489
1398
1256
1057
839
537
244
36
-180
-615
-969
-1205
-1581
-1886
-2143
-2344
-2400
-2546
-2833
-2918
-2892
-2861
-2622
-2409
-2339
-2242
-2109
-1940
-1649
-1384
-1231
-1052
-903
-791
-614
-439
-300
-208
-161
-127
-109
-77
-42
61
102
53
-43
-122
-59
33
110
133
153
142
121
133
200
267
241
192
204
177
146
93
177
126
52
42
-34
-25
-15
-29
-9
10
-32
41
171
264
336
434
524
634
689
806
946
1015
1114
1198
1200
1183
1223
1259
1325
1414
1363
1245
1145
1053
1014
1001
924
836
821
739
650
650
675
669
716
706
662
753
931
1038
1035
1080
1115
1154
1219
1164
1104
1167
1157
992
948
794
618
402
110
-174
-409
-651
-979
-1209
-1443
-1770
-2064
-2230
-2339
-2428
-2608
-2726
-2693
-2663
-2597
-2443
-2296
-2202
-2143
-1993
-1764
-1529
-1355
-1178
-1011
-887
-754
-681
-557
-367
-287
-185
-157
-201
-274
-208
-145
-87
-71
-190
-204
-203
-163
-103
-2
24
-1
-72
-84
-49
12
71
125
196
182
116
110
160
210
173
203
224
183
231
298
373
413
469
488
603
729
805
869
914
939
942
1048
1204
1284
1318
1312
1270
1266
1325
1372
1352
1344
1257
1134
1067
1042
1031
1000
953
920
884
869
798
785
831
826
834
839
859
937
995
959
971
1044
1060
1085
1042
1077
1001
837
765
620
542
356
167
-40
-329
-649
-901
-1110
-1315
-1536
-1724
-1999
-2227
-2340
-2422
-2480
-2520
-2558
-2573
-2460
-2368
-2278
-2162
-2044
-1889
-1785
-1532
-1327
-1189
-1008
-906
-791
-626
-489
-408
-255
-198
-178
-184
-205
-205
-139
-103
-140
-151
-233
-323
-285
-264
-278
-229
-218
-256
-308
-326
-302
-261
-241
-217
-124
-37
-35
-4
62
141
187
280
359
427
490
520
585
696
815
862
960
1046
1019
1065
1113
1150
1202
1260
1320
1348
1355
1322
1272
1316
1334
1294
1303
1301
1259
1185
1136
1109
1087
1057
1024
998
958
920
923
963
1060
1097
1030
1025
1016
986
983
994
1031
1042
883
728
673
586
434
314
117
-124
-338
-579
-758
-883
-1100
-1358
-1545
-1688
-1839
-1974
-2036
-2107
-2216
-2280
-2290
-2248
-2179
-2088
-1946
-1843
-1765
-1649
-1481
-1271
-1099
-990
-854
-731
-651
-533
-376
-306
-327
-313
-321
-290
-248
-245
-260
-340
-424
-501
-508
-509
-513
-497
-536
-533
-511
-453
-384
-267
-178
-129
-131
-69
46
152
298
421
493
554
584
709
847
877
923
965
965
980
982
950
1001
1016
1007
981
912
820
836
837
900
929
913
925
838
823
867
946
959
939
926
912
930
982
1037
1061
1088
1121
1138
1057
1044
960
990
963
960
970
929
879
816
772
672
573
464
372
204
39
-125
-298
-457
-593
-768
-948
-1092
-1276
-1438
-1501
-1601
-1673
-1722
-1778
-1771
-1822
-1836
-1849
-1816
-1734
-1626
-1496
-1380
-1291
-1204
-1117
-1014
-889
-753
-619
-484
-403
-405
-384
-377
-288
-194
-154
-181
-258
-343
-385
-401
-387
-402
-443
-467
-546
-540
-503
-472
-411
-340
-294
-279
-212
-164
-91
48
139
169
244
345
440
562
661
751
843
917
928
948
1021
1070
1091
1099
1124
1114
1039
1016
1017
1057
1030
964
973
967
971
940
956
968
997
1063
1095
1148
1126
1101
1030
1038
1055
1063
1089
1062
982
821
737
662
615
556
490
391
271
87
-65
-194
-251
-345
-498
-581
-723
-878
-932
-938
-1002
-1014
-1058
-1128
-1173
-1192
-1212
-1190
-1135
-1127
-1112
-1107
-1116
-1120
-1106
-1100
-1037
-1006
-998
-1035
-1034
-992
-973
-896
-876
-867
-839
-819
-839
-863
-771
-709
-681
-602
-569
-504
-429
-365
-285
-230
-194
-167
-151
-115
-34
-21
-7
2
32
95
162
279
300
345
436
475
526
593
635
670
705
732
787
817
857
901
948
944
976
1001
1012
1002
1007
1041
988
996
967
958
951
955
957
915
888
819
802
811
800
803
779
737
678
631
565
575
601
529
486
425
312
235
187
145
141
71
-54
-158
-195
-261
-296
-294
-348
-395
-494
-541
-559
-559
-573
-579
-554
-597
-590
-600
-599
-610
-645
-669
-696
-725
-744
-804
-855
-879
-913
-967
-1006
-1040
-1125
-1203
-1241
-1246
-1292
-1287
-1286
-1283
-1255
-1247
-1178
-1122
-1071
-965
-846
-746
-653
-560
-471
-347
-223
-143
-65
49
144
213
310
408
453
503
554
603
684
702
698
736
750
774
815
820
824
850
868
865
871
879
882
899
923
942
968
965
975
1021
1048
1053
1040
1044
1016
976
972
943
903
861
833
769
702
691
640
541
514
474
379
344
263
194
143
89
0
-97
-164
-229
-260
-311
-383
-442
-516
-560
-578
-538
-559
-551
-567
-569
-619
-633
-554
-560
-536
-543
-547
-538
-525
-494
-459
-426
-440
-457
-441
-496
-522
-553
-590
-625
-660
-709
-780
-803
-799
-868
-938
-975
-1021
-1002
-965
-959
-954
-961
-962
-931
-862
-799
-727
-665
-585
-493
-361
-255
-148
-25
41
153
266
354
452
550
622
685
720
751
785
810
849
877
915
881
885
904
932
939
1005
1021
979
1011
957
937
948
928
901
863
799
732
706
673
631
640
659
627
576
507
408
367
290
244
216
156
57
-64
-129
-196
-210
-229
-254
-296
-344
-375
-404
-370
-379
-375
-404
-436
-432
-404
-393
-395
-374
-380
-352
-360
-349
-322
-330
-315
-272
-278
-263
-259
-233
-226
-238
-220
-237
-261
-245
-212
-198
-195
-202
-176
-172
-157
-147
-174
-207
-283
-305
-315
-333
-346
-376
-418
-439
-453
-507
-531
-534
-539
-514
-502
-497
-471
-491
-458
-397
-356
-275
-225
-161
-93
-38
57
159
230
309
368
430
486
568
652
714
743
751
784
778
780
781
781
778
758
713
680
656
596
596
573
507
458
386
334
324
278
230
194
151
118
58
2
-42
-18
-48
-49
-59
-66
-116
-124
-100
-147
-103
-133
-187
-193
-187
-203
-216
-183
-211
-263
-265
-265
-275
-248
-224
-234
-208
-193
-184
-188
-187
-171
-184
-190
-195
-194
-193
-196
-191
-153
-158
-152
-131
-120
-130
-148
-129
-126
-153
-147
-122
-131
-148
-170
-180
-175
-164
-117
-134
-140
-150
-181
-218
-220
-220
-226
-248
-266
-277
-277
-293
-336
-310
-269
-230
-206
-155
-118
-91
-53
-13
46
72
86
129
184
267
348
429
487
527
550
589
625
633
627
629
600
593
576
535
519
457
423
384
320
293
232
170
136
112
82
20
-15
-30
-38
-60
-52
-39
-49
-26
2
29
31
18
20
47
55
79
91
89
85
78
88
115
86
68
35
0
-1
-11
-20
-56
-122
-137
-173
-192
-200
-230
-250
-290
-298
-305
-297
-313
-325
-329
-328
-350
-346
-345
-339
-313
-311
-308
-294
-257
-213
-199
-194
-165
-196
-159
-106
-120
-105
-87
-89
-74
-81
-92
-80
-91
-87
-107
-128
-147
-189
-188
-175
-151
-132
-123
-157
-152
-122
-93
-79
-68
-58
-43
-13
-3
65
108
141
180
179
198
229
256
283
304
290
301
336
347
346
347
365
347
330
304
295
297
272
248
231
218
186
166
176
193
192
209
178
151
141
130
149
179
207
233
222
217
223
239
245
243
239
226
236
198
203
218
191
203
164
105
78
31
-7
-46
-73
-99
-147
-215
-260
-267
-299
-330
-344
-369
-404
-407
-437
-415
-427
-430
-464
-491
-475
-484
-439
-419
-398
-398
-354
-317
-278
-212
-169
-121
-98
-62
-33
-10
9
20
43
41
24
23
26
27
45
47
-5
-30
-54
-82
-92
-80
-99
-147
-171
-198
-193
-190
-191
-234
-249
-216
-241
-249
-193
-158
-135
-92
-70
-38
-22
2
44
68
99
126
127
165
214
215
245
252
265
264
255
325
342
381
407
399
422
424
456
465
493
513
487
500
521
503
522
558
557
562
590
573
570
559
545
511
483
425
380
337
302
296
251
176
80
31
-9
-35
-69
-113
-157
-228
-313
-364
-439
-501
-540
-558
-574
-585
-611
-660
-667
-660
-620
-602
-608
-618
-625
-576
-549
-510
-452
-436
-428
-381
-340
-294
-248
-221
-207
-188
-166
-162
-149
-120
-93
-72
-100
-114
-92
-117
-120
-149
-167
-189
-218
-204
-208
-195
-207
-253
-281
-305
-278
-264
-233
-223
-222
-220
-201
-181
-169
-108
-101
-91
-45
5
53
129
204
282
309
356
398
428
472
499
560
581
611
626
676
716
733
792
801
824
804
777
792
782
762
763
745
691
650
652
633
614
590
586
570
500
460
406
361
356
305
268
206
155
107
29
-34
-92
-144
-193
-237
-284
-323
-343
-402
-464
-491
-522
-578
-625
-628
-656
-704
-719
-738
-732
-748
-726
-697
-714
-702
-677
-660
-622
-549
-517
-453
-425
-387
-338
-310
-269
-225
-193
-176
-172
-155
-162
-144
-115
-116
-63
-86
-132
-160
-164
-153
-159
-205
-236
-255
-291
-297
-292
-266
-275
-308
-304
-274
-239
-222
-196
-172
-163
-149
-127
-86
-19
39
60
150
211
271
359
414
474
500
539
584
606
628
671
700
722
740
786
823
824
807
826
833
836
842
845
820
761
693
654
651
614
595
564
505
448
417
423
367
320
298
213
157
157
104
48
11
-60
-118
-137
-168
-213
-240
-290
-367
-396
-429
-461
-509
-551
-583
-638
-677
-692
-675
-651
-687
-697
-680
-698
-703
-678
-624
-607
-586
-590
-602
-574
-535
-475
-454
-460
-445
-418
-368
-336
-309
-257
-244
-214
-199
-194
-183
-150
-139
-134
-113
-129
-136
-151
-162
-157
-142
-157
-188
-169
-146
-130
-121
-74
-41
-28
14
18
47
90
131
136
156
215
234
280
305
358
410
431
462
481
530
543
594
634
671
688
679
697
736
745
726
745
705
704
713
717
698
665
657
611
595
572
526
513
479
439
394
350
323
283
238
192
153
89
48
27
-11
-50
-70
-135
-192
-214
-247
-263
-279
-298
-333
-353
-391
-426
-416
-432
-470
-500
-518
-534
-561
-570
-583
-600
-628
-623
-635
-642
-682
-677
-674
-684
-663
-652
-664
-624
-595
-580
-548
-510
-510
-501
-458
-429
-406
-370
-325
-317
-285
-238
-169
-123
-68
-19
16
23
52
86
81
96
122
130
136
120
119
120
162
173
193
216
219
249
234
229
263
289
319
352
379
409
428
435
471
484
477
526
539
548
577
590
630
652
653
677
681
666
665
632
621
595
570
562
568
557
527
475
455
446
405
368
358
340
284
235
228
184
142
127
94
59
21
-20
-67
-103
-138
-154
-194
-248
-308
-343
-382
-418
-452
-488
-531
-571
-595
-635
-656
-681
-722
-767
-779
-793
-821
-839
-845
-861
-856
-855
-879
-863
-853
-856
-828
-808
-775
-748
-725
-691
-654
-599
-543
-524
-481
-392
-371
-302
-252
-217
-145
-66
-9
33
75
104
169
207
251
304
344
366
375
389
425
455
476
481
490
508
527
524
535
548
537
553
582
600
597
569
587
607
591
626
638
643
661
664
670
687
663
648
652
671
682
663
661
633
608
585
565
561
534
503
480
448
423
395
352
311
297
276
225
183
141
102
66
14
-29
-88
-129
-142
-186
-223
-273
-314
-321
-359
-415
-436
-455
-523
-554
-592
-639
-668
-710
-739
-739
-756
-772
-801
-845
-836
-863
-880
-879
-872
-879
-909
-889
-881
-883
-867
-842
-833
-824
-803
-768
-731
-697
-658
-578
-517
-509
-462
-410
-361
-310
-213
-123
-58
0
50
97
158
196
254
320
367
389
411
437
467
515
534
545
565
576
580
620
638
646
622
609
624
623
612
611
610
599
601
562
561
570
572
561
586
609
611
616
613
599
580
593
586
575
579
571
546
530
530
506
480
470
438
419
403
375
357
316
303
266
225
194
147
93
44
-4
-53
-97
-132
-184
-219
-246
-302
-347
-389
-417
-460
-484
-509
-546
-593
-623
-618
-627
-642
-654
-693
-744
-760
-780
-800
-797
-800
-838
-838
-830
-828
-816
-834
-799
-772
-769
-752
-727
-729
-718
-714
-660
-604
-580
-523
-468
-394
-352
-278
-225
-167
-85
-48
15
79
124
169
201
267
311
365
429
458
488
518
530
540
550
566
569
574
596
579
572
559
541
521
515
519
516
516
520
541
561
530
512
494
486
484
494
504
519
544
537
540
528
529
532
527
523
521
516
497
475
456
419
389
369
334
277
233
202
188
157
90
50
4
-47
-92
-144
-184
-230
-259
-299
-349
-403
-423
-445
-514
-518
-526
-570
-595
-606
-622
-637
-638
-652
-674
-677
-685
-691
-705
-714
-718
-685
-683
-690
-661
-652
-623
-587
-573
-559
-545
-537
-511
-494
-483
-471
-458
-420
-373
-335
-288
-239
-190
-171
-146
-84
-59
-13
24
83
141
155
205
259
302
336
385
414
421
457
479
506
523
535
542
537
571
579
589
594
587
561
535
548
509
489
501
478
483
484
472
462
447
435
435
423
414
397
384
400
376
367
377
372
367
355
359
330
332
341
343
316
271
257
192
139
117
74
37
0
-36
-56
-99
-143
-166
-198
-248
-286
-313
-330
-347
-377
-431
-471
-494
-496
-517
-522
-557
-573
-565
-591
-583
-593
-613
-613
-600
-613
-596
-595
-594
-588
-576
-555
-537
-514
-481
-459
-461
-447
-420
-402
-392
-353
-306
-300
-306
-251
-202
-186
-172
-150
-127
-132
-109
-75
-33
31
59
102
134
179
225
245
288
338
358
382
417
442
500
489
498
539
555
558
554
552
546
542
516
539
526
515
511
503
495
468
474
465
454
411
401
385
364
360
368
356
330
325
308
275
247
247
218
205
208
193
155
123
122
84
74
69
51
-16
-38
-61
-89
-116
-133
-155
-206
-222
-230
-252
-281
-312
-344
-342
-372
-366
-378
-379
-398
-436
-423
-413
-428
-452
-440
-459
-482
-468
-468
-468
-467
-455
-454
-428
-397
-375
-353
-348
-329
-340
-334
-316
-326
-321
-319
-294
-283
-272
-250
-235
-214
-207
-185
-163
-135
-119
-115
-89
-63
-60
-27
11
36
53
68
126
136
167
214
243
265
287
309
331
354
399
391
409
448
439
478
500
516
514
497
465
496
487
486
472
448
448
394
395
405
399
383
349
329
326
331
331
334
313
289
264
221
191
160
142
105
93
93
74
72
49
14
-8
-1
-39
-62
-69
-106
-126
-157
-168
-181
-214
-221
-232
-257
-277
-293
-295
-311
-329
-341
-353
-351
-363
-349
-337
-350
-345
-332
-333
-338
-345
-344
-318
-319
-327
-336
-336
-335
-329
-326
-320
-273
-259
-273
-244
-238
-223
-204
-198
-187
-190
-186
-184
-175
-176
-170
-153
-149
-159
-165
-135
-102
-78
-62
-47
-47
-22
-1
32
56
53
54
70
101
130
145
191
223
224
242
287
323
348
358
338
356
393
422
416
430
463
460
473
493
506
485
468
435
410
386
396
392
350
343
343
340
317
309
305
287
231
201
199
177
150
136
128
84
55
59
53
38
31
7
-23
-27
-40
-48
-75
-94
-110
-135
-156
-166
-191
-179
-203
-230
-210
-208
-206
-232
-228
-246
-279
-291
-310
-326
-346
-360
-360
-349
-355
-342
-316
-329
-334
-313
-311
-314
-318
-323
-333
-347
-336
-336
-326
-342
-316
-310
-300
-282
-249
-218
-207
-220
-234
-232
-239
-219
-191
-194
-195
-179
-162
-115
-92
-77
-66
-66
-21
-6
30
94
93
106
134
148
174
222
233
238
280
301
330
347
367
377
374
405
382
412
432
438
454
478
461
443
424
408
414
381
355
346
335
319
309
279
297
281
260
240
217
218
185
172
165
152
132
115
117
123
113
79
81
72
36
29
2
-19
-38
-53
-60
-61
-78
-93
-106
-119
-103
-122
-137
-128
-158
-189
-214
-202
-218
-249
-260
-284
-289
-289
-283
-263
-265
-295
-282
-282
-263
-255
-256
-247
-262
-289
-296
-315
-314
-278
-281
-306
-305
-300
-287
-276
-274
-240
-240
-234
-245
-251
-245
-252
-243
-223
-180
-150
-124
-133
-132
-118
-91
-70
-22
-15
-1
28
48
90
109
149
172
190
217
240
253
256
278
285
289
290
310
334
350
340
370
393
377
373
383
386
364
372
368
343
347
326
300
311
290
274
248
236
247
226
216
215
209
205
206
182
169
151
112
69
34
25
4
-31
-47
-56
-59
-54
-62
-59
-65
-81
-94
-92
-91
-108
-142
-168
-180
-194
-185
-192
-216
-195
-222
-242
-218
-222
-243
-264
-275
-283
-284
-278
-283
-300
-298
-307
-299
-281
-273
-268
-270
-299
-281
-275
-268
-251
-243
-229
-227
-233
-235
-224
-221
-223
-178
-168
-158
-123
-128
-114
-88
-95
-89
-47
-16
-1
3
30
39
67
89
104
123
118
136
149
174
197
221
233
236
268
298
295
313
335
340
333
346
327
292
303
304
304
319
337
327
330
330
334
308
315
304
269
265
243
224
198
185
172
168
162
146
147
127
113
97
71
65
48
38
23
7
-28
-44
-69
-73
-74
-84
-87
-99
-94
-111
-111
-123
-147
-157
-177
-186
-208
-246
-233
-241
-255
-268
-282
-267
-275
-278
-273
-276
-281
-291
-283
-304
-315
-310
-295
-287
-287
-257
-253
-237
-235
-233
-236
-237
-224
-224
-199
-164
-156
-141
-116
-107
-107
-78
-58
-63
-53
-65
-57
-19
-4
0
34
47
59
79
100
124
126
135
152
180
193
198
201
221
226
233
243
248
283
288
297
316
322
332
341
338
330
340
322
324
321
294
302
294
279
281
278
255
236
209
203
190
170
160
123
115
114
90
90
77
49
27
-7
-33
-33
-62
-67
-78
-99
-101
-102
-126
-151
-151
-170
-195
-206
-224
-229
-230
-241
-243
-242
-246
-256
-256
-252
-272
-265
-264
-269
-256
-252
-254
-253
-237
-252
-241
-257
-255
-256
-246
-231
-218
-197
-198
-196
-178
-176
-161
-144
-149
-138
-118
-93
-82
-56
-65
-60
-39
-42
-32
0
29
52
62
70
75
79
81
95
99
100
125
127
143
163
175
188
192
220
230
236
232
228
245
232
234
239
235
246
254
270
288
295
294
286
294
293
281
280
263
254
250
222
210
207
194
178
164
152
148
132
105
96
87
54
39
30
19
2
-9
-30
-46
-44
-68
-73
-93
-102
-105
-144
-154
-160
-165
-164
-183
-179
-175
-206
-204
-227
-244
-243
-246
-260
-278
-263
-266
-253
-238
-245
-233
-237
-242
-242
-237
-215
-204
-211
-203
-193
-189
-176
-149
-146
-154
-167
-174
-173
-171
-166
-149
-143
-118
-81
-58
-37
-39
-40
-48
-32
-39
-34
5
1
12
44
60
78
89
108
109
104
120
138
138
125
149
154
165
186
191
208
206
211
215
224
236
235
234
228
243
235
241
247
245
243
248
253
271
267
261
246
222
217
194
193
189
178
165
158
148
133
133
114
88
76
59
51
31
14
4
-3
-14
-41
-51
-75
-106
-98
-103
-108
-121
-138
-128
-128
-144
-140
-145
-159
-173
-191
-205
-206
-223
-222
-205
-212
-204
-198
-191
-191
-206
-209
-207
-200
-196
-177
-167
-170
-173
-172
-157
-151
-154
-160
-150
-131
-143
-145
-140
-137
-129
-130
-114
-92
-94
-73
-54
-59
-50
-47
-49
-45
-32
-6
-11
-1
21
33
37
39
61
72
84
87
97
103
113
113
109
109
125
152
158
175
196
197
197
200
207
216
213
208
195
196
199
204
197
197
182
175
183
172
171
169
162
156
158
146
130
110
87
77
79
63
38
17
18
3
-6
-2
0
-11
-30
-33
-48
-47
-61
-58
-65
-100
-84
-87
-108
-110
-112
-123
-138
-132
-130
-123
-133
-126
-120
-118
-118
-119
-111
-124
-122
-134
-142
-126
-115
-127
-116
-104
-106
-97
-89
-83
-90
-86
-88
-75
-70
-78
-66
-75
-68
-50
-31
-31
-30
-15
-12
-18
-21
-8
-3
4
12
18
20
23
15
15
16
18
16
29
49
53
49
46
62
70
85
92
98
96
93
99
109
106
91
84
81
97
106
123
133
119
118
112
117
104
87
90
80
91
85
76
75
70
70
76
66
52
50
41
31
29
23
10
-3
-10
-4
-8
-20
-28
-33
-31
-47
-48
-50
-57
-69
-83
-88
-100
-113
-113
-104
-95
-99
-108
-108
-100
-104
-117
-102
-108
-111
-103
-102
-97
-99
-100
-100
-93
-85
-91
-89
-74
-72
-66
-54
-51
-42
-55
-44
-52
-49
-39
-38
-31
-31
-33
-31
-27
-17
-5
3
5
18
18
17
36
27
31
42
45
48
50
53
46
46
50
56
62
71
79
72
68
73
88
93
91
84
89
96
102
109
122
124
134
133
127
133
121
111
125
139
134
121
110
117
105
94
92
92
85
82
80
81
82
70
71
66
45
33
42
36
36
31
15
4
-5
-18
-35
-31
-42
-55
-57
-66
-70
-87
-93
-98
-110
-114
-130
-140
-149
-156
-155
-154
-154
-157
-157
-152
-148
-132
-136
-143
-138
-141
-147
-140
-132
-134
-130
-129
-128
-121
-118
-110
-99
-97
-86
-86
-88
-72
-72
-71
-69
-59
-43
-35
-20
-19
-4
-5
-2
11
15
33
36
41
48
48
37
43
54
53
60
84
86
87
93
92
96
96
97
93
96
102
101
107
105
113
110
113
118
112
117
124
120
113
117
111
111
121
123
121
114
120
118
112
106
95
84
81
84
63
54
50
36
37
35
30
41
27
15
13
-2
3
-4
-15
-22
-20
-38
-33
-38
-59
-60
-72
-67
-72
-79
-72
-84
-83
-83
-89
-95
-92
-100
-104
-100
-111
-111
-110
-103
-106
-91
-94
-97
-92
-92
-91
-85
-83
-86
-79
-76
-73
-70
-62
-61
-62
-70
-66
-56
-46
-40
-38
-44
-33
-33
-25
-8
-8
-5
-9
-10
7
4
3
18
13
16
21
15
20
22
30
26
28
44
50
54
55
54
56
58
58
67
62
65
73
75
70
73
74
74
87
94
85
84
80
81
78
79
79
76
71
56
58
58
62
63
57
48
38
32
26
18
12
12
1
-1
-7
-5
-13
-9
-8
-12
-13
-14
-3
-15
-21
-27
-47
-57
-53
-48
-39
-42
-53
-50
-43
-45
-36
-44
-55
-48
-54
-55
-48
-50
-57
-60
-57
-66
-62
-54
-51
-54
-52
-42
-34
-29
-33
-23
-22
-28
-34
-20
-16
-16
-7
-7
-6
2
5
3
1
-1
-4
-11
-10
3
9
10
14
15
12
12
16
19
19
24
24
26
27
22
21
26
28
31
38
40
37
39
31
33
40
38
41
44
35
33
39
44
46
49
47
38
32
31
34
46
37
24
16
8
6
5
9
14
15
21
16
15
15
12
8
4
-2
-7
-4
-9
-8
-11
-13
-10
-3
3
-7
-10
-24
-34
-32
-34
-34
-26
-29
-34
-37
-46
-45
-44
-51
-41
-39
-43
-36
-36
-41
-40
-43
-47
-38
-46
-48
-49
-52
-52
-39
-42
-38
-24
-15
-9
-6
-3
-1
-5
-6
-3
-4
-7
-10
-7
-8
-7
-1
5
8
8
10
22
27
29
34
35
35
25
24
24
18
19
23
23
16
21
27
26
32
28
30
31
24
27
26
22
23
19
24
21
14
9
11
10
13
15
14
23
23
27
27
28
28
25
19
13
5
3
4
3
3
2
5
-4
1
9
12
9
10
9
3
0
-4
-1
-1
-3
0
-4
1
4
-5
-4
-3
-2
-5
-7
-7
-14
-16
-19
-23
-24
-26
-27
-30
-30
-33
-34
-30
-35
-33
-29
-33
-25
-29
-32
-29
-27
-27
-27
-24
-25
-23
-26
-26
-23
-25
-24
-18
-12
-16
-21
-13
-10
-5
-2
6
8
11
5
5
7
-2
0
-4
0
9
13
14
19
27
21
24
27
25
32
36
38
33
31
26
25
25
22
25
26
30
31
31
37
30
27
28
28
21
29
28
15
18
18
8
10
9
7
7
14
15
9
6
4
-1
0
4
3
1
-9
-12
-15
-17
-17
-13
-14
-12
-16
-16
-15
-14
-17
-16
-15
-23
-25
-28
-23
-24
-19
-20
-22
-21
-17
-18
-21
-21
-22
-20
-29
-26
-29
-32
-28
-24
-10
-7
-7
-9
-4
-4
-3
6
-6
-2
-5
-7
-3
-11
-7
-16
-22
-19
-17
-20
-16
-16
-18
-12
-1
3
5
8
10
8
4
4
7
3
3
10
11
17
23
19
21
23
22
21
23
28
27
27
29
28
23
29
31
31
28
25
27
22
17
19
16
12
13
13
15
15
16
15
14
16
20
22
25
22
21
19
14
24
17
8
8
2
-5
-9
-11
-12
-6
-4
-1
2
4
-4
-5
-1
-3
-2
-5
0
-3
-3
-4
-9
-10
-17
-21
-20
-17
-16
-19
-22
-23
-19
-27
-25
-23
-29
-30
-27
-25
-29
-32
-35
-35
-29
-21
-17
-20
-24
-29
-32
-27
-23
-27
-34
-33
-36
-32
-33
-30
-28
-30
-21
-13
-11
-8
-2
0
2
-3
-6
-7
-14
-9
-3
-6
-1
5
4
10
14
18
22
23
28
26
24
25
20
22
23
25
28
23
24
24
26
27
29
30
38
39
38
39
39
46
46
38
34
32
26
18
14
11
6
8
10
10
12
8
9
21
27
25
23
23
20
14
11
12
11
7
3
3
-1
-7
-4
-6
-11
-13
-10
-8
-11
-10
-13
-13
-16
-16
-11
-15
-21
-21
-23
-25
-23
-35
-28
-28
-35
-33
-32
-25
-29
-24
-19
-23
-24
-20
-23
-21
-18
-16
-18
-19
-16
-20
-26
-24
-24
-26
-20
-14
-9
-9
-10
-8
-5
-1
4
9
15
23
19
22
25
22
17
15
8
-1
1
7
7
9
12
18
17
19
