-4
-1
-2
-2
1
0
-2
-3
-3
-4
-2
-1
-1
1
3
1
3
-1
1
2
0
3
0
-2
-6
-7
-5
-3
-4
0
3
-1
2
-2
-9
-10
-10
-9
-6
-5
-3
-6
-4
-2
0
2
3
3
5
4
2
5
4
2
3
6
7
8
8
7
4
2
2
3
4
7
5
5
7
6
8
8
7
7
4
7
8
5
8
11
10
10
6
2
3
4
2
1
1
-4
-3
-1
-1
-5
-10
-8
-8
-10
-9
-8
-8
-13
-11
-6
-4
-7
-7
-4
-3
-5
-4
-2
-3
-3
-3
-5
-6
-10
-9
-5
-2
1
-1
-3
-7
-6
-8
-8
-1
-3
-4
0
-4
-7
-5
-5
-1
2
-4
-6
-6
-7
-1
0
5
6
5
7
8
6
7
7
5
5
0
-1
-5
-5
-1
1
4
1
5
9
7
10
5
4
3
3
4
8
7
5
4
5
6
5
6
5
1
3
3
6
12
9
8
7
5
6
1
2
2
0
1
2
-1
-1
0
-5
-4
-2
0
3
6
3
1
3
2
2
3
4
5
1
-2
-2
0
4
6
4
2
-1
3
4
7
5
3
1
-3
0
-2
-3
-3
-5
-3
-1
-1
1
1
-6
-2
-4
-4
-5
-10
-10
-12
-13
-10
-12
-14
-10
-11
-15
-10
-9
-11
-9
-9
-9
-12
-10
-7
-10
-6
-10
-11
-9
-12
-2
1
2
-1
0
2
-1
5
1
1
2
-2
1
-4
-2
-4
-3
2
1
8
8
8
12
15
15
18
13
9
13
9
5
4
4
0
0
3
3
1
-2
1
6
5
2
7
1
0
1
1
-4
-3
-2
-3
1
4
6
5
3
1
1
3
3
2
2
-3
-1
-1
-4
3
3
1
1
-3
1
0
-1
0
-2
1
0
0
8
5
1
0
-1
2
-2
3
7
4
2
3
-2
1
0
3
6
7
10
5
3
5
2
-1
4
-3
0
-3
-7
-2
-7
-8
-7
-6
-2
-3
-2
-6
-3
-2
-1
5
5
6
1
-2
-3
-7
-7
-8
-5
-3
-6
-5
-5
-3
-4
-4
-3
-2
-3
-5
-5
-7
-8
-3
-4
-4
-4
-1
-1
-3
-3
-3
-7
-4
0
-2
2
5
4
3
-3
-1
0
-1
4
4
4
1
-3
-5
-1
-2
3
0
-1
2
-1
-1
0
1
2
5
0
4
3
4
2
6
5
7
7
3
6
3
1
-1
-2
-3
-4
0
0
2
2
-2
-2
-3
2
4
4
5
7
6
4
2
2
0
-2
-1
2
2
3
4
3
7
7
5
4
1
-2
-4
-2
-2
-3
-2
-5
-6
-3
-3
-4
-2
-1
-4
-1
-1
-1
-3
0
3
4
3
7
7
3
5
1
0
-2
2
0
-4
-4
-5
-3
-4
-3
-5
-3
-1
0
5
3
0
0
-6
-5
-5
-6
-5
-4
-3
-4
-6
-5
-5
-5
0
4
2
4
5
1
-1
-2
-5
-3
-5
-3
4
2
3
3
4
3
5
6
6
8
7
7
9
6
7
4
7
11
9
12
10
11
8
9
7
6
4
2
4
5
6
3
0
-5
-6
-4
-3
-3
-2
0
-1
-5
2
1
-7
-9
-9
-13
-13
-6
-9
-11
-12
-12
-12
-11
-11
-11
-10
-9
-12
-6
-6
-10
-11
-13
-12
-15
-11
-8
-8
-4
-6
-6
-3
-2
-3
-2
3
1
0
-3
0
1
-2
-2
0
1
1
4
4
2
6
5
9
14
17
13
14
10
12
15
13
15
12
14
15
9
12
8
6
7
10
10
14
17
14
14
15
16
15
17
12
15
13
5
8
6
3
7
2
3
4
9
8
6
7
1
-1
-8
-8
0
-3
-5
0
-2
-5
-6
-3
0
-7
-7
-7
-12
-11
-13
-10
-9
-13
-11
-11
-12
-13
-13
-17
-17
-20
-21
-23
-23
-24
-21
-21
-20
-19
-22
-17
-14
-18
-20
-24
-26
-24
-24
-20
-15
-16
-15
-13
-13
-9
-6
-8
-6
-2
-4
-5
-2
-2
0
2
-1
-3
-4
-4
-5
-1
4
4
5
1
6
6
7
7
6
10
10
14
16
17
21
25
28
26
24
28
24
26
31
32
33
32
30
30
30
31
35
35
36
33
30
25
25
24
25
28
32
32
33
36
36
34
34
34
34
34
37
32
26
24
21
21
16
12
8
7
2
1
-2
-7
-15
-20
-22
-32
-36
-39
-44
-50
-59
-60
-64
-72
-72
-74
-78
-80
-81
-86
-86
-85
-80
-79
-76
-71
-63
-61
-60
-51
-49
-45
-38
-28
-23
-26
-17
-19
-20
-9
-10
1
4
5
8
2
2
-2
0
4
6
13
14
18
25
20
22
27
32
30
38
40
38
45
46
48
49
54
62
58
60
60
62
64
63
68
63
59
55
52
52
51
51
51
48
50
46
49
49
46
45
51
55
56
63
67
73
71
70
71
70
73
72
71
65
56
43
26
14
4
-4
-13
-21
-39
-55
-71
-82
-94
-107
-113
-124
-132
-139
-146
-149
-154
-158
-156
-161
-165
-165
-164
-158
-146
-140
-131
-128
-126
-117
-109
-88
-72
-56
-49
-40
-29
-21
-12
-8
-6
-3
2
5
8
14
8
4
-2
5
14
18
34
33
36
47
53
58
66
67
69
69
74
80
81
87
93
99
93
98
107
106
110
112
115
110
113
114
110
106
99
93
87
85
85
83
86
81
74
76
74
75
69
74
81
81
83
84
85
84
90
96
102
96
88
80
67
70
67
69
69
61
38
6
-24
-63
-85
-100
-117
-130
-154
-173
-202
-226
-238
-253
-259
-262
-266
-260
-251
-242
-238
-231
-227
-222
-208
-200
-186
-173
-147
-135
-124
-104
-94
-85
-80
-71
-61
-51
-43
-32
-26
-29
-39
-44
-33
-18
-3
9
17
15
17
17
30
44
45
53
57
63
75
88
97
92
90
84
83
96
105
120
125
131
125
126
132
133
139
143
141
147
144
148
156
152
152
148
154
153
161
168
168
165
153
155
160
158
163
165
154
146
128
117
105
96
93
89
65
51
43
29
41
56
79
91
107
87
54
20
15
40
70
110
117
87
26
-39
-93
-121
-128
-140
-156
-189
-234
-277
-318
-344
-363
-399
-417
-431
-419
-392
-373
-356
-365
-382
-386
-384
-352
-296
-241
-208
-194
-195
-186
-160
-120
-74
-36
-17
-24
-33
-29
-9
29
47
49
15
-6
-20
-12
17
30
36
13
-5
-21
-6
14
19
18
19
14
35
81
115
126
130
119
99
119
156
180
194
195
182
160
180
198
214
235
232
216
202
202
218
234
238
239
217
219
230
233
250
259
251
225
222
221
228
236
237
216
193
175
169
162
174
159
141
112
75
49
22
9
-1
-21
-43
-53
-54
-16
51
120
126
80
-17
-70
-56
29
147
230
238
136
-29
-144
-184
-130
-64
-57
-142
-261
-374
-461
-471
-455
-435
-478
-553
-621
-655
-616
-578
-561
-569
-580
-573
-538
-466
-382
-333
-346
-383
-391
-335
-205
-75
-24
-20
-50
-102
-101
-49
52
137
187
159
70
33
29
34
81
124
128
94
68
13
-24
34
78
67
81
111
97
95
127
136
151
200
221
203
236
281
269
260
272
280
279
315
323
312
320
319
274
262
309
344
352
330
306
283
287
281
281
283
283
256
193
180
202
210
227
242
246
239
225
207
167
198
197
183
153
118
78
53
38
5
-18
8
64
193
354
375
204
-18
-126
-60
215
495
613
494
140
-312
-477
-263
101
291
156
-264
-758
-1010
-945
-710
-443
-395
-696
-1143
-1447
-1405
-1138
-845
-738
-852
-1034
-1153
-1111
-920
-661
-495
-487
-547
-544
-402
-201
-59
-12
-13
46
209
357
392
370
287
232
267
451
608
623
524
246
80
186
379
508
467
289
12
-95
-18
143
264
256
68
-196
-259
-127
47
180
213
67
-50
-13
38
151
288
359
302
276
326
354
384
403
404
426
530
605
587
525
432
388
432
559
630
581
431
246
183
267
454
538
460
295
161
139
289
462
520
416
231
62
-24
164
369
398
314
191
400
731
800
455
12
-54
202
658
987
990
718
-20
-727
-800
-68
626
536
-244
-1276
-1824
-1688
-1143
-795
-730
-1118
-1949
-2558
-2500
-1924
-1364
-1219
-1551
-1869
-1838
-1648
-1458
-1232
-913
-764
-698
-662
-580
-394
-254
-166
37
407
732
747
479
487
562
793
1035
1053
999
842
679
534
547
926
877
651
381
255
171
205
203
47
81
90
-78
-363
-217
-143
-257
-215
-249
-253
-160
-21
-146
-91
183
221
206
336
482
489
683
771
797
959
1081
965
852
1004
1121
1172
1163
1117
977
840
803
698
730
873
787
560
371
294
279
307
403
391
326
313
98
6
49
190
165
115
142
191
914
1424
1061
221
-405
-128
535
1509
1830
1244
632
-549
-1304
-882
593
1161
398
-1072
-2525
-2776
-2035
-1241
-1318
-1510
-2227
-3364
-3680
-3189
-2461
-2095
-2111
-2538
-2687
-2322
-2054
-2110
-1856
-1183
-895
-739
-827
-971
-801
-407
27
470
911
922
531
151
425
1128
1710
1723
1227
854
773
1014
1277
1359
1448
1136
611
168
279
678
839
638
235
-57
-159
-246
-338
-143
172
162
-96
-371
-502
-424
-151
102
312
524
496
223
160
488
976
1395
1544
1425
1307
1344
1425
1506
1756
1982
1883
1603
1341
1271
1320
1304
1160
1026
980
734
504
313
330
372
219
156
-49
-64
70
22
67
-79
-90
-163
-162
-7
304
1588
2101
1433
-97
-798
43
1331
2601
2627
1521
673
-707
-1473
-739
1172
1561
64
-2036
-3624
-3501
-2411
-1717
-2258
-2644
-3370
-4706
-5062
-4497
-3581
-3070
-3031
-3512
-3689
-3305
-3246
-3276
-2435
-1089
-657
-913
-1511
-1844
-1221
-122
764
1183
1172
667
11
49
960
2068
2757
2590
1697
806
603
1128
1916
2633
2887
2095
900
129
74
701
1641
1878
1311
370
-489
-1057
-671
465
995
664
0
-763
-1112
-629
51
536
995
898
355
-95
132
681
1395
2071
2036
1661
1318
1136
1446
2084
2725
2850
2353
1659
1271
1309
1716
1984
1861
1368
562
16
-87
257
619
510
89
-496
-790
-701
-449
-82
117
-124
-411
-717
-682
-423
48
208
1112
2474
2330
802
-914
-694
1007
2735
3785
2379
1096
9
-1497
-1282
490
2194
991
-1317
-3586
-4281
-3263
-2024
-2327
-3122
-3200
-4195
-5211
-5268
-4658
-3922
-3331
-3089
-3492
-3522
-3590
-3949
-3526
-1716
-291
-410
-1329
-2190
-1832
-503
811
1420
1342
924
383
154
937
2152
2827
2728
2233
1734
1566
1545
1769
2145
2740
2955
2051
891
516
761
1374
1810
1782
1091
93
-713
-939
-52
1029
1143
399
-594
-1255
-1192
-532
287
820
920
560
-87
-448
6
1032
1918
2348
2134
1468
926
877
1432
2417
3224
3080
1997
985
629
1035
1690
2174
1961
993
-64
-763
-783
-124
454
616
-31
-841
-1419
-1589
-781
-3
414
3
-768
-1339
-1194
-598
325
322
1335
2535
1936
379
-1120
-493
1422
2945
3521
1781
699
85
-1409
-1201
574
1979
739
-1493
-3722
-4212
-3226
-2091
-2611
-3225
-2916
-3929
-5188
-5381
-4977
-3996
-3073
-2736
-3249
-3643
-3862
-4073
-3118
-886
290
-243
-1327
-2065
-1556
-21
1229
1836
1729
1242
725
575
1576
2779
3255
2889
2306
1767
2092
2338
2354
2367
2428
2461
1944
1478
1432
1280
1729
1374
745
617
511
78
-358
-166
-141
-39
-151
-667
-1346
-1000
-469
-466
9
230
-73
-367
-278
245
1035
1806
1814
1473
1468
1548
1484
1947
2667
2918
2674
2004
1305
1200
1721
2128
2094
1612
859
-50
-444
-268
176
506
214
-556
-1106
-1420
-1095
-605
-470
-276
-575
-1061
-1405
-995
-468
-180
-211
385
2030
2377
1102
-1008
-1130
841
2495
3465
2223
683
359
-1094
-1386
-97
1873
1169
-1165
-3430
-4291
-3432
-2102
-2332
-3319
-3105
-3797
-5177
-5673
-5221
-4035
-2986
-2664
-3267
-3800
-3786
-3787
-3059
-1106
206
-86
-1061
-1885
-1413
109
1371
1894
1898
1611
1274
1011
1358
2304
3256
3504
3224
2502
1923
1715
1730
2155
2636
2952
2348
1011
346
179
719
1234
1020
685
94
-395
-886
-751
-266
126
16
-572
-1252
-1220
-599
-154
416
583
199
-47
24
664
1603
2247
2350
2014
1794
1722
1906
2558
3170
3285
3015
2215
1539
1297
1489
1788
2050
1807
881
-339
-934
-878
-363
72
37
-507
-1276
-1714
-1854
-1516
-809
-346
-623
-1111
-1482
-1035
-930
-372
-125
104
2012
2799
1577
-642
-977
785
2274
3691
2990
894
857
-163
-1288
-563
1753
1391
-816
-2675
-3844
-3578
-2333
-2350
-3528
-3114
-3105
-4841
-5784
-5417
-4534
-3506
-2750
-3073
-3730
-3789
-3899
-3445
-1511
274
189
-939
-1783
-1517
-134
1264
2036
2186
1825
1436
1083
1315
2310
3289
3587
3110
2372
1852
1521
1861
2459
2613
2364
1794
974
448
442
822
690
511
332
-210
-592
-781
-895
-960
-494
-401
-797
-1063
-1007
-910
-426
277
324
192
283
290
708
1494
1977
2003
1971
1971
1879
2146
2659
2920
2980
2734
2178
1617
1359
1294
1300
1533
1350
648
-331
-1011
-1214
-1096
-550
-524
-587
-1131
-1769
-1826
-1523
-869
-376
-275
-344
-722
-579
-447
-316
323
524
2140
3771
3262
843
-869
56
2303
4162
4639
2336
1413
641
-1024
-1127
1143
2404
709
-1627
-3689
-4305
-3192
-2412
-3399
-3262
-2711
-4216
-5986
-6194
-5332
-3824
-2546
-2599
-3546
-3989
-4044
-3770
-2135
96
793
-123
-1358
-1576
-397
1341
2503
2746
2403
1943
1368
1261
1962
3206
3874
3514
2657
1781
1197
1148
1822
2480
2280
1763
580
-713
-879
-217
221
-236
-211
-821
-1950
-2135
-1719
-1569
-945
-369
-1056
-1915
-1549
-1021
-810
268
972
450
226
408
646
1519
2627
2859
2332
2168
1990
1824
2495
3297
3253
2804
2214
1439
830
875
1263
1335
1232
410
-784
-1626
-1702
-1259
-654
-247
-582
-1336
-1937
-2106
-1263
-307
332
246
61
-326
-415
-3
621
954
2086
4310
4067
2276
170
-260
1512
3840
5510
3778
2056
1362
-864
-1438
234
2327
1460
-648
-3249
-4829
-4253
-2782
-3353
-3755
-3165
-4082
-5793
-6498
-6092
-4864
-3317
-2614
-3091
-3541
-3667
-3822
-2714
-345
1217
1204
36
-833
-178
1231
2677
3308
3470
3062
2384
1779
1911
2669
3528
3688
3028
2177
1318
615
652
1133
1547
1217
109
-1160
-2108
-1914
-1185
-1141
-1288
-1526
-2277
-3074
-2927
-2269
-1702
-938
-787
-1414
-1556
-1050
-706
200
1479
1913
1576
1291
1254
1745
2948
3826
3780
3414
3000
2501
2447
2965
3442
3483
2843
1659
669
315
279
495
532
270
-409
-1501
-2476
-2496
-1646
-1049
-641
-703
-1505
-2137
-1750
-951
-86
947
1100
158
174
351
628
924
2981
5139
4919
2989
238
-411
1788
3989
5351
3879
2575
970
-1609
-2107
-285
1900
973
-1506
-4232
-5677
-5003
-3838
-4394
-4460
-4041
-4915
-6276
-6672
-6315
-5120
-3690
-2579
-3119
-2904
-2146
-2767
-2440
-25
1865
2053
1771
1283
455
1475
4280
4336
3563
3678
3596
2114
1833
2529
2712
3433
3211
1418
-8
-279
-235
-414
-22
-46
-909
-1642
-2834
-3803
-2838
-1122
-1658
-2438
-2084
-2456
-3065
-2265
-864
-272
783
996
-107
-384
726
1846
2717
3647
3703
3145
2624
2440
3061
4128
4624
4281
3423
2512
1686
1363
1847
2546
2469
1275
-426
-1491
-1698
-1417
-881
-709
-943
-1675
-2724
-3177
-2691
-1561
-774
-163
-46
-482
-685
-558
210
1038
1800
1872
1177
1203
1064
1256
4053
5751
4593
1762
105
-91
1510
4291
4435
2581
1836
-1383
-4005
-2920
285
711
-1117
-3784
-6559
-6853
-5159
-5010
-5339
-4474
-5176
-6498
-6786
-6309
-5430
-4223
-3101
-2373
-1539
-1259
-1961
-1763
43
2483
3866
3683
2737
2366
2494
3001
4111
5157
5229
4135
2683
1539
1615
2378
2459
1905
1070
17
-1141
-1857
-1918
-1565
-1451
-1893
-2876
-3549
-3604
-3322
-2794
-2411
-1840
-1188
-1429
-1793
-1023
48
873
1647
2341
2497
2522
2684
2749
3322
4378
4796
4434
3937
3304
2808
3060
3525
3401
2912
2107
1013
300
-36
51
169
137
-588
-1681
-2329
-2414
-2057
-1895
-1421
-1266
-1435
-1739
-1744
-1146
-520
537
1135
1029
1175
1157
978
1320
2188
2419
1848
1589
1229
730
3534
5611
4273
1368
-809
-1143
-100
3100
4009
2238
1473
-2148
-5370
-4735
-857
459
-1192
-3490
-6893
-7940
-6234
-5382
-5060
-3866
-4540
-6219
-6833
-6108
-4907
-3596
-2273
-1575
-407
329
-398
-502
503
2879
4697
5085
4618
3924
3290
3038
3691
4602
5084
4424
2915
1218
210
282
526
395
-404
-1359
-2367
-3376
-3684
-3513
-3256
-3021
-3073
-3571
-3817
-3325
-2666
-2024
-961
30
359
385
756
1413
2326
3506
4123
4385
4653
4324
3675
3890
4518
4724
4448
3873
2707
1703
1345
1302
1396
1306
501
-622
-1388
-1714
-1603
-1346
-988
-961
-1385
-1809
-1889
-1454
-598
87
526
628
601
729
850
1444
1781
2539
2974
2609
2264
1944
1680
1605
1872
1356
1127
340
279
2878
4341
2993
-484
-2287
-2432
-720
3295
2986
2146
922
-3698
-6739
-4865
-593
254
-501
-3660
-7556
-7992
-6242
-5682
-4101
-2849
-4658
-6078
-6339
-5786
-4317
-2598
-1446
-938
620
821
549
1120
1911
3163
4512
5485
5482
4689
3803
2807
2601
3632
3938
3323
2029
357
-1079
-1894
-1948
-1927
-2133
-2713
-3881
-4552
-4835
-4850
-4260
-3799
-3543
-2872
-2548
-2036
-1150
-588
101
1329
2511
3024
3813
4491
4287
4229
4692
5089
5534
5592
4689
3467
2698
2321
1915
2159
1556
224
-467
-1576
-1633
-1769
-1662
-1962
-2139
-2144
-2250
-1675
-1242
-572
-274
297
1001
1119
1967
2145
3059
3397
3516
3591
3152
3672
3524
3759
3536
2836
2075
1626
1381
426
308
-479
-1501
-1759
-1837
1030
3137
2366
-1247
-4385
-4514
-2363
2121
3789
3250
1283
-3444
-6368
-5311
-1428
390
107
-2580
-6390
-6951
-6254
-5842
-4475
-3720
-4562
-4454
-3969
-4159
-4136
-3899
-2765
-439
2468
3349
2804
2082
1186
1557
3486
5561
6016
4899
2906
1240
670
1027
879
183
-143
-1199
-2756
-3558
-4049
-4494
-4701
-4532
-4370
-3654
-3373
-3709
-3563
-2783
-1786
-658
552
1864
2755
2887
3133
3900
4708
5176
5532
5560
5403
4984
4081
3253
2988
2503
1712
888
-72
-1118
-1907
-2220
-2205
-2348
-2657
-2849
-2513
-2124
-1819
-1125
-582
11
1101
2046
2825
3378
3667
3660
3917
4650
4982
4979
4764
3826
2840
2556
2059
1695
1308
902
-29
-833
-1637
-2088
-2010
-1969
-2500
-2761
-2656
-2701
-589
2784
3860
2564
-94
-1568
-918
2207
5100
5835
5459
2338
-2262
-4086
-2899
-1027
-648
-1996
-4672
-6627
-7475
-8215
-7782
-6827
-6880
-6943
-6002
-5038
-4239
-4207
-4478
-3217
-82
2650
4205
5175
4723
3500
3464
4686
6238
7012
6341
4595
3009
1805
369
-822
-1284
-1687
-2492
-3617
-4642
-5532
-6419
-7039
-7036
-5973
-4500
-3458
-2834
-2199
-1585
-1042
68
1597
3653
5106
6147
6529
6615
6167
5465
5719
6592
6084
5385
3870
2371
1635
-198
-1300
-1690
-1959
-2483
-4197
-4358
-4524
-4814
-4624
-4437
-2633
-1380
-449
-81
200
916
2373
3836
5954
6548
6610
5816
5056
5255
5572
6111
5698
4546
2923
1354
27
-886
-1137
-926
-1488
-2056
-3212
-4487
-4660
-4389
-3573
-3010
-2247
-1219
1183
4185
4335
2849
950
387
1927
4642
6907
7341
6132
1596
-2972
-3889
-2782
-1757
-2120
-3779
-6229
-7940
-9304
-9903
-8973
-8337
-8574
-7688
-6026
-4593
-3555
-3661
-3578
-1658
1158
3768
6397
7906
7153
5532
4836
5285
6627
7431
6666
4982
2978
737
-1336
-2711
-3422
-4096
-4839
-5431
-5999
-6760
-7791
-8428
-8200
-6487
-4311
-2157
-538
316
391
443
1896
3945
6372
8349
8883
8754
7840
6755
5838
5585
5561
4844
3760
2489
806
-1256
-3317
-4565
-5006
-5279
-5193
-5052
-5084
-5406
-5535
-5243
-3973
-1701
375
1900
3060
3647
3842
4598
6000
7330
8156
8243
7473
6311
5178
4384
3807
3149
2069
789
-831
-2341
-3533
-4135
-4288
-4304
-4403
-4691
-4614
-4325
-4120
-3442
-2527
-983
1852
5582
7038
5894
3794
2280
2556
4387
7026
8315
7758
4397
-716
-4016
-4634
-4257
-4427
-4874
-6105
-7844
-9605
-10902
-10932
-10224
-9622
-8530
-6528
-4397
-2891
-2097
-1469
-230
1542
3404
5830
8489
9781
9357
7988
6293
5090
4815
4928
4863
3981
1722
-1469
-4468
-6404
-7312
-7448
-7229
-7166
-7472
-8080
-8228
-7964
-7092
-5294
-2763
-182
2064
3451
3844
4143
4949
6366
8096
9662
10370
9612
8020
6169
5001
4091
3110
1935
556
-781
-2319
-4119
-5892
-7156
-7636
-7576
-6819
-5678
-4993
-4549
-3996
-3008
-1433
556
2746
4792
6314
7093
7443
7760
7918
8140
8194
7901
7251
6044
4304
2672
1400
-175
-1564
-2435
-3534
-4483
-5121
-5431
-5780
-5641
-5104
-4859
-3821
-2810
-1776
-906
378
3851
7225
8349
6944
4985
3867
3979
5773
7609
8399
7053
2919
-1777
-4442
-5128
-5853
-6786
-7157
-7943
-9032
-10240
-11030
-11439
-11469
-10511
-8500
-5812
-3434
-2009
-930
305
1660
3255
5017
6918
8592
9717
10319
9994
8135
5565
3542
2657
2476
2222
1031
-1440
-4602
-7548
-9340
-9582
-9066
-8517
-8150
-7779
-7361
-6760
-5644
-4325
-2401
16
2588
5031
6748
7594
7678
8023
8560
9365
10152
10001
8778
6964
5220
3390
1627
125
-1401
-2858
-4103
-5324
-6503
-7561
-8353
-8674
-8015
-6321
-4686
-3536
-2647
-1567
-99
1762
3838
5862
7274
8162
8454
8621
8822
8700
8264
7522
6558
5163
3689
2193
523
-1104
-2730
-4039
-4940
-5429
-5685
-6207
-5938
-5590
-5128
-4390
-3491
-2292
-1295
531
3916
7485
8603
7228
5350
4406
4487
5855
7850
8657
7545
4022
-402
-3300
-4619
-6010
-7544
-7892
-8136
-8889
-9512
-10208
-11171
-11962
-11802
-10232
-7217
-4210
-2204
-663
485
1300
2139
3690
5685
7524
9027
10171
10416
9179
6794
4274
2595
1869
1559
1011
-306
-2567
-5341
-7527
-8839
-9489
-9414
-8940
-8253
-7149
-5789
-4662
-3660
-2800
-1638
421
2961
5604
7897
9084
9101
8584
8392
8485
8752
8845
8134
6986
5430
3260
733
-1441
-3015
-4071
-4349
-4327
-5303
-7012
-7989
-8335
-7933
-5806
-3371
-1872
-928
-115
789
1991
3761
5466
6801
7921
8312
8341
8350
7552
6676
5939
5234
4404
3542
1932
197
-1361
-2916
-3876
-4300
-4497
-5048
-5180
-4778
-4419
-3833
-3336
-2643
-1810
-26
3911
7131
7692
6275
4269
2751
2849
5015
7332
8275
7069
3312
-687
-2930
-4046
-5467
-6895
-7477
-8093
-8494
-8207
-8395
-9540
-10790
-11347
-10436
-7762
-4717
-2497
-928
-111
348
1360
2874
4073
5040
6244
7513
8406
8461
7268
4908
2441
500
-297
-198
-258
-1415
-3000
-4949
-6674
-7494
-7640
-7874
-7756
-6882
-5292
-3448
-1873
-837
-182
241
885
2567
5119
6872
8053
8622
7949
7157
6621
6149
5577
5610
5032
3751
2435
951
-1241
-2910
-3636
-4094
-4420
-4110
-4056
-4706
-4986
-4743
-3939
-2605
-725
649
1611
2537
3281
3916
4872
5737
6124
6485
6592
6363
6035
5422
4507
3562
2608
1583
671
-36
-929
-1483
-2132
-3186
-3580
-3551
-3394
-3192
-2348
-1574
-1531
-1268
441
3717
5535
5439
4969
3803
2234
1878
3541
5261
6019
5265
2579
65
-1606
-3848
-5978
-6719
-7069
-7600
-6873
-5958
-6666
-8103
-9762
-10681
-9814
-7690
-5406
-3148
-1284
-711
-390
335
969
1784
2910
4107
5265
6329
6680
5942
4745
3286
1800
711
22
-398
-586
-889
-2104
-3381
-4152
-5010
-5954
-6310
-5920
-5129
-3985
-2751
-1371
-133
22
-126
581
1577
2418
3663
5276
6316
6481
6129
5444
4719
4144
3558
3303
3409
2978
1840
712
-316
-1411
-2123
-2439
-2546
-2581
-2540
-2266
-1742
-1217
-874
-727
-597
-113
892
1987
2751
3128
3263
3166
2970
3151
3705
4083
3808
3390
2951
2390
1587
874
814
1193
1087
426
-4
-414
-1099
-1222
-586
132
705
2684
4402
4032
3415
2706
1376
743
1720
2962
3435
3907
2668
399
-648
-1978
-4099
-5517
-6118
-7268
-7497
-6072
-5665
-6246
-7154
-8697
-9303
-8429
-7383
-5872
-3249
-1453
-659
397
1171
1071
1026
1421
2389
4140
5689
6022
5715
4564
2410
440
-353
-568
-803
-880
-1256
-1852
-2367
-3221
-4635
-5828
-6331
-6201
-4996
-3034
-1552
-801
-541
-614
-395
679
1865
2533
3521
4720
5279
5623
5997
5727
4764
3856
3234
3186
3311
2995
2199
1192
87
-1062
-1651
-2052
-2572
-2975
-2938
-2369
-1629
-1172
-1002
-828
-786
-529
345
1592
2459
2852
3117
3488
3581
3216
3053
3163
3272
3113
3041
3144
2669
1549
573
320
56
-152
150
259
-87
-529
-786
-1090
-120
2504
3950
4029
4317
3521
1522
825
1694
2568
3557
4279
3251
1727
567
-1698
-4226
-5323
-5928
-6676
-6071
-5028
-4969
-5648
-7211
-9095
-9429
-8417
-7452
-5778
-3345
-2022
-1472
-662
-64
277
727
1009
1803
3648
5043
5410
5386
4601
2916
1352
520
-100
-412
-493
-832
-1149
-1257
-2040
-3505
-4789
-5723
-6055
-5261
-3846
-2364
-1030
-446
-559
-567
-199
76
712
2043
3510
4651
5238
5219
4604
3878
3339
3109
3344
3702
3562
2938
2260
1275
139
-644
-1192
-1476
-1505
-1327
-1090
-1006
-1061
-1139
-1261
-1133
-667
186
1014
1619
1873
2125
2401
2360
2321
2618
2860
2671
2426
2445
2366
1907
1591
1404
1209
975
524
192
143
375
129
457
3001
4307
3430
3429
3177
1764
1272
2603
3569
3903
4044
2681
1481
1332
-34
-2443
-3827
-4688
-6267
-6184
-5108
-5139
-5547
-6683
-8458
-9032
-8630
-8740
-8019
-5953
-4424
-3000
-1295
-377
-318
-467
-719
-234
1887
3954
4927
5762
5860
4618
3166
2031
825
147
-8
-266
83
665
-142
-2172
-3965
-5261
-6027
-5614
-4759
-3925
-2827
-2362
-2540
-2104
-1306
-1256
-1246
-202
1201
2343
3540
4357
4455
4263
3912
3556
3584
4213
4289
3921
3754
3583
2893
1791
766
-35
-651
-1048
-886
-388
-18
-256
-784
-970
-1093
-1331
-1172
-478
501
1438
2111
2473
2471
2094
1504
1352
2022
2818
3127
3163
3029
2519
1781
1380
1161
902
1030
1059
983
2551
4605
3960
3238
3443
2062
763
1574
3222
3796
4382
4176
2569
2009
1053
-1424
-3133
-3625
-4724
-5309
-4239
-4217
-4985
-6004
-7972
-9085
-8617
-8589
-8587
-6997
-5482
-4787
-3482
-2564
-2327
-2094
-1908
-1443
538
2766
3573
4013
4484
4204
3627
3465
3071
2359
1824
988
444
838
727
-700
-2276
-3485
-4695
-5160
-4871
-4556
-4050
-3730
-3951
-3671
-3059
-2907
-2689
-1997
-1113
17
1405
2422
2927
3145
2907
2866
3400
3895
4238
4534
4360
4030
4014
3685
2627
1771
1113
523
522
749
932
818
186
-485
-570
-256
-79
-79
67
206
440
937
1511
1953
2188
1962
1580
1872
2076
2091
2330
2428
2310
2124
2137
1828
1339
1199
674
708
2655
4465
4047
4058
3900
2037
977
1719
2885
3514
4416
4361
3339
3117
1738
-748
-2497
-3365
-4467
-4565
-3380
-3414
-4002
-5385
-7798
-8997
-8957
-8978
-8497
-6828
-5726
-5157
-4099
-3579
-3551
-3372
-3077
-2320
-301
1779
2922
3779
3991
3438
3059
3028
2679
2346
2348
2136
1963
1965
1340
-68
-1620
-3140
-4196
-4244
-4013
-3685
-3062
-3161
-3467
-3785
-4159
-4041
-3733
-3254
-2116
-201
817
1048
1618
1432
860
1537
2560
2984
3797
4492
3953
3772
3807
2581
1691
1851
1732
1688
2229
2255
1591
878
123
-216
227
684
937
1301
1353
1176
1064
1073
1049
1174
1598
1965
2360
2587
2359
1963
1736
1617
1553
1651
1733
1457
1369
1254
903
967
2242
3435
2941
3066
3397
2448
1776
2373
3492
3622
4148
4057
3099
3154
2358
751
-492
-1202
-2430
-3368
-2976
-3455
-3941
-4733
-6508
-7417
-7601
-8224
-8636
-7755
-6966
-6296
-5047
-4347
-4247
-4093
-3878
-3652
-2265
-505
647
1699
2490
2702
2723
2609
2035
1665
2008
2233
2365
2731
2432
1122
-461
-1868
-2571
-2459
-2381
-2319
-2098
-2339
-2995
-3224
-3218
-3363
-3170
-2795
-2336
-1323
-427
-147
111
393
348
670
1227
1737
2311
2772
2774
2656
2564
2120
1684
1633
1704
1888
2048
1936
1833
1615
1270
1022
1034
1154
1392
1668
1880
2117
2188
2034
1798
1764
1867
1958
2073
2152
2185
2070
1888
1719
1583
1201
808
899
852
834
980
858
1040
2103
2700
2178
2619
2504
1668
1926
2881
3782
4019
4371
3563
2712
2829
1820
801
204
-194
-1287
-1722
-1933
-2945
-3447
-4990
-6554
-6589
-6660
-7374
-7428
-6837
-6924
-6456
-5801
-5629
-5132
-4776
-4717
-3924
-2286
-1370
-796
-76
231
613
1215
1355
1274
1554
1579
1384
1839
2093
1583
733
-104
-737
-892
-884
-1149
-1279
-1262
-1714
-1969
-1765
-1821
-1919
-2143
-1866
-1275
-800
-450
-267
7
-20
251
730
994
1492
1504
1263
1297
1631
1532
1230
1406
1333
1231
1271
1346
1344
1133
886
869
1271
1640
1722
1787
1813
1738
1777
2013
2286
2513
2610
2605
2736
2794
2657
2358
2142
2092
1996
1863
1809
1781
1439
1028
760
709
507
239
278
1166
2214
2076
2077
2197
1665
1307
1454
2425
2948
3384
3305
2704
2711
1880
653
-352
-767
-1079
-1573
-1441
-1890
-2403
-3430
-5127
-5997
-6157
-6378
-6510
-5828
-5340
-5105
-4855
-5149
-5314
-5119
-4590
-3867
-2752
-1795
-1332
-954
-882
-794
-481
-307
-359
-227
256
609
829
882
556
96
-428
-866
-851
-513
-409
-622
-656
-606
-799
-878
-770
-984
-853
-359
67
545
821
1015
779
746
1030
1118
1386
1348
1408
1251
1148
1108
904
822
546
593
448
358
493
409
360
396
637
780
803
898
914
1057
1367
1707
2084
2491
2605
2561
2733
2716
2873
3050
2944
2885
2568
2464
2455
2117
1972
1663
1406
1200
790
533
405
180
104
73
706
1508
1644
1503
1256
1110
928
958
1548
2183
2596
2685
1962
1403
1032
217
-421
-861
-887
-1050
-1465
-2005
-2592
-3151
-4115
-4781
-4836
-4752
-4624
-4500
-4410
-4406
-4278
-4303
-4335
-4032
-3644
-3218
-2602
-2065
-1693
-1476
-1548
-1617
-1556
-1495
-1216
-765
-476
-390
-350
-434
-577
-755
-991
-1038
-792
-659
-597
-394
-253
-261
-283
-266
-147
141
356
540
916
1356
1427
1459
1616
1594
1556
1467
1490
1632
1781
1737
1591
1437
998
414
115
78
296
666
790
867
799
359
-51
-53
223
571
1051
1579
1891
2031
1877
1618
1707
1883
2163
2603
2798
2865
2755
2410
2138
2036
1988
1828
1574
1515
1439
1221
929
659
648
550
367
413
256
466
321
252
773
1004
1098
952
1000
912
943
812
798
964
709
562
12
-132
-343
-947
-1468
-2093
-2331
-2638
-2632
-2619
-2930
-3187
-3605
-3899
-4092
-4064
-3853
-3472
-3122
-2906
-2640
-2639
-2454
-2397
-2375
-2111
-1682
-1323
-1213
-1070
-1038
-1070
-1186
-1366
-1478
-1484
-1405
-1278
-1057
-1006
-1103
-1150
-1184
-1151
-1022
-852
-583
-244
112
429
616
739
729
801
979
1298
1740
2199
2515
2459
2336
2188
1933
1801
1693
1579
1677
1738
1566
1480
1405
988
539
293
247
374
515
598
719
965
937
883
1006
1086
1140
1287
1679
2115
2445
2301
2110
2162
1920
1868
1819
1910
1940
1940
1696
1415
1477
797
513
464
566
849
841
930
453
263
-39
-477
-240
-117
15
112
307
228
-35
-25
-306
-601
-700
-740
-750
-624
-494
-877
-1039
-1249
-1684
-1809
-1857
-1919
-1935
-1996
-2136
-2243
-2271
-2376
-2509
-2404
-2419
-2308
-1992
-1786
-1608
-1638
-1806
-1831
-1705
-1717
-1570
-1278
-1223
-1256
-1327
-1493
-1629
-1682
-1793
-1793
-1612
-1498
-1332
-1168
-1035
-984
-953
-896
-785
-395
-145
101
433
603
859
1034
1173
1404
1607
1770
1774
1752
1682
1852
1747
1662
1680
1451
1424
1330
1272
1187
1214
1046
845
1133
1308
1305
1219
1202
1151
1094
1287
1384
1526
1708
1781
1784
1910
1821
1900
1619
1434
1625
1523
1491
1361
1229
825
873
731
552
783
424
423
314
309
536
387
552
452
290
379
44
181
144
177
418
187
116
-233
-831
-860
-1150
-1080
-898
-1025
-1220
-1625
-1975
-2207
-2060
-1941
-1973
-1806
-1769
-1874
-1884
-1821
-1820
-1724
-1567
-1424
-953
-487
-447
-502
-658
-802
-904
-828
-601
-641
-687
-662
-838
-965
-1128
-1352
-1602
-1595
-1575
-1446
-1366
-1197
-1256
-1203
-1407
-559
58
-622
-477
-357
-398
-613
78
919
380
1115
867
192
680
653
1162
596
1127
998
761
985
663
742
477
704
894
1098
1262
1111
1035
776
902
1112
1286
1695
1787
2071
1998
1877
2010
1510
1448
1565
1562
1747
1857
1668
1294
1118
1003
698
607
859
371
323
451
136
172
262
138
-56
137
270
255
355
582
394
270
324
39
40
138
-130
-108
-140
-401
-630
-683
-1072
-1323
-1397
-1719
-1671
-1836
-1764
-1993
-1924
-1907
-2084
-2015
-1994
-1796
-1727
-1507
-1184
-809
-703
-332
-355
-232
-96
143
-46
85
526
-48
213
129
-242
-277
-577
-589
-903
-704
-806
-1148
-753
-885
-1043
-845
-876
-848
-951
-565
-544
-276
242
246
293
675
761
685
1065
966
1130
901
1107
1086
947
1206
693
883
390
268
353
24
463
-84
301
63
44
277
212
458
143
651
490
836
1398
1089
1441
1387
1152
1231
1046
1432
1146
1536
1287
1235
1291
844
484
567
198
574
305
520
358
103
25
-542
-114
-430
-161
112
133
336
90
207
-141
-59
-376
-169
-180
-145
-252
-417
-498
-833
-1234
-1488
-1578
-1747
-1759
-1778
-2143
-1810
-2197
-2290
-2073
-2215
-1823
-2069
-1397
-1562
-1013
-824
-625
-660
-377
-237
58
-15
453
726
443
631
784
382
516
160
295
48
234
100
-147
137
-282
-89
-306
-240
-58
-49
-158
70
305
194
382
680
814
934
1264
1244
1146
1368
1216
1393
1391
1282
1785
1105
880
903
608
282
95
772
-211
166
159
-510
-150
-605
-231
-665
-99
414
-86
717
188
505
340
335
911
780
971
1067
952
823
975
618
872
582
772
700
368
654
456
314
172
-38
332
-274
193
-140
186
-141
126
220
106
505
-291
298
-461
-164
16
-401
-2
-528
-426
-1158
-1010
-1290
-1888
-1566
-1803
-2160
-2061
-2153
-2643
-2693
-2455
-2776
-2558
-2007
-1949
-1962
-1910
-1449
-1293
-1223
-979
-337
-642
-56
8
-47
395
325
400
222
458
260
258
290
45
285
397
-68
213
405
157
129
323
393
241
699
883
935
1157
1221
1229
1193
1391
1582
1635
1883
1758
2264
1389
1855
1337
1289
1263
979
1326
741
720
649
144
262
7
-11
-351
-150
-271
-327
-278
-242
-231
-275
104
-357
206
219
-89
361
72
530
241
251
773
171
599
340
422
400
320
803
236
635
543
-11
325
283
181
378
987
-36
839
381
412
7
812
427
64
791
287
-21
173
-23
-561
-371
-466
-717
-1307
-577
-1711
-1646
-1735
-1784
-2088
-2181
-1905
-2435
-2128
-2065
-2257
-1974
-1726
-1906
-1608
-1300
-1341
-1271
-1039
-1185
-535
-663
-196
-426
-239
-144
-418
37
-553
118
-435
-110
-10
-138
147
8
-235
-150
-142
381
-5
988
346
998
910
706
1393
897
1266
1264
1592
1720
1498
1850
1618
1263
1538
895
1329
1137
938
986
822
684
409
-56
99
-344
-217
-250
31
-193
-155
-275
-274
-400
-272
-215
-75
-4
358
43
335
378
-155
-65
281
-102
541
666
352
639
7
492
81
110
417
166
418
511
232
1024
-62
850
512
357
964
670
1323
495
1230
832
494
983
222
808
239
95
517
-451
209
-606
-529
-805
-1144
-962
-1666
-712
-1326
-1719
-905
-1717
-1630
-1420
-1530
-1217
-1463
-613
-1308
-968
-668
-1215
-490
-850
-269
-831
-128
-563
-542
-311
-656
-397
-702
-666
-244
-882
-141
-674
-220
-657
-797
-104
-487
-300
195
423
40
326
500
653
238
1272
952
734
1534
1179
743
1299
1303
668
592
1439
674
275
1373
251
98
249
160
-332
-383
491
-882
33
-49
-792
133
-648
-421
-388
-533
-350
-212
138
-120
-36
533
-121
-219
576
-10
294
393
836
61
410
191
150
-66
-17
255
365
107
698
0
906
-73
329
734
185
799
640
839
1211
263
947
656
-38
954
-108
1309
-342
480
279
-615
-303
-148
-558
-171
-1059
51
-939
-991
-43
-1309
-455
-967
-354
-487
-1164
363
-519
-932
283
-530
120
-744
415
215
-1056
1107
-640
-437
870
-1394
556
-835
-10
-114
-1504
1418
-2224
477
-409
-1073
484
-1189
409
-298
-197
766
-545
993
-13
495
631
152
1113
179
1073
-12
1383
-64
722
416
187
243
-29
375
-691
97
-86
-1169
174
-960
-473
-637
-32
-643
-927
102
-994
-785
50
-260
-635
380
-254
-103
-127
66
-23
85
-22
777
-440
894
52
182
148
283
-163
216
234
184
300
382
35
323
234
-118
503
300
502
558
879
413
57
1399
-642
841
607
-153
644
-149
399
-15
-250
351
-754
-338
79
-1071
160
-504
-181
-848
-19
-564
-764
143
-510
-293
439
-78
-17
96
555
-660
369
869
-568
1169
-33
504
525
-144
641
-46
332
242
149
106
-200
237
27
-759
602
46
-991
837
-604
136
-265
410
160
-311
687
168
-213
611
-18
226
167
112
363
-239
531
-543
-325
-38
-376
-616
-23
-308
-732
-601
-155
-1185
-669
-265
-1192
-305
-922
76
-1347
-228
-244
-1262
1054
-1412
1167
-909
27
-132
-175
381
-777
1528
-1001
910
62
212
186
433
374
-510
1613
-743
631
739
-406
714
-486
1639
-1080
1499
39
72
833
-860
1340
-990
1051
-932
1113
-559
-213
665
-1026
330
-729
275
-892
15
-97
-585
-95
-61
-573
-291
179
-1007
708
-253
223
36
75
881
-654
1013
155
419
567
297
649
555
127
1118
-177
530
363
234
453
-111
790
71
-15
747
-628
878
-270
-209
619
-417
732
-358
530
31
-296
512
-193
105
47
232
-96
-31
-274
322
-1131
46
-318
-474
-416
-407
-242
-680
-1067
95
-1001
-902
-115
-1135
-355
-822
200
-1129
-242
189
-1310
-89
-140
-464
128
49
-449
439
-506
456
-467
706
-315
407
446
-417
850
402
-529
1048
-307
940
-782
1570
-457
465
53
1020
-462
362
816
-164
781
-664
1794
-2015
1581
-653
196
-382
280
-222
-878
24
-327
-673
134
-557
-338
-393
-198
172
-1408
877
-224
-475
321
181
-26
-403
1111
-562
-46
1776
-720
718
705
-31
460
546
1232
-737
1415
335
-418
686
786
-228
499
704
246
-24
267
453
-352
362
22
251
183
408
103
-596
833
-679
94
272
41
-491
497
-70
-1325
49
373
-1693
158
-31
-633
-1521
684
-1337
-1108
183
-651
-1537
252
-148
-2128
684
-568
-1054
-296
190
-668
-581
599
-913
-10
879
-1059
688
400
-357
495
247
123
-302
1420
-262
-291
2400
-1498
1193
127
296
664
-434
2156
-1167
782
1403
-1693
2032
-1530
2458
-1277
333
1643
-1957
1622
-756
-5
-60
53
-31
-722
79
49
-940
318
-194
-1289
838
-1381
821
-615
-685
958
-1024
550
-396
963
-547
14
1207
-947
805
547
-89
-377
1752
-772
534
493
711
-409
314
1038
-951
2132
-951
191
822
-896
595
309
232
-247
16
631
-1703
1456
-234
-767
266
-77
-761
412
-254
-561
316
-597
-397
-738
117
-1175
393
-285
-1734
177
-92
-2233
307
-497
-694
-1258
130
-642
-1326
773
-1289
-533
528
-1042
-805
195
-94
-707
-72
1072
-1029
751
246
170
132
706
176
284
589
342
489
808
509
322
943
146
84
1315
465
150
1333
390
8
323
1536
-146
483
1322
-586
234
1062
-456
838
37
107
-18
202
679
-525
873
-501
-656
592
-822
633
-349
229
-193
-219
259
-434
942
-544
57
445
-45
539
-762
1433
-1130
553
132
216
471
-466
754
-524
-366
602
-434
342
-820
843
-843
-651
1249
-2224
522
-106
-1087
-168
85
-137
-1627
116
463
-2470
735
-102
-1851
768
-1016
-145
-1534
221
-382
-2124
1562
-1995
317
-217
-1116
-25
-1303
-166
-1140
105
-509
-860
779
-1254
-649
271
-1120
139
-621
534
-416
-103
759
-1150
594
750
-678
1185
260
-166
367
652
192
-106
1779
-151
993
629
574
-308
1403
364
-384
1614
1003
173
847
698
543
-233
925
944
-501
1974
-307
1341
-715
1272
-140
452
873
272
351
744
9
31
250
900
-200
-19
1674
-597
99
264
929
-795
645
1001
-126
150
1035
-455
383
135
209
-27
368
480
-632
1267
-583
245
-74
199
-742
295
-151
-762
303
-822
-810
-238
-565
-183
-1796
950
-1603
-863
-137
-417
-1810
26
-307
-1194
-1278
1148
-1699
-1302
722
-1986
-289
-1289
135
-1859
-342
174
-2237
-236
-741
-1413
-344
25
-1030
-840
131
-1447
-874
-55
227
-1297
179
418
-1565
307
-16
-567
448
-388
848
-581
950
-127
-64
1037
302
6
373
1335
-378
640
779
563
245
459
85
880
892
375
1277
227
359
138
1104
906
-213
2049
308
0
768
934
659
14
1552
-143
390
1181
-169
969
304
399
244
587
659
271
978
664
-1398
1965
-209
16
1343
510
627
-295
1279
-89
-202
1950
-211
560
604
302
-120
-49
1420
-662
66
1580
-728
-352
313
-250
-208
-1127
1089
-870
-589
419
-1040
-738
-1168
-503
-578
-1296
184
-262
-878
-1961
266
-1573
-2094
189
-298
-1732
-506
-1306
-1863
-1132
165
-2888
-361
-53
-2424
-1442
-94
-1522
-1397
241
-497
-1875
8
-455
-1028
-137
-515
88
-514
131
454
-632
791
-1072
488
173
-70
1037
27
447
624
-240
506
344
1392
487
466
1472
-1127
993
1459
-771
1829
744
-117
717
1150
491
-477
2892
-72
-633
2466
-37
178
1117
1048
-379
572
1754
-33
418
1100
-46
30
713
534
862
-65
239
282
-244
830
-96
1432
151
-101
792
450
57
464
1469
-605
423
1618
-667
-93
1539
-410
-857
1444
513
-991
837
274
-999
-251
1571
-1483
-308
924
-979
-340
-324
30
-893
-1008
347
-1108
-424
-250
-1076
-823
-791
-752
-908
-954
-339
-1780
-721
-598
-1637
-302
-1065
-1068
-903
-1260
-373
-1397
-367
-890
-1413
-346
-817
-384
-1060
-176
50
-1375
-231
352
-696
-127
158
93
-786
925
-433
-628
1065
149
-590
1285
56
148
19
927
354
-127
1163
1049
-28
669
924
356
275
1033
1275
15
852
937
249
484
1111
378
511
424
788
267
1140
312
-29
830
24
647
580
126
449
88
635
-243
338
717
-206
-194
563
-318
614
51
1
393
-240
489
166
296
95
-63
942
-424
338
579
-545
113
34
8
-187
184
200
-718
-137
311
-59
-683
-95
-105
-123
-801
474
-627
-654
29
-848
-595
-508
-62
-649
-1090
145
-565
-992
-336
-820
-210
-1429
207
-580
-1500
-139
-354
-1067
-522
-442
-96
-1423
-558
-59
-823
-417
-107
-213
-384
-252
143
-227
-341
536
-451
278
332
-242
140
388
155
326
567
473
-5
510
872
163
731
806
240
309
1206
394
457
1026
82
371
1057
187
913
554
762
-6
679
998
-46
1048
495
320
426
564
282
-24
366
422
-188
211
931
-419
-354
837
-636
-532
416
100
-518
-38
32
-363
-312
-78
-276
174
-473
-104
315
-404
-377
-100
137
-706
-131
146
-662
6
48
-458
-589
38
-9
-766
-179
42
-789
-228
-265
-535
-338
-126
-244
-682
-226
-229
-967
41
-471
-552
-275
-584
-355
-309
-189
-879
-347
-365
-815
-316
148
-478
-148
-375
-747
-65
-203
-429
177
187
-628
-52
196
-587
71
414
104
180
196
171
92
220
13
597
497
233
630
314
348
422
477
454
691
1295
431
569
924
445
640
823
1006
708
802
687
762
622
627
724
626
741
528
757
445
306
513
363
225
512
-38
352
573
-124
25
53
129
-720
252
104
-329
2
-14
-540
-657
-91
-345
-423
-188
132
-621
-349
-196
-593
-494
-219
-380
-414
-158
-748
-559
-558
-625
-130
-326
-379
-584
-601
-736
-674
-255
-409
-327
-149
-732
-771
-539
-389
-512
-486
-202
-538
-710
-556
-515
-481
-387
-387
-573
-648
-457
-481
-607
-241
-593
-327
-384
-240
-493
-135
-80
-448
82
-139
127
-335
-183
-20
-231
334
106
116
367
238
87
279
472
311
289
522
508
390
620
524
570
597
644
569
826
844
757
888
811
629
888
879
760
1068
1098
812
909
944
1034
706
1066
882
858
778
565
811
412
626
421
534
608
488
345
143
221
279
-41
226
514
-88
-25
176
-144
-228
139
-205
-238
16
-453
-287
-341
-474
-331
-316
-180
-427
-382
-682
-513
-747
-720
-341
-778
-766
-776
-974
-825
-878
-884
-726
-686
-1014
-986
-572
-1072
-862
-617
-706
-862
-721
-861
-936
-777
-903
-814
-639
-792
-791
-604
-731
-531
-700
-673
-470
-641
-452
-611
-423
-322
-663
-404
-413
-320
-283
-180
-134
-179
-17
-108
42
117
298
286
290
276
492
502
559
664
555
745
628
871
905
929
1086
859
1079
1213
1450
1243
1297
1437
1227
1415
1448
1589
1586
1567
1576
1734
1787
1649
1825
1550
1571
1720
1529
1532
1532
1204
1030
850
666
409
312
206
64
-306
-617
-651
-991
-1287
-1114
-1392
-1621
-1559
-1636
-1787
-1789
-1737
-2003
-1768
-1778
-1688
-1295
-1175
-1217
-1261
-1176
-1137
-864
-676
-401
-396
-719
-527
-545
-553
-310
-206
-276
-354
-320
-907
-522
-548
-799
-599
-549
-798
-805
-805
-797
-883
-853
-653
-590
-538
-556
-456
-249
-320
-143
101
142
248
522
269
500
773
657
886
886
729
670
1365
2066
2534
1921
1288
972
1053
2061
2886
3355
2746
1939
1201
1155
1751
2242
2296
1617
685
-327
-162
-273
-20
125
-440
-944
-1707
-2001
-2219
-1480
-1385
-1240
-1086
-1930
-2142
-2069
-1447
-714
16
-310
-469
-885
-846
-42
603
970
1012
606
99
396
720
900
1259
1437
579
443
261
228
231
904
736
272
51
-590
-657
-594
-120
-50
-603
-900
-1417
-1552
-1353
-946
-882
-1373
-1347
-1828
-2172
-1837
-1295
-1383
-1266
-1164
-1707
-1737
-1346
-1037
-661
-217
-426
-478
-738
-471
97
309
924
1039
765
447
779
604
1070
1579
1409
1349
1050
777
761
1043
1209
1283
1186
743
572
811
1225
2108
2267
2396
2009
1148
1271
2275
3043
3416
3581
2579
1715
1522
1648
2291
2560
2012
773
4
-1077
-1083
-695
-686
-1009
-1913
-2872
-3548
-3592
-3348
-2460
-2302
-2669
-2987
-3453
-3331
-2604
-1585
-1134
-930
-1400
-1725
-1368
-700
187
714
766
367
100
22
438
1134
1213
1303
963
348
114
107
965
1509
807
444
208
-302
-231
592
955
213
841
-110
-1288
-470
-86
-620
-90
-3
-1575
-1805
-1541
-1697
-1554
-849
-1134
-1898
-1919
-2159
-1943
-1460
-737
-823
-1025
-1138
-1230
-651
-50
590
614
568
641
661
1086
1471
1642
1816
1545
1518
1370
1509
1669
1652
1738
1331
1270
976
868
984
1163
1093
1401
1811
1975
1906
1125
895
1659
2443
3105
3274
2908
1889
1591
1765
2257
2656
2505
1159
161
-603
-994
-474
-485
-877
-1737
-2711
-3608
-3520
-3089
-2956
-2445
-2764
-3517
-3559
-3509
-2988
-1775
-1159
-1121
-1255
-1586
-1413
-563
329
927
897
612
117
114
656
1317
1657
1498
1086
433
264
384
658
1227
1033
405
-241
-473
-213
36
578
204
-360
-800
-1138
-920
-559
-488
-736
-990
-1700
-1908
-1637
-1479
-1342
-1218
-1700
-1952
-1912
-1927
-1657
-1189
-1043
-1076
-1225
-946
-671
-317
321
515
517
459
514
726
1242
1683
1879
1898
1587
1430
1408
1606
1997
1972
1687
1354
1043
774
830
1015
1060
922
489
518
599
1277
2327
1764
788
819
1255
2128
2940
3291
2632
2094
1715
1383
2351
2782
2510
1291
547
-437
-781
-231
-120
-421
-1533
-2422
-3117
-3239
-2744
-2368
-2270
-2582
-3121
-3510
-2990
-2426
-1948
-1383
-1257
-1550
-1682
-1293
-659
92
512
442
250
25
36
449
1228
1301
989
679
193
-14
247
677
727
751
149
-481
-698
-496
1
460
462
-352
-1136
-1139
-817
-456
-105
-210
-1077
-1496
-1612
-1400
-728
-431
-667
-1156
-1539
-1844
-1302
-770
-532
-648
-898
-1011
-908
-345
390
648
687
565
450
717
1129
1694
1831
1927
1614
1348
1482
1765
1887
1822
1619
1084
698
601
797
837
684
312
-111
-396
-515
-334
-4
453
1007
1104
274
-376
-193
1022
2318
2754
2681
1815
1113
1185
1751
2598
3068
2352
693
116
-301
-36
634
584
-358
-1615
-2454
-2901
-2388
-1733
-1686
-1955
-2582
-3240
-3291
-2692
-1791
-1087
-832
-1241
-1795
-1922
-1273
-334
589
800
220
-409
-487
-178
645
1346
1071
393
-246
-784
-444
278
516
670
258
-827
-1176
-907
-303
337
545
-30
-776
-1002
-966
-196
329
218
-340
-978
-1067
-851
-203
212
88
-495
-956
-1066
-846
-398
5
-239
-521
-659
-860
-455
113
495
572
646
457
445
901
1208
1609
1729
1474
1432
1427
1488
1771
1803
1533
1144
928
979
899
730
623
285
19
11
-29
8
69
-184
33
550
1038
1228
699
323
685
1675
2410
2823
2626
1947
1687
1564
1976
2528
2528
1598
479
-115
-429
-211
-108
-449
-1215
-2178
-3020
-3169
-2776
-2764
-2567
-2827
-3389
-3652
-3677
-3037
-2327
-1652
-1636
-1856
-2088
-2016
-1138
-418
170
87
-493
-726
-581
-10
552
879
541
17
-393
-305
147
588
802
523
-73
-532
-284
33
548
940
471
-199
-350
-231
-14
707
803
74
-108
-309
-381
35
241
-36
-422
-552
-859
-728
-479
-436
-534
-683
-709
-847
-523
-23
165
224
303
151
120
669
1166
1497
1554
1311
1022
1057
1324
1651
1987
1746
1337
833
658
811
925
1048
783
652
205
121
281
458
545
590
1074
1210
1564
1638
1343
1397
1884
2702
3024
3150
2853
2194
2328
2529
2438
2322
2167
1013
39
-103
-412
-324
-650
-1395
-2398
-3201
-3569
-3557
-3193
-3150
-3401
-3991
-4340
-4256
-3879
-3162
-2457
-2340
-2608
-2758
-2641
-2129
-1114
-480
-474
-711
-1211
-1218
-623
67
509
572
221
-323
-380
-68
400
939
881
594
228
80
244
752
1219
1026
631
272
2
223
705
1001
704
379
22
-382
-244
92
143
-153
-390
-965
-1143
-904
-771
-691
-573
-728
-984
-746
-368
-45
251
291
195
113
181
685
1155
1354
1267
1058
879
1124
1404
1669
1729
1465
1051
804
945
1084
1181
1233
1097
699
714
775
848
1107
1205
1501
1787
2034
2187
2102
1917
2081
2907
3218
3487
3277
2514
2181
2362
2307
2149
2217
1280
96
-350
-680
-805
-885
-1346
-2275
-3019
-3611
-3932
-3604
-3450
-3541
-3945
-4212
-4264
-4126
-3578
-2985
-2664
-2641
-2722
-2685
-2393
-1631
-1077
-861
-854
-1193
-1169
-760
-320
149
276
85
-108
-140
-16
257
746
692
576
482
270
294
619
750
649
854
576
177
304
343
375
527
402
76
-165
-240
-437
-399
-357
-526
-755
-813
-848
-1017
-855
-681
-698
-599
-390
-241
-126
182
339
326
533
720
899
1120
1305
1295
1208
1340
1424
1641
1747
1641
1617
1503
1387
1427
1507
1509
1437
1315
1133
1155
1160
1182
1235
1220
1564
1728
1748
2100
2115
1764
1812
2327
2794
2999
3053
2323
1812
1956
1881
1791
1676
1284
140
-594
-791
-1042
-1180
-1428
-1999
-2870
-3342
-3596
-3603
-3377
-3374
-3639
-4001
-4001
-3913
-3586
-3002
-2705
-2627
-2625
-2608
-2301
-1730
-1172
-906
-901
-1022
-1062
-804
-430
63
258
243
82
-231
-282
4
427
605
533
273
-37
34
376
483
582
623
366
-60
-127
29
99
118
95
-305
-720
-585
-541
-667
-390
-408
-837
-869
-727
-882
-702
-393
-455
-429
-301
-246
-46
391
670
730
829
976
1103
1347
1752
1921
1776
1755
1863
2004
2071
2186
2130
2027
1870
1697
1721
1784
1803
1795
1628
1386
1248
1199
1163
1331
1649
1652
1568
1643
1790
1595
1435
1811
2151
2253
2374
1938
1237
1333
1496
1062
952
857
11
-749
-953
-1203
-1376
-1586
-2046
-2697
-3191
-3407
-3494
-3293
-3148
-3357
-3637
-3666
-3575
-3297
-2868
-2466
-2357
-2396
-2330
-2158
-1700
-1304
-894
-794
-947
-1007
-802
-494
-19
237
46
-251
-495
-426
-106
243
316
90
-75
-275
-364
-4
309
254
112
-19
-294
-302
-43
-43
90
50
-256
-403
-181
-122
-213
29
-13
-192
-209
-21
-7
103
289
243
297
465
528
622
990
1141
1138
1229
1323
1382
1502
1684
1747
1803
1769
1818
1740
1680
1607
1534
1636
1542
1396
1214
1051
998
980
990
1008
793
561
433
527
790
1030
930
830
1158
1090
880
1174
1428
1632
1808
1593
1232
1176
1366
998
864
855
483
-158
-521
-625
-970
-1108
-1390
-1795
-2274
-2552
-2714
-2743
-2661
-2801
-2969
-3062
-2988
-2857
-2654
-2409
-2271
-2211
-2101
-1948
-1707
-1441
-1195
-894
-844
-961
-938
-687
-402
-212
3
-143
-450
-368
-238
-168
-79
25
-127
-396
-433
-249
-232
-124
106
-103
-377
-276
-118
-229
5
187
-157
-249
-96
-17
19
330
443
214
202
254
313
493
696
729
613
693
753
771
1017
1269
1201
1198
1239
1234
1256
1436
1684
1647
1552
1429
1352
1392
1493
1555
1547
1434
1183
1042
1094
1095
1134
1064
903
736
758
894
1039
1044
1092
1205
1355
1303
1112
1192
1402
1616
1606
1541
1362
1184
986
801
701
611
373
-217
-596
-833
-1111
-1245
-1506
-1863
-2302
-2572
-2775
-2846
-2835
-2955
-3034
-3176
-3159
-3028
-2901
-2721
-2599
-2446
-2275
-2198
-2113
-1888
-1555
-1358
-1146
-1035
-1111
-977
-802
-663
-439
-399
-469
-470
-443
-396
-259
-294
-370
-351
-353
-309
-299
-247
-242
-181
-123
-15
18
61
117
129
212
388
536
509
555
571
638
768
930
994
981
1073
1137
1179
1182
1269
1426
1370
1379
1393
1382
1473
1621
1673
1630
1568
1568
1583
1682
1870
1802
1629
1517
1552
1490
1554
1652
1516
1320
1289
1212
1254
1440
1382
1115
1009
1081
1086
1214
1394
1181
1054
1116
1048
964
1104
1119
804
635
474
270
148
85
-223
-661
-1035
-1343
-1527
-1629
-1768
-2185
-2575
-2828
-3005
-3014
-2928
-2952
-3160
-3230
-3150
-3095
-3004
-2795
-2615
-2554
-2463
-2336
-2265
-2007
-1733
-1588
-1481
-1263
-1137
-1142
-956
-792
-819
-730
-684
-772
-667
-540
-610
-648
-556
-606
-576
-407
-354
-379
-259
-288
-291
-93
71
148
229
348
345
436
734
931
1045
1121
1097
1129
1332
1500
1555
1600
1640
1548
1574
1754
1849
1869
1882
1804
1739
1834
1868
1832
1853
1874
1815
1743
1787
1813
1799
1863
1785
1627
1656
1682
1676
1811
1881
1731
1505
1486
1543
1598
1651
1484
1247
1067
996
1027
1024
1044
814
535
385
216
155
47
-127
-424
-663
-882
-1031
-1153
-1302
-1457
-1642
-1787
-1997
-2135
-2201
-2258
-2346
-2412
-2467
-2526
-2471
-2480
-2373
-2342
-2409
-2472
-2339
-2231
-2203
-2001
-1909
-1893
-1923
-1859
-1766
-1730
-1611
-1548
-1502
-1408
-1354
-1317
-1277
-1163
-1141
-1175
-1051
-958
-899
-808
-775
-749
-649
-521
-470
-357
-268
-258
-101
11
170
259
341
480
571
758
954
1083
1252
1401
1517
1591
1703
1900
1955
2017
2081
2073
2107
2197
2244
2208
2219
2221
2215
2241
2280
2230
2192
2229
2147
2019
2036
1987
1876
1836
1799
1698
1665
1705
1653
1588
1481
1423
1318
1280
1237
1101
966
810
617
375
255
94
-107
-237
-388
-625
-777
-952
-1067
-1190
-1308
-1425
-1526
-1574
-1584
-1578
-1674
-1689
-1691
-1731
-1703
-1654
-1723
-1736
-1634
-1652
-1687
-1676
-1713
-1675
-1660
-1623
-1596
-1605
-1601
-1623
-1671
-1667
-1636
-1641
-1565
-1512
-1536
-1573
-1541
-1576
-1475
-1355
-1346
-1314
-1223
-1115
-1098
-964
-852
-829
-724
-635
-512
-418
-338
-204
-154
-46
142
258
408
554
579
691
893
1037
1134
1333
1493
1488
1583
1729
1828
1903
2012
2090
2139
2185
2216
2231
2234
2313
2259
2213
2194
2171
2097
2063
2089
1940
1843
1760
1652
1568
1492
1425
1310
1233
1078
913
880
855
823
769
603
414
282
227
205
98
-6
-220
-344
-460
-609
-700
-852
-931
-1070
-1152
-1245
-1306
-1333
-1414
-1450
-1470
-1525
-1534
-1436
-1383
-1370
-1366
-1357
-1363
-1371
-1299
-1256
-1233
-1272
-1324
-1304
-1336
-1318
-1298
-1299
-1272
-1334
-1311
-1298
-1345
-1373
-1417
-1410
-1394
-1311
-1279
-1275
-1231
-1188
-1115
-1021
-932
-874
-782
-693
-596
-457
-340
-224
-116
-35
103
252
367
503
618
682
705
819
939
1071
1183
1205
1244
1265
1342
1449
1554
1606
1588
1643
1643
1671
1779
1842
1897
1873
1864
1883
1836
1806
1830
1772
1758
1674
1570
1563
1525
1468
1394
1345
1201
1006
927
879
767
687
555
418
238
157
70
13
14
-110
-193
-270
-366
-417
-449
-495
-568
-676
-738
-828
-905
-982
-1062
-1123
-1201
-1213
-1245
-1294
-1373
-1370
-1362
-1398
-1429
-1412
-1336
-1293
-1245
-1214
-1273
-1276
-1220
-1157
-1096
-1067
-1060
-1068
-1064
-980
-897
-893
-937
-908
-910
-908
-829
-769
-775
-843
-867
-880
-793
-746
-681
-615
-663
-644
-551
-420
-310
-270
-240
-137
-70
43
164
283
396
480
567
609
709
798
866
981
978
1027
1052
1054
1173
1218
1269
1306
1289
1310
1314
1356
1398
1414
1433
1337
1312
1315
1335
1318
1330
1375
1372
1380
1327
1268
1176
1134
1075
1013
929
867
770
674
578
458
390
289
214
145
109
40
-57
-73
-82
-110
-146
-188
-217
-324
-371
-425
-497
-510
-505
-570
-607
-673
-701
-760
-798
-786
-880
-960
-1018
-1056
-1061
-1106
-1108
-1086
-1164
-1167
-1170
-1176
-1132
-1070
-1020
-1000
-974
-938
-876
-812
-737
-666
-633
-608
-570
-544
-512
-532
-531
-475
-488
-498
-509
-609
-600
-557
-548
-467
-478
-553
-493
-397
-313
-225
-206
-171
-165
-131
-22
87
162
175
215
239
276
370
429
468
544
547
590
616
603
670
706
753
781
784
796
853
890
917
946
921
958
983
1039
1042
1049
1061
1058
1091
1118
1124
1152
1123
1044
1020
965
898
906
889
788
752
690
587
565
532
469
383
323
218
155
152
142
120
45
-15
-73
-112
-135
-147
-193
-255
-358
-470
-505
-528
-522
-550
-611
-699
-764
-811
-870
-884
-977
-1006
-998
-1058
-1086
-999
-947
-920
-851
-872
-870
-788
-719
-635
-544
-538
-509
-468
-443
-403
-368
-376
-396
-433
-463
-451
-407
-417
-454
-490
-557
-575
-606
-569
-551
-604
-604
-548
-516
-499
-427
-410
-398
-320
-294
-235
-172
-127
-59
-14
52
106
148
202
234
302
367
411
412
503
554
587
654
694
742
784
847
906
942
963
965
1029
1106
1173
1195
1167
1174
1169
1211
1220
1194
1170
1133
1080
1046
1052
1018
984
901
798
698
610
558
543
501
455
383
237
182
99
8
-78
-168
-221
-323
-376
-449
-497
-546
-637
-687
-718
-771
-788
-831
-928
-967
-1012
-1063
-1069
-1050
-1057
-1063
-1054
-1036
-1019
-979
-914
-819
-770
-700
-650
-620
-539
-442
-341
-259
-209
-192
-201
-188
-127
-123
-122
-108
-140
-140
-132
-162
-201
-230
-277
-306
-269
-272
-275
-307
-319
-330
-313
-264
-248
-227
-206
-142
-136
-112
-36
-7
15
81
140
145
221
244
283
359
354
392
483
506
561
599
581
601
640
711
774
807
813
818
850
884
949
989
957
949
916
941
993
1011
1007
960
884
817
800
781
756
707
592
486
435
354
344
308
240
111
-31
-80
-171
-189
-219
-311
-394
-491
-569
-595
-601
-592
-630
-763
-810
-842
-864
-856
-865
-903
-935
-928
-950
-879
-817
-812
-775
-734
-715
-689
-635
-573
-522
-440
-385
-403
-385
-313
-228
-165
-138
-130
-119
-93
-116
-99
-85
-96
-83
-111
-126
-102
-164
-211
-197
-241
-313
-368
-414
-406
-391
-391
-425
-433
-372
-356
-302
-297
-249
-143
-107
-57
25
55
107
147
228
309
354
385
423
489
546
618
662
731
783
841
853
902
959
998
1037
1074
1083
1104
1113
1133
1199
1208
1172
1163
1164
1153
1141
1097
1025
951
877
807
747
692
615
527
396
270
165
93
-2
-70
-180
-310
-385
-481
-529
-578
-628
-686
-750
-824
-893
-908
-907
-966
-991
-1026
-1035
-1031
-1019
-975
-977
-949
-936
-914
-887
-847
-784
-731
-687
-626
-572
-534
-489
-446
-381
-368
-362
-335
-284
-241
-182
-147
-112
-94
-114
-89
-90
-113
-140
-168
-189
-222
-270
-289
-274
-279
-294
-276
-294
-321
-329
-331
-299
-345
-320
-279
-286
-233
-191
-129
-49
13
67
134
183
241
312
385
476
539
594
667
709
752
826
886
933
953
957
947
977
1067
1093
1089
1131
1144
1133
1135
1145
1178
1151
1125
1094
1039
986
959
900
835
731
625
581
505
431
370
301
178
81
-1
-79
-155
-215
-304
-408
-466
-507
-551
-643
-675
-709
-752
-775
-826
-830
-824
-850
-857
-874
-888
-896
-905
-908
-889
-873
-868
-821
-799
-768
-721
-705
-654
-644
-636
-626
-578
-550
-522
-484
-439
-421
-412
-408
-371
-317
-330
-303
-307
-334
-336
-316
-235
-212
-212
-219
-247
-216
-183
-172
-138
-138
-149
-159
-152
-111
-74
-28
7
68
116
128
161
231
257
319
333
373
429
473
565
613
679
716
746
760
795
826
842
913
962
1006
1010
1025
1025
1012
1054
1067
1068
1054
1034
982
952
939
935
880
797
707
654
586
547
498
439
378
307
239
151
79
-20
-99
-178
-260
-328
-386
-442
-481
-531
-596
-657
-659
-695
-734
-729
-747
-764
-819
-840
-885
-906
-900
-927
-926
-883
-875
-878
-834
-790
-790
-784
-732
-758
-723
-679
-636
-631
-623
-585
-571
-527
-490
-439
-399
-405
-350
-337
-291
-260
-231
-178
-147
-119
-76
-3
61
78
80
99
50
60
87
75
77
115
134
152
185
206
262
304
331
329
359
370
358
384
387
407
427
441
483
508
541
567
573
612
656
719
744
769
783
809
795
794
832
805
778
764
766
748
726
722
708
666
670
662
629
629
589
512
461
422
360
300
272
220
142
73
30
-38
-107
-147
-168
-206
-246
-294
-366
-427
-513
-590
-646
-696
-700
-768
-798
-794
-797
-817
-825
-824
-869
-891
-870
-894
-896
-880
-859
-837
-866
-824
-804
-815
-799
-802
-728
-696
-707
-655
-613
-558
-517
-445
-394
-340
-289
-230
-167
-142
-92
-44
-28
-5
51
93
116
123
147
192
218
186
225
243
222
256
242
267
262
251
251
276
302
306
328
341
377
369
405
420
399
405
414
453
456
512
505
532
580
612
634
661
688
710
733
763
808
801
825
811
810
820
825
837
801
758
725
699
684
658
613
556
510
454
400
365
328
281
206
120
73
21
-47
-114
-166
-231
-312
-415
-468
-523
-595
-655
-703
-753
-823
-837
-863
-858
-894
-920
-962
-1010
-1010
-1004
-991
-1014
-1016
-997
-984
-947
-917
-879
-836
-817
-791
-725
-692
-661
-622
-614
-565
-530
-454
-380
-320
-239
-198
-138
-89
-45
-6
16
74
97
146
187
217
230
235
258
291
325
331
348
354
339
348
344
333
333
291
318
310
336
364
355
376
387
414
426
446
433
438
468
479
507
527
551
560
562
577
611
653
688
695
726
747
718
708
709
707
717
696
677
647
645
613
584
576
577
513
464
435
362
314
269
237
158
107
10
-53
-61
-135
-210
-281
-371
-433
-484
-557
-609
-707
-778
-830
-883
-883
-898
-910
-971
-1007
-1052
-1055
-1070
-1077
-1060
-1011
-991
-972
-946
-899
-856
-835
-790
-754
-717
-702
-651
-558
-507
-502
-443
-390
-332
-232
-156
-92
-20
21
77
124
172
195
235
259
288
272
296
339
352
390
402
418
429
462
430
438
442
426
443
433
468
464
443
400
348
352
351
365
374
385
404
424
415
437
435
433
475
500
530
549
583
579
605
601
597
613
600
631
627
647
662
654
654
645
606
589
557
493
486
471
397
356
308
213
166
96
68
17
-66
-95
-180
-229
-286
-351
-437
-507
-561
-605
-664
-742
-754
-808
-837
-865
-900
-943
-993
-1026
-1052
-1053
-1052
-1037
-1012
-987
-996
-970
-954
-948
-925
-868
-812
-771
-697
-643
-585
-532
-508
-468
-418
-382
-326
-239
-182
-149
-59
-16
3
51
124
178
200
202
260
309
307
363
420
423
456
513
503
497
531
535
540
547
516
493
460
462
473
481
468
474
499
463
489
500
491
510
501
491
505
533
559
542
544
546
563
602
622
662
658
647
665
630
617
645
623
594
583
591
569
535
510
480
414
371
317
254
200
172
136
57
20
-40
-83
-136
-201
-259
-316
-352
-388
-432
-498
-558
-613
-634
-689
-720
-774
-825
-856
-884
-919
-934
-910
-951
-939
-941
-968
-987
-1004
-991
-995
-975
-945
-914
-847
-803
-774
-706
-671
-663
-597
-553
-495
-449
-421
-374
-344
-301
-247
-188
-131
-64
-20
71
129
174
234
255
288
320
352
328
334
389
424
476
502
546
592
580
598
609
597
600
642
675
650
632
619
575
569
585
581
600
615
592
617
634
610
561
572
556
531
568
552
570
552
554
558
528
516
524
517
476
453
454
386
348
343
313
251
217
178
111
76
24
-21
-52
-61
-101
-159
-197
-213
-256
-301
-342
-372
-417
-474
-472
-489
-547
-571
-603
-620
-613
-652
-670
-682
-693
-743
-736
-718
-728
-738
-729
-716
-742
-732
-725
-682
-661
-679
-664
-645
-626
-581
-536
-492
-468
-447
-395
-337
-274
-234
-194
-165
-102
-51
-32
-7
12
59
62
111
166
203
253
276
273
305
313
330
351
377
404
415
435
440
458
461
464
469
487
482
511
495
501
522
517
507
503
510
520
530
506
495
443
465
465
477
484
481
477
425
403
379
370
350
327
323
335
356
318
292
253
233
222
209
168
96
21
-28
-34
-75
-130
-183
-245
-278
-298
-324
-315
-320
-305
-335
-403
-419
-432
-452
-440
-456
-472
-493
-522
-495
-483
-488
-476
-482
-487
-486
-503
-501
-478
-453
-466
-491
-478
-469
-488
-446
-424
-413
-398
-365
-311
-299
-284
-255
-254
-230
-201
-151
-89
-73
-45
-52
-41
-23
-17
63
87
101
160
165
145
155
188
186
224
241
262
267
242
276
288
316
347
329
352
364
356
383
367
377
383
415
457
458
470
440
436
469
467
471
499
453
441
471
439
388
367
351
336
354
369
331
340
289
222
191
172
175
143
107
103
65
12
-15
-61
-71
-94
-115
-130
-157
-160
-216
-256
-280
-298
-316
-335
-335
-358
-356
-367
-363
-371
-379
-379
-402
-424
-435
-442
-424
-400
-380
-371
-384
-378
-390
-357
-341
-339
-316
-328
-349
-320
-297
-320
-289
-275
-279
-282
-246
-200
-189
-213
-205
-212
-204
-166
-169
-120
-121
-93
-89
-69
-10
-6
10
62
91
72
106
112
123
169
177
178
213
211
241
256
295
316
303
297
327
377
390
375
407
397
383
410
424
433
452
444
442
447
434
471
450
457
467
438
444
433
403
382
371
311
287
268
236
222
203
177
127
60
49
46
11
-9
-7
-17
-31
-44
-44
-60
-81
-125
-166
-188
-205
-221
-252
-242
-264
-283
-294
-309
-318
-325
-334
-331
-332
-323
-334
-350
-374
-382
-396
-372
-376
-384
-349
-359
-341
-321
-325
-322
-319
-318
-301
-300
-302
-312
-302
-285
-309
-308
-277
-264
-288
-276
-241
-237
-257
-242
-213
-206
-208
-207
-177
-168
-121
-122
-76
-29
-23
-34
-25
9
21
80
81
109
121
126
163
184
239
253
256
287
293
318
345
327
362
377
349
368
381
438
446
445
465
480
465
468
482
474
491
496
473
484
492
483
482
474
441
429
426
433
444
380
346
322
291
272
265
235
206
156
103
80
85
69
39
44
32
1
-31
-51
-94
-110
-128
-122
-139
-171
-212
-256
-293
-322
-338
-370
-400
-413
-418
-418
-409
-406
-381
-418
-404
-411
-434
-425
-432
-468
-460
-442
-459
-449
-447
-432
-442
-456
-453
-415
-390
-384
-357
-371
-386
-377
-358
-380
-370
-366
-388
-362
-349
-325
-300
-318
-296
-219
-172
-133
-96
-65
-38
-1
30
30
57
57
53
103
134
150
195
195
202
226
266
331
366
386
390
427
426
409
424
436
434
450
464
477
496
511
540
533
538
548
548
570
571
578
587
558
538
533
525
504
458
443
433
414
400
351
312
282
222
195
175
166
134
89
17
-35
-87
-113
-79
-105
-111
-159
-160
-184
-196
-198
-242
-268
-294
-314
-348
-391
-413
-399
-396
-396
-397
-398
-423
-409
-417
-433
-430
-399
-406
-418
-392
-401
-414
-397
-418
-381
-356
-351
-318
-317
-314
-333
-315
-295
-285
-266
-234
-232
-213
-209
-179
-163
-133
-103
-133
-104
-89
-88
-73
-77
-76
-73
-14
-1
38
91
96
96
108
92
92
151
154
143
155
161
154
168
215
259
257
267
311
318
359
373
353
384
408
386
400
407
397
407
404
425
449
433
425
420
412
362
334
316
301
298
275
258
231
213
216
183
166
128
90
68
24
5
-58
-107
-150
-130
-142
-161
-167
-201
-218
-225
-226
-213
-232
-254
-271
-286
-259
-259
-284
-299
-321
-333
-348
-321
-308
-317
-324
-324
-305
-276
-280
-292
-263
-283
-293
-307
-304
-291
-297
-248
-247
-221
-207
-209
-186
-198
-186
-145
-132
-130
-115
-88
-82
-77
-38
-19
-33
-33
-19
10
26
61
60
60
82
100
116
97
111
157
139
147
188
185
219
239
252
275
288
316
330
365
387
404
392
390
403
374
386
366
392
413
421
388
367
360
345
345
369
381
383
361
323
331
288
268
237
199
197
169
146
125
69
39
16
-7
2
-19
-40
-101
-120
-96
-164
-198
-232
-301
-345
-355
-340
-318
-323
-344
-367
-361
-388
-390
-375
-408
-388
-394
-421
-433
-457
-443
-434
-430
-375
-357
-357
-345
-321
-344
-347
-314
-299
-267
-254
-272
-251
-223
-235
-193
-215
-203
-173
-191
-198
-165
-131
-140
-115
-77
-34
-21
10
31
23
30
35
39
49
76
97
100
125
129
130
130
143
186
197
200
243
229
249
274
290
329
343
350
340
332
336
353
365
372
383
353
356
399
406
428
452
460
433
431
446
431
412
419
373
340
327
316
301
293
287
276
267
239
203
156
128
111
61
37
32
-7
-34
-39
-91
-125
-150
-184
-178
-225
-235
-261
-280
-279
-304
-317
-309
-331
-359
-374
-370
-380
-414
-402
-418
-409
-371
-363
-344
-330
-337
-341
-326
-353
-373
-341
-350
-343
-319
-308
-308
-294
-264
-255
-245
-215
-200
-215
-169
-158
-151
-126
-118
-122
-114
-83
-46
-48
-33
-7
-21
-20
6
18
39
76
83
90
139
115
125
150
154
158
138
165
170
158
146
193
194
204
225
249
269
263
280
277
303
320
309
312
305
297
307
322
315
305
331
343
335
350
347
311
331
345
322
297
275
247
211
234
209
198
168
170
136
122
117
51
30
11
-8
-34
-49
-90
-157
-169
-186
-193
-205
-206
-226
-246
-239
-278
-293
-305
-301
-304
-322
-318
-319
-309
-295
-298
-294
-304
-315
-300
-292
-294
-301
-280
-243
-246
-239
-232
-212
-200
-238
-241
-189
-174
-162
-112
-109
-96
-103
-98
-60
-46
-45
-44
-33
-24
4
11
19
37
61
68
86
127
102
71
76
54
53
64
61
56
101
111
120
113
124
123
115
128
114
129
136
145
153
141
172
206
203
218
212
184
182
200
210
223
252
258
262
258
264
264
239
251
225
237
249
230
218
203
182
175
167
170
177
149
127
75
80
91
58
26
42
7
-44
-85
-109
-132
-159
-192
-208
-212
-217
-183
-193
-222
-246
-257
-261
-274
-250
-244
-286
-342
-364
-364
-358
-323
-310
-316
-280
-285
-294
-240
-262
-243
-183
-166
-153
-143
-133
-198
-215
-192
-172
-155
-112
-123
-111
-65
-53
-72
-47
-14
-31
0
41
49
61
92
105
108
116
100
124
157
188
191
196
199
171
157
170
165
116
129
145
160
172
176
188
176
170
188
160
179
182
190
193
185
187
185
223
237
228
244
235
170
165
181
152
164
198
193
176
180
204
147
151
150
124
122
122
80
56
43
31
-18
-17
-35
-47
-54
-106
-94
-77
-76
-92
-73
-56
-78
-112
-105
-133
-144
-147
-163
-193
-215
-204
-202
-192
-216
-218
-247
-223
-221
-233
-210
-202
-219
-241
-225
-230
-203
-188
-166
-166
-160
-124
-142
-158
-141
-145
-160
-161
-146
-155
-141
-125
-126
-118
-106
-113
-95
-66
-54
-77
-60
-37
-27
-10
26
11
1
28
51
83
121
105
87
63
79
89
92
123
97
98
124
117
111
122
143
140
140
175
173
174
159
169
170
190
196
187
204
201
195
218
217
208
219
195
191
191
191
182
153
147
142
123
132
114
106
104
98
103
83
102
100
70
52
52
41
22
-6
-32
-47
-58
-76
-71
-48
-71
-108
-100
-97
-100
-104
-115
-120
-148
-156
-159
-186
-192
-185
-199
-218
-204
-209
-217
-203
-210
-207
-205
-201
-193
-210
-192
-194
-174
-132
-132
-131
-103
-120
-143
-155
-143
-116
-117
-80
-84
-75
-79
-90
-87
-78
-63
-72
-30
-29
-17
6
28
34
57
75
45
51
48
53
52
66
76
119
101
110
135
126
134
146
171
170
145
146
170
182
176
181
211
178
185
202
182
177
210
209
198
206
173
184
211
207
186
165
157
138
101
106
112
103
84
73
57
84
73
59
33
-22
-31
-35
-66
-71
-62
-80
-105
-107
-105
-99
-105
-113
-115
-151
-159
-150
-157
-163
-152
-168
-175
-184
-166
-168
-184
-179
-169
-164
-145
-156
-145
-135
-170
-164
-152
-127
-103
-95
-106
-123
-117
-141
-139
-119
-101
-107
-92
-43
-36
-17
-8
14
19
41
16
21
18
11
9
6
34
38
23
18
8
0
27
34
57
73
78
86
85
96
98
99
104
94
122
118
126
134
123
135
119
139
151
142
145
140
133
133
121
105
121
120
118
109
114
112
95
109
112
87
80
67
52
66
45
51
58
51
36
16
15
-10
-26
-15
-13
-20
-34
-28
-30
-33
-26
-41
-40
-51
-68
-85
-82
-90
-119
-121
-126
-142
-147
-139
-141
-145
-123
-105
-112
-96
-99
-124
-128
-120
-121
-128
-116
-123
-127
-119
-103
-130
-120
-114
-111
-66
-64
-50
-61
-61
-74
-74
-63
-53
-36
-34
-38
-26
-21
-12
-1
12
35
21
41
39
28
26
28
42
48
61
63
72
62
60
83
83
91
115
101
104
106
106
112
125
132
149
150
146
146
142
158
134
114
113
113
130
134
132
121
110
106
96
110
106
99
77
61
62
41
28
36
15
1
6
-8
-5
-20
-13
-12
-21
-19
-38
-39
-46
-55
-64
-92
-101
-104
-101
-92
-98
-94
-106
-92
-70
-86
-80
-74
-78
-84
-110
-96
-109
-116
-95
-97
-97
-100
-91
-76
-91
-86
-53
-57
-75
-61
-72
-73
-66
-62
-36
-33
-26
-40
-41
-16
-18
-43
-36
-53
-61
-45
-40
-46
-35
-36
-41
-20
4
8
24
38
31
23
32
27
13
27
27
10
28
36
22
34
37
50
62
52
55
70
89
69
77
88
78
66
69
73
67
72
61
62
80
70
68
81
80
71
79
83
57
55
44
46
49
55
46
39
43
34
33
42
37
36
30
25
36
46
58
48
40
34
-4
-13
-2
0
-28
-34
-25
-31
-26
-7
23
17
1
-8
-23
-25
-43
-46
-43
-55
-58
-77
-56
-45
-46
-38
-35
-29
-21
-15
-14
-17
-36
-37
-68
-75
-78
-80
-84
-78
-68
-66
-59
-61
-34
-37
-40
-49
-45
-53
-42
-45
-62
-42
-49
-63
-51
-38
-44
-41
-28
-14
-3
10
15
5
9
14
18
20
5
20
14
18
41
45
37
19
9
22
0
3
30
12
7
6
20
10
0
28
25
12
34
22
27
34
36
51
35
41
27
16
23
11
5
11
12
31
18
8
16
15
19
26
31
32
40
42
49
38
30
41
27
32
41
26
30
17
2
2
11
26
17
16
7
-13
-12
-20
-27
-30
-17
6
0
3
9
-13
-3
-2
-22
-15
-12
-9
-15
-6
-3
-34
-47
-42
-50
-43
-40
-40
-40
-31
-34
-36
-24
-24
-30
-31
-31
-41
-48
-35
-32
-35
-16
-17
-20
-24
-20
-7
-3
8
12
23
23
18
21
31
32
46
45
41
35
25
23
11
18
15
16
22
23
22
32
34
32
25
28
28
21
37
30
32
48
48
42
33
38
45
26
18
9
-2
-14
-16
-7
-23
-18
-8
-21
-15
-7
-11
-10
-11
-7
-11
-17
-10
-26
-35
-37
-54
-42
-53
-45
-31
-27
-20
-30
-18
-32
-35
-22
-20
-26
-23
-17
-33
-29
-34
-38
-26
-18
-12
-9
-2
4
-2
-4
2
-5
-4
-11
-9
-11
-17
-20
-11
-5
-8
1
-6
-5
-11
-12
-28
-27
-17
-23
-11
-11
-14
-9
-14
-3
3
8
13
11
0
7
12
16
18
18
32
37
42
52
62
57
59
56
52
43
43
63
73
69
66
63
46
48
52
57
59
63
59
58
65
64
66
60
43
35
31
23
26
27
36
28
42
33
21
14
8
1
-12
-16
-21
-32
-29
-20
-26
-27
-23
-39
-55
-56
-66
-58
-53
-56
-53
-57
-72
-69
-56
-58
-56
-59
-71
-75
-72
-68
-70
-71
-61
-65
-63
-51
-48
-49
-58
-59
-70
-74
-64
-64
-53
-66
-61
-58
-50
-35
-41
-28
-29
-34
-26
-11
1
0
-5
-7
-2
4
10
13
12
14
4
14
27
22
27
45
45
43
55
40
39
44
55
55
55
66
56
56
60
52
50
61
65
77
76
72
72
64
71
77
81
72
59
45
38
45
45
39
36
26
17
21
21
18
18
20
19
10
2
9
12
13
15
20
13
8
10
5
2
-6
-8
-13
-1
5
2
-16
-25
-30
-22
-26
-25
-23
-28
-30
-29
-22
-30
-31
-23
-23
-20
-10
-13
-21
-34
-35
-33
-45
-40
-46
-46
-49
-47
-43
-40
-37
-39
-39
-35
-35
-39
-39
-40
-37
-39
-34
-31
-31
-29
-33
-32
-33
-32
-19
-29
-14
-6
-12
-12
-15
-13
-5
-3
-1
1
6
5
3
4
18
11
9
11
16
24
17
25
20
28
33
24
31
31
18
25
26
27
32
20
27
28
32
37
32
40
40
36
39
41
35
41
34
37
48
28
31
12
15
14
10
12
13
12
12
21
21
24
18
14
4
4
0
-1
-10
-12
-13
-11
-14
-21
-20
-22
-20
-19
-15
-22
-26
-32
-29
-34
-36
-37
-34
-32
-33
-36
-35
-29
-29
-32
-36
-25
-25
-28
-25
-23
-25
-23
-31
-27
-16
-15
-10
-8
-8
-1
1
4
8
8
15
21
26
33
21
18
22
16
17
27
33
30
26
25
19
16
17
12
16
25
20
27
28
20
17
22
19
15
23
17
5
10
4
0
1
1
6
1
11
7
0
11
9
12
9
11
7
1
-10
-16
-19
-16
-2
2
1
-10
-20
-22
-21
-6
-6
0
7
0
3
10
11
5
-2
-3
1
-2
0
-9
-9
-10
-18
-19
-17
-17
-21
-25
-16
-24
-35
-35
-32
-25
-29
-28
-36
-31
-28
-28
-13
-11
-20
-26
-31
-31
-20
-7
-4
-14
-10
-13
-18
-13
-12
-13
-15
-6
-1
6
10
7
1
3
2
-1
4
10
16
11
3
10
13
11
27
27
22
28
27
38
44
35
31
27
22
18
14
16
17
9
14
23
24
22
17
31
29
26
34
21
19
23
22
22
19
23
22
25
24
25
22
13
14
15
14
17
14
8
14
10
5
8
6
-6
-8
-9
-15
-20
-19
-19
-24
-22
-22
-18
-21
-21
-30
-24
-21
-23
-21
-14
-11
-9
-6
-6
-8
-13
-17
-22
-21
-18
-25
-22
-18
-21
-24
-20
-15
-23
-14
-16
-17
-21
-22
-19
-23
-12
-12
-11
-12
-3
-2
-5
5
1
-7
-3
-6
-12
-11
-15
-17
-18
-13
-7
-16
-13
-6
-10
-9
-2
-3
-5
0
-2
-3
0
2
3
3
3
16
17
23
28
20
24
22
28
29
30
22
19
21
21
22
23
24
21
18
25
21
18
27
23
22
23
24
22
16
21
19
15
17
12
10
18
15
14
18
11
11
9
0
2
-5
-8
-9
-12
-7
-8
-11
-6
-3
-7
-14
-14
-13
-17
-17
-20
-24
-15
-16
-22
-12
-14
-19
-17
-18
-11
-11
-12
-8
-17
-18
-14
-16
-19
-17
-11
-9
-15
-10
-8
-7
-8
-11
-11
-16
-11
-10
-5
-1
-2
-5
-8
-13
-1
-1
3
7
5
4
0
3
-4
-3
-1
-2
1
0
3
0
5
6
9
5
2
8
2
-3
4
-1
-2
2
1
3
1
0
12
10
11
12
10
9
6
8
7
1
5
7
3
6
10
10
11
16
15
10
17
14
16
16
17
17
16
21
18
24
27
20
13
18
18
14
14
17
18
11
4
3
6
0
-5
-6
-12
-18
-14
-15
-19
-13
-8
-10
-14
-13
-19
-20
-23
-25
-25
-25
-23
-21
-20
-21
-24
-23
-25
-18
-14
-17
-20
-23
-19
-14
-18
-18
-16
-19
-17
-12
-13
-8
-9
-9
-4
-8
4
2
4
11
1
4
4
8
11
5
4
4
2
9
18
19
15
8
9
6
6
10
14
21
19
15
10
17
22
23
23
25
25
27
23
22
30
27
25
18
18
24
19
20
23
23
17
11
14
12
12
10
1
-7
-13
-13
-10
-10
-6
-6
-7
-11
-8
-13
-14
-9
-12
-13
-9
-9
-10
-17
-12
-13
-15
-6
-9
-12
-11
-15
-16
-10
-15
-17
-19
-16
-21
-18
-11
-8
