-8
-1
1
3
12
7
-2
-6
-1
2
5
5
0
2
0
-4
0
0
-5
-7
-2
8
5
-1
-1
1
0
4
0
-6
-7
-6
-12
-11
-1
3
2
-3
-4
-2
6
7
3
0
6
11
2
-4
-8
-6
-3
-1
3
7
6
1
-5
-5
-2
1
3
-4
-5
3
6
0
-8
-2
6
4
-3
-2
-3
-2
7
7
-2
-10
-7
0
12
9
-3
-6
-3
0
6
4
-1
2
-1
-2
2
-1
2
4
0
-1
8
7
-4
-8
-5
-3
0
3
-4
-7
-4
0
3
0
0
-2
2
0
-8
2
11
12
0
-8
-6
0
5
0
-1
1
-7
-4
5
5
1
3
6
-1
-5
-1
3
-2
-8
-2
6
12
2
-3
-1
1
8
2
-1
2
3
-3
-5
6
9
6
7
3
-3
1
3
-1
3
8
4
-1
0
-1
-5
-2
-5
-10
-4
0
-3
-2
0
2
1
0
0
-2
0
0
-8
-9
-3
-3
1
7
5
1
-5
-8
-2
10
2
-14
-15
-6
4
4
-3
-10
-6
-5
2
5
3
0
-7
-9
-9
-10
-8
4
-1
-6
-7
3
5
1
-7
-5
1
-4
-10
-3
7
-1
-6
-11
-3
6
2
4
2
-1
2
4
4
10
17
14
8
-1
4
0
-7
-6
2
7
11
9
4
2
10
9
5
5
9
8
3
-2
5
11
3
1
-1
0
4
5
3
4
3
-2
-7
-3
5
6
9
2
3
7
5
3
-3
-4
-4
1
4
-3
-10
-4
-1
-4
-6
-4
2
-1
1
0
3
-1
-6
-1
2
4
-2
-4
-4
-7
-11
-11
-3
0
-3
-4
-4
-2
1
-4
-1
-1
-2
-2
-6
-1
2
-3
-2
6
1
3
3
-1
-1
-5
-10
-8
0
-1
-6
-10
-9
1
7
1
-3
-7
0
3
3
-3
-4
-9
-11
2
5
7
5
3
0
-2
-3
-5
-5
-2
3
6
6
-3
-3
5
9
8
3
3
0
-2
-4
-7
-2
-3
-1
2
2
-5
-5
2
0
-1
-1
-3
-2
6
10
3
-6
-5
6
9
2
-5
-7
-5
-4
0
7
9
5
5
2
-1
-9
-13
-5
0
-2
2
5
0
-10
-15
3
7
0
-9
-6
6
6
4
2
1
2
11
11
12
19
15
9
5
-2
0
9
10
6
9
9
6
2
-3
3
9
1
-6
-2
4
10
9
0
-2
2
2
3
4
7
6
-2
-2
9
14
3
0
-5
-5
-5
-2
-5
-5
-6
-2
-6
-6
-6
-5
-7
-10
-5
-6
-8
-10
-14
-16
-11
-10
-8
-8
-11
-7
-5
-5
-1
2
-1
-9
-7
-5
0
3
-4
-4
0
-2
-7
-8
-7
-2
-5
-9
-7
-4
-3
-5
1
6
7
-2
-12
-5
-1
9
10
2
0
0
0
2
0
-2
-2
-1
3
0
3
1
6
6
6
7
9
11
10
9
5
7
7
7
6
5
7
3
5
6
10
11
9
11
11
5
5
9
8
6
5
5
6
7
2
6
13
10
4
4
3
9
10
4
0
2
9
3
-4
-5
-1
3
2
2
3
2
-2
-8
-7
0
1
-5
-13
-8
-9
-7
-7
-14
-17
-13
-8
-1
-7
-8
-8
-15
-14
-13
-8
-12
-13
-11
-11
-8
-12
-13
-16
-15
-8
-10
-6
0
-8
-15
-16
-7
-1
-7
-8
-2
0
-1
-2
0
-2
-1
-3
-4
5
-1
-3
5
6
7
7
13
10
10
10
10
16
9
7
8
10
10
15
17
19
16
6
9
14
17
13
7
13
16
11
13
8
3
3
7
6
4
2
-4
0
5
7
8
-4
-7
0
7
4
-12
-17
-13
-9
-6
3
2
-8
-16
-22
-16
-11
-17
-17
-14
-12
-7
-9
-10
-7
-7
-7
-11
-8
-10
-17
-12
-12
-8
-7
-9
-11
-2
-4
-1
2
-4
-10
-6
7
11
4
-8
-6
3
4
3
2
2
4
5
-2
5
10
0
-2
7
12
7
8
1
4
7
12
11
4
12
21
13
5
5
13
21
15
6
4
5
10
12
13
18
22
22
18
20
25
20
15
4
10
16
12
5
-6
1
3
1
2
7
8
2
0
-3
-6
-1
4
2
-1
-7
-6
2
3
-4
-12
-8
-10
-10
-13
-13
-11
-15
-22
-20
-18
-16
-17
-21
-25
-22
-27
-27
-17
-21
-22
-25
-26
-24
-24
-18
-10
-12
-17
-15
-9
-9
-13
-9
-6
-3
-4
-14
-12
-5
-5
-9
-18
-16
-7
-8
-11
-15
-16
-7
-3
-7
-16
-10
0
0
-2
4
13
9
5
13
24
25
22
21
12
15
22
25
26
25
24
34
36
30
29
32
31
34
35
29
33
43
47
41
37
35
40
40
36
33
25
30
27
30
34
26
26
22
19
17
16
12
11
1
-8
0
2
-1
-1
-7
-21
-25
-23
-25
-22
-24
-28
-36
-40
-31
-33
-44
-54
-49
-38
-41
-51
-60
-56
-52
-56
-55
-50
-49
-49
-48
-51
-48
-35
-26
-33
-36
-30
-30
-31
-32
-25
-20
-23
-23
-22
-19
-12
-8
-10
-18
-13
2
2
-4
-4
-3
0
-5
3
9
15
21
20
23
20
18
27
29
34
39
44
46
38
44
51
49
49
49
50
52
61
60
57
58
62
60
54
58
54
56
53
50
52
57
58
47
47
43
42
46
42
35
29
29
33
31
25
25
24
15
13
12
3
-5
-10
-10
-13
-12
-17
-28
-32
-29
-23
-33
-47
-52
-58
-54
-57
-76
-86
-91
-89
-98
-104
-103
-111
-116
-116
-108
-104
-107
-102
-97
-98
-91
-82
-69
-55
-44
-40
-38
-33
-24
-19
-14
-10
-8
-3
-8
-15
-10
-5
-10
-9
-3
3
3
-1
-3
-1
11
13
18
32
43
38
35
44
54
60
66
69
70
67
68
80
80
80
80
74
73
73
73
74
77
79
75
68
74
78
78
73
68
75
76
70
62
62
62
73
76
65
63
59
59
56
52
52
46
45
50
30
23
31
32
33
16
5
11
21
16
-6
-4
0
-3
-3
-21
-32
-39
-43
-62
-66
-76
-97
-116
-134
-141
-159
-172
-176
-174
-178
-192
-203
-205
-199
-194
-180
-167
-162
-154
-134
-109
-96
-70
-56
-48
-43
-43
-11
10
7
1
1
7
13
16
4
-6
-1
2
-7
-10
0
-1
-13
-16
-3
28
40
40
41
50
67
73
78
86
88
99
102
113
113
112
111
111
114
119
112
101
105
103
106
96
91
94
87
90
90
89
91
95
89
100
92
92
92
95
101
103
94
84
91
84
80
71
65
60
49
50
47
36
39
40
34
29
17
11
12
13
14
-4
-10
-11
-13
-18
-51
-67
-69
-89
-118
-144
-153
-153
-179
-213
-234
-248
-256
-275
-290
-296
-294
-294
-304
-299
-271
-240
-220
-203
-181
-158
-127
-103
-77
-42
-15
-6
19
35
31
37
42
46
41
38
40
38
24
13
-2
-3
-2
9
12
9
22
34
51
59
65
72
86
107
114
131
144
145
152
158
170
168
171
173
168
157
155
160
151
139
135
129
129
118
109
115
112
108
103
117
119
122
120
119
121
110
103
110
116
112
97
99
104
88
74
71
56
37
36
34
19
14
13
-8
-7
0
-4
-15
-14
-18
-20
-22
-36
-45
-53
-63
-84
-87
-84
-98
-138
-188
-201
-195
-227
-245
-275
-302
-318
-330
-344
-370
-367
-356
-350
-352
-331
-303
-270
-230
-208
-178
-141
-112
-84
-59
-24
7
7
6
22
32
38
46
49
43
25
10
17
6
-25
-36
-22
-23
-24
-7
8
29
33
42
66
84
106
141
137
146
142
155
190
210
240
255
242
223
234
236
232
231
246
243
233
218
204
192
178
165
169
187
193
183
138
121
141
151
142
132
135
144
158
158
151
124
128
130
120
96
76
64
60
52
31
9
-3
-17
-34
-19
-23
-22
-29
-20
-24
-30
-27
-45
-50
-52
-40
-42
-55
-71
-104
-144
-173
-198
-230
-272
-305
-324
-334
-358
-396
-427
-448
-468
-488
-499
-491
-474
-448
-423
-413
-370
-331
-280
-241
-197
-143
-99
-63
-61
-49
-2
49
86
93
99
98
75
55
44
33
31
38
23
13
3
-5
-8
-17
-10
-4
19
55
63
72
116
140
144
169
201
235
271
297
324
333
330
327
322
329
331
330
314
275
259
264
253
242
212
200
189
186
196
175
167
153
155
159
170
206
219
202
187
178
175
175
169
171
183
180
156
139
106
69
44
23
21
20
10
30
19
-8
-20
-17
-6
9
1
-6
-1
1
-9
-31
-50
-52
-99
-150
-205
-251
-297
-346
-374
-405
-471
-530
-575
-623
-654
-666
-666
-665
-673
-662
-617
-598
-597
-569
-515
-445
-375
-302
-249
-207
-164
-96
-44
-16
-3
12
34
70
135
151
141
114
76
44
28
39
56
63
19
-8
-15
-2
7
43
66
91
107
132
187
217
260
288
289
283
324
364
411
442
434
405
407
393
400
445
448
433
379
350
312
313
324
313
317
312
310
293
277
258
247
271
304
314
303
299
308
336
309
264
262
219
200
191
190
182
160
115
74
38
6
41
84
58
65
75
55
46
27
2
-10
-17
-12
19
10
-20
-91
-176
-262
-335
-419
-483
-516
-575
-630
-724
-832
-885
-925
-988
-1026
-1033
-1034
-1052
-1043
-1007
-962
-907
-851
-788
-702
-592
-505
-430
-354
-237
-108
-23
29
81
128
191
261
264
292
346
331
319
322
309
272
199
153
126
136
134
98
68
63
43
44
71
90
121
124
171
202
228
285
329
333
341
376
414
472
491
493
521
545
564
576
579
592
605
586
535
508
486
511
512
501
482
454
421
404
380
369
371
377
359
369
378
370
372
336
310
271
292
305
293
254
219
146
134
88
63
104
159
191
258
280
206
91
-52
-116
-88
2
136
205
119
-82
-383
-635
-710
-664
-608
-643
-768
-1016
-1251
-1406
-1496
-1456
-1413
-1429
-1492
-1561
-1607
-1601
-1508
-1407
-1337
-1263
-1133
-981
-847
-710
-629
-547
-451
-352
-220
0
234
315
337
364
411
499
596
685
720
675
612
497
471
511
555
515
376
213
104
73
125
156
122
100
54
13
4
71
190
220
238
224
237
316
453
548
625
636
628
675
744
839
869
906
914
890
881
914
930
902
868
836
769
739
756
768
756
611
485
434
396
496
561
571
467
299
152
141
276
416
486
408
294
130
99
121
205
270
347
312
454
556
473
308
118
-54
-24
232
568
689
513
-7
-713
-1062
-975
-712
-560
-595
-1066
-1758
-2301
-2503
-2340
-1960
-1779
-2005
-2380
-2731
-2834
-2644
-2197
-1842
-1683
-1709
-1760
-1687
-1487
-1114
-818
-613
-489
-381
-216
22
253
427
461
544
734
979
1191
1190
1060
807
588
518
724
982
1041
838
401
6
-95
36
248
423
402
154
-119
-215
-117
85
378
529
411
266
211
245
464
752
991
1046
987
887
883
1018
1236
1427
1477
1451
1369
1307
1298
1304
1341
1399
1389
1294
1226
1075
982
920
827
805
797
785
730
570
422
262
174
270
423
469
412
270
69
-19
-3
58
185
304
345
322
627
828
614
242
-77
-198
98
652
1032
991
546
-397
-1362
-1586
-1086
-546
-515
-1009
-2072
-3046
-3518
-3353
-2852
-2337
-2433
-3102
-3816
-4054
-3791
-3256
-2656
-2362
-2422
-2611
-2579
-2260
-1735
-1127
-748
-626
-507
-337
-107
220
578
781
975
1177
1374
1383
1275
1226
1061
968
1147
1349
1313
1143
880
512
305
343
471
581
569
378
-1
-195
-5
320
537
738
710
442
276
378
697
1062
1344
1324
1248
1134
1091
1251
1550
1867
1996
1938
1768
1660
1617
1633
1761
1829
1798
1801
1754
1554
1383
1274
1138
1102
1133
1197
1091
879
534
277
312
498
762
696
609
172
-191
-229
-60
223
516
419
61
-326
-319
122
1256
1665
1117
130
-614
-804
-15
1096
1889
1612
451
-1395
-2623
-2357
-1019
-233
-401
-1604
-3315
-4625
-4745
-3934
-2961
-2436
-3050
-4409
-5354
-5250
-4522
-3588
-2865
-2793
-3129
-3421
-3248
-2742
-1816
-967
-699
-707
-590
-399
-158
327
743
939
1203
1573
1755
1586
1506
1329
1200
1479
1814
1859
1680
1322
744
353
562
872
1050
1027
680
199
34
232
670
1035
1145
1076
748
500
683
1161
1637
1867
1822
1500
1331
1519
1831
2080
2360
2466
2211
1927
1863
1840
1925
2025
1996
1884
1804
1592
1406
1343
1301
1110
1052
1115
1098
1016
893
575
252
204
237
358
487
483
116
-229
-340
-261
17
350
351
167
-221
-528
-377
14
1107
1545
925
1
-817
-981
-266
975
1701
1449
401
-1303
-2681
-2500
-1186
-231
-418
-1587
-3348
-4594
-4659
-3815
-2982
-2553
-3203
-4556
-5505
-5320
-4499
-3660
-2980
-2925
-3269
-3473
-3344
-2840
-2019
-1139
-771
-722
-610
-436
-221
279
901
1232
1567
1834
1827
1541
1428
1401
1576
1955
2163
1979
1525
1151
801
801
1204
1461
1297
888
371
22
219
709
1101
1188
966
658
512
654
1102
1564
1738
1625
1400
1378
1546
1925
2232
2346
2272
2121
1919
1863
2133
2319
2257
2093
1914
1692
1599
1638
1777
1841
1555
1137
759
776
960
1057
935
623
364
126
60
230
500
449
302
-143
-310
-204
-12
19
22
-159
-194
-446
-348
13
935
1345
688
-331
-992
-835
-66
863
1369
980
-22
-1430
-2613
-2364
-1145
-326
-819
-2132
-3711
-4694
-4533
-3702
-3006
-2773
-3461
-4743
-5537
-5304
-4386
-3554
-3112
-3144
-3448
-3595
-3368
-2633
-1832
-1047
-691
-779
-685
-315
151
639
1266
1581
1684
1762
1865
1972
2040
2194
2147
2021
2025
1973
1746
1661
1525
1375
1239
1101
842
756
727
579
489
493
488
527
525
656
791
877
978
1064
1012
1081
1308
1542
1673
1815
1833
1776
1776
1884
2128
2321
2427
2311
2079
1866
1779
1795
1874
1999
1859
1587
1298
1050
1010
977
1020
1092
907
649
303
95
25
194
470
379
188
-85
-351
-465
-159
15
81
88
-172
-611
-791
-458
-5
956
1344
633
-530
-1244
-1042
-189
1034
1776
1170
-85
-1795
-2767
-2343
-784
87
-664
-2231
-3884
-4844
-4577
-3397
-2687
-2695
-3578
-4867
-5590
-5273
-4181
-3288
-2792
-2915
-3284
-3656
-3338
-2485
-1537
-689
-287
-386
-575
-448
25
711
1538
2074
2067
1872
1685
1694
1837
2243
2469
2383
2099
1731
1271
1153
1322
1528
1414
1056
722
350
108
230
480
600
649
526
248
233
506
772
882
976
1033
1035
1188
1423
1619
1859
1965
1883
1795
2026
2304
2412
2409
2270
2046
1842
1861
1912
2004
2114
1928
1596
1245
985
1009
1147
1207
1074
661
365
12
123
470
545
457
275
-191
-544
-478
-36
133
156
72
-258
-722
-549
-245
786
1664
1067
-361
-1161
-925
-9
1169
1969
1446
215
-1352
-2534
-2344
-790
183
-689
-2182
-3715
-4570
-4363
-3451
-2891
-2968
-3739
-4979
-5749
-5294
-4235
-3609
-3356
-3431
-3565
-3713
-3408
-2654
-1792
-832
-455
-619
-763
-554
-58
767
1673
2276
2185
1739
1436
1522
1996
2748
3103
2615
1926
1264
979
1224
1860
2175
1794
1029
267
-144
-62
553
937
731
298
-191
-541
-296
467
901
1029
928
456
182
524
1163
1665
1944
1890
1500
1269
1473
1903
2367
2782
2765
2304
1726
1456
1604
2020
2495
2486
2065
1306
764
590
861
1469
1668
1362
606
-86
-465
-17
580
1026
914
355
-420
-801
-542
179
662
850
312
-422
-642
-352
199
1448
2486
1524
14
-1010
-973
33
1584
2323
1672
330
-1272
-2675
-2487
-855
-48
-848
-2272
-3900
-4924
-4766
-3860
-3279
-3192
-3820
-5138
-5979
-5556
-4595
-3991
-3538
-3334
-3564
-3799
-3527
-2882
-2032
-943
-319
-216
-263
-262
-55
532
1489
2389
2710
2342
1849
1650
1843
2257
2928
3051
2575
1779
1110
846
1164
1648
1741
1325
762
46
-404
-324
43
359
398
128
-288
-547
-398
30
520
871
837
649
505
666
1120
1621
1984
2024
1819
1612
1715
2150
2594
2884
2814
2313
1776
1733
1949
2308
2562
2341
1722
1080
760
848
1216
1681
1471
730
84
-257
-26
436
884
845
387
-174
-499
-534
189
719
730
473
154
-234
-197
345
2062
2434
1353
-57
-1016
-737
626
2111
2349
1350
-24
-1913
-3049
-2065
-348
-136
-1286
-2910
-4714
-5343
-4625
-3778
-3455
-3523
-4550
-5876
-6196
-5336
-4390
-3740
-3389
-3515
-3786
-3771
-3328
-2476
-1385
-420
-235
-320
-76
39
260
1012
1868
2562
2791
2550
2112
1918
2070
2288
2554
2841
2660
1877
1206
1023
1115
1250
1289
964
491
-72
-413
-371
-108
152
-84
-275
-515
-517
-180
104
585
802
709
490
578
819
1285
1838
2166
2213
2034
1993
2029
2327
2766
2961
2766
2339
2016
1866
2027
2255
2256
2058
1659
1099
719
737
1036
1132
1012
648
198
-205
-112
114
395
757
594
76
-449
-384
-131
513
890
889
348
141
49
1324
2612
2304
891
-330
-680
184
1717
2673
2065
771
-1116
-2802
-2621
-916
-146
-1017
-2521
-4378
-5413
-5128
-4270
-3810
-3721
-4539
-5848
-6422
-5843
-4791
-4146
-3862
-3813
-3846
-3883
-3494
-2700
-1711
-761
-224
-219
-158
133
564
1306
2159
2718
2727
2436
2273
2451
2872
3098
3064
2657
2021
1532
1407
1695
1903
1654
945
111
-327
-267
-20
169
77
-377
-983
-1169
-929
-435
57
317
210
88
90
305
640
1251
1732
1924
1884
1802
1887
2171
2535
2906
3111
3077
2817
2364
2076
2073
2396
2509
2350
1878
1232
815
744
793
945
909
565
49
-277
-371
-92
290
387
230
12
-178
-198
-42
405
784
687
655
421
174
479
1244
2846
3066
1943
342
-772
-561
1156
2749
3081
1846
-58
-2526
-3446
-2180
-355
-71
-1247
-3415
-5521
-6152
-5363
-4235
-3507
-3668
-5160
-6597
-6816
-5892
-4737
-3855
-3404
-3451
-3703
-3776
-3218
-2214
-966
77
439
368
207
236
677
1758
3218
3757
3287
2535
1909
1971
2829
3657
3773
3081
1950
594
209
996
1940
1849
1072
-188
-1392
-1628
-1022
-333
169
-40
-998
-1768
-1758
-1056
-119
528
746
572
336
201
673
1368
2187
2841
2791
2383
2055
2074
2508
3150
3691
3683
3027
2148
1589
1558
2018
2586
2450
1613
677
28
-96
281
685
690
226
-381
-808
-844
-511
119
604
518
266
16
-129
193
804
1223
1294
1448
1046
694
910
2018
3515
3255
1839
294
-486
122
1652
2820
2720
1455
-581
-2988
-3409
-1898
-579
-995
-2219
-4254
-5990
-6368
-5532
-4695
-3986
-4348
-5889
-6872
-6589
-5602
-4683
-3851
-3336
-3227
-3303
-3220
-2560
-1582
-385
500
830
1020
1037
1030
1327
2115
3051
3761
3820
3231
2485
1894
1806
2468
3196
3206
2341
849
-186
-550
-117
602
852
54
-1229
-2325
-2636
-1863
-852
-427
-526
-967
-1595
-1559
-859
224
1223
1622
1471
1113
1092
1551
2496
3312
3707
3608
3103
2687
2647
3051
3568
3774
3423
2605
1846
1282
1227
1489
1721
1540
812
-76
-698
-912
-540
-33
166
-112
-441
-955
-962
-201
495
908
1189
933
613
730
1162
1563
1924
2133
1996
1806
2453
3697
3490
2271
919
202
581
1762
2680
2594
1292
-564
-2907
-3583
-2407
-1112
-1590
-2899
-4674
-6369
-6752
-6029
-5218
-4518
-4700
-6119
-7028
-6773
-5771
-4590
-3660
-3183
-3055
-2963
-2853
-1967
-868
161
1045
1366
1455
1651
1613
1776
2326
3235
3831
3867
3655
2710
1758
1491
1724
2309
2525
2004
520
-944
-1549
-1612
-1021
-200
-315
-1473
-2735
-3361
-3073
-1941
-719
-464
-678
-1072
-1305
-796
243
1487
2274
2412
2232
1952
2137
2759
3520
4084
4160
3816
3190
2696
2771
2978
3205
2728
1690
1940
2180
701
-396
195
496
-389
-482
287
-392
-1439
-1114
-661
-391
701
943
-175
-557
443
1511
2306
2904
2540
1808
1436
1564
2367
3651
3870
3001
3514
3729
2682
1728
1158
723
1040
1996
2521
2058
534
-2492
-4433
-3673
-2145
-1870
-2284
-3701
-6202
-7786
-7259
-6021
-4730
-3971
-5247
-6975
-7340
-6303
-4786
-3221
-2166
-2090
-2499
-2717
-2060
-436
1037
1682
2033
2148
2157
2163
2306
2706
3212
3356
3223
3011
2685
2303
1375
743
580
414
151
-99
-758
-1733
-2478
-2654
-2884
-2531
-1944
-2027
-2633
-2775
-2569
-2247
-1517
-438
131
390
790
957
1336
2024
2865
3503
3801
3800
3474
3295
3618
3963
4010
3873
3424
2738
2192
1921
1715
1396
1001
500
-52
-326
-387
-685
-869
-883
-891
-819
-831
-566
-206
233
425
748
1359
1587
1628
2221
2750
2871
2901
3073
3027
2960
2996
3144
3228
4284
4994
4088
2596
1180
279
368
1465
2460
2441
1267
-1248
-3981
-4639
-3608
-2567
-2433
-3120
-5013
-7126
-7891
-7097
-5927
-4700
-4577
-5657
-6496
-6346
-5550
-4270
-2608
-1573
-1442
-1408
-1223
-671
377
1566
2382
2913
3150
2937
2697
2605
2676
2747
2604
2565
2542
1811
989
297
-623
-1271
-919
-1297
-2111
-2332
-3293
-4291
-3925
-3123
-3135
-3073
-2547
-2528
-2746
-1559
-933
-759
348
1224
1511
2498
3596
3437
3280
3679
3804
4165
4901
4813
3903
3181
2653
2328
2494
2775
2142
904
-32
-801
-1074
-986
-794
-611
-1077
-1423
-1492
-1388
-1179
-669
72
368
1021
1781
1755
2070
2554
2558
2899
3355
3733
3889
3873
4021
3341
2976
3497
3530
5033
5751
4177
1851
47
-746
556
2642
3900
2980
430
-3414
-6311
-5774
-3312
-1878
-1499
-3060
-6221
-8642
-8928
-7638
-5173
-3226
-3627
-5025
-5803
-5894
-5182
-3115
-1040
316
1089
864
423
760
1501
2189
3285
4328
4619
3900
2907
1720
713
740
1060
1105
936
-239
-2154
-3462
-4121
-4272
-3888
-3793
-4285
-4678
-5158
-5192
-4302
-3350
-2981
-2421
-1683
-1085
-171
998
1776
2397
3147
3644
4179
4935
5210
4995
4923
4797
4523
4192
3795
3196
2363
1505
578
-146
-400
-659
-1138
-1608
-2017
-2491
-2706
-2392
-1918
-1219
-571
-425
-240
467
973
1631
2491
3039
3505
4065
4537
4938
5227
5013
4525
4235
4234
4092
4156
3724
2983
2271
2496
3970
4213
2581
627
-1268
-1961
-571
1387
2928
2709
333
-3574
-5991
-5566
-3733
-2407
-1487
-2470
-4946
-6979
-7707
-7014
-4774
-3016
-2825
-3150
-3637
-4265
-4211
-2771
-925
398
1236
1456
1239
1054
1061
1209
1859
2508
2494
2160
1896
913
-537
-1459
-1793
-1724
-1321
-1634
-2675
-3731
-4942
-5482
-5125
-4491
-3918
-3743
-3967
-3759
-3144
-2460
-1740
-704
124
745
1575
2493
3038
3483
3597
3691
4097
4506
4596
4478
4283
3581
2657
1884
1462
1170
868
487
-231
-1033
-1786
-2218
-2064
-1480
-997
-957
-1319
-1444
-906
-87
869
1861
2520
2572
2660
3139
3658
4135
4639
4593
4579
4382
4059
3868
3432
3191
2950
2278
2023
1618
1087
606
2204
4563
4055
1976
265
-1550
-1665
615
3020
4787
4805
1674
-2684
-4505
-3762
-2763
-1559
-443
-1428
-3557
-5754
-7310
-7072
-5406
-4172
-3267
-2626
-3115
-4402
-4941
-3943
-2143
-210
1164
1382
1131
726
412
905
1756
1879
1683
1825
1804
1280
310
-895
-2069
-2541
-2459
-2222
-2121
-2877
-4661
-5829
-5891
-5360
-4294
-3441
-3198
-3185
-3159
-2836
-2030
-1039
47
986
1765
2633
3055
2922
3031
3300
3642
4112
4335
3970
3358
2687
2075
1742
1401
777
-123
-824
-1100
-1079
-1133
-1306
-1507
-1803
-1859
-1502
-722
-218
494
896
1029
1896
2275
2574
3168
3682
4089
4194
4490
4482
4011
4014
3898
3425
3604
3217
2311
2117
1635
1334
1007
2841
5258
4567
2612
854
-1034
-1152
524
3026
5163
5174
2584
-1387
-3827
-3893
-3554
-2336
-535
-639
-2151
-4494
-6441
-7226
-6679
-5279
-3144
-1488
-1279
-2619
-4052
-4177
-2874
-660
1650
2953
2820
1402
402
570
1216
1515
1586
1474
1152
581
-329
-1399
-2586
-3594
-4102
-3731
-3187
-3430
-4307
-5465
-6357
-6309
-5603
-4470
-3282
-2301
-1916
-1732
-1231
-798
-387
752
2152
3200
4052
4396
3778
3045
2731
2650
2817
3180
3104
2314
1363
532
-365
-1128
-1365
-1645
-2007
-1902
-1781
-1973
-2144
-2005
-1620
-1075
-406
336
1017
1726
2377
2790
3391
3961
4046
3941
4323
4681
4764
4800
4754
4099
3221
2841
2229
2082
2101
1778
1062
718
649
2171
4244
4143
2622
1098
-191
-566
889
3663
5297
5072
3062
96
-1840
-2256
-2782
-2344
-1164
-1090
-1767
-2914
-4345
-5989
-6954
-6447
-4636
-2290
-1028
-1343
-2428
-3292
-3307
-1876
469
2426
3054
2402
1811
1462
1262
1179
1064
1120
1285
993
449
-601
-2355
-3849
-4624
-4513
-3905
-3824
-4391
-5223
-6181
-6474
-5720
-4751
-3961
-2983
-2095
-1372
-562
-92
122
662
1528
2779
3930
4747
4475
3632
2574
2174
2211
2160
2466
2004
1111
-81
-908
-1773
-2220
-2568
-2858
-2737
-2543
-2332
-2330
-2219
-1560
-1178
-510
1
857
1927
2728
3479
4386
4585
4285
4108
4023
4437
4958
5454
5207
4245
3098
1683
990
1213
1556
1412
1077
589
755
2575
3782
2868
1599
537
-553
-110
2322
4607
5193
4215
1762
-628
-1373
-1471
-1974
-1366
-990
-1613
-2117
-2705
-3751
-5130
-6035
-5613
-4127
-2341
-1287
-1116
-1599
-2229
-2242
-1111
459
1745
2260
2339
2573
2470
1773
964
236
45
499
1003
1084
10
-2081
-3946
-4841
-4890
-4180
-3624
-4062
-4982
-5767
-6229
-5785
-4698
-3834
-2866
-1796
-1062
-444
192
562
733
1252
2356
3359
3961
4098
3450
2260
1852
1629
1219
1388
1411
387
-375
-956
-1617
-2437
-3051
-3188
-3093
-2644
-2129
-1992
-2022
-1717
-1314
-650
161
1143
2095
2872
3358
4194
4672
4640
4386
4230
4253
4561
4842
4837
4389
3558
2266
1133
810
885
743
617
630
1387
3335
4137
3015
1473
279
-724
182
2884
5135
5645
4177
1134
-1304
-2019
-2063
-2095
-1492
-1589
-2449
-3009
-3285
-3999
-4924
-5499
-5384
-4224
-2323
-859
-288
-293
-860
-811
320
1733
2647
3011
3004
2910
2886
2864
2233
1055
-270
-968
-927
-523
-796
-1976
-3679
-5286
-6265
-6123
-5410
-5048
-5201
-5493
-5712
-5296
-4504
-3582
-2511
-1383
-234
843
1869
2510
2571
2512
2942
3537
4241
4629
4227
3122
1930
887
96
-182
-335
-777
-1382
-2042
-2820
-3529
-4165
-4504
-4249
-3429
-2492
-1758
-1356
-987
-549
-97
620
1698
2745
3705
4436
5044
5326
5074
4458
4089
3961
3947
3904
3886
3463
2526
1452
353
-294
-370
-316
-354
-131
851
3041
4022
3083
1984
918
-147
722
3187
5424
6168
5194
2624
180
-1010
-1473
-1882
-1648
-1896
-2824
-3155
-3130
-3923
-5053
-5816
-6376
-5779
-3854
-2039
-844
-438
-695
-652
236
1460
2371
2838
3286
3746
4178
4555
4116
2612
879
-135
-288
53
153
-806
-2597
-4427
-5870
-6334
-6166
-6282
-6508
-6442
-6412
-5887
-4882
-4124
-3571
-2792
-1678
-345
1139
2472
2980
3047
3411
3940
4375
4865
4889
4065
3238
2736
1917
938
302
-553
-1449
-1904
-2319
-2951
-3869
-4945
-5337
-4978
-4035
-3052
-2351
-1931
-1599
-1330
-680
576
1897
2948
3906
5053
5532
5399
5069
4903
4608
4676
5012
5007
4577
3822
2192
1180
888
131
20
-179
22
1995
3128
2578
1732
451
-976
-1493
566
3233
4393
4775
3548
1003
-412
-1559
-2375
-2075
-1389
-1371
-1199
-931
-1995
-3888
-5016
-5661
-5207
-3422
-1846
-783
-393
-910
-1240
-682
250
1086
1650
2117
2418
2807
3447
3401
2599
1635
466
-142
46
194
-7
-600
-1845
-3144
-3982
-4814
-5628
-5910
-5714
-5252
-4754
-4428
-4191
-4127
-4156
-3414
-2101
-683
533
1237
1365
1663
2183
2490
3147
3656
3429
3055
2803
2346
1694
1208
537
-87
-174
-301
-812
-1584
-2757
-3889
-4240
-3647
-2899
-2347
-1856
-1723
-1960
-1853
-1235
-340
859
2042
3273
4330
4451
4012
3670
3557
4006
4625
5161
5364
4899
3784
2552
1896
1501
1203
1583
3363
4483
3536
2370
1001
-967
-1414
29
1723
2838
3104
1929
127
-1015
-1954
-3019
-3251
-2809
-2597
-1762
-722
-1139
-2575
-4019
-5259
-5124
-3476
-1762
-457
441
370
-65
-116
149
407
771
1495
2304
3078
3406
3079
2308
1408
650
368
599
740
481
36
-703
-1574
-2315
-3083
-3985
-4482
-4776
-4872
-4439
-4052
-3943
-4031
-4173
-4036
-3534
-2846
-1826
-668
-70
218
731
1030
1091
1603
2101
2352
2580
2531
2069
1598
1347
1107
924
841
560
52
-532
-1207
-1919
-2422
-2556
-2466
-2323
-2135
-1831
-1662
-1491
-1409
-1240
-744
99
1177
2295
3353
3529
3139
3069
3173
3687
4562
4966
4887
4748
4006
3167
2903
3728
5019
4770
3974
3654
2262
754
623
1231
1689
1873
1678
702
-198
-1243
-2680
-3849
-4255
-4161
-3714
-2562
-1835
-2340
-3151
-4311
-5354
-5043
-3811
-2556
-1056
125
658
1042
966
542
203
343
1010
2183
3544
4195
3829
2882
1738
849
556
682
797
911
830
385
-147
-891
-2340
-3892
-4630
-4732
-4353
-3491
-3052
-3417
-3947
-4543
-4925
-4502
-3707
-3013
-2155
-1136
-189
350
406
361
199
145
675
1677
2593
2997
2773
2342
1738
1024
643
666
700
605
467
243
-294
-1170
-1930
-2348
-2460
-2281
-1877
-1292
-859
-865
-808
-588
-337
79
981
2171
2926
3419
3741
3717
3731
3676
3733
4100
4362
4831
6089
6569
5458
4624
3596
1962
1441
2077
2667
2798
2492
1488
123
-941
-2268
-3797
-4468
-4596
-4524
-3681
-2735
-2968
-3743
-4657
-5758
-5841
-4681
-3606
-2501
-1118
-291
220
645
586
487
690
968
1713
2825
3384
3226
2931
2354
1667
1454
1389
1058
818
705
580
516
276
-482
-1547
-2545
-3335
-3477
-3187
-2916
-2660
-2730
-3210
-3465
-3528
-3867
-3828
-3232
-2722
-2073
-1070
-473
-377
-286
-330
-542
-433
116
714
1233
1743
2100
1991
1562
1071
515
147
282
699
1162
1446
1141
211
-708
-1365
-1607
-1489
-895
-330
-183
-261
-425
-558
-536
-39
627
1171
2033
2889
3088
3245
3449
3238
3151
3353
4226
5573
5883
5514
5496
4687
3327
2894
3029
3067
3044
2923
2339
1825
899
-875
-2518
-3554
-4260
-4420
-3665
-3054
-3252
-3727
-4665
-5838
-6020
-5572
-5035
-4016
-2722
-1664
-768
-176
-113
-290
-345
-141
642
1864
2852
3284
3403
2849
1975
1494
1243
1164
1385
1767
1865
1638
961
-150
-1155
-1873
-2263
-2228
-1917
-1904
-2103
-2487
-2937
-3404
-3860
-4050
-3817
-3428
-3030
-2421
-1841
-1754
-1924
-1997
-1843
-1423
-878
-199
386
618
610
683
788
995
1375
1551
1530
1448
1187
1039
1116
1218
1264
1147
819
331
-95
-157
-125
-46
157
95
-63
-192
-352
-175
592
1417
1844
2146
2314
2294
2424
2640
3200
4653
5583
5068
4976
4914
3803
3386
3945
4389
4534
4454
3866
2762
1817
763
-527
-1201
-1598
-2055
-2205
-2390
-3086
-3761
-4313
-5153
-5545
-5165
-4818
-4459
-3858
-3477
-3088
-2561
-2373
-1982
-1341
-872
-360
288
653
774
1101
1490
1581
1631
1622
1311
1136
1337
1480
1570
1517
1029
491
4
-584
-712
-785
-1294
-1433
-1457
-1757
-1920
-2266
-2949
-3220
-3308
-3597
-3375
-2698
-2489
-2531
-2400
-2477
-2676
-2530
-2234
-1821
-994
-219
132
388
434
244
502
971
1394
1941
2279
2176
1881
1617
1414
1450
1635
1627
1590
1547
1188
719
436
68
-198
-101
51
237
433
417
376
522
952
1343
1762
2270
2617
3427
4013
4016
4451
4641
4053
3907
4300
4552
4626
4660
4235
3462
2921
1960
797
9
-809
-1392
-1506
-1544
-1819
-2385
-3311
-4538
-5236
-5200
-4930
-4425
-3604
-3075
-2691
-2355
-2398
-2387
-2302
-1989
-1320
-378
457
840
951
802
441
389
702
1093
1336
1368
1293
1125
924
711
482
198
-172
-366
-595
-919
-1047
-1123
-1249
-1491
-1805
-2255
-2671
-2983
-3167
-2975
-2643
-2636
-2745
-2711
-2842
-2860
-2609
-2414
-2186
-1790
-1335
-832
-281
43
205
445
733
1052
1494
1971
2201
2198
2232
2241
2194
2131
2007
1924
1976
1892
1677
1454
948
435
176
-1
67
282
370
328
210
150
247
434
861
1416
2211
3252
3501
3401
3657
3269
2960
3447
4151
4705
4952
4837
4021
3236
2526
1530
983
523
-39
-264
-503
-1009
-1692
-2464
-3275
-3938
-4144
-4243
-4174
-3770
-3525
-3237
-2642
-2241
-2018
-2025
-2172
-1969
-1469
-769
-28
525
744
560
195
-1
56
141
350
716
920
751
601
316
-184
-504
-692
-780
-723
-757
-847
-1000
-1243
-1490
-1760
-2158
-2478
-2604
-2675
-2504
-2357
-2268
-2279
-2506
-2744
-2916
-2807
-2446
-2036
-1569
-1183
-766
-465
-261
62
277
556
1079
1585
1995
2369
2585
2486
2300
2326
2268
2241
2462
2585
2482
2268
1871
1401
972
667
540
575
555
448
368
156
27
-88
-151
244
822
1709
2545
2681
2814
2670
2320
2512
3033
3872
4425
4644
4613
3930
3386
2652
1781
1363
920
705
677
385
-150
-982
-1924
-2828
-3487
-3550
-3510
-3377
-2929
-2774
-2574
-2319
-2373
-2366
-2417
-2322
-1906
-1280
-612
-255
-174
-227
-431
-545
-482
-470
-370
-215
-122
33
185
25
-416
-849
-1214
-1319
-1223
-1035
-930
-1012
-1190
-1498
-1672
-1797
-2003
-2135
-2206
-2155
-1989
-1817
-1793
-1927
-2216
-2516
-2523
-2303
-2031
-1841
-1643
-1370
-1091
-703
-379
-144
34
217
527
1013
1523
1923
2194
2352
2415
2460
2524
2549
2592
2503
2478
2672
2753
2474
2112
1620
1056
955
1019
1060
1061
796
334
-63
-315
-245
122
628
1206
1677
1878
1905
2029
1959
2037
2527
3152
3833
4297
4437
4150
3609
2901
2240
1821
1636
1643
1587
1246
628
-215
-1189
-1892
-2247
-2441
-2501
-2513
-2510
-2418
-2216
-2204
-2437
-2707
-2991
-2923
-2446
-1814
-1205
-892
-926
-1140
-1364
-1430
-1328
-1103
-784
-515
-219
-124
-265
-423
-883
-1287
-1391
-1455
-1206
-998
-1032
-1123
-1376
-1703
-2018
-2188
-2200
-2216
-2068
-1802
-1633
-1665
-1903
-2072
-2290
-2378
-2078
-1791
-1499
-1086
-988
-861
-603
-502
-332
-76
149
521
856
1128
1373
1553
1668
1539
1811
1924
1904
2033
1994
1894
1818
1785
1880
1898
1821
1497
1262
1099
942
949
899
769
676
470
299
270
327
541
892
1249
1686
1922
1875
1938
2115
2236
2674
3200
3657
3964
4074
3882
3418
3093
2690
2347
2329
2218
2019
1782
1116
419
-265
-909
-1206
-1382
-1337
-1455
-1676
-1838
-2109
-2229
-2399
-2585
-2577
-2567
-2376
-2095
-1838
-1721
-1735
-1834
-1948
-1943
-1809
-1626
-1385
-1127
-970
-930
-1034
-1212
-1407
-1546
-1665
-1711
-1600
-1349
-1474
-1618
-1666
-1932
-2098
-2097
-2056
-1935
-1734
-1658
-1677
-1722
-1831
-1907
-1637
-1376
-1118
-705
-447
-335
-198
-171
-141
-2
145
383
654
839
900
904
802
781
822
900
1027
1065
1108
1089
1068
1014
885
971
1107
1207
1306
1225
981
894
884
868
1037
947
830
810
771
871
1039
1147
1120
1284
1426
1686
1996
2218
2461
2505
2569
2822
3049
3287
3470
3464
3316
3245
3008
2828
2686
2379
2142
1759
1408
1081
742
450
119
-217
-543
-932
-1269
-1465
-1621
-1822
-1950
-2065
-2255
-2351
-2431
-2481
-2488
-2463
-2386
-2282
-2195
-2213
-2216
-2159
-2035
-1886
-1699
-1545
-1511
-1538
-1606
-1622
-1646
-1779
-1797
-1815
-1757
-1641
-1646
-1609
-1624
-1756
-1822
-1806
-1756
-1695
-1566
-1397
-1219
-993
-920
-811
-673
-616
-423
-230
98
237
220
360
373
288
539
552
640
711
587
478
997
1100
484
478
422
415
-36
486
1026
370
630
671
150
516
439
714
287
487
839
693
1128
1380
1304
1195
1284
1484
1614
1849
2182
2096
2289
2500
2521
2840
2850
2931
3030
2971
3242
3215
3060
3062
2850
2692
2497
2262
2027
1751
1591
1307
1025
734
396
41
-315
-577
-874
-1183
-1349
-1571
-1791
-1908
-2117
-2288
-2444
-2456
-2356
-2425
-2308
-2223
-2184
-2115
-2007
-1916
-1930
-1875
-1769
-1765
-1533
-1484
-1630
-1674
-1786
-1858
-1746
-1799
-1610
-1614
-1855
-1790
-1863
-1886
-1764
-1937
-1891
-1731
-1657
-1308
-1115
-1067
-871
-935
-961
-594
-469
-258
10
32
155
191
60
314
341
444
575
341
573
600
191
526
377
272
335
341
422
306
203
507
181
522
543
442
298
450
627
722
896
1156
1017
1125
1148
1264
1611
1654
1935
2126
2214
2350
2581
2614
2749
2841
2910
2870
2931
2938
3001
2956
2888
2630
2366
2237
1976
1929
1811
1562
1354
961
617
422
199
95
-46
-287
-617
-928
-1071
-1364
-1316
-1314
-1506
-1418
-1602
-1712
-1569
-1684
-1700
-1537
-1533
-1416
-1390
-1400
-1390
-1296
-1437
-1329
-1299
-1319
-1408
-1475
-1464
-1525
-1721
-1777
-1910
-1919
-1929
-1834
-1833
-1904
-1770
-1949
-1750
-1588
-1656
-1535
-1401
-1437
-1255
-1119
-898
-979
-922
-752
-712
-677
-375
-401
-428
-194
-126
-307
-223
-98
-377
-407
-208
-170
-281
-104
-10
-242
-193
29
-230
95
93
176
325
553
505
651
877
833
943
1231
1262
1521
1849
1792
1932
2096
2047
2082
2575
2644
2672
2902
3092
2635
2816
2951
2672
2670
3022
2790
2566
2552
2239
1944
1910
1624
1435
1449
1036
888
790
474
129
204
9
-502
-460
-465
-734
-731
-739
-1052
-928
-1207
-1148
-1012
-902
-1117
-856
-868
-1080
-990
-571
-958
-957
-695
-976
-1150
-857
-990
-1190
-918
-1043
-1563
-1439
-1512
-1913
-1732
-1641
-1925
-1637
-1670
-1835
-1771
-1843
-1779
-1860
-1619
-1603
-1483
-1253
-1368
-1628
-1435
-1258
-1311
-1234
-730
-1027
-700
-799
-851
-828
-810
-785
-760
-638
-451
-723
-576
-490
-732
-356
-399
-306
-192
-165
-167
-65
203
251
358
685
364
815
790
825
1227
1391
1460
1662
1731
1834
1618
2182
2111
2206
2642
2622
2762
2719
2713
2555
2738
2407
2586
2748
2604
2301
2425
2161
1716
1600
1846
1251
1188
1481
859
763
779
263
142
318
-45
-121
-64
72
-462
-537
-262
-675
-480
-235
-372
-424
-473
-357
-702
-303
-561
-490
-311
-671
-517
-623
-579
-926
-836
-1090
-897
-1465
-1094
-1270
-1662
-1588
-1570
-2131
-1590
-1702
-1920
-1800
-1556
-1894
-2232
-1547
-1771
-2303
-1345
-1215
-2219
-1383
-1299
-1636
-1912
-930
-1154
-1533
-900
-813
-1350
-1058
-588
-789
-1261
-109
-771
-899
-366
-517
-790
-202
-114
-523
-79
373
-458
52
14
124
355
123
974
711
434
1144
735
1091
1070
1219
1726
1299
1622
2229
1457
1943
2305
2051
2272
2362
2724
2193
2238
2369
2289
2154
2806
2107
2059
2146
2132
1087
1465
2125
861
987
1682
813
477
1050
356
517
145
508
-5
416
-128
-100
-27
210
-521
267
-121
-295
-116
-59
-205
-188
-49
-778
-133
-357
-672
-836
-145
-1126
-1460
-562
-1291
-1680
-1320
-1136
-2027
-1996
-1159
-2335
-2358
-1049
-2482
-2346
-1126
-1787
-2777
-1611
-1381
-2920
-1542
-846
-2314
-1593
-830
-2279
-1688
-718
-1206
-1704
-418
-337
-1883
-340
-377
-1238
-680
-442
-616
-553
-89
-585
-546
74
-558
-244
153
188
-161
247
34
324
483
608
831
879
722
576
1038
1498
497
1621
1752
1542
1060
2052
2030
1102
2256
2166
1540
2376
2161
1690
1921
2593
1260
2213
2416
1887
1486
1880
2582
210
2014
1395
963
1068
1267
1062
954
837
269
594
706
214
588
564
170
149
338
-89
93
1164
-903
562
300
-605
131
78
-146
-776
280
-477
-1111
-29
-737
-1366
-793
-980
-1773
-1424
-874
-2021
-1886
-1153
-2495
-1735
-1865
-2283
-1991
-2114
-2084
-2066
-2512
-1358
-2958
-1415
-1903
-2237
-971
-1949
-1469
-1734
-1140
-1172
-1809
-444
-692
-1455
-119
-1245
-449
-1056
-195
-688
-702
229
-446
-436
-226
-179
-183
-139
-55
73
69
376
-33
413
544
289
486
907
976
561
1700
963
887
1600
1621
976
1781
2130
1129
1662
2405
1609
1574
2804
1535
1575
2404
1778
996
2598
1826
709
2447
1757
619
1890
1359
1359
1139
1274
1350
718
1792
-113
1009
1574
-478
1203
886
374
584
881
-58
109
730
152
-578
1236
263
-984
531
458
-1305
-309
570
-1218
-1167
121
-957
-1551
-253
-982
-1343
-1417
-892
-2000
-1760
-1011
-2265
-1738
-1780
-2152
-2046
-1735
-2122
-2290
-1626
-1904
-2212
-1818
-1388
-2226
-1380
-1983
-1249
-1809
-1324
-1150
-1151
-1038
-1108
-908
-923
-981
-1012
-467
-827
-599
102
-483
-1111
65
-693
-351
-973
290
106
-1270
830
-592
-373
782
-26
-564
1110
285
310
639
2016
263
968
2138
344
1550
2131
1327
2576
1596
1930
1643
2028
1857
1315
3018
1609
2007
2053
1566
1611
1998
1694
1552
1796
1967
443
2131
1357
530
1951
1065
713
1199
1301
770
436
339
1345
-317
388
1099
82
197
482
-299
318
-559
136
-215
-482
496
-579
-809
-94
-437
-1019
-1122
48
-616
-1529
-935
-313
-1995
-1154
-992
-1073
-1413
-1032
-1322
-2002
-750
-2281
-1642
-1358
-1772
-1496
-1069
-1727
-1724
-1159
-1823
-2115
-816
-549
-1931
-670
-349
-2020
-889
-383
-2315
343
-435
-1063
-430
-558
-437
-1793
-386
-397
-1056
-146
-996
-327
-493
-1098
-654
-1013
217
-847
-291
653
-527
-264
716
-191
81
1460
670
243
2054
1122
494
1688
1753
888
2046
2144
1630
1923
1883
1839
1859
1869
1697
2153
2159
806
1788
2278
541
1065
2849
589
806
2161
952
387
1604
1021
-63
1303
1121
-377
1323
1253
-681
692
743
-495
263
347
-195
58
-120
44
-576
-60
-307
-1418
561
-603
-1589
1030
-847
-2012
389
-548
-1621
-658
593
-2036
-1086
561
-2448
-861
-129
-1570
-670
-838
-1247
-636
-1762
-689
-1699
-843
-521
-1636
-974
-111
-2001
-728
-615
-1319
-456
-447
-705
-749
-564
-801
-478
-1206
-455
-426
-1167
-572
-737
-1128
-791
-626
-727
-1418
-843
-158
-1389
-1032
87
-988
-589
-342
68
-633
-59
982
-326
110
1126
430
877
1162
1189
1178
1021
1318
1553
1638
1721
2060
1767
903
1991
1829
707
2193
2130
666
2124
1491
1377
662
1955
1532
468
1541
1839
-125
1097
1168
157
1012
881
854
26
642
399
-557
665
748
-675
772
-203
-653
-108
-554
-256
-50
-346
-701
185
-540
-1287
-932
480
-1127
-1149
766
-550
-2028
759
-960
-2204
588
-91
-2376
-366
608
-2420
-143
-213
-1487
-1671
123
-1035
-1794
-183
481
-2624
-164
305
-2071
-475
-294
-1086
-374
-433
-732
-388
-884
-511
-1002
-531
-429
-829
-502
-356
-1875
-94
-944
-1762
606
-1163
-1435
330
-1288
-560
-649
-324
-67
-652
120
604
-695
751
490
-137
991
738
999
1107
759
1841
414
905
1969
337
1992
1424
2022
1344
1218
1308
1052
434
2596
847
1487
2448
491
498
1446
550
283
1881
1173
273
1548
141
315
488
-212
989
63
625
435
199
-130
-118
-535
91
93
-974
1087
-221
-880
142
-571
-656
113
-1201
891
18
-1365
337
-575
-813
-975
-45
94
-816
-341
-222
-1658
-554
-537
-660
-534
30
-564
-1713
-483
-147
-1843
-798
431
-1226
-1015
-105
-408
-1310
-520
-629
-1140
-93
-594
-124
-957
-148
-1113
-1639
-132
-451
-1317
534
-674
-1568
-1036
89
-1725
-1073
276
-763
-646
-206
-351
-843
-32
-270
-323
553
497
213
355
884
555
563
963
1072
1149
394
1217
1761
629
1048
1940
885
838
1584
1185
805
1661
1311
762
1103
1734
-283
1550
893
366
1163
899
210
496
1038
229
368
1149
22
-270
614
-112
40
440
278
-103
-368
-9
-621
-204
689
-661
13
569
-1644
67
698
-1329
-465
1024
-552
-1579
683
656
-2044
226
873
-1785
-345
908
-1325
-982
398
-177
-2253
-54
749
-2348
-420
1426
-1370
-2233
707
-768
-2072
-151
1774
-1742
-205
-129
-1401
-2118
771
-307
-941
777
260
-2455
-381
-854
-1156
-538
-404
549
-1268
-648
-908
-711
-1202
97
-44
-638
-637
249
-915
-545
824
229
-96
403
433
106
288
273
1399
135
1367
950
686
1608
783
966
-8
2200
1106
372
1759
1355
300
1474
-69
1770
338
790
2023
-36
604
991
-252
798
678
480
941
495
381
-870
124
758
-548
843
533
296
-378
-178
-540
-631
1447
-463
-599
1648
-929
-1056
826
-1113
49
309
-46
-525
-29
341
-1172
-184
208
-1137
493
223
-883
419
-907
-1120
106
-646
-202
280
125
-1301
-520
-123
-891
-979
1075
-1249
-648
-364
-346
-1424
-424
-403
-1216
-189
-519
-1148
36
-1297
-1325
-363
-608
-679
-986
-29
-1194
-493
-19
-998
-241
273
-1805
83
120
-325
-254
50
-14
-593
-293
691
-301
760
-198
303
347
-49
384
774
525
891
751
814
733
550
946
370
1690
786
502
1640
1236
-227
1494
1063
424
345
1727
31
440
1490
140
12
1107
-121
-86
1030
658
-544
465
597
-677
-234
562
278
-276
586
-4
167
-221
119
194
-225
183
552
-388
378
507
-690
232
267
-172
-195
561
-394
-423
174
-185
-793
372
-73
-858
-86
-107
-582
-516
-94
-573
-523
-382
-151
-975
-39
-1
-1250
-103
-420
-424
-15
-1044
-233
-205
-1210
-713
-149
-662
-1015
-39
95
-2106
-567
303
-1590
-1311
753
-589
-1931
290
-63
-2091
213
453
-1127
-333
831
185
-1130
134
577
-978
602
850
744
-65
524
521
-469
908
1361
353
600
1641
-379
67
1404
522
17
1666
837
165
590
1103
100
109
1158
635
106
1216
-61
-67
1290
-229
208
884
73
69
-251
915
417
-470
862
-6
-356
209
435
340
-128
311
208
-891
231
342
-194
89
583
-211
-641
378
-254
-454
50
753
-155
-762
321
-415
-1385
610
-329
-253
-49
-198
-347
-1026
-514
-261
-915
829
-769
-621
384
-782
-1076
-467
-3
-277
-791
532
-255
-1172
-398
-126
-834
-470
200
-222
-644
20
-384
-809
-730
-103
-123
-68
302
-382
-436
-279
-442
-442
381
233
-339
-198
401
-538
-118
546
225
-616
1091
159
283
875
76
102
673
637
96
601
1720
-246
-177
1600
142
-109
1245
656
-342
747
585
-14
-198
935
110
-283
1280
447
-707
847
405
-485
243
902
211
-262
711
390
-299
374
163
-158
-136
243
724
-166
-259
228
-543
-339
312
463
-265
418
-105
-1138
238
83
-459
21
234
-381
-520
118
-390
-773
255
-103
-918
-205
188
-880
-846
99
-123
-1008
-254
388
-878
-734
287
-302
-1171
-88
-50
-831
-431
251
-250
-875
90
-450
-1067
151
366
-614
-276
10
-507
-1041
-27
187
-258
-58
-34
-18
-26
-561
-73
528
-397
-231
629
237
-381
260
500
-379
15
1006
429
148
469
600
-143
394
1003
806
385
482
1205
328
-351
1223
768
-139
844
1023
461
338
389
-70
500
401
836
462
-39
269
293
-520
350
807
267
31
208
195
35
-97
689
-179
-206
810
-109
-691
438
74
-497
-239
815
-42
-474
240
-337
-739
-65
-31
-93
-290
-227
-199
-610
-445
-559
-383
-449
-346
-58
-330
-950
-517
-143
-981
-323
225
-271
-623
-722
-587
-376
-443
-222
-149
72
-367
-759
-594
-344
-175
-532
-102
32
-509
-373
-417
-583
-229
-434
62
12
-361
-468
-20
-275
-436
-346
400
15
-518
129
324
-308
-292
613
-127
80
889
234
-200
586
324
-80
512
1150
178
290
1351
133
174
875
755
327
665
708
648
661
488
549
632
650
360
1039
617
248
407
559
413
696
270
525
452
250
551
385
535
153
14
420
372
66
504
-57
-38
-120
351
186
-33
155
-409
-421
-80
-189
-181
-347
-188
-258
-973
-288
-137
-725
-747
-104
-239
-1068
-330
-486
-1125
-450
-124
-336
-396
-449
-711
-1025
-438
-339
-586
-384
-402
-618
-615
-576
-460
-362
-465
-675
-348
-92
-491
-676
-408
-439
-568
-392
-70
-137
-660
-595
-166
-388
-179
-153
-217
-100
-68
-248
-45
111
-217
-182
529
347
53
97
300
260
171
436
706
565
48
389
450
654
912
309
220
1004
340
353
1102
609
437
535
770
462
658
929
415
537
927
643
416
837
686
82
548
1352
576
208
571
591
-121
503
964
177
147
324
43
242
194
373
258
-178
-95
-94
248
-107
-392
-196
-94
-186
47
-343
-300
-196
-879
-573
-74
-496
-631
-341
-290
-591
-683
-460
-657
-724
-359
-36
-545
-661
-705
-949
-836
-381
-333
-620
-523
-516
-784
-790
-536
-604
-858
-414
-314
-621
-321
-220
-571
-851
-284
-136
-535
-134
-220
-547
-499
-314
-400
-306
97
-229
-355
95
53
-432
157
107
-132
324
288
232
50
156
290
209
574
661
649
469
256
781
509
527
902
874
481
607
962
553
637
1093
811
677
999
946
612
703
1034
614
774
909
615
850
767
486
770
599
615
642
427
367
513
452
295
204
314
95
-188
109
95
-125
-80
-154
-231
-407
-355
-371
-395
-395
-576
-451
-451
-593
-867
-627
-762
-819
-621
-725
-780
-627
-867
-1055
-561
-791
-983
-628
-688
-969
-819
-803
-778
-578
-680
-767
-475
-809
-872
-603
-580
-582
-585
-486
-746
-671
-574
-702
-468
-280
-583
-558
-165
-156
-394
-109
-166
-492
-43
2
89
288
450
253
-10
360
449
632
644
589
903
615
740
974
1104
1088
893
1176
1032
1006
1335
1203
1014
1578
1448
1250
1311
1467
1081
1234
1591
1365
1379
1329
1117
1023
1169
1078
960
786
702
477
259
185
200
-181
-431
-304
-581
-775
-775
-858
-1067
-1131
-1061
-1133
-1277
-1311
-1177
-1214
-1177
-991
-1095
-918
-962
-917
-839
-620
-575
-534
-516
-498
-483
-419
-375
-279
-264
-567
-495
-511
-592
-512
-472
-727
-799
-871
-943
-891
-799
-707
-640
-840
-789
-905
-1052
-808
-516
-325
-226
-167
-253
-379
-281
24
153
347
324
340
305
297
475
448
685
808
945
1085
1076
1174
1235
1170
1363
1530
1680
1853
1875
1753
1896
1625
1631
1711
1408
1411
1153
948
773
505
231
166
-112
-281
-437
-487
-687
-880
-991
-1242
-1080
-994
-1153
-961
-876
-1028
-834
-743
-609
-344
-269
-196
-49
-3
109
292
443
435
605
652
585
648
485
413
332
318
330
183
-20
-125
-327
-369
-505
-514
-631
-797
-936
-1080
-952
-1098
-1073
-952
-1144
-964
-915
-1059
-960
-1042
-835
-770
-633
-447
-675
-659
-582
-603
-452
10
-22
-150
91
-56
-242
13
73
112
336
344
470
407
232
202
452
369
560
746
724
733
873
1005
981
1328
1632
1470
1629
1846
1556
1742
1904
1847
1867
1929
1704
1388
1180
938
859
730
445
202
-192
-576
-866
-1057
-1197
-1388
-1405
-1702
-1927
-1717
-1812
-1971
-1780
-1574
-1590
-1520
-1285
-1272
-1160
-846
-515
-329
-109
-93
-96
298
323
575
882
777
708
853
728
785
862
790
623
632
496
411
274
78
14
8
-130
-236
-287
-437
-636
-594
-668
-673
-605
-634
-767
-688
-752
-842
-860
-776
-683
-902
-651
-557
-744
-704
-547
-442
-385
-165
-87
-161
-83
-34
101
208
392
442
523
481
514
556
668
641
781
921
868
931
1152
1033
1209
1504
1672
1798
1791
1630
1546
1742
1734
2007
1938
1787
1382
1102
841
785
708
398
62
-307
-785
-1144
-1248
-1467
-1744
-1988
-2121
-2327
-2477
-2397
-2430
-2313
-2204
-2126
-1988
-1912
-1804
-1542
-1244
-970
-607
-521
-359
-177
165
518
837
978
1037
1065
1023
1271
1488
1494
1527
1459
1215
1069
1069
991
929
859
730
567
252
107
-69
-300
-266
-338
-531
-663
-781
-890
-1019
-964
-1019
-1146
-1092
-1096
-1150
-1034
-974
-1008
-1077
-816
-778
-703
-363
-235
-278
-112
18
10
315
431
583
717
961
895
861
983
996
1140
1146
1174
1209
1157
1091
1380
1314
1497
1784
1875
1727
1522
1525
1511
1664
1853
2023
1900
1431
1167
816
575
684
471
81
-291
-695
-1331
-1552
-1730
-2032
-2230
-2439
-2750
-2851
-2973
-3186
-2865
-2960
-2911
-2674
-2597
-2386
-2228
-1807
-1475
-1207
-969
-801
-512
-302
102
458
677
965
1067
981
1332
1414
1457
1815
1674
1359
1337
1271
1151
1335
1397
1125
979
683
161
308
397
104
144
78
-483
-685
-504
-545
-647
-476
-671
-1023
-1033
-1046
-1098
-857
-744
-899
-716
-750
-742
-463
-386
-229
-19
156
250
425
431
661
879
1020
1141
1258
1290
1331
1500
1680
1707
1661
1684
1445
1420
1609
1692
1710
1813
1693
1739
1915
1707
1528
1619
1569
1503
1769
1667
1317
1004
722
237
124
132
-264
-726
-1022
-1643
-2037
-2099
-2512
-2587
-2865
-3203
-3476
-3510
-3505
-3580
-3308
-3211
-3238
-2992
-2818
-2593
-2308
-2042
-1553
-1255
-1032
-703
-417
-210
72
540
728
1020
1236
1216
1187
1521
1624
1593
1742
1646
1495
1475
1457
1261
1288
1144
892
754
643
388
393
291
33
-285
-238
-603
-691
-439
-720
-996
-920
-1090
-1402
-1157
-1016
-1130
-918
-887
-983
-839
-631
-619
-363
4
70
202
469
662
768
999
1216
1410
1549
1674
1738
1812
1848
1862
2019
2062
1900
1816
1883
1712
1687
1711
1718
1746
1639
1683
1719
1557
1289
1332
1497
1403
1493
1435
1041
767
472
220
124
-50
-372
-790
-1222
-1598
-1851
-2053
-2232
-2500
-2882
-3147
-3217
-3308
-3267
-3092
-3040
-3063
-2987
-2723
-2535
-2321
-1901
-1629
-1340
-1091
-928
-674
-438
-79
248
520
735
768
773
910
1197
1297
1410
1354
1244
1082
851
885
1041
949
894
727
472
81
68
1
-7
23
-263
-636
-789
-920
-1007
-805
-858
-997
-1230
-1413
-1433
-1226
-1114
-1025
-937
-999
-855
-621
-402
-181
38
126
303
502
714
1048
1357
1511
1641
1796
1817
1903
2101
2275
2365
2370
2190
2074
2008
1961
1998
1916
1869
1684
1589
1447
1482
1506
1596
1460
1195
1033
967
998
1105
1148
1024
711
251
-41
-84
-208
-470
-666
-1023
-1546
-1885
-2017
-2246
-2349
-2523
-2814
-3004
-3050
-3067
-3014
-2819
-2697
-2595
-2513
-2348
-2090
-1813
-1367
-991
-862
-741
-553
-352
-69
432
731
816
829
805
851
1011
1378
1466
1120
999
825
587
843
925
645
528
358
-85
-161
-95
-186
-464
-499
-760
-1053
-1106
-1118
-1184
-1177
-1196
-1431
-1500
-1446
-1389
-1243
-1023
-942
-974
-889
-738
-555
-251
163
368
408
580
770
982
1347
1709
1758
1844
1925
1936
2106
2340
2394
2410
2403
2224
2246
2171
2041
2091
1917
1722
1691
1549
1391
1354
1340
1260
1345
1226
949
834
796
818
856
867
653
353
62
-41
-175
-240
-413
-691
-1149
-1458
-1595
-1799
-1870
-2000
-2169
-2455
-2608
-2722
-2666
-2595
-2552
-2378
-2365
-2207
-2085
-1827
-1553
-1274
-1059
-931
-795
-652
-414
-100
229
322
377
376
518
657
705
816
819
578
463
575
503
406
373
128
-161
-186
-276
-414
-478
-536
-888
-1044
-1046
-1268
-1226
-1118
-1233
-1302
-1159
-1281
-1232
-1067
-1016
-915
-715
-645
-591
-328
-175
47
311
505
638
827
1005
1240
1493
1683
1782
1799
1987
2006
2143
2370
2426
2430
2362
2320
2189
2196
2152
2076
1923
1691
1604
1555
1534
1462
1422
1301
1161
1088
1028
949
896
822
672
655
625
559
416
205
44
-212
-367
-524
-798
-1085
-1331
-1512
-1676
-1836
-2005
-2203
-2365
-2356
-2356
-2307
-2299
-2256
-2217
-2109
-1903
-1678
-1495
-1364
-1168
-1038
-912
-777
-634
-486
-291
-137
-3
66
121
100
126
285
330
274
230
171
119
11
-111
-172
-223
-438
-529
-580
-763
-828
-826
-872
-920
-943
-1065
-1113
-1064
-1026
-883
-870
-867
-824
-759
-600
-325
-171
-153
-41
79
262
519
735
881
975
1143
1302
1468
1658
1774
1909
1954
2035
2096
2101
2115
2160
2238
2206
2079
2012
1848
1715
1697
1582
1501
1460
1322
1175
1159
1052
1037
920
843
789
752
569
463
525
420
362
315
80
-165
-336
-422
-616
-769
-922
-1234
-1424
-1597
-1664
-1683
-1775
-1897
-2008
-2039
-2056
-1906
-1798
-1804
-1676
-1511
-1391
-1244
-1004
-808
-688
-569
-424
-313
-136
39
50
145
180
121
219
276
283
268
139
15
-44
-132
-268
-267
-340
-462
-578
-720
-820
-907
-956
-1068
-1119
-1136
-1208
-1237
-1142
-1184
-1163
-1092
-1046
-1074
-931
-817
-758
-575
-448
-328
-232
-86
67
255
526
694
847
1054
1264
1405
1618
1824
1917
1981
2028
2062
2166
2305
2245
2192
2169
1989
1874
1871
1770
1628
1563
1446
1372
1249
1187
1027
868
878
783
680
731
675
423
350
347
247
238
184
60
-90
-264
-356
-490
-540
-680
-838
-998
-1090
-1146
-1263
-1312
-1326
-1413
-1426
-1394
-1382
-1326
-1267
-1147
-1041
-919
-805
-679
-543
-433
-260
-206
-138
-70
-27
78
204
206
157
98
-57
-147
-126
-179
-274
-400
-580
-791
-896
-948
-1050
-1101
-1173
-1418
-1520
-1441
-1560
-1591
-1503
-1542
-1534
-1489
-1506
-1387
-1216
-1150
-1046
-931
-859
-708
-484
-305
-133
35
148
319
581
777
1036
1242
1354
1505
1623
1760
1916
2038
2114
2203
2214
2197
2229
2234
2208
2131
1993
1929
1795
1718
1709
1602
1525
1354
1225
1083
996
970
885
817
721
594
501
433
395
355
241
103
-22
-214
-315
-317
-396
-501
-603
-790
-975
-1036
-1109
-1181
-1239
-1333
-1429
-1422
-1428
-1420
-1310
-1222
-1203
-1113
-980
-878
-766
-564
-454
-376
-286
-238
-183
-46
68
53
86
75
-83
-81
-38
-112
-165
-251
-492
-668
-732
-800
-878
-954
-1027
-1171
-1232
-1334
-1354
-1302
-1301
-1261
-1219
-1221
-1214
-1149
-1055
-967
-869
-729
-683
-587
-387
-265
-113
92
264
427
616
731
912
1076
1248
1359
1469
1546
1588
1669
1794
1869
1925
1969
1931
1882
1844
1858
1769
1745
1629
1477
1321
1237
1220
1138
1068
972
871
737
623
602
564
499
423
312
214
164
114
17
-67
-114
-265
-334
-341
-464
-636
-635
-775
-924
-906
-954
-1100
-1087
-1109
-1253
-1162
-1138
-1170
-1070
-965
-925
-887
-771
-665
-590
-471
-361
-280
-216
-93
-9
14
50
83
94
95
102
91
4
-98
-220
-307
-379
-446
-534
-634
-729
-819
-897
-959
-986
-1059
-1094
-1100
-1061
-1037
-1030
-975
-978
-922
-847
-736
-618
-515
-394
-338
-224
-131
-18
120
240
365
437
573
726
854
949
1041
1090
1106
1266
1375
1466
1518
1469
1444
1431
1397
1450
1552
1483
1385
1319
1246
1183
1187
1136
1060
931
926
830
749
701
655
484
385
352
219
59
22
-71
-227
-256
-366
-460
-630
-758
-858
-896
-1016
-1084
-1085
-1163
-1209
-1168
-1199
-1201
-1118
-1034
-957
-873
-767
-666
-619
-446
-322
-205
-15
132
141
245
378
424
522
587
534
511
476
429
416
359
221
128
-11
-192
-286
-395
-498
-682
-767
-848
-940
-994
-1038
-1076
-1115
-1126
-1133
-1106
-1062
-977
-890
-784
-755
-711
-616
-511
-361
-283
-122
-91
-18
141
233
368
527
650
690
735
854
958
1010
1127
1194
1288
1308
1347
1378
1360
1390
1343
1359
1444
1418
1348
1384
1352
1253
1141
1069
969
931
850
789
651
525
353
210
96
-21
-182
-358
-512
-682
-809
-976
-1081
-1179
-1274
-1385
-1384
-1446
-1520
-1536
-1498
-1484
-1403
-1296
-1223
-1153
-1026
-860
-710
-587
-478
-336
-175
-61
73
234
364
423
529
655
737
799
820
845
831
770
723
677
625
567
440
332
217
27
-75
-148
-250
-368
-476
-591
-708
-745
-853
-910
-899
-916
-881
-825
-783
-722
-709
-663
-571
-477
-381
-320
-247
-149
-67
31
166
274
341
429
540
601
695
793
865
899
992
1073
1110
1143
1184
1214
1238
1249
1273
1299
1291
1226
1230
1209
1102
1055
977
857
804
687
515
367
176
0
-127
-235
-420
-624
-783
-939
-1080
-1216
-1341
-1515
-1645
-1710
-1757
-1716
-1785
-1796
-1811
-1742
-1669
-1580
-1427
-1294
-1117
-1001
-881
-689
-527
-362
-118
91
258
408
574
696
844
964
1053
1147
1173
1231
1213
1166
1161
1111
1064
1008
944
876
765
655
552
447
304
153
39
-87
-178
-263
-375
-507
-561
-607
-650
-648
-674
-682
-670
-638
-598
-520
-459
-424
-379
-331
-215
-110
-48
76
136
242
349
418
504
608
672
742
796
831
925
981
1008
1041
1085
1145
1168
1183
1196
1129
1103
990
934
885
777
679
551
397
288
137
-13
-226
-381
-573
-724
-897
-1039
-1212
-1410
-1493
-1635
-1743
-1857
-1956
-1986
-2004
-2028
-1970
-1908
-1904
-1883
-1760
-1638
-1519
-1380
-1206
-1090
-893
-710
-529
-297
-122
74
266
486
590
732
906
1009
1096
1212
1252
1253
1295
1340
1362
1367
1347
1247
1233
1218
1139
1067
998
855
689
619
549
456
328
214
105
-20
-111
-151
-152
-232
-267
-327
-363
-346
-370
-328
-270
-217
-196
-138
-45
54
140
252
338
367
445
519
584
700
765
792
815
845
865
902
968
999
972
934
958
917
915
874
796
730
594
515
414
290
143
-44
-200
-377
-517
-699
-849
-999
-1145
-1286
-1467
-1588
-1704
-1839
-1943
-2013
-2032
-2071
-2100
-2102
-2069
-2077
-2009
-1937
-1848
-1737
-1635
-1515
-1410
-1267
-1071
-830
-660
-494
-290
-136
32
206
412
586
731
870
934
1056
1204
1296
1328
1411
1453
1399
1423
1414
1373
1339
1307
1233
1169
1099
1015
955
869
791
715
626
533
500
430
332
258
134
2
17
-12
-47
-35
30
-7
-96
-24
12
29
146
265
219
277
348
403
491
606
627
643
682
678
746
813
890
857
819
803
785
802
780
712
667
588
452
356
297
204
78
-72
-189
-332
-474
-588
-747
-844
-980
-1169
-1341
-1455
-1521
-1613
-1704
-1802
-1880
-1932
-1957
-1971
-1934
-1894
-1889
-1861
-1843
-1743
-1674
-1559
-1433
-1311
-1183
-1063
-892
-741
-589
-392
-219
-59
103
203
352
491
638
761
823
920
972
1022
1137
1218
1192
1182
1202
1183
1153
1222
1188
1122
1073
994
932
882
875
775
731
676
596
568
522
471
378
320
286
214
160
156
130
116
129
103
143
162
145
220
262
228
265
291
304
359
419
461
511
523
516
482
555
633
651
674
668
664
617
609
546
517
466
367
303
236
92
-16
-87
-226
-329
-409
-536
-679
-781
-884
-1052
-1197
-1286
-1386
-1499
-1514
-1567
-1651
-1699
-1719
-1722
-1708
-1645
-1651
-1619
-1572
-1487
-1421
-1316
-1174
-1080
-991
-866
-751
-638
-462
-343
-223
-109
14
100
203
338
426
526
606
731
825
913
986
1005
1024
1007
980
998
1025
1044
1013
967
942
880
835
830
797
749
695
653
646
568
481
432
353
329
304
276
287
264
210
170
162
163
205
238
265
257
258
296
325
371
408
431
468
453
503
569
630
672
735
768
804
822
774
733
677
629
609
572
537
465
357
164
53
-36
-159
-239
-341
-472
-620
-769
-890
-941
-1041
-1143
-1257
-1373
-1491
-1545
-1560
-1609
-1605
-1605
-1649
-1616
-1594
-1595
-1562
-1544
-1485
-1384
-1331
-1233
-1111
-1022
-943
-820
-738
-658
-517
-429
-298
-189
-88
-6
106
249
307
426
499
555
629
670
750
851
878
888
928
937
948
953
921
898
903
871
846
829
812
773
749
703
681
649
582
543
486
442
395
378
366
380
408
372
379
391
405
444
453
509
529
541
527
565
646
708
675
673
699
667
676
711
726
683
671
619
570
546
539
478
409
347
221
135
67
-11
-103
-203
-318
-393
-479
-587
-713
-810
-926
-1059
-1128
-1211
-1261
-1324
-1385
-1425
-1456
-1494
-1535
-1543
-1552
-1530
-1542
-1526
-1480
-1466
-1448
-1355
-1242
-1172
-1079
-988
-906
-809
-708
-618
-514
-395
-313
-200
-82
41
124
209
326
390
486
564
602
669
679
711
752
768
795
825
858
861
863
853
837
807
786
734
700
672
659
593
560
547
491
477
466
438
441
471
440
435
433
440
452
472
498
577
566
536
568
578
567
623
630
636
661
651
650
650
673
630
619
606
561
532
487
427
377
309
286
242
156
79
19
-85
-163
-230
-301
-364
-463
-534
-638
-744
-788
-859
-956
-1010
-1075
-1172
-1213
-1270
-1288
-1322
-1320
-1354
-1377
-1366
-1351
-1330
-1299
-1225
-1195
-1099
-1077
-987
-880
-810
-718
-649
-570
-497
-411
-339
-237
-165
-50
26
108
199
265
325
389
484
534
597
626
647
665
714
745
761
774
764
794
814
854
851
768
698
654
623
592
589
568
538
489
469
463
450
464
447
451
408
359
333
321
318
312
327
325
333
332
373
433
440
455
441
417
404
404
417
448
440
414
407
383
372
401
354
310
280
205
153
87
-3
-60
-117
-207
-261
-320
-381
-464
-521
-609
-693
-755
-825
-894
-944
-991
-1038
-1071
-1142
-1185
-1228
-1277
-1287
-1249
-1241
-1228
-1162
-1128
-1072
-1026
-944
-887
-869
-806
-707
-624
-537
-422
-348
-279
-204
-138
-40
80
154
189
241
306
387
466
525
596
652
688
732
807
829
869
907
883
860
866
889
845
818
805
743
689
669
634
582
525
496
458
423
375
327
295
279
230
195
190
142
113
139
160
179
201
164
161
175
152
198
231
289
319
310
324
336
384
390
410
429
387
369
365
351
319
335
298
220
158
101
16
-47
-86
-191
-244
-285
-350
-394
-436
-515
-588
-663
-723
-786
-827
-905
-941
-955
-990
-1029
-1024
-1037
-1049
-1045
-1034
-1040
-1027
-993
-958
-861
-779
-730
-659
-579
-536
-445
-360
-294
-255
-196
-130
-73
12
80
150
249
260
308
407
433
486
511
519
565
578
597
606
633
633
600
632
603
572
522
470
440
413
402
380
381
326
272
270
247
201
149
115
84
27
-12
22
20
-21
12
30
71
96
101
135
143
180
222
240
272
311
355
408
447
484
514
545
557
592
584
575
566
535
461
408
412
397
317
269
246
158
86
45
-22
-68
-141
-245
-283
-326
-430
-477
-526
-632
-689
-761
-833
-880
-915
-934
-941
-960
-946
-932
-941
-889
-849
-842
-816
-776
-745
-718
-638
-580
-527
-437
-366
-305
-245
-190
-133
-98
-43
13
60
130
175
216
266
322
376
413
437
487
493
508
489
468
481
472
469
456
486
459
429
413
373
319
293
261
224
175
128
129
50
22
8
-40
-51
-62
-71
-85
-63
-21
24
25
53
77
73
121
165
213
256
303
324
375
411
454
511
553
550
564
565
491
490
486
483
447
422
381
332
264
221
201
156
85
-1
-51
-113
-175
-228
-235
-313
-374
-409
-437
-493
-539
-587
-668
-668
-694
-737
-729
-750
-778
-774
-762
-744
-710
-680
-653
-611
-595
-541
-491
-435
-381
-330
-301
-288
-220
-128
-60
-4
66
70
103
147
193
226
238
262
292
346
353
358
366
347
342
341
348
352
323
294
303
308
295
254
205
165
120
108
82
91
77
53
18
-30
-33
-98
-119
-112
-114
-107
-111
-83
-57
-18
35
75
118
155
187
213
283
309
318
351
407
423
406
443
467
473
498
485
455
442
410
367
346
330
294
248
217
206
146
88
23
-23
-52
-130
-144
-183
-221
-252
-309
-376
-395
-424
-478
-482
-483
-510
-537
-563
-576
-581
-559
-548
-547
-492
-456
-450
-465
-446
-435
-423
-381
-363
-342
-286
-235
-147
-109
-51
1
33
55
91
135
160
203
205
225
207
233
248
260
266
255
268
282
253
259
214
181
170
169
161
172
172
137
118
53
16
22
23
9
23
-22
-22
-60
-79
-28
-25
-35
-25
-28
-30
7
3
17
48
81
93
131
162
179
194
194
218
238
249
245
243
262
246
212
207
187
188
183
153
157
140
98
64
31
21
-25
-63
-67
-106
-106
-144
-173
-191
-218
-230
-234
-225
-238
-287
-307
-282
-270
-289
-269
-279
-283
-280
-253
-260
-255
-217
-237
-229
-211
-185
-157
-136
-115
-104
-82
-50
-24
15
42
79
98
135
163
168
212
210
226
258
249
248
256
242
242
238
239
261
237
214
191
187
152
103
82
85
62
48
17
-17
-25
-50
-50
-53
-59
-77
-77
-89
-101
-100
-90
-97
-85
-84
-55
-44
-33
9
-15
0
8
20
-1
10
43
62
89
96
95
100
92
87
91
87
74
60
76
62
48
65
41
13
-20
-48
-41
-65
-39
-77
-110
-85
-91
-142
-131
-130
-183
-202
-202
-183
-166
-178
-204
-200
-202
-201
-196
-211
-241
-261
-278
-234
-185
-159
-149
-148
-130
-123
-98
-36
32
54
61
64
60
119
144
160
205
224
262
274
283
334
354
312
294
280
287
271
274
298
264
228
203
201
187
181
174
141
116
92
76
80
79
53
26
13
-16
-27
-41
-62
-76
-89
-107
-135
-123
-122
-106
-148
-186
-179
-192
-189
-193
-186
-211
-230
-208
-187
-171
-153
-130
-100
-83
-76
-64
-77
-89
-84
-69
-58
-59
-70
-55
-55
-72
-51
-46
-40
-36
-39
-24
-49
-66
-43
-34
-51
-64
-76
-71
-83
-56
-52
-57
-68
-74
-79
-57
-57
-50
-48
-45
-19
-19
7
19
41
56
44
80
98
99
137
165
200
209
228
240
264
300
323
347
363
346
348
370
359
349
344
318
304
306
298
263
223
207
190
185
148
109
106
51
19
21
-27
-53
-84
-106
-102
-135
-152
-170
-177
-157
-183
-233
-252
-247
-273
-252
-286
-291
-313
-339
-296
-272
-292
-312
-288
-310
-278
-246
-231
-223
-240
-223
-197
-205
-199
-164
-157
-140
-142
-132
-112
-131
-120
-107
-86
-88
-109
-98
-110
-84
-81
-72
-61
-88
-65
-85
-70
-36
-63
-40
-22
-22
-7
7
29
53
62
60
71
86
137
171
202
218
202
236
273
292
307
323
324
308
308
333
365
373
391
409
409
450
417
418
426
383
396
371
358
336
355
329
324
305
261
252
230
236
184
172
113
68
48
17
-4
-26
-65
-117
-117
-137
-185
-202
-229
-247
-252
-249
-274
-308
-288
-311
-352
-371
-382
-404
-427
-446
-439
-419
-419
-434
-394
-362
-369
-349
-323
-336
-348
-305
-327
-345
-323
-305
-322
-306
-285
-303
-306
-280
-278
-284
-252
-258
-232
-200
-182
-155
-128
-109
-134
-111
-112
-117
-58
-44
-37
8
23
70
129
158
193
215
223
224
273
304
333
346
365
395
412
426
449
467
468
460
441
476
473
499
535
578
578
582
591
561
546
550
509
490
509
465
471
410
373
341
334
324
290
252
205
169
110
97
71
73
44
-12
-30
-80
-98
-133
-168
-197
-248
-276
-301
-329
-363
-360
-353
-384
-377
-388
-397
-411
-445
-461
-477
-504
-478
-468
-481
-449
-472
-497
-487
-465
-434
-410
-402
-379
-396
-413
-397
-390
-386
-394
-399
-397
-369
-347
-344
-328
-319
-292
-288
-261
-260
-257
-214
-194
-172
-164
-153
-111
-86
-71
-56
-6
36
57
116
155
215
240
253
289
320
344
358
396
481
503
525
522
541
559
563
585
582
635
627
612
596
585
605
594
614
640
643
603
600
589
582
538
519
505
464
435
387
366
332
317
254
217
197
123
75
30
-6
-78
-119
-112
-180
-211
-240
-286
-325
-354
-365
-388
-392
-425
-446
-443
-482
-476
-476
-519
-519
-510
-512
-537
-533
-532
-487
-483
-489
-460
-493
-469
-464
-470
-453
-465
-475
-450
-437
-428
-422
-407
-365
-317
-292
-242
-241
-244
-239
-226
-200
-185
-171
-161
-102
-86
-75
-35
1
38
66
89
96
125
133
154
188
242
287
298
347
370
372
399
415
431
450
481
483
484
475
485
496
480
479
470
464
464
501
498
515
490
465
470
456
452
421
414
407
360
319
321
250
218
203
183
186
150
132
119
101
90
56
-18
-44
-87
-133
-171
-174
-175
-244
-261
-269
-284
-338
-359
-328
-353
-374
-382
-384
-395
-415
-422
-452
-435
-410
-454
-429
-423
-424
-415
-383
-373
-385
-390
-384
-393
-389
-359
-360
-338
-302
-283
-289
-248
-240
-211
-218
-206
-166
-163
-165
-140
-123
-103
-86
-76
-44
0
25
38
73
88
98
136
149
166
196
221
243
269
264
282
321
333
355
368
395
410
398
394
405
399
397
415
425
439
446
443
437
456
468
461
429
412
377
353
336
318
308
305
290
258
241
236
234
178
162
146
120
91
45
31
13
-11
-60
-100
-126
-159
-188
-204
-218
-268
-292
-286
-316
-335
-306
-325
-325
-345
-392
-369
-351
-371
-417
-405
-407
-417
-391
-357
-342
-347
-348
-382
-388
-333
-339
-340
-312
-298
-294
-309
-282
-246
-225
-261
-240
-247
-248
-231
-213
-188
-183
-141
-122
-89
-79
-66
-63
-82
-46
-26
-9
29
50
52
78
76
92
139
154
190
208
233
231
226
238
253
258
278
291
297
309
350
376
393
377
368
389
379
384
404
427
429
428
390
372
362
348
330
351
355
335
341
312
307
303
314
271
199
197
166
106
105
122
105
72
28
-19
-38
-63
-84
-76
-99
-141
-182
-218
-221
-218
-245
-246
-237
-272
-255
-243
-259
-285
-285
-302
-298
-303
-307
-321
-319
-324
-327
-279
-299
-295
-277
-287
-308
-308
-301
-271
-247
-245
-233
-231
-239
-205
-179
-170
-138
-137
-148
-132
-123
-105
-94
-102
-80
-36
-45
-53
-39
-37
-29
8
50
52
78
114
95
123
143
147
155
140
122
125
139
146
181
183
209
196
201
233
243
251
249
226
227
239
225
224
208
208
225
229
213
210
196
172
148
151
132
169
152
154
172
171
167
159
171
137
107
86
65
39
26
14
-4
1
-18
-47
-69
-80
-78
-72
-83
-100
-102
-122
-122
-129
-117
-115
-124
-122
-135
-129
-134
-157
-179
-175
-151
-139
-133
-138
-158
-159
-134
-112
-104
-111
-117
-152
-139
-147
-146
-105
-121
-109
-102
-111
-98
-104
-101
-112
-109
-110
-117
-113
-97
-93
-82
-74
-83
-59
-56
-43
-21
-18
-32
-18
-29
-44
-17
-12
-15
6
-4
25
41
42
85
72
75
85
102
125
141
135
107
96
89
118
134
143
168
165
153
155
178
170
171
170
156
155
133
140
136
142
135
122
124
123
106
109
113
108
113
103
95
75
43
15
21
14
16
17
35
15
-10
-4
-1
-30
-74
-70
-73
-73
-90
-95
-85
-99
-118
-111
-109
-107
-95
-72
-58
-72
-68
-58
-58
-71
-85
-87
-93
-111
-115
-106
-82
-65
-48
-48
-37
-35
-20
-14
-23
-19
-4
-23
-42
-38
-40
-34
-46
-45
-24
-12
-11
-5
-24
-26
-18
-13
-27
12
12
16
26
10
30
-1
7
-1
-22
-25
-22
-29
-14
-4
-4
2
-4
-13
-20
-15
-21
-23
-22
-20
8
8
-6
-19
-9
6
11
24
35
57
56
56
49
38
18
5
15
14
22
27
31
42
43
34
41
37
50
69
64
74
78
62
43
49
47
25
15
24
9
14
32
40
52
49
46
35
22
19
6
18
35
39
37
14
2
-3
-18
-1
26
29
29
21
5
-6
3
3
5
7
3
-10
2
11
9
7
2
-9
-16
-24
-30
-8
-17
-33
-49
-49
-39
-46
-46
-50
-50
-71
-86
-81
-67
-69
-75
-85
-80
-87
-97
-81
-87
-75
-79
-98
-100
-93
-90
-102
-99
-88
-93
-86
-73
-67
-66
-50
-32
-23
-2
1
0
15
10
19
13
1
9
13
6
39
31
41
77
76
97
94
97
102
82
76
99
96
98
103
114
120
114
102
80
87
100
90
91
88
81
76
77
90
112
113
127
122
108
98
94
89
62
70
64
66
48
29
14
15
-5
-8
6
-21
-30
-34
-46
-52
-38
-56
-43
-45
-34
-48
-73
-63
-76
-76
-76
-84
-65
-63
-67
-75
-88
-59
-70
-92
-90
-87
-93
-86
-84
-70
-63
-71
-65
-73
-80
-74
-86
-88
-84
-82
-87
-80
-85
-84
-87
-72
-43
-39
-27
-40
-43
-43
-47
-50
-32
-30
-25
-30
-41
-41
-25
2
8
10
10
-1
3
10
21
34
40
37
28
43
37
32
35
39
47
43
65
76
73
83
94
88
82
84
87
77
79
74
67
75
78
69
58
56
50
36
57
76
89
74
71
73
54
63
67
62
66
57
68
62
47
57
36
26
23
31
29
20
-2
7
12
-6
-1
-2
-4
-12
-11
-26
-17
-8
-12
-3
-9
-18
-24
-47
-67
-62
-61
-61
-45
-49
-45
-53
-65
-58
-67
-62
-55
-67
-64
-54
-60
-69
-55
-73
-54
-35
-43
-42
-43
-53
-60
-63
-64
-47
-53
-52
-46
-53
-52
-36
-34
-24
-24
-28
-36
-43
-27
-24
-5
0
-5
-2
-3
0
15
36
27
2
6
17
16
24
49
49
40
32
44
65
54
47
61
47
51
46
24
37
23
24
38
41
52
65
58
51
48
38
45
42
36
46
42
25
18
21
23
24
10
14
24
22
24
32
45
39
28
30
28
9
6
3
13
24
17
19
20
13
-11
-8
5
6
-6
-8
-9
-17
-29
-30
-29
-25
-36
-33
-21
-19
-14
-32
-18
-30
-41
-35
-42
-52
-44
-43
-49
-53
-53
-52
-60
-65
-48
-42
-58
-61
-54
-48
-46
-43
-53
-42
-60
-56
-37
-42
-41
-32
-22
-35
-30
-31
-30
-38
-37
-36
-37
-34
-30
-10
-5
-3
5
-10
-23
1
15
5
28
15
-1
-5
-3
14
24
32
38
35
42
52
49
40
38
36
48
53
64
61
59
59
58
52
61
52
55
55
65
88
78
78
81
87
97
98
82
89
90
87
78
81
95
64
49
53
41
40
36
22
15
20
19
4
-4
-17
-32
-18
-20
-31
-43
-48
-47
-53
-59
-56
-66
-80
-71
-72
-73
-70
-74
-80
-83
-91
-95
-90
-101
-101
-95
-96
-108
-106
-97
-81
-76
-65
-54
-56
-44
-48
-45
-37
-52
-54
-53
-39
-22
-1
11
8
12
11
32
23
16
29
20
24
22
10
24
30
25
28
36
23
18
22
37
41
50
52
55
58
54
61
69
78
67
66
67
68
74
70
58
64
64
62
72
63
65
58
60
53
63
59
39
33
30
35
32
38
40
36
20
9
17
18
8
5
1
-8
-9
-12
-20
-28
-30
-29
-40
-40
-40
-46
-59
-54
-65
-68
-62
-61
-68
-88
-84
-95
-90
-94
-91
-86
-82
-79
-84
-76
-65
-55
-59
-59
-56
-62
-59
-45
-53
-45
-36
-33
-28
-26
-17
-18
-16
-2
8
3
2
4
6
15
10
10
15
13
13
12
30
37
35
29
39
45
36
46
58
63
63
59
60
61
49
62
55
45
49
37
38
42
39
44
28
31
35
34
41
46
57
53
39
37
50
48
46
47
33
28
30
23
15
14
16
15
10
7
18
13
8
2
0
13
4
5
8
6
0
-8
-19
-22
-29
-37
-21
-28
-28
-19
-32
-37
-22
-20
-19
-25
-45
-55
-52
-45
-37
-35
-40
-51
-55
-65
-70
-57
-57
-51
-48
-50
-46
-48
-39
-36
-38
-27
-39
-41
-33
-29
-9
-13
-13
-8
-11
-7
0
2
-4
-8
-12
-20
-13
-12
-17
-13
-6
-7
-4
3
6
6
12
19
33
20
25
29
26
32
27
32
34
29
38
48
39
46
41
37
39
37
37
46
41
37
32
22
29
46
44
40
48
39
24
26
30
22
30
29
27
30
24
22
10
19
27
20
27
15
6
4
0
-2
-12
-18
-18
-28
-28
-31
-49
-50
-57
-52
-49
-46
-35
-38
-43
-35
-35
-38
-32
-31
-28
-29
-31
-41
-40
-26
-25
-29
-31
-26
-20
-18
-10
-5
-10
-7
-2
-5
-6
-5
1
-1
4
6
7
3
0
1
5
9
8
15
12
11
25
28
29
29
23
27
22
17
22
18
32
35
31
30
24
21
25
13
16
10
6
4
11
16
4
22
21
21
27
16
19
17
14
12
5
5
11
9
13
15
14
13
11
12
13
11
5
2
-2
-10
-9
3
6
3
3
-5
-14
-17
-24
-32
-28
-29
-39
-34
-25
-27
-32
-38
-41
-41
-44
-31
-34
-39
-42
-48
-43
-40
-42
-38
-36
-39
-39
-41
-31
-31
-28
-28
-16
-16
-11
-10
-6
-3
-7
1
1
-6
-7
1
-4
0
2
9
6
16
21
19
21
23
26
35
35
35
32
29
29
30
37
30
22
18
24
18
17
24
27
27
25
31
27
22
25
24
24
18
21
25
25
24
27
34
23
24
24
21
26
24
24
20
19
15
14
19
25
26
18
18
15
12
12
6
5
5
-3
-3
-1
5
5
-3
-5
-20
-27
-17
-17
-19
-23
-34
-38
-32
-28
-18
-12
-16
-19
-25
-29
-30
-30
-30
-33
-45
-51
-48
-48
-43
-38
-36
-40
-37
-32
-35
-28
-26
-33
-25
-18
-22
-26
-34
-36
-31
-25
-20
-5
-2
5
7
11
6
10
1
-4
2
3
8
7
8
-1
-1
7
1
2
5
6
4
-1
2
7
12
18
23
20
28
23
27
29
31
41
40
32
36
36
39
43
45
43
41
37
39
42
34
32
30
26
22
21
23
18
12
6
6
15
15
23
21
12
8
1
-3
-4
-14
-13
-15
-20
-24
-27
-25
-29
-26
-28
-26
-30
-35
-34
-34
-30
-36
-43
-40
-33
-36
-33
-28
-25
-22
-20
-13
-5
-2
-2
-6
-6
-4
3
-3
4
10
12
18
15
18
15
8
9
11
11
12
14
15
19
14
16
19
22
18
16
15
10
7
5
5
7
2
0
3
-3
-7
-11
-6
-3
-10
-11
-8
-9
-7
-3
-4
-10
-11
-12
-15
-10
-6
-5
-8
-10
-6
6
0
0
7
5
4
3
10
6
1
6
8
12
13
11
4
5
7
8
9
9
3
3
5
6
9
9
5
4
0
-1
-3
3
-1
-12
-12
-16
-15
-16
-9
-11
-12
-14
-12
-12
-16
-15
-22
-14
-11
-14
-10
-13
-11
-6
-18
-13
-8
-11
-9
-12
-8
-7
2
0
1
2
-2
3
6
9
7
6
7
10
8
4
4
0
5
5
8
12
6
6
7
3
10
13
11
10
15
15
14
15
15
16
19
24
17
17
15
15
10
4
7
6
-7
-5
-5
-5
-4
1
5
-1
-1
1
0
3
3
3
5
1
2
-3
1
0
-5
-6
-6
-2
0
3
4
-6
-6
-13
-19
-14
-13
-12
-13
-10
-9
-5
-1
-5
0
-8
-10
-16
-16
-12
-12
-10
-13
-12
-13
-11
-5
-2
2
8
10
-2
-4
-5
-1
4
2
3
3
3
2
5
6
7
6
2
9
10
9
5
2
4
2
7
11
10
7
4
5
4
3
5
6
5
