-75
-73
-66
-64
-55
-24
-25
-34
-38
-51
-52
-44
-28
-8
15
28
24
20
21
16
19
28
36
46
61
73
82
89
92
87
81
75
69
70
73
77
78
81
82
82
85
82
77
70
61
57
50
47
53
59
62
69
71
63
49
42
36
33
39
40
43
43
38
31
24
13
8
4
-1
-4
-1
-3
-3
-3
-6
-11
-18
-30
-42
-55
-63
-68
-76
-81
-84
-86
-92
-98
-104
-109
-113
-118
-119
-115
-115
-113
-108
-102
-97
-92
-88
-85
-86
-82
-80
-81
-73
-69
-68
-58
-53
-44
-34
-31
-20
-10
-4
-2
3
4
10
12
18
23
30
39
48
61
65
69
71
72
74
78
80
81
86
86
91
91
88
84
82
82
81
79
78
73
69
65
59
53
50
49
52
52
47
45
43
39
38
45
51
60
61
57
52
49
41
31
32
38
46
55
58
55
42
32
19
4
-5
-10
-11
-13
-10
-8
-17
-28
-37
-42
-49
-56
-64
-76
-91
-104
-104
-108
-114
-125
-135
-132
-137
-133
-126
-127
-124
-124
-125
-114
-110
-98
-87
-78
-68
-60
-54
-45
-40
-38
-33
-28
-21
-16
-5
4
13
19
19
27
33
37
40
44
43
44
41
47
50
47
52
54
54
55
53
54
48
45
45
43
36
32
32
30
24
17
12
9
12
11
12
11
12
13
16
13
11
10
5
4
6
1
6
11
10
15
20
18
20
26
41
65
90
111
124
114
96
85
69
69
86
97
107
115
111
91
74
57
43
32
23
16
14
20
24
29
27
19
8
-18
-36
-49
-70
-85
-98
-112
-126
-133
-135
-135
-123
-113
-109
-109
-111
-116
-113
-106
-98
-82
-74
-66
-63
-64
-65
-65
-65
-67
-59
-57
-50
-34
-29
-19
-16
-15
-14
-6
-5
-1
0
-8
-1
-1
-3
-1
-10
-21
-23
-30
-28
-21
-26
-33
-28
-27
-24
-16
-15
-12
-12
-16
-24
-26
-26
-32
-27
-25
-22
-14
-10
-4
2
5
9
17
25
28
44
57
62
71
73
80
86
84
87
93
98
106
132
176
214
233
222
194
167
142
135
155
189
229
251
233
206
187
158
130
99
69
57
48
47
64
83
82
65
33
0
-28
-58
-80
-90
-111
-135
-150
-164
-172
-164
-153
-153
-169
-183
-201
-209
-208
-204
-185
-163
-144
-135
-130
-131
-139
-153
-162
-163
-162
-151
-137
-127
-114
-113
-120
-120
-119
-118
-109
-104
-97
-96
-87
-72
-54
-54
-53
-58
-64
-67
-73
-75
-69
-65
-63
-57
-44
-29
-29
-24
-30
-38
-43
-37
-26
-16
0
15
22
32
41
64
69
69
68
68
76
85
114
133
152
160
170
176
182
193
203
207
200
196
205
224
253
302
366
405
401
344
288
237
197
205
249
313
359
362
334
294
239
181
120
71
49
44
47
85
123
128
105
47
-25
-78
-123
-165
-192
-217
-241
-267
-295
-288
-271
-262
-259
-278
-307
-334
-358
-364
-342
-304
-251
-210
-180
-179
-198
-234
-278
-308
-319
-301
-269
-236
-198
-170
-175
-189
-198
-207
-212
-212
-201
-200
-181
-164
-147
-119
-123
-135
-148
-164
-175
-165
-154
-141
-116
-96
-90
-70
-50
-42
-31
-47
-42
-37
-33
-17
5
17
35
65
77
99
117
129
139
163
174
201
238
266
288
301
321
326
327
338
335
330
329
331
336
340
363
385
418
487
549
616
624
556
481
413
351
350
406
489
560
564
527
464
387
295
195
124
80
64
75
118
176
195
147
52
-61
-152
-220
-284
-346
-402
-449
-483
-483
-465
-428
-408
-455
-524
-574
-626
-645
-625
-567
-478
-400
-348
-345
-370
-422
-497
-566
-590
-584
-523
-446
-393
-360
-358
-399
-445
-460
-462
-417
-377
-337
-295
-243
-197
-164
-151
-163
-179
-199
-209
-195
-175
-148
-119
-128
-77
-74
150
90
42
-13
-73
-69
-66
26
128
249
266
265
144
168
75
110
149
190
288
369
462
496
567
584
531
503
531
543
551
618
641
651
647
640
608
588
565
566
661
754
855
888
818
749
667
581
556
632
767
806
809
741
658
595
471
307
180
74
-9
-45
15
52
77
28
-148
-322
-491
-591
-675
-767
-819
-829
-873
-850
-825
-804
-821
-924
-1068
-1143
-1159
-1050
-897
-754
-644
-576
-575
-649
-667
-696
-720
-739
-717
-647
-518
-401
-349
-335
-366
-431
-494
-483
-428
-364
-288
-258
-260
-233
-176
-155
-156
-172
-204
-235
-241
-240
-164
-106
-86
-90
-78
-22
17
9
5
-21
-15
37
76
147
212
294
281
302
304
291
341
366
397
430
463
503
582
660
673
681
694
668
679
765
776
873
916
900
900
908
875
850
799
780
776
883
1078
1190
1236
1115
926
773
713
704
848
1072
1208
1168
998
824
681
593
489
348
240
219
135
98
118
34
-94
-400
-714
-913
-965
-933
-992
-1096
-1239
-1373
-1486
-1525
-1462
-1354
-1361
-1480
-1556
-1585
-1479
-1334
-1191
-1097
-1020
-975
-1021
-999
-977
-946
-907
-913
-857
-676
-504
-430
-454
-499
-574
-653
-613
-523
-404
-325
-347
-410
-416
-381
-313
-287
-307
-343
-359
-322
-290
-259
-202
-156
-237
-169
-171
170
165
38
33
52
140
170
307
413
505
453
405
267
440
475
589
662
677
769
812
890
893
997
1036
961
1001
1156
1202
1249
1293
1249
1267
1213
1195
1171
1182
1138
1140
1106
1340
1635
1745
1646
1309
1013
843
887
995
1370
1634
1681
1340
852
588
463
508
496
434
319
200
3
-167
-255
-376
-606
-904
-1136
-1202
-1070
-1080
-1315
-1613
-1893
-2083
-2122
-1934
-1736
-1562
-1606
-1826
-2000
-1958
-1751
-1569
-1373
-1248
-1148
-1077
-1036
-997
-961
-878
-830
-794
-674
-456
-276
-223
-291
-382
-396
-385
-285
-184
-72
-60
-152
-248
-273
-178
-90
-123
-215
-276
-334
-329
-316
-320
-312
-318
-288
-230
-123
-4
72
40
0
-4
90
206
244
277
303
313
358
459
610
736
790
793
761
823
884
1000
1076
1086
1145
1233
1282
1257
1295
1309
1287
1278
1339
1394
1391
1346
1348
1737
2033
2119
1876
1421
1140
1126
1250
1488
1928
2165
1930
1179
566
430
644
918
854
587
274
-94
-547
-642
-480
-397
-556
-1008
-1333
-1447
-1389
-1525
-1791
-1954
-2006
-2106
-2167
-2068
-1965
-1901
-2014
-2128
-2019
-1655
-1322
-1262
-1313
-1314
-1251
-1078
-826
-587
-376
-361
-574
-695
-529
-169
87
145
32
-102
-152
-126
-75
1
92
-5
-216
-334
-319
-196
-169
-357
-522
-610
-679
-680
-708
-677
-662
-711
-729
-701
-610
-526
-576
-615
-477
-369
-227
-116
-67
-32
51
87
199
398
577
658
639
676
736
903
1052
1139
1182
1260
1299
1375
1405
1451
1443
1464
1507
1511
1605
1916
2541
2668
2365
1729
1292
1428
1951
2390
2591
2652
2253
1454
743
826
1375
1881
1734
819
-77
-568
-671
-528
16
248
-187
-1079
-1888
-2054
-1679
-1218
-1363
-1797
-2148
-2456
-2585
-2335
-1932
-1675
-1642
-1950
-2167
-2005
-1565
-1277
-1103
-853
-729
-641
-611
-621
-492
-225
-119
-113
40
175
159
9
-110
-98
61
224
174
-6
-145
-252
-473
-477
-422
-279
-399
-467
-981
-1023
-1119
-1137
-950
-1107
-967
-1226
-1306
-1373
-1254
-1208
-899
-1098
-891
-894
-838
-659
-678
-422
-319
-56
0
197
331
478
555
638
761
905
1122
1168
1352
1462
1557
1531
1612
1625
1745
1818
1824
1897
2283
3081
3145
2588
1798
1551
1924
2725
3009
3054
2926
2257
1408
845
1354
2098
2370
1639
260
-637
-672
-360
-12
325
84
-879
-2080
-2550
-1998
-1072
-745
-1516
-2452
-2954
-2935
-2583
-1885
-1355
-1398
-1874
-2440
-2331
-1632
-828
-534
-679
-862
-825
-636
-345
85
379
432
173
-21
162
455
543
356
188
158
154
9
-81
-96
-119
-290
-604
-787
-810
-729
-745
-950
-1190
-1362
-1533
-1599
-1494
-1360
-1300
-1461
-1699
-1726
-1613
-1379
-1204
-1096
-1039
-1024
-1075
-1018
-798
-552
-328
-207
-111
-18
163
303
446
701
889
1007
1053
1081
1249
1355
1515
1554
1611
1722
1797
1976
2353
3150
3233
2655
1897
1704
2320
3132
3365
3067
2801
2407
1864
1430
1782
2262
2289
1526
227
-443
-259
180
206
103
-371
-1187
-2022
-2282
-1765
-1073
-981
-1828
-2683
-2941
-2704
-2310
-1808
-1411
-1507
-1913
-2269
-2072
-1270
-437
-125
-380
-547
-434
-99
355
896
1157
1015
619
315
615
1242
1598
1303
726
311
241
326
541
655
479
34
-632
-985
-841
-532
-426
-754
-1319
-1796
-1987
-1924
-1701
-1554
-1681
-2017
-2356
-2325
-2035
-1711
-1552
-1581
-1667
-1693
-1565
-1361
-1033
-803
-717
-763
-786
-542
-232
80
198
260
295
420
560
767
1019
1209
1297
1169
1202
1270
1491
1620
1817
2069
2677
3008
2434
1721
1488
2092
2885
3177
2821
2463
2210
1888
1560
1691
2175
2170
1502
376
-428
-306
195
337
122
-271
-986
-1725
-1971
-1528
-852
-777
-1543
-2515
-2764
-2340
-1826
-1388
-1105
-1199
-1589
-1783
-1435
-560
188
336
-10
-217
98
618
1200
1501
1537
1299
953
879
1258
1855
2040
1639
986
614
654
783
847
803
528
16
-521
-766
-682
-485
-505
-858
-1415
-1860
-2046
-2004
-1782
-1709
-1914
-2307
-2678
-2688
-2285
-1909
-1737
-1827
-2026
-2069
-1926
-1602
-1160
-900
-956
-1126
-1220
-917
-441
-45
122
98
44
51
303
629
1061
1227
1103
898
889
1108
1431
1602
1717
1876
2365
2670
2106
1567
1538
2149
2745
2785
2405
2229
2200
1917
1473
1479
1866
1879
1332
343
-397
-357
84
206
-12
-405
-1071
-1707
-1897
-1446
-887
-868
-1534
-2354
-2510
-2041
-1571
-1232
-927
-1019
-1395
-1491
-1045
-200
472
575
206
9
394
1000
1571
1881
1793
1446
1173
1280
1695
2140
2159
1634
1012
816
964
1117
1132
932
498
-22
-379
-519
-405
-295
-530
-1020
-1536
-1892
-1984
-1799
-1630
-1714
-2089
-2490
-2700
-2557
-2136
-1876
-1854
-2028
-2233
-2251
-1987
-1590
-1186
-1002
-1116
-1244
-1186
-765
-262
22
114
53
47
171
440
782
1049
1113
981
805
856
1114
1368
1565
1785
2132
2640
2251
1431
1116
1610
2474
2805
2410
1971
1894
1771
1437
1269
1630
1798
1312
386
-499
-671
-195
88
-162
-543
-1150
-1793
-2001
-1734
-1191
-1033
-1513
-2293
-2613
-2218
-1746
-1473
-1179
-1020
-1261
-1459
-1245
-528
306
764
694
360
479
995
1579
2063
2131
1794
1564
1685
1924
2250
2407
2233
1729
1336
1251
1251
1370
1419
1040
477
53
-282
-266
-111
-239
-647
-1163
-1672
-1867
-1771
-1566
-1610
-1999
-2393
-2621
-2581
-2305
-2041
-1968
-2034
-2236
-2355
-2204
-1860
-1464
-1250
-1266
-1341
-1350
-1097
-536
-125
-2
-33
-69
40
295
633
897
983
957
846
832
1004
1331
1383
1529
1754
2170
2693
2170
1402
1123
1715
2481
2655
2229
1909
1743
1487
1095
962
1475
1576
932
-96
-930
-994
-407
-110
-421
-913
-1618
-2156
-2223
-1808
-1290
-1272
-1831
-2579
-2769
-2323
-1772
-1442
-1154
-1074
-1383
-1561
-1173
-243
541
842
789
647
840
1342
1963
2357
2371
2126
1811
1956
2430
2690
2653
2379
1909
1597
1615
1564
1491
1483
1191
559
49
-209
-207
-94
-274
-748
-1283
-1700
-1936
-1934
-1715
-1745
-2159
-2521
-2676
-2633
-2325
-2087
-2072
-2104
-2247
-2325
-2102
-1697
-1323
-1081
-1166
-1285
-1203
-849
-326
-24
40
30
13
129
374
622
966
1024
961
913
958
1032
1257
1423
1682
1964
2501
2562
1746
1200
1241
1966
2618
2558
2019
1800
1688
1292
933
1156
1508
1346
544
-539
-1173
-950
-393
-385
-824
-1364
-2036
-2337
-2143
-1762
-1449
-1641
-2310
-2867
-2744
-2198
-1736
-1420
-1170
-1233
-1526
-1470
-819
83
672
748
568
648
1191
1716
2178
2479
2240
1919
1935
2193
2613
2948
2734
2212
1746
1596
1674
1711
1631
1259
750
345
-112
-352
-182
-223
-618
-1091
-1682
-2020
-1969
-1881
-1882
-2100
-2487
-2805
-2774
-2504
-2223
-2094
-2063
-2203
-2328
-2147
-1793
-1414
-1088
-944
-1010
-1034
-824
-360
28
297
310
284
394
536
692
945
1184
1224
1127
1066
1108
1218
1336
1508
1716
2184
2820
2289
1345
1007
1419
2315
2703
2266
1809
1739
1492
1030
927
1387
1543
931
-44
-967
-1177
-652
-350
-642
-1118
-1864
-2451
-2379
-1997
-1627
-1584
-2102
-2800
-2956
-2510
-1967
-1621
-1360
-1251
-1493
-1651
-1215
-332
434
742
616
512
781
1352
2098
2712
2632
2090
1818
1907
2420
2946
2901
2564
2192
1686
1438
1584
1651
1561
1181
524
-205
-472
-252
-205
-445
-908
-1587
-2161
-2208
-2104
-1900
-1846
-2347
-2942
-3045
-2794
-2441
-2106
-1998
-2120
-2372
-2374
-2045
-1518
-1046
-806
-875
-967
-814
-416
168
551
668
514
526
716
958
1231
1451
1540
1302
1337
1353
1385
1616
1641
1661
1748
2430
2850
2153
1360
1055
1542
2352
2486
1968
1806
1755
1149
626
773
1160
1217
594
-583
-1449
-1424
-909
-636
-880
-1444
-2245
-2675
-2509
-2110
-1684
-1650
-2261
-2965
-2973
-2460
-1949
-1514
-1128
-1097
-1403
-1489
-963
48
831
1018
828
755
1109
1636
2405
2909
2824
2285
1948
2194
2545
2966
2938
2513
1974
1651
1410
1250
1343
1162
748
182
-505
-973
-758
-521
-875
-1390
-1954
-2506
-2616
-2303
-2113
-2174
-2508
-3002
-3179
-2833
-2364
-2114
-1924
-1957
-2264
-2192
-1680
-1170
-771
-487
-588
-707
-444
86
640
950
983
834
830
1036
1297
1506
1758
1761
1469
1403
1388
1545
1710
1868
1994
2481
2985
2223
1348
1055
1628
2467
2643
2124
1638
1610
1225
704
704
1090
1061
387
-648
-1537
-1532
-1019
-763
-1066
-1656
-2424
-2859
-2639
-2230
-1843
-1798
-2375
-3035
-3069
-2501
-1913
-1508
-1230
-1119
-1307
-1382
-858
114
909
1155
985
889
1216
1779
2538
3096
3008
2536
1999
2180
2735
3054
3042
2576
1936
1502
1413
1301
1200
996
551
-69
-758
-1122
-1078
-880
-1099
-1778
-2410
-2725
-2811
-2647
-2325
-2376
-2747
-3065
-3140
-2899
-2445
-2143
-1998
-1948
-2013
-1968
-1609
-1083
-649
-389
-297
-254
-161
248
802
1132
1181
1090
1037
1155
1376
1489
1657
1722
1571
1475
1452
1448
1446
1679
2243
3266
3064
1717
891
978
2032
2816
2711
2157
1824
1333
680
552
994
1427
961
-179
-1430
-1963
-1453
-879
-881
-1311
-2135
-3014
-3181
-2770
-2176
-1666
-2055
-2972
-3454
-3102
-2408
-1730
-1165
-1016
-1188
-1545
-1339
-325
820
1442
1373
1115
1112
1485
2102
3037
3543
3278
2522
2304
2460
2763
3394
3057
2408
1829
1377
1092
1233
1389
803
112
-606
-1269
-1510
-1074
-1074
-1698
-2174
-2815
-3302
-3036
-2484
-2418
-2595
-2927
-3362
-3184
-2547
-2212
-2119
-1848
-1860
-2080
-1705
-1129
-774
-435
-172
-162
-86
260
649
1011
1363
1428
1090
1140
1311
1364
1627
1790
1702
1505
1394
1306
1364
1546
1877
2739
3348
2522
1315
749
1287
2319
2922
2592
1949
1523
888
413
684
1268
1176
409
-902
-1992
-1947
-1237
-926
-1163
-1814
-2799
-3431
-3281
-2724
-2099
-1834
-2474
-3347
-3559
-2998
-2154
-1373
-894
-872
-1218
-1454
-875
298
1350
1825
1668
1400
1508
1987
2823
3724
3910
3346
2614
2314
2555
3242
3544
3021
2224
1441
997
1010
1360
1192
471
-358
-1295
-1761
-1519
-1168
-1393
-1926
-2677
-3384
-3441
-2981
-2456
-2332
-2618
-3155
-3363
-2922
-2275
-1876
-1685
-1667
-1803
-1690
-1271
-758
-302
-48
14
23
103
361
772
1174
1315
1168
909
870
1004
1238
1532
1530
1361
1070
964
1077
1352
2249
3456
3136
1723
704
807
1975
3027
3077
2483
1917
1048
385
670
1521
1667
806
-530
-1807
-2159
-1550
-997
-969
-1462
-2584
-3624
-3774
-3232
-2398
-1852
-2376
-3468
-3919
-3466
-2689
-1934
-1236
-904
-1073
-1432
-1203
-249
901
1715
1986
1980
1850
1865
2348
3336
4058
4187
3580
2958
2677
2840
3372
3574
3167
2297
1496
861
816
1142
1107
473
-541
-1586
-2010
-1601
-1241
-1383
-1904
-2735
-3500
-3494
-2709
-2122
-2172
-2543
-2978
-3018
-2469
-1891
-1581
-1378
-1464
-1617
-1359
-948
-608
-254
12
106
2
17
191
465
844
1131
1029
685
448
402
783
1242
1378
1146
846
594
710
954
2322
3734
2971
1646
571
599
1913
3363
3308
2770
2132
913
162
660
1510
1696
1043
-541
-2090
-2524
-1883
-1352
-998
-1303
-2773
-4075
-4155
-3623
-2641
-1794
-2459
-3494
-3872
-3744
-3068
-1967
-1004
-571
-780
-1282
-1106
-138
1086
1993
2434
2532
2331
2040
2534
3540
4365
4467
3817
2869
2500
2877
3247
3468
3026
2094
1135
582
503
659
601
195
-801
-1802
-2237
-2087
-1685
-1469
-1832
-2667
-3309
-3383
-2646
-1918
-1864
-2192
-2454
-2393
-1999
-1572
-1190
-907
-920
-1046
-953
-791
-482
-102
119
202
15
-163
-198
16
594
755
622
327
12
-149
267
900
1109
1103
905
555
795
2860
3598
2834
1894
1000
1177
2652
3520
3441
3563
2656
931
439
1154
1716
1851
903
-823
-2109
-2248
-2084
-1736
-1130
-1827
-3433
-4277
-4393
-3978
-2881
-2566
-3225
-3604
-3780
-3804
-3179
-2085
-1095
-627
-823
-964
-511
271
1091
2003
2680
3002
2742
2438
2928
3698
4422
4516
3950
3073
2579
2545
2733
3001
2769
1940
810
-13
-234
-225
-55
-282
-1164
-2050
-2280
-2486
-1914
-2026
-1548
-1751
-2721
-2579
-2401
-1684
-1496
-1579
-1504
-1440
-1087
-840
-1099
-632
-556
-691
-284
-696
-807
-277
-116
-396
-105
-175
-627
-615
-193
-74
54
85
-715
-468
-78
378
755
960
639
1614
3276
3355
2752
1941
1363
2030
3551
3910
3921
3905
2819
1267
1004
1493
1991
1950
513
-1053
-2013
-2366
-2400
-1724
-1493
-2476
-3828
-4646
-4635
-4063
-3084
-3094
-3475
-3772
-3995
-3572
-2932
-1892
-985
-776
-848
-492
162
599
1276
2263
2967
3212
3034
2826
3106
3692
4127
4310
3886
3143
2369
1911
1983
2316
2176
1414
380
-442
-754
-960
-630
-630
-1332
-1857
-1919
-1836
-1556
-1107
-1188
-1361
-1341
-1203
-892
-669
-553
-534
-405
-286
-372
-526
-583
-640
-655
-429
-427
-687
-1020
-1174
-1244
-1097
-754
-895
-1157
-1394
-1435
-1121
-648
-448
-475
-532
-443
-62
617
985
2101
3517
3292
2699
2093
1880
2630
3886
4152
4310
4537
3196
1408
988
1526
2285
2110
422
-1468
-2394
-2685
-2725
-1946
-1934
-2620
-4032
-4949
-4710
-4171
-3471
-3361
-3138
-3053
-3467
-3491
-2604
-1735
-684
-372
-229
484
863
696
1325
2241
2892
3567
3677
3240
2916
2781
2750
3428
3661
2975
1957
786
355
681
978
874
293
-707
-1554
-1906
-1296
-700
-743
-1029
-1163
-1090
-680
-117
24
246
203
278
681
813
655
372
246
372
469
197
-236
-817
-1114
-1209
-1245
-1208
-1364
-1857
-2386
-2360
-1937
-1843
-1872
-1820
-1912
-1762
-1325
-878
-504
-42
186
408
945
1808
3639
4576
4117
3082
2155
2536
3905
4604
4626
4876
3650
1708
622
672
1372
1374
-77
-1539
-2643
-3495
-4227
-3967
-2861
-2691
-3709
-4511
-4623
-4303
-3719
-3118
-2205
-1383
-1509
-2048
-1467
-340
485
956
1368
1776
2008
1591
1398
1895
2273
2360
2258
1977
1890
1211
409
108
-16
-61
-102
-414
-792
-1080
-1464
-1290
-743
-441
-498
-610
-356
-114
273
992
1203
1594
2192
1982
2072
2218
1809
1782
1921
2096
1704
1000
422
-257
-587
-826
-1289
-1215
-1733
-2696
-2909
-2896
-2820
-2814
-2815
-2717
-2352
-2182
-1962
-1320
-783
-712
-553
30
472
1146
1511
1542
1745
2634
4302
4890
4647
3269
1671
1657
2532
2836
3369
4039
2679
196
-1327
-1805
-1198
-428
-1153
-1690
-2638
-3791
-5020
-3929
-2142
-1435
-1719
-2047
-2208
-2089
-1732
-1167
283
782
627
115
837
1020
759
659
1210
1653
1464
631
190
158
-638
-823
-434
268
226
-948
-1819
-2137
-1990
-1618
-806
-344
94
-409
-780
-374
289
616
982
1381
1540
1916
1524
1455
1844
1989
2198
2407
2205
1769
975
460
438
417
470
162
-230
-658
-1362
-1851
-1803
-1388
-1617
-1441
-1626
-1787
-1646
-1883
-1635
-928
-509
-421
-189
-296
-99
-135
145
528
905
1011
862
881
696
1372
3193
4025
3805
1966
-36
47
820
1311
2358
3468
2705
418
-1387
-1906
-1246
-783
-1280
-1160
-915
-2063
-3469
-3108
-1870
-1283
-1008
-479
9
-20
-1073
-1629
-591
266
204
469
1139
935
-88
-725
-508
151
323
30
275
165
-746
-1339
-985
-56
483
165
-375
-955
-1318
-1419
-608
159
505
303
-430
-574
-591
-443
2
401
639
815
560
377
481
795
1228
1465
1539
1453
1171
784
647
602
587
485
379
406
211
-277
-762
-911
-941
-693
-439
-319
-482
-1025
-1336
-1160
-765
-385
-166
-122
-223
-556
-617
-365
101
153
364
545
1000
3042
4032
3634
2238
377
35
897
1269
2019
3413
3110
999
-1100
-2207
-2109
-1770
-2257
-1741
-942
-1913
-3471
-3628
-2769
-2053
-1446
-434
876
1068
-1
-779
-241
448
468
1128
2242
2333
1312
312
2
25
-191
-311
274
606
-311
-1018
-1138
-1058
-764
-717
-631
-680
-1113
-1455
-1131
-684
-355
-10
36
-135
-292
-459
-270
-135
57
539
694
471
397
548
667
754
817
951
1021
714
393
272
86
-120
-86
269
365
-105
-579
-699
-577
-421
-30
265
135
-444
-681
-292
184
523
567
694
371
32
-29
284
490
322
59
132
553
2387
4004
3928
2398
56
-871
-428
188
1209
2919
3041
1191
-1074
-2428
-2664
-2736
-3080
-2260
-1135
-1584
-2728
-3099
-2676
-2329
-2071
-769
1224
1774
978
427
478
336
-39
406
1618
2325
1975
1475
975
-95
-1261
-1603
-606
415
414
126
-118
-656
-938
-939
-696
-369
-364
-313
112
336
234
229
-104
-379
-245
-12
192
95
-232
-189
-208
-570
-438
21
184
233
229
164
2
-441
-580
-207
-77
-205
-258
-122
-231
-559
-620
-221
139
251
407
457
222
-147
-79
405
793
890
940
1018
817
407
184
245
338
211
331
561
1366
3211
3855
3283
1601
-124
-541
-283
193
1629
3017
2430
497
-1312
-2283
-2823
-3438
-3489
-2260
-1653
-2175
-2711
-2786
-2760
-2974
-2588
-809
983
1219
928
714
337
-267
-561
322
1692
2086
1920
1935
1269
-24
-1018
-1242
-472
342
625
1005
1019
454
70
-503
-841
-710
-324
414
1132
1278
1053
307
-853
-1245
-806
-42
398
318
159
-253
-1029
-1320
-815
-226
146
271
422
423
-240
-935
-966
-827
-745
-505
-45
181
-430
-1145
-1102
-656
-340
-20
275
361
-10
-279
12
443
594
767
1013
1247
1069
681
561
536
495
556
901
1576
3433
4301
3877
2573
748
-192
-188
39
1083
2650
2694
1222
-541
-1833
-2867
-3715
-4063
-3135
-2001
-1888
-2371
-2693
-2926
-3495
-3535
-2105
-220
714
893
787
430
-281
-947
-602
577
1491
1930
2372
2178
1126
-201
-1017
-906
-140
706
1594
2016
1577
1061
69
-850
-1239
-874
205
1344
1981
2080
1286
-311
-1465
-1453
-497
482
846
979
649
-423
-1372
-1301
-594
31
307
610
790
197
-727
-1358
-1531
-1498
-1286
-666
77
-107
-845
-1376
-1393
-1198
-961
-541
-56
65
-84
99
274
159
136
196
635
1215
1183
1097
1018
640
610
800
2015
4049
4569
3854
2565
1198
394
135
282
1482
2658
2295
1140
-13
-1446
-2895
-4071
-4409
-3467
-2534
-2173
-2030
-2125
-2790
-3814
-3940
-2745
-1337
-172
639
870
497
-485
-1249
-1015
-228
453
1433
2436
2498
1718
412
-743
-1097
-822
92
1622
2515
2495
1811
512
-696
-1359
-1244
-327
995
2121
2596
2004
609
-750
-1407
-1039
-12
1090
1939
1828
941
-12
-611
-687
-237
394
1122
1516
1104
301
-730
-1709
-2159
-1953
-1152
-215
-59
-512
-1188
-1844
-2046
-1790
-1390
-840
-514
-366
-14
105
109
-20
-284
-169
435
1099
1492
1366
997
874
982
2455
4143
4488
3913
2603
1458
980
656
783
1829
2363
1840
1049
191
-1086
-2505
-3840
-4195
-3508
-2905
-2473
-2132
-2162
-2889
-3671
-3719
-3043
-2246
-1341
-336
301
274
-382
-988
-1024
-779
-248
908
1867
2143
1758
924
57
-559
-720
-98
869
1629
2185
1898
841
-469
-1426
-1578
-968
-10
1190
2031
1743
805
-204
-874
-821
-248
698
1682
1947
1721
1402
994
625
470
611
1200
1641
1761
1516
553
-791
-1755
-2016
-1516
-789
-527
-520
-984
-1773
-2132
-2096
-2013
-1818
-1487
-862
-115
181
143
-22
-336
-528
-4
833
1480
1625
1581
1722
2721
3710
3904
3897
3269
2313
1773
1577
1706
2310
2429
2086
1665
857
-365
-1527
-2648
-3332
-3406
-3046
-2481
-2130
-2295
-2904
-3536
-3767
-3593
-3194
-2383
-1673
-1300
-1035
-937
-909
-959
-1240
-1116
-297
582
1402
1852
1661
1123
351
-131
237
750
1123
1781
1906
1425
677
-301
-1070
-1282
-1160
-458
597
913
655
208
-524
-998
-1007
-528
474
1143
1410
1690
1690
1375
1051
875
1131
1493
1637
1843
1797
1118
249
-440
-758
-749
-755
-623
-479
-774
-1298
-1679
-1970
-2211
-2277
-2124
-1541
-950
-597
-484
-695
-994
-1109
-700
-8
779
1361
2440
3417
3468
3556
3291
2748
2429
2255
2606
3529
3673
3155
2763
2087
1078
123
-865
-1602
-2162
-2519
-2207
-1758
-1871
-2463
-3205
-3719
-4050
-4288
-3901
-3153
-2600
-2236
-1833
-1453
-1390
-1726
-1764
-1169
-453
384
1433
2241
2401
1842
1170
909
931
1012
1658
2473
2679
2236
1331
342
-666
-1425
-1498
-886
-227
137
26
-471
-977
-1578
-1909
-1489
-776
-134
590
1282
1670
1613
1118
683
669
980
1556
2244
2569
2283
1515
700
139
-184
-266
-68
141
263
94
-427
-1063
-1672
-2016
-2052
-1744
-1216
-791
-795
-948
-1152
-1223
-1209
-1053
-641
533
2017
2643
3056
2946
2339
1810
1507
1847
2999
3741
3684
3542
3069
2034
964
104
-424
-785
-1135
-1014
-680
-831
-1644
-2582
-3089
-3408
-3864
-3864
-3399
-3118
-3146
-3069
-2733
-2485
-2749
-2944
-2307
-1499
-946
-241
491
1020
1166
1032
1252
1567
1456
1475
2057
2679
3017
2777
2182
1547
555
-203
-253
-40
256
340
8
-316
-836
-1683
-2113
-1959
-1602
-925
-227
245
522
267
-240
-438
-268
174
750
1221
1602
1709
1399
1013
667
498
415
418
792
1197
1249
863
313
-242
-751
-1086
-931
-550
-335
-271
-356
-493
-799
-1355
-1704
-1466
-578
905
1722
2211
2282
1601
1045
753
1000
1840
2646
2998
3322
3306
2574
1638
680
-9
-364
-592
-260
277
292
-390
-1380
-2048
-2522
-3174
-3426
-2989
-2692
-2849
-3014
-3037
-2981
-3266
-3614
-3125
-2227
-1729
-1269
-643
-114
117
96
471
1191
1365
1345
1876
2510
3072
3019
2643
2447
1831
1150
963
996
979
860
521
385
220
-554
-1259
-1655
-1749
-1412
-909
-391
-116
-416
-934
-1173
-1188
-906
-560
-309
113
483
587
532
200
-82
-67
129
645
1267
1465
1245
830
507
390
318
102
113
226
225
378
417
195
-335
-1036
-1182
-880
31
1147
1470
1800
1582
1000
604
349
528
1181
1767
2125
2640
2597
1872
1045
135
-284
-508
-579
-61
478
473
-147
-1025
-1688
-2158
-2847
-3081
-2620
-2278
-2328
-2523
-2731
-2811
-3280
-3627
-3058
-2278
-1877
-1376
-752
-263
-89
-235
34
663
937
1475
2245
2846
3190
2913
2535
2314
1997
1642
1559
1658
1792
1646
1152
844
349
-432
-927
-1173
-1032
-717
-533
-405
-396
-756
-1155
-1428
-1593
-1331
-1019
-767
-342
-90
-138
-314
-649
-669
-327
-49
460
1092
1292
1098
726
491
438
348
293
617
839
786
713
561
318
-162
-617
-583
-317
383
1325
1364
1594
1574
904
640
412
447
1000
1463
1675
2070
2059
1402
839
7
-424
-530
-805
-463
25
129
-210
-987
-1724
-2159
-2795
-3113
-2693
-2245
-2151
-2334
-2565
-2675
-3083
-3525
-3188
-2444
-1860
-1327
-811
-342
-178
-418
-317
279
757
1487
2115
2549
3042
2793
2352
2255
2021
1902
1934
1946
2208
2237
1629
1225
892
277
-88
-432
-412
-92
-48
-131
-218
-524
-902
-1309
-1520
-1237
-1018
-998
-863
-788
-782
-883
-1124
-986
-658
-543
-229
286
691
802
548
395
443
314
329
709
945
1069
977
700
599
363
11
-25
83
385
1420
1659
1522
1799
1181
841
621
360
933
1454
1446
1638
1878
1416
897
220
-331
-155
-548
-705
-230
-51
-231
-896
-1565
-1804
-2252
-2952
-2906
-2491
-2320
-2416
-2647
-2693
-2890
-3483
-3538
-2971
-2356
-1847
-1430
-948
-585
-635
-701
-353
254
954
1690
2205
2727
2841
2431
2177
2001
2123
2284
2307
2518
2657
2300
1666
1187
753
478
246
57
300
432
258
34
-265
-606
-1016
-1460
-1466
-1076
-909
-951
-985
-1004
-1055
-1282
-1326
-966
-666
-393
-17
374
623
438
120
64
126
245
438
632
858
844
565
395
220
-37
-172
-155
209
1006
1783
1637
1653
1485
949
821
497
684
1339
1630
1707
1988
1955
1362
725
23
-85
142
-171
-121
81
-5
-479
-1185
-1716
-1965
-2368
-2795
-2707
-2342
-2327
-2600
-2845
-2965
-3157
-3416
-3355
-2901
-2308
-1799
-1398
-1026
-797
-760
-689
-405
199
1000
1645
2021
2345
2316
2076
1852
1889
2135
2350
2467
2553
2565
2210
1750
1325
987
890
749
704
826
846
550
102
-225
-604
-903
-1115
-1057
-883
-935
-1124
-1177
-1146
-1226
-1312
-1148
-816
-555
-382
-155
21
11
-181
-212
-77
76
236
320
474
557
459
336
261
142
42
26
317
667
1316
1611
1322
1413
1098
910
962
765
1077
1582
1720
1722
1895
1689
1212
787
230
387
486
123
70
22
-172
-577
-1212
-1741
-2048
-2396
-2540
-2382
-2245
-2372
-2723
-3074
-3179
-3219
-3213
-3018
-2727
-2306
-1826
-1520
-1307
-1117
-1051
-791
-410
72
835
1264
1471
1729
1703
1729
1758
1716
1946
2300
2396
2511
2510
2129
1812
1453
1209
1246
1168
1141
1235
1086
739
373
-53
-360
-590
-715
-615
-586
-674
-786
-854
-891
-1018
-1104
-875
-637
-495
-352
-263
-277
-413
-522
-443
-208
-50
10
78
90
43
-95
-170
-62
-42
25
183
316
482
802
1012
985
1199
1124
1071
1127
905
1134
1549
1611
1637
1710
1594
1384
1111
690
654
627
291
190
50
-99
-326
-840
-1345
-1626
-1860
-2028
-2087
-2102
-2169
-2322
-2576
-2774
-2877
-2833
-2638
-2448
-2134
-1771
-1576
-1507
-1440
-1307
-999
-662
-297
229
560
758
1010
1004
1071
1228
1321
1614
1872
1955
2027
2013
1765
1566
1475
1389
1404
1303
1229
1283
1173
871
627
336
40
-138
-243
-157
-58
-132
-228
-329
-426
-500
-590
-479
-388
-370
-215
-229
-241
-378
-561
-521
-498
-415
-306
-244
-230
-255
-397
-430
-374
-408
-344
-139
-57
91
222
377
583
621
705
770
823
868
897
1084
1335
1521
1524
1509
1441
1204
1003
757
637
607
478
338
167
-66
-438
-815
-1147
-1370
-1400
-1436
-1516
-1623
-1768
-1936
-2066
-2200
-2240
-2062
-1880
-1710
-1482
-1395
-1295
-1217
-1247
-1016
-682
-360
43
330
426
519
514
495
623
785
1045
1348
1518
1595
1504
1320
1160
1095
1128
1237
1335
1398
1296
1142
924
705
513
338
316
365
493
451
347
261
57
-91
-163
-174
-49
8
-54
-56
-112
-256
-409
-557
-611
-620
-546
-506
-485
-502
-636
-795
-866
-872
-797
-688
-518
-418
-344
-344
-362
-278
-207
-12
217
412
651
721
706
710
618
660
768
855
1020
1067
942
783
573
334
203
113
14
-49
-107
-174
-262
-440
-675
-877
-1062
-1110
-1094
-1054
-975
-912
-938
-1009
-1135
-1194
-1204
-1184
-1033
-823
-591
-485
-446
-421
-488
-491
-400
-246
-24
197
402
584
672
645
550
531
574
684
891
1029
1183
1149
1004
882
820
709
627
720
769
1029
1070
888
815
689
406
448
499
726
652
608
512
265
237
-176
-193
-280
-181
-143
-331
-233
-431
-659
-790
-987
-977
-883
-855
-745
-705
-627
-811
-897
-784
-1016
-710
-544
-280
-49
-65
-57
-29
15
7
38
327
448
633
745
564
627
464
337
265
290
322
358
461
477
340
278
131
-21
-35
-91
31
145
224
206
67
-69
-226
-278
-272
-212
-237
-145
-107
-131
-291
-461
-554
-687
-633
-587
-342
-215
-185
-195
-260
-303
-341
-246
-247
39
92
214
332
234
163
-64
210
108
314
308
348
634
497
569
457
556
506
452
667
664
743
778
432
551
221
105
189
94
136
-67
21
-190
-251
-434
-820
-711
-854
-861
-756
-800
-708
-748
-855
-1053
-1196
-1179
-1003
-860
-622
-479
-437
-465
-569
-499
-479
-296
-69
-13
296
184
320
237
65
85
63
299
469
546
514
535
440
503
531
456
521
541
565
766
734
635
668
586
529
486
446
381
536
552
540
707
418
323
175
81
194
129
283
278
316
294
105
60
-57
-86
-55
-26
86
70
79
76
-7
-103
-125
-120
-11
92
203
268
262
265
236
668
397
235
357
321
134
148
135
76
280
121
-57
-86
-29
-299
-228
-396
-665
-680
-834
-938
-909
-814
-795
-765
-787
-882
-1256
-1269
-1224
-1473
-1461
-1365
-1181
-999
-860
-760
-736
-759
-780
-816
-709
-474
-325
-162
-187
-147
-207
-231
-296
-180
102
231
298
358
301
110
173
164
290
424
557
657
815
865
811
757
738
771
786
922
952
1045
986
854
843
694
569
500
553
618
686
726
809
679
520
450
228
284
342
238
318
382
204
127
118
-107
-169
24
28
161
329
272
303
292
163
266
257
423
536
463
643
532
288
337
136
133
168
215
154
249
127
-82
-57
-335
-508
-516
-572
-631
-519
-749
-784
-912
-1155
-1208
-1285
-1242
-1217
-1047
-1106
-898
-1013
-995
-981
-1089
-1016
-930
-860
-693
-549
-508
-434
-541
-503
-427
-497
-315
-211
-187
-69
92
-112
-58
19
-96
22
270
216
504
446
430
411
472
395
505
579
556
748
610
835
635
545
614
470
450
687
543
752
726
483
701
394
407
343
430
248
302
390
139
108
131
-153
-50
-139
-329
143
-281
-8
172
-9
233
9
193
107
229
460
425
419
652
346
412
320
329
237
326
545
90
578
300
-63
86
103
-338
-29
-23
-182
-200
-252
-400
-750
-604
-773
-918
-566
-734
-676
-627
-663
-620
-805
-584
-655
-619
-484
-563
-430
-269
-543
-409
-406
-460
-282
-596
-76
-278
-249
-165
-133
-338
-114
-254
-107
60
19
217
27
383
33
450
162
301
415
269
351
632
253
577
422
230
545
413
528
615
698
447
623
478
392
342
481
237
290
436
96
160
185
-9
-152
103
-243
-201
-78
-102
-280
85
-77
-450
260
-368
-124
217
-45
82
483
-30
188
323
-193
188
200
188
165
516
122
217
182
-63
53
-157
-180
77
-183
-58
96
-487
-318
-424
-600
-434
-317
-431
-391
-176
-539
-369
-439
-338
-388
-422
-138
-283
-129
-190
-33
-502
52
-290
-219
-28
-181
-131
-194
-215
-246
23
-581
217
-410
-171
11
-101
-232
98
33
-381
311
-155
19
88
242
102
244
312
140
310
134
450
233
420
464
366
383
527
307
276
457
202
335
237
147
143
-23
-78
26
-127
-245
4
-327
0
-116
18
-146
-8
14
-176
201
78
241
166
344
157
352
198
265
106
336
228
216
343
274
319
19
293
-51
49
65
-118
127
-19
-67
-28
-278
-210
-256
-331
-26
-362
3
-141
-294
118
-180
-111
54
-72
-87
168
127
44
119
112
35
-32
188
-69
188
53
-32
41
-186
-25
-139
-229
44
-262
-164
-174
-143
-308
-217
-130
-278
-324
-91
-269
-103
-202
-274
-177
-287
68
-380
277
-74
-117
-32
9
-221
361
-144
101
0
-143
68
-209
120
-298
-73
-265
-227
-327
20
-396
-33
-278
-89
-258
-333
160
-268
114
14
148
49
130
199
80
332
446
-21
279
386
-101
274
194
178
105
221
-127
36
237
-333
-102
55
-266
-293
58
-335
35
-267
-199
-167
-125
-154
-185
111
35
69
240
259
118
412
432
280
537
412
676
347
553
567
470
573
370
540
371
454
303
470
318
366
85
258
136
171
220
-40
132
-85
-89
-167
-112
-102
-325
-159
-200
-463
-44
-107
-363
39
-262
-358
-27
-245
-158
-190
34
-300
-133
-183
-412
-169
-352
-465
-245
-315
-307
-285
-343
-280
-233
-353
-228
-271
-29
-144
26
-195
21
156
-175
75
194
17
118
173
45
115
-120
65
-125
133
-155
-133
-176
-80
-329
-500
-79
-618
-538
-267
-461
-643
-251
-643
-533
-344
-555
-358
-449
-213
-410
-64
-98
-46
142
66
142
259
216
563
399
541
801
262
938
462
579
797
537
784
780
631
777
668
787
610
601
612
164
590
134
172
561
-86
215
27
85
-41
-67
207
-198
77
49
-447
26
27
-386
176
-204
41
-138
-132
17
-237
-266
-92
-269
-224
-178
-247
-122
-305
63
-588
55
-132
-387
23
-26
78
-164
-127
127
-13
135
336
-85
464
84
5
364
-90
139
208
-12
-31
-8
-14
-293
-161
-246
-594
-164
-696
-681
-499
-380
-913
-474
-502
-863
-597
-502
-916
-634
-238
-1098
-242
-154
-624
-231
-55
-413
52
84
-304
300
168
109
193
577
331
520
508
577
591
450
1140
457
622
823
660
364
901
407
594
746
305
304
568
-60
135
507
-98
338
9
268
-77
247
-65
-82
20
70
-378
46
98
-344
-70
-201
-354
-266
4
-622
-217
79
-624
-145
-153
-475
-193
21
-135
-229
114
-287
-7
-87
68
-121
359
31
-127
639
108
102
354
429
-16
448
378
-12
415
289
-209
60
388
-395
-102
-50
-481
-358
-329
-483
-407
-459
-580
-615
-372
-503
-945
-214
-510
-884
-148
-400
-815
-115
-263
-531
-59
211
-692
164
457
-835
749
167
-327
630
583
51
894
584
218
999
496
424
349
990
85
752
569
606
512
269
615
-130
198
407
118
362
294
73
280
45
127
-222
144
-12
-151
-285
-221
39
-532
-151
0
-553
33
-203
-746
173
-548
-212
-318
-285
-352
-236
81
-560
68
-191
-217
-33
53
-12
306
42
184
1
518
216
-17
935
122
326
487
122
111
493
212
29
-60
490
-394
-469
436
-519
-428
-139
-188
-1008
42
-379
-1006
-48
-543
-1091
-243
-356
-757
-209
-527
-747
-290
-330
-480
-105
-9
-325
-192
3
-153
-129
252
213
-117
594
93
206
436
552
417
549
673
342
690
513
332
356
641
340
141
476
405
-120
423
320
-171
375
237
-42
1
265
-239
188
-33
98
-319
-260
110
-453
-313
151
-474
-514
336
-705
-321
170
-491
-235
72
-419
-131
110
-416
-40
105
-685
352
206
-415
413
-138
190
280
344
241
757
257
560
151
602
659
89
736
390
46
142
546
-225
357
373
-312
134
118
-440
137
-29
-659
-76
-413
-220
-147
-389
59
-639
-495
-247
-455
-473
161
-532
-334
136
-647
-429
348
-170
-463
618
36
-136
105
85
276
-182
410
79
-153
791
39
-330
529
405
-743
606
348
-292
445
105
-452
146
111
-552
331
-163
198
-431
21
45
-766
353
-28
-886
403
24
-921
212
-283
-382
-194
-81
-865
35
-205
-481
-409
-278
-180
-172
-437
-79
84
-871
792
-416
-605
590
-244
-80
571
-61
20
656
229
-3
291
935
29
440
635
56
487
553
-28
88
913
84
-66
729
-128
-209
566
-183
-256
405
-32
-189
385
73
-561
294
170
-405
365
275
-432
-129
636
-519
-179
779
-544
12
933
-477
-202
1188
-694
186
635
98
-515
1120
25
-197
578
147
-112
27
275
-136
422
166
112
-832
1049
-491
-406
270
-9
-561
289
-225
-885
843
-436
-401
-180
349
-882
278
-323
-538
382
-809
85
-204
-336
-69
-548
-300
308
-889
-28
-269
-516
-420
-52
-459
-468
471
-926
-215
384
-754
72
307
-713
433
-219
71
274
-40
291
-25
207
-38
36
384
-242
586
-9
-20
198
21
123
-143
182
-350
-36
457
-399
15
828
-785
187
430
-447
34
394
13
-440
774
123
-196
534
201
-16
432
454
-135
249
676
-368
528
855
-335
401
592
45
-286
653
298
-428
1023
95
-129
417
377
-384
-261
-54
-828
-467
581
-798
-54
888
-1077
-463
-446
-895
-403
435
2
86
232
-214
-418
398
113
375
382
81
580
-694
-305
-78
-206
-79
-33
228
-4
45
10
-706
-41
-109
-364
107
308
-186
108
357
-360
-263
81
-996
599
-18
-398
904
-138
-256
-154
11
-285
234
169
104
181
-48
-87
103
-1044
783
-399
-268
1260
-927
236
110
-663
-286
25
182
-13
555
528
-206
-176
506
-61
-120
158
316
-120
780
483
-551
1066
-131
-199
586
135
160
904
-343
60
45
-217
-364
2
86
-54
36
-251
-369
-107
-449
-631
-93
-735
555
-265
-701
66
48
-542
-449
98
-368
-280
499
-508
97
340
-419
-90
384
-235
-176
122
219
43
219
-119
-12
704
-647
-74
513
-259
-248
606
-689
153
174
287
-257
391
-163
-163
528
-227
-101
463
28
-426
444
40
319
-645
643
-154
-110
254
-253
-158
86
34
-284
163
313
-348
262
147
-446
127
98
-252
-8
524
-23
-13
510
29
-409
915
-92
-448
865
513
-536
655
576
-547
618
421
-358
872
339
-574
477
56
-225
-163
244
85
-111
487
-516
-438
311
-727
-552
-79
62
-321
-274
249
-792
-395
407
-1057
98
57
-540
77
-102
-354
93
-142
-42
-295
166
331
-586
525
-354
103
-131
58
216
-512
470
63
-239
815
-114
-701
703
-212
-61
748
295
-225
164
341
-793
61
300
-627
374
203
-610
-131
-202
-69
-538
139
263
-749
377
-81
-564
297
135
34
168
165
180
-131
186
3
-159
92
-43
272
-40
302
36
187
140
0
448
323
-47
-173
414
-135
191
223
133
247
1
118
-56
101
210
82
19
325
105
-15
4
-88
-100
-86
279
-384
41
6
-444
-427
91
-450
-345
167
-187
-458
16
-14
-667
368
-282
-330
458
-94
-312
429
-457
-183
200
-128
-159
174
279
-450
236
0
-282
75
237
-16
342
268
14
-79
293
-204
-21
547
-158
289
90
-192
141
-152
-3
238
22
219
120
-213
-34
-135
-89
129
387
-3
28
181
-364
-248
-26
115
-4
174
49
34
-340
128
-213
25
453
8
162
287
-110
-94
115
-249
235
361
172
-74
306
-142
-278
-22
-65
209
321
192
155
9
-212
-128
-289
123
-8
-51
-7
-23
-323
-360
-171
-244
-75
118
-182
-251
-230
-416
-465
-216
41
-333
42
114
-517
34
-36
-560
33
77
-292
-62
248
-278
-229
323
-350
-109
446
-253
-6
454
-449
-21
247
-189
102
354
25
-85
467
-149
-113
540
68
-69
573
36
16
516
75
-185
297
318
-291
244
344
-329
5
355
-347
315
551
-311
103
294
-397
-137
456
17
11
403
62
-491
385
133
-356
490
398
-282
150
187
-286
32
352
23
212
394
-100
-127
144
-233
42
204
268
40
66
-113
-350
-114
-28
-56
105
43
-236
-11
-368
-335
-149
-139
-223
-96
-177
-320
-331
-234
-299
-233
41
-124
-128
37
-172
-251
-49
-16
-211
-117
81
-170
-180
190
-150
-195
-49
-176
-36
126
17
-137
159
-13
-115
167
143
-9
234
219
-77
235
90
29
163
47
225
193
229
254
102
199
155
127
291
201
210
309
188
191
332
0
98
344
91
234
195
117
73
44
35
85
62
-30
-2
13
-133
-42
-47
-203
-127
-93
-191
-129
-50
-203
-184
-158
-221
-244
-166
-269
-312
-316
-246
-301
-250
-229
-310
-356
-360
-366
-369
-313
-331
-323
-277
-249
-393
-347
-358
-341
-358
-313
-200
-360
-115
-16
-224
-58
-46
-251
-6
69
81
295
214
233
251
224
241
309
402
428
493
456
356
317
396
430
569
657
1004
1264
1167
1084
663
584
754
958
1217
1453
1297
763
579
515
407
618
734
462
205
-98
-522
-502
-390
-423
-336
-532
-844
-1107
-1270
-1209
-1079
-987
-923
-1092
-1371
-1363
-1294
-1121
-795
-688
-665
-651
-762
-719
-499
-178
-48
123
220
-100
-117
-73
-16
207
476
356
127
104
-204
-320
-43
-215
-256
-142
-429
-476
-554
-679
-573
-442
-324
-188
-218
-382
-405
-287
-58
178
237
269
131
185
228
413
733
645
877
1712
1719
1622
1368
832
1013
1542
2108
2273
2496
1791
965
1039
1338
1327
1682
1473
631
331
-69
-227
-172
244
-21
-381
-492
-1263
-1705
-1251
-1229
-1293
-1012
-1581
-2214
-2187
-2106
-1903
-1229
-1204
-1449
-1378
-1549
-1353
-1013
-443
-103
-27
-17
-110
-102
-62
325
728
922
939
748
426
493
567
584
789
621
286
116
19
-66
-138
-49
-146
-364
-346
-664
-902
-845
-988
-844
-611
-878
-1153
-1131
-1132
-923
-413
-365
-473
-638
-541
-350
34
378
318
240
327
341
453
946
1299
1989
2037
1673
1360
1098
1441
2148
2585
2881
2830
2061
1573
1763
2057
2229
2388
1830
1025
543
233
278
569
664
44
-520
-987
-1552
-1614
-1228
-1343
-1774
-2096
-2697
-2961
-2679
-2423
-2227
-2182
-2459
-2740
-2574
-2254
-1786
-1171
-1041
-909
-875
-783
-414
-22
237
463
707
725
652
868
1116
1183
1502
1424
1155
949
881
906
1041
1281
825
351
244
31
37
333
166
-439
-792
-896
-926
-799
-574
-848
-1129
-1058
-1211
-1051
-738
-646
-728
-614
-474
-590
-470
-211
-74
181
319
258
359
518
1166
1929
1763
1456
1113
1003
1656
2484
2741
2829
2573
1852
1732
2209
2663
2467
2330
1792
1056
793
891
919
1036
920
8
-553
-888
-1201
-1045
-804
-1242
-1894
-2456
-2803
-2685
-2438
-2248
-2349
-2703
-2962
-2941
-2690
-2149
-1849
-1864
-1712
-1662
-1627
-1162
-708
-522
-297
-183
-42
118
456
855
1130
1145
1050
999
1058
1344
1536
1626
1474
1165
930
993
1244
1307
1032
722
298
-33
104
290
187
-76
-561
-855
-773
-663
-551
-599
-834
-1046
-1123
-1003
-740
-737
-741
-659
-635
-576
-309
-80
199
881
971
712
625
572
1106
1778
2166
2185
1997
1759
1682
2049
2643
2608
2232
1902
1340
1332
1641
1617
1509
1241
457
-61
-22
-45
-83
-253
-808
-1439
-1842
-1997
-1856
-1823
-1988
-2355
-2765
-2887
-2790
-2627
-2351
-2287
-2385
-2399
-2348
-2003
-1679
-1389
-1242
-1305
-1322
-1035
-593
-171
116
286
319
252
438
803
1128
1367
1418
1271
1217
1261
1388
1551
1743
1710
1298
1136
1042
962
1091
1097
762
364
227
96
222
362
107
-286
-513
-609
-431
-233
-217
-488
-718
-843
-668
-282
-133
63
180
222
43
36
295
590
1016
1303
1175
1161
1381
1400
1616
1922
1968
1650
1549
1471
1352
1594
1524
1293
1127
872
415
356
472
307
-15
-376
-844
-1212
-1208
-1237
-1350
-1641
-2047
-2379
-2377
-2222
-2189
-2316
-2392
-2546
-2525
-2308
-2075
-1847
-1974
-1975
-1862
-1689
-1438
-946
-830
-833
-580
-422
-298
36
413
396
530
799
871
965
1336
1346
1176
1394
1576
1392
1541
1649
1223
1225
1234
1055
960
986
830
626
625
385
141
68
174
56
44
39
-347
-495
-369
-372
-209
50
57
0
-167
-256
-126
342
672
739
767
698
852
1125
1297
1376
1480
1315
1201
1335
1329
1329
1341
1297
1028
908
765
543
552
503
190
-138
-445
-687
-780
-771
-958
-1274
-1573
-1820
-1816
-1857
-1889
-1990
-2238
-2247
-2141
-2068
-1937
-1835
-1933
-1971
-1795
-1684
-1471
-1189
-1156
-1166
-929
-712
-451
-131
9
-4
131
326
580
811
984
1010
959
1136
1253
1404
1557
1520
1392
1276
1212
1171
1157
1151
961
765
672
519
468
461
299
147
-99
-159
-137
-180
-153
-208
-374
-328
-36
54
49
-149
-234
-90
232
480
544
570
642
748
846
1076
1180
1183
1141
1105
1117
1099
1060
1154
1095
892
883
690
617
631
411
147
-37
-215
-362
-453
-609
-872
-1150
-1318
-1377
-1370
-1503
-1670
-1891
-2033
-2036
-1901
-1801
-1830
-1963
-2108
-2110
-1918
-1650
-1493
-1425
-1459
-1449
-1322
-927
-532
-325
-335
-329
-226
77
475
758
812
809
907
1010
1216
1410
1400
1342
1363
1373
1379
1319
1276
1170
1077
1018
862
735
684
539
430
303
94
82
28
-73
-144
-272
-388
-426
-126
28
-1
-147
-434
-387
-6
308
399
452
348
451
622
906
1052
1150
1212
1010
1063
1163
1221
1354
1368
1203
1074
962
952
979
937
754
425
247
133
12
-112
-302
-585
-869
-1028
-1077
-1220
-1387
-1587
-1826
-1892
-1882
-1818
-1881
-1996
-2176
-2258
-2127
-1936
-1876
-1846
-1845
-1842
-1537
-1275
-1159
-968
-879
-825
-532
-191
87
234
303
357
483
840
1068
1147
1138
1091
1124
1257
1450
1439
1342
1254
1121
1137
1168
1056
895
747
557
422
407
290
250
133
-93
-228
-257
-280
-170
54
-58
-268
-440
-355
-122
180
216
68
170
377
493
638
811
884
932
960
1079
1057
1156
1244
1199
1250
1204
1132
1022
1028
920
766
645
534
374
227
64
-135
-306
-482
-631
-819
-935
-1087
-1318
-1475
-1577
-1643
-1643
-1693
-1813
-1991
-2086
-1989
-1854
-1778
-1831
-1930
-1910
-1726
-1430
-1277
-1231
-1106
-991
-877
-519
-230
-113
-31
35
169
389
684
840
827
825
986
1091
1240
1401
1247
1079
1124
1212
1220
1224
1078
852
742
713
666
677
548
380
207
137
191
163
130
221
237
54
-38
-8
158
265
368
188
167
438
614
638
724
768
729
873
964
994
1024
1094
1004
933
1041
960
864
862
734
578
483
370
270
110
-69
-221
-353
-469
-638
-859
-1002
-1061
-1177
-1309
-1463
-1589
-1683
-1758
-1845
-1913
-1995
-2028
-1976
-1933
-1940
-1932
-1930
-1856
-1581
-1367
-1348
-1260
-1142
-952
-712
-450
-257
-185
-59
106
305
549
765
868
895
977
1108
1234
1320
1295
1222
1155
1254
1352
1246
1108
916
776
814
846
827
712
526
378
341
393
393
382
162
160
318
244
108
108
112
123
237
217
282
469
607
433
448
661
795
892
874
836
772
868
910
869
907
764
600
628
620
528
432
289
141
-28
-133
-155
-262
-468
-659
-897
-1042
-978
-1104
-1344
-1496
-1633
-1673
-1691
-1734
-1761
-1881
-1926
-1853
-1758
-1703
-1690
-1694
-1644
-1452
-1205
-1105
-1065
-850
-702
-578
-328
-26
29
65
270
395
628
848
913
886
895
1049
1134
1187
1241
1126
1059
1130
1144
1028
957
872
818
882
849
741
629
504
395
401
420
376
264
199
307
304
162
154
284
296
300
271
255
436
658
555
397
512
644
660
635
642
569
578
635
614
592
553
438
327
351
335
266
194
54
-125
-303
-374
-433
-530
-700
-923
-1067
-1092
-1134
-1264
-1419
-1495
-1490
-1512
-1542
-1551
-1631
-1684
-1687
-1558
-1494
-1555
-1467
-1478
-1403
-1131
-1042
-1063
-840
-622
-567
-401
1
116
73
326
465
559
778
979
906
868
1029
1040
1083
1193
1138
1076
1111
1112
1049
973
953
880
893
862
787
735
653
557
471
435
504
480
443
575
374
163
252
428
463
439
365
280
442
669
619
448
534
590
561
561
568
557
555
534
443
446
442
349
285
257
159
98
25
-116
-240
-351
-467
-543
-576
-748
-931
-1013
-1051
-1139
-1236
-1322
-1395
-1442
-1455
-1520
-1557
-1562
-1559
-1579
-1549
-1497
-1469
-1366
-1304
-1199
-1082
-964
-880
-760
-568
-439
-374
-144
15
41
165
346
468
544
688
699
693
822
897
926
967
946
919
882
923
939
880
841
796
744
681
664
680
569
461
409
358
399
528
651
459
213
280
483
638
690
521
438
554
697
744
730
719
616
572
621
706
736
687
549
474
531
543
474
450
303
80
79
78
-41
-188
-374
-524
-614
-677
-772
-932
-1061
-1125
-1211
-1312
-1338
-1303
-1354
-1498
-1537
-1430
-1459
-1437
-1356
-1561
-1524
-1292
-1219
-1220
-1015
-956
-1045
-818
-610
-602
-416
-177
-136
-76
88
212
315
528
591
564
699
826
864
927
960
922
939
943
905
953
935
890
827
765
736
749
766
729
683
621
525
541
738
687
474
472
551
538
603
582
450
549
653
523
472
664
665
500
443
443
472
565
579
351
237
281
243
255
237
32
-129
-220
-245
-274
-354
-483
-599
-664
-742
-815
-908
-936
-1036
-1178
-1208
-1179
-1196
-1291
-1326
-1291
-1334
-1355
-1344
-1422
-1407
-1224
-1179
-1269
-1121
-955
-991
-875
-639
-606
-620
-469
-378
-311
-80
77
81
159
318
409
478
625
731
744
823
907
976
1022
979
970
994
1008
1029
1017
974
942
882
832
821
850
840
864
908
763
576
598
707
715
712
600
482
559
684
595
472
515
438
369
401
398
341
273
187
44
73
181
95
-45
-124
-235
-219
-180
-237
-372
-533
-607
-571
-519
-561
-714
-842
-878
-861
-843
-899
-952
-1016
-1016
-1008
-1035
-1000
-1006
-1104
-1061
-995
-978
-862
-830
-877
-877
-780
-717
-669
-602
-585
-551
-419
-318
-292
-198
-106
-8
128
229
248
315
450
498
534
599
657
713
782
831
811
831
914
946
925
942
944
903
881
898
953
1087
1043
829
782
881
945
950
844
689
674
737
698
621
628
530
424
371
345
317
250
174
38
-32
-1
-61
-147
-165
-272
-372
-427
-491
-508
-536
-598
-648
-725
-772
-777
-786
-758
-698
-788
-905
-907
-908
-908
-852
-890
-970
-937
-938
-992
-926
-851
-883
-933
-848
-754
-793
-754
-676
-691
-640
-536
-567
-508
-376
-302
-238
-184
-116
-68
-1
105
195
278
331
358
419
534
639
717
796
839
836
918
1032
1057
1057
1065
1052
1054
1253
1315
1102
1030
1105
1125
1110
1131
1037
939
956
935
812
826
787
621
510
412
363
342
283
114
-45
-104
-158
-204
-208
-329
-485
-576
-634
-632
-615
-665
-769
-834
-808
-729
-708
-717
-735
-734
-778
-745
-621
-607
-644
-680
-694
-693
-590
-534
-641
-709
-683
-644
-601
-515
-538
-652
-652
-576
-535
-500
-480
-555
-599
-533
-427
-368
-342
-339
-357
-296
-198
-92
-4
-3
-1
90
224
370
460
535
588
634
766
889
954
999
996
1051
1211
1240
1210
1223
1248
1281
1307
1319
1294
1259
1171
1054
1013
1029
985
839
644
505
448
427
364
192
3
-143
-288
-361
-373
-480
-659
-796
-870
-886
-889
-892
-951
-1007
-1025
-961
-874
-908
-903
-893
-918
-830
-670
-608
-637
-627
-589
-568
-456
-347
-357
-405
-375
-326
-263
-194
-196
-241
-286
-262
-241
-225
-230
-270
-311
-337
-297
-267
-238
-269
-326
-278
-223
-213
-173
-154
-163
-104
-6
61
130
200
262
303
383
508
618
681
777
866
939
1024
1109
1195
1220
1232
1286
1317
1349
1372
1300
1227
1193
1192
1142
1072
975
842
726
619
564
462
282
155
44
-82
-201
-339
-467
-581
-676
-693
-752
-898
-989
-1072
-1139
-1143
-1076
-1116
-1165
-1152
-1103
-1086
-1019
-939
-948
-913
-861
-819
-762
-667
-647
-614
-515
-414
-360
-276
-250
-250
-153
-96
-62
-47
-59
-66
-55
-22
3
0
26
39
37
50
100
111
70
72
69
63
103
159
180
172
203
270
332
388
440
449
448
511
604
676
745
790
822
853
926
1004
1012
993
975
961
963
969
973
916
841
804
743
712
647
521
408
297
229
155
26
-139
-270
-346
-440
-511
-591
-714
-828
-896
-949
-955
-987
-1059
-1110
-1156
-1130
-1083
-1075
-1077
-1052
-1005
-945
-876
-775
-727
-715
-633
-554
-468
-372
-301
-233
-151
-55
32
95
128
153
178
215
287
333
332
305
307
311
343
370
383
378
354
364
362
403
412
379
363
344
342
366
389
370
335
335
354
365
409
392
378
394
405
415
417
424
405
401
430
423
396
372
344
301
286
285
234
197
148
87
61
38
-2
-51
-122
-184
-200
-239
-275
-310
-392
-463
-467
-468
-519
-563
-602
-624
-632
-608
-565
-574
-597
-620
-632
-586
-540
-487
-455
-449
-408
-368
-327
-250
-181
-143
-131
-102
-18
44
95
145
166
187
214
228
269
292
310
328
327
355
380
377
380
394
375
348
340
324
327
313
286
259
204
195
165
122
110
98
75
48
21
-3
-8
-21
-39
-14
-8
-11
-36
-61
-64
-66
-73
-70
-68
-86
-78
-76
-69
-47
-31
-30
-54
-45
-34
-38
-21
-47
-72
-81
-111
-124
-93
-86
-131
-123
-147
-146
-109
-98
-114
-125
-116
-117
-91
-59
-69
-72
-43
-21
-12
-24
-8
-4
17
31
63
87
101
138
154
155
169
201
221
239
258
272
256
250
251
267
263
257
244
199
179
157
133
119
105
57
32
9
-34
-57
-77
-127
-147
-181
-216
-219
-236
-246
-258
-291
-310
-301
-284
-282
-295
-274
-277
-284
-261
-253
-216
-183
-179
-130
-96
-100
-84
-51
-34
-15
24
23
32
37
37
36
45
58
65
94
86
87
98
108
152
164
136
130
143
135
135
142
110
88
105
122
113
117
141
125
143
168
166
155
176
212
190
199
209
185
171
179
172
172
166
147
162
118
102
105
72
29
-4
-19
-59
-79
-91
-137
-175
-187
-221
-239
-248
-252
-276
-290
-297
-330
-344
-389
-404
-396
-402
-380
-356
-369
-365
-350
-338
-300
-268
-224
-217
-203
-172
-131
-106
-62
-14
8
51
53
83
143
169
176
172
171
212
230
272
302
286
309
337
333
339
348
348
342
331
321
317
289
262
278
262
258
246
210
202
209
221
198
190
172
156
167
143
136
105
85
77
82
52
37
19
2
-3
-26
-33
-29
-26
-66
-73
-88
-90
-90
-131
-179
-197
-230
-282
-301
-326
-356
-372
-377
-396
-388
-393
-401
-401
-393
-366
-374
-374
-368
-373
-371
-347
-335
-325
-301
-292
-273
-245
-209
-156
-99
-78
-23
26
60
117
151
175
213
240
267
308
319
314
304
308
338
347
330
317
313
311
349
391
364
346
340
330
343
344
319
295
259
232
210
197
179
155
143
118
105
105
73
46
51
1
-8
16
-8
-32
-60
-49
-53
-65
-57
-69
-102
-118
-92
-92
-111
-127
-164
-188
-179
-191
-236
-252
-274
-289
-277
-263
-253
-279
-287
-285
-286
-279
-282
-300
-302
-318
-322
-314
-319
-311
-318
-310
-280
-238
-206
-158
-120
-97
-74
-32
12
36
75
77
82
107
141
156
152
156
168
209
213
245
309
310
315
322
330
349
366
379
379
367
365
359
336
316
287
262
256
260
244
242
255
241
203
202
205
184
172
150
120
90
69
23
1
-9
-43
-84
-85
-101
-127
-127
-143
-153
-142
-155
-181
-174
-173
-192
-195
-221
-247
-236
-265
-275
-271
-299
-306
-307
-315
-304
-317
-338
-332
-321
-300
-261
-262
-269
-265
-271
-241
-223
-224
-209
-208
-216
-178
-148
-127
-89
-68
-62
-20
15
50
73
90
109
120
149
168
192
195
210
250
294
320
325
348
350
364
367
356
357
335
321
331
330
322
330
320
312
303
292
278
276
255
241
230
202
193
166
105
55
23
8
-10
-34
-50
-84
-88
-93
-89
-109
-134
-158
-192
-203
-228
-243
-266
-295
-307
-304
-296
-297
-317
-336
-333
-323
-309
-307
-300
-286
-274
-246
-236
-221
-218
-214
-194
-193
-188
-171
-167
-180
-156
-109
-91
-66
-45
-28
6
43
76
98
110
131
122
136
174
176
184
192
209
217
248
263
274
278
284
286
294
321
307
315
330
319
312
319
315
320
299
267
263
245
234
237
209
206
198
163
130
80
35
-5
-49
-64
-79
-101
-113
-137
-159
-178
-193
-220
-241
-265
-273
-276
-305
-314
-340
-370
-391
-396
-407
-407
-401
-405
-392
-372
-356
-341
-319
-319
-266
-242
-242
-211
-228
-230
-195
-180
-153
-131
-130
-110
-79
-24
21
36
53
94
107
148
196
206
204
219
240
249
254
271
294
294
303
321
350
366
372
386
391
424
439
434
412
378
374
348
317
307
266
237
226
191
191
191
170
139
110
98
70
59
41
11
-8
-29
-42
-64
-90
-117
-162
-203
-223
-252
-258
-267
-298
-304
-312
-318
-306
-302
-325
-339
-329
-340
-346
-335
-344
-343
-340
-330
-309
-292
-260
-239
-225
-186
-157
-138
-107
-79
-56
-44
-20
-20
2
36
63
84
100
131
157
174
204
240
260
270
275
290
292
297
297
286
285
285
283
275
265
248
260
262
267
264
236
233
219
184
168
143
117
79
67
42
20
-1
-21
-32
-69
-80
-84
-114
-132
-120
-151
-181
-203
-219
-233
-254
-271
-291
-323
-348
-362
-356
-358
-340
-327
-326
-331
-297
-298
-310
-294
-302
-286
-278
-266
-252
-241
-229
-211
-201
-184
-141
-121
-88
-46
-12
17
46
70
119
147
160
192
190
215
249
263
277
288
287
299
343
355
385
427
417
427
451
475
469
479
460
434
418
388
365
348
339
312
289
278
259
243
212
175
141
118
76
47
28
-12
-32
-59
-87
-97
-140
-166
-177
-201
-229
-253
-255
-278
-285
-302
-314
-331
-346
-362
-366
-364
-371
-368
-381
-391
-398
-381
-374
-356
-344
-324
-301
-283
-266
-232
-212
-222
-204
-194
-180
-156
-124
-116
-98
-72
-40
-7
21
42
73
110
131
160
162
179
204
198
239
263
252
262
270
273
307
315
313
332
339
343
369
381
367
354
319
309
303
293
283
253
218
193
178
155
148
130
118
103
98
73
46
23
-5
-35
-69
-100
-133
-184
-205
-226
-262
-246
-268
-291
-291
-310
-318
-313
-320
-321
-318
-318
-329
-335
-334
-347
-353
-343
-340
-339
-317
-304
-290
-262
-241
-212
-182
-166
-151
-131
-122
-106
-76
-53
-28
-4
31
49
72
111
120
136
172
199
225
254
269
297
318
319
330
325
328
322
322
348
339
336
348
340
327
350
335
321
336
315
319
314
296
281
258
232
221
198
163
146
124
100
86
63
31
11
-6
-43
-71
-87
-125
-159
-181
-205
-233
-243
-276
-288
-307
-320
-322
-318
-315
-313
-318
-324
-308
-313
-311
-319
-323
-323
-328
-331
-330
-304
-297
-289
-242
-222
-198
-167
-149
-123
-87
-76
-49
-29
-31
-23
-31
-22
-2
18
53
91
105
131
154
175
206
223
220
236
226
220
226
217
215
218
207
196
209
197
187
204
203
205
212
199
209
213
206
214
196
176
179
150
128
127
113
84
76
73
51
43
20
22
11
-17
-22
-30
-51
-62
-73
-89
-98
-139
-156
-176
-196
-198
-207
-212
-224
-208
-215
-199
-189
-190
-210
-203
-192
-187
-181
-179
-176
-171
-168
-165
-146
-159
-140
-118
-101
-78
-51
-22
8
13
13
41
37
45
51
59
48
42
65
50
83
102
98
115
131
135
159
177
172
164
156
176
156
147
150
122
118
118
125
131
135
140
136
134
131
119
116
112
113
98
97
90
81
73
79
72
57
61
46
50
53
45
49
36
4
0
-17
-41
-44
-61
-86
-95
-116
-133
-128
-143
-150
-155
-177
-180
-170
-173
-178
-169
-181
-192
-196
-214
-210
-199
-210
-217
-207
-217
-209
-187
-183
-170
-152
-126
-101
-98
-79
-63
-61
-49
-40
-24
-7
0
14
21
24
40
32
44
61
66
81
94
106
115
118
123
135
140
141
137
158
154
150
155
136
130
135
137
146
150
151
162
150
141
160
147
132
128
117
99
91
78
61
61
57
59
66
67
75
79
72
69
59
45
31
6
-7
-14
-26
-34
-33
-40
-57
-70
-68
-76
-70
-76
-94
-103
-116
-136
-150
-140
-160
-156
-142
-152
-132
-123
-121
-121
-119
-116
-109
-100
-92
-75
-81
-69
-64
-68
-69
-78
-65
-63
-62
-45
-34
-18
0
17
20
22
48
56
64
87
97
85
100
111
105
114
116
107
110
109
116
119
95
94
85
59
76
81
67
80
71
61
61
41
25
31
24
7
-13
-23
-47
-60
-50
-46
-43
-31
-43
-54
-49
-65
-63
-65
-65
-82
-94
-105
-114
-94
-104
-86
-72
-94
-70
-58
-76
-51
-36
-54
-43
-29
-24
-24
-4
-7
-13
-5
-4
10
7
1
12
8
-6
11
19
4
14
13
8
8
12
8
11
6
9
32
21
39
48
33
43
44
25
34
46
35
56
68
65
70
75
67
77
86
82
88
87
87
101
103
89
89
85
51
50
55
23
23
17
0
0
-5
-5
-8
-37
-49
-47
-56
-77
-81
-81
-89
-84
-90
-95
-79
-98
-103
-80
-90
-91
-80
-83
-77
-61
-60
-38
-20
-22
-20
-8
-7
0
18
30
42
49
62
66
59
67
69
59
64
75
88
83
86
95
102
106
113
112
114
111
93
77
54
23
-5
-12
-12
-23
-20
-28
-47
-47
-28
-26
-36
-40
-36
-43
-46
-51
-57
-65
-81
-81
-81
-83
-79
-97
-103
-105
-105
-74
-61
-61
-62
-77
-67
-66
-70
-60
-66
-77
-70
-76
-69
-61
-61
-67
-67
-67
-77
-81
-66
-51
-57
-41
-38
-35
-25
-8
-10
-12
8
-8
-13
0
7
16
27
51
66
78
99
109
125
127
123
134
143
155
156
158
168
163
150
163
172
168
175
173
146
158
151
139
143
134
110
115
113
82
78
46
23
3
-23
-25
-41
-60
-53
-57
-61
-66
-69
-75
-82
-75
-84
-98
-108
-122
-127
-113
-111
-109
-108
-117
-112
-98
-94
