-5
-4
-6
-6
-3
-4
-4
-2
0
-2
-3
-1
-1
0
-1
-4
-3
-5
0
6
6
10
7
4
0
7
16
17
19
19
13
12
10
8
5
5
7
5
12
12
9
1
-7
-9
-11
-4
2
3
4
4
5
4
5
1
-1
-2
-8
-8
-13
-13
-13
-16
-13
-6
-3
-4
-4
1
0
2
7
4
3
3
5
6
8
12
10
10
11
7
10
6
3
-1
-7
-7
-5
-1
2
-2
1
-2
-4
4
2
3
3
0
1
-1
-2
-2
-4
-3
-2
0
0
0
3
0
4
-1
-5
-5
-7
-1
3
0
1
3
-3
0
-7
1
1
-1
1
3
2
0
-3
-3
2
-4
-3
-4
-10
-6
-5
-6
-3
-4
-2
-6
-10
1
1
1
-1
-3
-2
-6
-5
-4
-7
-6
-9
-13
-12
-10
-8
-4
-1
1
-1
-1
5
13
11
9
3
-1
-3
1
5
8
11
6
6
11
13
10
14
14
11
11
11
10
4
7
5
3
7
5
6
6
8
9
6
10
7
9
6
4
4
-3
-6
-11
-12
-10
-9
-13
-8
-9
-11
-1
1
-2
-3
-8
-11
-11
-9
-12
-15
-18
-15
-11
-10
-9
-14
-13
-4
-3
4
7
5
6
5
6
5
3
1
-3
3
5
6
5
5
5
6
7
5
7
3
-1
-2
-1
0
0
0
-4
-3
-5
-8
-2
5
10
11
8
8
1
-1
2
4
-1
-3
-7
-9
-8
-8
-5
-2
-2
-5
-4
-4
0
-1
0
2
-4
-3
-5
-2
5
5
5
8
7
6
7
4
5
2
-2
3
6
9
13
14
11
9
6
6
3
-1
0
-3
-5
-2
-5
-7
-7
-4
-6
-1
2
0
2
0
-8
-2
0
-5
-3
-2
2
-1
-8
-4
-7
-8
-2
-2
2
0
-3
-9
-9
-4
-8
-11
-9
-10
-6
-6
0
1
-6
1
5
-2
-1
-8
-13
-12
-6
-3
-1
1
2
-1
2
4
7
9
8
7
8
10
9
8
3
0
-2
1
0
5
9
8
8
5
9
8
11
8
10
8
6
7
11
7
4
4
3
3
6
5
0
1
2
3
1
-1
2
2
1
1
4
1
-5
-8
-10
-7
-5
-4
-4
-2
-4
-6
-8
-15
-11
-6
-6
-1
-2
-6
-5
-4
5
5
7
8
0
2
2
2
9
3
-2
-5
-10
-8
-4
-7
-9
-10
-11
-12
-4
-1
0
-2
-4
-4
3
8
9
8
1
2
-3
-6
-1
-1
-2
-2
0
-3
-1
-3
-2
0
-1
0
3
5
6
3
1
5
-2
-3
2
-3
-3
-1
-3
-4
-11
-6
-3
0
11
10
4
2
-1
-2
-1
-1
-3
-3
-5
-5
-5
-4
-4
-8
-11
-4
-6
-6
0
-6
-10
-9
-8
-7
-4
1
4
2
1
4
5
5
8
3
2
-3
-3
6
5
12
15
14
19
17
11
12
9
11
14
15
18
15
17
15
16
15
12
9
10
8
7
9
8
13
7
8
9
5
5
-3
-5
-5
-5
-10
-14
-12
-12
-11
-10
-9
-10
-7
-5
-6
-6
-7
-11
-16
-20
-19
-22
-22
-16
-13
-14
-17
-12
-11
-12
-12
-12
-11
-10
-11
-7
-5
-5
-8
-11
-13
-12
-8
-8
-6
-1
3
1
2
-2
1
3
2
8
10
10
9
8
4
6
7
10
16
12
16
11
7
10
12
9
6
2
3
6
8
14
11
10
9
6
2
5
4
8
6
4
8
8
5
5
5
6
7
10
12
7
6
4
-1
1
1
0
-4
-5
-1
2
2
-3
-4
-9
-13
-11
-8
-8
-11
-12
-16
-17
-13
-14
-16
-14
-14
-12
-12
-7
-7
-9
-5
-7
-7
1
-1
-2
-4
-9
-6
-10
-5
-2
-5
-5
-3
4
4
5
2
-1
-2
4
6
5
6
6
11
12
13
18
11
10
8
5
11
13
21
22
18
19
17
20
21
17
22
19
19
23
24
22
20
17
15
13
12
9
8
6
5
1
-7
-13
-15
-11
-8
-7
-6
-6
-13
-16
-20
-20
-15
-25
-29
-30
-34
-33
-31
-29
-28
-31
-30
-26
-24
-21
-18
-19
-19
-14
-10
-14
-19
-20
-24
-28
-25
-23
-21
-19
-23
-21
-16
-15
-11
-13
-10
-5
-3
7
11
10
8
7
9
10
15
14
19
19
18
23
24
26
26
30
36
43
48
53
51
45
44
44
43
47
47
45
47
44
45
49
52
42
40
40
40
42
41
38
28
17
7
-4
-10
-15
-15
-16
-26
-27
-34
-41
-45
-50
-50
-45
-41
-42
-48
-45
-47
-53
-55
-57
-64
-69
-68
-65
-59
-53
-55
-47
-43
-41
-33
-33
-34
-34
-38
-35
-32
-24
-18
-27
-24
-26
-27
-21
-11
-5
-2
0
4
14
16
16
22
26
28
29
38
43
43
44
45
49
52
54
54
52
60
63
72
76
74
73
75
82
84
89
89
88
82
81
83
78
81
77
64
62
59
50
44
34
24
13
-2
-8
-18
-19
-25
-37
-44
-53
-66
-77
-85
-86
-89
-93
-92
-95
-91
-95
-99
-95
-102
-102
-104
-103
-96
-92
-96
-96
-92
-86
-85
-84
-75
-74
-64
-57
-47
-43
-40
-33
-27
-26
-30
-23
-17
-12
-7
-4
-6
-7
-8
-7
2
6
4
9
21
33
36
43
58
61
70
73
78
91
85
85
88
80
88
99
101
109
111
121
127
128
139
151
155
163
166
167
164
154
149
137
127
117
102
85
59
37
20
-7
-22
-32
-41
-51
-59
-65
-70
-76
-76
-84
-87
-93
-100
-105
-109
-113
-121
-127
-135
-134
-132
-130
-125
-132
-132
-127
-128
-130
-125
-122
-117
-117
-121
-112
-106
-111
-109
-101
-96
-89
-83
-73
-69
-60
-50
-48
-40
-40
-34
-20
-14
-1
12
7
-1
7
15
22
32
37
47
53
64
72
72
82
83
89
102
113
119
125
130
134
131
137
149
146
152
161
168
181
196
211
217
214
216
208
199
193
177
167
165
162
146
124
82
37
-3
-36
-47
-53
-72
-90
-114
-133
-137
-140
-140
-140
-150
-154
-145
-137
-121
-124
-130
-146
-159
-161
-160
-141
-135
-136
-136
-150
-161
-162
-168
-159
-151
-158
-161
-169
-176
-165
-155
-152
-143
-138
-124
-112
-97
-83
-77
-68
-59
-50
-29
-3
14
25
28
29
31
27
36
51
59
62
62
60
64
68
72
78
73
82
98
113
138
145
148
146
137
142
155
169
184
185
183
183
191
209
211
223
228
233
243
249
281
310
338
328
286
244
218
205
208
227
249
244
179
87
1
-61
-96
-114
-120
-126
-152
-180
-206
-229
-236
-264
-300
-327
-326
-315
-303
-273
-266
-273
-287
-306
-299
-274
-229
-204
-207
-224
-244
-254
-245
-221
-195
-177
-186
-219
-245
-252
-236
-211
-201
-192
-177
-180
-163
-137
-116
-106
-116
-119
-101
-69
-28
0
17
33
27
54
82
106
134
155
148
146
157
170
176
188
190
174
168
157
153
155
168
172
156
167
187
209
248
273
281
277
280
287
300
310
309
297
281
273
272
276
289
284
277
277
285
322
378
434
458
397
321
265
239
253
292
356
381
295
133
-21
-110
-141
-168
-188
-216
-270
-338
-389
-404
-408
-450
-531
-597
-604
-581
-538
-482
-465
-460
-480
-505
-492
-452
-428
-387
-360
-338
-326
-330
-327
-340
-347
-348
-338
-286
-210
-172
-148
-179
-260
-308
-332
-302
-229
-178
-143
-139
-148
-144
-146
-117
-75
-34
1
46
99
131
185
200
207
230
250
281
306
328
339
319
293
276
285
293
297
322
340
316
310
306
314
329
333
351
355
344
381
413
411
422
416
412
399
422
438
419
408
352
321
307
305
320
320
305
263
219
231
282
366
396
342
281
200
152
163
210
290
331
268
131
-62
-212
-302
-371
-391
-424
-488
-568
-666
-708
-759
-789
-835
-887
-903
-865
-809
-735
-676
-671
-659
-680
-661
-612
-543
-471
-450
-421
-351
-318
-281
-261
-299
-310
-297
-265
-198
-67
4
-43
-144
-215
-270
-226
-121
-40
34
39
-6
-44
-39
-12
54
110
149
194
250
280
310
325
323
349
360
378
403
436
438
413
382
372
374
399
424
413
405
373
357
357
379
415
437
434
432
429
436
464
507
495
471
425
374
374
422
437
406
369
291
237
208
215
220
201
160
87
57
64
54
63
97
112
151
179
208
247
166
123
111
115
206
287
293
204
46
-132
-284
-364
-364
-395
-463
-593
-760
-875
-951
-962
-963
-978
-1021
-1039
-1040
-1002
-942
-909
-852
-823
-800
-725
-632
-531
-438
-385
-362
-348
-358
-355
-294
-244
-207
-203
-175
-135
-138
-151
-182
-211
-197
-173
-111
-61
-35
-62
-71
-70
-42
11
73
100
126
167
211
264
300
353
403
467
549
628
683
705
665
620
593
625
691
697
686
628
578
540
516
548
572
589
564
496
495
513
511
564
568
531
556
531
502
512
506
469
388
357
335
335
352
307
260
209
138
96
81
79
57
3
-36
-96
-89
-63
26
139
183
184
112
66
49
99
189
288
357
347
191
-9
-185
-318
-395
-426
-440
-532
-684
-879
-1042
-1182
-1270
-1301
-1325
-1324
-1328
-1305
-1291
-1327
-1326
-1291
-1253
-1126
-960
-824
-714
-671
-627
-606
-552
-438
-338
-256
-244
-219
-210
-181
-151
-147
-138
-161
-159
-134
-92
-49
-52
-58
-70
-68
4
78
147
219
246
289
342
437
545
658
743
804
846
873
900
936
1000
1040
1029
1015
995
938
867
836
811
748
731
705
669
631
614
615
559
504
483
462
497
515
524
544
542
530
498
477
493
484
405
366
337
305
277
256
208
168
109
50
44
4
-4
-22
-74
-86
-86
-149
-165
-150
-97
-20
50
76
77
72
17
-8
-11
22
60
67
-19
-103
-244
-407
-516
-633
-696
-752
-829
-944
-1066
-1221
-1349
-1417
-1487
-1521
-1506
-1569
-1583
-1600
-1648
-1571
-1450
-1313
-1199
-1129
-1060
-992
-910
-790
-626
-465
-347
-255
-240
-169
-122
-63
-7
72
116
95
76
53
90
91
155
262
261
283
299
306
359
424
531
660
718
792
828
883
945
941
1006
1040
1088
1092
1070
1043
1029
993
1017
1071
1087
1082
979
890
807
782
778
817
836
814
747
610
533
544
483
566
609
597
616
568
508
499
454
460
530
523
516
384
312
283
207
176
180
165
97
6
-95
-177
-240
-233
-277
-265
-288
-364
-399
-424
-442
-445
-397
-354
-294
-263
-314
-396
-445
-461
-459
-379
-280
-220
-305
-471
-583
-747
-859
-909
-949
-953
-1011
-1133
-1299
-1422
-1512
-1580
-1537
-1506
-1451
-1442
-1446
-1434
-1384
-1302
-1207
-1077
-945
-812
-756
-678
-612
-488
-342
-214
-101
-30
45
4
21
95
227
354
400
379
303
258
254
314
372
463
462
456
471
483
518
590
603
672
746
749
797
832
936
1051
1061
1099
1081
1000
1003
1049
1059
1024
1080
1135
1109
1009
901
899
867
824
812
862
886
828
693
541
513
505
573
681
732
736
704
571
534
576
560
608
610
656
622
458
331
227
152
74
64
6
-41
-96
-174
-318
-428
-497
-503
-489
-475
-441
-528
-575
-631
-672
-639
-617
-627
-683
-688
-686
-645
-588
-526
-551
-615
-712
-813
-865
-951
-1009
-1110
-1246
-1300
-1383
-1435
-1472
-1487
-1511
-1649
-1662
-1646
-1677
-1622
-1619
-1615
-1538
-1422
-1281
-1173
-1009
-944
-890
-777
-699
-528
-338
-212
-103
-15
73
160
276
399
417
484
527
580
691
729
804
762
722
785
793
871
1017
1083
1146
1133
1093
1114
1192
1357
1470
1507
1525
1541
1557
1547
1556
1585
1651
1741
1766
1781
1754
1683
1538
1451
1448
1486
1477
1452
1372
1182
998
816
776
757
669
553
449
333
213
103
9
-72
-159
-270
-313
-305
-306
-508
-641
-742
-794
-762
-879
-904
-932
-1024
-1143
-1224
-1255
-1223
-1179
-1133
-1019
-1024
-1067
-1103
-1094
-991
-796
-678
-630
-702
-775
-680
-608
-428
-232
-189
-269
-447
-624
-677
-638
-630
-663
-776
-947
-1125
-1217
-1275
-1333
-1342
-1403
-1474
-1528
-1542
-1560
-1595
-1546
-1472
-1309
-1192
-1130
-1050
-952
-752
-580
-411
-265
-134
17
155
243
420
630
796
863
948
1013
1029
1069
941
955
1062
1097
1143
1171
1228
1256
1258
1231
1285
1338
1363
1384
1421
1506
1485
1546
1606
1618
1452
1331
1347
1432
1416
1333
1295
1232
1209
1056
1070
1128
1039
895
800
761
726
621
447
336
245
143
159
75
138
141
-82
-199
-278
-299
-232
-245
-167
-152
-287
-463
-535
-592
-600
-524
-517
-535
-585
-583
-643
-681
-667
-835
-828
-783
-691
-570
-427
-350
-437
-475
-631
-635
-517
-346
-237
-272
-265
-437
-563
-584
-555
-512
-514
-668
-968
-1211
-1383
-1478
-1479
-1463
-1597
-1774
-1926
-2103
-2055
-1887
-1756
-1748
-1856
-1871
-1801
-1633
-1392
-1186
-1065
-921
-837
-719
-508
-182
82
249
390
418
600
832
948
1099
1238
1301
1310
1234
1220
1350
1438
1507
1564
1562
1446
1344
1332
1382
1533
1610
1590
1478
1349
1349
1420
1516
1635
1724
1672
1482
1348
1248
1285
1538
1664
1484
1284
1114
929
854
952
1115
1098
917
637
409
388
288
380
398
314
116
-170
-325
-315
-134
-80
-162
-329
-509
-672
-651
-542
-466
-483
-691
-855
-709
-651
-851
-978
-1111
-1038
-807
-566
-569
-438
-464
-947
-1083
-937
-530
-152
-118
-597
-935
-947
-948
-775
-652
-682
-1021
-1386
-1674
-1718
-1470
-1500
-1633
-1958
-2131
-2177
-2283
-2176
-2010
-1950
-1930
-1967
-1983
-1797
-1656
-1463
-1226
-1011
-857
-730
-681
-549
-173
161
390
569
690
813
965
1083
1270
1439
1484
1384
1341
1443
1612
1743
1706
1643
1553
1480
1558
1568
1625
1617
1539
1457
1330
1293
1344
1418
1422
1368
1346
1349
1282
1304
1328
1346
1383
1381
1376
1337
1300
1197
1225
1291
1276
1181
954
783
735
841
874
853
757
579
421
255
242
318
358
252
-32
-291
-402
-391
-375
-380
-503
-703
-845
-886
-893
-846
-841
-967
-1087
-1144
-1055
-832
-683
-620
-642
-787
-1005
-1081
-968
-748
-580
-488
-734
-1071
-1359
-1526
-1472
-1427
-1417
-1541
-1926
-2334
-2512
-2578
-2448
-2356
-2402
-2471
-2613
-2728
-2600
-2451
-2203
-1921
-1819
-1764
-1600
-1279
-991
-763
-469
-165
20
282
479
643
899
1170
1304
1382
1513
1556
1583
1682
1815
1890
1924
1804
1546
1520
1643
1650
1640
1494
1273
1245
1246
1323
1476
1529
1473
1323
1234
1314
1341
1506
1606
1578
1548
1488
1434
1505
1590
1592
1550
1480
1409
1349
1350
1344
1272
1220
1181
1029
1017
927
935
799
728
664
434
411
317
368
211
107
6
-124
-138
-292
-542
-776
-734
-768
-808
-890
-1043
-1042
-1050
-1079
-919
-633
-433
-546
-862
-1080
-1056
-858
-779
-680
-515
-628
-959
-1388
-1569
-1464
-1322
-1452
-1748
-2087
-2428
-2687
-2836
-2833
-2729
-2802
-3075
-3255
-3321
-3219
-3002
-2765
-2631
-2477
-2304
-2160
-2017
-1521
-912
-591
-483
-476
-278
180
784
1115
1322
1633
1529
1250
1334
1563
1853
2240
2110
1659
1472
1371
1381
1632
1785
1639
1355
1057
1005
1169
1422
1509
1280
1132
1139
1147
1291
1474
1629
1648
1649
1566
1417
1581
1714
1795
1989
1984
1819
1563
1329
1398
1763
1924
1766
1434
1047
913
1021
1243
1389
1322
1070
675
487
504
712
800
785
626
286
174
-20
-114
47
92
-130
-327
-535
-697
-648
-616
-702
-820
-834
-751
-537
-430
-577
-816
-959
-964
-928
-702
-440
-402
-745
-1197
-1574
-1785
-1702
-1729
-1874
-2083
-2480
-2951
-3235
-3205
-3102
-3032
-3146
-3423
-3640
-3629
-3423
-3191
-2973
-2805
-2687
-2621
-2396
-2011
-1573
-1194
-798
-355
-193
-43
211
524
1123
1627
1607
1460
1619
1650
1580
1809
1872
1811
1820
1563
1232
1215
1264
1206
1274
1248
1036
806
747
778
1016
1305
1297
1073
936
1186
1345
1485
1670
1639
1573
1638
1651
1662
1900
2009
1918
1865
1810
1627
1569
1727
1833
1881
1732
1320
938
939
1031
1141
1160
1031
788
556
441
454
583
710
645
458
365
266
226
195
150
61
118
28
-141
-78
-170
-279
-268
-142
66
343
316
-81
-553
-686
-503
-232
92
113
-94
-497
-1030
-1360
-1385
-1251
-1251
-1496
-1973
-2587
-3070
-3207
-3116
-2950
-2925
-3309
-3810
-4039
-3946
-3570
-3191
-2930
-2855
-2923
-2833
-2555
-2112
-1488
-1052
-833
-678
-579
-413
-49
474
923
1248
1266
964
881
1112
1433
1596
1633
1303
858
668
565
727
867
821
592
360
268
273
409
651
722
682
629
518
494
779
1081
1266
1414
1473
1398
1402
1603
1809
2071
2302
2151
1831
1762
1775
1805
2020
2066
1888
1715
1333
1042
1093
1252
1380
1366
1123
854
731
742
840
1077
1051
875
681
534
551
664
764
835
858
605
460
439
419
605
545
467
536
645
808
770
386
-30
85
267
604
812
616
150
-399
-902
-1218
-1088
-1037
-1218
-1810
-2595
-3119
-3274
-3189
-3126
-3272
-3589
-4007
-4239
-4344
-4132
-3782
-3558
-3389
-3380
-3291
-3034
-2614
-2138
-1570
-1115
-902
-835
-750
-371
131
554
823
812
707
694
792
986
1188
1163
911
625
438
414
463
412
203
38
-83
-292
-313
-185
-81
144
240
146
180
326
575
938
1226
1403
1430
1374
1500
1754
2038
2311
2346
2221
2186
2197
2179
2232
2217
2186
2188
2174
1984
1718
1540
1400
1385
1513
1495
1385
1239
1165
1161
1213
1276
1347
1392
1453
1412
1281
1230
1168
1112
1157
1203
1111
1058
804
666
624
693
970
1140
979
712
374
-11
-26
128
342
546
350
-327
-939
-1270
-1496
-1442
-1433
-1694
-2120
-2801
-3561
-3871
-3777
-3712
-3729
-3991
-4378
-4620
-4689
-4509
-4054
-3651
-3571
-3569
-3552
-3334
-2868
-2357
-1839
-1460
-1231
-1084
-766
-251
185
618
793
718
764
825
929
1127
1256
1213
1006
701
488
385
380
389
258
75
-139
-314
-264
-22
141
226
262
190
232
476
731
996
1323
1570
1691
1874
2004
2091
2406
2681
2847
2955
2886
2685
2625
2631
2607
2573
2560
2401
2174
2081
1909
1714
1654
1666
1672
1625
1484
1357
1279
1215
1174
1169
1255
1373
1248
1141
1024
949
976
1021
1006
862
845
605
413
432
278
272
613
628
432
275
-336
-631
-434
-96
201
240
-273
-970
-1323
-1745
-1925
-1806
-1944
-2294
-2805
-3524
-4005
-4067
-3985
-3847
-3863
-4110
-4477
-4827
-4848
-4439
-3967
-3679
-3501
-3440
-3295
-2907
-2496
-1887
-1270
-895
-713
-545
-364
21
537
1067
1403
1327
1092
896
1038
1387
1684
1608
1283
844
348
118
186
316
327
118
-358
-662
-568
-343
-6
262
279
165
172
349
723
1253
1578
1758
1787
1742
1885
2091
2404
2816
2977
3008
2861
2597
2511
2595
2767
2839
2743
2457
2090
1852
1698
1779
1837
1609
1466
1318
1131
1169
1252
1242
1284
1357
1166
1063
1253
1253
1297
1322
1216
1124
1110
1064
1014
1019
953
766
739
991
1027
990
775
256
-115
-137
-3
122
332
163
-379
-957
-1594
-2022
-1995
-1842
-2022
-2573
-3313
-3998
-4213
-4136
-4047
-4050
-4349
-4760
-5020
-4997
-4698
-4309
-4087
-3926
-3735
-3527
-3251
-2950
-2469
-1829
-1289
-1041
-865
-630
-265
258
781
1066
1067
928
738
718
1020
1240
1278
1076
549
165
-22
-3
-23
-70
-156
-315
-462
-576
-498
-385
-223
-8
139
143
229
447
814
1344
1775
1923
1984
2099
2365
2781
3153
3310
3383
3295
3077
3043
3076
3116
3079
2921
2678
2445
2309
2217
2000
1838
1690
1511
1423
1344
1259
1234
1237
1247
1149
1154
1135
1154
1300
1431
1427
1366
1361
1285
1191
1191
1118
973
911
683
544
926
1094
1160
975
369
-101
-376
-215
79
309
155
-432
-1067
-1763
-2309
-2358
-2096
-2025
-2394
-3240
-4080
-4534
-4527
-4200
-4058
-4200
-4630
-5143
-5324
-5051
-4564
-4164
-3803
-3541
-3400
-3150
-2831
-2400
-1814
-1209
-751
-600
-512
-409
11
601
1165
1533
1425
1278
1071
909
1060
1249
1244
969
458
-66
-198
-198
-256
-257
-399
-551
-732
-884
-893
-615
-285
-37
168
265
355
533
950
1483
1960
2274
2318
2299
2469
2788
3213
3485
3640
3564
3314
3216
3128
3098
3060
2896
2579
2306
2004
1770
1661
1532
1383
1238
1093
890
842
890
961
1095
1101
999
1051
1145
1209
1434
1557
1576
1465
1319
1240
1238
1252
1150
1027
972
1284
1414
1314
1112
499
-24
-108
108
296
481
131
-547
-1136
-1824
-2304
-2251
-2012
-2147
-2647
-3470
-4253
-4585
-4596
-4363
-4086
-4162
-4612
-5111
-5260
-4895
-4335
-3908
-3617
-3445
-3290
-3036
-2770
-2295
-1613
-1063
-683
-492
-162
-9
77
483
918
1338
1396
1070
763
883
1148
989
839
577
340
154
-107
-382
-482
-518
-719
-865
-968
-997
-1038
-941
-629
-300
-62
73
224
536
1087
1602
1923
2272
2501
2634
2837
3082
3436
3660
3691
3593
3398
3281
3155
3083
3049
2806
2482
2175
1889
1801
1669
1471
1225
922
702
652
691
841
982
965
916
922
924
1047
1277
1342
1451
1551
1477
1457
1457
1342
1270
1246
1252
1337
1739
1781
1690
1227
304
-257
-149
432
888
903
207
-630
-1414
-2087
-2334
-2091
-1848
-2135
-2978
-4060
-4814
-4951
-4624
-4192
-3967
-4266
-4935
-5456
-5426
-4783
-4103
-3642
-3340
-3220
-3122
-2921
-2638
-2041
-1326
-727
-344
-272
-170
-981
188
2795
2447
1135
1263
532
113
1279
1858
1971
2522
1293
-599
-924
-874
-656
-399
-283
-464
-856
-1720
-2493
-2027
-726
-259
-808
-879
-621
-449
-74
446
1174
1926
2422
2213
2175
2542
2803
3285
4095
4391
4109
3471
2768
2932
3778
3969
3417
2621
1805
1369
1485
1742
1864
1539
818
190
-123
25
341
487
758
1009
733
552
553
677
1306
2054
2171
1866
1708
1308
1327
1791
2179
2143
1966
1828
2000
2442
1917
936
294
276
628
825
759
372
-326
-1399
-2344
-2682
-2495
-2241
-2521
-3267
-4102
-4957
-5473
-5206
-4607
-4269
-4426
-5026
-5520
-5470
-5002
-4446
-3807
-3218
-2919
-2747
-2595
-2333
-1806
-1130
-412
120
326
348
236
396
797
1321
1470
1696
1724
1416
1058
499
632
900
1158
904
384
-346
-988
-1148
-1264
-937
-784
-810
-1241
-1832
-2111
-1761
-1014
-329
160
174
-11
94
549
1362
2188
2690
2739
2790
2814
3012
3492
3866
4075
4053
3870
3432
3072
2923
2954
2917
2673
2149
1582
1045
896
1121
1117
775
231
-239
-387
-41
205
674
936
693
572
593
820
1311
1860
2053
2095
1926
1596
1503
1690
2049
2188
2415
2575
2706
2175
981
85
49
656
986
1017
605
-11
-1063
-2505
-3142
-2795
-2277
-2289
-2989
-4102
-5216
-5917
-5858
-5056
-4232
-4216
-4869
-5448
-5657
-5226
-4441
-3702
-2957
-2435
-2187
-2090
-1941
-1510
-853
-42
762
1281
1332
970
749
1022
1567
1996
2065
1729
1229
652
596
1034
926
382
-242
-626
-753
-640
-808
-918
-747
-1031
-1650
-1860
-1593
-1111
-610
-477
-474
-453
-304
130
700
1521
2068
2131
2164
2462
2856
3107
3399
3668
3729
3722
3447
2922
2943
3058
2853
2640
2314
1624
1021
774
649
751
783
473
110
-196
-329
-177
-63
180
610
841
929
970
915
1056
1392
1842
2206
2432
2212
1832
1831
1836
2041
2284
2010
2098
2553
2751
2179
1180
54
-358
146
600
883
879
32
-1577
-2891
-3459
-3209
-2694
-2503
-2800
-3925
-5297
-6208
-6164
-5166
-4197
-4070
-4491
-4911
-5310
-5167
-4359
-3396
-2359
-1598
-1413
-1481
-1327
-1184
-722
349
1337
1888
1847
1276
868
934
1231
1655
2066
1822
1217
501
77
148
57
-166
-463
-994
-1363
-1199
-1210
-1315
-1288
-1458
-1753
-1608
-1165
-871
-406
-26
178
390
596
994
1615
2235
2712
3110
3355
3281
3276
3436
3613
3731
3654
3387
3072
2835
2498
2176
1960
1813
1553
1118
628
194
-100
-88
20
48
66
-114
-484
-558
-254
241
848
1254
1268
1426
1453
1471
1781
2144
2325
2628
2631
2141
1958
1788
1650
1596
2004
2484
2933
2653
1072
-459
-818
-283
325
806
891
501
-924
-2905
-4210
-3978
-2859
-2311
-2355
-3434
-4878
-6283
-6646
-5605
-4242
-3414
-3854
-4510
-4786
-4722
-4415
-3475
-2039
-1090
-634
-600
-697
-712
-470
136
1231
2286
2484
2109
1439
978
868
1014
1381
1610
1480
671
-69
-476
-981
-1252
-1242
-1227
-1243
-1370
-1770
-1884
-1821
-1954
-1845
-1323
-925
-674
-284
-32
201
714
1110
1539
2436
2895
2766
2753
3044
3375
3449
3389
3457
3369
2993
2634
2328
2121
2013
1708
1206
997
756
315
-94
-321
-221
-85
-184
-182
-59
24
114
145
346
761
1365
1820
2201
2316
2158
2012
2105
2567
3128
3207
2693
2253
1968
1745
1812
1999
2402
2827
3035
2086
486
-714
-744
-38
694
1075
1074
382
-1453
-3491
-4194
-3376
-2300
-1942
-2434
-3586
-5025
-6201
-6330
-5153
-3797
-3415
-3769
-4244
-4523
-4643
-4346
-3247
-1883
-635
-376
-577
-538
-665
-495
219
1221
2058
2213
1838
1406
948
384
-2
320
834
1021
496
-607
-1709
-2046
-2020
-1823
-1585
-1214
-1648
-2219
-2566
-2397
-1977
-1628
-319
-360
330
1052
87
-99
755
1599
2157
2895
3204
3190
2968
2752
2797
2948
3420
2916
2754
2648
2099
1714
1262
1267
1424
1372
867
57
-217
-272
-319
-352
255
385
255
441
545
559
578
757
1028
1858
2590
2687
2766
2677
2145
2258
2588
2889
3140
3030
2466
1870
1594
1357
1796
2885
3702
2866
1224
-449
-1292
-734
487
1430
1631
1072
-979
-3441
-4439
-4090
-3029
-2126
-1948
-2795
-4319
-5934
-6628
-5799
-4285
-3267
-3095
-3182
-3526
-4002
-4005
-3315
-2017
-756
178
601
734
692
130
-57
744
1777
2398
2514
1968
1209
-33
-688
-837
-488
-112
-337
-998
-1768
-2422
-3325
-3565
-3093
-2320
-1690
-1567
-2409
-2841
-2655
-2157
-1005
353
1073
1098
755
642
1050
1709
2584
3483
3700
3483
3119
2444
2444
2719
2998
3004
2599
2051
1398
584
41
101
262
299
226
82
-380
-839
-1076
-940
-314
565
1241
1546
1395
1078
1150
1649
2327
3103
3594
3724
3526
3195
2895
2758
2850
3021
3211
2941
2376
1590
933
470
789
1717
2771
2779
1240
-602
-1768
-1817
-999
439
1588
1637
27
-2341
-4027
-4349
-3585
-2618
-1970
-2000
-2964
-4499
-5593
-5548
-4696
-3847
-3169
-2517
-2265
-2506
-3037
-3183
-2520
-1405
-135
1057
1747
1491
410
-326
-188
527
1550
1986
1754
1053
-203
-1303
-1829
-1816
-1560
-1380
-1386
-1756
-2549
-3447
-4002
-3812
-2897
-2007
-1487
-1414
-1502
-1620
-1310
-477
514
1426
1952
2110
2288
2455
2589
2795
3107
3323
3431
3192
2629
2197
1731
1394
1161
1137
1093
727
183
-379
-796
-932
-768
-335
-27
243
290
87
112
381
925
1673
2396
2816
2922
2783
2622
2637
2769
3080
3495
3619
3362
2866
2184
1790
1706
1602
1552
1298
816
338
41
-231
222
1081
1665
1711
856
-228
-638
-499
60
1145
2087
2047
912
-980
-2548
-3060
-2940
-2397
-1901
-1928
-2904
-4341
-5568
-5785
-5237
-4633
-3963
-3279
-3024
-3190
-3360
-3320
-2736
-1833
-770
335
1142
1373
983
543
416
592
1049
1644
1855
1535
760
-262
-1169
-1846
-2076
-1877
-1672
-1760
-2263
-2888
-3444
-3804
-3787
-3315
-2506
-1644
-1058
-761
-378
-233
-141
321
1150
2215
3109
3502
3608
3381
2959
2865
3058
3293
3364
3059
2459
1813
1128
587
260
45
-189
-358
-436
-515
-695
-902
-926
-603
-223
30
367
771
1162
1737
2251
2530
2754
2845
2899
2916
3288
3608
3750
3877
3471
2783
2384
2127
1967
2003
1727
1266
862
340
102
688
1614
2174
1657
386
-794
-1038
-578
357
1643
2220
1506
-338
-2122
-3126
-3340
-2928
-2504
-2113
-2311
-3297
-4468
-5308
-5514
-5335
-4690
-3640
-2712
-2544
-2824
-3106
-3091
-2625
-1730
-494
577
1209
1182
819
566
341
255
568
1118
1462
1292
616
-332
-1407
-2149
-2329
-2094
-1715
-1704
-2188
-2828
-3274
-3530
-3298
-2691
-1936
-1319
-827
-402
19
543
933
1172
1503
2160
2716
3273
3627
3426
3113
2689
2348
2174
2058
1893
1506
1054
611
174
-206
-479
-778
-897
-790
-592
-503
-548
-678
-651
-367
-72
492
1170
1712
2173
2458
2438
2547
2645
2797
3135
3559
3795
3696
3519
3060
2415
2000
1699
1643
1603
1552
1267
895
417
418
1052
1872
2210
1667
693
-3
-139
121
1056
2101
2368
1623
59
-1519
-2609
-3020
-2858
-2453
-2037
-2309
-3259
-4301
-5107
-5619
-5558
-4912
-3875
-2857
-2464
-2533
-2789
-2887
-2567
-1782
-509
681
1357
1466
1208
759
486
510
704
1121
1456
1304
845
37
-933
-1770
-2287
-2313
-2199
-2164
-2304
-2572
-2972
-3405
-3609
-3479
-3054
-2339
-1409
-629
-19
342
298
306
618
1260
2074
2843
3292
3199
2815
2444
2125
1945
2033
2016
1923
1683
1150
519
-81
-654
-924
-752
-400
-245
-229
-392
-712
-829
-675
-242
451
1311
1913
2362
2619
2416
2110
2130
2559
3185
3920
4305
4119
3560
2803
2142
1932
2108
2275
2284
1974
1332
740
687
1171
1927
2278
1894
1069
325
-239
-249
523
1491
2037
1641
516
-883
-2150
-2951
-3105
-2664
-2064
-1921
-2366
-3128
-4025
-4918
-5320
-5031
-4259
-3305
-2581
-2366
-2462
-2692
-2754
-2384
-1621
-630
223
805
1122
972
746
503
242
391
636
985
1054
658
-12
-869
-1514
-1766
-1760
-1753
-1878
-2022
-2280
-2523
-2697
-2815
-2713
-2512
-2197
-1591
-1016
-575
-220
-94
-39
164
483
829
1308
1809
2060
2196
2242
2051
1828
1597
1413
1329
1536
1655
1539
1307
821
286
85
137
304
609
642
460
282
187
307
632
1008
1430
1791
1926
1970
1843
1727
1721
1880
2268
2722
2922
2687
2272
1743
1433
1466
1641
1681
1583
1334
1011
1298
1771
2038
1903
1524
1143
886
789
941
1583
1930
1944
1439
681
39
-792
-1541
-1842
-1746
-1580
-1561
-1783
-2265
-3011
-3875
-4467
-4573
-4293
-3877
-3422
-3037
-3018
-3079
-3171
-3134
-2959
-2573
-1966
-1399
-791
-419
-281
-281
-247
-280
-103
142
265
399
440
407
289
58
-190
-352
-515
-623
-557
-394
-422
-543
-664
-882
-1056
-1132
-1200
-1057
-750
-582
-582
-627
-766
-894
-880
-618
-386
-4
396
550
652
619
439
422
697
977
1358
1631
1622
1480
1348
1296
1369
1612
1756
1803
1789
1674
1524
1420
1369
1457
1550
1471
1374
1258
1136
939
913
1069
1251
1387
1389
1198
1014
922
959
1187
1568
1758
1854
2316
2719
2776
2651
2478
2259
2118
2089
2409
2931
3177
2750
2030
1370
707
-107
-817
-1129
-1237
-1334
-1521
-1740
-2080
-2854
-3855
-4658
-4874
-4680
-4288
-3711
-3395
-3448
-3603
-3728
-3664
-3526
-3303
-2771
-2044
-1403
-955
-783
-882
-1103
-1210
-1078
-657
-104
254
312
197
35
-231
-444
-505
-464
-274
-33
61
51
44
-96
44
109
-85
-58
-7
-157
-118
228
265
262
211
-258
-581
-338
-326
-196
279
274
170
161
-62
-369
-156
62
59
616
1004
1004
1153
1164
888
950
1284
1485
1801
1917
1679
1515
1462
1388
1509
1779
1713
1563
1466
1229
1089
1167
1158
1158
1223
1102
859
834
865
851
1177
1340
1303
1462
1807
2202
2440
2415
2388
2399
2256
2072
2260
2816
3148
2936
2416
1753
1151
300
-567
-903
-1032
-1136
-1295
-1579
-2137
-2855
-3612
-4296
-4533
-4373
-4131
-3783
-3509
-3444
-3403
-3364
-3472
-3567
-3401
-2948
-2220
-1596
-1225
-1059
-1019
-1148
-1230
-1176
-903
-521
-216
36
23
-117
-265
-406
-313
-218
-63
158
165
302
253
189
203
39
-144
-145
10
98
207
182
-57
-224
-321
-428
-437
-307
-160
-60
-38
-107
-198
-199
-242
-182
13
147
322
518
616
770
928
942
975
1171
1498
1701
1848
1883
1737
1627
1530
1579
1771
1966
1909
1729
1532
1199
996
973
1008
1081
1213
1182
1141
1152
1007
913
931
969
1033
1372
1887
2265
2576
2515
2303
2232
2001
1721
1922
2475
2812
2913
2518
1836
1183
317
-663
-1047
-950
-957
-947
-1237
-1841
-2524
-3308
-4063
-4423
-4273
-4017
-3579
-3205
-3206
-3313
-3439
-3724
-3896
-3534
-3009
-2392
-1749
-1522
-1479
-1372
-1394
-1475
-1377
-1084
-769
-408
-100
4
75
179
27
-99
-85
-104
57
220
347
344
357
255
32
-110
-225
-233
-123
-13
23
39
77
-65
-277
-381
-414
-294
-163
-27
175
310
333
224
160
106
209
553
940
1245
1411
1427
1262
1167
1196
1289
1463
1667
1691
1557
1445
1302
1275
1305
1372
1481
1502
1413
1167
915
806
768
742
948
1166
1238
1226
1107
935
861
912
1013
1299
1855
2308
2621
2592
2278
2019
1641
1358
1625
2148
2673
2769
2355
1672
840
-8
-743
-1082
-1019
-915
-977
-1220
-1695
-2365
-3017
-3687
-4056
-3990
-3747
-3299
-3013
-2947
-3046
-3196
-3377
-3429
-3291
-2971
-2475
-1984
-1648
-1388
-1246
-1314
-1446
-1477
-1291
-956
-498
-284
-161
-45
-121
-306
-352
-342
-266
-66
60
93
164
127
-29
-41
-127
-217
-141
-138
-126
-45
-33
-43
-7
-94
-219
-177
-66
30
187
387
365
359
408
297
435
651
774
952
1118
1181
1129
1189
1135
1102
1350
1555
1668
1775
1617
1381
1328
1344
1399
1559
1654
1617
1434
1125
957
919
1039
1185
1384
1496
1502
1368
1104
849
735
835
966
1396
1910
2254
2391
2172
1780
1414
1192
1217
1557
2148
2515
2385
1850
1049
350
-281
-700
-800
-721
-773
-1079
-1500
-2059
-2639
-3033
-3380
-3602
-3553
-3446
-3332
-3143
-3096
-3156
-3200
-3243
-3314
-3193
-2871
-2443
-1963
-1647
-1512
-1504
-1561
-1721
-1649
-1430
-1054
-585
-316
-164
-78
-158
-375
-473
-387
-319
-116
129
328
481
359
137
22
-68
-154
-28
125
296
424
452
273
175
139
-53
86
310
384
514
516
415
322
321
308
337
493
580
753
912
974
958
905
842
845
946
1143
1397
1494
1425
1279
1265
1362
1465
1659
1751
1701
1632
1443
1281
1237
1210
1241
1266
1402
1421
1331
1235
1002
874
888
972
1083
1342
1583
1685
1847
1767
1511
1509
1390
1317
1489
1657
1802
1781
1448
865
380
-5
-474
-813
-972
-1234
-1382
-1532
-1975
-2363
-2674
-3191
-3549
-3574
-3510
-3278
-3009
-2954
-2954
-2976
-3068
-3091
-2924
-2732
-2435
-1973
-1625
-1448
-1342
-1385
-1522
-1521
-1387
-1153
-835
-560
-405
-386
-485
-530
-587
-554
-432
-276
-131
-54
22
-36
-88
-67
-54
35
151
284
441
492
499
551
575
575
616
684
722
792
740
593
680
658
617
646
707
740
659
604
580
578
715
825
865
1059
1173
1203
1243
1201
1153
1274
1459
1658
1797
1827
1746
1573
1419
1328
1314
1387
1448
1519
1653
1558
1387
1121
832
762
788
846
972
1028
974
1033
972
980
1176
1157
1091
1049
939
971
1132
1215
1239
1215
943
516
170
-313
-730
-887
-992
-1178
-1258
-1559
-1978
-2350
-2838
-3220
-3338
-3207
-3091
-2886
-2749
-2815
-2815
-2846
-2905
-2783
-2597
-2372
-2030
-1766
-1574
-1442
-1418
-1410
-1372
-1220
-1033
-840
-712
-605
-570
-597
-554
-482
-460
-470
-428
-406
-333
-224
-83
-18
40
109
100
200
294
349
497
612
704
797
835
928
1035
1012
952
952
951
977
1073
1080
992
970
813
685
709
718
728
856
826
816
848
841
865
806
838
906
1102
1252
1295
1425
1362
1244
1125
1040
1136
1185
1228
1347
1420
1333
1207
1035
987
999
991
1059
1120
1127
989
842
789
742
743
820
906
998
969
770
657
561
509
491
501
515
494
345
106
-215
-619
-974
-1193
-1254
-1285
-1392
-1549
-1800
-2091
-2371
-2564
-2635
-2579
-2461
-2357
-2297
-2268
-2237
-2243
-2259
-2196
-2105
-1912
-1648
-1479
-1388
-1361
-1365
-1404
-1425
-1378
-1327
-1188
-999
-922
-791
-667
-713
-701
-707
-704
-624
-444
-224
-108
20
81
81
150
179
233
423
545
694
874
947
973
943
904
941
1031
1125
1157
1186
1217
1159
1082
1018
966
978
1047
1123
1201
1212
1228
1195
1094
1015
1057
1111
1150
1214
1252
1302
1234
1113
1092
1080
1064
1200
1292
1187
1214
1004
827
952
842
808
775
826
937
872
668
528
499
405
397
476
446
500
524
412
200
90
40
80
100
105
74
20
36
-141
-325
-503
-704
-739
-750
-766
-887
-1126
-1283
-1414
-1526
-1635
-1721
-1800
-1784
-1771
-1738
-1760
-1769
-1727
-1740
-1709
-1716
-1689
-1627
-1617
-1528
-1482
-1527
-1484
-1538
-1488
-1293
-1220
-1076
-1064
-1057
-948
-940
-855
-765
-676
-567
-477
-390
-257
-153
-152
-107
-97
-90
55
318
372
571
643
598
661
809
824
995
830
1381
1787
1068
1209
1129
797
622
906
941
1422
1555
1100
1169
868
826
803
904
1155
1101
1229
1110
1311
1439
1181
1260
993
1238
1179
1108
1093
835
895
713
746
920
827
902
964
715
700
422
298
431
409
671
675
532
609
374
230
154
4
102
-39
7
-48
-65
-148
-300
-278
-650
-567
-602
-721
-469
-605
-698
-771
-976
-1130
-1138
-1147
-1147
-1151
-1088
-960
-1068
-991
-1041
-1145
-1125
-1117
-1062
-999
-993
-1116
-1114
-1108
-1104
-1114
-1209
-1195
-1135
-1166
-1059
-956
-976
-1040
-1037
-1008
-974
-910
-872
-870
-696
-648
-698
-540
-545
-583
-524
-192
-312
-148
178
68
207
243
210
336
396
274
505
699
550
720
864
701
741
792
876
819
1140
904
1254
1227
977
1460
865
1241
978
1407
852
1311
1142
789
1315
793
1316
954
1067
1118
763
889
675
787
729
728
955
751
816
594
525
677
369
671
409
558
488
357
429
324
282
260
12
-91
8
-165
-156
-119
-330
-293
-473
-605
-515
-812
-642
-810
-929
-614
-791
-1051
-466
-967
-1089
-682
-1058
-893
-434
-587
-693
-81
-672
-635
-334
-656
-390
-289
-405
-358
-366
-509
-454
-782
-447
-635
-679
-317
-607
-510
-470
-833
-883
-686
-780
-805
-490
-368
-737
-271
-497
-559
-471
-403
-282
-311
112
-407
47
80
-602
289
77
-20
218
340
62
203
527
-30
725
130
287
449
408
296
447
808
260
498
915
353
490
1068
557
127
936
569
94
1372
201
532
1049
358
107
685
661
251
1171
262
824
615
441
658
222
988
438
484
219
747
190
193
736
153
384
263
169
-11
265
-170
-145
111
-217
-285
-358
-305
-420
-378
-624
-466
-651
-982
-290
-958
-579
-500
-708
-916
-315
-577
-729
203
-404
-492
121
-309
-555
80
-8
-318
34
625
-595
-30
279
-676
-154
58
-112
-541
521
-384
-480
12
-171
-370
-667
420
-718
-110
208
-383
-181
-31
-222
-490
434
-336
311
131
-260
204
-214
178
29
376
-10
206
160
133
178
-81
692
267
-6
499
155
53
364
-40
496
349
25
221
393
-194
285
257
-99
404
366
70
178
624
-60
130
175
156
59
346
384
115
138
590
-216
95
441
149
60
287
234
-59
470
60
-109
363
1
-410
382
-6
-428
311
64
-632
95
-306
-748
-105
-366
-1032
-227
-340
-1238
-328
-444
-1192
-551
-231
-1017
-372
-124
-849
-215
-54
-794
-477
342
-272
-357
398
-242
-270
221
-129
-76
362
312
-381
686
-168
-69
236
330
-312
318
325
-217
117
206
53
78
415
50
-20
345
182
139
363
118
224
-42
594
-177
421
317
-47
479
370
103
275
812
-49
180
652
196
82
779
31
-237
921
-480
-261
694
-172
-218
584
-54
-686
1111
-817
409
181
-172
-126
426
-317
-206
652
-313
216
472
91
328
591
-258
491
425
24
230
585
370
383
274
177
207
364
-80
882
144
-168
526
-165
-664
484
-40
-585
361
-377
-766
-347
-715
-898
-439
-630
-916
-562
-1168
-572
-828
-701
-670
-638
-1032
-288
-981
-990
-78
-906
-616
-457
-374
-701
-59
-559
-75
-14
-227
-376
30
-279
-350
351
-563
211
122
-344
514
-116
-17
390
-198
431
-75
299
-34
564
-68
386
518
55
270
261
307
86
594
-166
556
169
503
240
688
24
607
181
396
528
-103
821
58
22
246
221
-167
150
526
48
24
689
-361
406
-175
143
302
-91
504
74
243
106
129
213
29
566
143
244
522
519
115
118
1108
-332
1006
216
551
639
354
811
-14
1048
125
97
511
228
302
385
380
-148
282
414
-275
-157
166
-211
-659
332
-793
-284
51
-1273
140
-639
-1038
114
-917
-819
-443
-492
-1096
-425
-741
-647
-320
-806
-734
332
-1216
-538
113
-740
-634
-172
-73
-931
-217
-26
-563
-584
213
-451
-604
291
-911
-240
313
-966
254
-64
-453
29
26
-442
188
-534
45
-104
-89
217
188
-38
-227
1028
-1015
776
488
-323
-2
536
-137
-212
561
-397
329
288
-310
-13
511
-230
232
214
324
-462
718
-401
471
-215
225
416
-658
501
368
-186
-183
1341
-732
101
1201
-629
392
1477
-456
568
1534
-102
-64
1754
-306
356
1608
-443
899
653
203
198
755
781
-358
906
760
69
124
1258
-414
405
1390
-1088
598
526
-61
-699
592
241
-876
737
-408
-333
27
111
-1082
285
183
-860
-20
551
-950
57
-161
-453
-412
-95
-520
-217
257
-1057
345
-348
-977
407
-551
-171
-118
-60
-457
-698
76
-1042
-32
-686
-33
-690
-66
-743
-121
-315
-1184
450
-461
-849
400
-372
-363
-421
-82
-563
-195
-244
-87
-248
-169
-403
-240
-252
-490
547
-817
607
-671
-490
502
-979
301
195
-254
-78
-376
231
-721
463
-381
162
-46
-239
547
-88
54
113
548
-478
553
598
-178
661
821
-759
1282
215
-34
1453
392
33
1175
311
-661
1483
-42
25
1505
-51
4
1215
-276
388
812
-319
1121
258
274
638
-35
383
322
-52
407
653
-182
255
782
-1049
585
204
-457
200
558
14
-167
667
-311
-181
313
211
-408
405
160
-136
114
-197
-38
-224
252
-272
79
327
-842
593
-20
-832
729
11
-926
395
286
-1140
-6
332
-1156
-396
498
-1386
-374
772
-1667
-180
459
-1529
-341
554
-1337
-108
-373
-478
-344
-1108
1
-596
-714
-584
-203
-354
-803
-339
20
-857
-370
54
-1144
8
-370
-674
-42
-139
-989
102
29
-629
-413
859
-287
-647
910
-176
-116
397
430
200
-126
1179
-410
680
477
-176
1405
-377
578
272
1153
-315
655
1355
-435
1366
39
1146
58
480
684
74
11
1059
250
-339
1217
-6
-128
733
-40
407
94
523
106
-241
1255
-995
605
498
-253
369
241
177
115
477
-364
336
338
-176
230
565
-182
92
491
-153
-359
874
-342
80
464
216
110
112
78
437
-334
242
354
-966
626
-861
-330
253
-93
-639
-265
-230
-1052
64
-667
-875
359
-495
-1091
410
-384
-1106
195
-166
-1542
342
-474
-1159
-120
-335
-1452
-184
-373
-1598
595
-1037
-421
-664
-260
-1170
-592
60
-1026
-97
97
-1150
-125
-202
-787
227
7
-345
545
-291
-346
316
234
-56
272
510
361
475
-200
1103
483
18
616
1137
-255
1180
404
703
1107
-560
1315
553
-112
1445
495
105
1013
23
277
545
672
135
867
561
-430
809
124
-241
838
82
-115
332
706
-1224
702
506
-929
1046
101
-288
276
851
-1191
774
668
-998
818
511
-815
754
-1
-79
84
-210
596
206
-489
939
-388
-591
406
-22
-281
-185
836
-1148
62
-30
-1012
251
-86
-1129
373
-182
-1232
-277
159
-1241
-506
481
-1764
-505
708
-1667
-684
463
-1618
-768
-203
-692
-1251
615
-1457
-638
-41
-658
-1008
145
115
-1678
243
421
-1666
310
-26
-591
-275
214
-490
-193
844
-754
209
863
33
-368
1225
-23
-158
1277
483
-56
638
1271
232
538
833
261
593
1198
277
385
943
832
386
-246
1211
312
373
518
391
120
869
-68
-513
1503
-395
184
419
406
-573
178
728
-686
289
564
-250
-209
424
-87
-256
662
-472
-69
806
-1140
755
392
-627
545
-108
-28
-203
773
-274
-34
531
-518
557
-210
-104
-9
339
-318
171
1
-559
379
-165
-364
-319
332
-628
-163
149
-819
-65
-1
-1089
259
-302
-1096
175
-81
-1095
-917
633
-2014
-370
15
-861
-1072
-323
-216
-1314
-32
-791
-867
-346
-128
-929
123
-885
-488
210
-887
-185
35
-459
-48
-363
-223
262
-260
-425
376
812
-612
537
583
-198
-88
1189
-205
577
1031
137
707
533
684
32
1436
359
165
1452
900
-605
1482
941
-435
1592
662
-197
1102
840
-323
493
1200
-179
53
1425
-580
-60
1638
-1012
531
922
-626
300
839
-516
-192
1100
-910
491
660
-355
-8
524
-521
-369
369
251
-299
328
-275
-229
-499
478
-760
-218
748
-1065
112
-154
-835
-28
-193
-294
-507
-499
44
-939
-102
-816
-392
-574
-514
-409
-591
-148
-1270
-627
-346
-1371
-149
-293
-695
-406
-629
-563
-1019
-95
-696
-658
435
-1262
-578
-16
-677
-613
161
-346
-400
184
-418
-816
492
-131
-762
1049
-130
-406
982
-204
-114
704
-276
82
676
302
252
578
773
-74
210
1240
455
281
1349
941
631
702
893
793
242
1017
923
244
1357
771
-112
1361
390
-309
1578
533
-484
1350
964
-976
937
1028
-1096
1244
911
-308
181
883
-331
-487
950
65
-508
1041
276
-1024
602
849
-1218
138
1479
-671
-547
1178
-428
-1313
1126
-265
-998
434
81
-1138
-251
409
-1422
-682
593
-1135
-393
91
-1248
-405
-661
-910
-941
-354
-698
-856
-108
-1043
-1183
-290
-943
-904
-194
-859
-737
-692
-913
-676
-1281
-412
-401
-639
-318
-1308
-661
-610
-1095
-190
-339
-410
-241
-677
-114
-777
-358
146
-104
-394
327
531
-715
-71
539
9
-204
941
194
592
1078
-306
616
544
335
900
715
895
1100
411
412
1081
391
904
1245
1051
625
1445
679
61
1527
1364
64
1439
1303
157
577
922
596
-385
1652
672
12
1371
311
-487
490
1123
-391
536
1195
45
43
623
-69
-407
504
530
-364
957
722
-1102
-177
889
-649
-633
1524
-66
-184
132
-613
-582
-72
-629
-438
347
-441
-573
-391
-771
-1103
-467
-474
-475
-222
-271
-1402
-694
-438
-1606
-319
-35
-1116
-465
-903
-1107
-1403
-807
-737
-792
-309
-1153
-835
-987
-1413
-626
-933
-745
-108
-870
-1243
-662
-825
-1175
-51
-588
-495
-100
-501
-466
-504
-137
-716
399
115
-191
427
-344
170
-181
31
731
478
84
774
485
114
409
711
726
616
1138
569
718
829
476
897
1009
1046
932
674
1105
554
792
1305
1097
918
951
720
645
959
384
1015
848
425
819
293
380
479
296
493
622
757
-6
236
753
38
306
718
273
112
325
284
-8
524
490
-52
-5
314
-298
-111
231
35
-319
178
138
-585
54
-344
-483
-347
-94
33
-746
-254
-159
-976
-668
15
-818
-641
-155
-816
-1001
-646
-836
-887
-615
-205
-697
-833
-871
-1048
-1305
-835
-524
-739
-946
-508
-1186
-1317
-878
-1033
-514
-722
-310
-641
-990
-696
-902
-653
-280
-373
-99
-543
-303
-384
-411
-371
-17
-17
-91
478
13
106
-30
178
90
637
597
627
698
307
443
527
729
958
674
780
1015
281
767
999
729
1018
1090
805
807
814
625
731
1032
856
854
585
672
236
342
799
561
481
740
556
183
160
316
392
62
511
383
69
259
338
-97
-67
160
299
59
121
433
-148
-39
-3
-6
-75
-16
-120
-181
-115
-120
-423
-208
-449
-318
-132
-458
-452
-330
-256
-581
-336
-358
-460
-555
-599
-503
-506
-592
-728
-456
-496
-746
-415
-263
-530
-571
-363
-528
-807
-331
-494
-590
-469
-415
-638
-828
-401
-557
-591
-449
-402
-611
-403
-492
-468
-178
-456
-237
-365
-124
51
-72
-96
207
206
-94
413
366
160
560
375
349
681
580
393
523
903
494
566
709
818
340
661
631
598
629
519
642
724
417
605
639
457
628
295
451
379
211
510
295
411
422
47
240
307
231
-36
334
232
-9
192
-40
-38
154
-5
-87
121
-111
-125
-82
-258
-213
-21
-124
-90
-109
-169
-246
-220
-249
-146
-46
-203
-183
-227
-524
-291
-327
-345
-423
-215
-468
-501
-343
-484
-434
-322
-394
-272
-444
-435
-423
-627
-320
-435
-475
-320
-349
-593
-468
-351
-519
-527
-377
-375
-558
-280
-230
-485
-245
-121
-322
-145
-98
-141
-241
8
-176
-185
165
82
-132
1
77
191
135
308
320
187
418
324
430
456
447
462
421
427
730
454
555
628
685
504
605
925
569
647
896
571
594
744
662
624
631
722
459
561
713
558
451
588
403
108
344
372
256
231
298
42
-70
220
186
-98
180
110
-242
30
45
-108
-91
69
-130
-59
14
-144
-185
-221
-136
-385
-407
-217
-460
-630
-296
-527
-684
-448
-591
-502
-676
-563
-721
-854
-770
-855
-872
-742
-872
-918
-897
-973
-1059
-938
-886
-976
-788
-995
-946
-869
-900
-770
-774
-771
-686
-532
-690
-529
-327
-490
-506
-314
-271
-290
-149
-89
-140
-37
60
60
105
139
74
70
182
300
407
525
676
542
517
603
650
778
1016
1160
1195
1176
954
1315
1113
1203
1613
1247
1423
1592
1376
1546
1940
2159
2323
2356
1918
1538
1693
1878
2307
2868
2791
2324
1710
893
647
802
955
958
746
-93
-1062
-1369
-1692
-1483
-1233
-1272
-1831
-2360
-2614
-2950
-2751
-2346
-1909
-1891
-2036
-1878
-2195
-1899
-1302
-1089
-698
-575
-643
-698
-661
-294
84
188
287
38
-88
28
54
-124
134
4
-340
-192
-450
-646
-590
-907
-901
-979
-1001
-1136
-1198
-1490
-1580
-1489
-1502
-1254
-1114
-1275
-1262
-1288
-938
-810
-543
-259
-494
-312
-232
-103
91
343
410
683
522
530
567
541
608
787
1049
1111
1053
828
827
840
1069
1297
1286
1317
1297
1147
1400
1376
1640
2110
2315
2684
2852
2594
2135
2088
2418
3090
3711
3824
3444
2817
2060
1404
1667
1944
1662
1399
624
-481
-1126
-1359
-1157
-1042
-1185
-1659
-2482
-2988
-3060
-2963
-2549
-2275
-2173
-2514
-2608
-2522
-2385
-1771
-1114
-958
-847
-754
-1119
-835
-311
-2
121
344
11
-333
-83
138
199
462
209
-158
-388
-598
-619
-272
-350
-232
-187
-837
-1034
-966
-871
-806
-471
-866
-1226
-1031
-1320
-1251
-742
-719
-1020
-1035
-1057
-1478
-1116
-817
-561
-523
-584
-997
-1066
-786
-459
92
217
137
-267
-267
-133
141
645
960
818
697
609
445
628
1026
1198
1187
1390
1085
825
1076
1131
1380
1749
1664
1483
1330
1372
1870
2424
2820
2848
2623
2102
1808
2171
2792
3593
3649
3101
2681
1963
1369
1513
1881
1859
1471
560
-426
-1066
-1449
-1234
-980
-1198
-1949
-2798
-3313
-3547
-3065
-2467
-2379
-2423
-2685
-2876
-2664
-2196
-1564
-1110
-992
-980
-1121
-1129
-736
-263
307
589
360
87
-168
0
379
778
962
702
142
-196
-204
-63
325
386
215
-239
-709
-711
-698
-504
-372
-583
-890
-1201
-1305
-1211
-1128
-892
-914
-1269
-1496
-1549
-1508
-1213
-801
-667
-811
-948
-1066
-885
-457
-86
262
183
149
28
119
367
663
812
1026
1067
966
902
859
989
1120
1250
1408
1231
998
1174
994
1075
1238
1116
1188
915
779
904
1115
1655
2108
2037
2149
1818
1412
1594
2193
2750
3154
2856
2307
1837
1324
1064
1334
1667
1146
439
-421
-1211
-1395
-1333
-1041
-1102
-1760
-2626
-3142
-3044
-2574
-2203
-1914
-2006
-2434
-2581
-2271
-1800
-1402
-852
-777
-925
-918
-855
-629
-93
374
517
584
212
-203
-95
163
651
958
645
49
-67
-122
-127
290
343
221
-148
-645
-737
-484
-316
-344
-430
-642
-909
-992
-925
-795
-649
-741
-1033
-1106
-1477
-1374
-1109
-788
-611
-640
-892
-1038
-821
-545
-20
282
344
134
15
266
586
883
1060
1168
1133
965
1214
1239
1330
1363
1245
1283
1131
1032
999
1021
1095
908
835
677
343
448
589
574
731
855
1108
1284
1338
1517
1297
1082
1477
1998
2382
2722
2437
1907
1702
1364
1258
1572
1559
983
375
-419
-939
-949
-867
-776
-1072
-1775
-2369
-2757
-2568
-2116
-2053
-2064
-2272
-2539
-2505
-2098
-1689
-1260
-1120
-1091
-1189
-1093
-841
-497
89
204
167
-57
-257
-222
10
342
453
322
-69
-646
-427
-166
-102
-116
-240
-456
-786
-711
-515
-278
-347
-476
-824
-821
-704
-682
-541
-254
-362
-701
-804
-770
-889
-553
-149
-245
-379
-509
-713
-700
-181
42
76
118
81
-20
201
576
753
775
949
874
829
992
1143
1242
1371
1384
1111
1187
1026
984
1257
1211
1108
931
572
571
643
691
813
751
619
401
684
1354
1601
1721
1596
1467
1241
1431
2111
2730
3071
2637
2098
1812
1739
1528
1631
1902
1351
568
-104
-530
-655
-647
-716
-1216
-1808
-2520
-2933
-2793
-2341
-2253
-2516
-2800
-3022
-2939
-2493
-2009
-1783
-1824
-2024
-1988
-1685
-1253
-848
-605
-557
-666
-837
-782
-502
-200
-51
-57
-224
-594
-738
-624
-366
-65
-155
-338
-484
-521
-417
-182
67
-138
-276
-412
-301
-73
19
57
-41
-100
-224
-295
-52
-1
-18
-60
-281
-275
-320
-234
4
63
-11
-150
-164
1
275
430
542
622
599
648
843
939
1022
1105
1060
1074
1053
1021
984
964
951
834
865
860
754
703
759
750
668
655
665
743
770
1005
1477
1626
1668
1612
1653
1875
1952
2232
2656
2953
2763
2291
2152
2110
1925
1746
1630
1409
865
117
-286
-410
-560
-998
-1438
-1866
-2367
-2767
-2808
-2654
-2635
-2843
-3087
-3052
-2933
-2848
-2528
-2206
-2105
-2064
-1946
-1766
-1465
-1241
-1042
-936
-842
-864
-858
-609
-471
-410
-613
-570
-557
-539
-249
-203
-333
-391
-391
-248
54
202
158
184
91
25
48
309
398
407
331
61
-19
39
102
260
414
103
-130
-339
-385
-255
-184
-138
-316
-442
-514
-549
-244
-50
-37
-9
-74
75
317
559
752
799
731
697
809
987
1122
1230
1148
1009
995
979
1072
1089
1062
1022
892
886
1021
1051
1113
1171
1178
1408
1727
1846
1794
1979
2097
2027
2030
2196
2658
2853
2597
2187
2018
2018
1708
1521
1396
1074
396
-300
-577
-713
-1005
-1485
-1785
-2104
-2612
-2907
-2916
-2785
-2786
-2948
-3045
-2996
-2899
-2712
-2393
-2146
-2175
-2228
-2245
-2008
-1477
-1210
-1141
-1036
-1133
-1112
-953
-732
-389
-366
-350
-447
-424
-438
-312
-100
27
97
16
-29
57
222
290
420
476
345
256
328
419
444
448
260
159
64
-55
-93
-145
-216
-360
-379
-336
-313
-392
-490
-500
-547
-401
-216
-62
34
1
86
176
357
593
687
694
775
931
968
1109
1237
1172
1246
1186
1188
1307
1295
1327
1268
1285
1181
1191
1222
1294
1279
1296
1237
1264
1696
1799
1747
1705
1789
1848
1866
1926
2225
2507
2329
1913
1594
1601
1575
1352
1052
744
306
-336
-786
-809
-985
-1389
-1876
-2158
-2472
-2749
-2882
-2861
-2641
-2745
-2969
-2990
-2839
-2702
-2491
-2157
-1967
-2082
-2104
-1845
-1471
-1133
-1011
-927
-996
-993
-766
-569
-307
-133
-109
-212
-172
-119
-65
48
276
325
275
192
236
293
303
245
152
177
51
20
82
124
32
-139
-241
-306
-286
-331
-393
-493
-541
-678
-648
-572
-566
-550
-555
-550
-436
-215
-122
16
167
246
328
498
663
817
894
1081
1135
1331
1472
1482
1633
1620
1622
1651
1632
1643
1656
1602
1646
1640
1506
1540
1440
1481
1421
1359
1372
1514
1715
1688
1545
1565
1700
1691
1717
1685
1781
1875
1699
1315
1192
1135
882
551
346
145
-350
-846
-1162
-1358
-1549
-1913
-2222
-2431
-2606
-2789
-2872
-2807
-2817
-2874
-2937
-2858
-2579
-2338
-2200
-2068
-1984
-1903
-1827
-1501
-1184
-1066
-949
-973
-929
-736
-541
-414
-281
-267
-219
-204
-258
-235
-93
-32
-24
-95
-183
-93
-62
-72
-63
-21
-66
-183
-146
-144
-148
-85
-105
-152
-141
-82
-74
-108
-94
-61
-25
49
64
39
16
125
275
382
459
492
602
649
748
892
995
1125
1286
1383
1421
1458
1587
1609
1734
1846
1776
1833
1727
1713
1698
1673
1666
1505
1395
1405
1254
1175
1212
1149
1016
968
851
894
1082
1110
875
857
967
978
964
927
976
976
928
708
616
612
403
105
-144
-330
-592
-878
-1138
-1265
-1457
-1782
-2052
-2158
-2217
-2406
-2568
-2616
-2658
-2684
-2604
-2418
-2354
-2338
-2307
-2210
-2082
-1893
-1721
-1546
-1320
-1254
-1198
-1069
-959
-820
-624
-522
-479
-435
-484
-413
-230
-116
-95
-109
-75
-116
-92
92
102
141
44
-37
-56
-57
38
52
190
207
140
42
-6
69
148
243
208
173
147
151
264
382
468
435
333
333
414
595
845
920
959
955
932
1109
1287
1392
1499
1532
1525
1512
1521
1586
1647
1672
1682
1588
1514
1462
1427
1451
1472
1396
1278
1179
1070
1036
1003
925
903
945
1044
1074
900
844
851
942
978
963
1014
952
779
622
571
585
539
293
40
-222
-521
-750
-863
-984
-1153
-1471
-1821
-2065
-2181
-2213
-2324
-2420
-2547
-2685
-2708
-2683
-2560
-2413
-2324
-2286
-2196
-2073
-2024
-1888
-1695
-1551
-1440
-1302
-1210
-1067
-968
-900
-782
-739
-681
-626
-525
-441
-427
-464
-476
-401
-301
-175
-139
-186
-195
-192
-31
108
101
115
102
93
154
208
302
412
448
454
480
510
656
754
782
871
786
800
918
1019
1149
1193
1131
1166
1243
1344
1440
1539
1558
1490
1451
1469
1554
1640
1644
1664
1591
1493
1478
1409
1414
1419
1368
1308
1193
1133
1065
1028
1048
961
869
777
598
695
772
797
706
571
602
648
743
776
814
758
687
549
456
434
280
119
-70
-353
-525
-696
-916
-1068
-1272
-1638
-1886
-2028
-2135
-2186
-2277
-2447
-2596
-2612
-2647
-2588
-2549
-2472
-2471
-2486
-2423
-2272
-2076
-1860
-1690
-1636
-1651
-1588
-1358
-1124
-888
-855
-865
-772
-743
-710
-466
-354
-322
-363
-347
-265
-146
-73
23
86
21
9
42
174
300
413
385
378
441
470
549
716
778
775
762
807
929
1028
1060
1056
1055
1037
1058
1139
1197
1191
1218
1194
1236
1252
1275
1313
1331
1335
1350
1381
1394
1457
1453
1401
1345
1325
1378
1326
1385
1363
1259
1179
1093
1076
1120
1086
968
907
850
755
746
822
780
688
576
552
597
608
580
559
511
419
266
175
124
49
-67
-281
-448
-713
-923
-1003
-1130
-1346
-1574
-1837
-2041
-2064
-2080
-2169
-2281
-2458
-2518
-2543
-2424
-2313
-2284
-2252
-2286
-2212
-2059
-1902
-1738
-1674
-1603
-1505
-1408
-1241
-1073
-899
-841
-786
-734
-694
-526
-406
-310
-258
-285
-343
-327
-182
-110
-98
-60
-71
-17
106
220
361
403
377
366
392
537
689
752
859
909
866
872
950
1068
1204
1225
1224
1257
1280
1315
1394
1486
1475
1385
1343
1347
1401
1494
1468
1483
1445
1365
1404
1469
1491
1507
1479
1449
1430
1384
1310
1251
1200
1140
1074
998
979
876
742
693
584
520
405
323
369
322
213
88
-7
-27
-99
-167
-256
-352
-492
-590
-661
-791
-923
-1058
-1187
-1300
-1414
-1515
-1597
-1700
-1815
-1910
-1971
-1977
-1954
-2005
-2024
-1982
-2036
-2004
-1895
-1809
-1773
-1772
-1749
-1640
-1475
-1298
-1192
-1132
-1055
-945
-813
-676
-549
-455
-400
-359
-290
-137
-41
17
105
118
218
191
212
231
258
263
228
222
240
267
348
424
492
561
550
639
711
763
794
761
757
807
811
918
968
944
1019
1047
1066
1168
1232
1225
1246
1265
1247
1257
1287
1360
1380
1384
1392
1380
1396
1418
1446
1449
1425
1393
1306
1228
1211
1187
1097
1079
1065
993
888
781
694
595
550
470
441
325
207
107
-2
-114
-230
-328
-446
-600
-766
-907
-1019
-1113
-1178
-1241
-1355
-1474
-1610
-1704
-1773
-1757
-1822
-1915
-1991
-2090
-2107
-2108
-2105
-2026
-2048
-2050
-1987
-1979
-1916
-1878
-1771
-1667
-1569
-1437
-1344
-1157
-1003
-903
-779
-700
-632
-517
-323
-187
-85
-2
32
38
119
179
274
334
325
339
345
394
435
501
508
563
565
596
688
740
799
824
812
812
804
883
976
1045
1116
1095
1112
1129
1176
1255
1321
1336
1369
1354
1360
1420
1444
1454
1462
1496
1462
1489
1508
1487
1489
1506
1505
1455
1427
1394
1264
1241
1222
1108
1063
964
887
823
703
603
482
409
287
111
-5
-116
-275
-447
-535
-581
-699
-815
-935
-1012
-1081
-1171
-1208
-1278
-1343
-1421
-1472
-1564
-1613
-1626
-1649
-1648
-1692
-1716
-1733
-1730
-1666
-1631
-1600
-1573
-1576
-1573
-1560
-1509
-1436
-1372
-1364
-1289
-1230
-1215
-1149
-1052
-959
-894
-816
-711
-598
-494
-422
-331
-258
-211
-142
-94
-8
65
108
168
185
211
238
255
275
283
337
345
387
417
467
507
539
637
648
640
695
753
857
940
1008
1092
1160
1193
1239
1274
1303
1321
1388
1450
1472
1528
1511
1496
1491
1479
1535
1534
1491
1456
1386
1338
1271
1232
1203
1158
1047
968
907
842
798
712
621
517
470
356
295
237
170
79
-20
-92
-177
-253
-320
-367
-472
-533
-657
-757
-820
-920
-993
-1030
-1110
-1170
-1183
-1233
-1257
-1255
-1263
-1293
-1320
-1322
-1340
-1297
-1278
-1287
-1256
-1284
-1286
-1252
-1256
-1280
-1221
-1175
-1129
-1101
-1089
-1055
-1066
-1005
-920
-889
-826
-819
-804
-781
-664
-616
-526
-421
-440
-408
-366
-283
-209
-151
-94
-53
-64
-31
23
95
191
250
293
322
401
491
603
693
752
821
882
990
1036
1092
1158
1166
1197
1235
1226
1282
1330
1317
1396
1391
1376
1377
1369
1406
1415
1390
1336
1312
1278
1222
1124
1050
1025
957
921
893
843
768
675
601
586
502
424
385
279
181
124
68
-9
-72
-127
-236
-355
-431
-517
-572
-596
-658
-731
-769
-839
-882
-889
-911
-913
-914
-945
-935
-954
-958
-891
-859
-856
-836
-806
-804
-750
-741
-723
-758
-793
-766
-800
-776
-748
-737
-733
-728
-749
-762
-795
-800
-814
-867
-867
-858
-892
-859
-861
-875
-849
-864
-793
-708
-651
-577
-579
-544
-475
-392
-271
-173
-89
2
102
171
269
405
476
516
556
658
733
774
832
882
963
988
1026
1096
1137
1182
1222
1249
1275
1285
1279
1317
1351
1365
1360
1339
1325
1317
1274
1266
1242
1160
1081
1044
1021
992
910
889
790
683
648
585
498
403
292
232
195
126
36
-92
-167
-306
-358
-429
-497
-548
-574
-615
-658
-706
-743
-766
-806
-817
-856
-877
-902
-918
-904
-898
-881
-920
-935
-915
-905
-871
-844
-840
-818
-798
-763
-701
-670
-691
-668
-670
-691
-674
-653
-628
-628
-654
-658
-637
-625
-607
-562
-570
-581
-526
-524
-498
-454
-475
-473
-489
-433
-344
-292
-236
-184
-162
-89
-34
7
107
168
240
313
365
449
570
624
706
752
807
881
881
917
1014
1043
1100
1116
1131
1137
1140
1160
1144
1125
1085
1051
1021
1063
1060
1028
962
937
919
909
896
836
786
719
639
544
477
412
346
269
231
197
137
113
38
-69
-127
-129
-171
-233
-233
-304
-352
-403
-451
-496
-564
-621
-651
-677
-695
-743
-795
-783
-761
-747
-747
-721
-689
-695
-698
-676
-700
-681
-695
-680
-656
-629
-607
-639
-601
-597
-551
-540
-527
-454
-447
-448
-417
-390
-392
-360
-395
-358
-331
-361
-322
-287
-280
-298
-300
-308
-338
-323
-292
-284
-268
-253
-235
-180
-132
-101
0
-1
23
29
49
141
162
234
341
351
354
436
450
491
608
617
631
676
718
761
793
775
778
778
734
774
783
808
826
799
791
821
830
833
806
762
723
672
652
630
611
568
513
446
428
415
409
411
344
304
309
249
199
159
83
41
-15
-74
-128
-155
-172
-190
-205
-221
-266
-296
-317
-380
-453
-467
-505
-546
-536
-557
-595
-623
-680
-712
-695
-713
-732
-754
-746
-741
-748
-698
-664
-680
-680
-686
-665
-607
-592
-556
-549
-533
-515
-535
-513
-494
-485
-491
-479
-481
-437
-431
-403
-335
-321
-312
-326
-308
-279
-243
-232
-190
-145
-133
-103
-74
-23
36
98
155
202
268
289
281
334
342
424
435
481
528
545
584
615
663
699
751
804
836
857
894
855
851
831
831
851
814
799
799
786
785
762
720
747
719
692
691
664
621
579
519
486
493
464
447
412
371
327
264
192
123
78
19
-18
-61
-100
-136
-187
-245
-288
-300
-328
-397
-445
-470
-531
-584
-625
-697
-731
-781
-818
-835
-843
-863
-882
-899
-898
-893
-885
-883
-822
-803
-801
-749
-785
-753
-726
-689
-622
-613
-584
-512
-471
-411
-389
-332
-320
-311
-259
-226
-180
-200
-181
-152
-149
-155
-130
-100
-63
-53
-31
-6
22
38
31
60
68
85
93
92
144
177
186
213
272
293
286
322
390
437
487
526
539
581
583
589
624
615
668
665
685
781
765
781
794
780
809
808
823
842
830
840
806
803
798
768
731
685
668
630
602
567
518
435
404
367
326
313
288
199
139
67
9
-63
-120
-151
-208
-285
-331
-352
-387
-416
-479
-513
-587
-641
-671
-712
-752
-816
-850
-893
-926
-952
-928
-940
-926
-866
-847
-814
-826
-793
-745
-765
-743
-688
-657
-595
-584
-544
-507
-489
-448
-410
-339
-265
-260
-239
-186
-192
-161
-119
-88
-78
-103
-94
-82
-74
-46
-45
-33
-8
-29
-34
-16
-37
-30
7
43
72
137
175
181
189
186
197
203
251
300
321
374
456
489
481
515
574
586
582
654
668
670
711
766
795
797
815
830
823
879
886
863
855
844
812
790
780
727
735
725
669
664
616
540
501
428
400
326
247
180
126
33
-55
-95
-166
-186
-250
-289
-349
-391
-463
-527
-552
-620
-646
-686
-752
-783
-853
-901
-889
-932
-914
-904
-902
-908
-930
-902
-900
-890
-855
-818
-769
-745
-703
-608
-601
-568
-507
-463
-384
-342
-311
-300
-270
-207
-189
-114
-60
-57
-20
36
95
116
105
115
150
142
183
167
121
103
43
32
58
71
65
86
94
94
90
69
100
156
179
201
216
221
210
251
290
318
357
343
370
398
451
514
546
556
567
586
596
651
693
724
763
775
768
790
811
800
809
792
794
743
702
691
638
620
568
527
498
447
356
282
236
194
164
157
79
-12
-77
-145
-160
-200
-236
-308
-386
-436
-506
-566
-608
-658
-707
-731
-752
-781
-794
-787
-777
-775
-788
-790
-819
-808
-782
-768
-769
-779
-784
-795
-718
-695
-634
-598
-587
-543
-525
-457
-430
-377
-310
-284
-241
-194
-189
-144
-127
-120
-68
-64
-42
-16
-37
-1
-22
9
36
92
159
144
167
162
117
137
151
136
139
134
156
140
161
208
190
205
277
345
374
397
442
492
476
479
511
522
603
620
616
648
678
716
705
757
799
778
799
792
789
800
762
745
746
752
735
728
675
579
555
485
422
401
343
313
278
209
169
107
12
-23
-78
-133
-215
-301
-344
-395
-445
-485
-509
-548
-593
-606
-656
-707
-755
-781
-800
-836
-837
-873
-874
-898
-909
-884
-887
-887
-896
-885
-848
-807
-800
-762
-715
-692
-657
-631
-588
-559
-538
-513
-463
-411
-364
-317
-304
-243
-203
-168
-145
-52
6
55
119
148
182
190
197
213
217
239
221
235
267
274
287
287
303
324
327
364
366
354
382
418
472
493
535
567
580
622
625
621
642
634
621
651
658
700
721
695
765
740
733
746
726
739
708
633
637
626
644
633
599
580
490
451
438
404
382
347
289
291
255
209
171
86
11
-27
-91
-123
-119
-134
-131
-188
-271
-322
-399
-441
-515
-601
-666
-724
-765
-779
-792
-792
-771
-790
-825
-811
-788
-827
-869
-853
-885
-907
-912
-930
-873
-875
-880
-870
-816
-791
-763
-727
-679
-659
-638
-565
-534
-498
-447
-438
-434
-367
-313
-273
-239
-172
-133
-102
-77
-33
11
35
79
120
213
290
297
301
301
350
420
432
446
473
491
509
518
550
583
596
602
606
597
599
613
604
620
644
680
657
684
727
750
779
773
799
827
827
799
797
801
817
832
828
823
808
765
703
639
605
588
536
496
431
388
383
348
341
312
233
171
101
28
5
-39
-110
-206
-248
-286
-348
-389
-429
-508
-561
-618
-667
-694
-754
-757
-798
-867
-861
-896
-932
-916
-947
-961
-964
-973
-928
-959
-961
-933
-955
-908
-868
-821
-764
-758
-761
-745
-714
-687
-660
-645
-594
-513
-484
-436
-389
-349
-310
-278
-203
-140
-121
-57
-4
53
121
141
209
245
295
358
378
410
449
444
472
487
508
516
534
590
605
612
595
629
644
630
640
628
640
636
585
561
557
557
584
571
594
599
565
586
578
595
575
586
595
541
567
544
504
499
494
503
474
461
413
375
330
292
279
251
231
169
134
98
73
66
22
19
-5
-76
-136
-178
-193
-223
-271
-348
-388
-441
-500
-528
-549
-569
-598
-608
-641
-640
-689
-727
-764
-819
-809
-820
-814
-820
-815
-795
-817
-771
-783
-807
-770
-781
-764
-708
-703
-644
-600
-557
-511
-483
-458
-421
-388
-370
-324
-281
-231
-170
-88
-30
28
59
87
133
172
232
271
288
328
348
380
436
457
480
515
560
578
605
622
641
658
664
676
659
684
656
637
668
687
674
620
600
608
585
605
604
624
615
621
619
578
580
570
568
553
490
433
413
371
348
380
370
326
295
271
246
245
204
181
137
82
44
-17
-54
-88
-150
-180
-206
-238
-261
-279
-354
-399
-445
-475
-506
-523
-527
-586
-611
-665
-667
-667
-718
-740
-749
-761
-794
-777
-783
-807
-790
-785
-794
-797
-766
-757
-794
-781
-777
-732
-693
-640
-564
-556
-516
-513
-502
-416
-358
-325
-276
-270
-262
-234
-183
-93
-50
-3
14
54
105
166
225
262
266
279
326
365
434
484
531
529
538
560
577
620
656
656
692
746
761
749
751
769
746
748
729
710
765
731
723
720
717
664
632
635
624
582
551
562
544
544
520
480
441
426
350
326
337
296
294
268
233
189
146
120
78
52
24
-23
-63
-117
-156
-193
-280
-320
-368
-424
-457
-512
-546
-553
-621
-624
-617
-641
-637
-680
-652
-648
-672
-668
-699
-713
-683
-699
-711
-741
-758
-766
-765
-742
-716
-691
-675
-652
-622
-601
-588
-543
-503
-461
-427
-393
-377
-381
-328
-291
-237
-148
-119
-92
-43
-16
-12
42
92
117
161
171
184
232
301
335
358
370
362
374
388
457
477
481
525
491
494
560
578
593
626
638
614
599
582
579
598
612
600
599
591
566
563
517
509
504
468
477
479
439
414
386
357
356
330
336
324
294
259
254
228
177
148
137
117
92
50
50
31
-30
-61
-79
-140
-183
-212
-239
-236
-258
-336
-366
-381
-414
-432
-435
-412
-459
-512
-500
-512
-515
-534
-551
-558
-570
-582
-591
-588
-603
-584
-558
-560
-548
-547
-546
-517
-518
-454
-421
-421
-427
-428
-411
-393
-355
-328
-289
-257
-251
-232
-162
-132
-119
-99
-98
-101
-93
-61
0
41
82
104
111
184
181
193
204
213
259
291
308
353
340
360
380
383
437
453
480
475
472
482
467
481
503
497
519
565
582
577
572
550
548
549
542
521
496
493
461
446
425
400
390
371
335
278
229
226
221
198
209
218
194
157
134
97
48
12
-2
-59
-139
-160
-168
-220
-204
-204
-248
-258
-301
-333
-356
-375
-374
-405
-389
-403
-447
-450
-439
-463
-447
-433
-465
-479
-498
-533
-563
-544
-488
-455
-473
-462
-466
-481
-451
-422
-374
-345
-342
-302
-266
-251
-258
-255
-243
-255
-221
-205
-202
-192
-204
-185
-156
-119
-75
-52
-53
-41
-12
1
40
70
57
78
68
87
103
117
145
144
169
187
230
255
313
343
338
370
347
365
397
405
420
430
451
456
480
479
514
508
502
537
554
543
508
502
492
480
453
463
459
457
448
453
466
441
405
412
407
369
364
329
276
225
162
106
41
29
-9
-52
-62
-100
-106
-157
-210
-213
-261
-288
-287
-320
-338
-375
-432
-439
-426
-437
-485
-499
-512
-526
-537
-571
-561
-569
-575
-599
-609
-590
-577
-542
-529
-510
-474
-476
-442
-433
-402
-356
-349
-331
-346
-341
-335
-359
-304
-262
-262
-210
-202
-186
-145
-141
-102
-101
-98
-56
-40
-27
4
33
53
66
69
74
95
106
149
174
199
213
217
279
294
313
362
349
369
395
419
436
440
462
485
485
542
547
506
488
489
494
523
557
584
590
571
544
525
503
478
471
430
431
446
424
393
384
384
355
323
287
258
211
179
152
106
51
-12
-46
-68
-85
-148
-186
-226
-262
-293
-299
-292
-311
-330
-326
-345
-378
-396
-428
-443
-435
-416
-412
-414
-430
-461
-472
-480
-452
-428
-424
-427
-418
-392
-343
-355
-338
-306
-343
-334
-314
-315
-309
-305
-314
-323
-317
-287
-274
-242
-231
-207
-165
-161
-181
-205
-204
-185
-164
-142
-136
-117
-123
-101
-40
-5
12
44
64
71
82
117
124
105
109
115
117
132
164
178
210
262
269
268
306
341
337
379
397
398
410
403
422
451
479
501
475
482
491
450
473
487
503
528
490
500
476
452
466
441
429
403
361
341
306
252
251
209
196
185
143
139
89
47
8
-9
-34
-65
-119
-155
-211
-222
-237
-242
-230
-242
-275
-300
-309
-333
-354
-398
-415
-443
-470
-457
-476
-478
-461
-486
-493
-481
-456
-455
-467
-451
-456
-433
-417
-402
-384
-421
-435
-427
-437
-446
-407
-390
-383
-316
-259
-223
-213
-187
-191
-192
-153
-71
-69
-69
-62
-71
-23
22
40
56
55
59
73
119
158
159
204
221
257
302
325
339
311
330
334
341
358
355
368
355
346
379
400
427
468
449
447
437
427
403
413
399
394
410
416
443
446
439
431
388
366
353
315
279
271
238
204
219
206
202
168
125
85
33
11
-17
-26
-46
-91
-125
-145
-159
-157
-158
-210
-220
-252
-279
-309
-321
-327
-356
-332
-319
-302
-301
-319
-350
-364
-375
-365
-340
-331
-340
-345
-347
-346
-331
-331
-314
-309
-334
-307
-301
-324
-334
-323
-291
-281
-281
-287
-281
-284
-243
-224
-170
-133
-178
-163
-153
-129
-107
-117
-109
-113
-101
-90
-67
-19
2
7
35
48
81
90
107
115
103
118
144
164
178
186
164
223
274
275
334
324
343
366
374
394
437
451
421
417
411
442
425
462
467
455
438
404
406
373
360
354
353
370
388
412
387
370
366
352
303
274
259
221
201
172
142
125
101
72
26
-14
-32
-59
-72
-111
-136
-144
-169
-211
-222
-258
-292
-349
-388
-383
-399
-428
-459
-463
-450
-455
-446
-445
-457
-475
-471
-466
-457
-440
-468
-471
-480
-484
-465
-439
-410
-413
-424
-422
-412
-380
-357
-325
-302
-298
-240
-233
-206
-184
-159
-140
-102
-53
-19
34
18
6
-10
17
50
85
112
133
162
131
132
171
154
190
215
229
283
288
323
330
343
379
382
375
334
328
292
284
325
343
395
404
408
395
404
408
420
418
413
418
413
397
403
381
360
348
313
318
311
311
270
267
249
226
214
212
181
153
141
115
125
87
76
47
-20
-63
-71
-78
-128
-177
-202
-219
-240
-242
-239
-234
-257
-298
-316
-328
-368
-405
-418
-437
-467
-502
-473
-449
-474
-450
-421
-408
-401
-427
-433
-409
-391
-368
-327
-298
-302
-341
-336
-310
-296
-251
-245
-288
-263
-220
-197
-148
-111
-105
-76
-37
25
59
75
82
68
64
78
60
41
39
10
36
45
77
108
129
165
177
194
212
225
226
203
188
195
200
214
204
184
175
186
182
221
252
252
251
240
260
327
374
377
339
307
292
302
280
286
292
252
250
260
275
279
265
255
255
289
266
266
276
238
207
189
152
154
167
147
139
93
75
40
-3
-22
-40
-45
-64
-76
-97
-139
-143
-150
-200
-252
-233
-259
-282
-282
-303
-325
-364
-372
-389
-421
-408
-433
-442
-407
-420
-399
-388
-384
-369
-367
-347
-353
-328
-303
-292
-262
-251
-231
-222
-216
-187
-175
-154
-137
-163
-150
-160
-132
-99
-80
-53
-36
-14
14
42
64
69
63
72
65
80
106
128
160
161
162
166
169
178
178
203
223
253
269
257
247
244
263
264
285
322
323
309
311
290
307
320
325
337
322
332
337
323
287
283
231
218
236
215
184
151
158
154
158
174
157
160
160
133
144
98
40
-15
-19
-43
-28
-20
-46
-92
-122
-117
-171
-181
-183
-219
-241
-244
-254
-260
-239
-233
-272
-288
-281
-286
-308
-284
-278
-310
-307
-322
-319
-309
-313
-306
-291
-268
-254
-211
-191
-195
-188
-210
-187
-165
-130
-118
-136
-172
-188
-166
-132
-105
-110
-77
-87
-49
-25
-13
25
3
1
11
1
8
7
11
38
49
65
75
93
98
80
118
145
155
169
153
160
127
119
124
141
155
188
180
177
210
204
239
221
214
221
222
235
256
280
289
252
235
263
247
243
252
246
262
266
251
223
199
158
137
145
165
169
167
143
116
106
88
86
71
46
-7
-6
-10
-49
-60
-72
-98
-125
-131
-124
-136
-149
-168
-197
-196
-210
-220
-229
-238
-251
-273
-264
-270
-305
-306
-317
-337
-297
-294
-280
-280
-279
-260
-216
-192
-196
-191
-176
-162
-168
-159
-171
-156
-158
-156
-115
-87
-99
-104
-95
-87
-67
-63
-4
19
20
14
6
21
9
36
28
24
18
29
48
60
56
51
66
59
105
132
141
149
158
167
173
192
194
191
165
167
182
183
208
208
183
178
197
216
225
228
214
194
169
179
196
230
217
193
198
186
193
189
170
151
128
100
90
85
55
47
39
25
49
57
16
0
-57
-90
-79
-68
-60
-95
-104
-116
-135
-113
-100
-121
-137
-145
-163
-165
-178
-199
-197
-189
-169
-161
-178
-164
-183
-194
-183
-158
-152
-146
-139
-132
-118
-138
-137
-137
-145
-137
-119
-102
-80
-62
-42
-41
-56
-32
-32
-48
-22
-20
-37
-10
-23
-26
3
16
23
39
33
28
17
13
12
10
20
3
13
15
11
8
52
58
64
89
99
101
78
86
90
66
89
96
83
108
93
118
115
118
114
88
109
128
118
128
128
101
122
123
131
138
133
116
114
130
103
88
69
53
53
76
75
53
36
6
-4
24
25
8
18
7
1
9
13
-16
-43
-45
-61
-70
-71
-69
-72
-101
-126
-109
-90
-81
-88
-83
-88
-108
-105
-112
-117
-147
-147
-137
-155
-154
-144
-151
-157
-169
-155
-119
-103
-104
-103
-99
-109
-90
-100
-104
-77
-103
-108
-92
-76
-60
-34
-16
-13
0
-5
-8
3
11
16
33
40
47
49
37
48
54
63
92
93
82
78
63
67
80
83
93
90
96
122
117
120
127
130
121
123
131
133
119
115
115
106
123
111
96
89
71
65
65
77
84
62
47
27
28
47
50
61
53
38
38
43
42
34
27
10
-10
-21
-17
-18
-25
-33
-13
-10
-11
-23
-48
-47
-57
-69
-53
-68
-66
-68
-93
-96
-113
-113
-104
-101
-103
-95
-103
-95
-89
-108
-96
-93
-95
-82
-96
-99
-79
-76
-95
-81
-87
-88
-90
-100
-85
-85
-66
-51
-32
-4
-5
2
-12
-13
-10
1
22
24
23
11
1
2
15
15
28
26
35
47
41
57
63
54
68
68
71
63
64
75
75
91
89
72
59
43
21
28
50
43
45
61
62
62
81
75
70
72
60
70
65
64
60
69
80
75
86
76
82
88
62
59
61
59
66
65
40
11
10
11
13
18
28
42
23
1
1
-10
-20
-31
-21
-22
-24
-32
-35
-32
-54
-69
-76
-70
-97
-102
-98
-107
-100
-102
-117
-118
-122
-147
-150
-127
-133
-139
-116
-116
-110
-114
-125
-114
-124
-120
-94
-96
-100
-87
-94
-91
-93
-84
-64
-49
-37
-33
-19
-24
-34
-26
-16
-7
-13
3
17
18
24
21
26
38
41
47
50
55
56
72
86
98
98
103
91
89
97
108
125
117
115
114
113
116
117
118
122
112
112
116
112
102
117
107
107
121
108
113
95
80
73
60
54
45
46
41
25
41
29
40
67
29
27
17
0
17
18
15
13
-17
-21
-31
-50
-50
-61
-68
-56
-67
-75
-77
-105
-110
-104
-97
-77
-70
-69
-57
-69
-67
-66
-76
-76
-81
-72
-80
-57
-69
-71
-63
-56
-50
-54
-54
-59
-56
-62
-44
-48
-39
-41
-48
-36
-27
-26
-26
-4
1
7
0
-7
13
20
9
17
12
10
11
-1
-14
3
5
12
13
17
9
-7
-4
-21
-3
2
-2
5
11
16
16
23
10
2
-2
0
-6
-5
12
17
5
4
7
3
5
6
9
24
33
31
36
51
60
45
51
40
50
55
50
49
51
50
47
41
43
45
25
37
51
34
28
25
14
21
22
39
40
28
30
11
7
15
11
-2
-9
-16
-23
-17
2
-12
-36
-40
-37
-21
-21
-8
-16
-29
-42
-59
-41
-44
-58
-62
-67
-64
-46
-37
-20
-27
-42
-40
-39
-24
-13
-12
-6
-8
3
5
-17
-28
-29
-33
-32
-26
-15
3
-2
-12
-23
-31
-29
-18
-2
21
26
23
18
16
17
19
23
10
9
10
21
24
24
21
17
25
32
40
51
43
39
39
39
42
34
25
21
26
26
44
45
25
15
-2
4
17
19
25
15
16
26
18
17
9
-3
6
12
12
2
-13
-8
-10
-17
-2
5
1
-13
-19
-8
-3
-3
-8
-11
-10
-15
-23
-27
-25
-23
-16
-8
-8
-9
-25
-21
-31
-26
-9
-11
-17
-26
-23
-33
-29
-30
-27
-29
-23
-13
-14
-12
-33
-41
-44
-51
-36
-28
-21
-18
-9
-10
-14
-20
-19
-9
-13
-8
3
-4
-7
-5
-5
-13
-4
0
4
5
-1
14
20
16
19
26
20
15
4
9
16
16
22
21
13
1
-1
12
11
9
26
32
37
36
28
32
33
38
30
28
29
31
22
17
19
17
17
18
15
22
13
28
24
23
36
24
30
26
32
35
36
35
37
26
33
23
10
13
-4
-1
-11
-7
0
-2
-4
5
-2
-10
-11
-7
1
-13
-13
-31
-40
-30
-40
-40
-35
-35
-30
-39
-31
-39
-47
-51
-60
-59
-56
-47
-50
-48
-36
-31
-42
-30
-38
-42
-50
-64
-50
-34
-29
-27
-41
-40
-29
-40
-28
-29
-32
-23
-18
-14
-2
-7
-5
-3
-1
14
21
13
15
22
36
47
43
39
40
34
39
50
52
47
41
37
38
38
42
46
46
58
56
58
60
48
59
60
58
69
60
59
45
28
32
29
39
37
30
25
22
9
14
20
26
33
21
8
3
-1
-15
-15
-21
-22
-24
-26
-15
-22
-20
-11
-27
-26
-35
-41
-40
-48
-46
-47
-54
-42
-46
-58
-54
-55
-43
-42
-31
-20
-31
-32
-34
-37
-38
-38
-37
-30
-30
-28
-20
-12
-13
-11
-19
-25
-18
-30
-29
-24
-18
1
1
-5
-9
-15
-10
-13
-10
5
7
6
11
12
16
23
24
27
20
10
7
12
21
16
24
26
30
36
27
25
19
11
22
19
20
14
3
9
17
19
30
28
20
14
8
19
27
24
12
5
8
8
14
12
6
7
5
8
17
17
15
15
21
14
6
7
10
14
12
6
13
9
4
12
8
7
13
10
2
4
-9
-18
-10
-18
-12
-6
0
1
-7
-4
-4
-6
0
-7
-5
-7
-7
-13
-22
-28
-36
-19
-8
-17
-16
-21
-24
-15
-8
8
1
-11
-13
-22
-25
-33
-37
-38
-39
-23
-19
-19
-15
-25
-25
-19
-20
-12
-15
-16
-9
-12
3
14
6
8
1
-1
9
4
19
20
11
6
-3
-5
0
13
25
19
18
22
23
20
17
13
17
20
25
24
26
26
22
22
16
26
24
20
22
9
15
14
7
15
8
7
9
14
21
15
13
25
19
26
28
18
11
5
5
-5
-3
-3
-10
-10
-25
-26
-29
-26
-14
-20
-5
-3
-1
-5
-12
-7
-14
-21
-11
-20
-24
-14
-23
-23
-32
-33
-25
-21
-10
-20
-27
-18
-27
-31
-26
-22
-13
-19
-22
-16
-17
-17
-10
-5
-2
-8
-5
-3
-16
-14
-19
-13
-13
-11
-2
4
7
6
12
9
8
7
1
8
11
10
14
6
11
9
3
12
16
19
17
18
30
28
22
18
9
18
14
11
16
10
16
10
6
8
9
17
21
16
9
7
6
5
-1
3
2
4
4
10
19
20
17
21
24
17
22
23
19
15
5
4
15
4
-7
-10
-18
-11
-16
-14
-1
-1
2
3
-5
-1
-9
-7
-2
-7
2
2
-3
2
-1
-4
-1
-7
-11
-9
-8
-12
-1
3
-3
-7
-9
-8
-16
-7
-15
-19
-19
-22
-20
-17
-13
-18
-13
-16
-19
-14
-8
-20
-23
-18
-12
-5
-4
-2
-12
-23
-23
-16
-9
-8
-12
-10
-14
-9
-8
-6
5
5
1
-5
0
9
8
0
-12
-15
-9
0
8
11
14
13
6
9
13
11
10
5
10
18
15
16
18
15
10
13
15
21
20
20
18
14
19
14
19
18
17
23
22
15
14
11
6
15
14
24
25
18
19
12
11
13
7
0
1
-5
-8
-9
-4
2
7
-1
-5
-9
-22
-21
-23
-22
-23
-27
-34
-32
-25
-25
-23
-25
-25
-18
-10
-15
-17
-20
-20
-22
-14
-8
-6
-4
-7
-10
-15
-11
-15
-13
-8
-9
-10
-7
-7
-4
0
0
6
3
7
7
12
22
18
13
9
0
-1
10
6
9
11
15
19
17
24
20
20
27
23
17
24
25
26
31
24
19
12
8
6
0
0
1
6
15
15
12
13
12
7
8
4
7
9
12
12
9
9
5
4
-5
-5
-6
-10
-9
-17
-16
-16
-10
-6
-11
-9
-13
-24
-18
-15
-19
-16
-22
-24
-19
-22
-14
-3
-6
-4
-12
-11
-6
-10
-8
-11
-16
-12
-7
-6
-4
-8
-11
-11
-9
-10
-4
-3
-7
-4
-3
-1
4
1
-4
-12
-9
-2
0
0
-7
-10
-14
-19
-16
-9
0
0
-2
7
4
8
11
12
22
11
3
11
7
3
0
-1
2
-1
-2
-4
-4
1
5
13
16
18
23
20
13
8
4
-4
1
2
3
11
7
14
16
16
19
20
16
14
15
11
10
11
3
7
12
12
19
21
17
16
11
11
7
3
7
4
8
3
-7
-1
3
2
1
-1
-1
-2
-4
-5
-10
-9
-8
-8
-13
-19
-23
-26
-23
-24
-26
-26
-25
-24
-23
-22
-24
-24
-22
-24
-24
-20
-16
-17
-17
-14
-9
-5
-3
-7
-8
-6
-9
-4
-12
-8
-1
3
12
4
1
4
6
15
11
7
9
7
6
3
2
6
7
9
12
13
12
13
15
9
7
9
11
9
6
3
0
4
4
1
0
7
16
15
9
10
11
10
8
2
-2
