1
0
1
4
3
1
1
-1
1
1
2
3
2
3
4
5
3
2
2
4
3
1
3
4
2
0
0
0
0
0
-1
0
-1
0
1
2
1
3
0
-1
1
1
2
1
0
0
3
1
2
2
2
2
2
-1
-1
1
0
0
-1
0
0
1
0
-1
-2
-2
-1
0
-1
0
2
1
0
0
1
2
3
2
0
-1
-5
-6
-5
-4
-3
-3
-3
-3
-3
-3
-4
-3
-2
-2
-2
-2
-2
-3
-3
0
-2
-3
-3
-2
-2
-3
-1
-1
-2
0
1
0
2
2
2
2
0
1
0
-1
1
2
1
-2
-1
2
5
2
3
3
2
2
2
4
6
5
4
3
2
2
1
1
0
-1
-2
-1
0
-1
3
3
2
1
-1
-1
-1
0
0
0
0
-2
-1
-1
-1
-1
3
1
-1
-1
-1
-1
-1
-1
-2
-1
0
-3
-4
1
1
0
0
-1
-4
-3
-3
-3
-1
1
-1
0
0
1
0
-1
-2
-3
-4
-1
-2
-2
-1
-1
-2
-1
-2
-1
1
2
1
-1
-2
-3
-1
-1
-1
0
0
0
0
1
0
0
0
-1
2
2
1
1
2
3
1
-2
0
-2
-2
1
0
1
1
4
5
3
2
3
5
4
4
1
2
2
1
3
3
4
6
4
2
2
1
1
0
0
3
0
2
3
1
0
2
3
2
0
0
0
-1
-1
0
-1
-1
-2
-1
-2
-2
-4
-4
-1
1
0
-1
-1
-2
-4
-4
-4
-4
-4
-2
-1
-3
-2
-3
-2
-2
-2
-1
0
1
0
0
-1
-2
-2
-2
-3
-1
0
-1
-2
0
0
0
-1
0
-1
-3
-2
0
0
0
2
2
-2
0
3
2
0
0
3
2
1
3
1
1
0
-1
1
2
1
2
1
1
1
0
-1
0
1
0
0
1
1
1
1
1
1
2
0
0
2
3
1
1
0
1
0
-1
2
2
1
1
-1
0
-1
-1
0
0
1
0
0
1
0
-1
-1
-2
0
1
2
3
2
2
2
3
3
1
0
-1
-3
-5
-2
-3
-1
0
-1
0
-2
0
0
-2
-1
-1
-3
-5
-1
-1
-2
-1
-2
-3
-5
-3
-4
-6
-5
-2
-3
-4
0
0
-1
-1
-2
-2
-3
-3
-4
-1
0
1
1
1
0
0
2
1
3
3
1
2
2
1
3
3
2
3
3
3
4
5
5
5
5
3
3
1
1
4
3
3
3
2
2
3
5
5
1
1
2
3
2
3
2
0
-1
-1
-1
-2
-1
-2
-3
0
-1
0
2
0
-1
-1
-2
-4
-2
-1
0
-1
-2
-4
-5
-3
-1
-1
-3
-4
-6
-6
-4
-3
-3
-1
0
-4
-4
-5
-6
-5
-6
-6
-3
-3
-4
-3
-4
-5
-4
-3
-2
-4
-2
-2
-1
-2
-3
-3
-3
-3
-3
-3
-4
0
1
0
0
5
7
3
4
4
4
6
8
7
9
9
7
6
7
6
6
6
7
6
7
9
6
5
7
7
7
8
7
7
9
7
5
3
3
2
1
2
2
0
2
1
1
3
4
2
2
2
2
2
-1
-1
-4
-3
-3
-4
-5
-5
-5
-4
-4
-5
-5
-7
-7
-6
-4
-7
-6
-6
-6
-8
-8
-7
-10
-9
-9
-11
-10
-10
-8
-9
-8
-8
-7
-7
-5
-4
-6
-6
-5
-4
-5
-5
-3
-2
-6
-4
-2
-3
-2
-2
-3
-3
-1
0
1
1
2
4
4
5
6
6
6
6
8
9
7
10
8
8
10
10
9
10
11
12
12
12
11
11
10
11
11
11
11
12
12
12
11
8
7
6
6
6
8
8
8
7
7
6
4
2
2
1
-2
-4
-1
-2
-1
1
1
-1
-3
-4
-5
-8
-10
-9
-10
-11
-10
-10
-11
-11
-12
-11
-10
-11
-11
-12
-12
-13
-13
-13
-16
-16
-13
-14
-15
-14
-13
-14
-13
-14
-12
-11
-11
-10
-10
-10
-10
-8
-8
-7
-6
-5
-6
-6
-6
-5
-4
-3
-2
0
3
3
3
3
3
5
4
7
10
11
12
13
13
16
16
19
18
17
19
21
19
21
22
22
22
22
24
24
25
25
24
23
24
26
24
22
20
17
16
14
14
14
12
10
7
7
4
5
5
2
1
-1
-3
-4
-3
-4
-7
-12
-13
-14
-15
-21
-20
-21
-26
-27
-26
-26
-26
-27
-28
-31
-31
-30
-30
-30
-30
-30
-29
-28
-29
-27
-27
-27
-26
-25
-23
-26
-24
-20
-20
-20
-16
-15
-15
-16
-13
-13
-12
-11
-10
-8
-7
-7
-4
-2
-3
2
4
3
9
13
13
14
13
14
16
18
20
20
19
20
21
23
24
28
31
31
33
37
39
39
41
41
41
42
44
44
42
43
45
44
45
44
43
42
42
41
40
38
36
32
32
30
27
25
21
18
17
15
14
11
7
2
-2
-9
-11
-13
-18
-20
-23
-27
-32
-39
-43
-45
-47
-50
-50
-56
-59
-61
-62
-64
-65
-62
-64
-65
-64
-65
-64
-62
-60
-61
-59
-56
-55
-55
-53
-51
-49
-48
-43
-38
-36
-31
-28
-26
-24
-21
-19
-19
-17
-10
-8
-5
-4
3
9
12
17
20
24
26
29
32
32
34
37
38
39
43
46
49
50
53
53
57
60
62
64
66
70
69
69
70
71
70
68
69
67
67
67
65
66
67
66
66
64
63
61
58
56
53
48
47
43
39
37
32
27
24
18
13
12
7
4
-2
-9
-16
-22
-30
-37
-43
-48
-53
-59
-64
-71
-79
-85
-90
-96
-97
-99
-104
-106
-108
-111
-110
-111
-111
-112
-112
-111
-110
-110
-106
-103
-98
-93
-85
-79
-74
-72
-69
-62
-58
-52
-47
-39
-33
-27
-22
-16
-9
-5
-1
1
7
12
16
22
29
33
37
44
46
52
57
62
67
70
76
78
81
84
86
88
90
90
93
93
96
98
97
96
93
96
97
92
93
94
96
95
96
96
96
95
92
88
88
89
90
87
86
85
82
79
74
69
63
57
51
44
35
32
24
12
3
-5
-12
-22
-31
-42
-53
-64
-73
-83
-95
-101
-109
-116
-127
-135
-138
-148
-156
-159
-161
-165
-166
-170
-171
-170
-167
-163
-163
-163
-158
-155
-151
-144
-135
-126
-121
-113
-102
-91
-79
-67
-64
-60
-51
-41
-33
-21
-11
-6
-1
5
11
17
25
30
35
44
50
55
60
64
70
73
80
87
94
103
102
107
111
113
117
122
130
133
135
139
142
141
141
147
148
148
147
145
147
148
148
149
151
151
151
147
140
135
128
123
120
117
115
115
113
107
100
95
85
75
65
55
45
35
24
14
-1
-18
-33
-50
-63
-76
-92
-107
-123
-138
-151
-166
-177
-191
-205
-216
-223
-230
-238
-242
-245
-249
-254
-255
-248
-243
-236
-230
-229
-223
-217
-212
-205
-192
-180
-169
-157
-148
-136
-123
-112
-102
-91
-82
-71
-57
-48
-35
-26
-18
-9
-3
9
19
27
37
44
49
57
63
67
72
75
87
98
108
120
128
129
128
135
146
152
161
169
174
181
186
195
201
206
211
210
208
212
215
216
218
220
227
227
225
227
220
217
212
208
203
195
188
178
172
160
151
148
142
141
134
121
115
97
79
69
66
53
39
23
0
-21
-40
-57
-79
-98
-125
-142
-165
-183
-197
-215
-233
-256
-272
-283
-291
-297
-307
-317
-328
-336
-344
-345
-344
-346
-346
-342
-339
-326
-318
-305
-294
-285
-269
-255
-246
-237
-225
-216
-201
-181
-169
-156
-141
-130
-117
-103
-87
-65
-51
-40
-25
-9
7
22
34
49
61
77
94
104
111
118
126
132
146
163
176
185
190
201
206
217
227
238
249
256
265
268
274
281
292
295
295
302
308
310
311
312
310
309
309
308
306
303
300
289
278
267
254
244
232
218
199
191
184
175
174
172
163
147
131
112
98
84
73
62
40
20
-7
-26
-48
-68
-88
-114
-144
-174
-200
-223
-244
-265
-288
-313
-339
-361
-379
-397
-411
-417
-434
-449
-448
-450
-455
-452
-457
-455
-448
-446
-429
-415
-400
-400
-397
-379
-362
-341
-317
-294
-282
-269
-251
-235
-211
-184
-167
-147
-130
-105
-76
-56
-38
-17
-4
15
36
52
77
100
106
115
136
155
172
180
197
207
219
234
245
269
285
290
303
304
313
328
334
354
366
373
385
382
384
394
397
397
397
401
405
406
411
415
406
394
379
369
367
363
357
345
336
325
298
284
271
255
246
242
248
241
223
198
180
157
137
129
120
113
90
65
22
-26
-60
-115
-158
-189
-217
-253
-289
-327
-365
-407
-441
-463
-485
-510
-536
-558
-585
-607
-625
-634
-642
-657
-673
-676
-675
-677
-662
-643
-630
-609
-596
-581
-552
-527
-511
-484
-457
-429
-406
-377
-342
-316
-281
-242
-194
-166
-144
-98
-67
-44
-6
24
51
76
99
136
171
197
219
236
257
272
287
310
332
355
367
398
424
440
464
478
493
491
497
513
514
515
519
525
538
541
545
555
550
553
550
539
531
528
523
521
509
499
485
473
455
432
411
384
374
358
330
307
296
283
278
294
311
298
271
233
193
168
149
130
118
98
61
19
-28
-61
-98
-147
-192
-255
-311
-360
-406
-448
-508
-566
-622
-668
-706
-728
-761
-781
-807
-837
-850
-857
-867
-882
-891
-888
-889
-884
-870
-862
-842
-827
-785
-764
-748
-713
-683
-631
-578
-545
-508
-476
-441
-386
-327
-270
-219
-193
-168
-136
-93
-42
5
57
120
167
199
231
275
308
329
368
410
447
477
508
536
557
574
591
596
634
660
682
707
728
750
764
774
786
788
796
795
787
779
764
762
749
736
737
735
735
726
689
655
626
608
578
573
572
545
518
495
464
425
400
378
357
316
288
294
275
260
236
212
178
105
68
62
46
30
0
-41
-113
-194
-273
-350
-433
-520
-629
-737
-796
-868
-914
-981
-1049
-1101
-1161
-1189
-1206
-1228
-1233
-1250
-1267
-1257
-1254
-1251
-1240
-1228
-1217
-1202
-1162
-1078
-1023
-1007
-974
-940
-901
-832
-755
-676
-577
-524
-525
-467
-398
-349
-249
-166
-103
-47
4
38
93
163
215
247
303
340
382
472
531
592
634
633
647
674
691
748
842
891
907
902
895
907
940
957
963
975
971
952
972
1005
1014
1020
997
983
987
990
1007
1025
990
953
926
910
901
923
914
854
799
764
721
692
703
680
644
572
511
478
456
425
372
311
263
199
155
138
107
84
73
41
16
-26
-98
-109
-170
-246
-303
-360
-417
-475
-552
-640
-756
-891
-991
-1110
-1152
-1218
-1291
-1363
-1457
-1521
-1604
-1670
-1687
-1701
-1725
-1726
-1722
-1694
-1666
-1635
-1586
-1544
-1508
-1470
-1414
-1378
-1318
-1241
-1159
-1058
-959
-886
-803
-703
-594
-468
-392
-330
-275
-229
-129
10
126
215
322
381
406
447
498
576
625
669
722
759
791
850
898
929
928
928
958
946
996
1079
1111
1129
1148
1156
1196
1218
1210
1222
1221
1191
1162
1146
1165
1188
1191
1201
1223
1234
1222
1205
1227
1245
1219
1174
1123
1106
1061
1005
1035
999
907
866
836
795
741
693
628
575
513
444
364
289
257
153
56
-24
-99
-170
-225
-212
-218
-263
-301
-384
-403
-416
-412
-401
-436
-457
-522
-616
-666
-776
-897
-1007
-1133
-1283
-1436
-1539
-1695
-1888
-2054
-2233
-2412
-2578
-2722
-2824
-2862
-2812
-2749
-2650
-2511
-2326
-2158
-1918
-1627
-1391
-1130
-847
-571
-354
-194
-37
67
134
190
233
281
282
333
410
369
307
223
139
84
122
202
211
308
354
268
261
330
370
475
584
641
688
775
882
942
1049
1165
1220
1293
1462
1593
1729
1847
1936
1965
1942
1976
1986
1924
1881
1814
1652
1466
1290
1137
1019
927
846
751
680
674
728
764
827
922
958
1003
1065
1132
1179
1183
1155
1114
1019
928
837
728
614
479
361
232
131
10
-91
-214
-339
-389
-358
-271
-120
4
47
23
-55
-152
-265
-269
-290
-473
-709
-983
-1354
-1684
-2008
-2348
-2659
-2941
-3150
-3325
-3376
-3343
-3359
-3304
-3230
-3191
-3068
-2886
-2668
-2379
-2114
-1854
-1603
-1387
-1128
-849
-544
-296
-106
28
100
201
294
344
359
375
347
318
285
209
153
85
55
155
293
404
456
490
505
614
824
974
1114
1221
1214
1129
1143
1193
1223
1313
1345
1340
1314
1308
1358
1387
1460
1477
1441
1430
1485
1534
1574
1594
1583
1458
1315
1293
1257
1249
1276
1271
1184
1095
1032
959
944
938
919
844
795
789
752
711
653
583
496
390
354
277
205
176
101
28
-42
-85
-122
-164
-172
-207
-243
-242
-309
-360
-347
-364
-346
-306
-256
-169
-94
-71
-127
-210
-324
-467
-546
-649
-835
-1057
-1350
-1696
-2004
-2272
-2522
-2790
-3022
-3081
-3114
-3065
-2881
-2732
-2632
-2539
-2363
-2169
-1937
-1628
-1343
-1182
-1012
-843
-678
-510
-306
-143
-53
44
208
322
417
529
570
572
577
616
672
647
554
567
575
609
641
689
773
840
955
1064
1124
1169
1249
1290
1269
1348
1412
1289
1228
1244
1146
1092
1131
1130
1077
1152
1238
1228
1218
1243
1185
1110
1139
1105
1022
1008
976
896
797
801
856
837
843
870
851
797
752
672
559
499
446
340
232
146
55
-55
-167
-223
-266
-305
-281
-226
-167
-97
-77
-97
-141
-210
-262
-304
-305
-277
-324
-388
-388
-320
-229
-66
104
191
168
105
16
-110
-165
-206
-331
-591
-894
-1261
-1649
-2012
-2297
-2544
-2799
-2926
-3008
-3020
-2932
-2779
-2585
-2381
-2170
-1921
-1631
-1337
-1100
-881
-676
-500
-339
-212
-24
104
232
353
440
534
584
698
811
853
888
904
853
794
749
750
788
813
802
797
771
803
885
984
1064
1140
1204
1225
1232
1248
1274
1227
1196
1176
1165
1179
1142
1095
1020
977
919
826
789
829
794
783
802
686
569
475
412
368
371
376
358
318
301
246
196
206
190
125
78
48
-4
-42
-66
-97
-136
-198
-278
-336
-337
-353
-380
-351
-331
-357
-347
-300
-217
-168
-125
-101
-179
-230
-232
-222
-246
-224
-154
-89
22
202
287
287
243
164
78
49
85
-23
-261
-574
-987
-1352
-1665
-1972
-2239
-2475
-2626
-2710
-2631
-2489
-2328
-2145
-1981
-1821
-1585
-1341
-1136
-856
-621
-439
-270
-62
107
311
545
670
781
924
1018
1089
1159
1205
1193
1128
1063
976
961
896
805
726
636
618
607
652
725
751
773
784
774
764
808
860
885
902
927
880
852
881
798
804
793
668
623
585
531
500
481
436
347
260
247
209
153
154
136
111
46
38
18
-50
-13
18
40
21
27
59
43
6
-25
-50
-60
-65
-108
-142
-179
-224
-283
-269
-246
-207
-167
-181
-207
-179
-120
-112
-107
-68
-50
-89
-123
-74
56
214
391
544
552
509
462
441
440
472
434
209
-76
-463
-854
-1189
-1490
-1854
-2188
-2406
-2575
-2668
-2614
-2499
-2394
-2243
-2043
-1789
-1461
-1126
-845
-599
-376
-201
-28
126
291
458
583
720
792
870
939
941
958
972
948
928
892
797
723
670
589
512
427
345
285
259
308
382
434
492
532
511
461
477
538
577
614
697
686
683
698
697
686
674
651
576
509
495
465
358
318
298
247
229
195
197
167
156
180
165
152
128
94
99
90
136
129
93
122
120
69
30
16
13
3
56
64
-42
-65
-84
-114
-52
-14
-35
-24
-41
-46
-43
-9
39
62
49
92
186
332
571
809
957
967
867
766
699
674
667
526
251
-110
-509
-942
-1323
-1642
-2025
-2366
-2607
-2806
-2825
-2669
-2449
-2227
-2075
-1886
-1661
-1413
-1060
-764
-504
-315
-215
-98
55
258
448
538
618
660
681
716
702
709
701
599
475
365
280
231
129
17
-121
-251
-356
-413
-355
-247
-130
170
572
825
968
966
821
660
709
836
901
1025
1003
564
326
278
74
23
106
120
20
117
267
311
391
563
439
261
311
343
390
508
658
593
405
329
366
465
682
800
875
830
780
838
767
768
730
564
284
109
-23
-251
-320
-333
-381
-368
-252
-112
39
177
256
303
332
389
442
489
661
841
962
1086
1068
976
859
718
647
572
475
254
0
-308
-752
-1129
-1486
-1934
-2333
-2633
-2909
-3100
-3129
-3030
-2872
-2669
-2440
-2262
-2000
-1647
-1318
-941
-644
-442
-221
-46
102
254
387
459
489
517
510
488
443
343
233
174
103
30
-37
-51
-103
-235
-285
-318
-354
-322
-252
-186
-103
16
209
378
483
607
702
753
745
795
821
812
807
793
665
566
507
412
308
247
283
319
345
415
548
628
700
748
794
802
844
896
917
933
920
897
870
829
837
882
823
802
782
765
766
714
677
602
497
385
302
233
177
117
60
1
-6
18
90
224
338
413
394
315
290
406
575
803
1025
1152
1118
1017
988
932
872
809
607
290
-54
-444
-926
-1349
-1731
-2188
-2613
-2890
-3101
-3263
-3244
-3115
-2988
-2788
-2556
-2292
-2019
-1679
-1317
-1041
-864
-668
-538
-462
-318
-123
66
196
309
368
401
487
561
560
471
384
240
107
31
17
-32
-150
-297
-479
-585
-674
-677
-639
-553
-399
-255
-87
68
202
375
479
555
618
653
731
796
821
812
761
709
580
463
446
445
474
504
566
628
706
793
860
923
979
988
1004
1024
995
981
929
874
841
828
861
854
859
832
812
810
818
851
832
820
804
681
601
560
457
374
287
182
120
146
164
179
189
185
229
327
521
818
1092
1226
1216
1102
967
919
898
866
682
335
-74
-573
-1027
-1454
-1818
-2207
-2613
-2877
-3084
-3203
-3184
-3143
-3017
-2890
-2803
-2598
-2326
-1945
-1604
-1286
-993
-824
-614
-344
-54
224
428
578
631
656
739
746
689
594
445
240
45
-69
-133
-229
-305
-403
-519
-617
-717
-756
-758
-766
-697
-514
-317
-74
178
300
376
515
634
744
910
1038
1069
1000
932
819
658
544
501
393
294
281
286
286
366
470
541
551
604
680
769
922
1001
1008
965
919
849
880
957
1081
1171
1181
1194
1209
1192
1156
1118
1028
899
768
611
456
362
239
137
82
32
46
136
217
274
306
297
302
348
471
662
861
1040
1166
1197
1153
1086
984
894
787
557
248
-109
-540
-1024
-1435
-1816
-2235
-2615
-2960
-3209
-3388
-3421
-3368
-3286
-3114
-2932
-2672
-2400
-2108
-1734
-1401
-1075
-780
-532
-311
-160
10
243
430
566
646
625
580
546
491
398
280
129
-4
-136
-181
-175
-179
-231
-330
-435
-478
-455
-392
-289
-236
-187
-109
-26
147
345
482
620
699
745
854
942
1052
1078
1042
927
827
765
655
629
659
593
538
583
642
702
785
869
852
886
924
947
1010
1027
1019
964
892
896
959
972
984
982
975
933
910
956
890
834
740
611
493
376
357
342
300
255
232
200
171
165
184
136
107
248
421
618
803
932
1000
945
881
870
808
739
614
333
-3
-419
-903
-1378
-1755
-2149
-2557
-2876
-3152
-3360
-3414
-3375
-3300
-3209
-3086
-2900
-2712
-2442
-2088
-1770
-1508
-1271
-1070
-854
-640
-354
-96
134
332
431
570
641
711
786
760
678
546
372
294
233
202
192
117
5
-138
-269
-302
-267
-204
-79
45
119
176
266
394
471
591
715
741
817
918
941
942
948
881
778
733
665
590
599
623
628
700
766
765
761
783
843
892
978
1046
1058
1014
999
991
981
1004
1035
1030
978
933
902
948
1023
1066
1012
887
781
712
629
573
524
421
333
260
222
267
301
291
258
189
81
76
153
275
441
587
699
709
710
699
601
535
463
256
5
-313
-685
-1102
-1481
-1816
-2186
-2522
-2811
-3047
-3212
-3270
-3289
-3237
-3169
-3043
-2915
-2753
-2562
-2344
-2058
-1834
-1581
-1338
-1112
-864
-588
-312
-47
188
356
513
618
691
777
770
674
638
573
493
484
483
481
469
427
382
330
293
273
292
257
202
167
113
42
59
169
255
316
399
459
559
655
705
788
840
876
893
882
932
940
883
876
923
935
964
1005
1054
1108
1129
1159
1211
1260
1309
1329
1307
1246
1166
1073
982
922
877
836
805
770
722
704
654
591
561
531
524
541
542
528
463
391
335
284
213
116
26
-75
-191
-251
-252
-186
-91
10
161
267
298
274
220
151
84
3
-170
-393
-637
-949
-1293
-1600
-1949
-2282
-2546
-2746
-2873
-2922
-2896
-2845
-2763
-2692
-2624
-2538
-2418
-2302
-2180
-1991
-1863
-1750
-1547
-1353
-1155
-897
-605
-346
-146
98
321
480
656
783
835
855
877
873
845
862
868
834
808
818
784
771
754
689
602
511
454
402
418
446
508
487
435
511
544
595
675
747
779
833
867
869
832
835
824
822
874
900
889
878
902
942
1054
1211
1364
1431
1454
1422
1437
1415
1346
1268
1064
994
877
690
669
679
577
471
418
391
382
409
440
355
304
244
169
63
21
-28
-173
-290
-368
-409
-444
-471
-450
-469
-468
-429
-325
-241
-126
-5
6
22
-17
-33
-217
-364
-498
-722
-862
-1106
-1263
-1479
-1606
-1764
-1971
-2122
-2267
-2353
-2412
-2329
-2280
-2226
-2228
-2260
-2244
-2202
-2145
-2046
-1895
-1777
-1588
-1368
-1112
-846
-592
-391
-195
23
227
347
524
727
790
864
944
978
977
1040
1082
1143
1166
1177
1167
1083
1012
989
925
837
784
697
656
650
678
689
685
690
669
661
746
768
767
809
791
770
737
693
677
703
685
694
713
738
811
902
1005
1095
1142
1201
1234
1220
1233
1253
1211
1114
998
886
760
713
688
585
516
401
289
201
133
54
-34
-106
-207
-287
-313
-336
-358
-381
-406
-439
-515
-548
-548
-575
-578
-584
-605
-651
-723
-721
-694
-621
-488
-383
-304
-278
-258
-280
-249
-230
-272
-339
-451
-591
-774
-967
-1088
-1246
-1418
-1533
-1598
-1670
-1696
-1679
-1722
-1713
-1730
-1822
-1840
-1867
-1910
-1832
-1732
-1620
-1487
-1342
-1194
-1035
-812
-555
-315
-107
120
301
526
711
832
974
1052
1114
1110
1080
1066
1087
1123
1140
1136
1122
1100
1070
1042
1025
986
959
935
940
935
953
992
993
1000
954
925
860
809
787
722
679
628
545
491
462
442
444
500
519
523
566
627
686
772
859
874
832
754
659
596
602
629
616
595
554
494
455
372
274
152
49
-93
-228
-297
-358
-439
-505
-537
-580
-619
-649
-701
-707
-730
-754
-783
-761
-729
-732
-735
-732
-734
-725
-706
-652
-586
-539
-383
-249
-86
48
103
90
19
-17
-69
-172
-268
-328
-388
-467
-535
-624
-757
-837
-954
-1061
-1156
-1261
-1390
-1548
-1630
-1665
-1665
-1616
-1547
-1448
-1341
-1218
-1061
-915
-682
-496
-298
-103
43
180
351
489
605
714
813
918
946
976
1011
998
986
1011
1046
1060
1067
1107
1137
1178
1209
1210
1188
1182
1241
1196
1143
1126
1113
1036
964
889
756
611
470
353
250
170
87
-5
13
26
-14
32
76
91
166
230
281
295
238
194
176
179
192
216
264
265
246
240
172
100
42
-71
-210
-299
-406
-499
-560
-600
-611
-635
-674
-740
-801
-844
-888
-944
-970
-928
-882
-832
-756
-674
-613
-516
-462
-411
-349
-297
-158
-76
25
122
218
331
428
557
606
594
554
544
542
553
579
552
487
367
256
131
-14
-137
-303
-461
-638
-794
-879
-988
-1070
-1104
-1163
-1216
-1175
-1135
-1059
-952
-878
-769
-648
-550
-461
-350
-203
-44
74
170
258
320
335
404
488
575
667
754
827
885
971
1017
1092
1143
1163
1191
1220
1192
1151
1072
964
901
904
898
882
816
737
647
511
414
306
184
61
-51
-152
-261
-304
-339
-406
-460
-508
-595
-679
-734
-735
-671
-624
-534
-471
-398
-325
-307
-296
-366
-429
-478
-474
-419
-354
-316
-314
-354
-373
-384
-388
-441
-526
-579
-630
-669
-697
-685
-672
-615
-566
-502
-441
-412
-355
-265
-173
-72
16
111
234
330
442
635
796
930
1153
1371
1506
1585
1639
1617
1568
1558
1578
1474
1354
1238
1013
752
492
224
-57
-321
-530
-715
-867
-931
-996
-1078
-1125
-1291
-1485
-1618
-1691
-1662
-1555
-1391
-1260
-1096
-969
-829
-672
-532
-404
-274
-142
-49
61
227
391
524
681
786
818
838
880
898
950
1017
1075
1114
1135
1108
1077
1059
999
962
993
1038
1054
1047
969
824
684
580
462
316
189
-4
-328
-593
-756
-903
-1002
-1064
-1141
-1296
-1349
-1401
-1428
-1386
-1359
-1383
-1387
-1371
-1308
-1131
-944
-793
-681
-589
-521
-481
-332
-176
-74
-72
-101
-154
-194
-106
-61
-48
-35
-124
-299
-384
-340
-302
-226
-115
-62
-80
-21
68
143
265
396
456
513
620
728
882
1135
1377
1628
1832
1975
2099
2119
2094
2010
1926
1897
1911
1924
1863
1717
1438
1061
636
331
86
-81
-192
-294
-472
-696
-988
-1333
-1589
-1759
-1879
-1879
-1833
-1747
-1649
-1630
-1595
-1578
-1584
-1537
-1332
-1109
-886
-585
-411
-362
-317
-188
-111
27
216
341
463
513
574
603
645
720
827
881
941
993
1031
1063
1058
1074
997
977
980
934
822
677
461
252
122
-26
-180
-358
-591
-899
-1118
-1218
-1277
-1283
-1322
-1395
-1494
-1614
-1725
-1755
-1693
-1575
-1469
-1363
-1207
-1032
-898
-817
-706
-599
-505
-397
-214
21
204
258
255
229
156
185
244
345
454
466
328
167
89
57
166
352
465
498
534
517
497
619
805
999
1130
1235
1203
1230
1313
1397
1716
1990
2161
2146
2182
2108
1986
1945
1862
1945
1991
2026
1905
1715
1362
951
559
207
85
-60
-261
-578
-974
-1355
-1711
-1990
-2090
-2047
-2032
-2038
-2099
-2206
-2260
-2278
-2193
-2029
-1831
-1634
-1467
-1349
-1225
-1089
-1011
-866
-715
-486
-248
-73
97
215
260
346
525
692
834
929
1006
1028
1001
986
1052
1130
1193
1243
1263
1148
1055
951
815
759
665
646
616
546
375
-17
-511
-910
-981
-909
-636
-449
-730
-1246
-1831
-2225
-2296
-1862
-1436
-1266
-1308
-1630
-1961
-2018
-1733
-1295
-829
-593
-665
-773
-765
-618
-305
96
320
354
300
274
394
597
755
744
664
627
574
685
896
1090
1157
1104
1018
935
1022
1145
1318
1365
1263
1123
1013
1060
1203
1449
1614
1661
1705
1717
1801
1923
2081
2059
1976
1852
1690
1723
1788
1754
1495
1155
688
260
18
-77
-44
-168
-503
-1041
-1512
-1835
-1979
-1948
-1970
-2043
-2267
-2568
-2731
-2695
-2495
-2254
-2101
-2075
-2036
-1996
-1921
-1688
-1352
-1090
-962
-849
-750
-604
-361
-102
75
200
336
430
587
826
995
1126
1182
1157
1144
1188
1265
1328
1335
1329
1224
1024
887
777
686
663
648
510
487
312
-19
-385
-536
-628
-699
-422
-557
-858
-1133
-1458
-1770
-1700
-1386
-1455
-1433
-1582
-1926
-1939
-1703
-1490
-1181
-808
-829
-884
-731
-552
-319
94
342
323
443
500
597
851
1149
1273
1271
1217
1032
1090
1232
1330
1426
1478
1465
1316
1261
1129
1092
1126
1159
1117
1062
1030
925
914
948
1018
1100
1188
1250
1366
1457
1493
1382
1297
1342
1388
1456
1386
1313
1183
1027
824
624
508
315
69
-259
-514
-716
-966
-1189
-1468
-1671
-1814
-1978
-2162
-2239
-2328
-2476
-2538
-2540
-2432
-2339
-2165
-2050
-1989
-1871
-1791
-1628
-1421
-1183
-932
-735
-612
-469
-280
-108
63
253
441
581
679
755
811
878
1000
1108
1135
1156
1196
1127
1112
1104
1061
1011
969
926
820
666
493
266
108
-3
73
280
82
-339
-743
-989
-1204
-851
-581
-941
-1010
-1372
-1939
-1984
-1415
-1255
-1291
-1121
-1557
-1690
-1282
-1068
-867
-368
-205
-502
-266
32
159
585
951
878
893
1039
967
1123
1527
1715
1667
1652
1513
1219
1297
1460
1508
1571
1600
1315
1020
988
955
990
1170
1141
952
813
764
621
696
878
852
873
791
758
839
983
968
802
824
652
614
671
729
754
583
357
32
-106
-190
-327
-318
-564
-845
-1191
-1505
-1734
-1756
-1683
-1744
-1852
-2014
-2148
-2255
-2231
-2091
-1876
-1757
-1762
-1707
-1699
-1603
-1420
-1157
-936
-734
-574
-452
-306
-184
20
252
466
595
659
747
755
822
875
954
996
1023
1038
1023
1030
1002
931
840
804
746
692
661
476
277
98
-74
-197
-287
-458
-686
-877
-1008
-968
-730
-765
-977
-1243
-1487
-1562
-1227
-806
-778
-702
-943
-1317
-1239
-886
-700
-474
-221
-407
-385
-166
-45
195
549
702
634
741
817
855
1098
1332
1421
1491
1475
1245
1167
1347
1481
1522
1503
1370
1106
990
988
985
1125
1110
986
769
712
622
510
650
628
584
463
371
274
255
305
244
287
300
356
260
168
154
144
177
235
249
215
240
108
-25
-74
-86
-249
-353
-529
-723
-801
-971
-1159
-1252
-1226
-1296
-1425
-1501
-1625
-1687
-1668
-1597
-1508
-1399
-1345
-1338
-1179
-965
-753
-582
-398
-267
-150
-43
25
168
295
412
507
593
627
688
742
763
784
758
764
734
691
645
614
569
481
380
232
87
-79
-185
-301
-390
-475
-624
-747
-816
-882
-898
-824
-847
-859
-1041
-1046
-895
-826
-759
-880
-926
-981
-702
-587
-679
-482
-584
-677
-568
-204
-109
9
211
2
181
520
619
715
945
930
864
1013
1001
974
1108
1199
1124
1224
1245
1032
1018
1092
1143
1185
1209
1091
844
763
706
644
689
689
506
375
361
230
168
219
213
171
162
124
7
-40
32
-9
80
273
341
204
96
103
67
251
417
387
400
437
390
306
306
255
98
45
-73
-136
-79
-262
-509
-679
-717
-702
-715
-733
-836
-966
-1046
-1083
-1032
-908
-833
-820
-697
-581
-534
-455
-382
-327
-243
-132
-103
-45
38
37
10
35
49
10
19
26
29
15
-43
-134
-243
-245
-330
-383
-342
-349
-462
-545
-592
-674
-664
-625
-566
-600
-578
-634
-773
-806
-827
-799
-749
-716
-725
-722
-640
-622
-719
-615
-435
-379
-255
-103
-78
-22
293
269
252
520
527
425
548
806
585
722
898
731
890
1094
967
903
1066
936
826
997
914
743
809
804
658
726
748
519
492
592
509
444
569
484
359
464
502
303
297
339
166
173
228
152
-17
55
-48
-134
76
50
-59
-185
-133
-150
85
304
237
342
345
443
560
743
868
936
1035
1077
1105
1091
1007
867
765
709
684
516
323
193
10
-120
-255
-374
-523
-672
-796
-970
-988
-986
-1178
-1218
-1237
-1215
-1180
-1112
-1143
-1173
-1101
-1095
-1068
-997
-975
-1000
-893
-848
-838
-759
-733
-735
-703
-656
-654
-711
-731
-730
-729
-690
-699
-730
-748
-769
-754
-676
-652
-674
-645
-620
-643
-531
-456
-404
-372
-327
-341
-302
-241
-176
-151
101
480
275
178
62
203
320
758
917
558
652
371
316
484
947
917
668
849
545
644
830
795
729
958
1029
776
889
824
617
736
953
851
778
802
502
470
712
740
534
477
362
83
156
294
211
182
225
83
-54
67
8
-79
76
190
72
119
164
-4
93
316
475
437
539
618
575
838
879
979
1073
1269
1375
1358
1522
1445
1424
1359
1414
1347
1324
1214
852
739
567
432
175
22
-239
-575
-703
-964
-1221
-1360
-1506
-1730
-1838
-1752
-1913
-2021
-2028
-2045
-2008
-1901
-1884
-1974
-1879
-1808
-1789
-1673
-1525
-1451
-1392
-1208
-1167
-1026
-974
-960
-918
-831
-779
-799
-679
-612
-527
-440
-370
-340
-319
-284
-266
-165
-53
-18
-6
42
59
25
110
156
180
204
213
223
266
273
255
239
340
446
527
397
477
543
539
733
734
694
617
792
653
728
951
763
672
675
750
624
729
654
445
592
637
554
517
494
343
306
478
380
275
325
298
212
325
402
199
161
206
145
185
272
188
66
200
256
252
455
512
391
413
558
499
591
843
743
778
843
877
767
856
965
998
1336
1374
1362
1287
1318
1377
1432
1652
1568
1572
1448
1286
1184
1021
883
575
369
158
-105
-355
-653
-912
-1178
-1361
-1542
-1751
-1995
-2193
-2338
-2418
-2435
-2491
-2560
-2586
-2569
-2541
-2474
-2409
-2326
-2192
-2060
-1928
-1746
-1570
-1425
-1315
-1164
-1030
-896
-733
-670
-584
-445
-296
-213
-134
-59
-3
53
168
238
287
327
273
235
280
319
346
412
356
319
339
302
313
368
400
366
375
384
343
337
425
391
416
412
290
200
377
497
436
420
256
135
100
365
377
391
411
138
32
101
245
264
399
371
271
321
357
325
262
392
402
461
577
454
347
394
551
630
745
765
639
616
711
755
813
920
850
742
827
887
966
1079
1105
1056
1118
1137
1112
1074
1095
1047
968
991
966
957
895
936
908
1052
1058
954
907
821
867
860
994
881
711
578
418
331
320
279
-11
-285
-508
-757
-866
-939
-1088
-1301
-1490
-1670
-1870
-1982
-2144
-2291
-2432
-2431
-2447
-2437
-2399
-2439
-2380
-2318
-2177
-2011
-1872
-1776
-1730
-1654
-1522
-1392
-1274
-1092
-1008
-894
-711
-519
-394
-263
-123
-82
-59
37
44
72
142
157
226
280
297
268
274
296
278
357
354
334
308
272
226
202
222
130
132
91
70
24
-39
-63
-11
67
62
104
6
-101
-54
93
126
241
361
170
182
275
337
348
440
479
390
527
602
655
725
774
778
863
1038
1077
1085
1125
1106
1050
1137
1188
1123
1158
1201
1174
1192
1300
1224
1166
1204
1141
1114
1177
1182
1041
1049
1009
917
955
991
903
805
833
768
671
691
618
522
511
437
354
307
263
131
142
286
328
361
330
197
14
72
269
272
338
239
-4
-180
-197
-193
-249
-269
-488
-752
-1009
-1138
-1267
-1352
-1426
-1587
-1695
-1854
-2003
-2154
-2212
-2269
-2283
-2228
-2264
-2262
-2233
-2195
-2169
-2013
-1867
-1830
-1680
-1628
-1545
-1395
-1260
-1071
-945
-795
-720
-618
-493
-374
-264
-208
-136
-129
-43
-8
-11
13
22
83
96
141
108
110
120
137
149
120
161
114
97
66
107
136
148
157
121
148
217
227
467
582
436
315
310
469
578
975
857
788
756
554
765
959
1297
1113
1102
1047
960
1140
1163
1251
1145
1229
1176
1137
1210
1123
1069
1079
1174
1147
1193
1106
964
966
989
1049
1060
1138
1012
888
909
894
884
908
976
929
892
841
737
695
653
613
558
559
522
385
383
278
225
159
124
89
29
19
-113
-101
-178
-115
-46
13
6
-103
-38
-147
-102
-28
-30
-82
-233
-308
-440
-487
-493
-581
-744
-882
-1072
-1270
-1372
-1489
-1615
-1699
-1771
-1877
-1988
-2109
-2213
-2236
-2296
-2282
-2214
-2187
-2148
-2114
-2038
-1973
-1874
-1776
-1624
-1499
-1386
-1236
-1166
-1052
-935
-788
-711
-616
-468
-455
-367
-290
-243
-181
-86
-25
63
129
144
161
157
212
260
349
422
479
466
480
565
601
727
729
744
724
685
693
684
769
797
1010
913
836
677
530
502
635
889
803
951
715
584
559
713
888
816
922
719
712
710
809
869
896
1021
987
1090
1137
1133
1089
1120
1128
1226
1441
1382
1340
1314
1234
1184
1254
1332
1238
1227
1137
1041
1003
1000
989
912
899
798
781
787
673
633
579
495
435
407
416
280
161
97
11
-72
-74
-114
-225
-307
-389
-500
-523
-485
-583
-623
-642
-696
-733
-747
-820
-915
-879
-937
-969
-988
-1103
-1240
-1363
-1407
-1430
-1410
-1431
-1501
-1593
-1692
-1718
-1692
-1665
-1736
-1789
-1806
-1778
-1726
-1706
-1680
-1678
-1699
-1655
-1572
-1474
-1412
-1403
-1422
-1375
-1230
-1079
-955
-876
-810
-766
-688
-586
-483
-351
-300
-286
-240
-173
-110
-21
66
192
300
358
347
345
395
383
491
584
629
618
634
617
588
650
643
724
731
773
756
725
760
746
814
823
870
892
887
874
886
896
856
916
923
980
1030
1045
1059
1011
1061
1070
1094
1207
1255
1212
1211
1275
1166
1192
1234
1191
1229
1383
1251
1079
1255
1265
1258
1240
1374
1273
1157
1206
1153
1148
1034
1134
1003
863
959
899
739
578
604
563
519
500
427
218
89
58
-3
-12
-113
-185
-303
-437
-568
-589
-612
-753
-831
-932
-931
-1086
-1178
-1202
-1304
-1397
-1426
-1483
-1548
-1603
-1621
-1708
-1773
-1729
-1767
-1772
-1772
-1798
-1875
-1838
-1793
-1748
-1648
-1599
-1594
-1601
-1546
-1487
-1344
-1286
-1223
-1182
-1096
-1065
-995
-865
-829
-773
-687
-661
-632
-568
-583
-625
-570
-493
-415
-324
-285
-228
-212
-222
-236
-107
35
20
84
135
140
190
303
403
325
306
398
389
384
417
343
514
521
583
538
711
765
603
904
887
820
840
1057
981
833
1148
1098
977
1138
1181
1250
1015
1238
1192
1089
1262
1365
1387
1045
1309
1168
1213
1095
1341
1346
1019
1299
1337
1198
1184
1453
1187
1091
1410
1458
1008
1144
1195
898
964
1062
1093
901
902
770
687
620
682
724
470
386
408
193
164
179
60
-53
-128
-170
-291
-298
-240
-422
-600
-615
-591
-730
-815
-919
-1072
-1257
-1213
-1238
-1377
-1327
-1459
-1656
-1700
-1672
-1686
-1731
-1776
-1764
-1825
-1735
-1808
-1653
-1638
-1768
-1645
-1569
-1450
-1549
-1346
-1327
-1382
-1346
-1150
-1136
-1041
-984
-1009
-1010
-978
-710
-914
-667
-639
-616
-674
-563
-443
-482
-235
-321
-226
-310
-128
-47
-151
-56
-58
148
17
155
290
252
249
199
393
319
547
347
392
566
356
587
565
798
651
633
688
525
608
818
920
634
889
1008
772
797
1045
1025
799
896
1086
993
899
1028
1243
896
1167
1348
1007
1210
1273
1209
839
1331
1383
1239
1147
1271
1223
1100
1198
1099
1217
973
1212
809
969
1024
1079
927
653
1126
876
632
567
813
553
362
409
329
135
205
97
-97
-93
-124
-63
-552
-376
-249
-400
-769
-547
-299
-822
-979
-902
-663
-1200
-984
-921
-1090
-1083
-1157
-999
-1369
-974
-1032
-1288
-1350
-1005
-943
-1490
-1241
-982
-1252
-1359
-1178
-1070
-1170
-1212
-1236
-1172
-1108
-1056
-960
-1136
-966
-926
-1022
-1092
-715
-693
-1138
-761
-645
-995
-968
-724
-632
-622
-787
-459
-430
-588
-488
-462
-276
-471
-263
-111
-300
15
267
2
-198
352
72
60
229
450
438
172
545
304
630
379
564
704
492
685
318
701
709
315
867
877
615
683
809
983
599
867
961
823
1163
708
1004
1162
1126
975
921
1508
1028
1046
983
1265
1045
930
1259
1017
1277
670
1483
1049
928
1167
1047
1064
879
948
1142
957
830
876
792
916
490
730
601
550
267
560
534
56
384
195
172
-156
108
60
-159
-474
-24
-203
-823
-401
-664
-661
-689
-790
-581
-799
-781
-974
-713
-810
-1096
-920
-1051
-1010
-1064
-1047
-1038
-1075
-949
-1283
-852
-1120
-946
-1227
-937
-994
-1415
-780
-1130
-783
-1439
-550
-909
-1365
-663
-936
-736
-1203
-627
-763
-694
-909
-946
-452
-875
-1020
-475
-417
-1007
-468
-462
-652
-740
-224
-400
-484
-485
16
-207
-625
-61
-278
85
-542
265
104
-272
71
-92
407
-196
453
118
242
312
428
378
196
618
453
435
729
688
658
587
533
668
831
842
589
1038
926
790
581
1264
852
563
1158
1305
911
841
1471
923
943
1126
1216
1182
1290
1075
881
1458
1344
672
1407
1419
771
951
1398
1130
490
1357
1051
568
634
1118
751
417
713
623
488
281
440
230
365
174
-219
355
165
-330
2
114
-270
-799
-194
-256
-752
-694
-323
-574
-1016
-545
-942
-894
-778
-1249
-836
-828
-1039
-1227
-886
-958
-1367
-978
-846
-1173
-1358
-1017
-907
-1565
-604
-1132
-864
-858
-1152
-597
-1221
-512
-1234
-248
-870
-874
-606
-783
-430
-926
-178
-867
-592
-495
-664
-668
-416
-540
-604
-649
-431
-729
-560
-301
-909
-198
-395
-643
-514
-94
-475
-697
76
-401
-283
-289
-124
-20
-234
38
-96
145
-9
-149
362
-192
430
402
144
629
313
599
336
844
566
688
1011
651
844
810
953
834
853
1130
1137
684
1467
1086
1081
975
1248
1313
599
1745
1157
1170
1063
1294
1248
750
1481
917
1215
907
896
1139
809
1070
591
1034
1077
595
967
817
693
377
800
659
304
343
817
357
-87
500
527
-6
-213
381
-25
-399
112
18
-421
-383
57
-745
-413
2
-1028
-497
-467
-792
-1266
-406
-664
-1237
-744
-761
-871
-1176
-757
-1001
-1170
-998
-896
-915
-1134
-880
-1135
-926
-1116
-1358
-528
-1069
-1137
-769
-746
-924
-1099
-457
-1218
-805
-649
-738
-993
-485
-582
-1321
-544
-594
-645
-1109
-210
-740
-826
-571
-848
-386
-869
-407
-807
-223
-697
-792
-150
-544
-454
-443
-296
-538
-54
-441
-359
265
-143
-234
231
359
-90
308
636
193
398
698
451
467
1104
694
706
1163
686
1021
954
1388
1084
1061
1320
1224
877
1127
1539
885
961
1505
1054
945
1452
1059
1112
920
1338
971
1054
1068
946
1162
401
1380
766
750
868
1028
597
505
1348
333
652
789
592
314
453
734
223
392
435
148
151
402
105
-14
204
128
-510
267
-71
-510
266
-378
-543
-405
190
-674
-497
-55
-569
-728
-414
-292
-1038
-364
-625
-888
-631
-753
-566
-1076
-666
-855
-849
-867
-1063
-678
-1013
-1150
-1049
-1158
-918
-1044
-1401
-758
-987
-1463
-716
-987
-1146
-1025
-584
-1087
-1081
-498
-1085
-919
-653
-1015
-1004
-684
-788
-1001
-839
-554
-880
-789
-513
-794
-569
-490
-908
-132
-564
-711
-168
-309
-239
-576
569
-129
-340
577
138
-39
117
791
-114
413
658
442
279
983
684
275
1073
752
738
711
1286
559
939
1214
669
1150
1210
882
964
1315
993
904
1105
1224
886
967
1187
1004
928
1129
912
859
1155
726
910
992
972
705
893
905
464
842
758
762
595
919
617
417
831
408
469
516
715
107
559
695
84
282
770
57
-158
795
-8
-161
166
148
-173
-86
-2
-461
-56
-341
-467
-182
-215
-539
-593
-271
-600
-852
-502
-420
-1120
-732
-608
-912
-1063
-799
-630
-1331
-699
-858
-1205
-1166
-709
-954
-1379
-705
-923
-1306
-870
-851
-1311
-825
-916
-1241
-839
-763
-1230
-831
-787
-1362
-899
-501
-1105
-953
-526
-833
-855
-706
-635
-827
-300
-895
-592
-411
-643
-407
-438
-125
-572
-130
-424
-59
-144
-175
-74
166
108
-170
561
17
282
54
656
335
371
694
441
795
418
859
836
830
621
901
1189
478
812
1436
614
598
1216
1237
317
1352
1360
191
1080
1131
618
435
1570
817
380
1207
811
593
830
1073
623
685
881
672
464
929
847
295
676
882
406
617
717
730
422
602
760
457
662
458
505
245
305
396
310
293
149
442
-130
38
421
-83
-259
259
32
-624
16
265
-751
-425
5
-690
-555
-254
-270
-918
-472
-453
-1111
-380
-809
-703
-780
-820
-946
-876
-588
-1130
-909
-644
-1161
-1099
-541
-1085
-1028
-810
-817
-1048
-1059
-400
-1197
-1116
-747
-597
-1287
-846
-155
-1203
-1014
-292
-651
-1006
-210
-449
-843
-355
-334
-687
-285
-370
-689
-363
-95
-572
-422
71
-382
-624
-133
45
-642
-31
176
-192
-195
274
180
-120
291
316
13
239
425
276
119
571
507
17
611
710
574
165
774
712
268
374
929
680
313
644
815
690
172
946
828
353
712
995
789
250
1078
960
341
750
1020
591
807
918
634
735
866
912
468
946
877
632
779
544
890
425
578
586
400
538
529
656
263
677
495
116
462
843
236
205
702
181
-16
307
401
5
14
75
-85
-112
-93
51
-190
-340
-384
-66
-518
-621
14
-590
-813
-323
-327
-905
-669
-190
-1089
-870
-370
-833
-1026
-596
-703
-1064
-740
-775
-910
-816
-664
-935
-865
-797
-868
-822
-966
-802
-668
-740
-880
-809
-630
-957
-970
-481
-773
-945
-371
-461
-844
-519
-119
-598
-740
94
-484
-574
-85
-191
-465
-489
234
-347
-359
-75
69
-424
-394
104
-22
-341
-39
477
-285
-168
498
303
-283
395
719
-23
107
885
299
-10
678
741
226
27
989
335
-1
769
785
217
387
961
327
357
947
796
374
810
796
586
773
823
802
579
854
936
396
1064
769
602
706
919
793
329
1145
497
723
596
594
653
538
666
221
768
524
402
280
722
510
21
668
391
162
119
467
218
114
503
176
72
146
245
-78
-112
252
-289
-167
-188
-179
-322
-457
-154
-630
-401
-581
-537
-545
-667
-412
-611
-560
-714
-423
-667
-664
-636
-505
-736
-809
-464
-989
-616
-928
-595
-883
-809
-669
-1016
-784
-811
-808
-986
-703
-760
-964
-806
-572
-802
-586
-506
-840
-586
-433
-574
-533
-360
-156
-533
-471
-218
-313
-318
-425
43
-307
-368
-305
20
-116
-406
270
35
-248
12
259
-91
-112
376
211
-74
304
258
93
277
391
188
397
573
356
461
550
389
632
528
517
655
791
288
436
919
596
370
587
972
57
542
608
525
494
548
803
323
735
535
790
315
731
735
452
438
700
724
77
987
579
429
551
914
383
329
908
404
479
454
697
160
436
470
338
30
333
552
-258
195
337
215
-201
80
341
-278
25
185
-2
-130
-47
60
-377
-246
43
-351
-418
-254
-274
-622
-624
-376
-416
-1035
-547
-431
-819
-972
-496
-543
-1205
-711
-575
-859
-1016
-337
-666
-980
-603
-536
-819
-807
-402
-673
-725
-512
-438
-693
-654
-363
-423
-818
-309
-451
-724
-409
-383
-432
-604
-185
-560
-376
-310
-234
-284
-286
-108
-383
-63
-127
79
-188
163
196
-311
263
147
136
-116
403
268
-111
515
123
286
125
362
200
221
380
274
380
44
383
466
252
281
566
515
230
644
457
493
489
604
569
452
681
508
599
340
582
649
405
491
667
542
199
438
762
249
301
572
647
310
428
802
323
460
522
622
379
478
740
384
415
552
478
390
523
465
394
387
296
323
205
43
135
164
132
-247
125
-18
-384
-98
-124
-214
-399
-150
-200
-586
-247
-219
-540
-443
-458
-360
-595
-573
-445
-655
-346
-726
-594
-538
-494
-747
-583
-360
-863
-602
-695
-703
-851
-606
-632
-812
-739
-686
-543
-861
-427
-467
-494
-597
-443
-281
-534
-585
-272
-293
-584
-312
-218
-305
-628
-58
-204
-512
-92
-72
-298
-391
261
-273
-242
173
-76
-116
-99
181
-128
114
67
93
282
216
235
371
265
228
335
323
486
239
523
313
506
281
471
563
249
543
510
525
172
634
539
216
582
425
504
405
382
496
407
472
352
510
479
337
484
267
558
430
223
585
448
241
318
644
310
141
409
419
13
424
288
214
317
185
344
117
400
225
280
247
222
208
25
329
18
148
66
114
7
2
111
-18
-32
18
-105
-162
-43
-225
-208
-19
-161
-290
-357
-233
-433
-378
-335
-531
-250
-530
-530
-357
-424
-413
-534
-460
-576
-485
-522
-599
-462
-418
-585
-659
-333
-569
-576
-510
-405
-487
-542
-460
-525
-451
-401
-429
-545
-337
-258
-488
-434
-214
-275
-439
-462
-139
-211
-378
-265
-94
-246
-242
16
-229
-144
-117
56
-113
-14
155
-38
10
91
207
141
208
190
166
188
151
196
373
266
156
377
403
209
252
486
438
283
420
449
316
384
259
215
374
352
410
425
430
414
284
460
292
427
507
315
403
300
442
253
468
299
314
425
271
398
347
468
221
229
172
319
105
210
306
191
205
162
164
213
248
247
145
179
300
22
188
184
205
24
125
301
-3
114
95
144
-99
75
143
28
-13
-85
-47
-243
-91
-132
-269
-274
-241
-229
-348
-271
-141
-313
-330
-248
-366
-391
-266
-385
-434
-512
-353
-444
-512
-473
-266
-331
-616
-360
-294
-525
-546
-312
-549
-532
-443
-560
-495
-489
-446
-565
-438
-346
-437
-441
-321
-299
-345
-498
-198
-261
-435
-173
-238
-366
-352
34
-151
-130
4
87
-164
-91
104
-106
94
-26
-8
73
5
48
79
205
-18
42
285
112
262
137
249
220
346
223
270
454
243
394
411
480
294
516
335
179
332
464
375
275
410
395
335
301
455
391
388
375
415
286
375
483
404
274
414
475
265
328
464
486
230
278
406
354
117
367
403
179
281
346
274
213
350
144
81
199
222
64
-41
200
78
-58
145
170
159
-98
89
-8
-163
7
-22
-60
-162
62
-42
-124
-150
-89
-102
-232
-272
-167
-195
-392
-382
-359
-354
-519
-320
-365
-535
-443
-415
-458
-632
-375
-413
-564
-443
-473
-530
-530
-411
-552
-524
-446
-502
-544
-597
-412
-415
-542
-495
-338
-424
-435
-407
-424
-362
-388
-287
-322
-222
-163
-232
-205
-159
-112
-288
-136
-63
-16
-106
102
112
-106
149
156
113
43
296
241
-5
231
308
230
246
422
293
115
423
268
109
298
472
178
162
439
315
272
268
539
408
173
416
339
415
332
328
508
370
438
279
487
387
297
357
310
431
261
329
274
307
311
311
282
246
291
259
269
240
313
311
324
267
304
311
303
160
170
301
194
187
154
197
148
58
94
81
91
75
11
-51
-31
-18
-66
-40
-119
-123
-94
-120
-302
-114
-15
-236
-236
-134
-185
-322
-237
-250
-250
-251
-319
-448
-226
-196
-446
-392
-334
-382
-561
-353
-421
-464
-466
-494
-533
-506
-470
-580
-505
-576
-433
-555
-469
-493
-391
-432
-579
-394
-375
-380
-413
-245
-333
-321
-229
-215
-267
-241
-118
-232
-184
-113
-115
-153
6
-82
-136
-3
-54
-46
22
151
32
99
263
122
172
391
306
102
260
354
199
239
353
287
300
337
341
231
362
364
318
354
448
456
302
469
373
394
317
476
333
320
481
410
353
373
534
326
418
395
398
309
329
333
318
343
250
301
340
196
184
270
311
163
254
344
116
124
130
150
-13
78
135
62
-60
37
108
-108
-69
13
-2
-56
-57
-33
-28
-49
-157
-168
-95
-136
-208
-231
-75
-111
-288
-198
-66
-323
-264
-193
-244
-317
-251
-218
-386
-158
-220
-391
-228
-252
-358
-267
-204
-279
-418
-274
-421
-516
-353
-356
-416
-480
-416
-411
-319
-345
-429
-366
-396
-457
-422
-290
-369
-287
-268
-301
-345
-233
-231
-331
-244
-200
-225
-242
-151
-196
-105
-77
-161
-156
-46
-36
-92
-17
60
134
15
156
226
99
193
186
146
188
292
179
250
376
281
239
363
381
289
359
451
418
392
450
387
441
442
322
402
404
356
358
427
422
326
394
389
312
296
376
297
374
421
354
296
378
279
228
308
349
285
239
357
168
222
195
160
70
140
94
-3
48
48
45
-32
8
23
49
-61
-58
-38
22
-111
-165
-8
14
-76
-109
-45
-118
-123
-187
-221
-157
-143
-247
-254
-241
-237
-272
-222
-200
-273
-284
-228
-352
-325
-235
-350
-344
-202
-154
-264
-248
-258
-342
-432
-322
-341
-354
-322
-359
-340
-343
-288
-318
-314
-314
-285
-243
-246
-334
-244
-204
-217
-298
-301
-178
-178
-214
-235
-84
-120
-170
-164
-22
-45
-107
-20
-48
-75
-31
-39
-34
-14
-30
-56
-32
13
26
44
91
143
112
125
159
155
152
189
200
190
194
278
272
248
278
291
318
337
352
377
366
337
337
288
280
314
263
248
323
322
322
276
301
304
269
248
285
318
278
327
315
265
269
319
217
179
223
213
204
157
184
154
164
97
90
132
122
75
53
97
89
53
-15
22
-43
-70
-86
-78
-19
-31
-66
-44
-36
-71
-70
-83
-101
-182
-120
-85
-184
-217
-179
-185
-228
-266
-226
-233
-280
-268
-249
-211
-263
-265
-261
-264
-304
-301
-294
-308
-346
-297
-314
-369
-344
-307
-326
-309
-282
-258
-208
-235
-263
-201
-164
-257
-238
-159
-150
-199
-151
-132
-109
-113
-154
-117
-103
-125
-153
-93
-84
-121
-103
-36
-27
-44
-30
2
6
44
92
102
88
127
110
84
123
99
167
150
108
106
140
187
147
163
171
166
120
171
185
170
174
147
189
209
238
212
206
200
192
196
205
229
201
214
219
256
230
222
242
221
206
188
192
162
196
208
206
226
228
169
210
219
185
182
172
152
107
112
119
112
111
86
64
50
78
78
97
87
85
51
45
71
69
59
-16
9
-3
-28
-57
-68
-53
-78
-131
-141
-146
-122
-141
-151
-105
-96
-105
-138
-120
-152
-143
-181
-191
-220
-246
-201
-222
-203
-172
-181
-194
-216
-219
-199
-219
-188
-208
-209
-192
-211
-241
-208
-221
-248
-236
-228
-272
-254
-206
-233
-212
-213
-182
-195
-206
-155
-115
-124
-128
-103
-108
-139
-130
-101
-91
-65
-72
-70
-35
-11
-29
-16
22
3
-47
-66
-38
-10
-12
-4
29
51
66
82
127
131
157
160
162
180
159
203
199
190
204
198
218
187
198
245
197
179
194
204
167
188
181
180
228
217
217
243
206
160
178
178
201
174
169
179
133
124
153
146
123
152
180
139
143
158
151
161
151
127
108
130
119
88
66
80
60
25
20
55
50
14
22
49
20
-27
-36
-28
-16
-43
-48
-32
-21
-43
-44
-54
-28
-31
-53
-88
-73
-73
-136
-149
-148
-161
-167
-179
-146
-161
-162
-162
-179
-194
-160
-163
-200
-182
-170
-148
-183
-173
-190
-213
-237
-239
-221
-232
-239
-223
-231
-203
-207
-207
-191
-215
-195
-191
-165
-171
-187
-154
-131
-162
-164
-128
-140
-180
-130
-109
-124
-120
-99
-63
-48
-46
-42
-12
-3
16
15
55
60
48
58
75
78
107
89
132
161
137
155
174
185
171
186
183
197
162
183
206
207
223
251
254
258
236
235
250
233
240
209
209
208
197
174
165
183
157
146
163
162
162
153
169
175
142
120
112
104
80
88
90
64
78
79
48
49
53
28
48
38
23
22
28
20
0
-9
-26
-46
-42
-55
-55
-65
-53
-56
-80
-56
-38
-91
-82
-82
-116
-103
-100
-92
-99
-99
-96
-124
-129
-133
-157
-154
-143
-150
-141
-133
-120
-126
-118
-131
-153
-140
-137
-163
-167
-145
-146
-167
-160
-122
-121
-145
-143
-148
-152
-153
-164
-144
-145
-121
-118
-118
-86
-84
-65
-67
-61
-39
-63
-62
-40
-45
-18
-14
-21
-27
-31
-14
-16
1
35
11
20
22
42
50
50
60
68
84
81
75
88
102
83
91
114
122
128
126
138
152
133
125
118
135
150
123
120
138
117
111
123
111
104
121
115
117
127
121
106
108
114
133
139
128
123
113
105
101
127
127
105
100
78
43
60
65
60
71
59
59
54
29
23
18
31
37
-3
-4
15
4
8
9
-5
-16
-36
-40
-50
-56
-53
-74
-87
-80
-76
-49
-55
-58
-61
-81
-98
-93
-96
-99
-110
-113
-103
-136
-120
-121
-113
-110
-112
-102
-111
-105
-120
-141
-143
-138
-144
-122
-121
-129
-124
-130
-123
-130
-119
-101
-108
-90
-95
-101
-75
-89
-113
-85
-77
-84
-83
-82
-60
-62
-78
-53
-24
-37
-25
-16
-8
-4
-10
-3
11
7
10
21
23
21
15
48
51
56
62
69
68
85
96
75
72
74
68
69
93
83
79
93
96
93
108
114
107
101
116
125
113
124
129
105
108
123
118
119
126
124
125
136
140
118
110
117
111
100
99
95
94
92
76
77
73
51
51
41
39
41
41
38
49
51
29
19
15
14
17
7
-4
-7
-25
-36
-40
-50
-47
-34
-37
-17
-20
-19
-33
-34
-35
-46
-54
-69
-83
-107
-87
-103
-108
-92
-109
-118
-89
-77
-81
-58
-67
-83
-71
-75
-78
-82
-88
-108
-102
-87
-95
-83
-94
-101
-84
-101
-114
-103
-108
-97
-93
-97
-74
-72
-76
-82
-75
-58
-78
-79
-54
-62
-66
-64
-65
-56
-47
-39
-16
-18
-27
-20
-15
-9
-2
0
-6
18
25
17
30
20
19
15
31
52
52
60
60
60
59
61
74
67
70
81
78
79
74
101
97
93
104
99
107
112
108
106
104
104
83
71
83
79
91
93
84
93
83
75
83
87
81
84
95
92
75
82
61
48
43
50
55
46
43
32
24
24
24
38
36
32
38
12
20
18
3
6
8
4
-3
-5
-10
-30
-31
-42
-50
-32
-35
-30
-20
-39
-65
-72
-64
-68
-78
-56
-68
-67
-80
-86
-79
-92
-89
-88
-72
-68
-81
-82
-70
-78
-90
-88
-83
-72
-68
-62
-62
-70
-87
-94
-105
-103
-99
-89
-83
-68
-63
-75
-72
-69
-60
-49
-55
-60
-47
-44
-43
-35
-23
-28
-28
-38
-14
-17
-17
2
0
1
-9
-15
-25
-9
-16
-5
5
-1
14
17
26
50
55
54
62
64
62
62
64
60
81
59
69
80
76
81
83
88
89
107
89
93
100
101
100
94
94
81
71
66
72
59
60
70
55
60
76
71
65
61
55
61
55
59
62
61
64
68
67
50
53
50
37
39
35
25
18
21
4
3
-1
-4
-13
-15
-15
-3
-3
-8
-3
-13
-3
-2
-3
-10
-12
-26
-33
-34
-40
-39
-38
-52
-58
-58
-60
-70
-72
-82
-71
-61
-70
-72
-71
-66
-64
-74
-71
-55
-56
-69
-68
-74
-83
-99
-107
-97
-90
-95
-84
-74
-72
-72
-56
-56
-64
-55
-61
-64
-59
-48
-46
-43
-55
-48
-51
-61
-46
-36
-45
-46
-34
-33
-35
-29
-29
-23
-6
-9
12
13
11
15
9
8
21
28
32
35
34
41
36
27
39
46
49
54
55
53
60
62
54
76
78
77
79
85
84
74
71
77
76
55
65
64
64
60
52
60
59
59
66
65
70
67
72
78
77
78
70
63
51
48
51
36
31
20
4
11
10
12
20
21
14
23
18
20
29
22
16
9
0
5
7
4
-3
5
20
12
7
0
-8
-15
-18
-28
-25
-24
-31
-35
-37
-47
-49
-49
-42
-39
-45
-49
-46
-37
-34
-26
-32
-42
-52
-67
-67
-66
-68
-51
-38
-50
-43
-28
-30
-43
-38
-31
-47
-51
-51
-54
-56
-57
-48
-47
-49
-59
-71
-77
-71
-52
-49
-40
-29
-32
-36
-22
-19
-13
-23
-20
-19
-20
-17
-12
-8
-8
-21
-21
-20
-21
-8
-9
-3
-5
4
-3
-1
11
8
13
9
7
18
24
31
42
45
41
36
38
40
34
44
51
41
48
52
46
55
54
49
55
48
55
54
64
62
43
49
49
47
43
37
40
53
55
57
63
59
58
57
59
60
54
57
56
45
54
46
38
27
21
18
8
5
8
2
-8
-20
-15
4
5
5
14
13
2
-3
-19
-24
-20
-32
-36
-33
-33
-39
-43
-39
-53
-58
-66
-55
-56
-55
-38
-36
-40
-51
-59
-65
-56
-51
-54
-56
-55
-54
-46
-48
-47
-47
-39
-41
-37
-28
-33
-38
-31
-28
-29
-27
-24
-31
-37
-25
-18
-16
-23
-15
-25
-25
-14
-15
-14
-19
-9
-16
-6
-6
-5
1
-8
-2
9
8
20
24
23
27
17
15
10
13
12
13
18
22
22
15
29
29
23
22
24
26
19
32
40
42
49
37
39
38
50
43
37
43
45
36
30
45
46
48
45
43
34
24
9
14
27
27
27
25
32
31
26
25
21
20
18
21
20
27
18
14
14
18
24
24
26
22
24
10
11
8
1
-6
-3
-4
-19
-17
-13
-6
-1
8
3
-7
-5
-7
-15
-19
-31
-37
-31
-28
-24
-30
-34
-24
-25
-33
-25
-27
-29
-25
-33
-37
-31
-31
-48
-41
-33
-38
-36
-35
-37
-32
-38
-43
-39
-40
-40
-49
-48
-46
-51
-47
-47
-41
-27
-34
-34
-34
-32
-20
-23
-24
-21
-29
-23
-18
-14
-17
-28
-26
-22
-19
-9
-3
3
4
7
11
11
21
23
22
24
25
22
16
19
19
20
17
11
19
17
22
27
29
30
26
28
29
31
30
31
29
31
42
42
43
54
45
41
37
33
20
9
17
28
38
38
33
33
26
19
24
28
29
24
29
36
38
31
32
36
28
35
27
22
17
20
27
26
27
25
17
3
9
15
11
9
12
17
16
12
8
11
5
4
8
1
-12
-16
-10
-10
-15
-29
-38
-41
-49
-46
-45
-41
-40
-40
-34
-32
-26
-26
-23
-24
-28
-34
-33
-31
-36
-38
-40
-39
-54
-58
-56
-48
-55
-55
-50
-50
-41
-33
-20
-22
-20
-17
-11
-20
-25
-21
-19
-26
-33
-29
-34
-34
-19
-22
-16
-7
-7
-10
-3
10
15
16
21
20
15
10
15
16
26
23
11
12
6
-2
13
21
22
22
17
19
16
21
27
27
18
20
15
13
21
25
17
20
24
18
20
22
26
24
19
25
29
24
30
35
21
21
13
8
18
20
23
23
37
37
23
29
32
25
21
26
33
31
22
18
10
9
10
5
9
15
14
11
15
16
10
6
3
9
12
8
4
11
8
6
1
-10
-14
-20
-25
-21
-29
-35
-36
-33
-28
-27
-25
-29
-26
-24
-26
-26
-26
-22
-25
-20
-23
-31
-31
-40
-38
-29
-31
-37
-33
-31
-32
-28
-27
-23
-24
-23
-23
-17
-7
-6
-11
-13
-15
-10
-12
-13
-5
-7
-6
-5
-1
5
3
-1
3
12
10
5
6
1
-1
-1
1
-1
0
11
3
0
2
-5
-9
-5
-6
-2
6
11
14
14
15
21
21
19
21
21
19
14
10
10
8
6
7
6
1
1
6
13
18
23
26
25
26
19
8
6
2
-3
7
15
19
19
21
19
18
17
22
26
24
28
30
31
30
25
16
6
-7
-8
-8
-10
-4
4
7
6
3
3
6
7
8
0
-4
-1
-2
5
2
-2
-3
-9
-11
-8
-9
-6
-6
-14
-9
-6
-4
0
-1
-1
1
-3
-6
-13
-22
-28
-28
-22
-17
-20
-23
-14
-15
-15
-13
-11
-13
-13
-8
-4
1
3
-4
-6
-10
-17
-20
-22
-15
-4
-2
-5
-10
-12
-13
-10
-8
-8
3
2
4
6
4
-5
-6
-7
-12
-13
-13
-11
-11
-9
-2
-2
-7
-9
-9
-7
-4
1
2
11
9
3
3
-9
-13
-11
-8
-3
3
6
11
14
8
11
12
10
3
1
3
12
12
14
18
18
12
11
18
15
15
16
13
14
17
8
9
3
-3
-1
8
10
19
16
14
12
8
8
10
7
10
8
10
18
14
14
7
5
4
2
6
15
14
7
10
6
0
-5
-13
-10
-7
6
10
11
12
4
0
-5
1
3
2
-3
-5
-5
-5
-6
-6
-13
-13
-16
-20
-16
-14
-7
-8
-8
-7
-13
-11
-10
-17
-10
-9
-3
-5
-8
-5
-10
-12
-16
-23
-26
-26
-31
-21
-16
-10
-11
-11
-8
-8
-7
-2
-1
-5
-9
-12
-9
-8
-7
-5
-5
-4
-9
-11
-6
-11
-8
2
2
0
2
4
10
12
11
8
13
6
2
2
-1
1
2
1
3
10
10
8
8
10
7
7
11
15
15
18
22
19
16
16
13
12
10
4
-1
3
5
7
13
16
13
16
20
14
15
8
-1
0
-3
-4
3
1
4
1
3
8
7
1
4
5
4
8
8
11
12
12
9
11
8
8
2
1
2
4
3
4
3
5
11
9
7
0
7
5
-2
-2
-4
-4
-12
-11
-8
-12
-7
-2
-2
-5
-7
-10
-10
-5
-9
-13
-16
-17
-20
-24
-17
-20
-29
-28
-26
-22
-20
-20
-18
-15
-14
-15
-14
-13
-16
-14
-10
-9
-3
-2
-7
-10
-12
-9
-8
-5
-3
-3
-6
-1
-8
-5
-1
-2
-1
0
5
11
15
16
19
17
13
10
6
5
0
-3
-2
-5
-2
-4
-7
-3
2
4
4
1
4
4
6
13
10
18
15
10
10
6
6
5
-3
-4
1
4
7
8
10
12
10
8
12
11
15
13
13
14
9
9
10
10
7
6
-3
-2
-1
2
6
8
15
15
15
12
11
7
2
-1
1
2
3
1
2
2
-4
-4
3
-1
2
6
