-1
-1
1
1
0
0
0
3
3
5
4
3
2
0
1
2
1
2
2
2
1
0
2
1
2
4
3
4
4
2
0
0
-1
-2
0
0
0
0
-2
-3
-5
0
-2
-1
1
-2
-2
-3
-5
-2
-4
-5
-3
-3
-4
-4
-4
-5
-4
-2
-3
-1
-1
-3
-3
-4
-4
-3
-3
-3
-3
-1
-1
1
-3
0
-1
-3
0
-2
-1
-1
-1
0
1
-1
1
-2
-2
1
0
3
2
2
2
3
1
3
3
3
3
2
3
1
-1
2
3
4
3
2
4
4
5
4
4
4
4
4
4
4
4
3
2
2
2
3
3
0
2
1
0
1
1
2
2
3
3
4
3
3
2
1
-1
-2
-2
-2
-4
-2
-2
-2
-2
-2
-2
-2
-4
-4
-3
-3
-3
-3
-6
-4
-4
-3
-3
-3
-4
-2
-2
-3
-2
-1
-1
-1
-1
1
1
1
1
2
3
1
3
2
2
1
2
1
2
1
1
2
0
0
0
-2
-4
-5
-5
-6
-4
-2
-1
0
0
-1
-2
-2
-3
-3
-2
-2
-2
-2
-3
-5
-5
-3
-2
-2
-1
-3
-4
-3
-2
0
-2
-2
-2
-2
-3
-2
-2
-1
-1
-1
1
2
1
3
3
3
5
5
4
8
7
6
4
3
3
3
5
6
5
4
5
4
4
5
6
5
3
3
2
1
3
4
2
-1
-1
-1
-1
-2
-2
-2
-2
-2
-3
1
-1
-2
-1
-3
-1
1
1
0
1
2
2
2
2
3
1
0
1
-1
0
0
2
0
2
3
2
0
3
3
1
2
3
2
2
4
6
5
3
2
0
0
1
1
1
2
4
2
2
0
1
2
1
2
4
0
0
-2
-4
-3
-3
-3
-3
-4
-5
-7
-7
-7
-7
-4
-3
-4
-6
-6
-4
-2
-3
-2
-4
-7
-6
-6
-5
-6
-6
-5
-2
1
0
-1
-2
-3
-5
-6
-3
-4
-4
-4
-4
-5
-4
-6
-8
-5
-3
-3
-2
-2
-3
-3
-4
-4
-5
-6
-6
-5
-6
-3
-2
-2
-1
-3
-3
-1
-3
-4
-2
-5
-4
-3
-3
-2
1
-2
-1
1
2
0
0
2
0
1
2
4
5
6
4
6
9
12
13
15
18
19
17
19
18
18
20
21
19
21
23
20
19
22
21
22
22
22
23
21
22
22
21
20
19
17
18
18
16
14
12
11
10
10
8
5
4
0
-1
-4
-5
-6
-8
-10
-14
-18
-20
-23
-22
-25
-28
-29
-33
-35
-38
-37
-40
-41
-41
-43
-42
-44
-43
-44
-44
-43
-44
-41
-39
-38
-36
-35
-32
-32
-33
-29
-29
-26
-22
-19
-18
-17
-13
-11
-10
-7
-5
-2
0
4
5
5
9
12
11
13
15
16
16
16
21
23
25
25
26
27
28
31
32
35
38
39
41
42
41
41
45
45
45
44
43
40
39
42
44
48
50
50
48
47
49
47
46
48
49
51
50
49
49
48
51
48
46
46
42
40
39
34
32
26
21
16
12
7
-1
-11
-17
-23
-29
-36
-44
-51
-57
-65
-72
-77
-83
-89
-93
-94
-97
-101
-103
-106
-107
-106
-105
-102
-100
-101
-99
-96
-96
-92
-87
-84
-78
-75
-69
-64
-61
-57
-50
-42
-39
-35
-30
-25
-21
-16
-11
-5
2
5
9
15
19
23
28
34
39
43
45
50
51
52
52
54
58
58
60
62
62
62
62
65
67
70
71
73
75
76
76
78
76
75
75
77
79
82
86
85
85
83
84
84
85
83
82
82
83
83
84
83
81
83
81
78
73
68
60
53
48
42
35
28
18
10
0
-10
-21
-32
-40
-50
-60
-71
-80
-89
-99
-105
-115
-126
-135
-142
-148
-151
-154
-160
-164
-166
-169
-168
-165
-159
-155
-150
-146
-140
-136
-129
-122
-113
-105
-101
-92
-88
-83
-76
-68
-61
-54
-50
-44
-35
-30
-19
-10
-1
8
15
21
29
34
39
43
49
53
57
63
67
73
76
80
84
85
86
90
91
91
96
99
101
105
102
102
103
104
108
110
115
118
116
115
111
106
105
105
106
109
110
109
106
104
102
101
100
102
104
101
97
97
94
89
87
83
83
81
76
71
64
58
52
44
40
32
23
13
-3
-17
-28
-43
-54
-62
-75
-91
-107
-123
-136
-144
-154
-162
-173
-186
-196
-202
-210
-218
-222
-225
-228
-229
-225
-223
-222
-217
-211
-204
-194
-185
-174
-163
-154
-144
-133
-122
-113
-102
-91
-81
-74
-66
-57
-49
-38
-26
-14
-5
5
15
24
34
46
61
72
80
91
97
103
108
107
112
119
122
125
133
134
136
135
132
135
133
135
141
142
145
145
137
134
134
136
140
143
145
144
141
138
132
128
128
125
127
127
122
120
114
109
110
109
107
103
100
97
92
91
87
85
86
89
93
91
80
70
61
55
48
43
32
21
13
-5
-12
-23
-43
-58
-71
-89
-106
-126
-145
-157
-171
-186
-197
-211
-226
-236
-246
-257
-265
-274
-284
-289
-292
-298
-297
-291
-286
-277
-271
-271
-260
-247
-235
-222
-206
-197
-186
-177
-165
-151
-137
-128
-117
-104
-88
-75
-59
-42
-30
-15
3
16
29
52
71
88
107
121
131
141
148
160
174
183
191
197
195
193
194
198
196
199
208
217
222
224
226
226
227
224
232
228
224
222
216
216
211
208
206
195
192
191
179
173
163
154
146
145
143
142
144
130
116
114
111
106
106
99
92
90
99
108
101
93
90
90
78
71
63
52
40
33
18
-7
-22
-51
-75
-89
-114
-141
-171
-195
-214
-231
-257
-282
-308
-334
-353
-358
-366
-387
-400
-412
-428
-427
-427
-437
-435
-425
-420
-402
-387
-375
-360
-349
-332
-306
-286
-270
-251
-242
-230
-206
-191
-186
-167
-149
-138
-119
-94
-82
-59
-33
-16
18
45
67
92
122
152
174
197
214
231
251
275
285
299
307
306
315
325
328
335
336
325
327
332
331
332
334
341
342
339
333
330
323
321
323
327
329
322
305
289
265
255
254
246
252
251
236
226
224
216
212
206
203
186
190
185
170
158
137
123
131
142
135
135
133
112
82
65
47
36
37
16
-11
-44
-85
-134
-173
-191
-222
-255
-294
-326
-363
-408
-444
-466
-494
-532
-552
-564
-595
-605
-619
-636
-640
-646
-657
-663
-650
-632
-617
-606
-580
-559
-541
-524
-500
-464
-437
-405
-374
-338
-311
-282
-240
-208
-185
-153
-120
-106
-72
-31
-4
24
66
105
139
181
216
251
288
327
369
395
411
424
438
449
459
468
461
452
455
459
455
458
463
461
446
447
451
459
465
467
474
476
473
472
473
456
458
462
455
466
453
439
417
396
382
368
367
358
343
312
284
263
252
230
206
194
181
172
147
137
111
109
136
141
145
153
109
46
26
15
-9
4
16
-13
-54
-113
-182
-256
-319
-359
-389
-423
-478
-531
-597
-676
-702
-722
-774
-802
-813
-842
-861
-867
-872
-896
-912
-913
-923
-903
-863
-840
-812
-780
-738
-688
-651
-600
-563
-526
-476
-434
-369
-309
-273
-231
-196
-169
-144
-123
-109
-85
-23
32
65
83
110
149
191
257
318
355
396
442
494
537
565
596
614
628
663
682
686
670
664
677
684
679
672
643
630
651
651
665
667
660
662
656
644
633
609
577
567
557
551
547
519
494
483
449
443
430
405
414
403
383
369
334
325
286
248
227
192
176
161
131
101
102
105
116
155
174
133
19
-46
-60
-90
-62
-41
-86
-159
-226
-326
-445
-509
-561
-623
-637
-680
-734
-795
-870
-907
-931
-970
-1012
-1038
-1061
-1062
-1052
-1042
-1071
-1114
-1136
-1154
-1144
-1093
-1061
-1031
-972
-918
-875
-833
-777
-741
-718
-631
-540
-470
-373
-327
-314
-258
-214
-178
-118
-76
-31
41
107
138
164
193
233
309
407
489
567
610
619
660
711
774
800
829
836
858
869
885
904
906
913
904
910
907
881
862
866
878
896
903
892
892
894
916
934
933
919
873
839
815
779
768
725
632
578
532
475
432
411
396
328
294
269
188
151
129
83
87
52
-24
-69
-107
-130
-131
-88
-11
59
84
-8
-145
-205
-256
-276
-177
-150
-218
-299
-426
-594
-748
-853
-933
-986
-990
-1041
-1118
-1180
-1259
-1290
-1307
-1360
-1360
-1360
-1373
-1351
-1344
-1343
-1366
-1358
-1356
-1361
-1300
-1232
-1182
-1115
-1045
-967
-918
-883
-830
-764
-717
-574
-434
-377
-271
-197
-143
-75
-12
39
65
108
216
302
347
394
394
436
522
648
795
899
978
1051
1116
1186
1262
1337
1371
1376
1447
1474
1417
1409
1403
1392
1375
1355
1299
1173
1104
1051
1024
1041
1029
977
924
922
928
927
913
883
818
744
703
680
640
553
499
445
388
329
284
240
166
150
125
95
80
62
30
-6
-104
-184
-234
-327
-366
-387
-386
-373
-271
-140
-72
-17
-160
-327
-351
-385
-314
-174
-163
-265
-408
-556
-784
-964
-1067
-1216
-1246
-1252
-1309
-1325
-1441
-1565
-1565
-1648
-1684
-1622
-1611
-1595
-1574
-1502
-1517
-1602
-1608
-1613
-1620
-1561
-1463
-1329
-1243
-1195
-1066
-963
-894
-798
-725
-629
-477
-342
-258
-130
-42
54
163
279
351
364
459
516
599
716
803
818
825
905
985
1112
1243
1318
1389
1502
1595
1664
1737
1741
1726
1717
1708
1684
1621
1579
1538
1490
1443
1314
1194
1121
1078
1076
1088
1080
1042
987
933
958
980
933
884
819
737
653
618
575
506
477
442
364
284
195
90
21
36
4
74
-157
-201
-292
-319
-314
-325
-407
-467
-521
-794
-687
-495
-111
181
426
354
275
102
151
268
465
567
534
333
30
-281
-775
-1082
-1471
-1813
-2029
-2347
-2594
-2843
-3198
-3360
-3428
-3589
-3510
-3457
-3390
-3174
-2967
-2699
-2485
-2243
-1972
-1708
-1253
-847
-536
-180
-29
168
432
585
729
797
888
929
922
969
1008
958
901
887
859
849
746
652
555
487
452
494
484
422
429
446
528
675
808
920
1078
1267
1422
1545
1740
1815
1910
2076
2111
2162
2213
2206
2233
2201
2078
1976
1771
1587
1481
1346
1213
1025
809
599
508
424
328
265
226
109
60
102
100
155
163
155
187
316
346
396
451
412
425
390
326
230
153
-25
-137
-307
-472
-623
-711
-851
-832
-577
-300
-28
183
83
24
-70
73
255
514
609
439
237
-242
-750
-1301
-1731
-2375
-2716
-3165
-3599
-3991
-4302
-4552
-4611
-4513
-4414
-4123
-3808
-3350
-2826
-2147
-1558
-1013
-538
-122
357
828
1160
1422
1659
1669
1654
1597
1520
1382
1255
1159
1039
938
810
677
529
445
359
306
332
285
263
229
161
91
37
-60
-90
-104
-37
174
344
566
831
1141
1438
1748
2046
2294
2552
2784
2946
3021
2997
2915
2773
2553
2286
1937
1510
1030
598
265
20
-173
-416
-622
-723
-758
-692
-444
-175
-27
138
249
389
559
718
843
923
870
807
717
522
364
182
46
-123
-218
-351
-487
-613
-749
-854
-954
-987
-959
-937
-828
-569
-169
228
546
601
447
282
247
325
544
794
559
431
-76
-465
-1045
-1553
-2094
-2686
-3047
-3492
-3827
-4035
-4219
-4404
-4231
-4182
-3917
-3539
-3072
-2499
-1861
-1105
-551
-46
454
769
1116
1501
1722
1870
1920
1793
1675
1563
1397
1229
1022
820
509
314
160
43
-135
-166
-225
-287
-296
-366
-390
-438
-427
-371
-300
-275
-175
-70
198
483
877
1267
1575
1982
2287
2590
2904
3094
3204
3258
3188
3036
2807
2512
2113
1659
1217
667
141
-220
-559
-752
-863
-980
-956
-942
-833
-612
-334
13
310
595
829
1005
1166
1311
1314
1270
1211
1043
875
712
520
238
70
-189
-311
-387
-426
-472
-521
-635
-691
-666
-588
-364
52
475
668
753
560
376
295
416
604
757
626
488
34
-425
-1032
-1637
-2177
-2676
-3064
-3525
-3908
-4327
-4621
-4675
-4485
-4328
-4016
-3681
-3241
-2584
-1831
-1019
-338
162
569
937
1312
1618
1750
1819
1641
1458
1326
1147
963
792
533
352
140
-70
-129
-324
-365
-441
-400
-488
-486
-492
-579
-632
-521
-479
-432
-299
-245
-66
268
677
1081
1502
1856
2123
2413
2764
2970
3154
3152
3068
2975
2748
2448
2076
1605
1080
587
182
-190
-575
-882
-1142
-1277
-1198
-980
-759
-504
-208
104
475
826
1166
1394
1560
1728
1849
1907
1884
1754
1509
1198
972
843
651
540
328
97
-70
-190
-263
-261
-303
-383
-392
-309
53
514
932
891
809
687
482
541
831
915
795
624
192
-255
-817
-1357
-2106
-2741
-3238
-3854
-4259
-4640
-5070
-5183
-5069
-4944
-4549
-4112
-3662
-3111
-2354
-1470
-685
53
566
937
1339
1638
1826
1972
1801
1492
1188
960
803
617
419
160
-107
-145
-200
-286
-286
-350
-443
-457
-460
-485
-515
-656
-762
-790
-785
-792
-697
-490
-196
186
641
1101
1602
2046
2447
2850
3139
3321
3457
3468
3369
3178
2776
2249
1729
1170
581
98
-344
-702
-996
-1128
-1157
-1089
-861
-575
-238
131
519
888
1224
1488
1782
2001
2109
2141
2090
1968
1737
1524
1279
1081
931
829
672
524
330
183
5
-66
-64
-185
-195
-301
-260
155
590
912
969
817
605
383
530
840
932
872
649
150
-307
-893
-1413
-2128
-2760
-3328
-3956
-4359
-4861
-5299
-5389
-5344
-5258
-4813
-4348
-3822
-3213
-2403
-1510
-718
14
524
915
1315
1535
1729
1839
1616
1324
1099
856
694
517
316
10
-307
-428
-490
-520
-492
-492
-570
-611
-754
-792
-844
-898
-996
-1077
-1077
-1188
-1101
-859
-539
-79
478
982
1560
2120
2581
3064
3456
3606
3628
3638
3464
3173
2896
2508
1960
1381
791
258
-162
-516
-765
-819
-779
-704
-466
-71
269
600
966
1251
1550
1839
2101
2218
2257
2217
2126
1936
1734
1558
1341
1143
1022
932
894
794
602
487
272
199
132
112
-14
19
346
673
966
1041
950
717
527
620
980
1057
995
815
343
-196
-733
-1314
-2182
-2853
-3487
-4158
-4620
-5120
-5660
-5716
-5719
-5653
-5217
-4709
-4231
-3673
-2837
-1913
-1005
-236
271
716
1087
1281
1588
1720
1531
1198
810
553
285
189
134
-50
-379
-573
-764
-770
-757
-784
-845
-954
-1048
-1165
-1155
-1226
-1231
-1382
-1395
-1341
-1195
-872
-498
-44
553
1065
1677
2305
2804
3299
3639
3946
4015
3985
3855
3481
3074
2651
2086
1570
1043
502
9
-414
-616
-709
-641
-498
-312
47
372
683
1171
1515
1734
1933
2094
2222
2309
2369
2291
2093
1932
1746
1542
1354
1263
1240
1120
1039
903
777
546
377
208
87
-79
128
498
837
919
929
785
497
611
838
1145
1075
1018
637
236
-350
-771
-1539
-2425
-3089
-3973
-4560
-5003
-5507
-5737
-5737
-5766
-5558
-5155
-4563
-3988
-3262
-2372
-1513
-651
25
491
899
1038
1092
1292
1349
1176
873
585
212
-72
-69
-171
-254
-503
-740
-885
-869
-865
-848
-947
-1133
-1436
-1660
-1643
-1782
-1769
-1832
-1783
-1716
-1473
-1018
-462
166
857
1475
2109
2728
3231
3713
4038
4155
4089
3960
3710
3324
2859
2368
1759
1145
600
210
-86
-388
-585
-620
-544
-312
34
357
669
988
1279
1624
1880
2112
2224
2219
2212
2159
2186
2069
2028
1975
1887
1756
1768
1695
1635
1494
1337
1061
852
628
376
333
584
848
1110
1005
1042
791
580
767
1127
1264
1211
1099
564
78
-542
-1000
-1882
-2542
-3374
-4163
-4705
-5243
-5679
-5778
-5850
-5810
-5491
-5029
-4359
-3795
-2997
-2206
-1442
-672
-82
455
814
902
994
1009
839
640
497
271
-79
-273
-286
-336
-413
-488
-718
-767
-849
-845
-969
-1094
-1419
-1797
-2100
-2276
-2348
-2450
-2432
-2429
-2172
-1758
-1198
-527
202
874
1593
2343
3018
3570
4037
4315
4368
4274
4013
3623
3173
2629
2109
1548
946
435
30
-258
-447
-476
-483
-463
-282
39
413
806
1150
1310
1466
1623
1840
2077
2233
2341
2413
2427
2441
2525
2547
2501
2458
2429
2424
2397
2301
2144
1873
1552
1169
1035
1297
1559
1635
1511
1321
862
707
895
1288
1342
1327
966
403
-176
-668
-1201
-2025
-2752
-3667
-4395
-4892
-5444
-5795
-5860
-5968
-5876
-5613
-5012
-4311
-3622
-2860
-2195
-1524
-884
-337
229
542
604
700
649
469
257
108
-148
-425
-429
-458
-451
-407
-525
-813
-889
-893
-928
-1124
-1300
-1686
-2250
-2610
-2831
-2959
-3132
-3130
-3051
-2849
-2416
-1665
-894
-63
661
1416
2215
2952
3690
4144
4403
4456
4311
4057
3743
3386
2836
2223
1673
1050
542
203
-98
-301
-347
-218
-81
72
295
522
776
1037
1232
1439
1511
1689
1849
1946
2154
2347
2488
2621
2771
3014
3154
3276
3350
3200
3114
2937
2683
2433
2033
1788
1807
1895
1970
1843
1706
1178
820
878
1239
1377
1478
1171
633
-111
-599
-1032
-1798
-2386
-3366
-4287
-4950
-5553
-5950
-5866
-6006
-6021
-5823
-5297
-4628
-3900
-2934
-2234
-1573
-1057
-563
120
511
679
798
600
267
73
-9
-234
-455
-469
-646
-605
-432
-305
-392
-513
-576
-787
-913
-966
-1345
-1916
-2451
-3025
-3351
-3605
-3654
-3655
-3653
-3444
-2954
-2149
-1192
-293
660
1482
2140
2914
3639
4096
4386
4344
4089
3716
3330
2913
2420
1939
1351
812
449
238
89
61
61
102
199
383
489
634
835
830
884
1016
1188
1288
1440
1633
1773
1979
2293
2598
2782
3103
3403
3606
3752
3798
3676
3440
3182
2936
3117
3136
3034
2876
2622
2090
1682
1558
1642
1676
1641
1525
1025
566
-108
-628
-1416
-2016
-2836
-3682
-4304
-5046
-5612
-5860
-5898
-5932
-5849
-5515
-4969
-4411
-3613
-2732
-2070
-1511
-1111
-576
-79
259
585
685
425
102
88
-2
-92
-148
-305
-446
-442
-320
-147
-158
-347
-555
-936
-1132
-1255
-1691
-2120
-2657
-3269
-3745
-3861
-3908
-4008
-3993
-3819
-3349
-2606
-1756
-845
172
847
1430
2173
2789
3292
3595
3662
3600
3378
3075
2945
2606
2162
1867
1424
1083
937
840
762
770
737
671
685
769
761
825
776
626
625
615
702
876
1088
1357
1547
1764
2075
2496
2970
3434
3721
3827
3987
3878
3808
3794
3950
3975
3928
3775
3569
3173
2709
2405
2333
2274
2039
1907
1460
875
99
-484
-1222
-1916
-2606
-3432
-4147
-4712
-5248
-5618
-5708
-5671
-5742
-5589
-5045
-4639
-3996
-3124
-2441
-1903
-1517
-1030
-683
-432
-12
198
123
-30
-81
-69
13
147
201
191
178
75
65
232
227
46
-326
-779
-1249
-1709
-2136
-2592
-2994
-3647
-4019
-4101
-4096
-3964
-3583
-3292
-2967
-2302
-1800
-954
-145
405
906
1275
1622
1902
2198
2338
2458
2302
2306
2422
2300
2400
2345
2032
2015
1911
1662
2007
1796
1489
1381
970
702
878
712
567
502
94
181
302
561
1036
1282
1617
1757
1994
2429
2712
3169
3326
3336
3512
3384
3279
3766
3946
4194
4377
4311
4111
3681
3665
3585
3503
3395
3020
2286
1644
777
111
-779
-1689
-2554
-3583
-4258
-4763
-5249
-5412
-5415
-5440
-5339
-5168
-4714
-4248
-3751
-3076
-2571
-2180
-2006
-1767
-1527
-1452
-1199
-972
-943
-890
-763
-555
-346
-56
300
415
527
602
576
529
629
507
123
-339
-877
-1520
-2084
-2402
-2719
-3133
-3444
-3563
-3535
-3433
-3157
-2720
-2359
-2019
-1627
-1216
-840
-495
-195
55
89
235
377
458
672
834
1013
1246
1512
1741
1989
2203
2376
2470
2592
2693
2658
2526
2251
1916
1556
1335
1171
985
754
632
479
468
664
855
1079
1335
1502
1694
1992
2138
2493
2551
2530
2540
2454
2363
2585
2989
3336
3732
3978
4207
4120
4081
4151
4251
4256
4118
3631
3020
2179
1291
438
-593
-1352
-2401
-3343
-3912
-4506
-4880
-4866
-4780
-4722
-4669
-4429
-4149
-3854
-3335
-2871
-2650
-2479
-2422
-2467
-2302
-2144
-1839
-1641
-1643
-1568
-1372
-1070
-649
-115
323
398
470
429
399
517
505
269
-238
-688
-1234
-1713
-1901
-2046
-2326
-2443
-2637
-2529
-2359
-2098
-1627
-1371
-1238
-1077
-870
-705
-709
-680
-642
-931
-985
-1007
-1178
-883
-715
-632
-180
77
600
964
1368
1870
1996
2365
2504
2501
2636
2447
2274
2014
1877
1637
1603
1553
1448
1345
1178
1349
1424
1774
1808
1908
2053
1769
1783
1911
1886
1942
1728
1691
1664
1427
1686
1897
2252
2605
2957
3539
3713
3864
4006
3915
4012
4040
3958
3597
3010
2189
1327
619
-214
-1022
-1624
-2445
-3145
-3551
-3780
-3941
-3814
-3923
-4138
-3892
-3973
-3727
-3335
-3175
-3134
-3109
-3154
-3158
-2978
-2732
-2420
-2336
-2149
-1974
-1717
-1172
-735
-395
-145
56
-82
-80
-12
-91
-194
-518
-781
-1084
-1392
-1520
-1607
-1580
-1497
-1421
-1243
-1090
-844
-510
-349
-141
-69
-90
-120
-286
-385
-586
-849
-942
-1038
-1165
-1163
-1170
-1007
-748
-409
-8
270
485
646
787
1094
1377
1477
1553
1450
1335
1306
1391
1592
1729
1739
1852
1930
2040
2242
2494
2610
2565
2469
2351
2266
2217
2061
1928
1695
1453
1365
1294
1340
1355
1401
1371
1658
2014
2260
2633
3010
3010
2977
3032
2957
3101
3123
2963
2674
2225
1619
1191
633
86
-372
-883
-1413
-1867
-2152
-2453
-2674
-2782
-3026
-3213
-3256
-3341
-3405
-3298
-3289
-3276
-3275
-3274
-3241
-3192
-3008
-2802
-2545
-2318
-2085
-1746
-1561
-1350
-1145
-1032
-926
-879
-1068
-1210
-1251
-1307
-1331
-1361
-1333
-1289
-1324
-1201
-946
-619
-323
42
259
210
307
368
456
449
367
148
-134
-436
-595
-627
-626
-634
-694
-736
-634
-431
-246
-102
-74
-106
-126
-108
-20
79
271
295
352
435
597
940
1214
1619
2004
2249
2456
2690
2834
2902
2896
2930
2778
2579
2447
2238
2086
1836
1642
1507
1463
1347
1381
1357
1327
1279
1187
1209
1224
1370
1556
1680
1902
2094
2083
2185
2205
2356
2522
2560
2491
2326
1937
1588
1218
882
406
-50
-601
-1122
-1722
-2181
-2386
-2611
-2837
-3096
-3257
-3487
-3558
-3347
-3175
-3079
-2970
-3062
-3218
-3159
-3000
-2714
-2507
-2435
-2354
-2336
-2293
-2081
-1873
-1765
-1638
-1711
-1834
-1794
-1605
-1341
-1182
-1039
-840
-812
-641
-401
-202
191
307
362
464
532
472
570
582
491
338
84
95
-27
-97
109
90
11
103
-93
-103
-53
-135
-128
-281
-339
-462
-550
-385
-368
-187
144
262
584
900
1183
1595
1809
2256
2561
2736
2945
2914
2908
2794
2490
2359
2258
2033
1969
1945
1997
1909
1851
1625
1366
1242
1036
927
1002
904
847
778
698
798
999
1248
1400
1671
1817
1883
2005
2300
2367
2590
2494
2258
1997
1514
1106
539
-82
-551
-1119
-1671
-2041
-2435
-2666
-2713
-2714
-2818
-2847
-2890
-3008
-3094
-2974
-3028
-3017
-3028
-3243
-3348
-3419
-3395
-3157
-2935
-2768
-2621
-2570
-2403
-2171
-1897
-1647
-1442
-1374
-1393
-1315
-1137
-946
-682
-499
-476
-397
-289
-169
63
385
641
679
632
592
581
568
625
590
574
485
377
276
288
332
353
363
270
116
16
-45
-18
24
77
90
83
100
177
336
577
869
1127
1427
1653
1838
2021
2176
2167
2250
2243
2276
2417
2586
2585
2591
2449
2232
2076
1885
1769
1634
1434
1231
1078
884
831
682
604
538
370
227
223
112
319
665
995
1438
1747
1791
1778
1651
1660
1737
1779
1657
1328
893
497
166
-109
-324
-520
-893
-1317
-1631
-1909
-2089
-2094
-2219
-2426
-2628
-2892
-3114
-3240
-3278
-3329
-3308
-3365
-3407
-3389
-3262
-3057
-2742
-2465
-2256
-2110
-1996
-1929
-1738
-1557
-1368
-1263
-1332
-1347
-1351
-1189
-864
-504
-258
-63
64
73
187
375
447
495
431
278
155
122
211
228
267
260
185
135
167
253
414
487
499
479
442
446
478
528
667
683
708
739
777
873
1009
1170
1360
1517
1662
1840
2067
2261
2342
2381
2311
2268
2250
2209
2130
2176
2121
1982
1743
1444
1238
1083
994
938
912
873
696
499
346
220
205
246
303
361
357
502
781
1091
1361
1535
1589
1412
1198
991
983
1137
1251
1195
1014
671
392
35
-214
-402
-772
-1197
-1636
-2120
-2475
-2718
-2754
-2830
-2916
-3043
-3218
-3359
-3335
-3243
-3061
-2870
-2810
-2843
-2850
-2737
-2481
-2152
-1905
-1726
-1678
-1763
-1855
-1821
-1651
-1429
-1228
-1107
-1014
-916
-695
-410
-124
71
161
100
-137
-271
-303
-256
-151
-24
70
150
277
470
741
971
1129
1121
959
767
707
742
846
930
974
1030
1042
1093
1247
1411
1499
1422
1300
1089
929
922
1041
1431
1859
2143
2365
2321
2170
2052
1823
1558
1325
1153
1130
1180
1269
1520
1635
1509
1173
760
426
219
158
242
364
449
392
352
308
282
397
414
350
290
192
191
489
905
1333
1613
1607
1294
830
377
202
422
704
809
730
426
16
-389
-719
-1003
-1241
-1658
-2081
-2512
-2816
-2750
-2490
-2285
-2233
-2233
-2504
-2850
-3152
-3199
-3022
-2846
-2784
-2793
-2735
-2576
-2275
-1890
-1505
-1276
-1349
-1603
-1901
-2026
-1872
-1513
-1125
-877
-719
-717
-747
-656
-434
-116
159
175
74
28
83
398
876
1349
1708
1838
1707
1559
1542
1595
1595
1589
1365
1138
1025
1067
1326
1606
1723
1621
1290
905
746
794
1015
1265
1349
1191
1023
921
931
1228
1485
1551
1345
1076
788
644
741
973
1180
1141
1098
957
858
735
782
764
621
401
159
84
121
242
463
488
379
170
-57
-125
-90
71
321
549
550
472
303
400
729
1054
1253
1195
809
250
-133
-327
102
842
1372
1359
927
138
-642
-1281
-1654
-1697
-1656
-1762
-1925
-2111
-2180
-2027
-1924
-2171
-2522
-2988
-3542
-3809
-3631
-2993
-2182
-1657
-1555
-1824
-2279
-2582
-2608
-2422
-2080
-1765
-1693
-1752
-1659
-1454
-1054
-689
-580
-683
-801
-836
-522
97
941
1828
2116
1948
1536
1153
1094
1340
1718
2178
2522
2506
2278
2114
2028
2008
1840
1491
1092
837
853
1152
1456
1621
1463
853
22
-535
-713
-490
-55
282
440
397
225
61
93
220
385
488
444
516
692
1017
1371
1482
1387
1146
841
566
578
879
1249
1398
1273
843
409
219
303
579
875
967
687
206
-83
-124
110
370
355
155
-156
-338
-277
459
1342
1704
1406
673
-299
-891
-814
8
1541
2683
2706
1461
-337
-1862
-2647
-2685
-1907
-986
-508
-798
-1758
-2851
-3358
-3449
-3477
-3445
-3271
-3253
-3293
-3107
-2722
-2397
-2459
-2981
-3651
-3919
-3457
-2374
-1231
-505
-325
-893
-1754
-2079
-1663
-516
882
1761
1744
1255
683
444
797
1583
2490
2878
2700
2147
1743
1714
2083
2428
2591
2585
2383
1873
1637
1762
1881
1678
1162
674
386
204
356
561
413
18
-425
-887
-1023
-536
21
342
163
-391
-1013
-1240
-932
-227
451
803
764
357
8
62
489
1059
1478
1605
1478
1314
1237
1279
1376
1375
1225
821
519
395
499
788
979
844
462
11
-363
-300
-95
129
216
-8
-520
-754
-748
44
1459
2061
1751
862
-308
-1215
-865
188
2216
3853
3526
1493
-1117
-2693
-2550
-1251
304
1410
933
-1127
-3577
-5158
-4956
-3309
-1863
-1551
-1899
-3002
-4358
-4913
-4501
-3364
-2323
-2090
-2509
-2839
-2708
-2034
-1275
-902
-617
-483
-519
-270
490
1148
1447
1201
522
415
1209
2176
3032
3241
2553
1520
710
656
1419
2654
3398
3058
1934
844
419
669
1279
1835
1818
1085
149
-590
-689
-94
405
466
217
-310
-777
-928
-817
-547
-299
-238
-445
-585
-484
-309
-192
-137
-44
91
248
455
625
749
786
790
823
1057
1437
1671
1584
1291
1040
987
1075
1222
1382
1326
998
454
125
18
114
310
294
181
-171
-406
-539
-515
-456
-181
-161
771
2081
2088
1416
491
-374
-656
297
1638
3526
4119
2348
-689
-2865
-2732
-758
1305
2275
1526
-1031
-4045
-5493
-4766
-2237
15
-164
-2400
-4549
-5901
-5961
-4436
-2295
-828
-1048
-2393
-3618
-3708
-2495
-845
217
441
444
-30
-596
-566
-68
462
901
1130
1210
1490
1656
1396
1004
990
1539
2205
2527
2556
2172
1408
813
586
1055
1902
2303
1774
847
97
-344
-271
159
666
972
643
-56
-573
-621
-326
15
39
-102
-377
-778
-1048
-1028
-792
-465
-281
-378
-435
-434
-446
-377
-18
473
935
1140
1047
947
1000
1201
1500
1748
1748
1539
1153
759
593
901
1047
975
656
215
-107
-126
173
648
860
621
147
-557
-772
-539
-191
295
851
1971
2440
1271
-207
-1186
-1093
93
1964
3419
4433
3355
530
-2067
-2329
-193
2094
2844
1654
-863
-3567
-5062
-4450
-2317
-154
12
-2092
-4491
-5176
-4654
-3512
-2083
-950
-782
-1816
-3101
-3564
-3063
-1940
-862
-230
-28
-140
-1046
-2019
-1938
-626
929
1875
2011
1305
448
-186
-8
966
2252
2917
2313
1021
76
159
691
1401
1905
1993
1496
711
84
-49
503
1104
1293
1113
675
-1
-593
-689
-238
391
518
-20
-848
-1535
-1559
-1092
-538
-91
-3
-446
-968
-951
-509
123
545
626
463
390
513
787
1098
1392
1513
1402
1231
1203
1258
1388
1469
1493
1465
1224
941
558
441
495
841
916
806
392
-257
-756
-743
-268
-21
187
74
-216
-247
-68
965
2087
1896
630
-131
-81
609
1967
2751
3303
2781
910
-980
-1204
203
1631
1785
751
-652
-1960
-2851
-2642
-1638
-699
-788
-2026
-3353
-3764
-3803
-3875
-3415
-2549
-2015
-2245
-2966
-3433
-3199
-2535
-1592
-748
-506
-835
-1595
-2070
-1596
-400
556
748
433
-159
-413
-188
273
922
1427
1331
930
771
781
1161
1636
1806
1776
1589
1174
717
437
455
754
910
827
586
168
-87
-102
20
288
432
67
-489
-657
-459
-186
-37
-112
-271
-420
-493
-359
-77
181
313
327
328
580
868
960
1097
1343
1661
1773
1564
1308
1242
1224
1366
1482
1306
897
488
233
242
644
837
697
146
-266
-638
-386
105
470
501
408
143
-317
-432
-185
116
291
515
1025
2000
1803
777
75
251
894
1864
2566
3052
2864
1307
-268
-665
416
1589
1628
623
-653
-1791
-2680
-2734
-1951
-973
-936
-2128
-3406
-3929
-3860
-3531
-2672
-1762
-1623
-2492
-3735
-4220
-3499
-2158
-995
-601
-1116
-2170
-2933
-2794
-1654
-157
606
238
-583
-1115
-1248
-610
373
1178
1426
1110
215
-216
157
825
1413
1630
1488
820
247
-11
231
977
1663
1779
1248
670
184
1
436
1109
1545
1469
861
15
-430
-189
385
896
1164
972
432
-36
-166
130
664
1131
1296
911
291
35
243
739
1301
1491
1129
528
40
-23
390
948
1312
1241
702
149
-70
52
437
784
836
599
154
-204
-118
323
783
1108
797
405
186
193
371
1011
1247
1022
581
298
588
1482
2168
1734
1059
524
565
743
1388
2073
2574
1931
382
-705
-819
-208
347
259
-369
-1343
-2352
-2910
-2630
-1988
-1547
-1934
-2891
-3507
-3775
-3882
-3507
-2671
-2075
-2255
-2981
-3673
-3734
-3192
-2263
-1399
-1287
-1877
-2578
-2799
-2228
-1322
-696
-484
-557
-899
-1183
-945
-385
316
893
926
632
348
89
346
1216
1963
2287
1923
1349
1244
1436
1769
2378
2706
2571
2159
1584
1190
1276
1635
1831
1878
1677
1161
488
142
325
644
724
469
149
-191
-290
-363
-381
-161
-75
-131
-249
-285
-340
-210
-40
250
533
523
377
300
435
743
1030
1071
965
662
540
735
1052
1221
1366
1281
962
787
771
1001
1290
1350
1057
614
426
399
538
770
873
682
302
-77
-172
-137
298
702
938
915
202
-328
-417
-55
306
1050
1090
808
86
-833
-1044
-585
-29
81
-295
-974
-1848
-2403
-2493
-1989
-1640
-1694
-2240
-2902
-3332
-3472
-3275
-2804
-2212
-2112
-2732
-3420
-3751
-3366
-2555
-1836
-1505
-1673
-2159
-2505
-2248
-1541
-718
-216
-239
-406
-639
-600
-266
452
1182
1450
1523
1046
652
974
1635
2294
2739
2647
2080
1735
1576
1774
2314
2710
2673
2114
1647
1415
1330
1477
1620
1536
1286
1017
552
164
327
523
421
198
-167
-588
-755
-611
-320
-103
-86
-343
-697
-757
-450
34
517
729
686
441
160
268
753
1270
1572
1522
1130
776
806
1156
1447
1583
1468
966
458
406
527
659
905
759
259
20
-140
-237
-159
-16
-55
-224
-451
-729
-812
-654
-543
-585
-600
-381
23
-289
-291
-16
-291
-567
-349
-330
12
564
264
62
-37
-369
-567
-571
-359
-285
-577
-1225
-1563
-1754
-1787
-1575
-1680
-1874
-2081
-2533
-2857
-2605
-2379
-2295
-1991
-1948
-2055
-2074
-2194
-2139
-1792
-1359
-975
-842
-1074
-1188
-978
-541
52
483
519
542
545
393
624
1216
1592
1756
1901
1652
1565
1772
1977
2235
2592
2649
2333
1965
1677
1647
1794
2029
2038
1700
1370
1012
677
699
924
940
784
448
-124
-447
-388
-319
-244
-139
-375
-818
-1065
-960
-647
-333
-134
-85
-260
-364
-361
-215
109
478
653
602
468
176
67
248
539
807
930
751
415
217
165
269
370
353
246
63
-45
-172
-285
-234
-278
-427
-407
-397
-579
-532
-444
-504
-347
-298
-407
-441
-429
-445
-434
-369
-217
1
-85
-158
-25
-10
-144
142
172
189
409
410
227
472
431
53
-63
-71
-215
-256
-346
-517
-864
-1204
-1242
-1261
-1366
-1295
-1343
-1659
-1627
-1589
-1720
-1586
-1267
-1225
-1252
-1099
-1045
-973
-799
-556
-219
-18
89
225
252
384
722
999
1277
1513
1425
1385
1581
1643
1813
2023
1940
1887
1814
1532
1511
1650
1407
1272
1318
1004
635
459
213
96
174
61
-59
-156
-461
-732
-892
-811
-628
-664
-831
-940
-1104
-1233
-1073
-907
-823
-809
-884
-981
-940
-871
-764
-524
-288
-218
-242
-342
-301
-208
-92
206
352
256
197
77
-64
260
589
537
394
179
-32
-117
49
215
416
491
180
-42
-168
-68
186
364
486
405
68
-185
-74
118
424
649
459
229
89
33
144
387
475
368
360
377
207
361
595
644
511
489
302
293
501
513
632
693
625
383
271
335
382
307
160
127
35
-155
-250
-347
-350
-359
-420
-491
-508
-482
-420
-255
-85
-62
-112
-125
-12
101
215
288
195
84
114
98
257
422
276
210
112
104
31
-33
1
38
-49
-68
-109
-309
-300
-438
-643
-530
-604
-871
-930
-949
-1178
-1307
-1200
-1146
-1196
-1246
-1250
-1363
-1295
-1121
-1160
-1131
-1062
-1209
-1382
-1254
-1104
-1153
-1026
-869
-800
-803
-813
-860
-722
-362
-136
-47
70
41
-9
88
367
625
879
672
417
409
494
705
876
934
775
696
627
604
858
952
942
1068
1075
950
901
1102
1063
1167
1271
1268
1041
1036
1066
1070
1125
1242
1129
1095
1171
920
746
747
883
1015
1113
939
661
439
546
556
603
730
603
464
617
648
684
818
745
848
1019
1027
879
871
918
744
716
832
780
599
524
428
259
246
124
-65
-111
-117
-278
-506
-566
-699
-824
-829
-877
-960
-1095
-1240
-1451
-1476
-1478
-1431
-1399
-1450
-1511
-1602
-1722
-1767
-1670
-1719
-1721
-1659
-1707
-1803
-1762
-1866
-2004
-1906
-1884
-1975
-1945
-1983
-2078
-2084
-1933
-1791
-1693
-1608
-1489
-1452
-1492
-1294
-1203
-1194
-951
-844
-836
-713
-633
-494
-242
-74
15
35
69
164
244
364
489
615
793
709
837
1021
992
1120
1316
1254
1454
1538
1349
1544
1526
1564
1801
1789
1924
2122
1726
1827
2009
1871
2120
2056
1933
1911
1770
1607
1790
1694
1746
1665
1257
1471
1375
1115
1163
1205
1048
1349
1219
901
1017
901
920
774
814
881
818
443
601
826
754
792
695
511
693
618
644
950
874
656
551
516
585
563
540
420
324
140
9
-43
-263
-410
-583
-621
-728
-847
-1057
-1291
-1384
-1555
-1695
-1711
-1750
-2085
-2301
-2319
-2415
-2442
-2442
-2526
-2630
-2778
-2817
-2881
-2838
-2777
-2823
-2785
-2686
-2633
-2611
-2425
-2437
-2454
-2229
-2189
-2118
-1967
-1929
-1904
-1700
-1607
-1544
-1263
-1013
-1125
-1039
-847
-732
-628
-420
-164
-46
-65
-62
184
325
493
603
928
970
955
947
1149
1451
1438
1347
1568
1836
1689
1502
2167
1914
1688
2068
2265
2102
2164
2337
1657
2397
2387
1942
2007
2285
1959
1636
2065
2090
1890
2039
1852
1342
1617
1590
1605
1751
1764
1485
1294
1277
1334
1138
1124
1493
909
845
1018
878
890
826
772
810
489
419
551
626
421
288
425
409
341
184
204
232
-14
-115
205
67
-243
-219
-160
-111
-239
-447
-312
-521
-778
-545
-452
-627
-859
-1105
-1224
-1256
-1386
-1472
-1559
-1690
-1826
-2048
-2102
-2140
-2332
-2377
-2403
-2426
-2565
-2725
-2763
-2822
-2837
-2721
-2616
-2656
-2706
-2693
-2640
-2668
-2539
-2337
-2211
-2142
-2067
-2065
-1916
-1569
-1644
-1451
-1175
-1183
-1017
-733
-681
-536
-311
-257
116
226
341
695
546
799
985
881
1006
1249
1189
1176
1617
1384
1500
1669
1585
1660
1871
1915
1990
2052
2082
1873
1681
2460
2206
1673
2370
2016
1571
1981
1546
1743
2337
1397
1362
1847
1406
1409
1541
1675
1432
1231
1005
1178
1093
1024
1452
970
730
850
832
385
717
731
917
756
176
478
635
90
869
775
273
774
112
70
627
326
364
626
586
-144
49
293
43
-164
221
290
-244
-268
-196
-227
-546
-363
-408
-495
-534
-684
-1143
-900
-830
-1092
-1032
-975
-1471
-1541
-1565
-1758
-1446
-1517
-1826
-1997
-2046
-2168
-2076
-2048
-1924
-1956
-2249
-2221
-2263
-2267
-2126
-1828
-1889
-1885
-1860
-1894
-1742
-1588
-1554
-1142
-847
-1100
-1086
-754
-712
-948
-441
-184
-379
-195
-68
-101
-236
247
301
179
344
481
329
431
904
353
396
1143
591
457
1140
840
875
1116
695
1011
1184
904
1338
926
1032
1541
708
1009
1246
829
1066
850
894
1286
902
854
1247
781
916
887
587
846
937
603
778
606
920
375
790
640
601
978
230
851
640
644
731
733
503
1429
993
304
1174
948
640
856
775
762
806
511
754
573
364
587
395
237
738
168
144
452
-14
-169
319
-47
-5
-194
-289
-169
-631
-652
-492
-120
-884
-595
-469
-1061
-729
-737
-1061
-700
-428
-1131
-1048
-488
-1003
-854
-1101
-697
-621
-890
-743
-950
-357
-1187
-1078
-544
-253
-892
-638
-245
-900
-1070
-612
-333
-449
-263
-852
-288
-162
-936
-636
-222
-42
-875
-174
-59
-802
-266
-708
-360
62
-104
-479
-383
-355
-604
-491
-57
-96
-603
-460
-342
-328
-618
-199
-197
-308
-370
-277
-588
-223
89
-854
-246
384
-311
-144
184
-185
-231
-50
40
149
-20
501
-214
5
451
365
299
242
179
397
363
208
788
29
491
633
183
296
1303
494
161
734
651
650
463
1565
229
586
1162
565
540
1078
1113
366
1260
509
1015
1100
333
849
883
755
680
857
270
687
937
-483
807
1433
-158
474
633
275
638
223
1086
762
-27
690
958
-255
1022
1166
-254
1001
174
856
157
735
73
292
679
118
348
-179
424
-52
31
-18
148
205
-911
-92
-12
-524
-178
-395
-400
-536
-779
-676
-307
-553
-990
-472
-533
-1458
-807
-1082
-546
-783
-1319
-916
-956
-1361
-1697
-1157
-635
-814
-1656
-1030
-658
-2361
-1201
-472
-1665
-1022
-456
-1434
-1301
-722
-1275
-695
-371
-1070
-812
-377
-1202
-915
-136
-635
-620
-608
-395
-1074
-651
-100
-1307
-221
-155
-535
-860
-95
-235
-1238
116
-248
-472
296
-449
-90
350
-1
-542
728
234
-65
983
-17
895
457
-37
999
978
492
1231
1585
316
619
1114
655
1076
1781
1101
1894
1043
399
1484
1237
1214
2112
1345
1509
2143
225
1364
1737
1208
2051
1595
1399
1685
1361
80
980
2315
942
786
2060
678
554
788
282
1329
1251
401
1020
988
-25
325
-112
720
512
134
1073
-43
-330
154
-439
-15
-131
84
576
-860
-671
-387
-786
-949
-232
-531
-274
-964
-1261
-755
-1554
-1082
-558
-1116
-891
-1020
-1252
-1481
-1267
-1535
-690
-1029
-1078
-867
-1862
-734
-1432
-1949
-807
-747
-1081
-1254
-1464
-1387
-655
-1915
-1611
-208
-1536
-1008
-1050
-1288
-802
-948
-1312
-1078
-490
-1113
-1342
-747
-161
-1158
-1253
-10
-748
-1215
-323
-551
-893
-350
-881
-630
-399
-113
-450
-512
28
123
-471
-613
887
8
23
1238
-407
843
892
233
943
773
1614
772
767
1379
1939
623
1200
2276
1138
1722
1348
1860
1602
1169
1895
1409
1878
1810
1953
1033
1666
1814
534
1625
2228
903
1246
1818
473
1159
877
1036
1097
683
967
1298
-68
547
1134
215
240
1242
98
98
479
248
90
62
219
-35
56
307
7
-230
-194
414
-664
-232
479
-597
-108
-477
-275
-768
-864
108
-1036
-638
386
-1126
-1302
-522
-812
-1055
-1029
-399
-403
-1393
-1214
-941
-1553
-981
-1487
-718
-772
-1484
-1192
-1244
-1507
-655
-1096
-1656
243
-1178
-1589
-639
-972
-1358
-1195
-403
-596
-1129
-968
-900
-1018
-1224
-1204
-487
-845
-751
-588
-1275
-759
-840
-1160
-191
-918
-308
-355
-955
-400
-119
-736
-242
359
-457
757
-621
239
638
-223
924
553
303
1524
729
-54
1491
1321
369
981
1697
1648
543
1320
1438
772
1433
1026
1242
2067
814
953
1838
471
1048
1409
742
1670
958
630
1222
881
728
470
521
1414
762
-148
956
680
-145
210
873
-7
605
727
-265
176
570
-114
18
773
268
169
258
249
388
-10
-67
418
579
52
-70
651
-321
-535
801
-185
-247
844
-539
-810
747
-815
-588
100
-536
-491
-133
-846
-441
-257
-942
-303
-802
-479
-527
-581
-644
-713
-750
-487
-785
-1139
-97
-670
-1170
-416
-1258
-934
-499
-2068
-136
-493
-1407
-428
-1249
-943
-811
-1645
-391
-134
-1840
245
-1365
-1261
160
-1606
-363
-31
-1072
-617
108
-1170
18
-800
-84
428
-717
190
194
-476
-378
389
138
597
339
289
397
67
413
455
509
812
312
792
578
148
883
571
420
706
526
730
435
511
491
613
764
536
35
712
1094
-668
590
1123
-208
149
641
371
144
367
1043
62
118
286
178
703
680
281
864
619
504
-225
467
839
697
-196
460
1476
-118
-404
1093
511
-174
929
963
262
121
269
384
-243
666
1003
-427
143
1617
-615
-654
1476
18
306
494
-387
79
155
-293
-234
-301
589
427
-1124
-256
573
-993
-782
168
-99
-462
-219
-729
-673
-471
-524
-689
-387
-95
-892
-341
-1035
-582
-187
-1228
-590
-101
-1001
-1166
-351
-709
-1215
-738
-678
-384
-758
-936
-264
-969
-804
-153
-774
-312
-242
-622
-901
-277
-382
-765
74
-118
-365
230
-324
-648
457
-61
-4
185
83
137
-177
-248
-256
45
410
-176
264
-209
92
-126
-816
290
68
489
-416
-10
235
-408
332
17
-410
748
319
-640
133
752
-596
15
514
211
672
165
163
686
307
-284
425
885
-150
940
680
-233
1031
687
-100
1234
421
825
1040
-5
954
1002
472
1004
978
1269
632
843
236
1054
932
128
956
1334
514
233
721
537
792
225
606
882
209
-210
460
1024
-340
45
505
462
213
-550
674
115
-143
160
-400
549
175
-1185
453
89
-422
-339
-96
136
-710
-696
41
-375
-1158
-562
42
-1166
-286
-654
-995
-67
-1290
-735
-801
-430
-815
-1090
-199
-550
-1623
-727
-85
-1389
-875
-337
-282
-918
-1652
-355
-649
-1165
-669
-542
-591
-716
-1129
-904
-155
-953
-628
-356
-345
-648
-1045
-199
-84
-930
-634
265
-127
-652
-306
251
-408
-933
21
578
-473
-225
794
55
-731
215
-215
223
-38
517
374
755
-94
-191
115
530
269
109
1114
807
-77
422
165
815
905
199
1811
929
-65
648
1170
351
904
978
1293
1608
-31
758
1437
55
837
1049
1542
1120
-76
1706
773
-56
1172
496
966
1122
468
1033
652
3
1026
787
157
1147
359
457
825
-318
255
512
458
213
165
763
-4
-457
538
174
-144
246
424
-268
-321
-215
-361
-255
360
-290
-448
-232
-160
-921
-1039
294
-281
-1197
-89
-853
-879
-585
-1209
-738
-228
-726
-1783
-705
-326
-1783
-1821
-389
-531
-1247
-1205
-1325
78
-1768
-1848
-76
-856
-1334
-221
-1425
-375
-662
-1665
-457
-66
-1091
-699
-442
-152
-1240
-566
-204
-462
192
-666
-224
103
-506
-400
-30
-733
1230
-634
-699
1032
-675
-486
792
-427
211
206
-158
510
-544
198
681
75
-198
538
762
-407
88
670
401
546
265
127
1314
208
-11
1386
552
37
999
872
622
673
775
1239
1019
252
825
773
1410
718
522
1527
1340
272
613
984
1245
503
716
1650
1015
736
438
725
1038
476
569
1278
1237
-214
739
949
-208
601
1029
558
418
498
114
496
-217
16
1195
-282
-55
1075
-717
-125
372
-1120
-203
632
-1091
-187
72
-512
-1261
-683
-350
-17
-1071
-828
345
-1078
-1213
-839
-1162
195
-1129
-1384
436
-993
-1726
-959
-794
-805
-1282
-294
-317
-1731
-433
-1007
-1888
-592
-362
-1031
-361
-636
-979
-1136
-1061
-1163
-356
-540
-243
-83
-572
-1130
-318
-651
-677
97
-93
273
-269
-980
213
-395
-813
424
-13
-71
224
-713
80
212
-800
35
166
-149
215
-417
53
400
-742
30
421
3
364
-10
19
702
-287
-249
665
640
208
832
710
357
311
237
553
650
610
1678
1122
268
806
1008
331
480
1076
1836
719
385
1623
695
488
656
1168
1677
435
1129
1046
491
762
259
1046
1115
642
587
688
1227
-79
-320
1495
1224
-539
341
1391
114
-625
123
967
162
-327
575
477
22
-72
-190
-230
377
-746
-131
499
-65
-486
-355
-227
-226
-922
-294
140
-614
-786
-386
-735
-1279
-549
-377
-753
-813
-134
-871
-1278
-828
-779
-876
-964
-667
-410
-1146
-1032
-229
-1187
-1206
-469
-624
-730
-726
-727
-520
-738
-1144
-690
-774
-469
-480
-423
-400
-572
-611
-878
-228
-322
-962
275
138
-1191
-336
39
-703
-85
-440
-156
486
-452
-830
-389
280
-22
-635
84
396
-343
-294
-26
-204
189
124
541
144
-104
1070
329
-615
570
1304
-82
472
924
425
1000
400
153
1210
501
570
1499
293
776
1411
469
611
1100
617
772
1409
220
638
1330
342
402
1071
696
1063
215
798
1124
616
675
445
494
868
644
-455
1136
1651
-397
-483
1235
142
490
-249
901
1294
-151
-320
258
190
10
151
174
-64
638
-461
-817
589
-476
-533
330
219
111
-582
-700
149
-668
-750
395
-208
-696
-3
-367
-1173
-329
-143
-1095
-16
-770
-181
-642
-1361
-515
-361
-1066
-738
-390
-418
-432
-1488
-877
-393
-767
-1068
-422
-200
-566
-1144
-899
-495
-626
-921
-488
-541
-159
-982
-1285
-454
-760
-372
-904
-663
302
-1080
-970
-338
-427
60
-975
-47
315
-1017
-272
-7
-399
274
195
-610
631
493
-578
-101
735
107
-229
500
348
601
364
483
297
47
407
599
402
317
944
1151
8
-247
944
934
-45
791
867
1036
930
-270
592
1588
-26
358
1319
636
812
316
588
1156
463
304
800
629
409
328
601
1029
808
-42
655
885
172
267
650
570
362
499
99
366
629
214
602
517
188
216
591
-127
-161
696
400
-19
267
131
-117
-18
-449
-132
415
-302
-286
-1
-127
-500
-652
-390
-157
-250
-443
-363
-37
-466
-900
-631
-179
-802
-853
-118
-119
-931
-679
-641
-847
-509
-896
-925
366
-1103
-1385
425
-894
-1596
-231
-486
-723
-400
-1092
15
-308
-1134
-795
-526
-219
-619
-941
119
193
-950
-813
-162
140
-676
-763
263
97
-174
-586
-390
172
-727
-566
457
-125
69
20
-341
63
-10
-821
170
557
377
150
56
735
-291
-275
475
421
469
476
394
637
-29
-73
635
375
275
417
581
940
135
-89
851
517
227
118
511
1209
566
94
982
836
419
297
721
1233
254
641
934
319
405
666
97
858
880
543
431
451
533
-273
-100
829
546
-89
853
444
-219
437
-260
-436
789
296
-64
439
357
-9
-640
-166
131
116
-23
453
369
-157
-547
-29
-491
-647
429
146
-294
67
-253
-719
-232
-574
-464
-58
-165
-147
-438
-482
-320
-242
-731
-375
145
-165
-695
-434
-574
-572
-249
-798
-335
-78
-396
-868
-862
-210
-279
-680
-715
-417
-101
-490
-925
-616
402
-548
-787
-293
102
-253
-745
-610
158
-164
-742
-597
227
-1
-832
-652
298
188
-497
-672
360
567
-856
-330
313
414
-362
-620
175
952
-302
-709
524
738
-597
-506
502
701
257
-433
438
841
-385
-361
750
559
419
14
98
825
485
-404
192
1200
128
295
393
369
824
-2
1
976
600
331
747
385
473
288
-152
490
436
528
644
166
391
534
42
249
398
327
651
173
379
410
84
286
-8
198
632
-50
330
436
-70
-237
357
158
88
299
240
442
190
-255
-54
54
24
60
-26
106
521
-48
-156
-211
-217
153
-486
68
182
-170
-144
20
-588
-132
-259
-420
7
-323
202
-238
-610
-53
-433
-722
-40
-378
-478
-88
-485
-364
-394
-690
-668
-486
-324
-414
-673
-485
-193
-660
-869
-529
-312
-473
-386
-666
-206
-90
-733
-744
-442
-341
-131
-657
-332
240
-538
-417
-294
-536
-107
54
-361
65
134
-279
-501
-96
94
118
-205
-134
570
113
-689
143
460
-127
422
-2
434
751
-325
-62
399
334
322
-245
575
1010
-133
116
491
-8
630
211
86
744
441
433
370
301
578
303
336
693
377
679
802
67
217
636
407
432
443
363
849
303
9
311
656
259
208
343
534
453
210
58
339
823
61
-252
667
582
-19
149
112
260
304
-88
-151
448
151
-38
-238
143
385
-118
-389
78
508
-249
-514
-267
51
-189
-451
-487
230
-161
-581
-358
-516
-382
-327
-355
-202
-307
-444
-147
-399
-731
-611
-81
-365
-663
-546
-283
-260
-993
-755
-72
-237
-1007
-654
-35
-419
-666
-573
-446
-29
-682
-1186
9
290
-836
-573
18
-118
-676
-890
-36
358
-342
-721
24
462
-355
-648
-1
412
-52
-335
-205
346
348
-510
-184
277
280
-264
-109
183
443
-67
-76
254
235
165
213
417
277
366
313
249
242
547
440
495
350
282
764
401
116
529
434
755
655
6
600
866
258
107
401
901
618
75
170
610
633
370
55
734
1069
42
-118
249
734
513
-219
347
861
280
-303
-73
598
691
-302
-268
492
634
-319
-583
278
630
-114
-582
-59
449
-72
-677
-219
379
246
-633
-623
126
124
-705
-340
111
40
-269
-708
-397
136
-313
-769
-382
-272
-256
-524
-593
-120
-156
-615
-632
-511
-279
-405
-710
-321
-128
-406
-472
-422
-337
-342
-571
-378
-267
-315
-221
-373
-115
-203
-413
-213
-331
-227
43
-399
-253
112
-223
-528
-170
21
-111
-280
-142
76
-33
-259
-386
142
114
-236
-55
155
61
54
-158
48
350
169
26
25
372
388
-105
0
416
382
167
101
279
571
157
80
412
579
478
187
341
719
501
191
293
486
575
309
86
556
562
291
431
149
349
753
144
242
363
178
575
119
-108
618
428
52
59
105
392
138
-190
282
300
55
146
0
39
253
-48
-162
213
110
-21
-12
-143
8
-38
-281
-76
-128
-111
-52
-335
-123
-42
-307
-340
-137
-94
-116
-251
-213
80
-382
-288
-63
-288
-131
-191
-386
-45
-247
-398
-143
-310
-192
-177
-514
-257
-34
-381
-308
-183
-204
-292
-446
-467
-137
-200
-327
-298
-198
-79
-195
-589
-186
-7
-158
-250
-330
-61
6
-318
-248
-49
-32
-180
-244
-103
-34
91
-189
-256
106
89
-47
-111
-117
167
208
-60
-71
119
199
128
-75
49
219
229
47
32
263
395
268
103
103
294
278
-6
6
286
406
166
-41
277
489
131
32
170
390
345
170
129
301
412
69
-90
244
267
161
228
222
253
138
236
88
-107
300
318
7
54
245
200
54
-77
60
158
87
45
33
173
221
97
-183
-174
249
181
-70
63
274
167
-2
-9
72
150
158
-8
84
268
82
-182
-37
56
-49
18
9
36
52
-49
-174
-179
-163
-129
-63
-155
-212
-123
-129
-217
-265
-259
-86
-96
-255
-64
-48
-151
-343
-358
-112
-181
-258
-93
-76
-151
-246
-380
-286
-104
-151
-391
-241
5
-121
-442
-400
-148
-55
-317
-305
21
-25
-234
-309
-239
-30
-116
-309
-210
44
39
-249
-235
-3
-26
-235
-168
-67
2
-55
-112
-112
-17
44
-204
-160
220
49
-207
-9
145
58
-51
-18
124
140
76
58
100
251
152
-13
124
288
181
27
16
207
273
156
113
111
280
313
101
229
424
317
223
134
201
250
199
176
296
298
200
240
166
141
289
331
191
164
308
333
186
215
297
246
170
195
190
221
205
149
207
227
118
104
163
156
126
109
163
167
121
51
95
175
81
32
41
129
115
-86
-44
10
-28
-114
-148
-4
69
-202
-201
-45
-78
-175
-232
-85
-89
-266
-155
-167
-162
-169
-391
-247
-124
-309
-342
-229
-238
-385
-527
-316
-270
-369
-337
-325
-279
-320
-505
-430
-275
-367
-386
-359
-362
-398
-421
-361
-401
-327
-199
-227
-253
-247
-220
-178
-244
-214
-197
-197
-101
-206
-189
-110
-154
-129
-108
-153
-64
-21
-16
-1
1
60
-20
-57
76
139
17
76
194
105
119
174
166
299
212
181
388
291
290
234
258
389
296
282
385
344
320
292
318
432
334
308
446
421
453
293
303
432
308
330
397
394
385
297
351
381
249
365
334
318
498
361
291
353
283
223
129
283
304
70
193
284
107
97
97
157
126
38
63
74
149
10
-79
1
53
-31
-87
-25
-34
-97
-142
-188
-89
-92
-282
-287
-185
-273
-294
-309
-301
-263
-429
-343
-287
-348
-365
-379
-385
-396
-418
-481
-465
-404
-405
-482
-418
-403
-441
-440
-463
-376
-400
-496
-399
-372
-370
-402
-394
-359
-410
-370
-331
-328
-334
-260
-280
-339
-259
-277
-204
-217
-221
-162
-166
-187
-154
-81
-40
-53
-74
-60
6
58
44
14
130
146
114
153
145
300
194
51
217
307
212
217
321
349
349
291
372
390
367
354
327
469
418
355
411
384
420
427
368
484
430
350
428
436
473
373
370
487
445
387
360
399
443
323
288
338
341
320
239
248
294
280
249
233
264
281
226
156
196
234
134
151
117
25
66
65
-41
-47
-38
-26
-71
-137
-91
-159
-129
-133
-232
-254
-277
-286
-318
-360
-310
-282
-403
-387
-371
-390
-321
-417
-372
-334
-435
-450
-433
-379
-448
-441
-263
-374
-445
-406
-359
-289
-398
-470
-355
-291
-362
-379
-321
-194
-277
-348
-236
-222
-229
-225
-223
-230
-100
-138
-218
-35
-58
-156
-72
-98
-96
-63
-33
-25
-17
27
4
-26
-3
34
14
57
93
94
30
51
109
181
98
59
179
164
90
70
216
188
189
227
205
245
255
242
221
303
312
308
331
339
269
288
236
172
277
281
283
319
320
319
276
310
319
240
286
291
243
213
268
274
216
207
204
257
230
183
238
242
204
185
160
146
147
135
107
117
123
107
9
36
98
34
-38
-24
-17
-112
-94
-51
-147
-156
-70
-143
-242
-152
-129
-209
-197
-178
-224
-209
-212
-283
-236
-178
-230
-258
-317
-265
-179
-305
-317
-165
-153
-255
-244
-236
-195
-263
-294
-183
-246
-251
-241
-287
-211
-156
-158
-203
-203
-193
-218
-196
-144
-156
-98
-90
-141
-75
-54
-56
-114
-126
-17
-51
-105
-55
-27
-47
-75
-39
-49
-66
-42
-58
-29
3
-31
-27
4
-11
-58
17
48
11
69
87
65
-5
53
123
59
122
152
116
130
150
180
192
173
218
248
210
199
284
248
162
214
219
222
242
248
224
217
236
243
257
271
210
162
247
234
131
210
197
148
159
137
200
172
139
183
127
120
136
67
91
72
43
-3
-19
38
14
-36
-36
-38
-28
-61
-36
-13
-68
-13
-16
-88
-41
-43
-87
-53
-42
-61
-53
-72
-107
-93
-72
-82
-114
-86
-104
-121
-76
-47
-62
-69
-84
-50
-31
-99
-91
-74
-106
-118
-95
-86
-72
-117
-157
-197
-160
-181
-217
-174
-114
-119
-178
-194
-162
-153
-180
-219
-188
-172
-224
-216
-178
-158
-172
-221
-168
-104
-133
-161
-146
-115
-103
-97
-117
-104
-88
-91
-127
-105
-49
-51
-76
-70
-39
-31
-44
42
35
1
66
60
36
49
89
117
90
86
133
144
109
84
146
178
122
160
179
175
219
189
213
208
156
172
194
188
214
237
217
199
217
192
215
223
170
149
197
207
165
199
201
189
157
122
139
162
173
150
142
168
108
74
108
96
73
67
63
32
38
89
67
24
52
29
-18
-25
-13
-5
-21
-27
-33
-36
-37
-43
-54
-73
-12
-31
-130
-91
-89
-127
-141
-106
-113
-133
-140
-159
-122
-129
-123
-108
-156
-156
-128
-139
-144
-161
-154
-186
-228
-186
-175
-166
-148
-166
-158
-173
-155
-184
-201
-168
-147
-141
-158
-143
-101
-117
-135
-132
-110
-123
-143
-104
-61
-96
-92
-73
-99
-87
-67
-56
-52
-54
-95
-76
-74
-69
-35
-9
-13
16
-15
-25
13
31
44
4
34
60
36
76
93
98
88
59
82
96
84
76
110
114
126
110
129
155
127
130
159
162
164
153
142
166
161
164
158
174
191
160
153
185
144
155
183
176
155
175
166
120
137
138
128
108
118
134
115
95
111
111
80
82
102
86
99
88
47
50
22
15
34
17
-8
6
-38
-58
-24
-39
-42
-49
-55
-41
-91
-74
-16
-66
-86
-71
-107
-110
-118
-125
-103
-116
-131
-152
-145
-120
-145
-151
-129
-127
-108
-123
-133
-107
-107
-144
-137
-104
-108
-133
-141
-109
-133
-137
-100
-99
-109
-92
-91
-130
-110
-104
-122
-102
-84
-70
-54
-51
-55
-33
-59
-50
-50
-51
-23
-26
-58
-35
-11
8
20
-14
-17
26
30
3
13
20
18
-5
36
77
35
45
62
41
58
73
67
56
63
102
111
88
96
98
84
79
81
104
106
79
90
107
86
89
92
84
84
78
86
82
107
98
70
96
107
94
71
72
93
62
81
98
62
53
28
37
33
31
54
39
45
40
39
43
35
23
17
9
-14
4
24
-10
-9
16
-9
-12
0
4
-6
-43
4
37
10
3
14
-9
-48
-55
-32
-43
-40
-31
-49
-51
-47
-60
-79
-71
-67
-67
-79
-63
-74
-104
-93
-90
-89
-87
-89
-69
-71
-72
-70
-48
-59
-77
-77
-66
-37
-61
-57
-48
-87
-103
-107
-80
-63
-51
-73
-48
-37
-75
-96
-62
-46
-74
-52
-24
-29
-32
-55
-39
-19
-33
-35
-24
0
-13
-18
-13
-16
-38
-35
-31
-29
-13
-3
-7
11
14
22
27
28
50
48
66
65
66
94
93
68
93
81
82
88
71
75
67
97
103
112
88
83
85
90
102
111
104
73
105
109
92
113
112
91
61
47
76
70
54
65
68
58
61
57
62
62
53
31
18
19
24
12
9
37
21
-4
-4
8
14
-2
-7
-7
0
5
-23
-12
-5
-29
-30
-42
-36
-30
-26
-20
-12
-35
-45
-37
-36
-29
-29
-10
-6
-43
-31
-29
-66
-62
-44
-48
-68
-54
-44
-69
-65
-37
-53
-53
-52
-56
-68
-81
-80
-79
-74
-89
-96
-90
-77
-93
-95
-76
-73
-83
-92
-86
-70
-93
-80
-50
-50
-65
-63
-37
-41
-41
-14
-15
-30
-15
-34
-38
-18
-13
-18
-2
-11
-27
4
20
29
27
20
11
8
16
22
11
15
31
43
53
55
47
47
40
54
63
62
75
56
68
92
89
93
100
97
99
76
71
82
58
70
78
70
78
58
52
69
62
55
65
63
75
71
71
69
49
58
38
26
41
49
33
37
44
27
30
2
1
15
8
-3
17
19
14
17
-1
-11
3
2
-1
8
-3
-16
-11
-30
-38
-35
-49
-42
-30
-35
-36
-33
-42
-40
-44
-37
-53
-51
-52
-71
-46
-63
-68
-62
-53
-54
-51
-49
-53
-50
-64
-76
-68
-67
-66
-66
-62
-57
-77
-70
-55
-48
-51
-54
-48
-39
-47
-45
-33
-31
-27
-36
-38
-39
-34
-16
-17
1
0
-2
-4
-15
-12
-21
-18
-9
-14
-30
-11
-10
-20
-10
-2
8
6
7
9
26
32
32
28
22
12
8
28
27
31
37
29
40
51
53
60
59
43
29
30
40
57
64
49
54
64
46
50
65
80
81
80
84
77
62
45
44
55
73
59
43
54
43
40
34
34
49
57
52
52
53
46
26
36
57
37
49
39
24
30
17
9
-4
-12
-15
-16
-5
-27
-32
-20
-21
-25
-35
-38
-34
-38
-41
-34
-37
-46
-52
-63
-70
-60
-55
-66
-62
-63
-70
-78
-68
-54
-48
-35
-44
-52
-47
-54
-66
-55
-43
-33
-42
-52
-45
-53
-49
-50
-40
-40
-33
-24
-25
-25
-10
-5
-29
-29
-16
-9
-11
-4
-1
3
5
-5
-2
5
-6
-5
0
-4
-4
-20
-28
-16
-25
-19
-23
-24
-6
-1
-1
10
32
41
30
33
36
24
16
20
18
22
21
14
18
11
11
26
30
40
28
35
59
54
49
52
61
61
49
41
50
42
32
43
50
50
50
52
60
63
56
44
43
37
32
16
18
31
22
20
19
30
15
11
19
12
17
28
8
6
15
9
-3
-4
2
-15
-24
-26
-14
-13
-23
-10
-4
-11
-9
-15
-14
-4
-2
-12
-25
-29
-33
-43
-33
-8
-9
-10
-13
-12
-14
-21
-15
-10
-11
-23
-28
-34
-35
-35
-44
-33
-31
-31
-32
-37
-29
-24
-29
-30
-38
-53
-55
-44
-43
-34
-32
-51
-48
-43
-43
-40
-46
-45
-43
-45
-44
-38
-31
-28
-26
-30
-32
-25
-25
-16
-4
-5
-25
-17
-12
-12
-6
-1
-3
-4
10
9
6
14
23
24
25
29
40
39
33
40
39
35
25
26
32
35
25
25
22
25
24
32
35
43
53
61
55
41
43
44
49
50
47
44
33
22
22
39
41
33
34
27
27
31
32
25
19
15
9
11
28
32
18
14
16
18
22
24
29
28
20
19
19
17
12
5
-2
-18
-7
9
0
3
6
-7
-24
-12
-5
-6
-3
-4
7
1
-11
-5
-6
-6
-8
-13
-11
-26
-24
-18
-26
-27
-41
-36
-24
-33
-44
-33
-32
-48
-49
-46
-47
-45
-48
-34
-24
-32
-30
-23
-23
-36
-39
-34
-37
-45
-44
-42
-43
-41
-29
-19
-20
-28
-24
-20
-12
-19
-16
-10
-12
-6
-4
6
-2
-9
-14
-13
-16
-9
-5
-8
-6
-6
-7
0
17
23
26
32
32
31
29
27
27
26
26
30
19
15
7
7
13
15
20
20
20
19
17
14
9
13
11
14
15
11
13
20
19
24
34
26
28
31
39
36
33
39
34
28
32
19
17
18
22
22
22
32
23
19
17
21
23
23
28
25
15
11
15
6
16
27
23
16
9
10
10
11
7
16
2
-4
-3
-11
-7
-9
-15
-9
-12
-26
-21
-19
-13
-4
-2
4
-6
-22
-28
-21
-22
-24
-23
-26
-40
-43
-47
-49
-40
-35
-45
-47
-44
-49
-60
-51
-37
-35
-30
-32
-35
-37
-34
-35
-34
-31
-30
-39
-31
-23
-18
-20
-27
-31
-34
-26
-26
-25
-18
-26
-24
-27
-20
-20
-21
-23
-21
-5
2
10
13
15
12
12
7
6
12
18
23
9
6
8
4
9
11
20
35
44
37
35
34
33
32
32
38
34
29
33
31
27
27
26
25
35
41
39
39
44
45
44
37
35
46
40
31
34
32
29
24
34
27
27
31
27
46
41
40
42
38
34
34
30
24
21
19
27
19
21
18
9
10
15
17
8
2
-4
-15
-13
-15
-21
-26
-29
-34
-33
-35
-39
-26
-32
-24
-24
-29
-20
-21
-22
-29
-37
-34
-40
-41
-43
-45
-46
-51
-47
-47
-44
-44
-42
-35
-35
-34
-31
-31
-34
-35
-32
-27
-22
-18
-23
-24
-19
-17
-13
-7
-8
-7
-12
-10
-9
-20
-20
-23
-24
-26
-26
-24
-17
-17
-19
-17
-17
-14
-17
-15
-8
-12
-4
6
10
21
13
18
23
16
23
25
18
14
18
19
18
22
24
24
22
21
20
21
19
23
38
46
51
46
38
31
35
37
29
36
41
29
31
40
36
36
35
29
25
21
10
16
27
30
31
23
17
13
11
11
7
6
10
5
7
8
8
7
3
4
10
9
5
-1
-8
-6
-5
-9
-11
-19
-19
-20
-25
-23
-16
-17
-16
-17
-13
-11
-15
-10
-18
-17
-19
-21
-20
-14
-8
-16
-20
-18
-15
-22
-25
-24
-26
