-1
-5
-4
-4
-5
-6
-3
-3
-4
-3
-3
-2
-3
-1
1
1
0
-1
-3
-3
-3
-2
-4
-1
-1
0
1
3
0
1
2
3
4
6
4
0
0
-1
-2
0
3
2
2
1
1
0
3
3
2
4
0
-2
-1
-1
1
3
4
3
3
2
1
1
2
3
0
-1
-1
-3
-1
-2
-2
1
-2
-1
-2
-2
-4
-4
-2
-1
1
5
4
1
4
2
-1
-1
0
-1
0
0
2
2
3
5
3
5
4
4
4
3
5
2
0
1
0
-2
1
2
0
-2
0
-3
-2
0
1
1
2
3
0
-1
-2
-1
-2
-1
-2
-1
-3
-3
-2
-4
-5
-2
-1
0
-1
0
0
-1
-3
-4
-4
-3
-2
-3
-3
-1
-2
-4
-3
-3
-2
-2
-1
-1
-1
0
2
2
2
2
0
1
0
0
-3
-5
-4
-4
-4
-3
-2
-1
0
3
3
1
3
0
1
2
0
0
0
-1
0
-3
-2
-2
-2
-2
0
3
1
0
-1
-2
-2
1
1
-1
2
1
0
-1
0
-2
-2
-1
0
0
-1
0
-1
1
1
1
2
2
0
-1
2
-1
3
1
1
2
0
0
0
2
-1
0
3
1
3
4
3
4
3
0
-2
-2
-2
1
0
2
5
5
7
7
10
9
7
9
8
5
4
3
1
2
1
-1
0
2
3
1
2
3
4
5
4
5
5
4
-1
-3
1
-1
-2
-1
-5
-4
-3
-4
-5
-4
-6
-3
1
1
0
-1
-1
-4
-3
-2
-3
-3
-3
-5
-6
-2
-5
-6
-6
-7
-7
-7
-4
-3
-1
2
0
-3
-2
-2
-4
-1
-3
-4
-3
-2
-2
-2
-1
1
0
0
1
-1
-4
-3
-6
-7
-4
-1
0
0
0
1
1
1
2
2
2
0
1
1
-1
-1
-2
-3
-1
3
4
1
2
-1
-3
1
3
4
4
1
0
2
2
1
0
0
0
0
0
-2
-2
-3
-4
2
1
1
2
2
1
0
-1
-1
-4
-1
-2
-1
0
-1
-3
1
1
1
0
-1
-1
0
1
2
1
2
2
1
3
2
0
0
2
2
2
2
2
3
7
4
6
7
6
8
7
5
4
4
3
4
6
6
3
3
3
3
5
6
5
6
5
1
0
0
-3
-3
-2
-5
-4
-2
-4
-7
-4
-5
-6
-2
-1
1
3
1
-1
-1
1
-2
-1
-2
-4
-3
-4
-3
-1
-3
-4
-3
-2
-2
0
1
-1
-1
0
-1
-1
-3
0
-3
-3
0
-2
-3
-1
-1
2
4
5
4
1
2
4
3
3
1
1
-2
-1
1
-1
1
-1
0
-1
-4
-4
-6
-5
-5
-8
-5
-4
-8
-5
-3
-4
-6
-5
-5
-8
-6
-5
-7
-3
-3
-6
-7
-7
-10
-11
-10
-12
-10
-9
-12
-10
-11
-11
-6
-6
-6
-6
-6
-5
-5
-4
-6
-1
-1
-2
4
6
6
8
8
9
11
12
14
12
11
13
16
16
16
16
15
17
19
19
21
20
19
18
18
16
15
15
15
17
14
14
15
12
9
11
14
12
17
16
12
16
13
11
9
5
7
8
8
7
9
10
7
9
6
7
10
4
6
7
1
-2
-1
-3
-7
-4
-2
-8
-8
-11
-19
-22
-21
-26
-28
-31
-33
-31
-37
-41
-40
-41
-43
-41
-41
-39
-42
-42
-42
-41
-38
-42
-40
-41
-40
-38
-37
-40
-37
-35
-33
-28
-24
-21
-20
-18
-15
-8
-4
-5
-2
-1
1
2
4
5
5
7
7
10
18
18
16
18
20
22
29
36
38
37
42
44
41
43
45
46
48
51
53
51
49
51
54
58
60
60
62
59
60
66
65
68
72
71
74
80
74
72
69
67
66
68
71
64
64
56
48
49
40
32
23
12
0
-10
-17
-26
-38
-50
-61
-71
-81
-91
-101
-108
-114
-122
-126
-135
-139
-142
-148
-146
-140
-138
-136
-134
-131
-127
-126
-122
-115
-109
-101
-93
-88
-85
-80
-75
-71
-63
-54
-49
-43
-33
-28
-20
-10
-4
0
7
17
22
22
29
27
29
36
42
48
55
60
63
70
76
82
90
96
102
103
104
106
107
105
108
112
117
124
126
126
132
134
123
121
127
126
137
152
160
164
161
152
148
154
161
173
184
173
153
136
115
101
102
96
82
77
51
20
-5
-29
-57
-77
-97
-125
-148
-168
-192
-203
-210
-228
-240
-253
-268
-269
-273
-278
-272
-268
-268
-254
-235
-236
-230
-218
-216
-211
-180
-169
-171
-158
-155
-159
-138
-123
-129
-118
-113
-114
-104
-85
-73
-67
-52
-39
-28
-8
7
10
13
26
44
59
66
69
79
82
89
107
114
119
122
126
130
138
148
152
153
166
171
171
176
173
172
174
175
183
186
186
186
175
185
193
192
206
206
206
214
214
221
224
226
230
236
252
253
263
264
254
288
291
243
221
189
159
164
175
164
156
125
62
7
-27
-59
-103
-124
-143
-193
-232
-282
-330
-341
-362
-397
-428
-463
-485
-488
-499
-501
-495
-502
-504
-468
-437
-420
-402
-388
-368
-331
-296
-287
-276
-266
-271
-253
-214
-189
-189
-169
-165
-179
-155
-142
-141
-120
-102
-82
-63
-45
-24
-6
10
27
44
65
83
101
114
118
131
132
137
150
161
181
197
210
218
226
237
255
263
270
279
290
294
306
322
317
312
306
291
284
293
304
311
313
322
328
342
352
352
365
364
361
367
369
368
352
346
327
301
281
255
263
274
291
343
375
326
237
183
138
139
201
203
193
180
71
-55
-122
-175
-222
-257
-271
-316
-371
-440
-521
-532
-552
-599
-636
-693
-734
-715
-707
-726
-721
-742
-772
-737
-654
-598
-588
-599
-593
-564
-487
-387
-351
-332
-320
-327
-314
-270
-216
-218
-224
-214
-227
-206
-180
-172
-150
-113
-103
-92
-74
-62
-28
11
50
84
83
88
118
145
171
183
200
197
210
256
295
317
331
342
335
364
393
408
412
425
433
458
492
498
498
491
488
500
511
535
539
519
524
539
533
524
509
516
503
480
491
480
473
476
468
434
395
368
338
334
361
354
324
348
407
489
492
359
233
134
107
206
280
278
253
129
-85
-229
-254
-317
-354
-346
-434
-527
-616
-772
-800
-781
-864
-913
-996
-1061
-1001
-988
-1021
-1029
-1089
-1171
-1161
-1027
-892
-841
-850
-845
-810
-688
-525
-472
-480
-459
-468
-476
-397
-324
-346
-386
-368
-372
-340
-288
-313
-323
-252
-206
-174
-119
-110
-68
-9
28
78
137
173
213
280
337
363
387
395
393
460
506
520
550
596
623
675
742
724
715
706
695
714
758
788
761
732
740
751
778
781
719
684
690
694
686
667
642
619
587
609
648
605
561
559
517
506
539
500
413
381
371
296
286
306
320
547
770
708
528
339
155
159
375
495
550
526
300
42
-108
-196
-283
-334
-363
-471
-582
-728
-934
-930
-949
-1108
-1190
-1333
-1431
-1371
-1332
-1350
-1338
-1435
-1618
-1621
-1471
-1312
-1291
-1337
-1332
-1268
-1172
-990
-884
-912
-858
-849
-848
-768
-685
-695
-774
-720
-661
-668
-617
-642
-669
-531
-433
-363
-290
-225
-165
-114
-24
94
173
204
263
401
545
638
699
714
736
801
866
862
865
913
918
951
1034
1052
1018
1007
997
1068
1176
1219
1183
1141
1175
1198
1227
1213
1191
1150
1089
1052
1071
1040
1004
996
955
993
999
945
863
770
784
822
833
853
811
728
654
591
517
438
462
485
606
986
1147
951
665
376
193
257
495
594
692
611
239
-90
-327
-535
-684
-716
-765
-937
-1144
-1481
-1692
-1624
-1738
-1899
-2016
-2232
-2302
-2218
-2189
-2172
-2193
-2433
-2631
-2564
-2339
-2190
-2124
-2106
-2048
-1931
-1716
-1523
-1467
-1377
-1285
-1323
-1313
-1119
-1010
-1028
-949
-847
-866
-850
-800
-781
-615
-397
-271
-186
-87
22
163
291
479
710
764
794
927
1094
1159
1231
1321
1272
1328
1401
1417
1486
1585
1596
1557
1574
1582
1544
1533
1557
1565
1658
1729
1724
1728
1756
1738
1753
1749
1727
1688
1663
1687
1687
1695
1621
1515
1510
1469
1438
1472
1413
1325
1331
1407
1288
1212
1139
972
873
866
883
769
748
642
463
748
1190
1302
1124
695
246
42
121
400
578
644
421
-148
-698
-1070
-1315
-1466
-1487
-1520
-1743
-2058
-2483
-2695
-2631
-2739
-2892
-3091
-3463
-3534
-3318
-3153
-3011
-3061
-3388
-3688
-3530
-3124
-2832
-2720
-2713
-2732
-2625
-2367
-1991
-1782
-1734
-1645
-1587
-1379
-1115
-967
-990
-959
-751
-615
-505
-387
-429
-333
-118
65
250
236
195
285
526
923
1238
1316
1254
1312
1500
1706
1910
1928
1841
1822
1895
2004
2047
2017
1912
1800
1785
1866
1909
1893
1936
1981
1971
2033
2024
2003
2030
2071
2092
2123
2163
2092
2008
1903
1895
1849
1718
1731
1687
1618
1610
1505
1380
1337
1293
1317
1375
1308
1173
983
888
811
707
645
495
409
310
188
383
878
1185
996
472
-97
-482
-398
16
320
520
417
-215
-881
-1269
-1585
-1802
-1776
-1848
-2116
-2296
-2633
-2933
-2807
-2888
-3115
-3210
-3399
-3439
-3252
-3064
-3014
-3095
-3346
-3605
-3444
-3077
-2883
-2823
-2834
-2853
-2691
-2335
-1980
-1736
-1572
-1572
-1582
-1351
-1039
-831
-731
-610
-654
-640
-487
-447
-264
-57
-6
102
137
168
288
412
645
887
1054
1143
1165
1326
1545
1709
1842
1909
1887
1867
1925
2074
2214
2248
2176
1982
1895
1921
2006
2074
2125
2147
2194
2245
2361
2530
2644
2607
2555
2524
2561
2604
2537
2515
2434
2269
2112
2036
1887
1731
1698
1645
1565
1552
1431
1268
1210
1102
976
910
757
614
501
406
265
168
90
192
617
876
573
188
-276
-730
-664
-358
-165
27
-72
-640
-1186
-1628
-1929
-2149
-2072
-2096
-2433
-2612
-2960
-3230
-3013
-3080
-3301
-3351
-3589
-3615
-3421
-3201
-3046
-3144
-3369
-3553
-3440
-3165
-3052
-2952
-2902
-2900
-2805
-2568
-2201
-1939
-1817
-1757
-1593
-1426
-1243
-995
-890
-753
-609
-647
-593
-412
-298
-151
24
146
234
288
365
502
800
1065
1249
1387
1469
1636
1868
2059
2225
2339
2303
2311
2419
2534
2731
2790
2627
2470
2375
2427
2516
2676
2733
2676
2650
2616
2650
2774
2815
2796
2783
2702
2685
2647
2560
2493
2391
2263
2126
2026
1867
1659
1478
1363
1270
1195
1102
934
794
657
457
284
206
146
49
22
-94
-267
-393
-535
-443
-2
463
465
42
-512
-1015
-1071
-600
-359
-272
-266
-799
-1503
-1831
-2033
-2390
-2388
-2398
-2751
-2815
-2920
-3310
-3206
-3126
-3379
-3403
-3527
-3790
-3693
-3461
-3320
-3201
-3238
-3491
-3549
-3257
-3117
-3018
-2886
-2962
-2977
-2604
-2216
-2007
-1714
-1624
-1589
-1342
-987
-663
-520
-378
-286
-290
-92
134
188
374
527
627
815
831
854
974
1185
1485
1714
1864
1953
2099
2322
2551
2767
2845
2792
2763
2871
2999
3132
3145
3015
2881
2774
2743
2682
2713
2634
2469
2435
2468
2568
2615
2600
2475
2417
2372
2346
2379
2404
2361
2215
2055
1901
1827
1628
1384
1270
1200
1047
881
849
747
630
540
385
270
98
10
-147
-299
-310
-497
-608
-607
-410
71
407
250
-239
-691
-1142
-1118
-585
-450
-357
-336
-948
-1622
-2031
-2384
-2702
-2637
-2650
-3103
-3158
-3405
-3803
-3485
-3322
-3469
-3504
-3749
-3929
-3734
-3472
-3288
-3207
-3339
-3594
-3587
-3376
-3179
-3061
-2989
-3090
-3138
-2864
-2524
-2218
-1976
-1815
-1705
-1477
-1101
-738
-482
-360
-198
-177
19
377
544
761
934
996
1119
1146
1205
1415
1613
1890
2112
2256
2358
2526
2756
2949
3052
3165
3152
3081
3218
3369
3513
3558
3389
3179
3038
2982
2997
3033
2943
2759
2588
2552
2598
2718
2763
2624
2502
2460
2413
2404
2488
2492
2391
2210
2004
1850
1593
1314
1167
1001
846
784
641
392
236
102
-193
-370
-439
-553
-620
-641
-753
-978
-1143
-1230
-920
-308
46
-263
-825
-1366
-1804
-1455
-943
-934
-773
-979
-1703
-2155
-2406
-2689
-2920
-2876
-3111
-3472
-3384
-3716
-3919
-3568
-3613
-3731
-3713
-3997
-3959
-3555
-3291
-3108
-3089
-3250
-3395
-3189
-2830
-2710
-2601
-2576
-2696
-2565
-2223
-1984
-1724
-1521
-1509
-1217
-750
-377
2
217
217
300
611
886
1149
1417
1544
1557
1768
1919
1916
1996
2030
2078
2247
2517
2622
2690
2805
2901
3015
3104
3118
3052
3020
3085
3185
3306
3310
3139
2942
2812
2803
2855
2769
2584
2369
2284
2287
2359
2416
2313
2116
1925
1885
1906
2011
2015
1862
1735
1584
1479
1410
1223
921
822
623
444
364
217
-122
-285
-461
-1102
-1038
-1037
-1016
-864
-801
-1000
-1278
-1607
-1728
-920
-375
-427
-565
-843
-889
-801
122
201
160
-95
-890
-1254
-1554
-1514
-1914
-1977
-2236
-3078
-3355
-3811
-4576
-4747
-5015
-5374
-5422
-5481
-5649
-5221
-4679
-4388
-3869
-3419
-3147
-2584
-1934
-1348
-870
-294
-22
161
604
817
891
856
732
669
581
618
666
408
165
-10
-87
-58
261
487
613
834
846
916
1003
1059
1223
1431
1520
1613
1721
1742
1817
2122
2367
2550
2832
3022
3127
3380
3698
3890
4020
4046
3918
3800
3728
3528
3324
2987
2586
2225
1838
1515
1262
1053
803
583
506
479
576
777
908
1036
1205
1292
1429
1557
1560
1449
1332
1123
1005
798
502
117
-72
-633
-872
-1052
-1107
-1309
-1306
-1431
-1756
-1578
-1412
-692
115
776
501
374
-189
-333
75
625
454
401
57
-1083
-1735
-2435
-3172
-3974
-4271
-5213
-5762
-5929
-6423
-6536
-6074
-6022
-5857
-5255
-5125
-4634
-3734
-2878
-2217
-1464
-953
-576
87
677
932
1237
1457
1305
1433
1680
1794
1801
1645
1403
1227
1143
1137
1040
757
287
-69
-402
-625
-649
-684
-794
-938
-830
-772
-640
-372
22
560
1173
1795
2363
2949
3490
3957
4349
4617
4717
4608
4473
4377
4267
4040
3596
3033
2439
1879
1509
1248
993
719
446
355
331
450
664
740
694
775
884
1013
1311
1485
1464
1381
1278
1221
1236
1173
1137
1024
966
929
959
889
690
551
283
-16
-273
-361
-613
-938
-1202
-1529
-1964
-2114
-2268
-2160
-1369
-604
-204
-44
-78
-473
-229
411
912
1042
1212
665
-149
-884
-1758
-2641
-3522
-4157
-5245
-5951
-6386
-6899
-6866
-6398
-6362
-5829
-5150
-4789
-3740
-2562
-1583
-823
-129
204
485
1049
1503
1617
1675
1667
1257
1165
1151
1081
1015
815
540
613
609
602
633
318
-83
-402
-499
-677
-679
-627
-794
-1003
-915
-836
-646
-153
303
781
1414
2086
2757
3488
4142
4588
4844
5051
5086
4956
4794
4525
4100
3523
2808
2161
1512
980
512
8
-362
-535
-656
-620
-347
-63
151
407
705
948
1194
1452
1696
1806
1833
1683
1536
1457
1251
1066
931
825
701
709
720
628
500
264
99
3
17
-90
-209
-621
-988
-1366
-1483
-770
-144
288
298
107
-463
-300
363
1162
1203
1406
888
172
-335
-1059
-1732
-2717
-3386
-4713
-5425
-5942
-6598
-6873
-6610
-6884
-6572
-5808
-5505
-4587
-3566
-2588
-1754
-757
-42
614
1318
1794
1792
1856
1930
1549
1521
1408
1047
854
506
140
2
-141
-323
-409
-528
-815
-1003
-1074
-1123
-1266
-1206
-1101
-1047
-928
-750
-621
-372
61
602
1293
2056
2699
3202
3789
4250
4567
4813
4908
4722
4514
4278
3927
3542
3016
2337
1572
928
355
-23
-280
-507
-675
-746
-729
-561
-268
28
427
740
993
1251
1575
1849
2098
2300
2400
2333
2226
2106
1968
1895
1789
1660
1542
1299
1111
878
548
310
-13
-255
-552
-625
-978
-1228
-756
-264
357
591
539
182
107
419
1313
1638
1638
1570
582
-37
-907
-1544
-2504
-3176
-4287
-5378
-5975
-6616
-7108
-6866
-6757
-7009
-6224
-5876
-5220
-4026
-2989
-2253
-1470
-753
-309
364
1104
1439
1287
1433
1102
911
1072
948
800
599
227
5
25
-31
15
-191
-528
-1043
-1276
-1405
-1565
-1635
-1624
-1759
-1808
-1536
-1289
-994
-472
37
607
1612
2510
3228
3940
4424
4665
4828
5089
5091
4888
4622
4130
3539
3025
2586
2085
1528
861
316
-35
-144
-175
-117
-213
-229
26
360
816
1282
1587
1638
1738
1940
2135
2339
2510
2424
2295
2258
2240
2244
2186
1971
1773
1522
1339
1214
1029
793
304
-69
-592
-835
-1171
-1098
-477
26
346
361
300
-168
80
499
1374
1212
1365
891
118
-487
-1300
-2048
-3156
-3732
-5120
-5781
-6354
-6959
-7253
-6948
-7250
-7004
-6288
-5985
-5003
-4011
-2975
-2214
-1307
-689
-214
463
1079
1238
1250
1514
1281
1367
1356
1186
1093
834
662
592
536
186
145
-183
-513
-969
-1066
-1512
-1974
-2053
-2214
-2331
-2237
-1961
-1844
-1252
-637
-31
716
1648
2393
3197
4147
4692
5025
5221
5224
5080
4972
4615
4152
3629
2950
2378
1900
1467
918
508
111
-158
-95
98
259
395
492
483
731
1073
1368
1573
1733
1726
1728
1843
1927
1955
1971
1969
1994
2206
2205
2218
2058
1809
1547
1419
1172
821
433
-120
-708
-1018
-1383
-1167
-555
-51
189
223
87
-235
136
920
1561
1598
1775
950
495
-384
-984
-1800
-2675
-3666
-5071
-5680
-6339
-6890
-6794
-6643
-7126
-6556
-6161
-5612
-4477
-3452
-2583
-1938
-1093
-528
68
817
1223
992
1034
1002
904
1321
1247
1108
827
521
301
405
384
329
126
-223
-712
-1241
-1377
-1937
-2272
-2580
-2863
-3110
-2915
-2669
-2349
-1752
-1187
-586
254
1311
2212
3203
4047
4554
4881
5162
5173
5035
4786
4341
3896
3405
2784
2188
1688
1108
548
229
1
-71
49
142
227
461
703
895
1141
1343
1420
1613
1772
1892
2037
2197
2211
2242
2301
2243
2350
2519
2475
2416
2399
2027
1859
1618
1413
942
665
47
-487
-926
-447
-3
356
600
440
-135
-214
307
1040
1844
1842
1696
916
551
-307
-702
-1630
-2466
-3649
-4825
-5414
-6044
-6504
-6489
-6639
-6998
-6475
-6208
-5421
-4565
-3582
-2735
-2192
-1424
-798
-231
458
939
896
904
702
657
870
1070
1225
1078
846
670
460
293
203
-64
-517
-1027
-1534
-1841
-2362
-2846
-3248
-3682
-3749
-3723
-3587
-3159
-2585
-1905
-926
-35
1044
2034
2823
3742
4480
4965
5204
5259
5075
4633
4212
3854
3219
2712
2230
1707
1231
793
446
245
132
240
407
402
553
543
622
857
1032
1183
1222
1263
1354
1594
1964
2337
2545
2743
2842
2914
3184
3326
3435
3341
3052
2712
2431
1990
1467
891
218
-492
-995
-644
-153
389
569
662
96
21
529
1550
2173
2540
2337
1361
697
-263
-728
-1698
-2352
-3787
-5038
-5861
-6481
-6872
-6496
-6624
-6914
-6430
-6264
-5332
-4221
-3110
-2426
-1890
-1432
-1051
-416
302
565
427
275
-162
-31
358
549
842
730
339
286
507
577
541
299
-173
-931
-1395
-1654
-2213
-2720
-3348
-4033
-4384
-4351
-4205
-3758
-3222
-2557
-1634
-565
620
1725
2832
3677
4376
5082
5372
5391
5418
5032
4465
4048
3514
2921
2294
1773
1245
747
463
212
123
203
278
347
461
400
521
721
842
1011
1080
1052
1101
1277
1500
1786
2264
2531
2748
3035
3422
3602
3797
3844
3745
3432
3054
2619
2001
1499
783
132
122
576
700
912
960
362
59
488
1289
2011
2484
2436
1768
1115
339
-150
-1030
-1599
-2951
-4490
-5330
-6213
-6783
-6399
-6563
-6915
-6625
-6570
-5905
-4847
-3619
-2850
-2391
-1851
-1556
-1050
-65
336
305
284
-288
-422
-122
118
435
453
242
167
287
624
817
801
414
-448
-996
-1410
-1917
-2268
-2907
-3839
-4434
-4743
-4813
-4485
-3971
-3440
-2762
-1811
-601
626
1930
2821
3521
4230
4606
4990
5306
5167
4723
4252
3571
2990
2508
2120
1561
1054
767
506
441
591
678
639
638
462
361
379
485
597
695
646
553
601
745
1006
1598
2220
2574
3063
3384
3720
4108
4495
4529
4354
3979
3433
2963
2448
1829
1156
1019
1084
1140
1196
1298
668
417
643
1390
2083
2708
2733
2042
1296
299
-296
-1085
-1559
-2870
-4237
-5281
-6264
-6862
-6445
-6568
-6664
-6435
-6472
-5850
-4847
-3568
-2686
-2046
-1529
-1373
-975
-166
192
402
339
-352
-680
-655
-434
106
430
430
266
331
601
807
1057
877
101
-580
-1281
-1872
-2138
-2658
-3481
-4255
-4998
-5348
-5198
-4759
-4159
-3558
-2749
-1808
-640
830
2066
2988
3656
4019
4289
4544
4662
4543
4161
3564
2941
2387
2045
1772
1402
1062
756
643
746
845
1008
1023
733
594
514
448
438
387
281
187
228
448
687
1076
1532
2000
2520
3037
3594
4079
4376
4642
4793
4628
4242
3745
3206
2491
1994
2058
2099
2012
1908
1658
993
811
1075
1676
2143
2610
2357
1864
1225
409
-91
-752
-1296
-2547
-3792
-4911
-5923
-6315
-6028
-6268
-6177
-6145
-6298
-5697
-4761
-3627
-2794
-2284
-2018
-1907
-1476
-799
-382
-65
-201
-819
-886
-860
-585
-60
52
126
92
243
548
917
1143
942
219
-307
-943
-1473
-1700
-2343
-3067
-3918
-4579
-5035
-5015
-4739
-4304
-3857
-3256
-2483
-1428
-211
902
1920
2459
2857
3232
3630
3903
4064
3968
3519
3075
2635
2383
2281
2164
1921
1638
1433
1399
1480
1600
1656
1444
1118
749
511
376
343
187
-40
-183
-185
24
462
1021
1460
1950
2421
2935
3514
4032
4359
4575
4409
4183
3814
3499
2985
2537
2485
2425
2234
2184
2014
1425
1216
1299
1797
2091
2581
2418
1840
1016
278
-382
-967
-1356
-2387
-3542
-4591
-5516
-5906
-5596
-5672
-5589
-5565
-5671
-5278
-4389
-3369
-2661
-2187
-2143
-2303
-1926
-1370
-1008
-599
-668
-1176
-1200
-1121
-774
-267
3
111
201
428
716
1087
1346
1165
667
202
-489
-994
-1258
-1870
-2502
-3139
-3868
-4399
-4482
-4225
-3935
-3532
-3135
-2708
-1963
-1040
-274
606
1080
1339
1577
1928
2365
2645
2829
2777
2605
2446
2391
2484
2629
2504
2417
2282
2122
2169
2158
2045
1840
1530
1093
792
611
479
237
-17
-211
-306
-111
199
620
976
1319
1707
2150
2624
3221
3580
3752
3779
3680
3560
3386
3228
2878
2576
2648
2663
2723
2896
2637
2128
1931
2026
2344
2681
2914
2336
1578
735
-73
-635
-1026
-1650
-2530
-3407
-4306
-4966
-5010
-4825
-4977
-4865
-5014
-5082
-4723
-4175
-3515
-2911
-2689
-2757
-2845
-2711
-2431
-1942
-1546
-1644
-1598
-1462
-1409
-939
-431
-150
-26
26
59
227
628
883
798
593
69
-627
-916
-1202
-1438
-1556
-1867
-2409
-2766
-2881
-2894
-2698
-2335
-2143
-2032
-1748
-1511
-1125
-615
-281
-61
173
369
654
1074
1505
1839
2046
2128
2180
2402
2678
2865
2959
2899
2659
2449
2350
2233
2115
1897
1624
1318
1136
1038
937
806
712
651
657
777
955
1155
1262
1471
1599
1844
1995
2238
2324
2476
2583
2704
2659
2503
2367
2156
2290
2580
2946
2959
2860
2524
2283
2104
2288
2550
2559
2259
1712
1145
516
167
-275
-762
-1440
-2206
-2904
-3497
-3815
-3760
-3905
-4133
-4267
-4556
-4585
-4364
-3964
-3575
-3412
-3301
-3433
-3398
-3151
-2880
-2554
-2316
-2304
-2089
-1895
-1598
-1082
-780
-591
-570
-558
-565
-431
-216
-5
49
33
-131
-300
-431
-566
-605
-704
-882
-1021
-1240
-1430
-1515
-1374
-1283
-1265
-1243
-1333
-1438
-1302
-984
-651
-299
-96
33
200
491
883
1245
1516
1683
1770
1877
2037
2224
2313
2339
2333
2231
2108
2146
2133
2096
2042
1966
1819
1623
1509
1482
1442
1453
1427
1298
1163
1034
993
1028
1151
1287
1354
1386
1509
1683
1917
2139
2275
2292
2158
1966
1884
1915
2072
2290
2373
2308
2156
2018
1905
1992
2156
2303
2260
2028
1732
1230
703
150
-394
-958
-1502
-2109
-2759
-3291
-3506
-3686
-3882
-3998
-4193
-4305
-4393
-4241
-3830
-3498
-3239
-3160
-3221
-3233
-3080
-2848
-2620
-2556
-2472
-2431
-2357
-2087
-1782
-1478
-1288
-1156
-1016
-873
-672
-282
41
272
369
347
211
61
101
25
-84
-257
-565
-846
-978
-1050
-1095
-1165
-1235
-1258
-1168
-936
-642
-277
-44
91
308
469
545
711
845
942
1035
1128
1129
1180
1322
1475
1684
1981
2218
2396
2533
2629
2766
2884
2886
2818
2591
2257
1938
1709
1524
1297
1119
907
700
710
748
915
1117
1276
1380
1409
1568
1708
1863
1917
1931
1678
1352
1037
949
1081
1312
1633
1841
1960
1936
1981
2042
2249
2484
2630
2460
2052
1543
882
358
-263
-879
-1470
-2052
-2662
-3246
-3536
-3628
-3737
-3752
-3685
-3734
-3794
-3827
-3774
-3657
-3477
-3302
-3307
-3425
-3587
-3579
-3335
-3038
-2710
-2415
-2364
-2307
-2092
-1701
-1197
-761
-495
-412
-394
-278
-49
309
588
690
508
241
124
40
69
199
137
-177
-436
-726
-829
-704
-442
-290
-244
-305
-369
-294
-57
202
364
389
195
108
212
317
517
681
729
738
865
1085
1377
1851
2229
2441
2498
2505
2507
2559
2591
2590
2506
2174
1850
1661
1512
1498
1582
1622
1493
1428
1392
1395
1429
1408
1266
1117
986
868
818
750
710
695
643
602
617
663
874
1274
1723
2114
2364
2354
2163
1951
1844
1950
1980
1894
1536
990
413
-45
-458
-826
-1182
-1633
-2199
-2805
-3204
-3310
-3298
-3285
-3403
-3531
-3769
-3961
-3985
-3842
-3678
-3633
-3703
-3783
-3732
-3505
-3121
-2745
-2366
-2042
-1789
-1533
-1171
-821
-526
-322
-257
-266
-205
-183
-168
-107
-32
-58
-89
-61
-42
26
129
281
322
267
173
58
-36
-42
-48
-28
-3
-29
-81
-67
84
225
405
518
489
547
643
783
977
1137
1192
1117
1027
1059
1184
1419
1605
1677
1722
1714
1723
1782
1967
2157
2200
2149
2040
1952
1953
2002
2073
2041
1855
1631
1424
1218
1174
1179
1014
832
602
409
267
356
452
537
559
542
399
315
435
795
1305
1719
1955
1992
1804
1480
1244
1181
1302
1391
1217
773
376
-35
-331
-547
-799
-1149
-1623
-2180
-2775
-3118
-3148
-3222
-3381
-3630
-3909
-4149
-4365
-4420
-4213
-3885
-3558
-3401
-3233
-3017
-2587
-2054
-1509
-1083
-818
-830
-972
-1063
-1036
-865
-826
-824
-808
-744
-520
-142
224
564
715
675
543
473
413
434
456
383
224
117
81
146
349
563
695
731
652
631
649
736
816
839
857
853
844
937
1023
1098
1080
999
899
773
697
707
792
924
1040
1136
1284
1407
1555
1782
1939
1969
1873
1734
1577
1464
1458
1483
1423
1315
1172
1005
917
873
829
803
703
521
423
432
480
564
588
548
404
315
405
757
1328
1753
1988
1906
1572
1115
706
509
819
1249
1463
1393
1078
628
195
-269
-767
-1240
-1753
-2560
-3301
-3751
-3823
-3615
-3381
-3317
-3328
-3494
-3812
-4021
-3950
-3669
-3349
-3109
-2977
-2727
-2323
-1904
-1474
-1078
-919
-1021
-1304
-1604
-1703
-1491
-1095
-628
-218
119
332
563
759
927
997
771
360
21
-54
197
723
1192
1521
1560
1315
1041
833
732
671
610
427
261
338
612
1016
1353
1458
1210
741
226
-152
-286
-217
-99
29
223
373
639
988
1233
1378
1336
1147
925
810
884
1109
1506
1825
2029
2113
2000
1822
1643
1394
1170
923
644
490
541
801
1155
1345
1364
1101
701
312
131
95
211
222
274
460
977
1691
2276
2520
2224
1534
682
151
218
1072
1945
2421
2129
1365
351
-530
-1254
-1725
-2035
-2280
-2796
-3246
-3293
-2903
-2535
-2464
-2896
-3576
-4419
-5065
-5134
-4519
-3480
-2502
-1998
-1961
-2027
-2102
-2157
-2161
-2048
-1952
-1953
-1891
-1575
-995
-298
239
446
260
-29
-240
-314
-76
472
1066
1415
1570
1528
1421
1425
1401
1359
1188
906
637
645
778
1068
1479
1679
1458
894
315
-11
18
146
310
490
446
240
82
69
88
108
-86
-338
-467
-226
318
956
1518
1760
1645
1299
1006
968
1224
1546
1786
1862
1835
1768
1774
1792
1708
1565
1278
885
640
686
874
1132
1223
1066
659
254
-39
-43
23
166
295
291
310
650
1425
2022
2186
1797
1086
306
5
292
1486
2808
3360
2638
1026
-705
-1859
-2326
-2236
-1673
-1040
-1056
-1755
-2618
-3152
-3338
-3565
-3953
-4256
-4320
-4336
-4127
-3521
-2653
-2106
-2260
-3083
-3813
-3944
-3496
-2503
-1215
-284
-38
-620
-1477
-1992
-1839
-1169
-280
404
825
901
1069
1137
1337
1295
1044
579
366
575
1296
2381
3016
2891
2035
902
18
-201
201
952
1602
1796
1318
573
-24
-153
-168
-176
-202
-190
-297
-284
-174
11
65
-109
-476
-700
-416
243
1020
1600
1730
1499
1012
606
698
1282
1993
2483
2477
2146
1709
1444
1382
1487
1636
1635
1431
1230
1077
1112
1203
1091
694
197
-184
-225
15
359
525
578
266
37
324
1285
2178
2522
2039
996
-32
-352
79
1624
3403
3832
2553
210
-1802
-2678
-2247
-1180
113
644
-284
-2365
-4213
-4949
-4417
-3542
-2918
-2788
-3039
-3885
-4623
-4625
-3792
-3012
-2739
-3031
-3220
-2961
-2325
-1656
-1039
-913
-1373
-2020
-2268
-1670
-374
776
1293
1075
371
-342
-520
64
1113
2128
2685
2416
1618
807
663
1155
2004
2680
2941
2549
1579
529
-195
-162
425
1046
1147
864
437
-125
-688
-1105
-1147
-887
-648
-459
-199
42
-51
-432
-870
-989
-707
40
684
1190
1421
1239
762
477
642
1335
2112
2626
2668
2361
1889
1612
1619
1863
2150
2173
1845
1272
769
602
625
647
530
409
135
54
26
136
343
370
326
142
217
799
2069
2593
2139
892
-187
-735
-195
1285
3421
4793
3885
1023
-1895
-3169
-2374
-428
1298
1947
945
-1669
-4618
-5730
-4554
-2321
-950
-1097
-2343
-3954
-5529
-6011
-4903
-2808
-1348
-1230
-2170
-3017
-3245
-2968
-2327
-1291
-558
-513
-930
-1254
-1157
-708
-401
-319
-164
261
762
1271
1419
1258
875
712
891
1490
2214
2652
2511
1668
910
585
1023
1497
1785
1636
1076
337
-283
-501
-208
232
374
37
-444
-829
-832
-854
-849
-868
-945
-1073
-1152
-908
-514
-32
143
59
38
298
656
1049
1411
1598
1601
1581
1636
1866
2316
2631
2595
2228
1807
1341
1137
1076
1198
1317
1384
1211
953
650
374
329
347
533
615
610
273
-78
-392
-463
-109
933
2236
2474
1468
66
-710
-530
759
2612
4386
4664
2519
-832
-2798
-2096
159
2126
2464
1161
-1531
-4496
-5986
-4744
-1807
274
-108
-2190
-4342
-5521
-5612
-4343
-2177
-490
-584
-2158
-3679
-3923
-3175
-2210
-1377
-704
-588
-1116
-1822
-2007
-1588
-879
-272
271
823
1189
1054
436
-177
-253
555
1831
3079
3282
2447
928
-365
-734
505
2516
3962
3879
1985
-310
-1811
-1621
-180
1766
2709
1992
113
-1991
-2966
-2264
-774
402
535
-193
-1519
-2391
-2467
-1543
-337
468
474
-6
-446
-488
44
820
1644
2175
2210
1924
1514
1290
1418
1859
2295
2551
2589
2246
1514
961
795
1166
1684
1879
1610
1048
243
-222
-75
360
864
735
114
-683
-1034
-1048
-442
362
1688
2706
2077
421
-908
-766
353
2076
3632
4837
4133
1038
-2410
-3280
-1187
1521
2788
2089
96
-2453
-4746
-5069
-2795
330
1238
-606
-3290
-4892
-5107
-4676
-3494
-1775
-749
-1571
-3361
-4497
-4195
-3220
-2352
-1509
-546
-305
-1160
-2379
-2826
-2151
-787
516
1393
1586
998
-181
-973
-751
501
2117
3126
3022
1799
458
-293
110
1231
2703
3507
3090
1533
-243
-1113
-622
812
1985
2189
1190
-583
-2127
-2683
-1902
-434
619
570
-501
-1695
-2357
-2118
-1129
197
1018
1051
406
-406
-803
-462
442
1334
1914
2089
1883
1508
1235
1298
1752
2210
2454
2425
2204
1967
1681
1566
1592
1669
1432
994
429
136
-6
47
189
282
119
-207
-486
-504
-350
-100
97
141
339
1220
2065
1662
430
-573
-317
833
2334
3484
4104
2818
-80
-2342
-1753
1018
3352
3275
1116
-1344
-2956
-3586
-2713
-616
784
-317
-3214
-5234
-5120
-4024
-3394
-2993
-2513
-2475
-3286
-4331
-4400
-3371
-2439
-2060
-1613
-969
-1037
-2028
-2911
-2627
-1336
13
657
569
40
-559
-906
-452
774
2044
2514
2170
1321
720
594
902
1583
2352
2699
2439
1556
468
-195
-182
423
1197
1458
986
-3
-1010
-1359
-675
414
1174
1022
41
-1038
-1559
-1386
-585
346
808
500
-307
-869
-790
-39
810
1429
1734
1757
1499
1287
1401
1873
2534
2844
2729
2372
1961
1558
1366
1411
1537
1555
1199
681
212
140
254
349
299
220
-99
-471
-542
-424
-100
4
-183
-531
-615
-316
209
1252
1832
1208
22
-586
201
1646
3181
3817
3949
2462
237
-1029
16
2069
2963
1862
-308
-1921
-2752
-3159
-2687
-1519
-1010
-2223
-4050
-4765
-4318
-3924
-4099
-3830
-2888
-2204
-2762
-3839
-4233
-3824
-3144
-2440
-1442
-728
-1363
-2794
-3421
-2498
-729
566
794
363
-242
-717
-718
-9
1130
1889
1834
1145
512
357
381
700
1146
1811
2098
2017
1255
632
435
695
1339
2009
2235
1692
823
44
-205
276
907
1200
888
204
-520
-858
-757
-244
303
450
332
124
-3
23
285
649
1106
1423
1471
1272
1039
1081
1273
1682
2051
2128
1944
1496
1091
1106
1577
1963
1921
1465
937
573
358
295
365
423
215
-299
-630
-627
-358
-240
-437
-514
-319
60
145
65
148
938
2403
2572
1643
418
315
800
1659
2453
3399
3580
1430
-1332
-2107
-243
1611
1681
267
-1257
-2201
-3244
-3784
-2711
-1187
-1135
-2977
-4550
-4740
-4353
-4642
-4635
-3391
-1896
-1922
-3215
-4305
-4191
-3413
-2537
-1380
-257
-348
-1691
-2902
-2795
-1643
-384
207
141
-310
-883
-1194
-837
-127
536
1006
1142
985
830
825
927
1298
1783
2074
2183
1964
1423
1212
1528
2029
2359
2216
1826
1454
1322
1220
1295
1452
1376
1075
715
487
408
293
102
17
40
-18
-209
-271
-162
121
356
436
451
456
519
724
1097
1422
1551
1447
1124
945
1036
1245
1431
1561
1515
1201
824
419
200
296
589
766
704
375
62
-161
-223
38
543
914
734
109
-375
-279
226
445
421
387
709
1691
1775
909
-184
-233
350
1218
1913
2677
2837
981
-1415
-2210
-609
1114
1131
-226
-1557
-2294
-3194
-3847
-3128
-1708
-1352
-2692
-3787
-3916
-3802
-4255
-4354
-3053
-1418
-1442
-2912
-4129
-4075
-3474
-2639
-1590
-739
-1103
-2615
-3676
-3137
-1549
-269
289
150
-297
-782
-943
-481
366
1073
1391
1375
1175
863
663
973
1715
2693
3008
2787
2095
1747
1846
2523
3259
3598
3369
2482
1621
1348
1586
1988
1990
1666
986
447
70
-76
145
359
470
313
37
-306
-628
-829
-631
-72
337
305
-29
-349
-429
-287
191
656
813
725
617
663
905
1134
1203
1077
1102
1111
1069
958
847
728
598
719
676
531
223
46
-125
-143
72
154
165
-211
-330
-409
-285
-373
-464
-396
-346
167
1355
1555
473
-1172
-1361
-438
992
1711
2246
2256
583
-1706
-2465
-481
1448
1380
-46
-1228
-1779
-2775
-3511
-2597
-865
-527
-2272
-3622
-3715
-3541
-4075
-4057
-2368
-798
-1386
-3349
-4377
-3754
-2897
-2084
-1008
-9
-570
-2417
-3418
-2533
-927
-8
278
432
373
-44
-587
-372
496
1323
1890
2292
2344
1935
1566
1420
2104
3139
3728
3460
2786
2239
2190
2516
3061
3580
3519
2810
1977
1627
1754
1826
1758
1387
974
637
166
-280
-631
-583
-516
-577
-858
-1234
-1531
-1754
-1591
-1067
-635
-505
-697
-937
-904
-517
-49
337
557
478
316
311
448
722
1047
1269
1255
1149
846
629
542
535
613
641
758
499
22
-527
-642
-393
-217
-249
-409
-603
-773
-871
-1144
-996
-679
-402
-370
-379
-461
467
1466
1117
-135
-833
-219
763
1417
1539
2083
1781
-106
-1751
-1017
1184
1934
702
-839
-1399
-1516
-2326
-2449
-1260
-345
-1268
-2937
-3280
-2697
-2825
-3700
-3515
-1887
-1070
-1989
-3223
-3306
-2731
-2300
-1669
-677
-175
-1078
-2309
-2168
-969
59
471
736
1003
904
451
304
884
1668
2217
2662
2977
2723
2100
1841
2426
3401
3982
3838
3438
2765
2351
2470
2968
3367
3147
2446
1689
1369
1183
979
776
563
246
-94
-425
-876
-1357
-1624
-1694
-1623
-1632
-1835
-2182
-2342
-2291
-1963
-1548
-1288
-1281
-1240
-1145
-816
-357
-89
17
123
247
420
599
623
570
598
837
946
746
426
322
403
441
313
162
23
-182
-500
-548
-269
-78
-499
-996
-1123
-669
-311
-213
-394
-663
-720
-844
-693
-364
109
-88
125
1118
1439
666
-452
-460
514
1572
1797
2222
2537
1169
-787
-1289
522
2080
1616
96
-591
-529
-1200
-1971
-1367
-170
-352
-1896
-2518
-1812
-1644
-2708
-3192
-1779
-322
-774
-2074
-2507
-1952
-1721
-1523
-523
672
522
-880
-1403
-509
581
971
1070
1485
1829
1581
1088
1248
1703
2003
2404
2836
2952
2429
1800
1684
2262
2741
2959
2828
2256
1482
1036
1163
1516
1616
1072
503
96
-386
-895
-1055
-878
-775
-1021
-1583
-2086
-2275
-2470
-2432
-2101
-1680
-1726
-2208
-2613
-2494
-1983
-1619
-1452
-1274
-1151
-1179
-1216
-962
-454
80
233
137
264
471
557
522
615
900
1146
1072
632
325
298
440
502
434
180
-150
-458
-630
-412
1
123
-132
-521
-622
-368
-68
-20
48
176
149
-17
-204
-43
326
616
617
658
1136
1923
1679
726
121
614
1514
2116
2411
2993
2858
1328
-354
-313
1292
2344
1881
825
97
-544
-1455
-1585
-462
637
176
-1135
-1666
-1586
-1908
-2596
-2143
-692
178
-493
-1565
-1959
-1927
-1756
-896
637
1458
611
-763
-1018
-181
654
1106
1423
1654
1352
745
481
680
911
1077
1360
1849
1880
1339
279
-296
-70
575
1283
1707
1138
-42
-990
-1313
-735
14
127
-276
-984
-1860
-2402
-2357
-1988
-1593
-1330
-1628
-2116
-2544
-2802
-2653
-2205
-1761
-1450
-1440
-1786
-2192
-2170
-1684
-1023
-579
-476
-490
-546
-689
-621
41
834
1128
847
457
493
811
945
1078
1432
1634
1339
699
329
507
824
835
840
960
819
367
106
303
787
1153
1007
990
949
864
645
756
1141
1459
1375
1130
1197
1157
1094
990
1059
1226
1206
1593
2366
2351
1365
150
172
1128
2138
2338
2880
2753
1160
-627
-850
663
1929
1598
525
53
-208
-1295
-1691
-742
297
22
-1009
-1189
-914
-1468
-2506
-2284
-730
173
-228
-1060
-1397
-1609
-2050
-1670
-317
734
245
-864
-1267
-1163
-1040
-830
-234
358
235
-419
-712
-759
-827
-951
-582
-6
157
-397
-1051
-1194
-1225
-1127
-840
-455
-549
-969
-1469
-1611
-1468
-1468
-1466
-1213
-1108
-1365
-1810
-1926
-1858
-1643
-1533
-1375
-1286
-1491
-1890
-1937
-1537
-1038
-828
-867
-927
-831
-744
-595
-238
169
343
367
478
683
952
1256
1448
1560
1673
1803
1966
2076
2119
2212
2301
2228
2107
2017
2002
2012
1993
2020
2016
1975
1795
1679
1696
1661
1638
1609
1415
1409
1451
1547
1416
1304
1186
1076
1170
1177
1140
961
712
384
451
473
511
461
193
241
951
1251
938
226
-163
-103
479
1078
1897
2313
1348
-147
-714
-162
650
1089
962
519
-89
-1007
-1468
-975
-507
-596
-906
-883
-915
-1481
-2355
-2697
-2192
-1653
-1328
-1135
-1292
-2178
-3186
-3229
-2234
-1149
-1037
-1558
-2010
-2402
-2671
-2388
-1716
-1357
-1414
-1723
-1870
-1740
-1942
-2266
-2055
-1533
-1138
-989
-1156
-1594
-1992
-2122
-1745
-811
-335
-708
-1291
-1667
-1638
-1199
-561
-152
-117
-386
-733
-773
-604
-457
-140
350
625
604
380
138
-33
136
630
1321
1700
1497
1071
854
1016
1475
2072
2639
2851
2540
2052
1921
2237
2701
3057
3232
3207
2764
2293
2077
2182
2539
2599
2573
2463
2061
1521
1221
1172
1501
1631
1507
1494
1205
671
302
317
578
959
1044
773
504
210
-267
-382
100
436
461
292
-93
-268
-381
-316
-98
66
117
-54
-239
-78
346
535
174
-142
-238
31
326
678
960
1028
708
27
-237
6
112
129
99
-56
-485
-1039
-1536
-1567
-1370
-1548
-1899
-2106
-2332
-2743
-3200
-3419
-3331
-3094
-3106
-3121
-3028
-3245
-3615
-3807
-3570
-3143
-2868
-2702
-2678
-2765
-2998
-3049
-2710
-2261
-1749
-1514
-1375
-1345
-1416
-1507
-1335
-800
-280
47
146
34
-74
-102
85
448
868
1076
1079
1026
988
1081
1205
1351
1584
1917
1993
1834
1715
1625
1668
1847
2044
2295
2300
1930
1645
1631
1872
2066
2220
2270
2271
2152
1826
1539
1659
1976
2129
2019
1888
1781
1663
1255
1095
1508
1777
1357
950
1038
875
703
576
930
1066
745
390
689
582
275
187
596
761
373
214
151
67
-85
178
538
616
418
296
-31
-76
100
468
606
374
495
311
-425
-746
-334
-60
-106
-211
-18
-177
-867
-1144
-899
-470
-212
-241
-203
-526
-980
-1110
-877
-555
-437
-464
-720
-1111
-1531
-1766
-1858
-1768
-1610
-1698
-1940
-2278
-2727
-2981
-2979
-2802
-2590
-2482
-2638
-2939
-3181
-3257
-2990
-2560
-2190
-2192
-2279
-2204
-2115
-1874
-1527
-1172
-904
-672
-592
-418
-148
-5
98
323
590
881
988
952
909
915
903
962
1155
1278
1287
1133
1123
968
957
1150
1338
1378
1317
1353
1428
1263
1333
1605
1501
1481
1475
1534
1683
1443
1299
1794
1402
1320
1336
1406
1338
981
1126
1406
1011
625
1041
967
1105
672
596
963
517
428
457
584
1026
519
71
450
724
825
472
421
875
891
358
302
1115
1154
370
128
1022
851
606
488
234
736
172
259
512
309
51
191
34
28
138
106
297
-349
-538
-277
-305
-476
-538
-432
-654
-759
-1050
-891
-703
-1007
-839
-642
-816
-1077
-1330
-1324
-1247
-1124
-723
-703
-981
-1305
-1521
-1496
-1407
-1195
-1083
-1185
-1407
-1527
-1510
-1524
-1562
-1381
-1217
-1312
-1385
-1310
-1338
-1466
-1505
-1252
-950
-968
-1076
-1026
-840
-799
-818
-662
-578
-547
-593
-545
-446
-326
-232
5
-158
-73
436
250
-24
162
506
455
322
98
804
1176
384
664
1084
1011
431
434
1154
1059
651
248
1109
827
608
459
1083
965
122
875
822
877
299
661
885
580
623
877
686
796
607
516
680
164
782
928
523
917
593
589
867
213
1388
1594
231
1218
946
400
994
660
1423
1040
547
1113
1042
717
752
639
1160
1061
469
823
821
92
674
791
553
489
363
388
131
74
250
330
29
35
347
-70
-285
-5
-246
-544
-434
237
-62
-491
-502
-406
-351
-1004
-449
66
-604
-884
-758
-446
-672
-1051
-856
-721
-820
-998
-992
-954
-1121
-1323
-1242
-1050
-1084
-1114
-1273
-1577
-1575
-1392
-1298
-1299
-1073
-1350
-1438
-1305
-1356
-1040
-1022
-1151
-1025
-1281
-1213
-856
-973
-1114
-901
-416
-480
-708
-534
-258
-757
-694
-171
-170
17
-473
-287
244
-283
-443
114
210
-26
-170
179
94
184
-244
290
-296
315
68
241
141
8
637
59
169
141
482
216
574
464
667
962
-219
249
954
907
1013
915
1092
921
437
423
1354
1513
1399
1124
1284
1185
773
1534
1163
1270
1965
1638
1268
1466
1256
1542
1139
786
2055
1837
1215
1178
1751
1061
654
1000
1430
1699
732
1647
1396
357
679
817
671
990
940
790
716
-19
245
367
-446
269
817
153
-89
-133
-356
-480
-999
120
266
-998
-470
-506
-1110
-1400
-1120
-311
-736
-1624
-1084
-615
-1560
-1846
-1288
-747
-1027
-1756
-1341
-874
-1470
-2048
-1520
-1269
-1229
-1357
-1523
-1209
-979
-1687
-1900
-1222
-1072
-1710
-1176
-1401
-1186
-1258
-1726
-1312
-838
-1386
-1070
-930
-1268
-820
-977
-1017
-897
-570
-1064
-789
-520
-366
-509
-1159
-611
-198
-912
-1162
-261
-149
-819
-575
-409
-144
-770
-755
3
385
-503
48
483
-184
94
-97
215
1052
394
288
1207
406
777
998
880
1488
1085
1888
1470
1637
1789
1682
1864
1221
2105
2313
2371
1669
1975
2425
1916
1199
1946
2861
1729
2050
1716
1850
2282
1151
1807
1719
1853
1443
1647
1511
1282
987
1040
900
806
1419
601
1321
592
308
410
-16
587
415
-360
813
427
-313
-241
-291
211
-82
-684
53
41
-864
-412
-714
-317
-428
-778
-509
-327
-796
-582
-1356
-905
-649
-1406
-979
-864
-830
-1420
-1586
-1384
-1315
-1238
-1893
-1718
-374
-2286
-1676
-928
-1791
-1586
-1461
-1578
-1690
-1255
-1285
-1369
-2079
-1200
-1638
-1573
-1051
-1580
-816
-866
-1514
-1806
-963
-1121
-1218
-1262
-622
-484
-1299
-1392
-1040
-817
-1702
-836
-912
-698
-656
-1300
-893
-1277
-1013
-705
-47
-745
-670
544
-988
-589
-8
139
305
138
578
1258
278
155
1271
1199
700
1833
1796
1889
1341
1744
2478
1214
1880
2197
2808
1611
1864
2452
2567
1405
1393
3215
2144
1158
2084
2365
2090
932
1155
2460
1334
1095
708
2337
978
477
963
1408
570
953
580
789
889
433
-43
824
368
35
231
-183
771
313
-628
859
343
-244
676
-604
978
285
-455
454
76
-425
423
-575
57
236
-881
330
-873
-1140
643
-1304
-132
-400
-813
-494
-1544
-479
-1026
-735
-1522
-481
-1424
-1399
-1268
-1413
-837
-1808
-1121
-1112
-1463
-1261
-1118
-1831
-1331
-1109
-1132
-1353
-1458
-1369
-274
-2327
-1585
-345
-1491
-1668
-907
-1047
-1159
-1249
-1609
-740
-1042
-1697
-738
-536
-1200
-1283
-1251
-794
-955
-1184
-636
-252
-921
-679
-635
-257
-418
169
-576
-84
666
-299
142
573
93
814
406
591
1070
828
567
1559
273
1528
1749
792
1527
1472
1475
986
1415
1580
1445
646
1286
1699
1576
1230
768
2008
828
815
1543
1290
1450
1211
769
1547
698
458
1610
603
144
1932
309
240
1436
-420
1014
436
66
1596
259
-215
1555
43
-978
1091
650
442
484
28
1193
54
-633
847
758
329
-197
705
441
137
-381
40
1383
-492
52
1156
-206
-477
-189
-560
464
-54
-1306
462
160
-1097
-784
-559
-39
-613
-1504
-758
-514
-426
-1830
-1359
-143
-1609
-1504
-1252
-436
-1145
-1619
-1097
-1332
-953
-1376
-1850
-647
-1400
-1727
-791
-1241
-1524
-1265
-1012
-987
-1245
-1248
-300
-827
-1360
-1072
-408
-90
-1255
-617
-57
-133
-790
-1233
472
112
-938
-302
546
-253
-385
245
-376
575
56
85
211
257
-69
418
223
93
902
387
-14
249
249
733
194
342
1124
344
-2
582
1036
336
608
1026
1057
402
591
579
1235
-137
1422
844
1078
902
432
831
1056
513
706
1149
462
1395
-131
1003
789
299
1410
506
126
1291
552
447
832
668
628
1049
128
1054
518
563
841
186
800
92
468
643
147
170
688
956
-268
-87
1090
-122
-288
972
422
52
520
-282
46
113
-561
643
483
-895
192
204
-1028
-675
6
-195
-17
-971
-464
211
-1569
-1553
348
-1183
-977
-211
-1041
-838
-1013
-1265
-1038
-1077
-706
-1068
-1368
-352
-1794
-1238
-777
-1788
-669
-560
-1720
-266
-1224
-1061
-1208
-752
-927
-878
-891
-20
-999
-1192
98
-743
-582
-944
-23
77
-574
-16
-308
78
-610
-449
256
99
-513
135
354
128
-639
77
283
211
135
0
520
773
-535
209
507
-616
1272
-427
197
1328
-479
497
657
-423
936
488
-210
1234
508
615
658
44
1283
588
247
1193
1080
539
1118
558
850
837
492
864
1467
279
1085
1765
-72
1089
1031
698
707
1267
429
1372
758
199
1109
435
451
919
668
348
1149
375
58
822
-3
715
433
279
624
605
-1
-169
454
-191
829
-349
399
729
-723
263
33
-290
-4
187
-279
263
-389
-502
-173
-913
-232
-678
-60
-777
-501
-30
-1585
-334
-847
-1168
-136
-1288
-1174
-535
-1093
-1487
-1107
-1427
-585
-1263
-1740
-331
-895
-1422
-2062
-271
-1080
-1486
-1478
-301
-67
-2211
-1170
24
-1285
-1157
-1146
377
-58
-1532
-629
732
-1041
-755
248
-457
280
-14
-850
182
-136
-254
-247
-89
577
179
-284
-343
608
125
-685
-401
1343
177
-549
-333
749
615
-1064
-687
1637
482
-873
148
1427
347
-701
383
1359
491
-191
874
1398
463
233
749
1309
643
269
1241
1693
412
779
1430
1276
414
807
1575
1127
714
1329
1587
863
317
1172
1575
605
849
1398
1476
438
141
1618
1405
-501
994
1655
726
-32
536
1196
312
-150
525
1104
232
-464
843
567
-609
-133
342
699
-349
-514
72
948
-1563
-227
151
-344
-409
-913
8
-572
-688
-961
-226
-910
-540
-616
-1111
-590
-942
-1398
-867
-810
-1302
-873
-1313
-1407
-863
-1344
-1806
-574
-693
-2063
-1311
-808
-940
-1374
-1790
273
-1239
-1649
-707
-724
-1039
-1152
-703
-748
-424
-1790
26
-177
-1087
-952
372
149
-1519
-240
154
234
-715
-604
728
524
-1408
-313
463
-36
-348
-149
173
603
-555
-350
288
-156
103
-142
-2
496
603
-710
37
364
136
250
59
977
609
115
-35
879
362
856
523
922
1026
592
1103
1076
858
776
1956
1001
1269
859
2202
1111
990
1315
1388
2243
1002
1172
1683
1786
610
1114
1668
1424
853
717
1180
1539
699
17
1495
1306
-35
728
679
485
858
-283
54
1185
-172
-75
544
-648
607
-218
-461
639
-77
-780
-93
-64
-498
-165
-656
-268
-155
-923
-726
-257
-559
-437
-958
-661
-346
-1027
-1470
-569
-792
-1553
-929
-945
-780
-1321
-1863
-822
-844
-1644
-1540
-667
-1502
-1133
-1590
-1294
-959
-1005
-1847
-1049
-649
-1123
-1308
-1079
-533
-819
-1320
-774
-61
-815
-998
-476
-169
-6
-1243
-431
624
-373
-1016
-464
826
-507
-683
-237
749
-186
-350
-575
259
264
-587
-175
677
199
-252
-310
97
297
-13
-255
291
229
268
167
157
468
482
153
340
978
734
597
539
1126
605
627
1075
1231
790
793
1438
1503
450
1021
2271
968
428
1825
2026
1206
679
1209
2109
897
83
1663
2000
941
244
950
1548
1268
-139
463
2321
539
-8
518
1250
509
58
85
1090
761
-152
-122
292
967
-445
-449
259
1219
-17
-982
-7
722
-449
-1304
-48
543
25
-1537
-481
418
-631
-1313
-554
165
-728
-1257
-789
-122
-1110
-974
-1042
-1132
-474
-1109
-1422
-943
-1128
-1122
-1298
-1605
-685
-838
-1173
-1380
-764
-731
-1463
-1276
-803
-777
-1082
-1157
-810
-520
-1365
-1270
-415
-740
-819
-945
-208
-249
-867
-1000
40
-394
-555
-610
-261
337
-11
-993
-590
518
-78
-1067
-460
826
331
-1281
-351
699
-28
-746
-551
489
453
-354
-275
663
423
-16
184
521
546
597
556
609
658
588
521
506
1003
494
735
1357
885
379
899
1319
728
875
993
1547
1293
993
705
1480
1319
589
697
1494
1606
639
912
1218
1075
748
672
1048
1416
656
746
1005
891
548
310
906
830
217
683
758
297
-26
167
21
408
422
-107
173
567
76
-966
-105
501
-269
-208
-68
504
-80
-734
-536
-42
-346
-819
-266
-348
-375
-604
-919
-661
-470
-1142
-717
-436
-551
-1001
-597
-971
-742
-1100
-886
-579
-646
-911
-883
-962
-522
-996
-1294
-449
-483
-701
-1104
-980
-468
-570
-1521
-1071
-110
-896
-1166
-1146
-227
-469
-1307
-826
-492
-617
-824
-587
-655
-538
-337
-691
-539
-391
-175
-184
-444
-281
-186
20
-312
-350
-151
193
106
-37
86
330
244
-94
309
81
464
504
532
-11
324
740
242
156
234
1194
604
-201
677
1393
493
201
752
1157
897
466
761
1410
780
456
392
1375
874
324
825
1031
995
284
1076
835
859
551
595
759
954
558
749
1175
367
565
596
607
628
337
629
893
474
315
486
364
327
174
180
443
340
294
151
86
231
-11
-65
126
249
-19
-274
-55
-49
-121
-250
-75
-308
50
-223
-742
-87
-65
-782
-690
208
-511
-787
-372
-53
-616
-560
-485
-519
-445
-784
-672
-372
-654
-868
-531
-669
-966
-789
-986
-669
-578
-1190
-847
-267
-669
-1344
-613
-230
-858
-1247
-566
-96
-955
-1285
-563
-100
-799
-906
-590
-17
-262
-1281
-696
135
-321
-928
-204
4
-13
-568
-609
166
29
-476
-255
151
354
-142
-432
237
400
-343
-295
385
565
134
-151
457
445
281
117
173
439
530
120
131
610
360
240
327
496
293
496
451
621
356
539
631
654
617
237
780
852
543
299
871
913
680
584
525
952
730
465
570
1191
812
381
618
940
548
408
711
835
556
427
587
632
743
485
387
380
640
538
223
489
734
383
133
142
355
396
-268
52
446
126
-390
12
199
-25
-341
-239
-137
95
-68
-438
-206
-106
-35
-437
-592
60
-93
-663
-691
-377
-277
-513
-745
-768
-424
-444
-872
-841
-613
-322
-855
-1190
-772
-408
-843
-1186
-971
-473
-526
-1172
-1270
-368
-315
-1195
-1286
-538
170
-968
-1342
-790
229
-486
-1467
-648
150
-94
-1129
-831
-60
129
-680
-1055
-82
232
-382
-838
-364
195
-87
-473
-548
146
309
-269
-131
89
275
5
242
27
138
604
343
114
-36
694
507
136
22
586
610
286
134
545
919
530
304
493
932
777
531
395
828
895
617
592
587
855
968
555
477
929
914
511
468
674
1071
774
423
675
712
672
599
537
482
713
522
224
439
725
681
391
249
551
583
298
22
299
692
279
-87
166
729
116
-104
177
371
141
-119
-104
-94
249
-56
-218
-166
8
-105
-366
-410
-88
-21
-382
-624
-374
-167
-598
-782
-425
-277
-583
-525
-520
-572
-418
-717
-729
-721
-626
-559
-868
-1020
-648
-571
-1078
-1045
-725
-682
-838
-851
-842
-729
-780
-801
-765
-726
-683
-582
-625
-815
-755
-531
-603
-810
-643
-473
-390
-722
-748
-261
-78
-391
-369
-199
-195
-283
-238
-152
-140
-18
16
-31
-19
53
241
130
-11
108
358
432
276
370
450
538
459
325
411
692
646
444
388
625
762
538
482
782
826
716
692
759
828
758
701
704
647
664
847
966
596
622
926
821
568
526
781
929
804
459
637
771
668
447
544
436
550
784
301
330
349
372
346
218
-44
321
550
106
-137
67
302
110
-117
-96
131
197
-74
-213
-319
-11
-6
-197
-411
-199
-15
-394
-592
-463
-237
-278
-520
-533
-427
-248
-460
-831
-472
-222
-511
-781
-586
-404
-588
-798
-693
-623
-623
-659
-571
-590
-735
-727
-616
-709
-680
-644
-608
-507
-566
-589
-697
-531
-523
-611
-706
-608
-481
-418
-531
-669
-435
-239
-301
-583
-375
-44
-158
-345
-440
-221
85
-100
-347
-134
84
130
135
-81
-102
269
189
48
44
246
361
344
150
186
424
325
249
381
431
488
430
367
537
380
457
455
572
637
471
484
759
777
401
522
800
720
505
654
691
715
678
516
579
495
549
591
427
473
508
528
331
401
463
459
326
328
496
421
240
168
329
211
176
33
130
384
127
-39
70
90
27
-50
-84
59
97
-113
-96
-8
47
-111
-218
-112
-58
-171
-290
-208
-102
-241
-357
-228
-127
-320
-255
-294
-351
-371
-453
-493
-415
-432
-439
-553
-538
-434
-509
-520
-459
-514
-505
-483
-591
-492
-448
-494
-414
-330
-524
-536
-419
-448
-541
-521
-384
-390
-383
-429
-404
-264
-336
-398
-214
-229
-301
-302
-309
-252
-163
-250
-247
-107
-61
-51
-262
-136
65
-39
-92
-6
49
79
176
32
-32
209
295
128
85
183
281
133
105
267
334
255
307
483
287
238
481
473
288
364
496
488
386
364
430
353
312
321
418
520
467
476
555
440
440
438
397
448
465
339
280
373
295
229
302
286
203
276
320
210
273
305
217
121
282
246
116
82
71
143
81
-95
-33
63
63
-26
-92
-39
9
-44
-183
-76
74
3
-106
-70
-3
-41
-15
-62
-100
-82
-95
-115
-108
-87
-149
-165
-102
-200
-239
-181
-166
-178
-244
-325
-252
-222
-286
-465
-361
-203
-279
-365
-367
-214
-251
-362
-396
-266
-254
-308
-361
-362
-234
-270
-374
-377
-176
-189
-309
-303
-212
-178
-299
-299
-224
-202
-286
-240
-253
-260
-301
-225
-232
-247
-209
-176
-78
-196
-193
-126
-46
-64
-171
-108
-18
-57
-52
-45
-95
-31
12
-42
-66
12
115
117
82
89
94
187
218
156
160
308
288
218
249
288
312
335
370
293
248
380
430
221
256
438
339
296
362
330
277
304
346
250
227
303
362
246
183
277
329
259
277
346
259
257
284
212
184
272
241
217
300
285
244
149
221
193
77
89
71
114
122
112
108
170
91
103
148
68
76
68
46
68
-9
-35
36
-16
-84
-126
-73
-47
-69
-64
-44
-106
-142
-154
-130
-119
-223
-196
-202
-281
-262
-169
-238
-328
-224
-259
-327
-242
-209
-309
-414
-345
-281
-364
-369
-288
-299
-333
-351
-366
-325
-308
-373
-448
-377
-277
-365
-363
-334
-339
-359
-347
-379
-381
-383
-297
-322
-355
-257
-235
-267
-230
-189
-158
-219
-247
-134
-131
-236
-172
-58
-89
-133
-75
-4
-13
1
-19
22
79
91
127
103
176
183
180
199
258
281
274
239
210
259
328
334
272
332
357
394
373
390
408
404
456
462
356
428
511
415
352
393
520
466
345
383
487
402
357
385
355
350
353
369
361
357
345
272
250
241
192
223
230
186
188
198
155
125
152
176
138
89
141
129
74
63
77
42
-37
-66
32
-26
-122
-75
-27
-66
-149
-126
-96
-129
-157
-174
-152
-198
-202
-291
-326
-278
-270
-376
-480
-367
-346
-433
-460
-439
-414
-352
-362
-447
-433
-393
-436
-520
-499
-420
-445
-523
-523
-456
-451
-428
-475
-462
-367
-345
-390
-364
-279
-243
-264
-367
-306
-196
-233
-319
-205
-184
-192
-206
-203
-95
-49
-98
-87
-14
-13
-21
-20
44
89
42
-20
63
90
34
75
138
181
177
240
203
197
310
314
237
277
418
404
304
353
449
401
382
349
339
392
349
335
387
450
454
437
355
421
512
411
396
409
438
394
374
418
373
378
388
408
382
364
387
362
236
273
326
253
194
222
269
210
165
133
165
129
61
59
73
71
74
24
31
58
-8
-64
-31
-20
-63
-110
-124
-128
-137
-197
-171
-138
-218
-245
-192
-282
-335
-319
-298
-324
-409
-423
-413
-446
-494
-462
-429
-403
-451
-468
-449
-439
-461
-484
-414
-418
-436
-429
-439
-424
-390
-382
-378
-397
-358
-354
-377
-351
-355
-343
-292
-281
-301
-264
-220
-215
-163
-161
-161
-121
-160
-135
-97
-87
-84
-72
-68
-31
17
25
3
72
89
71
72
88
149
124
94
163
222
186
196
238
237
224
254
242
275
339
342
329
330
374
375
353
355
392
400
347
433
451
373
379
447
435
423
432
434
403
392
387
354
396
456
407
346
380
402
407
379
298
316
349
260
185
242
243
143
180
216
166
187
173
103
77
89
75
12
-12
-23
-32
-68
-45
-45
-80
-106
-123
-117
-173
-204
-233
-229
-276
-328
-302
-325
-329
-324
-356
-370
-359
-372
-385
-388
-376
-400
-395
-384
-397
-425
-413
-430
-380
-418
-407
-335
-357
-335
-353
-348
-309
-313
-367
-326
-298
-318
-297
-245
-214
-233
-245
-252
-196
-203
-218
-206
-186
-150
-157
-122
-125
-98
-96
-107
-79
-66
-80
-64
-42
-47
-15
24
-26
-16
77
38
22
98
114
80
118
129
134
135
156
181
196
210
189
253
242
186
277
308
291
291
304
303
305
305
310
353
340
312
353
339
316
362
345
318
332
354
312
306
327
341
353
307
342
345
340
350
345
320
249
268
251
205
198
197
159
137
133
107
118
76
56
91
72
38
36
40
39
64
35
32
22
-60
-52
-72
-133
-104
-112
-116
-98
-132
-153
-180
-156
-143
-197
-211
-204
-227
-217
-208
-228
-246
-220
-214
-278
-271
-252
-298
-329
-271
-267
-275
-261
-261
-295
-289
-284
-327
-303
-308
-318
-294
-297
-308
-284
-275
-260
-232
-227
-224
-235
-256
-253
-270
-305
-258
-221
-262
-251
-194
-192
-200
-181
-154
-149
-118
-92
-76
-52
-42
-77
-25
-20
-51
-22
-8
6
-4
18
44
63
24
59
98
105
108
133
172
147
166
214
181
176
261
240
241
286
295
291
293
286
277
303
302
331
320
339
321
335
311
336
343
291
317
338
332
296
325
276
252
266
280
255
284
290
255
251
232
241
232
192
165
188
161
114
138
101
78
92
76
103
63
26
37
-9
-46
-26
-47
-70
-78
-64
-54
-74
-103
-128
-117
-100
-111
-105
-62
-92
-148
-185
-144
-114
-173
-138
-152
-183
-189
-165
-214
-235
-212
-220
-218
-239
-225
-202
-229
-259
-217
-235
-244
-237
-223
-195
-244
-268
-206
-185
-246
-233
-209
-223
-264
-269
-258
-253
-220
-245
-236
-227
-240
-266
-248
-220
-220
-225
-205
-225
-224
-184
-201
-173
-119
-133
-136
-93
-69
-66
-46
-24
-45
-43
14
24
21
46
83
106
81
96
124
110
120
167
171
192
216
217
201
218
259
217
219
285
267
258
280
269
283
317
328
304
315
333
308
307
301
298
313
290
278
318
275
236
232
286
266
235
287
324
258
200
251
254
234
232
222
196
195
205
183
141
150
136
76
75
103
88
73
56
40
42
-13
-39
-21
-48
-68
-75
-126
-121
-89
-92
-120
-160
-158
-161
-191
-202
-209
-182
-223
-256
-224
-219
-248
-242
-223
-231
-245
-273
-238
-273
-272
-235
-255
-268
-239
-237
-274
-275
-257
-288
-290
-287
-300
-280
-297
-279
-265
-269
-253
-251
-211
-215
-233
-227
-214
-192
-212
-237
-231
-233
-247
-241
-232
-201
-202
-196
-190
-146
-104
-84
-70
-38
-17
-3
27
22
23
58
85
46
76
123
78
66
98
134
157
165
153
188
243
257
253
246
274
318
286
293
336
330
331
318
329
365
356
350
307
331
342
304
297
337
378
374
357
344
365
319
275
265
283
272
240
211
250
257
208
207
231
176
128
140
149
122
116
95
107
115
73
63
51
17
-16
-19
-18
-55
-68
-62
-83
-102
-107
-94
-112
-143
-119
-142
-170
-147
-169
-176
-174
-168
-175
-161
-190
-191
-203
-240
-261
-266
-315
-318
-288
-299
-296
-296
-269
-254
-229
-238
-234
-252
-272
-246
-281
-265
-262
-264
-235
-257
-272
-227
-221
-248
-231
-206
-161
-184
-197
-185
-165
-151
-168
-164
-131
-108
-137
-149
-115
-127
-139
-155
-117
-75
-83
-98
-36
12
15
22
20
49
56
23
37
70
89
96
83
109
153
141
143
193
189
186
207
211
222
238
218
218
222
230
243
238
244
276
269
264
284
260
263
305
300
306
327
330
321
281
273
281
270
220
224
230
211
197
211
213
203
201
192
175
138
135
119
79
88
80
44
23
19
22
5
-31
-15
2
-11
-18
-28
-40
-28
-32
-82
-92
-77
-82
-94
-87
-71
-94
-127
-136
-154
-161
-166
-177
-169
-149
-146
-153
-166
-198
-177
-182
-219
-191
-167
-210
-213
-197
-219
-194
-199
-228
-228
-205
-213
-246
-217
-157
-160
-146
-117
-107
-123
-159
-165
-147
-159
-183
-172
-163
-167
-158
-117
-115
-82
-82
-84
-82
-93
-68
-69
-54
-48
-41
-37
-42
-25
-3
2
4
4
1
24
37
14
50
79
80
78
100
101
97
93
77
118
114
98
103
95
92
99
105
114
122
138
144
167
195
205
172
166
190
189
191
164
133
160
153
121
128
148
135
136
164
179
158
150
158
143
112
95
112
100
82
67
68
73
60
40
64
107
98
81
93
89
70
79
93
65
50
54
44
38
17
-6
-13
-23
-12
11
11
-9
-14
-16
-32
-9
3
-9
-20
-30
-42
-79
-84
-83
-90
-102
-105
-127
-120
-123
-126
-103
-129
-140
-130
-135
-155
-166
-154
-175
-187
-177
-177
-182
-169
-164
-165
-188
-190
-176
-180
-170
-155
-137
-153
-124
-121
-141
-136
-124
-129
-132
-110
-117
-133
-110
-105
-88
-78
-77
-52
-56
-34
-49
-52
-39
-67
-73
-39
-19
-24
-15
-16
6
9
11
47
33
46
58
57
78
102
118
114
110
113
121
121
108
107
129
140
130
136
166
174
152
152
154
158
141
149
150
154
154
151
150
154
161
161
162
153
151
155
161
154
154
127
120
110
94
86
67
66
63
60
77
79
65
50
73
78
69
57
39
34
16
14
-17
-16
-32
-50
-23
-17
-6
-12
-13
-12
-2
3
2
-14
-21
-47
-58
-59
-86
-80
-69
-77
-90
-80
-88
-100
-89
-88
-102
-109
-116
-121
-104
-132
-131
-118
-116
-110
-126
-110
-111
-130
-137
-137
-146
-135
-127
-120
-115
-113
-115
-106
-110
-116
-112
-111
-108
-101
-88
-77
-77
-77
-67
-71
-71
-67
-50
-54
-56
-47
-42
-51
-41
-38
-19
-22
-20
2
-5
4
7
20
26
30
27
43
54
61
60
69
62
54
65
75
73
70
66
68
91
84
90
92
90
91
82
85
79
68
78
83
85
97
103
92
103
101
103
100
102
126
117
121
147
142
117
103
112
112
107
90
102
101
92
103
75
76
80
81
65
51
59
69
42
28
47
36
6
0
18
21
18
3
8
2
-14
-10
-13
-11
-28
-37
-41
-54
-46
-31
-32
-25
-41
-52
-61
-84
-82
-74
-86
-90
-75
-110
-109
-82
-90
-70
-66
-87
-94
-94
-89
-81
-75
-70
-63
-75
-95
-95
-110
-117
-99
-104
-106
-99
-108
-127
-127
-109
-113
-111
-102
-89
-87
-86
-90
-81
-65
-72
-71
-61
-51
-65
-62
-38
-33
-30
-25
-19
-9
-14
-13
-15
-23
-17
-10
-7
-2
5
15
12
19
39
48
50
40
40
56
64
67
69
96
75
62
85
81
78
68
66
64
66
73
75
76
89
92
88
92
83
88
94
93
106
114
88
103
100
87
93
72
70
82
73
75
88
92
88
81
93
86
79
62
59
52
66
64
54
51
35
38
48
51
55
51
39
13
1
8
-4
-1
8
10
-6
-8
-13
-18
-7
-26
-18
-21
-39
-36
-32
-27
-33
-38
-53
-73
-68
-78
-84
-90
-86
-78
-89
-76
-67
-76
-81
-84
-94
-98
-100
-104
-92
-91
-90
-85
-94
-93
-87
-85
-92
-94
-86
-83
-81
-77
-84
-80
-89
-97
-96
-83
-60
-67
-68
-59
-62
-63
-59
-54
-36
-19
-19
-3
16
10
2
9
2
2
3
-7
-13
0
3
13
20
25
38
39
44
52
61
48
49
46
57
62
54
54
44
45
39
56
63
63
65
64
76
59
64
74
64
74
82
80
77
76
73
71
69
66
61
66
68
65
74
77
62
56
71
73
68
57
48
42
54
61
60
62
58
48
34
41
38
34
25
31
35
35
30
20
21
22
16
5
-5
-11
-15
-30
-21
-31
-34
-25
-31
-30
-33
-28
-29
-28
-26
-26
-44
-57
-58
-61
-63
-59
-60
-64
-73
-90
-87
-79
-79
-82
-97
-83
-81
-89
-81
-84
-83
-84
-79
-73
-62
-61
-58
-61
-59
-63
-71
-60
-51
-53
-53
-49
-51
-52
-43
-45
-49
-54
-61
-52
-62
-50
-34
-26
-27
-23
-10
-9
3
13
12
3
7
27
31
37
33
28
28
30
34
24
31
35
34
58
52
50
60
56
52
57
65
66
62
57
51
54
64
63
66
71
73
64
66
60
64
64
61
67
67
62
67
76
77
70
55
41
33
32
34
40
35
43
39
39
45
41
29
29
21
15
17
6
8
10
9
6
2
9
13
14
18
21
12
7
9
-4
-1
-5
-15
-10
-23
-17
-23
-35
-29
-30
-33
-24
-22
-16
-19
-27
-26
-33
-33
-44
-51
-51
-49
-63
-58
-51
-61
-61
-57
-61
-64
-67
-71
-66
-64
-71
-72
-68
-63
-54
-55
-59
-63
-67
-63
-58
-53
-44
-50
-52
-42
-40
-36
-47
-36
-41
-40
-34
-38
-28
-29
-32
-24
-6
0
3
0
7
19
13
13
10
12
14
18
24
23
16
24
23
29
38
42
32
32
40
46
48
38
36
36
33
44
61
50
49
53
54
56
65
55
44
47
48
61
62
59
56
52
49
42
38
38
38
36
35
42
49
35
35
39
44
40
39
40
37
35
33
31
27
26
20
20
15
16
13
12
17
9
11
8
-1
6
13
7
0
2
-4
-12
-15
-23
-32
-39
-42
-31
-27
-26
-25
-36
-39
-40
-36
-37
-39
-46
-49
-45
-43
-32
-29
-47
-44
-35
-39
-42
-46
-51
-57
-64
-63
-53
-51
-49
-50
-43
-34
-42
-53
-39
-38
-40
-38
-40
-41
-40
-38
-36
-33
-36
-44
-40
-38
-34
-21
-31
-40
-34
-25
-16
-6
-2
-4
-15
-4
7
14
16
14
6
11
17
14
23
26
26
25
24
20
29
31
39
37
40
43
40
40
48
64
64
59
62
62
59
62
61
58
54
54
63
56
48
43
33
38
40
31
28
27
22
23
32
31
31
17
12
13
17
18
13
12
13
16
13
24
21
21
12
2
5
-3
-2
1
-7
-13
-8
-10
-7
1
-1
-9
-13
-11
-14
-17
-13
-14
-8
-7
-6
-9
-13
-15
-15
-16
-10
-13
-15
-11
-14
-20
-17
-20
-20
-20
-29
-27
-33
-38
-45
-37
-40
-43
-46
-38
-35
-33
-27
-18
-21
-24
-24
-25
-25
-30
-31
-35
-34
-33
-41
-48
-50
-48
-39
-37
-39
-35
-28
-28
-25
-19
-4
-4
-3
3
1
-5
-6
-13
-9
-4
-5
2
3
4
10
14
14
18
18
22
24
27
21
19
17
14
19
15
15
22
21
24
27
24
31
37
39
39
38
34
26
31
28
28
23
20
15
22
28
26
26
28
21
20
29
26
20
20
20
13
8
16
10
11
15
15
20
15
17
13
16
15
12
14
9
10
3
6
8
8
6
11
12
7
7
2
1
5
7
9
12
6
4
8
7
6
1
-3
-4
-10
-7
-11
-17
-12
-9
-12
-13
-18
-16
-13
-19
-21
-22
-28
-30
-31
-31
-30
-35
-38
-40
-26
-26
-31
-28
-28
-33
-29
-17
-24
-21
-30
-33
-30
-38
-37
-38
-50
-51
-44
-43
-41
-34
-28
-26
-20
-18
-18
-12
-11
-11
-9
-1
-3
-12
-7
-6
-6
-2
9
13
13
11
14
17
19
19
20
26
26
23
22
20
18
17
18
17
20
20
17
16
18
27
26
29
22
23
29
22
17
15
22
20
20
24
26
30
25
24
27
27
28
30
28
24
22
26
21
20
28
28
25
21
17
13
15
13
14
18
17
14
16
17
13
12
9
12
12
1
-2
2
3
6
6
4
6
-3
-8
-8
-6
-5
-8
-8
-5
-13
-10
-10
-22
-17
-22
-22
-24
-26
-24
-30
-34
-35
-31
-29
-34
-24
-27
-27
-23
-21
-23
-22
-23
-21
-22
-28
-25
-21
-24
-18
-24
-30
-29
-30
-27
-23
-19
-22
-21
-17
-15
-13
-6
-11
-15
-14
-16
-16
-13
-14
-16
-16
-13
-4
2
4
0
7
0
2
9
4
8
4
1
5
6
1
0
3
7
5
5
11
18
19
23
27
22
21
21
22
25
18
15
15
13
22
21
28
28
25
31
31
37
35
30
24
28
27
23
20
19
20
18
17
18
20
19
16
19
20
18
14
14
10
8
10
4
3
2
-3
-3
-4
-8
-9
-8
-3
-4
-2
-3
-3
-3
2
5
-1
-5
-7
-10
-11
-11
-12
-7
-7
-6
-7
-5
1
1
-2
3
-4
-10
-13
-17
-14
-19
-24
-27
-24
-28
-21
-18
-18
-13
-12
-11
-12
-14
-17
-18
-21
-20
