-7
-8
-2
3
-1
0
-2
-3
-1
0
4
7
10
5
5
4
3
4
4
0
-3
-5
-4
-5
-4
-3
-7
-2
1
4
1
3
0
2
1
3
5
1
1
-2
-2
0
-1
-5
-4
-4
-6
-9
-12
-9
-4
-6
-3
-1
-1
-2
-5
1
4
0
-3
-1
-4
-3
3
7
4
2
6
8
6
4
8
11
6
5
3
-1
-2
-3
-4
-3
2
-1
-2
-4
-6
-6
-7
-4
1
5
7
8
10
10
13
12
8
4
5
-2
-2
-3
-1
-1
-7
-5
-3
-2
-4
-5
-4
-3
-6
-7
-3
-4
-5
-2
2
4
6
5
2
4
1
-4
-2
-4
-7
-7
-7
-6
0
0
1
9
3
4
7
3
4
9
7
4
5
4
3
6
6
3
2
1
1
0
3
2
0
4
10
11
7
5
3
2
1
2
3
2
-2
-6
-4
-8
-10
-10
-9
-6
-6
-8
-9
-12
-12
-7
-6
-1
0
2
-4
-4
-1
-7
-11
-14
-14
-9
-7
-6
-3
-2
-3
-8
-3
0
-4
3
3
4
4
2
6
7
4
3
5
3
4
5
7
10
7
4
7
10
10
14
12
16
13
14
18
11
10
8
6
2
3
5
-1
-2
-6
-9
-6
-2
-3
-1
-5
-6
-3
2
6
-2
-5
-10
-13
-10
-8
-4
-3
-5
-9
-4
0
4
5
4
-1
0
-2
-6
-3
-5
-10
-15
-7
-5
-1
0
1
-2
-2
0
-3
1
0
2
-1
-5
-1
0
0
4
3
-2
-3
-2
-3
0
3
2
2
2
0
-4
-5
-9
-7
-9
-7
-5
-5
-3
-2
5
3
4
2
3
8
10
14
18
12
7
4
5
3
5
7
-1
-3
-6
-8
-4
0
0
-2
-2
-1
4
4
5
8
4
2
7
5
4
7
5
0
-2
-3
-3
-6
-3
-1
-5
-5
-3
0
2
3
-3
-4
0
4
2
8
4
1
1
4
7
1
3
4
8
9
6
9
3
-3
0
1
8
10
7
8
4
2
1
0
0
0
-1
-4
-6
-11
-11
-8
-8
-14
-14
-13
-11
-9
-9
-6
-6
-10
-12
-7
-4
-5
1
0
-5
-8
-8
-11
-13
-11
-12
-12
-10
-10
-7
-3
-4
-3
-2
-1
0
-1
1
2
3
5
9
4
2
-2
2
4
3
4
2
3
4
1
-1
-1
-1
-4
-5
-2
-2
2
4
5
4
5
4
7
12
11
14
15
15
19
15
16
22
17
18
15
10
10
6
8
7
11
15
13
17
16
10
13
9
10
13
12
12
11
10
8
6
9
4
3
2
1
1
0
-3
-3
-5
-8
-5
-6
-7
-11
-11
-11
-16
-14
-14
-15
-12
-16
-22
-19
-24
-20
-22
-22
-21
-22
-21
-24
-25
-22
-21
-27
-21
-21
-22
-20
-20
-18
-18
-18
-16
-16
-11
-16
-18
-6
-9
-6
-2
-5
-8
-5
-3
-4
-1
1
2
1
2
5
7
5
4
3
3
1
2
10
9
16
16
14
19
19
22
26
26
31
26
25
24
21
21
24
26
27
29
28
22
19
22
23
32
32
28
26
21
20
20
20
17
15
11
17
18
17
14
10
4
3
3
3
5
0
-2
-2
-4
-11
-13
-8
-8
-1
-6
-13
-13
-24
-25
-18
-21
-22
-24
-24
-23
-22
-22
-23
-26
-29
-28
-32
-28
-28
-31
-33
-36
-34
-34
-30
-24
-19
-17
-22
-23
-21
-19
-18
-19
-20
-21
-20
-19
-16
-14
-9
-11
-9
-5
-5
-1
-1
-2
-3
0
1
0
6
5
9
7
4
11
14
15
18
23
23
24
24
26
29
32
35
32
27
29
32
36
39
38
32
30
30
31
31
35
37
35
33
32
28
28
29
26
30
30
28
28
24
25
25
20
21
16
14
12
10
8
-1
-7
-7
-9
-12
-14
-10
-5
-10
-16
-17
-19
-21
-18
-21
-29
-31
-34
-33
-34
-35
-38
-44
-45
-46
-44
-51
-49
-48
-55
-55
-54
-52
-53
-51
-49
-45
-44
-43
-40
-49
-45
-45
-42
-38
-34
-28
-28
-21
-21
-18
-19
-16
-13
-13
-9
-5
-4
1
7
8
18
18
22
24
22
26
34
34
32
42
47
46
54
56
57
60
63
61
63
64
57
54
55
62
61
64
66
61
57
60
60
65
71
65
65
58
58
62
58
61
59
52
52
48
45
46
40
34
27
27
30
26
23
21
9
6
-6
-16
-15
-26
-30
-36
-42
-41
-49
-60
-61
-70
-74
-75
-83
-90
-98
-107
-108
-116
-119
-121
-123
-125
-126
-126
-125
-131
-135
-138
-139
-134
-132
-125
-122
-120
-119
-111
-104
-93
-81
-73
-67
-62
-50
-42
-38
-28
-18
-11
-4
3
10
16
24
31
40
48
58
63
72
80
78
81
88
86
98
114
118
125
133
128
126
132
134
137
137
146
148
143
145
151
153
153
156
152
155
156
159
158
158
156
150
144
137
125
121
119
112
113
106
95
85
78
69
61
56
53
49
32
29
26
6
4
-2
-25
-27
-44
-57
-67
-90
-95
-108
-133
-138
-151
-166
-170
-190
-205
-215
-225
-232
-241
-248
-258
-259
-269
-279
-289
-296
-300
-301
-299
-294
-286
-286
-280
-268
-242
-221
-214
-205
-191
-182
-166
-138
-116
-103
-84
-70
-53
-35
-18
4
14
18
29
42
63
79
85
97
104
112
134
152
170
184
193
210
220
224
229
225
234
237
240
259
270
265
272
272
270
274
277
281
287
282
279
282
282
285
277
270
259
242
232
231
235
226
214
218
210
193
188
175
159
163
157
155
149
129
108
95
87
87
76
55
38
3
-35
-60
-83
-103
-123
-153
-171
-205
-239
-274
-303
-329
-357
-380
-406
-433
-453
-468
-486
-506
-513
-528
-535
-530
-531
-523
-529
-524
-514
-500
-485
-457
-435
-423
-402
-367
-325
-294
-262
-235
-214
-180
-162
-135
-105
-74
-57
-14
14
27
60
79
106
139
162
179
197
215
235
241
263
280
289
295
308
322
330
343
348
358
362
372
376
380
395
418
411
409
418
429
433
427
430
439
437
431
443
457
439
426
422
413
417
404
390
397
376
367
358
330
323
312
289
266
274
280
249
241
217
171
140
101
79
36
2
-13
-76
-147
-198
-257
-320
-366
-408
-453
-506
-547
-593
-636
-653
-702
-764
-792
-804
-837
-832
-839
-858
-877
-880
-856
-847
-835
-797
-795
-784
-751
-740
-714
-671
-614
-566
-506
-434
-399
-360
-288
-242
-215
-177
-132
-93
-45
7
70
106
137
159
170
196
240
273
312
353
374
396
415
440
441
473
502
520
547
560
556
567
598
603
615
649
661
672
686
710
721
727
740
730
721
727
720
727
764
774
769
755
738
704
685
677
671
616
560
551
496
471
459
399
395
386
356
347
335
306
282
249
212
190
122
68
42
-29
-72
-142
-250
-360
-478
-569
-647
-715
-792
-873
-948
-1020
-1081
-1093
-1152
-1201
-1210
-1237
-1268
-1279
-1255
-1252
-1279
-1288
-1243
-1242
-1253
-1211
-1207
-1180
-1115
-1093
-1029
-949
-900
-823
-769
-691
-620
-572
-497
-411
-360
-301
-243
-191
-102
-55
4
40
91
150
171
235
299
352
401
424
466
496
535
607
637
636
675
696
712
755
804
835
869
889
879
937
984
1030
1061
1024
1017
1036
1067
1106
1161
1194
1196
1175
1113
1124
1147
1171
1178
1169
1175
1103
1056
1059
1031
993
900
815
748
710
713
686
645
628
545
504
521
536
493
397
300
191
130
87
34
-39
-187
-352
-528
-671
-764
-878
-967
-1079
-1202
-1278
-1364
-1498
-1559
-1646
-1739
-1774
-1759
-1744
-1709
-1667
-1738
-1783
-1801
-1836
-1795
-1700
-1656
-1673
-1688
-1655
-1658
-1644
-1535
-1455
-1410
-1307
-1220
-1102
-975
-870
-814
-801
-731
-625
-575
-424
-314
-308
-254
-194
-120
-45
71
163
195
283
343
413
504
580
626
631
705
798
878
955
1029
1074
1141
1186
1286
1397
1427
1479
1536
1565
1589
1681
1745
1751
1763
1781
1786
1783
1825
1844
1836
1853
1844
1837
1792
1697
1632
1594
1609
1629
1589
1529
1405
1245
1146
1068
997
948
906
857
847
872
949
943
774
602
391
251
259
267
269
165
-134
-398
-683
-882
-1013
-1118
-1271
-1494
-1642
-1768
-1852
-1989
-2167
-2318
-2462
-2532
-2515
-2388
-2287
-2268
-2329
-2336
-2354
-2376
-2377
-2353
-2345
-2357
-2290
-2217
-2251
-2291
-2239
-2271
-2195
-2090
-1985
-1877
-1763
-1626
-1517
-1417
-1276
-1157
-1120
-979
-802
-684
-584
-451
-303
-263
-102
1
61
246
424
532
644
786
846
884
922
1032
1125
1211
1403
1491
1615
1755
1796
1843
1897
1965
2046
2081
2204
2257
2302
2386
2372
2328
2338
2378
2390
2409
2372
2355
2372
2354
2363
2291
2183
2121
2040
2009
1995
1944
1813
1690
1541
1421
1340
1264
1153
1033
939
932
1043
1168
1296
1176
926
592
349
321
353
465
398
105
-206
-642
-928
-1009
-1161
-1338
-1577
-1792
-1930
-1999
-2054
-2143
-2376
-2608
-2760
-2833
-2672
-2575
-2553
-2506
-2630
-2771
-2751
-2754
-2727
-2752
-2681
-2656
-2668
-2564
-2561
-2644
-2678
-2588
-2599
-2514
-2300
-2194
-2143
-1996
-1840
-1747
-1638
-1415
-1347
-1294
-1088
-884
-732
-556
-301
-181
-97
60
239
349
566
736
849
890
1029
1133
1127
1261
1431
1523
1635
1760
1825
1921
1982
2080
2175
2186
2242
2339
2401
2439
2491
2588
2604
2512
2457
2450
2475
2556
2621
2591
2490
2408
2337
2324
2371
2340
2253
2083
1932
1876
1773
1762
1662
1467
1330
1163
1123
1148
1144
1145
1258
1319
1386
1320
1105
875
672
534
645
737
629
371
43
-372
-722
-888
-1068
-1382
-1609
-1865
-2028
-2084
-2223
-2373
-2645
-2950
-3069
-3131
-3075
-2954
-2911
-2945
-3032
-3085
-3038
-2994
-2971
-2884
-2912
-2997
-2907
-2884
-2913
-2823
-2869
-2912
-2936
-2853
-2658
-2583
-2415
-2252
-2275
-2159
-1971
-1771
-1531
-1307
-1078
-952
-772
-470
-269
-111
66
196
339
551
753
901
1030
1131
1225
1302
1449
1551
1598
1714
1807
1891
1956
2043
2148
2157
2216
2311
2304
2325
2436
2524
2551
2639
2606
2589
2596
2586
2645
2707
2753
2765
2667
2620
2538
2463
2436
2404
2327
2186
2042
1935
1899
1754
1705
1644
1519
1438
1327
1247
1159
1144
1286
1433
1534
1587
1408
1065
835
783
755
866
909
550
94
-266
-599
-788
-1010
-1276
-1589
-1969
-2134
-2191
-2313
-2492
-2803
-3141
-3372
-3395
-3318
-3286
-3201
-3205
-3265
-3235
-3211
-3245
-3177
-3183
-3166
-3041
-3069
-3045
-2940
-3039
-3003
-2945
-2994
-2883
-2862
-2727
-2560
-2490
-2319
-2238
-2124
-1897
-1706
-1465
-1237
-1061
-628
-500
-327
-159
-79
-35
181
544
760
1035
1133
1239
1292
1382
1513
1614
1706
1779
1838
1961
2022
2108
2167
2178
2223
2231
2260
2326
2383
2490
2616
2700
2786
2786
2795
2826
2777
2801
2825
2807
2813
2833
2803
2748
2695
2546
2466
2413
2373
2323
2260
2191
2071
1930
1794
1687
1587
1451
1400
1407
1407
1632
1852
1906
1746
1478
1185
1035
1085
1150
1181
924
473
-9
-498
-813
-1106
-1551
-2026
-2525
-2883
-3101
-3237
-3417
-3800
-4158
-4479
-4657
-4575
-4345
-4175
-4113
-4044
-3998
-3850
-3593
-3266
-2928
-2680
-2405
-2172
-2001
-1895
-1709
-1633
-1603
-1509
-1545
-1594
-1643
-1721
-1805
-1931
-2069
-2095
-2206
-2217
-2200
-2170
-2075
-1965
-1790
-1606
-1368
-1043
-710
-349
159
545
916
1243
1483
1749
2068
2416
2603
2721
2829
2828
2765
2756
2714
2582
2427
2329
2242
2100
2060
2053
2009
2040
2106
2163
2217
2269
2283
2434
2599
2743
2925
2973
3050
3102
3196
3239
3222
3182
3041
2904
2821
2705
2619
2488
2240
2083
1811
1612
1545
1326
1213
1162
1038
1109
1282
1342
1313
1140
877
741
728
785
839
741
337
-76
-564
-965
-1319
-1760
-2267
-2847
-3311
-3646
-3912
-4193
-4409
-4867
-5199
-5345
-5353
-5135
-4837
-4585
-4343
-4095
-3824
-3403
-2986
-2504
-2107
-1775
-1512
-1236
-1084
-943
-878
-948
-962
-1160
-1281
-1423
-1610
-1787
-1941
-2184
-2308
-2420
-2522
-2479
-2442
-2316
-2168
-1917
-1677
-1422
-1002
-631
-230
265
681
1092
1514
1902
2209
2471
2723
2896
3029
3116
3163
3124
3041
2944
2822
2736
2644
2531
2372
2279
2247
2223
2250
2273
2296
2337
2429
2523
2700
2808
2974
3100
3242
3389
3482
3564
3564
3547
3487
3478
3377
3294
3157
2989
2762
2562
2297
1949
1622
1278
1044
885
782
705
696
679
627
481
324
239
131
176
141
158
-5
-358
-746
-1218
-1596
-1989
-2405
-2865
-3337
-3825
-4083
-4444
-4690
-4913
-5225
-5415
-5522
-5355
-5118
-4774
-4457
-4131
-3846
-3486
-3075
-2624
-2125
-1761
-1506
-1308
-1117
-983
-947
-982
-1108
-1334
-1596
-1791
-1927
-2047
-2310
-2543
-2703
-2844
-2792
-2685
-2515
-2329
-2157
-1943
-1555
-1152
-742
-376
8
467
895
1321
1766
2074
2274
2526
2751
2980
3137
3224
3235
3206
3206
3247
3201
3148
3056
2839
2764
2699
2691
2692
2617
2571
2519
2521
2570
2678
2791
2927
3050
3172
3258
3383
3569
3638
3713
3724
3683
3621
3577
3523
3425
3295
3003
2655
2334
1982
1731
1494
1250
1101
1023
955
927
839
632
433
295
254
313
418
459
182
-229
-724
-1180
-1527
-1899
-2316
-2862
-3401
-3952
-4328
-4594
-4827
-5142
-5439
-5643
-5645
-5404
-5100
-4774
-4490
-4229
-3943
-3493
-3094
-2696
-2387
-2113
-1892
-1652
-1555
-1428
-1505
-1638
-1685
-1960
-2061
-2272
-2448
-2669
-2795
-2911
-2956
-2993
-3008
-2908
-2758
-2493
-2274
-1931
-1637
-1359
-1002
-497
-96
350
847
1236
1586
1935
2313
2556
2825
3037
3220
3406
3565
3670
3644
3603
3574
3513
3416
3303
3133
2958
2842
2760
2741
2734
2648
2558
2507
2564
2757
2946
3149
3277
3299
3404
3586
3789
3943
3992
3864
3794
3694
3573
3534
3345
3080
2712
2272
1941
1684
1367
1275
1140
1121
1086
921
789
561
410
421
461
606
747
432
119
-356
-822
-1181
-1611
-2165
-2761
-3402
-3967
-4328
-4685
-4900
-5297
-5637
-5853
-5844
-5586
-5258
-4934
-4687
-4491
-4269
-3806
-3350
-2830
-2461
-2211
-2024
-1869
-1629
-1540
-1567
-1650
-1779
-1994
-2015
-2116
-2228
-2400
-2685
-2821
-2862
-2878
-2843
-2836
-2792
-2702
-2519
-2119
-1812
-1553
-1189
-896
-567
-90
364
855
1295
1662
2082
2406
2725
3005
3167
3384
3590
3775
3938
3951
3870
3720
3596
3454
3357
3233
3105
2956
2792
2682
2560
2469
2420
2449
2551
2752
2936
3136
3380
3441
3552
3745
3945
4080
4079
4087
3915
3755
3606
3395
3151
2807
2418
2101
1831
1507
1299
1113
1083
1071
1012
1002
702
486
501
452
554
765
441
109
-453
-979
-1235
-1617
-2057
-2671
-3371
-4072
-4471
-4724
-4817
-5180
-5549
-5878
-6007
-5737
-5349
-4925
-4654
-4502
-4291
-3865
-3457
-2862
-2516
-2354
-2300
-2189
-1989
-1810
-1733
-1748
-1855
-2132
-2048
-2129
-2100
-2096
-2284
-2479
-2601
-2651
-2579
-2499
-2489
-2461
-2455
-2196
-1991
-1683
-1349
-1161
-924
-509
-105
352
873
1294
1709
2050
2482
2872
3232
3550
3790
3903
4048
4193
4216
4210
4059
3859
3576
3343
3202
3050
2936
2825
2591
2399
2267
2228
2334
2521
2737
2986
3248
3440
3546
3681
3892
3957
4063
4149
4129
4067
3871
3692
3383
3087
2696
2404
2131
1784
1542
1472
1410
1389
1294
1101
910
648
660
547
650
607
221
-195
-788
-1357
-1705
-2048
-2604
-3095
-3853
-4444
-4850
-5084
-5197
-5421
-5661
-5912
-5964
-5728
-5268
-4899
-4513
-4323
-4089
-3738
-3338
-2912
-2606
-2421
-2334
-2190
-2025
-1852
-1800
-1869
-1963
-2086
-2070
-1951
-1905
-1887
-2024
-2165
-2292
-2278
-2214
-2199
-2217
-2290
-2258
-2207
-2006
-1799
-1613
-1476
-1246
-910
-473
30
522
989
1367
1776
2228
2721
3080
3401
3662
3871
4030
4172
4244
4222
4060
3849
3659
3397
3205
2969
2814
2665
2536
2383
2277
2244
2296
2445
2673
2988
3240
3430
3582
3746
3839
3955
4047
4121
4087
4021
3822
3612
3378
3073
2853
2495
2247
1978
1787
1737
1889
1870
1916
1732
1353
1154
1046
1046
1041
1050
544
-4
-662
-1149
-1660
-2098
-2645
-3355
-4008
-4608
-4914
-5102
-5253
-5556
-5763
-5951
-5880
-5604
-5141
-4716
-4443
-4206
-4057
-3766
-3308
-2863
-2620
-2489
-2437
-2418
-2271
-2084
-1928
-1990
-2018
-2089
-2206
-2009
-1796
-1787
-1910
-1963
-2188
-2221
-2152
-2190
-2237
-2343
-2446
-2463
-2229
-2012
-1776
-1653
-1516
-1289
-894
-324
250
851
1250
1629
2020
2547
2944
3290
3602
3731
3821
3961
4078
4100
4026
3774
3443
3110
2890
2781
2743
2606
2461
2332
2219
2235
2422
2636
2811
2976
3192
3354
3559
3740
3853
3954
3954
3987
3977
3917
3814
3644
3392
3120
2932
2696
2377
2235
2189
2218
2330
2461
2380
2091
1810
1608
1480
1452
1505
1117
624
-49
-787
-1368
-1832
-2363
-3002
-3708
-4397
-4847
-5121
-5152
-5279
-5449
-5692
-5844
-5626
-5169
-4657
-4224
-3989
-3919
-3717
-3396
-2932
-2601
-2376
-2364
-2438
-2362
-2189
-1972
-1912
-1992
-2150
-2185
-2220
-2002
-1874
-1772
-1863
-2005
-2009
-2083
-2133
-2186
-2236
-2513
-2578
-2594
-2439
-2280
-2177
-2000
-1851
-1575
-1086
-531
-1
552
1019
1491
1963
2422
2804
3123
3384
3540
3658
3816
3920
3875
3785
3567
3209
2956
2766
2637
2605
2553
2468
2417
2364
2374
2530
2748
2993
3134
3272
3393
3498
3639
3785
3878
3846
3766
3663
3531
3495
3394
3169
3019
2860
2532
2381
2425
2457
2534
2710
2706
2505
2324
2181
2063
1932
1949
1593
1103
550
-180
-800
-1353
-1867
-2551
-3245
-3948
-4480
-4865
-5013
-5156
-5309
-5489
-5733
-5606
-5295
-4857
-4416
-4062
-3949
-3753
-3447
-3115
-2737
-2422
-2302
-2363
-2268
-2120
-1926
-1724
-1675
-1805
-1871
-1850
-1858
-1808
-1621
-1620
-1809
-1812
-1931
-2052
-2190
-2384
-2629
-2870
-2931
-2871
-2774
-2611
-2497
-2352
-2103
-1809
-1306
-741
-214
297
806
1371
1881
2373
2783
3044
3224
3371
3499
3642
3706
3645
3570
3316
3091
2907
2728
2646
2663
2611
2589
2580
2518
2557
2637
2818
2981
3173
3362
3455
3533
3580
3624
3614
3644
3700
3680
3603
3516
3343
3223
3126
3012
2810
2708
2656
2697
2815
2921
2958
2695
2437
2238
2053
1990
1925
1577
1052
361
-277
-878
-1397
-1889
-2529
-3264
-3952
-4498
-4779
-4905
-5032
-5173
-5398
-5577
-5473
-5162
-4738
-4307
-4070
-3960
-3826
-3557
-3173
-2852
-2571
-2460
-2492
-2460
-2244
-1967
-1753
-1660
-1706
-1836
-1858
-1663
-1547
-1387
-1329
-1524
-1630
-1671
-1792
-1938
-2151
-2475
-2755
-2920
-2902
-2852
-2753
-2625
-2545
-2318
-1978
-1518
-969
-465
-10
490
1022
1563
2085
2512
2834
3038
3189
3336
3486
3581
3575
3522
3408
3227
3101
3061
2975
2938
2901
2830
2745
2692
2712
2740
2850
2992
3090
3152
3241
3320
3426
3492
3506
3471
3449
3419
3416
3445
3433
3300
3147
3011
2856
2835
2835
2921
2897
2970
2760
2567
2399
2277
2150
1968
1748
1365
867
274
-234
-802
-1282
-1872
-2411
-3153
-3715
-4145
-4410
-4567
-4704
-4924
-5191
-5274
-5207
-4919
-4594
-4289
-4159
-4087
-3971
-3736
-3389
-3110
-2949
-2930
-2947
-2911
-2672
-2354
-2058
-1925
-1928
-1940
-1871
-1715
-1480
-1314
-1418
-1404
-1563
-1688
-1657
-1674
-1877
-2158
-2445
-2632
-2705
-2633
-2447
-2379
-2259
-2122
-1881
-1492
-1007
-543
-178
186
665
1138
1607
2109
2466
2651
2735
2883
3094
3262
3467
3503
3473
3343
3200
3166
3188
3239
3211
3121
2973
2876
2859
2977
3080
3126
3123
3103
3071
3170
3279
3362
3377
3302
3230
3181
3228
3263
3260
3129
3024
2873
2800
2750
2807
2886
2986
2995
2919
2796
2581
2470
2252
2126
1959
1639
1185
646
119
-418
-954
-1519
-2059
-2732
-3337
-3848
-4109
-4236
-4325
-4463
-4723
-4901
-4956
-4835
-4629
-4345
-4283
-4227
-4239
-4120
-3881
-3652
-3475
-3476
-3491
-3549
-3418
-3132
-2783
-2574
-2502
-2407
-2248
-2082
-1800
-1480
-1420
-1408
-1453
-1473
-1440
-1445
-1485
-1652
-1850
-2025
-2112
-2136
-2076
-1983
-1896
-1764
-1551
-1257
-951
-589
-207
136
522
885
1231
1570
1847
2147
2342
2503
2684
2843
3019
3085
3114
3190
3244
3269
3336
3406
3390
3366
3378
3335
3285
3301
3292
3230
3222
3253
3218
3157
3103
3066
3007
2925
2899
2883
2835
2815
2813
2821
2771
2737
2744
2627
2508
2489
2554
2594
2715
2724
2597
2436
2212
2071
1933
1855
1547
1192
661
203
-279
-700
-1133
-1644
-2285
-2904
-3312
-3637
-3807
-3979
-4134
-4436
-4638
-4779
-4760
-4621
-4481
-4368
-4388
-4422
-4393
-4324
-4193
-4021
-3930
-3877
-3815
-3679
-3445
-3143
-2803
-2604
-2497
-2388
-2220
-2045
-1747
-1556
-1413
-1368
-1429
-1463
-1487
-1416
-1467
-1360
-1434
-1509
-1563
-1526
-1416
-1215
-989
-804
-611
-509
-249
44
392
640
869
979
1093
1330
1545
1865
2115
2218
2293
2423
2569
2758
2977
3188
3279
3270
3249
3287
3401
3465
3576
3610
3517
3474
3446
3439
3450
3470
3412
3291
3199
3111
3010
2959
2948
2871
2813
2737
2684
2647
2619
2586
2517
2403
2304
2331
2380
2456
2580
2561
2420
2177
2064
1912
1835
1746
1498
1159
661
144
-400
-883
-1388
-1815
-2395
-2924
-3363
-3725
-3954
-4130
-4253
-4459
-4657
-4764
-4776
-4723
-4571
-4480
-4485
-4527
-4584
-4607
-4486
-4328
-4136
-3946
-3885
-3792
-3582
-3325
-3058
-2690
-2502
-2344
-2274
-2185
-1938
-1727
-1526
-1440
-1505
-1597
-1616
-1511
-1373
-1264
-1201
-1145
-1108
-1007
-775
-536
-318
-130
15
144
277
490
746
852
987
1097
1121
1248
1418
1580
1757
1864
1995
2105
2285
2507
2705
2877
2981
3060
3140
3229
3339
3514
3668
3698
3679
3662
3583
3557
3613
3643
3651
3629
3526
3441
3319
3264
3219
3159
3049
2940
2828
2724
2678
2608
2536
2456
2374
2314
2288
2384
2421
2360
2241
2106
1998
1782
1721
1514
1255
773
285
-336
-875
-1363
-1835
-2292
-2801
-3256
-3710
-3991
-4211
-4297
-4424
-4560
-4726
-4867
-4897
-4807
-4740
-4701
-4715
-4805
-4834
-4757
-4557
-4272
-4054
-3886
-3802
-3675
-3458
-3130
-2804
-2506
-2345
-2249
-2110
-1952
-1772
-1627
-1521
-1516
-1457
-1499
-1363
-1257
-1083
-936
-797
-612
-426
-241
-63
151
327
491
537
679
667
680
728
829
884
981
1131
1204
1327
1390
1632
1742
2038
1976
2319
2410
2485
2735
2774
3011
2928
3343
3228
3642
3660
3810
3839
3780
3927
3782
4005
3945
4048
3922
3760
3595
3434
3296
3122
3040
2832
2703
2534
2346
2284
2130
2101
2029
2012
2087
2068
2046
2076
2012
1931
1814
1679
1508
1233
920
463
-57
-549
-1062
-1538
-1994
-2469
-2833
-3316
-3591
-3852
-4031
-4201
-4367
-4504
-4662
-4726
-4801
-4784
-4791
-4775
-4809
-4789
-4737
-4646
-4446
-4261
-4001
-3785
-3608
-3391
-3149
-2940
-2697
-2518
-2310
-2194
-2089
-1999
-1871
-1767
-1644
-1477
-1374
-1228
-1113
-950
-760
-523
-323
-170
-118
-29
28
159
355
573
656
665
635
598
736
876
1037
1125
1129
1131
1216
1365
1499
1633
1744
1781
1881
2076
2280
2487
2609
2743
2827
2983
3192
3424
3662
3810
3904
3966
4059
4123
4183
4228
4234
4170
4095
4033
3864
3725
3492
3302
3088
2854
2605
2436
2225
2025
1953
1944
1921
1959
1975
1945
1957
1829
1805
1650
1563
1227
898
411
-43
-538
-980
-1425
-1895
-2325
-2799
-3112
-3413
-3597
-3826
-3985
-4212
-4408
-4544
-4684
-4827
-4920
-5000
-5040
-5065
-5019
-4926
-4812
-4616
-4357
-4173
-3931
-3669
-3464
-3239
-3023
-2833
-2669
-2518
-2425
-2276
-2162
-2019
-1859
-1634
-1449
-1321
-1202
-1078
-942
-792
-596
-419
-273
-210
-95
12
203
384
563
674
745
763
796
879
972
1002
1022
1021
1023
1108
1218
1315
1487
1672
1778
1905
2076
2251
2348
2483
2619
2714
2825
2992
3160
3406
3615
3830
4045
4140
4284
4389
4467
4546
4583
4548
4412
4253
4067
3781
3519
3290
3052
2768
2567
2329
2208
2203
2291
2318
2390
2284
2153
2008
1819
1659
1438
1166
818
457
67
-267
-644
-973
-1396
-1755
-2120
-2521
-2877
-3213
-3552
-3795
-4054
-4359
-4605
-4857
-5051
-5099
-5105
-5066
-5010
-4967
-4916
-4823
-4701
-4479
-4262
-4112
-3968
-3842
-3680
-3460
-3224
-2956
-2647
-2413
-2214
-2061
-1918
-1779
-1643
-1487
-1400
-1336
-1363
-1326
-1263
-1125
-909
-758
-615
-441
-330
-197
8
182
289
352
356
330
319
369
529
640
736
785
905
1037
1229
1483
1714
1887
1991
2040
2030
2118
2255
2400
2595
2821
2960
3131
3377
3639
3907
4154
4399
4508
4614
4648
4630
4650
4593
4588
4502
4383
4214
4009
3820
3587
3353
3208
3115
3078
3083
3057
2950
2798
2643
2390
2186
1986
1838
1562
1261
822
369
-66
-574
-1000
-1424
-1836
-2284
-2726
-3147
-3451
-3659
-3881
-4071
-4216
-4452
-4636
-4702
-4764
-4786
-4807
-4818
-4855
-4816
-4772
-4610
-4419
-4280
-4140
-4004
-3892
-3735
-3457
-3128
-2860
-2547
-2312
-2114
-1954
-1821
-1657
-1542
-1488
-1459
-1449
-1460
-1445
-1347
-1199
-1092
-991
-904
-850
-764
-644
-529
-412
-414
-408
-417
-418
-405
-337
-166
-13
115
263
378
456
646
882
1118
1315
1495
1589
1733
1924
2163
2493
2743
2995
3187
3322
3474
3693
3813
3956
4092
4164
4290
4446
4644
4815
4900
4835
4767
4634
4426
4229
4002
3754
3654
3690
3817
3957
3998
3801
3484
3128
2760
2556
2447
2339
2095
1792
1342
920
459
-37
-580
-1145
-1797
-2423
-2892
-3293
-3497
-3668
-3796
-3973
-4165
-4378
-4521
-4593
-4664
-4631
-4595
-4569
-4542
-4424
-4267
-4162
-4001
-3897
-3857
-3788
-3677
-3541
-3252
-2899
-2509
-2207
-2072
-1956
-1848
-1769
-1680
-1595
-1578
-1539
-1522
-1464
-1329
-1139
-1008
-1007
-1085
-1269
-1424
-1519
-1511
-1430
-1273
-1148
-1071
-1004
-956
-899
-867
-856
-877
-908
-891
-792
-537
-174
191
553
878
1136
1381
1558
1782
2016
2318
2574
2824
3106
3342
3559
3801
4011
4171
4303
4413
4478
4525
4629
4701
4761
4768
4715
4564
4362
4206
4145
4340
4589
4862
4944
4713
4212
3745
3312
3080
3122
3278
3270
3019
2625
1981
1374
719
92
-469
-991
-1522
-1990
-2323
-2590
-2857
-3241
-3643
-4121
-4576
-4853
-4883
-4686
-4453
-4134
-3973
-3962
-4017
-4038
-3999
-3815
-3579
-3342
-3087
-2942
-2774
-2556
-2371
-2152
-2020
-2026
-2134
-2052
-1921
-1743
-1447
-1197
-1084
-1190
-1361
-1589
-1802
-1866
-1813
-1784
-1762
-1767
-1813
-1828
-1911
-1912
-1932
-2026
-2145
-2224
-2291
-2173
-1910
-1737
-1594
-1534
-1553
-1577
-1467
-1204
-798
-315
143
473
735
948
1215
1569
1933
2296
2669
2961
3226
3546
3836
4127
4327
4381
4394
4355
4327
4374
4525
4618
4710
4678
4523
4319
4143
4187
4506
4975
5341
5320
4910
4197
3660
3330
3468
3900
4316
4349
3797
2887
1823
1087
649
468
371
249
-205
-872
-1545
-2208
-2737
-3178
-3664
-3983
-4205
-4204
-4001
-3681
-3590
-3612
-3941
-4356
-4454
-4186
-3577
-2844
-2270
-2094
-2226
-2541
-2763
-2717
-2391
-1887
-1446
-1191
-1272
-1424
-1630
-1750
-1669
-1416
-1316
-1333
-1440
-1625
-1790
-1791
-1790
-1937
-2176
-2445
-2630
-2671
-2549
-2393
-2306
-2445
-2727
-3112
-3314
-3223
-2914
-2622
-2386
-2311
-2391
-2407
-2222
-1853
-1374
-895
-595
-482
-322
37
540
1143
1722
2210
2489
2673
2930
3135
3451
3804
4027
4070
4147
4186
4271
4387
4564
4619
4509
4310
4133
3883
3872
3987
4306
4816
5214
5155
4678
4003
3300
3274
3635
4348
4803
4902
4058
2876
1676
990
992
1331
1601
1492
783
-347
-1462
-2193
-2482
-2335
-2283
-2354
-2569
-2898
-3201
-3363
-3296
-3318
-3246
-3205
-3049
-2765
-2399
-2054
-1891
-1947
-2180
-2200
-2048
-1655
-1143
-752
-685
-982
-1299
-1593
-1490
-1199
-928
-883
-955
-1300
-1727
-1972
-1990
-2036
-1975
-2060
-2409
-2690
-2828
-2821
-2808
-2822
-2989
-3288
-3535
-3699
-3569
-3361
-3132
-3043
-3169
-3348
-3338
-3123
-2802
-2285
-1834
-1626
-1475
-1229
-1004
-494
197
730
1117
1355
1561
1799
2151
2566
2978
3280
3391
3498
3600
3776
4075
4254
4216
4114
3876
3619
3536
3609
3681
3841
3693
3821
4135
4465
4338
4044
3521
3119
3384
3928
4658
4966
4791
3598
2267
1262
1078
1615
2270
2504
1980
765
-678
-1678
-1833
-1396
-685
-582
-1083
-1902
-2702
-3126
-2906
-2390
-1945
-1707
-1795
-2045
-2117
-1933
-1669
-1408
-1350
-1468
-1472
-1443
-1269
-1014
-884
-870
-1053
-1266
-1308
-1144
-969
-995
-1083
-1365
-1649
-1825
-1960
-1961
-1857
-1929
-2267
-2579
-2866
-2934
-2903
-2883
-2977
-3198
-3474
-3669
-3651
-3581
-3447
-3312
-3441
-3601
-3645
-3427
-3077
-2597
-2266
-2007
-1843
-1676
-1433
-1023
-429
185
595
764
980
1343
1713
2218
2670
2989
3124
3162
3166
3280
3577
3768
3835
3737
3568
3381
3258
3155
3108
3140
3101
2975
3414
3949
4133
3731
3186
2466
2595
3394
4360
4892
4736
3794
2268
1430
1378
2183
2956
3079
2299
954
-363
-964
-894
-316
288
378
-456
-1419
-2119
-2225
-1944
-1254
-893
-891
-1170
-1441
-1558
-1369
-955
-727
-866
-1086
-1158
-1019
-806
-523
-407
-537
-797
-1107
-1208
-1039
-770
-853
-1185
-1606
-1889
-1832
-1677
-1595
-1733
-2114
-2739
-3075
-3098
-2853
-2489
-2519
-3028
-3661
-3997
-4081
-3766
-3293
-3034
-3130
-3538
-4018
-4117
-3841
-3155
-2557
-2193
-2162
-2192
-2182
-1916
-1328
-680
-158
133
221
302
661
1283
1851
2346
2586
2579
2359
2282
2474
2863
3220
3358
3270
2894
2610
2385
2409
2544
2781
2835
2738
2317
2485
2952
3276
2980
2655
2199
2375
3277
4128
4529
4197
3454
2187
1797
2098
2935
3379
3189
2182
1037
263
136
397
806
939
726
-91
-819
-1174
-1057
-859
-484
-288
-323
-443
-544
-742
-837
-759
-670
-661
-548
-398
-278
-346
-463
-601
-786
-829
-957
-916
-1020
-904
-1002
-1328
-1750
-1868
-1849
-1879
-1682
-1823
-2045
-2457
-2697
-2991
-2948
-2761
-2754
-2959
-3334
-3521
-3633
-3592
-3559
-3358
-3324
-3427
-3423
-3408
-3278
-3052
-2794
-2745
-2628
-2251
-1924
-1563
-1166
-838
-611
-360
-56
272
649
1055
1373
1542
1725
1957
2094
2106
2295
2412
2382
2376
2317
2251
2296
2372
2269
2175
2110
1896
1776
1629
1679
2384
3023
2927
2243
1817
1534
2333
3406
4154
3923
3476
2581
1921
2147
2926
3385
3129
2468
1656
1251
1216
1304
1257
1063
840
511
90
-70
-30
-128
-325
-149
66
151
219
20
-397
-624
-530
-325
-108
36
-69
-350
-759
-920
-880
-692
-666
-699
-916
-1080
-1174
-1377
-1613
-1639
-1494
-1403
-1519
-1820
-2226
-2473
-2581
-2456
-2239
-2231
-2542
-2908
-3215
-3334
-3045
-2720
-2902
-3198
-3332
-3542
-3533
-3194
-2904
-2818
-2670
-2706
-2752
-2564
-2017
-1591
-1369
-1118
-914
-755
-550
-80
349
619
868
1024
1079
1279
1556
1729
1844
1996
2014
1907
1809
1739
1760
1764
1800
1776
1632
1454
1263
1156
978
1309
2206
2850
2595
1818
1299
1084
2099
3294
4071
3811
3348
2477
1877
2185
2921
3402
3313
2876
2224
1746
1505
1362
1234
1294
1475
1305
733
246
-60
-187
-43
510
915
893
511
-121
-746
-803
-296
170
340
243
-230
-807
-1212
-1184
-908
-551
-481
-671
-918
-1234
-1318
-1387
-1607
-1643
-1374
-1398
-1678
-1626
-1891
-2398
-2463
-2188
-2327
-2306
-2155
-2464
-2836
-2848
-2781
-2857
-2911
-2907
-2905
-2985
-2988
-2828
-2900
-2823
-2520
-2434
-2478
-2069
-1734
-1733
-1521
-1268
-1101
-816
-383
-194
-105
57
234
464
863
1241
1380
1213
1045
930
1035
1333
1666
1720
1560
1346
1076
872
996
1320
1299
1282
996
1293
1952
2567
2142
1509
1206
1451
2590
3721
4153
3608
3171
2401
2225
2805
3557
3677
3333
2724
2181
1954
1868
1718
1720
1753
1811
1456
842
341
236
230
520
1027
1067
569
-67
-579
-745
-287
259
349
82
-464
-985
-1332
-1293
-903
-488
-435
-788
-1151
-1510
-1645
-1568
-1406
-1379
-1173
-1018
-1341
-1652
-1953
-2086
-2005
-1605
-1400
-1443
-1606
-2117
-2653
-2740
-2384
-2110
-2017
-2191
-2652
-2950
-3027
-2999
-2833
-2578
-2439
-2521
-2633
-2600
-2377
-2126
-1941
-1707
-1525
-1300
-1055
-855
-749
-466
-253
-48
306
678
791
751
714
661
858
1252
1500
1470
1338
1094
818
766
919
1097
1239
1103
934
624
1133
2043
2614
2041
1457
1159
1480
2747
3922
4087
3340
3035
2298
2235
2955
3715
3570
3159
2657
2147
1957
1875
1640
1502
1604
1713
1246
578
137
120
146
454
912
818
253
-281
-675
-698
-159
335
249
-10
-327
-658
-830
-724
-456
-190
-126
-423
-715
-906
-972
-892
-797
-719
-704
-692
-967
-1350
-1447
-1454
-1369
-1234
-1116
-1331
-1518
-1830
-2274
-2284
-1986
-1798
-1853
-2110
-2567
-2883
-2867
-2737
-2470
-2288
-2347
-2576
-2836
-2878
-2571
-2194
-1948
-1799
-1707
-1666
-1606
-1420
-1218
-975
-677
-400
-119
84
111
9
-39
179
523
906
1098
1070
824
622
601
710
1034
1194
1202
935
768
636
1327
2367
2755
2010
1463
1263
1785
3134
4107
3862
3218
2885
2296
2468
3225
3632
3226
2843
2371
2051
1916
1682
1391
1364
1443
1491
972
262
-145
-135
11
407
857
593
-89
-522
-778
-610
-67
227
29
-229
-498
-675
-702
-506
-267
-2
-86
-359
-608
-664
-537
-508
-404
-223
-2
-173
-445
-871
-1061
-692
-294
-231
-508
-814
-1442
-1790
-1768
-1499
-1229
-1326
-1894
-2467
-2711
-2767
-2620
-2444
-2527
-2623
-2820
-3104
-3215
-2970
-2621
-2339
-2209
-2221
-2171
-2137
-1998
-1652
-1317
-1064
-851
-668
-567
-305
-91
11
195
346
556
718
832
765
734
782
754
916
970
1055
956
893
623
830
1823
2677
2608
1699
1253
1194
2192
3527
4216
3694
3144
2634
2184
2488
3288
3457
2890
2516
2134
1702
1417
1123
904
1021
1292
1085
330
-345
-609
-446
-102
436
599
93
-552
-823
-691
-251
334
380
60
-149
-306
-413
-229
123
331
421
280
12
-128
21
75
180
277
279
177
-12
-197
-345
-299
-289
-260
-475
-757
-1028
-1232
-1345
-1370
-1299
-1437
-1716
-2116
-2465
-2632
-2634
-2548
-2563
-2672
-2852
-3004
-3075
-3087
-2886
-2627
-2526
-2474
-2455
-2453
-2219
-1876
-1610
-1435
-1312
-1167
-909
-505
-164
-53
-59
-98
-12
340
746
971
1010
820
608
617
886
1074
1227
1235
999
626
1166
2112
2576
2215
1555
1045
1250
2489
3617
3946
3283
2815
2221
2049
2521
3158
3028
2471
2121
1704
1242
1030
823
679
900
1116
644
-66
-556
-677
-447
-22
385
332
-120
-572
-642
-375
58
403
251
15
-115
-134
-88
200
463
551
541
410
278
217
333
609
649
633
723
506
95
100
164
24
171
113
-415
-760
-733
-863
-1000
-971
-1292
-1696
-1962
-2270
-2448
-2495
-2616
-2803
-2920
-3097
-3143
-3163
-3283
-3211
-3080
-2892
-2742
-2664
-2610
-2418
-2163
-1900
-1653
-1443
-1246
-929
-505
-194
-31
42
14
95
494
879
1086
1199
941
714
642
825
1022
1165
1198
963
632
683
1461
2265
2327
1526
1050
853
1700
2930
3692
3231
2618
2071
1629
1893
2644
2887
2347
1878
1517
1112
880
651
463
522
710
557
-77
-718
-929
-794
-464
108
437
105
-394
-591
-573
-221
263
429
330
335
318
266
319
482
638
830
1033
1149
1044
898
782
771
823
964
1049
870
557
347
253
246
261
149
-205
-558
-713
-785
-1002
-1232
-1350
-1603
-2013
-2200
-2280
-2545
-2760
-2772
-2915
-3064
-3025
-3072
-3228
-3216
-2892
-2689
-2584
-2524
-2439
-2370
-2125
-1724
-1519
-1375
-1105
-839
-549
-165
28
-3
-60
87
419
773
1059
1051
852
579
631
832
1055
1149
1004
852
538
852
1565
2208
1782
1286
881
975
1833
2803
3139
2596
2105
1625
1457
1794
2413
2356
1817
1487
1185
830
643
454
283
308
502
282
-237
-668
-874
-845
-469
108
299
30
-368
-554
-519
-209
276
511
525
372
189
30
144
472
748
978
1105
1087
805
627
603
891
961
1056
1040
721
546
500
448
198
278
172
-147
-204
-233
-729
-1130
-1203
-1387
-1506
-1488
-1820
-2263
-2510
-2583
-2598
-2514
-2498
-2622
-2729
-2807
-2651
-2383
-2242
-2141
-2052
-2012
-1787
-1394
-1263
-1140
-904
-702
-396
-28
140
168
225
295
449
742
964
970
773
598
616
661
846
1020
903
596
430
549
850
1525
1509
1021
582
687
1051
1823
2608
2221
1752
1310
1022
1086
1620
1741
1328
1082
724
496
289
90
6
37
93
42
-168
-648
-918
-826
-559
-39
435
306
-152
-327
-323
-131
371
712
747
630
471
319
397
561
802
1037
1168
1128
943
694
636
804
1221
1438
1273
822
406
205
337
789
784
447
-50
-519
-834
-771
-681
-917
-1045
-1331
-1727
-1990
-2156
-2318
-2469
-2374
-2416
-2463
-2483
-2547
-2651
-2636
-2417
-2155
-1982
-1995
-1908
-1745
-1565
-1223
-869
-705
-585
-347
-135
140
427
577
655
673
713
913
1092
1162
1130
940
823
826
916
848
752
674
696
910
1277
1376
870
477
346
677
1247
1946
1841
1348
944
661
721
1070
1411
1151
803
617
387
243
69
-29
-140
-141
28
54
-194
-562
-716
-606
-185
313
529
344
21
-184
-225
90
540
784
742
568
398
358
516
681
876
964
983
960
814
672
584
543
621
786
873
684
239
-33
-257
-196
9
58
-127
-462
-822
-1235
-1237
-1058
-1040
-1215
-1363
-1728
-2061
-2161
-2148
-2013
-1879
-1748
-1797
-1896
-1930
-1952
-1811
-1553
-1239
-987
-909
-881
-824
-784
-539
-142
134
393
561
458
347
452
640
810
1044
1171
1055
763
518
447
523
754
774
720
472
228
239
371
688
756
553
224
206
314
486
994
970
742
630
520
233
337
612
495
458
433
187
-76
-234
-325
-199
31
127
116
-144
-393
-380
-244
-47
308
586
516
370
252
62
167
491
761
859
934
730
465
373
431
721
976
1024
882
707
436
315
350
438
594
571
376
112
-70
-260
-252
-130
-157
-190
-356
-756
-1036
-1147
-1150
-1082
-991
-1071
-1285
-1534
-1734
-1668
-1518
-1369
-1170
-1093
-1233
-1285
-1215
-1129
-850
-534
-315
-189
-120
-97
-114
-49
132
398
699
778
637
512
353
329
630
819
904
897
545
68
44
194
289
363
380
-9
-346
-291
-244
-300
-112
47
-263
-367
-383
-414
-247
231
320
299
384
129
-205
-16
293
286
432
484
168
43
161
136
249
339
238
190
199
253
291
274
312
552
698
675
692
611
442
418
580
682
744
698
395
229
297
489
557
618
517
376
182
128
216
224
188
121
-36
-216
-293
-293
-347
-373
-361
-473
-698
-846
-929
-990
-875
-850
-867
-948
-1091
-1245
-1217
-1048
-878
-688
-525
-465
-525
-470
-336
-227
-14
129
163
280
377
392
307
265
265
329
556
936
618
285
367
302
140
599
677
229
73
-85
-273
-8
59
-406
-375
-488
-726
-709
-439
-888
-855
-674
-698
-629
-381
-447
-590
-301
-205
48
231
328
259
416
533
606
761
795
751
737
832
885
967
964
827
789
847
906
894
889
819
750
642
562
561
444
334
302
273
198
187
70
-179
-254
-234
-278
-142
-138
-259
-366
-367
-384
-444
-377
-388
-467
-563
-534
-593
-678
-698
-641
-757
-784
-760
-874
-855
-788
-867
-826
-610
-668
-767
-602
-387
-380
-267
-96
146
146
94
183
265
323
406
563
662
906
666
597
533
341
407
537
692
400
820
446
-385
21
282
64
84
473
-577
-349
-225
-706
-349
-224
-503
-876
-424
-800
-783
-784
-786
-920
-535
-806
-621
-435
-791
-574
-106
-147
-135
343
80
221
497
674
720
1062
1093
1010
1192
1429
1304
1476
1565
1391
1447
1436
1282
1173
1256
1136
1003
909
729
593
417
250
67
-38
-120
-375
-452
-578
-705
-730
-798
-808
-914
-922
-977
-976
-903
-928
-819
-908
-831
-742
-702
-668
-614
-589
-716
-654
-422
-541
-461
-305
-642
-515
-8
-300
-315
284
-78
-359
55
409
25
418
416
487
339
313
448
661
526
724
936
302
189
229
573
-50
329
417
361
-484
-132
-39
-400
-203
-254
12
-761
-496
-865
-561
-940
-405
-653
-965
-615
-902
-867
-857
-494
-884
-417
-483
-704
-462
-216
-326
-335
232
86
290
334
364
538
925
899
826
1295
1259
1193
1213
1447
1442
1363
1425
1539
1313
1225
1388
1236
1142
1127
999
778
661
511
342
171
161
7
-265
-181
-481
-787
-719
-692
-787
-722
-857
-896
-1065
-997
-1033
-942
-767
-722
-600
-778
-728
-692
-658
-680
-314
-425
-557
-18
-528
-334
-115
-113
-205
164
-7
96
407
111
305
84
663
301
295
204
599
17
325
378
596
-62
274
419
-195
-164
198
-22
-458
181
-302
-422
-602
-107
-799
-556
-331
-536
-908
-622
-347
-922
-833
-526
-532
-1124
-559
-343
-1059
-856
-55
-710
-807
49
-57
-918
64
222
-287
243
860
120
373
1024
454
681
1038
1148
948
1272
1060
1362
1094
1027
1180
1427
1119
1018
1327
1071
951
1042
781
621
867
640
275
466
421
115
141
-12
-276
-129
-262
-498
-361
-214
-644
-596
-383
-516
-605
-518
-271
-701
-133
-446
-335
-432
-156
-166
-430
114
-312
-1
-360
54
-364
209
-128
-228
161
27
-274
-26
89
-97
163
206
-292
-203
241
-422
-350
113
182
-575
-257
-216
-437
-864
-240
-610
-507
-503
-409
-997
-653
-431
-1030
-765
-449
-716
-991
-528
-872
-762
-830
-457
-698
-581
-501
-373
-926
-473
-176
-581
-281
-37
-34
-472
371
196
-68
604
647
233
604
964
596
689
892
1232
858
991
1216
1294
937
1202
1333
903
1263
1009
1429
636
1374
960
711
772
936
590
474
691
524
257
147
396
-158
0
63
-22
-288
-43
-243
-31
-482
-88
-222
-608
-99
-109
-342
-211
43
-300
-449
132
-141
-213
-119
81
-281
-23
-171
-318
76
104
-276
147
7
-96
-471
359
-296
-349
27
-116
-992
30
-90
-876
-181
-358
-509
-1257
353
-836
-975
-351
-170
-1679
-280
-319
-1151
-414
-663
-537
-1112
-325
-687
-1179
-114
-629
-917
-206
-394
-1122
178
-842
-459
-146
-310
-269
-342
-76
-526
48
18
93
-151
612
-238
444
412
75
806
558
507
657
1062
507
744
785
1308
542
1164
1146
565
927
785
976
419
1110
715
422
642
1056
60
501
1055
110
257
547
590
-225
572
223
272
147
324
95
-24
72
-158
471
-446
476
257
-12
-207
349
-258
-63
332
-61
-290
220
48
-233
116
142
-294
-184
45
-117
-222
-186
0
-606
-66
-377
-305
-329
-352
-710
-51
-361
-748
-86
-500
-986
-663
-182
-978
-337
-517
-797
-916
-38
-1007
-653
162
-972
-462
-513
-301
-1042
50
-618
-533
-388
-472
-451
-219
-220
-828
-22
112
-697
-239
197
-415
-660
564
-248
-122
497
-34
-53
268
412
-409
1213
297
215
777
949
98
646
748
397
462
1035
296
966
423
711
199
1206
413
428
1219
306
374
508
1003
-154
875
350
232
272
658
-116
288
689
-130
19
429
168
-209
137
331
-295
302
-120
211
-376
186
-173
53
73
-303
-19
-23
-326
-313
105
-277
-453
-209
-358
-338
-210
-320
-364
-506
-104
-795
-444
-292
-450
-655
-47
-367
-704
-474
-294
-663
-540
222
-601
-257
-41
-785
-355
34
-333
-696
690
-611
-64
149
-111
-628
302
186
-845
463
327
-525
-266
350
-731
33
-8
-47
-545
425
-416
-56
-18
16
-308
22
286
-519
613
-115
116
210
241
278
319
675
12
803
91
695
257
783
523
36
902
333
541
653
867
157
573
802
325
469
797
618
239
598
781
-122
880
62
560
194
543
156
397
123
94
277
-79
197
-15
107
211
-543
161
-230
-189
-321
-269
-454
-295
-240
-946
106
-713
-556
-884
274
-1005
-549
-376
-500
-1158
-209
-694
-757
-306
-226
-1055
-324
-233
-911
-698
-89
-385
-833
-4
-442
-685
-467
-187
-578
-34
-19
-244
-204
284
-562
-336
227
-64
-632
352
-11
-389
-180
295
-569
-209
260
-15
-479
432
-180
-371
-234
205
-417
138
307
-106
174
127
477
-126
510
294
635
414
621
546
475
614
437
482
775
668
760
635
863
631
776
802
703
803
1009
671
928
856
561
457
823
634
230
933
602
416
248
825
56
124
652
279
-254
285
497
-566
-155
349
-467
-737
504
-342
-853
117
-248
-909
-562
90
-875
-519
-331
-458
-860
-142
-411
-1182
-13
-675
-784
-585
-1
-805
-477
-602
-306
-665
-570
-484
-291
-275
-497
-366
-429
-386
-435
-388
-531
284
-314
-879
-73
144
-785
-548
84
-356
-520
-177
-418
-90
-569
-148
-608
-405
-461
-240
-862
-228
-53
-531
-520
23
-285
-355
14
-182
26
168
112
-260
581
43
252
25
776
426
628
395
902
606
712
807
791
946
1092
873
510
1253
1052
629
634
1433
769
720
778
972
712
739
672
677
603
859
358
135
680
231
118
-207
379
159
-55
-223
92
-79
-233
-426
-328
68
-410
-374
-382
-139
-351
-278
-816
-132
-311
-282
-563
-161
-157
-303
-494
-342
-33
-274
-5
-427
350
-165
-44
-652
240
-160
-42
-196
-270
100
-161
-243
-602
372
-347
-193
-568
236
-265
-435
-430
-498
-122
-518
-403
-684
9
-597
-532
-916
-396
-454
-741
-975
-591
-233
-937
-763
-563
-406
-769
-424
-809
-146
-365
-381
-471
-13
107
-183
54
121
328
44
571
234
623
536
535
603
484
937
709
830
574
1186
730
909
841
868
1069
737
823
578
1053
525
683
602
740
406
388
285
83
284
104
-17
23
67
-137
-194
-159
-439
-200
-104
-538
-544
-68
-340
-539
-244
-432
-459
-165
-262
-501
145
102
-361
38
34
59
-48
256
-37
538
375
70
224
228
141
59
352
201
421
30
232
77
267
102
225
155
31
134
141
-48
-189
-6
-123
-188
-311
-411
-220
-405
-608
-611
-408
-472
-936
-581
-680
-771
-817
-688
-781
-846
-558
-888
-738
-687
-293
-697
-344
-456
-400
-380
-113
96
-76
146
48
329
159
316
393
686
501
516
629
743
706
775
569
837
831
864
640
950
737
461
452
604
296
371
482
285
289
112
259
104
-33
-382
32
-150
-276
-353
-398
-210
-421
-568
-505
-256
-553
-553
-294
-434
-410
-324
-347
-531
-162
-308
-61
-86
48
-244
57
211
-60
7
335
457
-30
244
303
431
186
246
530
602
370
403
521
207
320
406
256
297
524
102
-59
231
19
-293
-90
45
-348
-250
-408
-272
-322
-377
-624
-430
-417
-761
-681
-436
-502
-446
-555
-645
-517
-484
-610
-497
-282
-458
-276
-259
-197
-364
98
-92
-50
164
186
321
254
254
363
509
486
561
499
813
655
472
683
773
794
669
562
538
672
408
383
633
545
239
200
212
67
78
134
-49
46
-49
-240
-279
-247
-339
-593
-262
-280
-555
-348
-396
-560
-501
-418
-495
-304
-353
-293
-314
-311
-159
-187
-133
-20
-8
-107
58
40
157
196
165
150
208
226
215
211
288
230
336
351
130
278
369
54
165
224
106
151
-14
-43
-40
-75
-162
-99
-66
-83
-322
-407
-239
-333
-416
-441
-310
-427
-650
-424
-537
-432
-472
-579
-500
-411
-458
-375
-318
-251
-190
-233
-209
-18
73
-25
272
200
202
333
377
143
432
524
320
517
761
536
515
642
442
565
598
676
593
610
451
386
454
312
377
387
264
182
280
34
-23
178
-135
-283
-84
-199
-391
-314
-307
-438
-331
-229
-480
-384
-363
-516
-381
-286
-345
-246
-195
-366
-195
-160
-128
-44
63
66
-54
47
66
52
33
180
183
345
283
104
270
382
192
182
336
324
185
190
109
227
274
52
-9
208
177
-59
-72
4
20
-23
-180
-258
-149
-181
-365
-418
-217
-360
-454
-536
-488
-482
-447
-520
-643
-402
-421
-517
-472
-415
-249
-272
-379
-307
2
-190
-214
-103
126
104
99
38
152
378
159
131
377
427
345
387
315
418
458
395
334
514
574
566
353
313
526
373
268
239
329
342
167
-6
109
241
55
-146
-105
67
-117
-257
-199
-96
-187
-166
-326
-194
-126
-295
-316
-139
-231
-108
-75
-256
-127
16
-47
-91
16
171
151
3
118
174
168
173
206
225
226
295
236
210
179
128
246
131
146
248
267
118
113
80
95
103
88
-25
-7
139
39
-15
13
-110
-156
-149
-257
-222
-171
-261
-368
-303
-401
-427
-331
-298
-404
-391
-392
-352
-379
-409
-409
-285
-231
-301
-346
-180
-186
-182
-172
-73
-3
39
20
-34
53
130
135
80
120
91
189
140
165
243
357
167
190
150
181
82
177
73
159
125
7
-9
12
87
6
11
-47
-60
-106
-101
-60
-30
-67
-68
-86
-66
-67
-112
-8
-25
-106
-48
-34
-21
-69
10
-8
92
120
154
128
172
143
200
220
211
288
258
301
291
257
284
301
283
327
264
244
196
280
174
180
321
177
117
247
180
95
110
62
-42
-46
6
-69
-111
-117
-92
-115
-86
-116
-61
-121
-203
-124
-171
-90
-203
-194
-224
-206
-324
-293
-157
-229
-196
-313
-286
-253
-287
-249
-85
-173
-213
-152
-218
-233
-136
-124
-182
-157
-54
-73
-97
-29
32
-25
0
35
-26
49
67
-10
63
-4
-18
52
27
-61
-14
7
-24
-68
-63
-21
-64
-53
-101
-48
-42
-52
-77
-24
-13
-61
-58
-14
-22
42
35
38
124
133
94
139
220
204
182
220
252
240
204
245
234
287
251
239
226
196
227
192
126
124
163
95
60
140
95
21
84
50
2
-7
67
2
-11
44
36
14
80
40
11
47
14
18
-6
14
-38
-25
-70
-82
-111
-77
-103
-130
-88
-101
-117
-134
-178
-146
-133
-153
-154
-100
-111
-90
-151
-77
-79
-113
-84
-86
-92
-28
-88
-120
-112
-30
-68
-98
-7
-33
25
-33
-17
20
12
-43
-31
68
90
-24
-46
53
39
-42
-10
-14
-26
-62
-94
-83
13
-27
-10
-37
-3
55
-50
-83
-16
-32
-20
21
-2
64
-2
62
56
77
95
112
19
92
135
68
60
133
94
34
88
85
62
81
38
91
125
48
4
55
30
-23
-21
35
41
-18
-39
-44
-48
-37
-49
-27
18
-71
-51
-92
-68
-9
-15
-41
-8
-58
-47
12
89
70
45
-10
3
-39
-26
-3
0
4
-27
-13
-20
13
-26
-53
-51
-26
-15
-36
-61
-25
-78
-96
-104
-28
-37
-89
-91
-57
-88
-77
-17
58
73
81
35
40
66
2
59
13
59
83
35
62
46
35
55
67
27
45
83
50
31
27
74
36
51
141
144
76
121
71
61
48
106
121
131
53
97
61
59
88
86
95
37
-12
-79
13
-11
-43
-61
-113
-89
-48
-37
-4
-20
-17
-140
-85
-62
-93
-81
-106
-125
-143
-160
-87
-71
-31
-54
-46
-24
-54
-84
-25
-11
20
32
9
-22
-62
-20
-44
-22
20
8
-54
-12
-56
-70
-54
-31
-75
-36
2
4
-74
-106
-53
-91
-110
-58
-76
-97
-93
-122
-140
-135
-103
-135
-133
-81
-59
-127
-135
-112
-139
-91
-75
-36
-9
-14
-23
10
19
7
46
58
123
110
152
103
187
213
198
153
171
178
163
191
151
209
190
187
213
228
254
163
176
161
146
206
204
161
233
163
123
152
138
145
84
105
111
182
116
112
133
102
62
59
27
-17
26
-24
-83
-79
7
-34
-103
-77
-61
-83
-100
-69
-74
-26
-92
-153
-178
-131
-153
-116
-59
-86
-38
-111
-92
-89
-103
-107
-70
-89
-116
-158
-161
-182
-192
-150
-128
-154
-203
-186
-213
-239
-241
-234
-240
-252
-252
-215
-232
-280
-258
-180
-227
-287
-261
-268
-228
-198
-194
-180
-137
-70
-84
-84
0
21
-4
-22
0
53
33
-1
73
85
132
133
166
249
209
221
241
318
304
318
335
340
359
321
346
350
359
355
308
332
338
304
301
305
319
273
253
240
273
312
269
221
168
161
112
100
97
67
63
51
0
-21
-31
6
24
-78
-16
-23
-72
-113
-108
-134
-151
-194
-177
-104
-131
-142
-202
-174
-147
-168
-166
-148
-159
-149
-164
-120
-80
-93
-144
-173
-102
-140
-136
-135
-140
-106
-65
-98
-72
-67
-151
-135
-161
-154
-156
-117
-198
-216
-171
-191
-197
-132
-116
-198
-192
-185
-196
-195
-143
-130
-107
-78
-57
-30
-28
-61
-30
15
-6
38
66
31
67
123
63
85
93
98
80
99
149
135
143
156
129
146
158
98
112
163
137
123
134
97
103
96
112
136
115
97
122
101
133
145
133
105
135
128
54
54
52
30
-10
-9
-4
12
-41
-60
-51
-42
25
21
3
-14
-40
-56
-5
20
29
39
4
0
-9
61
73
58
70
76
45
44
75
86
67
82
83
66
59
79
53
57
56
-16
-20
15
38
50
21
-32
-10
-68
-98
-58
-37
-92
-130
-96
-65
-140
-102
-83
-166
-140
-140
-166
-135
-108
-149
-122
-142
-124
-132
-130
-96
-107
-109
-154
-123
-120
-115
-103
-34
-10
-31
-1
12
-3
58
43
41
64
84
56
1
76
94
84
74
40
-16
7
-9
43
75
91
52
40
30
12
45
61
33
62
109
62
72
58
54
91
50
31
71
55
37
60
36
7
16
21
-1
29
22
-35
-71
-44
-49
-51
-28
-21
-3
-50
-60
-8
2
-10
-16
-16
24
-10
1
28
4
8
25
31
-5
1
-56
-59
-59
-87
-80
-82
-57
-129
-115
-127
-144
-108
-129
-110
-126
-135
-130
-114
-96
-95
-79
-87
-110
-62
-13
9
17
67
77
53
120
112
81
94
94
82
69
98
155
137
141
181
170
139
179
180
152
169
139
163
191
142
131
150
151
106
108
110
93
70
28
57
48
43
52
30
22
0
19
-1
-9
-30
-30
-47
-89
-61
-57
-85
-55
-63
-94
-77
-66
-100
-82
-72
-83
-109
-106
-84
-70
-73
-89
-87
-60
-73
-46
-10
-3
-19
-45
-11
10
26
-14
-10
5
-42
-67
-9
4
-19
-15
6
0
-16
-68
-33
-18
-58
-59
-61
-69
-64
-65
-69
-64
-70
-65
-69
-59
-46
-69
-89
-97
-128
-105
-116
-111
-80
-115
-94
-79
-77
-71
-38
-34
-33
-50
-44
-34
-73
-22
-21
10
-3
38
65
73
96
111
95
125
148
82
107
125
113
108
118
134
126
112
139
148
142
146
139
152
111
128
146
107
111
100
103
71
74
41
49
56
23
32
53
63
58
58
45
35
22
-8
-11
29
-15
-35
-14
-4
-27
-5
-5
8
13
-4
6
36
69
41
20
49
62
26
-2
1
-17
-67
-62
-56
-33
-27
-29
-39
-46
-71
-99
-106
-102
-95
-133
-176
-172
-166
-157
-164
-158
-158
-169
-165
-153
-149
-137
-141
-174
-170
-152
-138
-116
-130
-115
-102
-116
-89
-74
-40
-47
-39
-34
-24
-4
2
5
29
49
24
23
47
46
50
97
96
110
119
118
126
134
141
148
109
125
131
90
105
107
119
97
81
90
94
99
118
99
101
83
71
48
46
68
89
76
61
55
28
37
10
17
9
-15
-34
-25
14
22
36
21
9
5
24
30
38
43
30
22
24
0
14
26
16
8
12
-7
-17
-15
-26
1
26
4
-18
-20
-22
-2
-4
-14
-40
-39
-31
-38
-21
-17
-47
-52
-84
-74
-62
-88
-54
-59
-58
-50
-55
-65
-60
-43
-44
-52
-39
-57
-79
-64
-77
-86
-94
-86
-73
-89
-75
-79
-84
-73
-63
-55
-17
-18
-5
-6
-27
-15
-13
-6
11
40
25
27
31
50
57
42
34
40
40
35
17
19
37
30
21
33
65
68
51
59
46
34
37
24
59
63
32
38
48
20
16
4
-21
-8
0
-14
-1
26
25
17
23
28
15
8
28
37
2
-2
-9
-15
-10
5
16
33
28
40
33
37
56
50
56
59
43
27
17
11
25
30
19
7
15
21
0
-13
-17
-38
-21
-38
-49
-26
-60
-60
-40
-30
-11
-31
-34
-32
-39
-29
-51
-34
-38
-32
-29
-29
-48
-46
-37
-47
-27
-19
-1
-8
-21
-13
-4
-11
-10
-2
6
1
9
11
0
1
-13
-14
5
-8
3
25
24
29
35
21
36
25
21
33
17
29
34
43
30
12
19
2
-6
-15
-1
22
5
-10
-1
-14
-13
5
-14
-11
-21
-17
-12
-13
8
-7
-45
-39
-14
-16
0
-13
-11
-3
-15
-5
-5
-14
16
9
9
0
23
25
0
13
-4
-4
-18
1
-4
-3
11
9
25
9
12
-4
-9
-16
-27
-14
-13
-6
-14
-12
0
-10
-9
2
8
1
-11
-13
-6
-7
-1
-13
-15
3
2
8
2
-17
-15
-20
-39
-10
-7
-35
-23
-11
3
6
7
11
5
-1
0
3
24
38
19
31
17
4
11
17
26
21
15
6
13
11
23
31
32
30
20
26
18
44
46
33
22
18
4
5
18
29
25
28
16
7
16
11
12
11
-7
-8
-5
-12
-1
10
14
20
17
4
2
-14
1
2
9
15
-3
6
8
-5
-14
-3
-19
-35
-32
-26
-6
3
0
17
21
10
11
19
5
20
9
11
5
-5
-6
0
-1
3
4
-11
-11
-11
-11
-23
-38
-38
-40
-60
-60
-59
-62
-59
-67
-70
-59
-57
-59
-60
-59
-44
-52
-60
-50
-44
-41
-54
-32
-38
-42
-34
-23
-6
-6
1
3
-1
4
-3
-3
-5
8
1
6
10
1
-1
7
11
17
33
24
38
53
51
46
45
43
38
52
44
51
71
55
56
38
37
42
43
29
25
28
22
29
42
28
29
28
24
40
35
37
18
15
12
10
9
9
8
15
14
-2
7
8
-3
8
17
23
26
14
14
21
21
19
8
11
5
6
8
0
1
-8
-3
7
12
6
1
0
-8
-10
-6
-17
-32
-30
-16
-22
-29
-34
-33
-37
-28
-30
-36
-22
-27
-41
-49
-48
-46
-37
-49
-38
-27
-21
-27
-27
-22
-14
-17
-29
-30
-25
-19
-30
-14
-15
-12
-8
-18
-18
-12
-19
-29
-13
-14
-10
-28
-27
-13
-18
-17
-21
-11
-11
-14
-14
-11
-3
5
-1
19
23
7
9
15
-3
0
6
6
7
22
27
15
10
15
27
36
43
40
43
27
33
39
36
40
37
44
47
53
56
56
70
64
48
49
53
50
44
30
37
34
23
19
25
39
28
15
13
20
18
11
4
-1
-16
-22
-19
-15
-22
-27
-38
-49
-33
-33
-30
-40
-38
-40
-30
-30
-18
-20
-38
-44
-52
-54
-36
-35
-59
-45
-44
-40
-55
-54
-55
-58
-52
-51
-36
-33
-26
-22
-15
5
-2
-24
-24
-23
-16
-14
-33
-17
-9
-21
-7
-2
3
5
1
13
14
-3
0
15
8
13
30
32
30
39
36
34
40
36
34
37
43
45
35
44
39
36
39
45
48
36
26
20
27
38
51
42
35
35
26
12
17
18
9
1
4
10
19
26
27
22
31
31
25
16
9
20
13
3
9
4
-2
-3
-4
-7
-6
-2
-12
-12
-22
-29
-19
-11
-13
-16
-7
-1
-10
-21
-15
-12
-17
-17
-18
-20
-30
-38
-41
-48
-43
-54
-57
-42
-45
-46
-39
-49
-42
-39
-55
-39
-29
-33
-41
-38
-34
-33
-24
-13
-6
-11
-26
-20
-7
-11
4
-7
-8
-1
-6
-5
1
6
5
4
-1
11
14
6
20
9
7
17
23
27
20
18
23
10
8
17
18
23
25
28
30
27
35
36
33
44
45
49
45
42
48
47
30
32
35
37
24
24
25
17
13
7
15
13
6
1
7
18
19
14
10
5
4
4
10
11
13
18
11
5
2
-2
-9
-3
-16
-13
-25
-27
-18
-11
-19
-28
-38
-39
-42
-38
-31
-35
-30
-33
-31
-27
-23
-26
-26
-25
-25
-20
-30
-24
-17
-22
-21
-23
-14
-15
-19
-22
-20
-16
-28
-30
-27
-17
-17
-20
-7
-4
-3
3
-2
-5
-3
-4
-1
5
10
4
-7
-1
13
12
24
29
22
23
34
28
33
39
37
33
32
30
28
20
21
25
17
17
11
11
14
16
13
19
11
13
12
-1
-3
-5
2
-6
-13
-7
-5
-2
1
3
-3
-3
5
4
2
-1
-6
-13
-16
-2
2
11
13
12
18
16
19
24
19
13
16
7
11
12
12
20
14
5
3
3
-6
-6
2
-2
4
6
6
6
1
-8
-15
-29
-27
-24
-22
-13
-17
-18
-6
-16
-26
-22
-26
-25
-33
-18
-24
-30
-25
-31
-28
-29
-27
-22
-28
-37
-34
-36
-38
-24
-16
-22
-18
-16
-11
-3
4
15
1
-5
-7
-5
7
9
15
11
13
8
10
28
26
24
17
13
18
24
21
30
32
17
18
24
25
30
33
35
33
26
32
39
30
30
23
15
15
13
11
13
23
12
5
7
9
12
12
11
6
0
-3
-8
-12
-10
-21
-22
-16
-12
-15
-17
-18
-12
-13
-10
-10
-18
-12
-15
-8
1
-9
-7
-16
-23
-19
-20
-21
-24
-16
-21
-18
-18
-20
-12
-6
-9
-13
-16
-17
-15
-11
-9
-2
-4
-8
-13
-3
-2
-3
-3
-3
4
4
7
8
15
5
5
2
1
15
13
5
13
15
0
6
11
9
1
1
13
1
1
12
17
24
25
12
10
5
-2
0
6
13
1
5
6
5
3
0
-2
-3
-4
-6
-7
1
4
-4
1
3
0
4
9
3
-2
4
8
11
12
19
17
10
14
14
17
17
4
-3
-9
-7
-4
-10
2
2
6
11
5
5
1
-6
1
6
2
5
5
1
-2
-3
-6
-11
-8
-5
-7
-3
-10
-19
-22
-16
-14
-8
-8
-15
-17
-10
-12
-16
-9
-15
-24
-32
-27
-24
-28
-21
-24
-15
-14
-10
-4
-9
-5
-12
-12
-4
-5
1
5
2
3
2
4
7
6
3
2
8
-3
0
7
6
12
10
7
12
9
11
12
10
12
6
9
21
22
22
22
25
22
15
23
19
19
17
13
18
15
9
6
8
6
3
4
5
2
-3
0
-5
-6
-9
-5
2
2
-3
-2
7
2
-1
-1
-3
0
-3
0
11
8
8
6
-1
0
-6
-4
-3
-5
-3
-3
-3
-4
-2
-2
3
1
3
-4
-7
-5
-11
-11
-8
-4
