-2
-4
-4
-1
-2
0
-3
0
-1
-2
1
-1
-2
-1
-4
-3
0
-1
1
1
-3
-2
2
-1
0
-1
-2
-2
-1
1
-1
-1
1
1
4
2
0
1
1
0
3
0
2
3
0
4
3
1
2
3
4
7
8
6
7
6
5
2
2
3
2
1
1
2
1
-1
-3
2
1
1
2
1
3
1
1
2
1
2
-1
0
1
-1
0
-2
-1
0
-1
0
-1
-1
-1
-1
-1
-3
-5
-5
-3
-3
-3
1
-1
-1
-3
-2
-2
-5
-4
-3
-4
-3
-3
-4
-1
-3
-2
-1
-1
0
-1
-1
-2
-2
-2
1
-1
-1
0
-2
-1
2
1
2
1
1
0
-2
-1
-3
-2
-2
-2
-2
0
2
2
1
1
-1
-1
1
1
0
0
-1
1
4
2
3
2
2
1
1
5
5
4
3
1
4
2
1
3
2
2
2
3
3
0
1
1
-2
3
2
2
2
2
0
0
0
-1
2
1
1
1
-1
0
2
1
1
0
1
-3
-2
0
0
-2
-1
-1
-3
-2
-2
0
-2
-4
-2
-2
-3
-1
0
1
0
3
-1
-1
0
0
2
2
2
0
-1
0
0
1
0
0
1
0
-3
-3
-3
-1
-4
-3
0
-5
-4
-3
-4
-3
-3
-4
-4
-2
-5
-1
-2
-3
-2
-4
-3
-2
-3
-2
-3
-3
-4
-3
0
1
2
3
1
2
0
1
1
1
1
2
0
2
3
0
3
-1
0
1
1
2
4
3
4
4
3
5
4
3
2
0
2
1
1
2
0
-1
-1
-2
0
2
1
1
3
0
1
5
5
2
4
1
0
-1
-3
-3
-3
-4
-5
-2
1
-1
1
1
1
0
-1
-2
0
-1
-4
1
0
0
-1
1
2
-1
0
-2
-1
1
0
-1
-1
1
-2
0
1
-1
2
2
0
-1
1
-1
-1
1
0
-1
-1
1
1
3
3
0
4
4
3
3
2
-1
4
4
4
4
0
2
2
0
3
2
0
1
0
3
5
4
2
1
2
1
0
0
3
0
-2
1
0
1
2
-1
-3
-5
-2
-5
-5
-3
-5
-7
-8
-5
-6
-8
-7
-7
-6
-7
-11
-8
-6
-10
-7
-7
-7
-7
-7
-7
-7
-4
-7
-7
-3
-5
-4
-1
-2
-5
-5
-5
-5
-3
-2
-3
-2
-2
-3
-4
-1
3
-1
2
2
0
2
2
5
2
0
5
2
5
3
5
8
6
6
7
7
8
8
8
10
10
8
10
12
10
12
10
9
9
9
10
11
7
6
6
10
11
10
9
8
9
10
11
14
12
8
7
8
7
8
10
8
6
3
4
4
6
4
2
-1
-4
-2
0
-3
-5
-7
-7
-9
-9
-10
-10
-10
-13
-14
-13
-15
-14
-16
-16
-17
-20
-19
-23
-19
-19
-20
-19
-19
-21
-20
-20
-20
-18
-21
-20
-19
-20
-18
-17
-15
-10
-10
-12
-9
-9
-9
-7
-5
-1
1
0
2
4
4
6
8
10
10
11
17
17
15
17
19
18
18
20
23
24
27
30
30
32
30
30
30
29
32
33
32
30
29
31
29
29
25
29
26
24
24
23
21
18
17
17
16
14
11
8
5
3
3
0
-3
-5
-7
-10
-13
-15
-21
-25
-31
-33
-34
-36
-36
-43
-44
-44
-50
-55
-58
-55
-58
-58
-59
-58
-61
-61
-59
-57
-55
-53
-52
-48
-47
-46
-43
-38
-34
-32
-26
-23
-22
-18
-14
-15
-10
-7
-3
2
7
11
13
15
18
22
25
28
31
35
38
42
45
46
52
56
56
60
62
62
68
70
71
74
71
67
65
68
68
71
74
75
73
72
71
72
73
70
73
70
72
74
74
80
78
75
71
68
64
61
58
54
50
38
30
14
4
-10
-23
-33
-42
-55
-62
-70
-81
-90
-100
-109
-120
-125
-130
-135
-140
-150
-153
-164
-168
-165
-165
-161
-162
-162
-162
-157
-152
-148
-138
-134
-125
-116
-108
-102
-92
-84
-78
-69
-62
-54
-47
-35
-27
-19
-11
-7
0
6
18
26
33
44
47
58
69
76
83
87
90
96
99
103
109
109
110
108
113
117
119
121
124
123
126
132
138
142
141
140
143
141
143
150
150
147
148
149
150
148
150
153
163
178
189
197
198
179
159
148
148
152
155
154
128
96
60
33
19
5
-16
-42
-66
-89
-109
-122
-146
-179
-206
-236
-245
-245
-251
-253
-268
-285
-303
-309
-312
-309
-308
-315
-320
-310
-300
-291
-276
-271
-265
-253
-244
-228
-207
-189
-175
-158
-140
-133
-117
-105
-97
-75
-62
-54
-51
-45
-29
-17
-6
17
36
42
57
68
77
79
83
95
96
103
115
117
118
119
114
120
115
117
120
124
133
145
161
167
173
172
172
176
180
191
205
217
227
233
241
244
241
254
255
258
269
267
266
269
259
258
258
262
260
249
253
253
257
285
308
294
248
211
185
183
200
209
191
143
69
0
-24
-43
-66
-101
-166
-213
-255
-283
-293
-321
-356
-417
-466
-477
-464
-447
-462
-481
-508
-532
-529
-516
-504
-499
-489
-488
-476
-450
-440
-425
-411
-383
-336
-312
-282
-256
-243
-227
-206
-180
-160
-151
-138
-113
-94
-69
-47
-36
-26
-29
-16
-1
23
47
66
79
78
80
85
104
115
142
160
162
172
182
201
211
210
217
224
223
226
248
256
260
271
286
294
293
308
319
327
347
367
387
408
415
410
412
416
418
427
423
429
430
407
400
397
391
394
386
369
353
354
354
371
402
431
404
327
263
209
221
260
279
266
206
97
-6
-60
-99
-114
-167
-263
-322
-364
-403
-435
-475
-536
-622
-676
-680
-655
-635
-652
-701
-739
-761
-773
-765
-741
-737
-738
-747
-746
-719
-693
-671
-644
-622
-586
-554
-519
-484
-441
-406
-387
-365
-347
-316
-304
-270
-206
-183
-152
-138
-128
-115
-98
-56
-36
9
50
66
106
136
154
186
226
248
282
307
318
347
374
398
412
410
410
419
445
466
483
506
516
536
562
588
610
629
618
624
642
657
682
685
684
675
666
652
652
650
628
611
601
588
580
568
549
496
448
424
387
367
388
398
435
487
491
435
338
267
225
232
294
324
277
209
47
-88
-166
-235
-275
-371
-488
-544
-611
-650
-695
-775
-880
-996
-1045
-1031
-1003
-969
-980
-1034
-1086
-1142
-1154
-1114
-1104
-1090
-1078
-1097
-1054
-1011
-982
-958
-947
-918
-893
-843
-770
-697
-648
-608
-584
-553
-512
-473
-419
-365
-330
-300
-254
-215
-150
-88
-49
-15
46
106
148
220
277
324
384
426
471
540
593
618
668
704
714
713
740
754
778
807
820
816
818
842
859
886
918
931
936
934
949
962
955
965
957
947
942
946
932
905
915
892
886
861
821
813
790
797
736
696
650
565
539
553
557
620
718
747
700
547
448
368
405
506
482
443
325
66
-104
-195
-284
-339
-518
-699
-815
-935
-969
-1073
-1206
-1358
-1565
-1655
-1671
-1636
-1581
-1602
-1700
-1753
-1816
-1839
-1805
-1809
-1793
-1795
-1808
-1740
-1677
-1655
-1613
-1613
-1576
-1533
-1455
-1339
-1248
-1171
-1089
-1020
-947
-854
-791
-714
-634
-529
-423
-340
-243
-145
-80
-2
89
198
308
394
536
635
727
815
908
1016
1057
1122
1166
1186
1255
1292
1336
1354
1349
1373
1355
1345
1395
1382
1428
1444
1467
1545
1558
1586
1552
1521
1491
1485
1548
1569
1571
1548
1480
1479
1488
1529
1507
1461
1413
1301
1246
1255
1222
1188
1109
1005
888
832
774
808
852
853
974
1029
986
839
651
434
343
425
491
451
330
34
-351
-633
-843
-963
-1119
-1356
-1551
-1735
-1881
-1976
-2149
-2381
-2620
-2804
-2899
-2861
-2754
-2728
-2823
-2905
-2953
-2964
-2942
-2938
-2904
-2890
-2845
-2744
-2663
-2547
-2475
-2450
-2403
-2341
-2135
-1947
-1744
-1572
-1469
-1347
-1222
-1123
-963
-809
-696
-496
-354
-167
24
163
238
370
528
698
867
999
1127
1243
1357
1508
1608
1718
1815
1831
1892
1938
1988
2032
2057
2049
2047
2012
2009
2055
2074
2067
2041
2054
2050
2078
2097
2090
2100
2152
2153
2150
2267
2248
2224
2202
2103
2096
2108
2108
2090
2028
1903
1763
1596
1558
1585
1523
1478
1387
1262
1117
959
975
1017
994
1115
1198
1166
914
619
437
284
363
440
287
147
-131
-550
-868
-1174
-1429
-1689
-2010
-2227
-2400
-2543
-2679
-2879
-3105
-3378
-3576
-3660
-3601
-3465
-3325
-3272
-3332
-3360
-3386
-3397
-3301
-3240
-3158
-3061
-2952
-2822
-2726
-2659
-2598
-2538
-2475
-2327
-2100
-1904
-1738
-1554
-1390
-1257
-1126
-991
-840
-665
-450
-229
-26
193
354
511
656
805
980
1124
1244
1425
1582
1752
1875
1923
1983
1969
2020
2123
2204
2284
2335
2302
2266
2227
2205
2233
2212
2193
2172
2200
2208
2234
2291
2302
2327
2349
2367
2374
2394
2392
2329
2274
2219
2190
2202
2215
2217
2185
2061
1866
1764
1699
1678
1688
1609
1477
1290
1129
1001
911
826
767
840
902
1044
1192
1003
692
429
113
33
147
171
118
-52
-458
-874
-1249
-1529
-1701
-1954
-2220
-2462
-2664
-2841
-3020
-3244
-3524
-3748
-3894
-3848
-3740
-3578
-3465
-3511
-3586
-3683
-3680
-3593
-3480
-3384
-3209
-3046
-2940
-2782
-2758
-2729
-2671
-2577
-2356
-2147
-1952
-1752
-1639
-1522
-1358
-1233
-1095
-953
-849
-690
-445
-230
-8
202
309
492
640
835
1027
1213
1414
1605
1791
1905
1953
2023
2124
2187
2298
2404
2485
2446
2412
2404
2385
2380
2362
2383
2410
2438
2470
2508
2597
2627
2640
2668
2696
2733
2724
2705
2638
2635
2577
2497
2542
2521
2460
2388
2287
2136
2033
1986
1964
1950
1885
1780
1671
1519
1445
1382
1222
1211
1122
1264
1485
1668
1769
1423
1103
840
582
696
864
627
413
-130
-790
-1210
-1698
-2144
-2630
-3314
-3903
-4387
-4709
-4822
-5146
-5376
-5696
-5894
-5838
-5595
-5130
-4659
-4306
-4005
-3639
-3223
-2680
-2187
-1779
-1460
-1273
-1031
-766
-697
-611
-609
-769
-840
-894
-984
-1026
-1122
-1281
-1395
-1509
-1547
-1572
-1558
-1472
-1325
-1142
-988
-771
-608
-456
-209
89
315
609
983
1253
1498
1831
2122
2335
2472
2713
2908
2971
3122
3213
3202
3170
3130
2999
2856
2807
2698
2605
2492
2384
2227
2079
2083
2124
2179
2229
2326
2336
2367
2345
2312
2407
2475
2615
2714
2755
2774
2681
2614
2557
2412
2382
2229
2019
1922
1671
1373
1195
931
700
566
353
215
115
129
351
560
723
612
268
41
-96
-51
178
168
-1
-385
-1075
-1589
-2025
-2481
-2963
-3565
-4237
-4780
-5220
-5378
-5545
-5808
-5946
-6047
-5942
-5552
-4980
-4415
-3910
-3547
-3025
-2525
-2013
-1442
-1053
-791
-600
-437
-406
-368
-416
-547
-749
-852
-972
-1069
-1140
-1221
-1399
-1535
-1539
-1535
-1417
-1319
-1104
-933
-804
-601
-337
-158
33
204
409
679
953
1360
1735
2105
2435
2651
2880
3153
3392
3652
3817
3935
3968
3909
3794
3674
3479
3197
2932
2683
2437
2225
2037
1923
1801
1747
1743
1728
1760
1846
2011
2222
2454
2607
2741
2777
2734
2837
2889
2832
2829
2631
2315
2049
1833
1640
1397
1224
966
646
449
255
116
146
279
535
843
868
798
562
292
288
449
517
367
159
-388
-1066
-1569
-2032
-2662
-3270
-3935
-4640
-5095
-5370
-5422
-5697
-5914
-6100
-6229
-6042
-5626
-5040
-4501
-4043
-3623
-3189
-2826
-2297
-1821
-1509
-1325
-1211
-1049
-1026
-862
-770
-852
-1002
-1043
-1209
-1371
-1371
-1398
-1466
-1555
-1539
-1597
-1520
-1424
-1273
-1118
-993
-835
-592
-373
-185
144
445
739
1115
1577
1953
2374
2796
3153
3483
3788
4021
4167
4324
4416
4482
4412
4242
4012
3711
3403
3103
2834
2512
2214
1983
1868
1764
1776
1828
1864
1952
2063
2211
2415
2678
2827
2988
3052
3085
3071
3038
3035
2842
2633
2390
2090
1854
1665
1498
1278
1024
758
445
198
172
167
277
648
864
855
700
460
184
72
196
263
1
-232
-835
-1588
-2061
-2593
-3155
-3720
-4406
-5131
-5624
-5901
-5943
-6064
-6149
-6347
-6430
-6215
-5735
-5075
-4518
-4071
-3705
-3278
-2855
-2229
-1630
-1179
-1047
-1083
-1045
-1046
-873
-669
-670
-882
-981
-1156
-1262
-1166
-1125
-1203
-1359
-1409
-1515
-1428
-1311
-1157
-1114
-1023
-833
-690
-372
-22
375
686
993
1425
1850
2206
2722
3161
3534
3898
4138
4351
4469
4570
4621
4585
4460
4273
3965
3579
3251
2956
2627
2344
2043
1832
1670
1591
1675
1708
1779
1879
2012
2144
2384
2674
2894
3045
3121
3125
3063
3067
2964
2819
2637
2390
2055
1855
1657
1344
1159
1016
655
368
311
214
338
680
918
999
807
622
393
240
416
563
322
65
-494
-1318
-1889
-2434
-2939
-3496
-4140
-4831
-5468
-5885
-5934
-6122
-6260
-6354
-6533
-6463
-6131
-5533
-4968
-4442
-4054
-3581
-3321
-2756
-2122
-1677
-1283
-1144
-1039
-1010
-780
-620
-471
-547
-670
-822
-902
-905
-928
-997
-1167
-1381
-1548
-1513
-1522
-1427
-1402
-1417
-1379
-1223
-978
-645
-300
21
423
882
1443
1962
2477
2883
3249
3631
4042
4468
4698
4794
4760
4678
4595
4454
4324
4047
3665
3280
2926
2595
2353
2133
1928
1809
1824
1917
2038
2179
2286
2366
2430
2586
2852
3127
3198
3254
3226
3025
2957
2930
2733
2588
2284
1885
1600
1448
1302
1111
888
618
205
20
154
390
761
991
748
458
119
-35
183
437
368
91
-422
-1255
-1752
-2139
-2538
-3096
-3806
-4595
-5334
-5736
-5755
-5924
-6196
-6377
-6718
-6644
-6322
-5605
-4987
-4556
-4180
-3837
-3453
-2815
-2088
-1633
-1233
-1103
-978
-884
-683
-409
-304
-414
-445
-552
-692
-566
-667
-781
-976
-1197
-1377
-1461
-1445
-1471
-1472
-1498
-1572
-1527
-1267
-1056
-770
-421
-91
342
924
1479
1987
2490
2902
3314
3738
4173
4506
4665
4792
4772
4639
4540
4384
4095
3726
3334
3000
2710
2462
2268
2035
1747
1620
1616
1683
1865
2107
2243
2307
2428
2658
2855
3087
3272
3295
3226
3189
3093
2924
2859
2605
2310
1992
1808
1530
1313
1066
791
486
224
161
298
595
812
859
559
315
51
11
295
407
273
44
-830
-1547
-1958
-2444
-2861
-3359
-4042
-4933
-5576
-5859
-5880
-6124
-6199
-6452
-6660
-6490
-5947
-5198
-4637
-4148
-3871
-3608
-3205
-2409
-1822
-1299
-1038
-1008
-980
-828
-526
-296
-170
-303
-363
-496
-456
-327
-361
-525
-819
-1136
-1330
-1414
-1423
-1350
-1527
-1671
-1720
-1598
-1406
-1183
-840
-503
-106
379
1049
1588
2142
2603
3019
3446
3854
4290
4574
4725
4749
4653
4527
4412
4169
3888
3482
3075
2741
2456
2271
2059
1857
1588
1518
1547
1640
1868
2027
2121
2127
2249
2498
2699
2912
2994
2951
2845
2773
2717
2719
2706
2546
2260
1997
1765
1535
1352
1157
904
536
325
338
655
967
1034
852
554
121
17
346
617
624
477
-237
-1126
-1571
-1994
-2421
-2894
-3509
-4464
-5379
-5766
-5844
-6059
-6031
-6269
-6601
-6578
-6251
-5449
-4810
-4278
-3870
-3650
-3359
-2682
-1964
-1410
-1068
-948
-941
-947
-633
-315
-173
-210
-224
-350
-362
-123
-18
-112
-384
-663
-962
-1124
-1199
-1169
-1320
-1521
-1616
-1611
-1528
-1361
-1039
-883
-590
-95
521
1054
1695
2251
2692
3171
3563
4056
4296
4486
4540
4459
4370
4303
4180
3931
3605
3146
2728
2379
2157
1963
1774
1555
1403
1300
1319
1477
1576
1711
1743
1819
1950
2127
2356
2483
2491
2443
2374
2362
2444
2449
2462
2275
2051
1857
1726
1630
1568
1270
987
736
641
913
1200
1261
1078
700
208
226
492
793
829
656
-152
-996
-1449
-1868
-2269
-2703
-3348
-4343
-5126
-5490
-5509
-5684
-5701
-5945
-6274
-6276
-5841
-5110
-4532
-3986
-3687
-3518
-3208
-2514
-1872
-1300
-922
-878
-953
-950
-631
-344
-135
-107
-182
-333
-367
-209
-52
-141
-372
-687
-980
-1112
-1217
-1151
-1339
-1629
-1803
-1919
-1804
-1610
-1342
-1126
-864
-466
99
770
1433
2018
2414
2792
3233
3692
3999
4234
4322
4274
4132
4029
3971
3866
3600
3227
2860
2555
2312
2142
2032
1852
1682
1537
1465
1540
1663
1721
1707
1670
1680
1803
2016
2254
2345
2222
2162
2115
2175
2282
2419
2317
2189
2064
1840
1797
1623
1399
1155
882
809
1060
1311
1358
1253
766
363
236
521
755
805
734
-115
-967
-1400
-1796
-2119
-2506
-3172
-4067
-4960
-5260
-5306
-5392
-5329
-5683
-6060
-6089
-5717
-5080
-4410
-3917
-3658
-3640
-3449
-2882
-2245
-1642
-1297
-1198
-1291
-1313
-1003
-569
-323
-154
-228
-353
-308
-113
151
266
97
-282
-632
-876
-997
-1008
-1074
-1374
-1687
-1883
-1870
-1724
-1421
-1209
-939
-569
-194
375
1008
1660
2086
2516
2866
3162
3522
3803
4017
4057
3930
3758
3679
3584
3502
3351
3046
2759
2504
2348
2257
2166
2020
1878
1681
1647
1695
1691
1686
1586
1514
1458
1581
1801
1967
2008
1977
1896
1853
1950
2149
2284
2332
2264
2144
2055
1926
1802
1624
1378
1280
1350
1557
1483
1365
1086
614
495
664
864
891
847
176
-599
-1191
-1623
-2034
-2402
-2930
-3804
-4636
-5106
-5260
-5366
-5309
-5556
-5758
-5954
-5694
-5144
-4510
-3918
-3620
-3532
-3478
-3096
-2565
-1948
-1612
-1397
-1500
-1555
-1329
-933
-609
-283
-186
-337
-315
-134
199
357
411
117
-300
-662
-928
-975
-1024
-1198
-1503
-1723
-1908
-1861
-1618
-1264
-946
-635
-270
105
610
1204
1728
2149
2589
2814
3030
3321
3569
3711
3765
3695
3547
3480
3410
3389
3290
3138
2929
2732
2565
2445
2340
2203
2042
1895
1751
1579
1485
1456
1339
1245
1251
1281
1390
1486
1601
1666
1739
1791
1908
1988
2031
2074
2027
1961
1819
1672
1444
1261
1083
1124
1305
1425
1365
1216
868
649
707
823
947
1016
686
-88
-639
-1132
-1544
-1971
-2352
-3067
-3919
-4536
-4829
-5037
-5021
-5055
-5359
-5489
-5495
-5128
-4656
-4134
-3724
-3554
-3568
-3411
-3150
-2678
-2280
-1977
-1761
-1827
-1722
-1392
-1002
-609
-222
-74
-99
-24
264
525
704
774
501
83
-293
-476
-590
-734
-891
-1110
-1373
-1570
-1431
-1225
-908
-530
-260
-18
273
666
1059
1438
1842
2128
2273
2437
2573
2749
2888
2984
3006
2998
2986
3041
3093
3126
3110
2995
2927
2769
2683
2637
2449
2251
2062
1778
1570
1434
1286
1187
1101
1187
1223
1234
1316
1368
1419
1535
1702
1779
1833
1798
1716
1566
1465
1359
1201
1064
873
686
723
916
1046
1226
1233
1001
868
864
960
1045
1103
847
239
-319
-924
-1456
-1872
-2281
-2855
-3474
-4022
-4353
-4572
-4641
-4655
-4837
-4920
-5010
-4892
-4637
-4314
-3999
-3833
-3856
-3828
-3710
-3437
-3069
-2680
-2339
-2144
-1915
-1641
-1196
-716
-225
88
236
264
331
460
514
672
687
465
204
-27
-228
-338
-375
-402
-522
-566
-528
-403
-171
68
314
436
559
653
796
1043
1327
1590
1746
1853
1948
2080
2217
2433
2640
2810
2946
2979
3045
3055
3049
3050
2988
2865
2710
2507
2228
2043
1935
1808
1646
1517
1408
1352
1429
1445
1456
1399
1274
1177
1172
1208
1290
1316
1228
1103
974
912
890
929
871
764
631
500
374
487
697
858
942
899
687
548
515
535
497
466
419
18
-307
-696
-1105
-1489
-1872
-2249
-2684
-3174
-3541
-3754
-3972
-4039
-4102
-4255
-4459
-4562
-4573
-4417
-4173
-3909
-3848
-3774
-3657
-3529
-3225
-2862
-2519
-2310
-2060
-1772
-1482
-1084
-637
-360
-175
-53
-21
80
216
391
525
625
644
545
508
465
403
425
425
427
443
471
544
611
704
789
784
844
929
1058
1271
1507
1700
1843
1919
1963
2092
2254
2412
2573
2644
2583
2481
2421
2400
2442
2460
2395
2253
2088
1968
1895
1958
1932
1825
1715
1630
1546
1475
1397
1255
1078
861
780
734
723
715
661
503
384
369
419
554
593
583
492
308
157
115
32
73
218
328
383
467
436
378
388
449
486
546
572
351
-8
-383
-786
-1258
-1588
-2029
-2422
-2840
-3160
-3378
-3586
-3755
-3901
-3991
-4128
-4135
-4069
-4015
-3906
-3693
-3579
-3525
-3434
-3271
-3114
-2925
-2646
-2350
-2083
-1825
-1568
-1306
-954
-645
-344
-81
139
290
430
599
805
991
1054
1021
982
928
830
866
905
909
873
873
886
907
1084
1230
1304
1463
1531
1596
1707
1777
1902
1959
1994
1997
2002
2039
2018
1978
1904
1857
1809
1784
1802
1866
1897
1905
1950
1988
1994
1974
1934
1822
1741
1593
1431
1244
1010
801
705
709
688
729
656
507
424
326
321
398
437
432
264
52
-137
-218
-274
-319
-312
-360
-294
-136
170
450
659
713
662
609
549
550
631
628
381
-63
-553
-1071
-1492
-1801
-2026
-2281
-2647
-3015
-3292
-3503
-3545
-3549
-3625
-3730
-3882
-3925
-3951
-3846
-3671
-3548
-3458
-3431
-3294
-3171
-2876
-2511
-2161
-1917
-1607
-1354
-1056
-699
-331
24
247
403
520
651
791
974
1122
1165
1141
1039
999
975
1001
1118
1228
1334
1422
1495
1542
1653
1822
1937
2005
1998
1923
1861
1823
1840
1857
1911
1883
1796
1759
1714
1738
1829
1865
1841
1801
1645
1487
1454
1470
1462
1426
1346
1251
1208
1226
1275
1299
1237
1076
901
777
727
701
725
696
594
470
319
215
142
119
81
-49
-183
-283
-402
-457
-538
-598
-613
-632
-478
-174
129
457
639
681
691
704
700
690
659
489
32
-410
-803
-1202
-1520
-1779
-2019
-2247
-2466
-2700
-2885
-3057
-3184
-3324
-3475
-3622
-3744
-3842
-3907
-3838
-3742
-3587
-3467
-3292
-3039
-2783
-2418
-2041
-1674
-1365
-1055
-795
-490
-244
13
234
349
499
585
666
771
894
1010
1129
1213
1194
1192
1182
1286
1432
1600
1686
1713
1690
1641
1668
1761
1826
1863
1857
1804
1781
1781
1826
1932
2040
2026
1986
1929
1896
1826
1695
1600
1468
1257
1141
1061
1031
1011
985
917
872
812
807
837
830
879
827
720
652
588
546
572
590
588
528
452
353
208
103
-25
-129
-212
-282
-381
-491
-554
-546
-535
-396
-103
188
467
653
700
583
430
344
263
186
201
200
59
-197
-438
-699
-1089
-1408
-1703
-2024
-2311
-2600
-2866
-3056
-3237
-3380
-3496
-3579
-3689
-3759
-3829
-3789
-3677
-3565
-3320
-3089
-2821
-2580
-2268
-1836
-1483
-1206
-896
-675
-486
-252
-15
185
405
557
668
805
922
1100
1317
1510
1631
1682
1707
1741
1818
1862
1896
1894
1826
1773
1697
1747
1796
1810
1859
1918
1947
1974
1995
2020
2022
1947
1917
1846
1655
1457
1233
1011
876
795
714
638
591
523
527
559
595
577
511
375
220
163
171
280
435
579
585
560
514
507
549
521
404
146
-92
-350
-410
-324
-213
-98
-65
-87
-73
-81
-77
0
173
493
715
913
917
722
490
365
315
329
538
683
629
368
-49
-473
-1026
-1430
-1762
-2112
-2409
-2691
-2967
-3178
-3267
-3393
-3580
-3778
-3972
-4141
-4139
-4044
-3829
-3539
-3180
-2801
-2534
-2281
-2037
-1799
-1552
-1311
-1103
-890
-656
-323
74
443
798
1024
1126
1184
1261
1374
1464
1680
1835
1999
2190
2312
2353
2306
2276
2164
2058
1974
1913
1897
1910
2021
2136
2214
2260
2150
1932
1662
1500
1360
1316
1291
1206
1038
808
649
490
405
312
165
-29
-156
-207
-112
5
160
267
248
140
95
67
108
232
305
349
327
314
296
304
355
363
272
140
-18
-125
-77
-44
39
75
107
55
-32
-39
199
690
1189
1488
1532
1208
803
557
619
925
1343
1707
1617
977
124
-598
-1194
-1544
-1629
-1745
-1919
-2195
-2612
-3024
-3309
-3500
-3845
-4233
-4501
-4629
-4539
-4217
-3691
-3203
-2878
-2793
-2896
-3026
-2901
-2528
-2010
-1446
-900
-504
-220
49
318
549
796
1037
1121
1283
1540
1837
2113
2370
2401
2242
2088
1868
1728
1839
2105
2353
2506
2550
2405
2103
1804
1596
1495
1494
1482
1489
1428
1367
1339
1254
1135
974
704
327
39
-69
-64
50
120
54
-90
-288
-412
-407
-294
-125
5
88
114
149
203
267
414
490
486
502
483
456
550
586
608
544
404
286
189
187
237
308
372
359
298
149
168
527
1208
1752
1968
1723
1052
572
540
1039
1698
2405
2562
1752
378
-840
-1548
-1694
-1228
-668
-557
-1057
-1998
-3181
-4150
-4466
-4396
-4228
-4070
-3958
-4006
-4076
-4029
-3866
-3767
-3660
-3630
-3504
-3204
-2494
-1657
-1037
-809
-836
-1001
-1087
-652
176
1070
1742
2043
1804
1456
1301
1409
1741
2191
2492
2526
2419
2235
2111
2170
2279
2338
2230
2077
1910
1792
1802
1868
1800
1558
1259
971
786
806
1031
1128
872
525
105
-247
-333
-143
146
257
146
-141
-487
-697
-611
-386
-134
-6
-16
-59
-132
-39
164
438
670
708
563
409
363
343
457
592
563
427
221
143
63
164
265
250
192
53
27
-4
371
1145
1942
2096
1680
921
276
434
1446
2601
3364
3393
2262
353
-1229
-1600
-1052
-43
815
694
-567
-2307
-3896
-4698
-4397
-3380
-2563
-2517
-3137
-4038
-4855
-5098
-4677
-3956
-3281
-2928
-2926
-3027
-2949
-2560
-2124
-1756
-1388
-992
-609
-62
588
1004
1081
837
613
561
963
1911
2776
3117
2758
2065
1331
1079
1593
2484
3262
3449
2848
1701
886
725
1207
1986
2512
2440
1668
720
39
25
494
1108
1431
1155
582
-30
-378
-424
-177
102
125
18
-141
-247
-133
46
50
-78
-190
-248
-56
282
694
862
777
533
286
237
373
742
854
732
394
40
-225
-143
187
423
366
114
-243
-604
-558
-243
61
283
763
1402
1752
1456
957
342
286
1128
2434
3191
3237
2536
918
-737
-1280
-562
500
1209
990
-366
-2200
-3653
-4216
-3864
-2829
-2066
-2284
-3343
-4375
-4918
-4893
-4301
-3470
-2941
-2880
-3056
-3253
-3341
-2849
-2208
-1794
-1446
-1095
-695
-423
-89
171
303
543
806
1059
1380
1862
1992
2077
1916
1756
1757
1989
2347
2398
2565
2503
2130
1682
1543
1612
1740
1903
1772
1458
1064
916
968
1097
1324
1340
997
400
101
-34
56
247
313
118
-210
-467
-620
-473
-238
37
83
-61
-184
-178
-9
215
489
526
474
452
365
323
412
538
502
339
261
127
136
164
127
73
-22
-97
-264
-206
-251
-114
-26
-21
-89
28
833
1936
2374
1780
917
165
256
1483
3119
3743
3392
2262
390
-805
-406
763
1480
1322
114
-1706
-3081
-3445
-3104
-2520
-2075
-2347
-3326
-4307
-4611
-4361
-4037
-3723
-3461
-3261
-3148
-2993
-2917
-2986
-2807
-2551
-2225
-1539
-694
-178
-171
-405
-520
-210
501
1170
1554
1543
1453
1298
1388
1667
2102
2371
2212
1939
1743
1880
2081
2373
2287
2021
1782
1410
1216
1313
1638
1731
1703
1577
1100
709
468
383
346
467
591
442
73
-341
-689
-835
-733
-488
-297
-224
-365
-581
-765
-687
-401
-44
177
212
170
-41
-82
36
191
333
389
350
233
179
168
122
91
36
-46
-35
41
109
197
317
179
113
166
358
505
782
1470
2195
2303
1631
918
582
1085
2431
3628
3705
3079
1815
283
-564
37
1005
1256
765
-369
-1744
-2714
-2963
-2988
-2840
-2629
-2750
-3246
-3746
-3887
-4031
-4307
-4231
-3700
-3046
-2599
-2477
-2684
-3034
-2926
-2393
-1642
-838
-342
-395
-749
-878
-487
288
1164
1547
1480
1172
977
1113
1550
2028
2338
2341
2155
1940
1895
2044
2090
2012
1922
1885
1750
1764
1717
1625
1392
1331
1253
968
876
792
652
507
407
206
-112
-509
-779
-877
-858
-659
-556
-641
-970
-1258
-1378
-1399
-949
-499
-221
-147
-348
-659
-820
-665
-288
218
631
770
656
344
-59
-221
-79
190
505
786
773
579
310
127
162
224
358
711
901
888
949
798
438
1050
2314
2786
2369
1762
1065
895
1986
3173
3279
2753
1756
329
-582
-88
762
877
338
-613
-1700
-2500
-2744
-2723
-2676
-2533
-2490
-2942
-3614
-3958
-4137
-4173
-3669
-2675
-2006
-1938
-2327
-2959
-3304
-2734
-1689
-746
-231
-276
-697
-1041
-857
-211
698
1303
1351
990
717
732
1077
1542
1904
2039
1979
1730
1559
1549
1628
1822
1874
1844
1754
1704
1607
1313
1085
1079
1185
1241
1155
933
471
127
-201
-326
-222
-51
-116
-526
-934
-1284
-1387
-1262
-1136
-998
-875
-935
-1172
-1286
-1154
-903
-661
-430
-240
-119
-98
-59
-11
118
299
414
469
671
869
909
793
618
512
420
563
726
879
891
917
783
697
711
809
1031
1034
1118
1056
1309
2035
2654
2135
1098
500
694
1759
3025
3171
2116
990
112
-416
163
1176
1173
192
-955
-1730
-2022
-2012
-2130
-2391
-2447
-2371
-2560
-3105
-3657
-3900
-3770
-3329
-2447
-1682
-1662
-2263
-2881
-3035
-2381
-1328
-566
-416
-727
-1218
-1433
-1121
-443
308
858
989
576
279
306
625
1213
1781
2003
1785
1445
1157
1088
1339
1840
2111
1863
1490
1212
984
1022
1358
1569
1398
1206
828
255
38
196
310
313
279
-62
-644
-1117
-1251
-1212
-960
-726
-803
-1216
-1636
-1726
-1526
-1059
-604
-383
-432
-544
-689
-723
-379
106
458
607
549
238
11
42
252
567
1012
1161
965
768
600
625
817
1064
1294
1452
1267
1017
889
814
757
1024
1132
968
1091
1695
2326
2198
1382
441
274
1234
2563
3111
2455
1545
557
-281
-348
423
923
526
-188
-979
-1704
-2156
-2401
-2483
-2186
-1681
-1729
-2382
-3083
-3382
-3215
-2722
-2136
-1660
-1677
-2241
-2780
-2759
-2247
-1626
-1292
-1256
-1298
-1245
-1195
-1106
-849
-462
57
470
538
417
362
331
479
893
1483
1620
1410
1246
1197
1247
1414
1620
1539
1416
1522
1511
1346
1327
1315
1001
837
990
840
586
284
-71
-311
-268
-180
-397
-695
-936
-1113
-1220
-1112
-1064
-1118
-1207
-1212
-1254
-1142
-999
-863
-726
-570
-432
-365
-366
-289
-199
51
400
529
575
666
653
652
850
1078
1268
1478
1583
1546
1295
1150
1047
1172
1388
1613
1551
1173
834
718
847
987
1217
1347
1539
2076
2115
1107
279
347
961
1993
2767
2207
1097
378
-143
-355
240
859
426
-384
-894
-1279
-1551
-1797
-2023
-1952
-1598
-1642
-2193
-2914
-3277
-3146
-2860
-2499
-2099
-2043
-2497
-2841
-2688
-2294
-1767
-1504
-1598
-1662
-1421
-1276
-1155
-780
-376
-123
76
138
79
215
481
753
1091
1413
1409
1124
946
996
1331
1602
1729
1565
1325
1058
877
881
1024
1153
1084
795
558
419
251
-43
-178
-135
-104
-188
-463
-824
-1158
-1251
-1304
-1219
-1046
-1011
-1232
-1406
-1403
-1333
-1142
-824
-582
-343
-154
-186
-187
-27
270
608
926
1234
1323
1233
1161
1278
1522
1780
1996
2008
1846
1680
1482
1337
1489
1649
1601
1523
1435
1074
826
792
702
794
947
842
387
326
551
1171
1408
862
149
-13
340
1118
1931
1759
1154
663
135
-334
-40
371
99
-196
-378
-840
-1368
-1775
-2194
-2197
-1679
-1502
-1895
-2402
-2891
-3101
-2963
-2582
-2065
-1776
-1982
-2387
-2474
-2336
-1985
-1494
-1197
-994
-816
-904
-954
-795
-588
-261
205
453
429
406
294
166
369
648
864
887
898
720
491
459
484
585
655
835
921
784
477
249
278
421
571
442
217
-25
-283
-302
-204
-276
-462
-684
-988
-1107
-922
-783
-733
-704
-650
-650
-740
-639
-418
-91
279
618
721
631
596
714
908
1320
1867
2014
1725
1555
1495
1627
1925
2094
2051
1897
1607
1295
1196
1307
1254
1264
1089
825
584
381
207
117
274
350
291
109
8
-213
-233
188
1063
1585
1233
343
-283
-35
855
1919
2054
1467
720
47
-488
-337
344
300
-195
-508
-827
-1222
-1606
-2039
-2287
-1901
-1522
-1619
-2008
-2540
-2971
-3000
-2619
-2074
-1646
-1673
-2085
-2226
-2117
-1906
-1655
-1387
-1182
-1097
-1096
-1244
-1306
-1232
-1005
-523
-120
-108
-390
-704
-807
-429
148
472
378
144
-79
-87
209
531
736
774
694
556
668
763
687
730
807
816
833
788
483
230
273
417
490
493
368
49
-198
-112
172
414
532
400
259
295
399
500
606
793
1019
1225
1267
1177
1084
1081
1181
1334
1661
1820
1657
1381
1209
1162
1126
1223
1287
1126
952
690
410
291
307
349
344
286
86
-120
-243
-293
-173
-45
45
-2
39
-98
-292
-301
80
1073
1441
802
-62
-281
37
812
1747
1648
1045
494
-11
-372
113
615
157
-269
-355
-610
-958
-1386
-1837
-1872
-1331
-1150
-1359
-1681
-2216
-2678
-2720
-2357
-1817
-1523
-1786
-2328
-2507
-2440
-2375
-2217
-2031
-1805
-1548
-1619
-1836
-1839
-1864
-1811
-1311
-758
-529
-525
-857
-1163
-895
-392
-19
251
447
433
391
513
678
810
1072
1220
1323
1515
1604
1430
1240
1240
1441
1639
1737
1627
1290
1127
1216
1250
1237
1252
1086
789
734
847
865
748
654
532
428
542
701
707
621
623
594
522
528
618
692
744
836
793
716
666
596
609
705
721
569
480
390
319
258
212
97
63
68
-45
-99
-109
-76
-148
-304
-306
-358
-294
-271
-131
-185
-231
-183
-111
176
798
1296
868
323
5
178
850
1815
2012
1476
848
308
-110
126
687
672
324
-46
-543
-933
-1265
-1603
-1783
-1593
-1536
-1787
-2207
-2681
-3028
-3078
-2785
-2383
-2218
-2492
-2957
-3149
-3066
-2751
-2411
-2182
-2235
-2387
-2512
-2395
-1986
-1549
-1269
-1011
-895
-856
-567
-515
-272
105
546
759
1208
1518
1218
1165
1441
1897
2298
2814
2721
2385
2475
2538
2508
2677
2897
2708
2470
2401
2199
2030
1851
1651
1560
1516
1328
951
560
345
241
153
9
-22
-186
-451
-551
-569
-446
-326
-353
-505
-472
-340
-300
-200
-179
-175
-74
65
163
303
332
111
-95
-82
61
161
202
196
57
-236
-388
-417
-250
25
82
-77
-191
-210
-415
-498
-159
273
380
440
402
129
201
320
365
601
1034
1386
1330
957
430
66
343
843
1481
1599
1106
217
-420
-717
-443
83
-14
-450
-906
-1457
-1834
-2012
-2188
-2411
-2301
-2193
-2326
-2432
-2788
-3281
-3432
-3179
-2635
-2110
-1983
-2460
-2894
-2992
-2679
-1977
-1275
-984
-1088
-1181
-1169
-886
-351
170
582
883
1115
1235
1288
1436
1651
1965
2421
2868
3108
2945
2633
2508
2635
2906
3224
3396
3106
2657
2289
2072
2119
2242
2157
1766
1407
1064
736
469
274
120
9
-112
-386
-777
-1015
-1180
-1280
-1153
-1008
-1017
-1223
-1549
-1654
-1429
-1057
-815
-747
-735
-867
-955
-850
-551
-259
-146
-161
-175
-128
-77
-17
11
76
252
308
274
205
137
109
65
206
382
483
426
313
149
173
318
497
414
511
620
340
201
254
269
267
391
280
72
-65
-101
-102
41
351
214
-192
-563
-766
-620
-224
296
317
-19
-531
-1086
-1235
-1081
-706
-661
-821
-1022
-1332
-1550
-1703
-1650
-1569
-1289
-1041
-1001
-1046
-1261
-1437
-1485
-1244
-843
-440
-145
-187
-310
-312
-163
262
721
1049
1180
1131
1120
1151
1339
1547
1750
1867
1870
1877
1958
1984
1872
1770
1718
1725
1779
1825
1709
1451
1137
886
740
744
820
743
448
159
-144
-428
-587
-579
-616
-748
-862
-1036
-1149
-1280
-1444
-1502
-1393
-1288
-1397
-1510
-1517
-1493
-1507
-1461
-1248
-1088
-1059
-1061
-1027
-964
-836
-727
-689
-475
-260
-161
-211
-119
-7
116
181
113
427
572
436
436
401
510
461
464
563
538
480
362
551
441
580
609
692
556
482
611
381
436
499
535
363
478
403
70
158
107
-42
25
184
-38
-191
-240
-323
-400
-206
94
93
21
-109
-158
-161
-16
207
475
544
474
361
140
174
236
293
394
502
622
445
345
288
224
292
338
393
574
710
552
286
210
267
443
579
610
601
454
304
210
265
380
458
319
217
276
229
174
141
64
17
26
-111
-180
-277
-367
-515
-713
-761
-864
-1033
-1231
-1335
-1365
-1426
-1515
-1656
-1815
-1880
-1828
-1677
-1610
-1556
-1565
-1699
-1793
-1680
-1523
-1351
-1266
-1130
-1132
-1219
-1281
-1235
-938
-508
-415
-515
-121
-318
-618
-262
532
523
360
650
411
177
309
936
949
868
1048
981
842
823
1135
1113
1245
1266
1527
1542
1299
1284
1248
1283
1331
1477
1504
1653
1192
917
999
1022
1024
1178
1187
831
780
802
550
492
697
683
549
571
583
312
188
224
195
366
494
247
56
66
10
79
265
400
454
461
408
285
415
626
660
774
926
802
639
690
722
738
758
798
695
595
560
485
433
316
273
169
-13
-139
-223
-409
-655
-730
-808
-1002
-1169
-1294
-1463
-1667
-1709
-1841
-2010
-2182
-2345
-2491
-2624
-2597
-2449
-2434
-2728
-2754
-2812
-2750
-2615
-2476
-2392
-2163
-2207
-2327
-2058
-1911
-1736
-1806
-1644
-1295
-1149
-1051
-855
-746
-777
-554
-146
80
285
524
386
222
701
1015
888
1001
1299
1033
1139
1507
1295
1510
1574
1460
1422
1832
1556
1388
1583
1667
1600
1632
2010
1527
1420
1436
1628
1564
1370
1505
1751
1262
1004
1535
1119
1033
1546
1380
768
1232
1241
571
816
1279
826
532
1097
940
595
790
730
325
356
673
382
365
594
512
260
87
512
669
685
598
714
587
363
410
506
600
704
705
621
639
606
392
244
297
297
411
311
299
-53
-147
-278
-559
-361
-465
-653
-929
-1041
-1210
-1425
-1575
-1613
-1777
-2044
-1997
-2069
-2188
-2476
-2493
-2407
-2749
-2891
-2492
-2516
-3033
-2892
-2649
-2855
-2979
-2575
-2306
-2579
-2639
-2102
-2176
-2207
-1760
-1633
-1888
-1437
-962
-1398
-854
-242
-462
-866
-17
201
-115
492
1021
615
501
1185
1288
1209
1298
1800
1048
1038
1821
1881
1792
1486
1819
1764
1544
1382
2201
1808
1512
1777
1620
1616
1474
1973
1882
1050
1100
1662
1252
1251
1426
1212
1123
770
1001
807
831
684
941
814
735
728
455
561
509
973
345
700
841
522
238
502
798
67
630
907
860
514
305
412
641
654
735
1127
603
661
650
674
515
739
677
499
684
477
43
46
514
-161
55
437
-4
-498
-203
-338
-910
-685
-506
-794
-1156
-708
-1252
-1960
-1884
-1180
-1634
-2146
-1538
-1907
-2550
-2366
-1861
-2058
-2423
-2268
-2249
-2164
-2165
-2220
-2169
-2142
-2311
-2245
-1592
-2057
-1823
-1212
-1546
-1928
-1341
-765
-1594
-945
-261
-383
-930
-219
242
-525
-134
317
605
579
518
937
762
518
790
953
593
1169
1928
592
843
1606
1156
422
1330
1633
928
1450
1367
992
485
1180
655
1216
1621
830
678
1135
878
83
1231
973
447
779
1320
530
377
859
342
491
551
719
931
406
455
320
427
454
587
725
826
365
241
605
578
512
445
788
642
210
557
919
466
370
597
690
113
287
1222
78
267
980
140
-771
643
709
-682
302
827
-66
-659
323
-111
-930
-141
112
-604
-866
-179
-610
-1227
-864
-789
-828
-1109
-851
-759
-1174
-1441
-1046
-1211
-1113
-973
-1304
-928
-1183
-1422
-1352
-1060
-1229
-1172
-742
-1158
-928
-909
-830
-1242
-295
-642
-925
-89
-438
-559
-368
-149
-581
588
76
-434
319
642
-181
-170
1075
68
113
525
566
44
655
833
-96
442
757
401
-43
819
480
97
251
258
674
66
-9
156
335
-78
-47
617
79
-359
380
401
-529
311
965
-342
-183
517
111
-53
407
238
-441
259
293
-235
129
535
-199
-42
307
-307
-53
650
378
-461
782
510
-144
-81
747
373
36
476
648
415
100
375
514
248
75
644
842
80
-16
388
348
267
199
685
338
-136
-137
374
38
-266
188
318
-62
-576
349
-104
-542
-63
80
-412
41
368
-655
-353
109
-78
-774
231
25
-153
-244
-305
-352
54
-6
-836
540
353
-615
-602
372
141
-402
477
119
120
104
288
-186
137
192
-34
290
72
461
204
532
-558
556
780
-782
250
845
-8
-653
803
57
-705
221
364
-298
-279
430
-477
-380
-91
-387
-429
-66
-454
-341
-167
-264
-974
-238
-122
-1009
-420
11
-363
-939
-218
-502
-541
-576
-613
-443
-786
-275
-383
-559
-537
-685
-608
-311
-574
-789
-332
-97
-889
-497
-468
-258
-510
-377
-185
-153
-27
-512
-37
315
-35
-247
228
12
292
540
401
21
315
387
34
105
1155
552
-129
928
828
-117
-34
919
453
31
722
823
108
240
750
102
421
1009
518
214
504
869
-73
362
687
618
210
463
944
187
345
492
570
290
790
366
568
748
628
398
434
796
260
482
423
773
563
305
535
416
539
16
345
696
14
217
786
135
-553
558
440
-795
165
509
-84
-528
77
-105
-571
-181
-299
-505
-688
37
-788
-771
-134
-745
-813
-650
-108
-841
-1017
-157
-531
-1198
-546
-58
-1086
-870
-455
-1006
-885
-319
-258
-1152
-619
-308
-1315
-570
-358
-943
-792
-289
-706
-1231
-429
-699
-941
-1041
-41
-586
-1100
-314
-370
-910
-535
-147
-681
-588
-77
-545
-820
43
-292
-539
-87
500
-540
-411
673
28
-440
144
1195
121
187
761
570
130
335
706
1007
1024
694
890
1063
708
378
775
1228
1024
530
1169
960
729
940
746
848
925
593
881
1090
570
739
921
1003
76
740
1069
582
-42
936
883
-219
784
586
243
-56
963
284
-124
407
671
-224
-269
876
82
-266
566
456
-529
218
601
-346
-346
607
241
-599
-29
339
-233
-828
20
2
-351
-169
-221
-428
-480
45
-792
-543
-79
-551
-1000
-601
-277
-1068
-493
-511
-899
-581
-501
-1069
-1181
-312
-917
-989
-638
-338
-993
-988
-602
-792
-736
-801
-755
-619
-798
-949
-805
-742
-808
-726
-561
-420
-565
-1399
-516
-105
-1032
-898
300
-157
-1311
-313
311
-746
-676
646
69
-906
314
562
-535
62
925
137
69
979
935
421
665
883
596
563
1254
980
790
1445
626
1000
1172
1029
1039
991
1244
1106
942
627
1054
975
553
685
991
795
470
697
553
284
447
196
168
452
681
-141
-61
619
-265
-576
469
121
-393
101
543
9
-510
332
47
-416
-46
237
175
207
-75
-88
320
-316
-81
244
355
-165
91
670
-236
-188
480
116
-394
244
419
-227
81
-165
110
-34
-389
-286
115
-85
-937
-123
-109
-651
-748
-239
-421
-731
-630
-802
-487
-873
-1071
-560
-600
-1095
-1073
-655
-1382
-1208
-346
-1043
-1547
-836
-514
-1450
-1166
-353
-1182
-1124
-578
-356
-760
-737
-381
-618
-159
-744
-136
124
-284
-377
-149
408
-75
253
141
305
573
358
51
702
1022
251
408
1319
1035
71
1073
1391
585
572
1136
994
611
536
906
1138
239
758
1299
632
77
588
832
11
53
1067
684
-269
357
377
-295
-311
592
120
-168
208
315
-343
-398
204
-252
-95
41
305
103
-65
-236
64
-83
-319
42
735
73
-330
717
-2
-372
449
978
-270
260
978
-5
-276
700
677
-271
490
775
99
241
411
503
-148
106
544
-110
162
10
279
179
-245
-64
-21
-494
-382
-101
-127
-432
-599
-25
-516
-1147
-672
32
-947
-804
-411
-370
-1130
-945
-504
-748
-876
-841
-416
-662
-797
-831
-491
-762
-735
-674
-413
-652
-567
-290
-751
-414
276
-362
-823
453
111
-735
-157
470
80
-295
389
481
-256
371
473
-305
484
974
145
-127
879
340
52
205
506
448
391
27
490
538
-287
138
563
341
-409
440
242
-171
-3
64
-147
-384
300
-410
-457
368
36
-557
-225
414
-618
-204
242
-36
-308
309
547
-474
293
365
53
-163
517
765
307
143
461
491
-153
216
1090
895
-199
893
1157
-23
-28
1024
787
95
778
952
430
292
694
217
199
358
521
695
122
258
698
-34
-375
271
345
-150
350
179
-294
-71
-143
-516
-333
-8
-295
-305
32
-158
-378
-794
-365
-208
-480
-461
0
-156
-599
-408
-352
-347
-240
-265
-301
-14
-66
-640
-152
-62
-761
-530
241
-201
-667
46
60
-587
-569
-100
-59
-501
13
-73
-292
-278
-222
-279
-431
41
7
-567
-104
341
-850
-511
278
-413
-616
-120
94
-424
-288
-176
-579
-599
-27
-349
-545
-213
-25
-571
-152
17
-645
-286
72
-179
-527
12
201
-406
-457
102
-167
-339
203
353
-6
-129
-6
275
-90
151
515
244
257
533
472
26
461
425
109
489
659
521
518
706
414
297
695
492
352
843
883
377
416
950
154
420
808
483
293
872
933
-249
472
752
108
-305
1111
707
-101
573
445
-78
20
389
160
446
519
410
51
573
-358
-155
644
23
-236
496
537
-465
204
106
-409
-216
350
144
-294
176
-32
-408
-376
100
-163
-490
-340
456
-19
-1012
-345
203
-881
-1189
563
26
-1128
-365
596
-1081
-1250
6
-637
-1278
-119
288
-1256
-809
215
-918
-1302
-454
-31
-877
-709
2
-542
-881
-654
-266
-600
-711
-214
-40
-485
-514
-220
-159
-610
-340
143
-284
-164
33
-18
-409
1
93
-179
-246
155
10
-464
-85
275
1
-320
25
346
-206
-417
203
117
-338
45
663
-6
-342
447
219
-145
90
827
12
43
625
209
5
363
269
228
547
186
594
508
244
448
491
734
542
471
853
604
635
625
702
452
865
873
556
628
602
1056
393
304
1005
858
122
634
1137
247
89
569
437
72
659
802
274
133
200
201
23
218
104
207
411
11
-258
43
41
-292
-294
262
-112
-351
25
-22
-259
-609
-329
-314
-632
-437
-46
-450
-867
-358
-314
-895
-907
-278
-642
-1031
-272
-443
-829
-701
-251
-913
-945
-134
-301
-884
-521
-82
-503
-859
-384
-381
-730
-759
-7
-31
-772
-225
30
-627
-665
-153
-228
-588
-3
314
-419
-701
31
-353
-724
-133
44
-65
-307
104
-231
-485
-402
24
-191
-256
371
-60
-331
-365
65
-251
-432
10
274
122
-58
321
-108
-117
-15
-11
424
222
151
500
336
203
314
313
479
506
483
482
733
748
411
777
715
564
584
781
854
830
648
893
937
486
421
669
922
334
578
779
806
516
489
381
610
680
197
354
627
661
-64
455
661
-85
0
488
206
88
317
119
20
-34
-83
123
231
-223
-152
163
15
-549
60
31
-689
-226
217
-367
-798
134
39
-760
-442
110
-450
-811
-187
-147
-766
-303
-371
-613
-397
-401
-545
-627
-152
-573
-863
-610
-177
-740
-802
-328
-539
-365
-663
-668
-751
-448
-531
-645
-272
-360
-408
-523
-271
-317
-539
-389
-172
-353
-393
-26
-452
-548
-347
-316
-353
-210
-186
-287
-113
-241
-318
-351
-111
-49
-162
121
-97
-302
42
-20
-294
100
157
32
178
325
88
112
200
2
199
526
506
314
500
442
490
375
348
674
632
550
558
815
606
448
833
668
451
707
741
401
663
702
521
479
760
644
203
511
884
516
164
661
568
96
281
551
231
261
641
225
97
519
261
-200
180
537
46
174
343
20
104
238
63
65
323
40
-162
88
-15
-240
85
-101
-277
32
-36
-206
-354
-319
-307
-175
-412
-328
-159
-210
-647
-621
-105
-584
-640
-346
-467
-607
-537
-534
-743
-440
-480
-633
-704
-322
-334
-741
-647
-320
-398
-861
-434
-294
-325
-611
-470
-272
-559
-549
-232
-212
-677
-409
-160
-393
-592
-340
-73
-555
-446
-67
-105
-249
-364
-401
-158
-48
-86
-87
162
217
-101
-334
95
190
-27
27
169
426
358
-42
53
427
211
-84
481
673
338
151
680
358
-38
454
592
245
478
608
214
435
447
324
357
479
300
323
623
557
262
395
713
273
111
513
566
376
299
532
491
431
306
233
355
472
539
303
549
671
240
93
364
374
-56
287
526
367
42
273
339
-181
-33
146
33
-18
112
104
36
-83
-134
-283
-191
-139
-394
-200
107
-190
-516
-352
-353
-424
-308
-175
-249
-460
-342
-271
-389
-358
-329
-230
-473
-421
-273
-388
-397
-370
-434
-513
-407
-319
-376
-525
-348
-247
-300
-357
-405
-313
-239
-478
-274
-101
-383
-370
-130
-264
-529
-250
-32
-328
-289
-162
-193
-245
-176
-275
-84
-86
-93
-212
-85
18
-204
-155
-178
-91
-120
-8
46
82
19
-95
-47
-73
36
285
209
208
117
280
155
145
215
167
193
396
410
250
380
394
129
239
361
336
324
419
390
328
527
434
351
335
429
311
369
384
435
475
362
364
425
437
237
318
343
262
156
289
284
300
233
139
184
187
75
83
213
-95
-54
204
3
-153
66
118
-153
-244
121
-90
-328
-52
130
-236
-377
30
16
-282
-256
44
-63
-166
-231
-116
-121
-172
-94
-252
-187
-180
-158
-87
-37
-200
-213
-215
-117
-70
-267
-102
116
-239
-316
-81
-162
-455
-208
61
-167
-221
-123
-141
-312
-304
-262
-263
-34
-207
-394
-76
-188
-480
-143
-54
-378
-189
-150
-201
-280
-154
-217
-437
-111
-37
-155
-89
-10
-38
-29
-115
-164
42
-38
-66
153
296
73
94
72
4
39
118
240
113
208
88
23
-19
43
134
35
84
93
312
162
161
196
124
124
3
17
128
356
262
40
174
207
38
71
146
146
132
191
134
134
252
183
-29
84
274
130
142
202
140
69
33
-31
-52
80
139
103
20
187
148
4
58
110
125
-11
24
67
89
167
78
-37
131
161
-85
68
190
169
61
85
104
152
-47
-104
151
76
38
37
77
23
-31
-76
-89
-2
93
-26
-62
87
-31
-107
-51
-86
-21
22
-141
-120
-7
-110
-239
-167
-116
-229
-225
-130
-19
-161
-272
-116
-67
-288
-219
-58
-122
-236
-181
-257
-192
-161
-285
-169
-69
-98
-238
-79
-48
-144
-58
-11
-187
-136
-53
-152
-145
14
-75
-172
-31
-63
-245
-109
29
-156
-140
144
-38
-205
21
30
-197
-182
-11
-50
-83
7
2
-162
-123
-49
-144
-66
-3
-58
-4
-1
-82
-37
-82
-63
34
31
97
126
31
3
97
51
42
159
213
171
169
253
257
235
217
218
171
276
273
245
328
370
274
230
308
273
257
251
282
267
207
250
235
268
244
255
242
162
179
239
213
163
123
216
170
67
111
161
142
41
26
111
75
-30
-7
65
81
31
-47
-29
-57
-77
-32
-53
4
35
-50
-185
-68
-98
-280
-183
-34
-142
-223
-110
-61
-153
-184
-96
-101
-222
-262
-200
-108
-263
-355
-200
-154
-330
-293
-214
-243
-218
-181
-264
-257
-204
-229
-296
-307
-202
-220
-357
-330
-156
-222
-303
-313
-150
-190
-290
-187
-65
-178
-296
-134
-106
-156
-183
-100
-70
-103
-121
-125
-80
-83
-67
-48
53
40
-2
62
86
3
-37
100
97
35
127
179
69
102
196
217
224
264
316
288
260
241
244
258
248
260
332
372
343
322
337
271
259
287
346
305
271
230
283
285
165
147
231
268
209
210
269
237
189
139
166
231
160
162
226
179
80
107
132
129
96
136
124
91
73
17
-32
-26
-3
-47
-21
19
-63
-69
-45
-135
-138
-79
-92
-128
-74
-73
-180
-171
-144
-237
-274
-178
-121
-205
-246
-201
-196
-334
-318
-223
-224
-334
-281
-229
-213
-345
-314
-230
-240
-304
-289
-234
-263
-277
-323
-295
-293
-318
-270
-212
-201
-219
-187
-210
-246
-208
-202
-215
-168
-157
-211
-104
-68
-128
-90
-37
-90
-78
-29
40
38
32
9
20
79
92
60
80
141
110
71
134
207
188
103
170
230
176
168
234
280
237
234
269
327
328
352
324
256
268
294
235
272
348
308
270
270
241
210
277
254
216
256
250
189
167
177
148
141
161
143
129
110
90
82
100
107
58
89
137
21
-1
1
-13
-2
-36
5
23
-38
-61
-42
-97
-122
-101
-69
-65
-115
-153
-73
-148
-207
-168
-97
-133
-131
-99
-82
-87
-182
-188
-133
-164
-165
-179
-147
-149
-215
-216
-143
-117
-171
-124
-108
-139
-169
-189
-165
-174
-186
-164
-139
-165
-128
-140
-210
-160
-131
-139
-160
-70
-70
-129
-145
-13
-64
-156
-71
-48
-84
-53
-8
-22
-42
-59
-54
-4
34
-32
-15
2
20
6
34
129
71
4
101
117
56
61
136
125
114
121
193
174
145
127
109
161
126
110
161
150
155
145
76
151
204
152
97
151
161
89
73
99
128
79
63
114
109
60
101
94
64
75
61
51
32
54
83
70
3
-25
-11
-28
-61
-18
19
-22
-51
-23
6
-16
-4
27
7
11
3
-51
-65
-56
-65
-81
-70
-30
-16
-58
-75
-29
-54
-103
-77
-59
-53
-73
-45
-6
-45
-103
-53
-50
-113
-53
-52
-86
-86
-63
-62
-67
-87
-91
-50
-41
-42
26
2
-21
-46
-36
18
57
18
-9
-33
-8
-9
-34
-10
11
26
-18
-2
44
47
6
0
65
40
-10
48
98
24
-12
31
11
-19
-40
16
29
15
13
17
21
-6
-24
-13
2
-35
-35
-13
-37
-9
-32
-63
-39
-12
-50
-49
5
-23
-62
-53
-56
-49
-42
-25
14
4
-35
-34
-13
-50
-81
-41
-4
-17
-8
-14
-19
-8
-61
-34
42
29
-8
29
53
18
1
3
37
38
21
27
33
48
25
16
22
64
53
39
76
65
34
-7
21
48
35
25
42
54
20
43
103
56
48
93
55
51
58
70
28
50
50
53
72
34
51
62
61
26
34
59
32
29
68
61
57
39
48
35
72
78
52
66
85
63
34
22
65
88
31
30
81
74
-10
13
43
20
4
19
20
-28
-24
-14
-56
-14
-28
-57
-51
-66
-86
-107
-97
-109
-129
-112
-92
-99
-102
-126
-132
-126
-150
-129
-94
-106
-108
-130
-148
-157
-174
-149
-110
-117
-155
-133
-124
-143
-137
-125
-135
-112
-123
-132
-104
-114
-123
-109
-81
-70
-57
-80
-27
-45
-63
-16
-15
-42
-37
14
15
-13
19
41
19
27
21
31
31
74
75
83
74
82
76
81
106
108
110
109
116
124
129
122
125
115
125
173
193
162
154
142
142
158
157
159
167
146
154
154
135
144
153
117
144
154
122
137
123
78
101
110
96
97
91
93
99
93
84
85
65
33
53
83
47
33
54
43
1
-1
9
10
14
30
-17
-30
-38
-86
-95
-73
-53
-86
-100
-87
-109
-131
-123
-131
-146
-127
-132
-151
-152
-156
-163
-155
-182
-182
-165
-147
-141
-145
-147
-152
-151
-167
-174
-175
-164
-185
-192
-157
-147
-161
-162
-150
-125
-114
-104
-107
-89
-96
-113
-65
-51
-95
-107
-59
-36
-56
-35
11
-20
-41
-32
-28
15
0
1
34
33
10
30
40
44
62
62
62
83
95
105
75
100
100
82
82
106
122
120
149
162
159
165
168
165
136
136
142
136
135
129
144
150
142
133
139
134
115
142
135
125
133
127
112
108
106
110
136
105
96
116
93
83
71
57
49
24
52
41
27
45
51
28
3
8
23
17
20
14
-28
-29
-46
-81
-62
-59
-85
-87
-93
-82
-85
-98
-104
-104
-122
-114
-104
-140
-136
-131
-139
-131
-104
-105
-114
-131
-152
-143
-127
-128
-125
-130
-136
-132
-137
-124
-113
-110
-114
-99
-85
-84
-86
-96
-99
-96
-108
-90
-80
-83
-78
-67
-44
-34
-44
-43
-17
-19
-28
-25
-26
-22
-18
6
-2
20
33
16
39
50
54
39
27
11
26
41
46
40
61
71
64
81
92
102
104
91
79
95
114
104
97
102
86
95
121
131
134
126
120
118
124
109
107
112
83
81
106
108
97
96
94
88
67
60
87
86
63
62
53
54
28
33
58
45
43
46
24
26
21
10
21
11
-16
-15
-21
-26
-27
-15
-19
-28
-43
-52
-40
-37
-37
-47
-61
-58
-70
-85
-72
-68
-87
-90
-80
-85
-99
-82
-57
-82
-100
-72
-75
-87
-82
-71
-80
-79
-78
-82
-81
-71
-50
-53
-39
-37
-50
-31
-24
-52
-58
-26
-47
-53
-42
-31
-35
-59
-51
-50
-59
-48
-34
-44
-53
-43
-24
-18
-11
-21
-16
-11
-13
-18
-29
-27
-34
-32
-12
-11
2
6
20
29
32
37
43
44
44
48
39
37
38
53
61
87
95
83
59
70
68
65
70
93
102
71
76
92
86
50
54
68
75
55
79
77
51
50
52
61
51
41
49
30
12
20
21
15
0
23
18
-2
16
28
18
20
5
-6
-14
-13
-17
-12
0
-15
-28
-27
-25
-35
-45
-38
-29
-20
-33
-33
-24
-26
-10
-4
-8
-26
-16
-20
-30
-18
-12
-14
-2
-1
-8
-6
-7
-13
-14
-10
-13
-25
-10
-5
-10
2
5
-7
-8
-1
-11
-15
-25
-26
-25
-13
-9
5
9
-19
-31
-36
-13
-19
-32
-22
-26
-38
-42
-42
-55
-56
-54
-45
-33
-29
-35
-43
-40
-51
-45
-52
-55
-54
-45
-42
-42
-32
-25
-33
-33
-27
-31
-18
-23
-20
-5
-11
-13
-12
-6
-16
-21
-1
1
-4
2
11
21
21
26
35
37
24
24
35
48
41
33
44
41
32
44
54
55
53
44
56
64
64
59
63
72
58
40
44
63
62
48
56
57
38
44
45
48
46
43
42
42
43
38
39
42
38
40
37
30
29
24
22
25
16
15
5
9
15
21
25
7
-13
-13
0
0
13
2
5
10
7
5
-6
1
-3
-12
2
-5
-26
-23
-23
-18
-27
-17
-13
-31
-38
-42
-50
-44
-55
-52
-44
-54
-46
-43
-42
-48
-57
-57
-53
-60
-72
-59
-61
-68
-73
-63
-55
-72
-72
-56
-55
-48
-47
-61
-51
-44
-43
-48
-40
-45
-50
-47
-51
-39
-29
-33
-22
-14
-11
-24
-23
-18
-12
-1
-5
2
3
-10
-13
-13
-12
-10
-4
2
-1
10
12
16
20
27
36
27
37
42
28
29
36
48
52
46
56
55
42
39
43
43
45
49
43
52
64
59
58
62
35
39
48
43
55
68
74
74
57
60
60
51
54
59
56
60
63
46
37
31
31
39
44
54
53
54
45
42
39
37
31
23
17
21
17
13
24
23
13
1
3
-1
-15
-8
-10
-15
-4
-8
-26
-18
-9
-27
-33
-42
-58
-66
-67
-72
-77
-65
-62
-66
-65
-61
-57
-67
-78
-87
-84
-87
-95
-89
-76
-77
-73
-64
-63
-60
-73
-78
-76
-70
-71
-64
-52
-54
-46
-41
-45
-50
-30
-23
-9
-9
-7
-3
-13
-8
-6
4
2
-5
5
18
18
11
12
11
5
11
23
30
36
35
30
34
40
18
21
24
27
32
25
33
48
43
35
35
34
35
34
38
33
34
29
19
34
38
40
45
41
41
42
38
37
36
28
33
44
51
38
37
30
26
19
22
31
43
38
33
23
19
21
8
21
28
20
14
8
5
13
13
7
9
11
10
9
11
3
-2
-4
-9
-8
-10
-16
-21
-21
-14
-13
-10
-14
-18
-13
-10
-18
-23
-20
-31
-32
-25
-22
-29
-15
-18
-30
-30
-32
-36
-35
-32
-24
-18
-18
-20
-24
-36
-30
-26
-30
-33
-31
-22
-21
-16
-17
-15
-21
-30
-27
-12
-8
-8
-2
-7
-21
-11
-6
-17
-29
-27
-12
-8
-17
-6
6
-2
3
6
-8
-14
-19
-25
-24
-19
-14
-12
-10
-10
-9
-6
5
6
7
10
6
8
5
2
6
7
10
17
15
19
15
22
29
18
18
17
15
24
25
32
35
28
36
32
44
45
29
27
28
29
28
34
38
22
21
31
31
33
34
29
30
28
19
12
16
9
-1
9
8
11
7
0
1
5
-2
-6
-6
-5
-11
-12
-4
-10
-17
-17
-13
-19
-15
-10
-9
-3
-2
-11
-12
-16
-19
-14
-20
-13
-11
-12
-8
-7
-13
-14
-15
-15
-7
-11
-22
-21
-15
-19
-6
2
-2
-8
-9
-8
-14
-7
-8
-5
-2
-4
-3
-8
-13
-14
-13
-13
-10
0
-3
-1
3
4
4
5
-2
-5
-3
-8
-5
-4
-1
-12
-15
-13
-8
-4
3
4
3
0
-7
-4
-7
-11
-12
-3
-11
-3
4
4
9
6
-2
-6
-7
-11
-7
-3
-1
-3
-3
-2
5
10
12
9
5
5
8
2
7
7
7
9
6
8
4
5
0
-8
-1
10
11
12
7
1
-7
0
8
8
9
0
-5
-7
-6
-2
2
-3
2
10
12
9
8
11
8
10
15
15
14
7
15
18
17
15
10
8
9
8
10
11
14
16
18
25
17
12
7
6
13
5
7
18
14
12
10
5
5
10
12
6
1
-1
-5
0
4
-3
-9
-15
-19
-20
-16
-6
-18
-24
-19
-18
-16
-15
-11
-9
-13
-20
-20
-19
-18
-24
-18
-18
-17
-14
-12
-8
-7
-9
-8
-8
-11
-9
-12
-13
-21
-22
-14
-10
0
4
-7
-14
-11
-6
0
1
-5
-5
-5
-3
-4
-9
-4
-3
-7
-8
-9
-10
-10
-12
-9
-11
-6
-8
-4
1
3
11
10
9
12
12
3
1
1
-1
4
12
18
15
16
18
14
11
18
22
19
24
24
22
25
20
19
19
15
19
21
21
17
19
14
10
8
