1
1
2
3
3
2
0
-1
-1
-2
0
1
0
0
-1
-1
0
0
0
1
1
1
0
2
1
2
2
2
3
3
1
1
0
-1
-1
0
0
1
2
1
1
2
3
1
0
0
-1
1
2
0
0
2
0
0
0
0
0
0
-1
-1
-1
-2
-1
-1
-1
0
-1
-1
0
0
0
-2
-1
-1
0
-1
-2
-2
-2
-1
-2
-2
0
-2
-2
2
0
1
3
2
2
2
1
1
1
0
0
-1
-2
-1
0
0
-1
2
1
2
3
1
1
2
0
-1
0
1
0
-1
0
-1
0
0
0
1
-1
1
0
0
-1
1
1
0
0
-1
-1
-1
-2
-5
-4
-4
-3
-1
0
1
1
0
-1
0
0
-1
-3
-1
-2
-2
-1
-1
1
0
1
2
1
0
2
1
2
1
0
2
1
2
1
-1
0
-1
-2
-2
-1
-1
0
0
0
0
2
2
0
3
2
-1
0
0
0
-2
-1
-1
-2
0
-1
-1
1
0
1
-1
-1
0
-1
-1
0
-1
0
2
2
0
1
-1
2
2
0
2
1
0
0
-1
0
0
0
0
-1
-1
-1
-1
-1
-1
-1
0
0
1
2
2
2
1
-1
0
0
0
-1
-1
-2
-1
-1
-1
0
-1
-1
-2
-2
-2
-1
1
-2
-3
-2
-3
-2
-1
-2
-4
-3
-3
-3
-3
0
-1
-1
0
1
-1
0
1
1
1
0
2
1
2
2
1
1
1
0
1
1
1
0
-1
-2
-2
-1
-1
0
1
0
2
0
1
0
-1
1
3
2
1
2
1
2
-1
0
-1
-2
0
0
1
1
1
2
3
3
3
3
2
3
1
2
3
2
1
2
2
2
2
2
2
1
2
2
3
2
1
1
1
1
1
0
1
1
0
0
-1
0
-2
-2
-1
-3
-1
-1
-3
-1
-2
-2
-2
-3
1
0
0
0
1
1
2
0
0
-1
-1
-2
-3
-2
-2
-1
-1
0
1
1
2
3
2
2
0
-1
0
-2
0
-1
-2
1
0
-1
-1
-1
0
-1
-1
-1
-3
-3
0
0
1
0
-2
-2
-1
-1
-2
-1
-3
-2
0
0
0
1
1
0
1
0
-1
0
-1
-1
-3
-3
-3
-2
0
0
-1
1
0
0
1
0
1
2
2
1
0
0
-2
-2
-3
-2
-2
-3
-1
-1
-2
-2
-1
-2
-1
-1
1
1
0
-1
-2
-1
-4
-1
-3
-2
0
0
1
1
1
2
1
1
2
1
1
1
2
4
3
2
1
1
0
0
0
3
3
4
4
4
3
2
2
2
2
4
4
1
1
2
4
2
3
3
4
3
4
4
3
4
3
3
3
2
1
3
1
2
1
0
0
-1
0
0
0
0
0
0
0
0
-2
-2
-3
-3
-3
-5
-4
-5
-3
-2
-3
-3
-4
-3
-3
-3
-3
-2
-1
-3
-3
-2
-2
-3
-4
-4
-3
-5
-4
-3
-5
-3
-4
-4
-5
-4
-5
-6
-6
-4
-3
-3
-1
-1
-1
-1
-1
0
-1
-1
-2
-2
0
-1
-1
0
-2
-2
0
0
-1
-1
0
1
3
2
3
2
1
2
1
2
4
3
3
4
3
4
4
4
6
4
5
4
4
5
5
5
5
7
6
5
6
4
2
3
1
1
2
1
2
1
2
1
2
2
1
1
2
3
2
3
2
2
1
0
1
-1
0
-1
-3
-5
-5
-4
-4
-4
-4
-4
-5
-5
-4
-3
-2
-3
-5
-3
-4
-4
-3
-4
-4
-3
-4
-3
0
-1
-3
-4
-3
-2
-2
-2
-2
-2
-2
-1
1
0
1
1
1
2
3
3
4
2
3
4
6
6
7
7
6
5
5
7
9
9
9
10
11
10
12
12
11
10
9
8
8
6
6
5
5
4
3
4
3
3
2
3
1
0
0
-1
-3
-3
-4
-7
-7
-8
-10
-10
-11
-13
-15
-14
-15
-15
-14
-15
-15
-13
-16
-16
-16
-16
-17
-18
-17
-18
-17
-17
-15
-14
-14
-13
-12
-15
-13
-11
-11
-11
-10
-10
-9
-8
-8
-6
-5
-3
-2
-1
-2
3
4
4
5
4
7
9
11
13
13
14
14
17
18
19
20
18
19
21
23
24
25
24
25
25
26
26
28
27
28
27
28
29
27
26
26
25
23
22
19
20
18
16
16
14
10
8
5
3
1
-2
-6
-8
-9
-11
-14
-15
-16
-19
-22
-22
-23
-26
-29
-31
-31
-31
-30
-32
-33
-33
-33
-34
-33
-32
-34
-34
-33
-32
-34
-33
-33
-34
-31
-29
-27
-24
-22
-20
-18
-18
-17
-15
-13
-10
-8
-4
-4
-2
-1
1
4
6
8
11
14
15
18
18
22
25
25
26
28
28
33
34
34
35
35
38
39
42
43
43
44
44
46
46
44
42
43
42
42
43
41
38
35
35
30
28
26
23
22
17
14
12
6
4
2
-1
-4
-10
-14
-19
-24
-27
-30
-35
-37
-42
-44
-47
-48
-49
-53
-53
-55
-55
-58
-59
-58
-60
-60
-57
-55
-54
-52
-52
-48
-46
-45
-42
-39
-35
-31
-30
-28
-25
-22
-20
-19
-15
-12
-10
-7
-5
0
6
7
12
14
18
19
21
25
29
30
34
37
39
39
43
47
49
49
51
52
53
54
57
56
56
59
59
62
64
65
65
63
66
68
69
70
65
63
60
57
56
55
52
47
41
35
31
24
17
12
5
0
-6
-12
-20
-28
-37
-44
-48
-55
-63
-66
-71
-73
-76
-82
-85
-87
-88
-91
-90
-92
-93
-91
-90
-90
-87
-86
-85
-84
-80
-75
-72
-70
-66
-62
-60
-56
-52
-49
-47
-45
-39
-35
-31
-27
-23
-16
-9
-3
2
6
11
16
22
25
31
32
36
42
45
46
50
51
52
56
60
63
66
71
73
75
79
79
81
82
84
88
88
88
90
89
90
95
103
110
114
113
108
99
98
98
99
102
99
96
88
78
68
57
47
40
35
30
18
4
-7
-24
-34
-47
-63
-72
-87
-92
-97
-104
-111
-123
-132
-140
-143
-143
-144
-145
-146
-148
-148
-143
-139
-135
-133
-132
-127
-118
-100
-89
-93
-97
-97
-96
-81
-59
-49
-42
-36
-41
-38
-28
-20
-14
2
21
21
20
20
8
12
23
22
30
32
30
32
39
50
44
37
38
36
46
58
59
57
55
53
57
60
66
67
66
66
69
73
76
74
72
69
71
73
73
80
80
82
84
82
79
79
82
91
98
95
94
94
96
106
123
134
134
121
105
96
92
104
112
108
105
93
76
67
55
41
31
21
17
5
-10
-27
-56
-73
-90
-114
-128
-139
-158
-164
-170
-174
-184
-197
-205
-209
-207
-205
-206
-207
-212
-210
-201
-194
-187
-185
-183
-178
-170
-157
-144
-137
-129
-120
-114
-107
-94
-84
-75
-64
-50
-31
-10
5
13
20
16
15
28
33
44
67
72
75
82
77
69
74
83
84
84
99
92
81
91
82
71
77
70
67
75
88
88
83
86
80
72
80
85
86
90
88
89
86
88
91
89
88
91
90
92
97
99
93
89
89
87
82
86
88
85
84
76
74
74
83
96
111
132
137
122
107
96
85
95
111
109
102
91
68
53
40
26
12
-6
-12
-20
-36
-43
-71
-94
-111
-133
-147
-158
-171
-180
-189
-197
-204
-223
-236
-237
-235
-228
-225
-222
-223
-220
-211
-202
-190
-184
-182
-181
-168
-156
-144
-135
-128
-123
-116
-104
-96
-84
-78
-75
-62
-53
-47
-28
-14
-13
-6
3
8
22
35
36
41
44
56
55
59
64
58
61
67
63
64
69
74
82
86
88
81
72
81
87
93
102
99
93
89
97
106
104
103
95
89
91
95
97
97
92
86
91
90
98
99
92
91
93
99
100
105
103
98
101
101
113
134
146
179
199
193
168
146
133
133
170
192
189
191
166
140
121
103
89
69
60
51
25
14
-5
-40
-58
-91
-124
-149
-173
-181
-195
-202
-213
-235
-259
-278
-292
-294
-293
-295
-295
-305
-300
-294
-291
-274
-278
-288
-282
-272
-246
-224
-207
-205
-206
-195
-181
-162
-130
-114
-117
-110
-89
-61
-29
-11
-5
2
8
24
42
53
62
62
72
90
90
89
83
80
94
93
92
98
83
83
88
95
104
97
90
88
96
117
121
114
111
102
99
112
117
109
93
85
86
94
110
121
118
110
108
119
123
125
132
136
136
139
155
155
156
162
159
174
192
214
261
290
296
260
228
217
200
239
272
266
267
244
204
174
145
124
100
90
77
25
0
-30
-86
-115
-151
-196
-238
-278
-301
-300
-305
-326
-360
-392
-426
-448
-445
-435
-442
-453
-457
-455
-435
-423
-413
-406
-414
-409
-392
-364
-322
-289
-275
-274
-259
-224
-187
-153
-133
-144
-134
-104
-75
-18
31
39
52
59
59
64
85
124
141
165
188
167
166
177
173
182
195
184
182
176
191
202
199
202
175
171
177
189
208
213
213
206
194
203
209
205
206
196
179
172
174
179
196
196
182
175
167
165
174
183
183
181
182
171
172
186
171
172
177
164
163
198
253
287
294
252
205
166
164
215
236
237
219
161
112
75
49
27
-2
-15
-50
-112
-132
-164
-206
-227
-264
-320
-372
-411
-423
-421
-414
-426
-480
-528
-564
-575
-558
-537
-532
-539
-545
-528
-507
-481
-457
-446
-449
-434
-412
-372
-330
-304
-297
-281
-248
-206
-169
-146
-121
-116
-94
-42
-9
25
54
59
75
99
121
138
185
235
245
247
257
237
234
266
295
302
296
294
278
282
310
310
296
303
290
278
319
348
346
343
340
323
317
329
336
336
327
306
283
267
259
262
263
249
232
216
200
206
211
203
196
191
172
167
174
170
171
150
123
123
139
191
240
262
240
169
129
109
119
172
194
177
144
91
38
-4
-30
-68
-107
-102
-137
-204
-208
-252
-304
-327
-383
-457
-516
-549
-559
-547
-550
-588
-648
-694
-724
-731
-698
-686
-686
-692
-698
-674
-632
-591
-571
-551
-554
-539
-507
-462
-403
-368
-367
-361
-334
-287
-227
-176
-134
-125
-104
-51
-12
49
90
87
94
110
146
203
254
294
313
325
338
362
411
434
438
443
444
447
466
487
505
523
537
541
529
531
556
563
570
588
585
584
571
568
571
577
568
535
499
462
442
424
426
419
380
358
347
331
319
295
265
242
221
231
222
195
197
147
104
107
122
177
219
208
135
69
33
4
67
124
82
44
0
-75
-115
-142
-194
-246
-273
-305
-385
-420
-452
-535
-581
-635
-703
-758
-800
-818
-808
-805
-824
-873
-943
-988
-1004
-992
-974
-954
-954
-968
-923
-877
-847
-815
-780
-773
-735
-665
-606
-544
-493
-453
-434
-405
-389
-349
-264
-180
-145
-99
-45
-21
41
114
161
211
236
260
312
395
459
489
528
552
581
643
699
748
776
762
770
791
813
826
826
858
875
874
897
898
894
893
884
879
888
876
849
836
829
810
777
738
682
645
605
589
580
519
462
430
394
360
347
317
247
186
171
156
145
146
132
90
103
145
168
209
155
71
-3
-53
-18
12
24
0
-98
-153
-220
-319
-357
-421
-464
-479
-570
-625
-691
-796
-818
-890
-972
-1022
-1106
-1156
-1160
-1144
-1139
-1184
-1248
-1313
-1375
-1374
-1320
-1307
-1286
-1278
-1259
-1165
-1076
-1018
-964
-923
-904
-857
-724
-606
-557
-469
-430
-425
-367
-283
-220
-133
-40
15
27
98
186
200
294
378
400
445
527
587
643
709
761
746
770
835
848
885
914
913
906
927
953
952
972
993
981
986
1009
1022
1034
1020
1029
1041
1044
1064
1056
1033
991
974
964
924
890
847
776
737
703
705
704
654
607
555
506
482
449
415
370
300
253
238
226
219
205
188
196
210
177
124
79
-12
-70
-33
-34
-53
-83
-182
-280
-379
-476
-541
-623
-646
-703
-843
-879
-977
-1078
-1121
-1210
-1284
-1353
-1422
-1470
-1508
-1511
-1512
-1576
-1627
-1692
-1738
-1726
-1723
-1683
-1618
-1622
-1588
-1488
-1424
-1332
-1252
-1195
-1127
-1035
-918
-826
-705
-600
-570
-528
-427
-348
-239
-78
-3
30
94
137
198
341
476
530
565
639
686
751
868
932
953
999
1059
1127
1228
1284
1318
1325
1313
1304
1322
1382
1391
1398
1425
1429
1433
1455
1450
1470
1477
1437
1429
1444
1430
1415
1391
1348
1311
1267
1216
1173
1098
1045
970
892
849
780
715
665
599
489
424
383
302
248
168
96
38
24
51
59
83
76
-3
-107
-158
-265
-275
-230
-268
-275
-366
-469
-575
-717
-810
-909
-1008
-1043
-1129
-1245
-1301
-1425
-1496
-1567
-1670
-1740
-1861
-1938
-1938
-1925
-1916
-1916
-1965
-2007
-2058
-2086
-2029
-1994
-1964
-1908
-1878
-1811
-1700
-1601
-1504
-1417
-1337
-1232
-1074
-867
-707
-616
-503
-432
-371
-203
-56
69
215
282
300
393
499
564
683
848
930
909
1013
1059
1103
1268
1348
1359
1405
1468
1525
1604
1670
1681
1604
1603
1621
1626
1685
1702
1667
1580
1499
1511
1538
1523
1537
1502
1408
1383
1399
1411
1427
1382
1300
1227
1180
1163
1091
1058
972
861
797
686
635
589
465
386
325
202
140
81
19
28
27
-46
-103
-144
-156
-116
8
17
-44
-147
-297
-339
-341
-291
-337
-436
-481
-659
-820
-851
-945
-1022
-1026
-1155
-1280
-1374
-1494
-1519
-1517
-1564
-1640
-1789
-1893
-1903
-1872
-1785
-1785
-1865
-1960
-2068
-2088
-1988
-1906
-1831
-1809
-1812
-1742
-1611
-1433
-1293
-1206
-1211
-1171
-1064
-904
-665
-501
-379
-307
-267
-186
-90
49
185
284
343
400
463
574
681
780
853
869
893
955
1060
1199
1309
1358
1358
1336
1364
1470
1567
1597
1585
1557
1506
1476
1522
1560
1545
1487
1452
1420
1421
1434
1442
1420
1363
1299
1252
1254
1238
1202
1156
1111
1043
1000
965
922
873
785
717
666
585
501
429
357
285
208
156
61
-9
-1
-58
-108
-84
-100
-123
-82
-35
-65
-139
-139
-186
-242
-196
-195
-241
-279
-383
-505
-601
-715
-806
-893
-934
-1032
-1143
-1220
-1341
-1437
-1487
-1548
-1633
-1710
-1794
-1833
-1804
-1780
-1772
-1824
-1909
-1985
-2011
-1973
-1900
-1833
-1806
-1810
-1725
-1601
-1519
-1386
-1290
-1290
-1214
-1059
-930
-747
-573
-470
-383
-269
-175
-120
9
186
250
343
490
510
605
747
818
886
919
953
1001
1107
1240
1314
1380
1421
1405
1422
1495
1542
1614
1637
1625
1641
1663
1640
1639
1651
1592
1533
1482
1423
1426
1428
1375
1334
1303
1247
1202
1185
1130
1066
1017
983
939
890
848
811
740
642
584
506
441
367
312
233
111
33
-32
-118
-160
-188
-231
-244
-220
-147
-113
-116
-181
-241
-260
-288
-256
-233
-249
-313
-391
-472
-607
-693
-782
-878
-939
-1013
-1148
-1236
-1349
-1464
-1480
-1532
-1606
-1661
-1710
-1775
-1787
-1747
-1766
-1802
-1840
-1869
-1888
-1870
-1843
-1805
-1773
-1737
-1683
-1613
-1498
-1425
-1370
-1300
-1201
-1116
-951
-751
-642
-511
-388
-302
-199
-63
42
174
295
423
476
523
661
758
873
955
980
970
974
1064
1161
1265
1366
1360
1371
1459
1515
1572
1665
1698
1680
1674
1699
1720
1698
1676
1598
1521
1472
1441
1436
1446
1402
1337
1305
1262
1225
1204
1174
1137
1113
1082
1056
1028
992
896
778
692
602
536
461
369
314
211
90
29
-43
-119
-196
-276
-295
-265
-204
-115
-55
-44
-118
-157
-146
-209
-166
-111
-214
-268
-335
-503
-588
-713
-869
-1006
-1131
-1190
-1333
-1425
-1500
-1680
-1782
-1814
-1866
-1932
-1964
-1993
-2016
-2019
-1972
-1927
-1973
-1997
-2020
-2047
-2005
-1982
-1916
-1855
-1800
-1764
-1657
-1507
-1411
-1277
-1128
-1000
-901
-758
-642
-534
-410
-259
-110
21
146
230
305
394
501
517
595
731
828
921
1010
1036
1003
1063
1160
1267
1353
1423
1450
1472
1554
1634
1689
1754
1761
1750
1780
1844
1854
1833
1801
1739
1712
1707
1710
1726
1716
1662
1636
1620
1643
1660
1624
1493
1395
1341
1281
1302
1288
1216
1077
949
911
832
782
723
568
441
326
200
130
77
-30
-153
-235
-285
-332
-293
-219
-202
-247
-368
-481
-542
-530
-406
-390
-401
-463
-678
-829
-996
-1129
-1296
-1419
-1522
-1608
-1671
-1791
-1935
-2099
-2198
-2383
-2452
-2499
-2448
-2342
-2379
-2340
-2254
-2341
-2364
-2363
-2410
-2369
-2360
-2224
-2137
-1924
-1721
-1647
-1468
-1421
-1422
-1284
-1185
-978
-751
-486
-329
-209
9
28
212
377
465
555
634
780
755
892
1062
1004
1153
1176
1127
1157
1145
1204
1183
1239
1311
1240
1311
1368
1420
1557
1647
1759
1829
1967
2114
2272
2442
2462
2518
2501
2431
2412
2383
2354
2246
2160
2054
1836
1783
1659
1497
1374
1160
1006
828
796
768
640
616
506
402
387
378
398
363
363
300
192
169
136
110
90
103
156
256
387
433
384
271
176
89
82
138
79
-47
-282
-652
-1034
-1416
-1773
-2126
-2553
-2897
-3338
-3720
-3964
-4222
-4315
-4424
-4442
-4350
-4195
-3878
-3494
-3092
-2662
-2257
-1898
-1503
-1121
-737
-413
-182
-4
121
229
353
408
424
390
273
200
145
154
191
205
257
275
197
128
34
-21
-72
-87
-27
-17
-15
37
117
207
271
355
436
575
805
1039
1317
1573
1815
1962
2121
2263
2386
2504
2566
2566
2556
2514
2384
2253
2080
1882
1652
1437
1239
1066
985
908
884
854
801
798
785
802
845
877
889
883
887
905
920
951
976
955
897
835
741
713
685
658
607
501
386
272
167
107
15
-53
25
110
182
317
426
382
293
200
98
80
98
18
-146
-381
-710
-1152
-1523
-1858
-2218
-2560
-2921
-3330
-3689
-3925
-4125
-4206
-4225
-4180
-4053
-3849
-3546
-3120
-2659
-2199
-1777
-1387
-1006
-633
-257
57
265
423
522
512
572
670
698
632
522
387
246
167
186
160
61
-98
-256
-403
-500
-534
-630
-693
-684
-677
-600
-444
-288
-91
90
272
524
765
1123
1526
1851
2123
2336
2422
2512
2617
2684
2692
2625
2490
2264
2085
1939
1736
1508
1275
1053
900
764
755
777
715
648
620
622
669
760
891
986
1001
999
999
1046
1095
1114
1150
1170
1142
1182
1210
1200
1201
1125
1022
898
770
637
466
321
239
147
201
263
338
436
368
233
214
180
229
281
208
102
-144
-461
-850
-1247
-1660
-2116
-2576
-2975
-3390
-3738
-4004
-4217
-4312
-4315
-4260
-4098
-3832
-3498
-3097
-2681
-2224
-1837
-1431
-1026
-714
-420
-170
12
139
210
226
241
161
85
-6
-136
-130
-150
-169
-136
-114
-71
-76
-150
-189
-310
-478
-495
-433
-402
-278
-219
-208
-138
-39
156
317
593
848
1047
1425
1712
1881
2132
2276
2335
2430
2473
2470
2431
2401
2283
2083
1950
1750
1476
1321
1154
986
907
798
759
783
756
750
749
775
834
900
999
1012
957
934
881
868
955
993
1038
1025
1064
1041
1033
1086
1112
1052
1006
938
765
645
510
391
373
441
497
617
683
645
520
450
379
348
390
301
171
-44
-324
-727
-1189
-1629
-2085
-2572
-2985
-3422
-3839
-4164
-4405
-4471
-4469
-4397
-4261
-3985
-3646
-3186
-2675
-2173
-1712
-1319
-954
-666
-322
-11
146
240
298
264
181
163
158
92
23
-55
-138
-170
-159
-178
-239
-293
-363
-504
-513
-436
-375
-278
-240
-191
-177
-71
111
314
538
735
882
1058
1301
1550
1775
1941
2049
2166
2242
2297
2361
2343
2253
2121
1963
1795
1639
1453
1244
1039
850
681
570
523
470
512
532
525
599
656
732
849
953
1058
1136
1193
1210
1210
1244
1257
1255
1267
1253
1229
1180
1129
1115
1075
972
838
687
523
335
182
124
136
278
379
519
664
654
587
638
648
624
619
499
270
-84
-482
-939
-1443
-1936
-2432
-2926
-3323
-3748
-4048
-4268
-4385
-4411
-4364
-4218
-3997
-3683
-3334
-2865
-2415
-1929
-1512
-1173
-873
-568
-349
-144
34
123
156
161
168
111
111
32
-70
-150
-206
-236
-264
-313
-384
-542
-714
-782
-768
-696
-530
-308
19
313
491
698
928
955
986
1290
1492
1640
1911
2026
1905
1886
1854
1697
1561
1562
1511
1356
1403
1370
1123
1135
1128
988
1080
1113
1071
1098
1253
1250
1225
1336
1332
1237
1307
1319
1260
1323
1299
1266
1266
1255
1160
1170
1178
1078
980
980
900
728
682
574
375
332
276
157
110
124
-12
-128
58
325
551
886
1260
1321
1325
1361
1395
1350
1348
1217
921
588
168
-348
-970
-1511
-2084
-2703
-3201
-3603
-4043
-4321
-4558
-4648
-4629
-4546
-4357
-4125
-3804
-3435
-3034
-2536
-2057
-1653
-1227
-952
-696
-427
-229
-86
73
129
82
75
44
34
38
-17
-93
-137
-167
-280
-398
-469
-678
-922
-1042
-1126
-1197
-1166
-1043
-866
-704
-455
-184
76
421
723
1013
1345
1624
1941
2188
2373
2508
2485
2436
2475
2496
2480
2432
2299
2154
2072
2051
1975
1869
1745
1611
1484
1476
1477
1435
1381
1271
1147
1062
1014
977
981
959
943
967
957
935
952
940
842
857
869
858
881
993
976
925
930
809
684
576
426
192
95
-32
-137
-124
51
188
342
452
472
496
517
618
705
823
767
584
294
-117
-632
-1119
-1650
-2194
-2708
-3225
-3750
-4160
-4407
-4641
-4698
-4626
-4525
-4365
-4003
-3563
-3034
-2452
-1947
-1546
-1182
-895
-655
-378
-173
-78
-56
-74
-118
-97
-80
-46
-66
-133
-170
-158
-128
-37
-13
-97
-205
-386
-563
-687
-772
-822
-881
-969
-936
-840
-671
-441
-180
132
428
800
1164
1524
1867
2188
2414
2608
2805
2933
2900
2852
2791
2607
2465
2310
2179
1997
1830
1680
1516
1414
1400
1337
1297
1273
1240
1193
1145
1122
1066
995
954
918
870
845
767
692
667
718
826
949
1026
1107
1150
1136
1166
1179
1105
948
852
628
351
185
63
11
106
273
366
465
512
541
590
730
831
827
729
525
200
-186
-632
-1131
-1645
-2248
-2774
-3212
-3685
-4090
-4391
-4617
-4665
-4629
-4479
-4242
-3945
-3563
-3172
-2699
-2209
-1797
-1429
-1135
-888
-662
-481
-301
-205
-192
-209
-215
-239
-203
-181
-204
-225
-250
-246
-250
-235
-210
-325
-546
-681
-788
-846
-873
-843
-842
-858
-796
-651
-445
-99
157
410
743
1017
1361
1742
2116
2354
2535
2664
2805
2865
2914
2902
2765
2641
2498
2335
2244
2155
1986
1878
1703
1573
1536
1489
1483
1505
1420
1280
1179
1125
1075
1010
1022
924
794
734
685
656
700
773
874
982
1113
1177
1217
1249
1170
1069
987
822
645
470
231
133
100
137
203
366
464
449
431
492
521
576
662
533
391
103
-301
-754
-1174
-1671
-2216
-2763
-3177
-3657
-4062
-4334
-4628
-4705
-4700
-4554
-4374
-4077
-3749
-3376
-2938
-2462
-2078
-1705
-1344
-1101
-823
-536
-322
-194
-97
-108
-132
-121
-62
-16
-15
-28
-95
-149
-79
-49
-45
-85
-260
-492
-573
-621
-703
-607
-630
-694
-684
-563
-374
-183
142
381
600
914
1171
1500
1830
2088
2305
2436
2587
2678
2754
2802
2736
2603
2554
2484
2389
2346
2221
2025
1855
1734
1606
1535
1533
1474
1327
1258
1161
1081
1048
1010
1021
962
917
923
911
944
982
966
980
1015
1098
1180
1162
1176
1097
993
911
780
661
465
192
25
-53
-18
95
238
422
394
352
372
385
520
567
514
421
148
-182
-547
-973
-1410
-1981
-2516
-2971
-3434
-3801
-4069
-4317
-4472
-4532
-4484
-4331
-4134
-3849
-3508
-3113
-2692
-2300
-1979
-1618
-1333
-1105
-856
-668
-523
-379
-304
-231
-196
-155
-110
-57
11
16
17
19
-10
-27
-49
-197
-329
-440
-596
-672
-696
-694
-671
-684
-634
-530
-320
-77
195
451
701
930
1145
1420
1681
1865
1992
2165
2276
2390
2504
2572
2600
2578
2534
2509
2475
2471
2403
2288
2211
2084
1990
1912
1816
1695
1581
1392
1253
1169
1059
1001
992
958
910
891
939
951
986
1078
1091
1140
1202
1210
1193
1152
1038
925
834
651
465
267
129
69
137
267
420
599
626
612
600
619
652
676
606
487
249
-121
-587
-1064
-1525
-2046
-2558
-2985
-3403
-3784
-4030
-4300
-4451
-4488
-4477
-4423
-4222
-3960
-3664
-3351
-2974
-2631
-2320
-2006
-1757
-1538
-1301
-1096
-897
-676
-469
-282
-177
-58
3
44
128
208
274
326
333
311
228
162
85
-59
-211
-352
-499
-486
-407
-396
-301
-190
-122
-16
180
393
521
704
926
1038
1266
1476
1576
1708
1856
1865
1958
2092
2150
2196
2325
2429
2407
2487
2488
2412
2398
2326
2222
2116
2005
1911
1757
1597
1412
1218
1103
988
867
832
792
737
721
743
750
767
813
887
944
952
974
961
899
840
755
666
537
418
260
167
112
150
282
466
665
718
718
698
721
704
754
681
514
228
-120
-502
-926
-1347
-1814
-2287
-2758
-3149
-3514
-3767
-3988
-4106
-4183
-4163
-4083
-3927
-3754
-3530
-3252
-3021
-2755
-2517
-2252
-2045
-1876
-1677
-1467
-1279
-1031
-796
-584
-375
-187
-61
36
100
146
155
257
396
472
502
457
329
98
-44
-101
-179
-167
-98
-119
-64
18
78
132
222
302
394
458
608
737
882
1079
1119
1230
1388
1517
1677
1913
2062
2149
2286
2418
2489
2624
2722
2680
2644
2618
2530
2464
2402
2264
2070
1865
1672
1466
1296
1135
970
831
689
577
489
414
383
397
404
459
534
581
600
603
574
520
524
494
400
336
282
221
206
290
432
530
681
758
734
719
720
697
673
625
529
296
-22
-363
-792
-1156
-1584
-1996
-2417
-2849
-3169
-3483
-3726
-3851
-3954
-4011
-4030
-4016
-3927
-3779
-3580
-3317
-3070
-2836
-2582
-2392
-2185
-1943
-1749
-1527
-1312
-1122
-916
-675
-436
-246
-95
-14
35
97
192
294
398
496
546
602
657
663
699
680
658
562
516
598
635
698
780
746
680
628
594
632
657
740
775
805
919
1015
1140
1342
1478
1632
1808
1966
2167
2295
2414
2471
2500
2498
2434
2417
2428
2358
2278
2225
2053
1866
1734
1612
1507
1384
1219
1043
892
712
562
476
366
264
189
82
11
-19
-53
-66
-52
-31
-86
-38
64
96
139
120
3
-19
31
105
314
509
588
595
628
601
546
588
517
364
193
-69
-386
-714
-1010
-1369
-1761
-2105
-2502
-2853
-3106
-3294
-3444
-3515
-3616
-3738
-3731
-3646
-3523
-3352
-3169
-3028
-2862
-2685
-2507
-2329
-2160
-1975
-1796
-1602
-1436
-1207
-903
-627
-401
-234
-93
-16
42
170
237
279
316
279
290
393
496
604
787
906
968
945
1018
1101
1193
1302
1369
1344
1252
1193
1086
1082
1068
1029
1011
1031
1052
1110
1210
1334
1442
1562
1700
1786
1888
1904
1937
2006
2053
2088
2090
2113
2150
2126
2117
2096
2052
1980
1902
1826
1758
1664
1565
1353
1126
900
656
472
299
198
31
-163
-287
-421
-512
-483
-425
-421
-354
-317
-290
-267
-243
-215
-246
-267
-317
-278
-184
-28
162
333
433
447
483
447
451
455
336
136
-100
-370
-669
-975
-1283
-1615
-1997
-2323
-2643
-2894
-3072
-3223
-3287
-3380
-3414
-3367
-3314
-3262
-3164
-3080
-2997
-2908
-2826
-2704
-2522
-2338
-2156
-1883
-1646
-1417
-1151
-891
-648
-378
-168
-36
101
226
287
363
457
506
529
577
604
679
792
990
1174
1323
1486
1620
1621
1639
1687
1678
1599
1621
1625
1506
1504
1432
1365
1315
1370
1394
1465
1539
1597
1614
1604
1645
1635
1720
1674
1638
1611
1553
1516
1566
1550
1519
1509
1530
1523
1608
1671
1656
1547
1404
1190
992
828
623
428
165
-90
-317
-530
-650
-737
-803
-836
-837
-810
-760
-666
-591
-520
-447
-383
-392
-380
-357
-390
-377
-334
-312
-220
-39
146
354
504
612
630
630
584
496
373
188
-61
-376
-740
-1109
-1408
-1678
-1923
-2110
-2243
-2411
-2520
-2611
-2668
-2739
-2767
-2767
-2842
-2923
-2934
-2955
-2932
-2827
-2699
-2557
-2378
-2156
-1907
-1592
-1273
-974
-679
-416
-229
-67
98
228
350
389
415
472
473
565
674
818
964
1128
1289
1432
1611
1763
1911
1979
2029
2046
2050
2075
2105
2118
2089
2024
1939
1842
1830
1808
1741
1730
1600
1458
1371
1233
1123
1074
961
815
750
691
669
697
737
663
626
619
604
665
814
899
888
893
807
676
500
285
25
-229
-455
-624
-711
-740
-777
-853
-914
-950
-987
-910
-801
-770
-696
-656
-614
-559
-463
-395
-358
-337
-332
-324
-291
-202
-116
55
243
438
613
744
769
748
698
541
374
229
64
-140
-378
-640
-895
-1091
-1263
-1449
-1616
-1758
-1914
-2025
-2147
-2230
-2299
-2388
-2479
-2533
-2602
-2600
-2530
-2428
-2239
-2039
-1826
-1615
-1361
-1152
-937
-684
-460
-275
-122
18
87
142
252
325
378
486
578
657
805
1028
1224
1393
1535
1641
1753
1840
1941
2048
2099
2132
2225
2282
2341
2412
2408
2353
2232
2067
1880
1742
1656
1482
1320
1116
804
582
393
179
59
-81
-248
-378
-425
-383
-320
-234
-175
-128
-107
-51
32
118
197
213
151
79
55
-51
-143
-249
-383
-451
-495
-507
-473
-401
-393
-458
-523
-630
-730
-762
-803
-775
-694
-611
-516
-383
-271
-189
-108
-50
-34
-28
-41
2
128
263
431
578
727
769
692
646
592
513
411
341
231
53
-79
-166
-330
-472
-638
-872
-1081
-1314
-1527
-1692
-1858
-2050
-2187
-2309
-2386
-2433
-2410
-2334
-2229
-2112
-2007
-1844
-1631
-1443
-1214
-1029
-852
-703
-537
-365
-219
-87
21
177
286
426
577
747
972
1204
1439
1641
1854
2047
2156
2255
2327
2331
2268
2190
2159
2096
2109
2162
2208
2234
2281
2236
2043
1912
1718
1451
1238
1030
742
457
202
-97
-280
-408
-572
-660
-757
-871
-978
-1019
-1045
-1026
-926
-833
-798
-659
-563
-534
-405
-408
-441
-475
-483
-440
-393
-311
-223
-175
-182
-231
-256
-295
-362
-410
-452
-572
-618
-603
-561
-470
-363
-353
-369
-379
-408
-416
-375
-335
-304
-272
-273
-316
-257
-46
211
541
825
1053
1150
1169
1095
1006
981
927
902
914
906
805
684
530
271
-33
-361
-733
-1097
-1404
-1686
-1873
-1936
-1975
-1970
-1895
-1864
-1892
-1914
-1953
-1969
-1988
-1950
-1815
-1659
-1429
-1137
-836
-534
-206
48
206
385
512
645
841
1030
1249
1466
1650
1867
2041
2125
2190
2161
2022
1920
1835
1788
1810
1849
1948
2063
2095
2113
2070
1882
1670
1391
1082
811
618
390
139
-80
-308
-506
-672
-843
-1013
-1152
-1327
-1486
-1607
-1632
-1620
-1550
-1421
-1328
-1208
-1139
-1044
-955
-876
-786
-676
-569
-405
-217
-93
11
74
67
-13
-17
-67
-132
-161
-203
-268
-361
-395
-475
-482
-448
-402
-398
-342
-284
-250
-190
-141
-91
-22
-9
-44
-17
1
51
208
487
754
1060
1367
1582
1647
1592
1475
1358
1338
1353
1419
1461
1456
1344
1120
758
300
-135
-526
-900
-1200
-1365
-1480
-1554
-1546
-1570
-1606
-1723
-1981
-2273
-2499
-2596
-2474
-2180
-1795
-1330
-940
-671
-470
-302
-242
-246
-197
-117
59
282
594
934
1220
1457
1613
1682
1640
1595
1558
1544
1606
1721
1812
1941
2015
2024
1920
1731
1457
1389
1414
1351
1373
1338
1110
757
610
257
-2
113
-23
-278
-461
-755
-1227
-1381
-1576
-1921
-1922
-1913
-2099
-2081
-1873
-1854
-1735
-1542
-1594
-1525
-1283
-1117
-927
-518
-221
-50
105
140
141
186
201
158
90
-4
-35
-79
-83
3
28
-7
-64
-109
-215
-236
-95
-52
-42
-7
28
-62
-41
-4
-24
-1
61
149
301
688
1135
1613
1973
2138
2145
1950
1716
1554
1602
1809
2108
2303
2202
1909
1334
620
-49
-469
-706
-837
-800
-840
-931
-1067
-1294
-1618
-1961
-2285
-2564
-2667
-2628
-2402
-1960
-1578
-1344
-1219
-1244
-1385
-1400
-1289
-1040
-587
-148
167
367
550
632
736
807
815
891
984
1125
1321
1521
1588
1618
1531
1358
1229
1237
1396
1510
1678
1714
1735
1634
1482
1241
1013
922
683
481
230
65
-37
-259
-596
-1068
-1487
-1821
-2024
-2092
-2044
-1837
-1768
-1766
-1840
-1861
-1780
-1617
-1455
-1318
-1054
-805
-625
-445
-266
-148
-102
-76
-143
-85
47
178
276
336
351
345
307
220
132
108
57
-20
-106
-137
-81
-24
-43
-52
-94
-174
-171
-154
-23
148
395
623
707
857
1233
1575
1969
2296
2401
2302
2087
1788
1598
1819
2173
2524
2696
2460
1847
1159
518
32
-76
18
66
-65
-453
-931
-1409
-1790
-2152
-2351
-2400
-2411
-2389
-2337
-2284
-2198
-2055
-2011
-2041
-1927
-1709
-1422
-1106
-812
-639
-529
-474
-415
-231
45
362
648
801
853
864
872
836
964
1140
1293
1478
1584
1617
1618
1622
1672
1700
1613
1552
1366
1199
1128
1171
1090
1009
828
390
-105
-485
-741
-740
-541
-591
-810
-1098
-1648
-2062
-2194
-2244
-2092
-1813
-1775
-1878
-1825
-1883
-1916
-1734
-1500
-1307
-1014
-679
-456
-231
-32
1
21
49
69
187
378
451
453
375
153
-1
-60
-30
92
221
235
189
124
107
148
220
273
342
375
436
507
629
750
875
946
1033
1341
1731
2105
2361
2381
2170
1976
1844
1980
2496
3108
3348
3149
2457
1556
834
411
319
509
655
386
-261
-1048
-1727
-2172
-2303
-2236
-2145
-2205
-2363
-2675
-2931
-2974
-2806
-2548
-2299
-2146
-2008
-1921
-1856
-1694
-1515
-1272
-965
-664
-359
-53
237
336
427
523
617
797
1057
1288
1451
1556
1551
1491
1444
1500
1559
1724
1817
1838
1754
1445
1172
889
898
901
1058
1177
963
632
22
-542
-895
-870
-790
-815
-917
-1341
-1859
-2246
-2406
-2274
-2014
-1743
-1736
-1812
-1911
-1920
-1713
-1349
-1027
-760
-576
-578
-551
-383
-190
1
141
194
112
98
209
298
336
439
460
345
280
299
173
237
247
228
196
127
145
184
363
453
621
712
695
670
818
1014
1252
1450
1744
2152
2430
2600
2617
2457
2428
2331
2434
2811
3095
3131
2663
1947
1194
768
714
778
864
747
111
-808
-1568
-2080
-2209
-2050
-1997
-2137
-2482
-2947
-3413
-3519
-3258
-2859
-2452
-2264
-2360
-2454
-2386
-2160
-1782
-1316
-943
-670
-509
-490
-322
-87
90
258
483
641
789
989
1091
1151
1269
1328
1311
1335
1405
1389
1436
1439
1412
1405
1382
1282
1381
1422
1233
1236
939
594
274
203
-191
-287
-112
-631
-802
-1000
-1396
-1765
-1667
-1663
-1931
-1657
-1826
-2135
-2057
-2141
-2189
-1838
-1445
-1572
-1279
-1066
-1256
-1082
-652
-386
-199
211
197
124
347
403
489
737
862
771
758
744
612
655
731
696
646
626
600
674
700
753
814
799
725
766
888
886
1149
1219
1226
1501
1907
2335
2602
2822
2613
2308
2261
2186
2372
2750
3042
2925
2458
1861
1166
935
783
705
474
-15
-776
-1599
-2075
-2278
-2200
-2109
-2252
-2563
-2985
-3342
-3417
-3178
-2839
-2582
-2434
-2612
-2753
-2718
-2446
-2016
-1491
-1030
-865
-798
-799
-784
-518
-170
282
648
858
922
920
938
930
975
1117
1242
1327
1395
1443
1406
1361
1330
1266
1344
1420
1380
1286
1110
838
586
450
320
296
193
-86
-494
-980
-1326
-1495
-1569
-1543
-1589
-1867
-2137
-2388
-2477
-2317
-2076
-1842
-1659
-1657
-1668
-1518
-1385
-1128
-691
-344
-151
-54
69
152
319
566
716
832
848
815
779
878
1028
1101
1097
984
812
662
718
810
920
1033
985
862
744
730
776
936
1088
1249
1284
1153
1236
1206
1324
1652
2237
2704
2810
2658
2206
1892
1882
2087
2437
2872
2968
2514
1734
965
446
344
409
368
28
-541
-1328
-1953
-2179
-2104
-1949
-1990
-2347
-2886
-3320
-3505
-3436
-3101
-2725
-2553
-2569
-2720
-2833
-2702
-2280
-1795
-1359
-970
-806
-778
-652
-452
-180
203
548
745
842
851
811
831
888
1057
1318
1454
1476
1386
1248
1191
1201
1290
1344
1410
1298
1017
650
335
426
334
254
-58
-346
-669
-883
-993
-1275
-1100
-1163
-1356
-1725
-1890
-1897
-1899
-1704
-1812
-1843
-1764
-1889
-1827
-1510
-1155
-1034
-827
-727
-691
-346
-68
122
325
637
693
765
865
899
1014
1191
1163
1063
1093
1133
1098
1129
1225
1153
1079
997
876
851
924
915
928
998
986
1034
1026
1022
1166
1194
1304
1353
1501
1583
1813
2186
2262
2334
2269
2154
1981
2039
2122
2130
2333
2193
1698
1203
818
574
434
371
30
-428
-980
-1662
-2042
-2184
-2202
-2313
-2491
-2843
-3190
-3297
-3385
-3358
-3045
-2790
-2669
-2583
-2484
-2418
-2118
-1740
-1475
-1156
-916
-829
-741
-514
-244
51
366
548
685
810
837
847
938
1069
1169
1298
1297
1146
1078
991
867
895
956
863
696
480
164
-97
-24
74
-120
-243
-463
-836
-1013
-875
-928
-960
-751
-1042
-1517
-1641
-1550
-1482
-1290
-1049
-1379
-1531
-1514
-1670
-1337
-769
-509
-508
-434
-551
-541
-68
267
476
843
930
682
676
892
976
1237
1488
1389
1315
1267
1172
1156
1329
1419
1281
1176
895
779
787
905
999
1026
995
905
998
921
1088
1318
1381
1378
1411
1387
1371
1485
1788
2001
2179
2188
1947
1756
1550
1529
1415
1685
1817
1765
1449
955
590
195
35
-155
-302
-520
-979
-1572
-2118
-2284
-2369
-2506
-2524
-2738
-2900
-3132
-3304
-3245
-2985
-2620
-2394
-2274
-2238
-2158
-2025
-1837
-1411
-1023
-730
-581
-528
-478
-313
-30
161
388
598
707
696
607
646
687
762
855
856
819
798
672
518
510
453
477
369
148
-26
-181
-329
-324
-174
-245
-290
-493
-768
-979
-881
-877
-930
-668
-801
-998
-1136
-1228
-1244
-973
-673
-775
-682
-582
-737
-622
-359
-217
-54
234
200
250
600
613
642
929
1125
1089
1176
1211
1102
1220
1335
1253
1223
1276
1204
1100
1122
1086
990
870
747
704
685
797
882
927
957
955
982
927
1020
1179
1203
1222
1276
1235
1184
1133
1228
1427
1659
1718
1416
1244
1087
951
984
1049
1252
1310
1164
638
185
32
-250
-369
-502
-640
-930
-1427
-1868
-2222
-2191
-2192
-2293
-2348
-2474
-2564
-2795
-2786
-2709
-2448
-2159
-2100
-2003
-1910
-1799
-1664
-1414
-1065
-754
-500
-450
-399
-276
-102
168
416
638
779
826
762
676
676
731
780
778
766
676
513
387
261
219
300
267
150
-35
-214
-383
-517
-587
-564
-486
-593
-746
-862
-896
-898
-725
-722
-800
-754
-822
-957
-891
-700
-591
-352
-246
-353
-314
-247
-290
-91
216
330
369
430
370
468
738
862
943
1111
1113
1001
1021
1082
1031
1146
1180
1079
1032
1006
943
907
1016
1023
951
861
753
698
789
857
937
919
898
790
710
696
739
849
833
847
730
623
517
496
500
686
963
1002
887
731
607
467
534
584
744
964
895
652
239
40
-136
-229
-198
-299
-328
-804
-1251
-1541
-1654
-1561
-1532
-1509
-1726
-1908
-2097
-2249
-2175
-1928
-1682
-1600
-1483
-1443
-1399
-1252
-1083
-773
-460
-155
-92
-101
-18
50
223
390
526
624
610
495
396
390
320
274
268
215
148
13
-148
-286
-280
-261
-304
-403
-547
-707
-816
-920
-936
-852
-794
-834
-833
-749
-834
-710
-766
-725
-645
-427
-403
-457
-242
-448
-422
-294
-201
-51
47
114
-95
26
190
179
455
595
647
607
679
647
717
948
989
1078
1128
1112
1028
1055
1065
1013
1153
1140
1038
971
868
782
745
765
715
736
641
557
532
564
534
505
501
315
335
355
362
421
509
493
327
306
146
101
292
558
715
758
734
519
414
433
486
647
899
1107
995
897
697
566
621
556
570
423
323
18
-377
-460
-561
-575
-660
-766
-882
-1127
-1327
-1494
-1488
-1330
-1186
-1236
-1171
-1100
-1117
-1033
-970
-791
-520
-396
-409
-433
-508
-535
-549
-449
-336
-240
-256
-380
-469
-626
-716
-758
-738
-681
-647
-668
-762
-887
-875
-897
-870
-817
-789
-828
-959
-987
-1052
-1049
-974
-970
-810
-795
-616
-476
-450
-351
-412
-379
-364
-84
-14
68
221
7
-24
-45
-56
-35
156
326
227
441
395
369
657
797
875
1042
1161
954
977
1086
1013
1145
1326
1252
1155
1183
988
816
969
962
993
1072
934
734
560
479
416
513
499
462
418
236
111
74
97
105
221
274
216
295
249
243
367
446
481
546
680
689
892
1049
1107
1145
1276
1346
1371
1572
1679
1792
1885
1800
1637
1556
1501
1319
1250
1107
836
626
316
82
-98
-310
-574
-780
-933
-1120
-1300
-1482
-1632
-1710
-1735
-1760
-1723
-1719
-1805
-1820
-1817
-1814
-1763
-1681
-1688
-1651
-1593
-1580
-1576
-1521
-1448
-1463
-1368
-1272
-1271
-1293
-1358
-1340
-1347
-1285
-1194
-1136
-1160
-1170
-1212
-1235
-1162
-1112
-1018
-942
-907
-841
-791
-700
-631
-227
137
-15
-143
-440
-485
-322
241
305
404
786
145
-177
-106
111
430
891
1004
406
525
341
-100
547
1134
1108
1136
1213
695
765
1120
935
1137
1666
1537
1080
1207
1096
814
1173
1262
1102
1238
1047
523
479
680
643
693
707
565
386
304
157
250
477
541
534
476
425
367
400
450
746
1088
1199
1243
1143
1042
1096
1268
1470
1685
2022
1955
1776
1806
1742
1791
1926
2057
2043
2127
2062
1703
1618
1462
1278
1144
1004
818
509
259
-200
-517
-600
-879
-1143
-1391
-1672
-2042
-2299
-2478
-2632
-2553
-2634
-2801
-2904
-2930
-3047
-3072
-2894
-2813
-2690
-2632
-2641
-2619
-2538
-2476
-2402
-2181
-2090
-1990
-1883
-1890
-1812
-1691
-1591
-1510
-1327
-1157
-1127
-1051
-935
-876
-765
-661
-618
-558
-465
-454
-421
-201
-73
41
144
170
399
523
572
503
507
507
499
722
751
988
1004
749
596
522
673
742
1041
1130
1074
1088
838
817
975
1160
1291
1405
1383
1170
1146
1069
1055
1254
1409
1325
1278
1263
994
909
940
923
978
1045
944
762
701
640
581
663
775
767
754
743
673
752
884
944
1023
1079
1098
1101
1109
1199
1322
1450
1518
1498
1597
1587
1564
1577
1584
1652
1694
1783
1731
1623
1498
1289
1217
1063
1047
1056
914
786
517
358
60
-90
-222
-508
-673
-905
-1218
-1516
-1733
-1951
-2149
-2348
-2586
-2701
-2829
-3001
-3188
-3301
-3299
-3413
-3363
-3338
-3358
-3223
-3125
-3061
-2897
-2758
-2675
-2540
-2381
-2261
-2098
-1948
-1807
-1657
-1485
-1348
-1232
-1018
-873
-823
-711
-589
-432
-218
-131
-40
-24
35
122
197
333
460
612
562
591
688
653
677
730
774
846
1006
973
921
968
846
792
834
879
887
925
906
785
861
906
908
1048
1097
1039
1018
1030
1029
1094
1146
1111
1113
1140
1098
1077
1083
1061
1069
1072
1039
1042
1009
956
949
1019
1043
998
985
963
951
994
1053
1093
1155
1165
1140
1166
1199
1286
1397
1429
1443
1434
1379
1364
1441
1480
1472
1423
1346
1170
1063
1004
904
845
791
630
531
572
487
406
300
179
-21
-18
-50
-116
-75
-239
-515
-730
-834
-975
-1067
-1184
-1368
-1552
-1762
-1932
-2042
-2131
-2201
-2363
-2499
-2625
-2705
-2756
-2864
-2878
-2894
-2998
-2999
-2926
-2843
-2726
-2624
-2536
-2408
-2230
-2086
-1946
-1741
-1618
-1457
-1308
-1161
-968
-865
-777
-720
-565
-492
-340
-221
-174
-25
91
150
390
630
745
823
699
678
563
714
778
869
1059
883
882
667
564
610
709
756
653
760
492
288
333
273
337
437
488
406
494
470
328
491
598
680
792
959
949
937
997
888
1081
1265
1329
1368
1378
1391
1282
1281
1354
1450
1591
1575
1482
1460
1339
1226
1294
1393
1451
1484
1476
1250
1103
1054
1004
1179
1284
1317
1288
1239
1035
875
942
964
1094
1147
1068
926
751
629
446
432
454
461
330
179
88
-69
-124
-221
-365
-438
-392
-527
-681
-614
-700
-806
-826
-929
-1012
-1067
-1066
-1232
-1273
-1291
-1498
-1610
-1685
-1703
-1725
-1722
-1792
-1920
-1966
-2106
-2180
-2162
-2133
-2106
-2121
-2107
-2143
-2057
-2019
-1967
-1817
-1752
-1672
-1590
-1449
-1361
-1281
-1179
-1115
-960
-805
-710
-648
-538
-433
-368
-181
-97
15
70
59
121
95
198
244
273
210
163
109
-2
105
129
100
125
56
-4
-35
-10
47
106
209
263
293
325
370
375
491
585
646
763
847
900
961
1000
980
994
1101
1234
1336
1398
1382
1298
1276
1378
1419
1508
1538
1500
1467
1385
1269
1408
1498
1297
1304
1365
1180
1043
1185
1184
1182
1229
1059
1174
1187
1075
1042
1166
1161
987
1203
1128
1091
1067
987
894
753
988
795
706
788
541
302
306
409
159
283
295
18
-9
-81
-152
-186
-204
-406
-531
-440
-564
-681
-585
-767
-990
-949
-1001
-1100
-966
-927
-1196
-1318
-1293
-1420
-1413
-1304
-1350
-1450
-1529
-1649
-1714
-1676
-1731
-1687
-1748
-1812
-1753
-1756
-1740
-1742
-1696
-1704
-1593
-1537
-1544
-1464
-1419
-1410
-1372
-1215
-1187
-1185
-1106
-1126
-1128
-1084
-1056
-1033
-976
-981
-1045
-961
-933
-881
-782
-715
-623
-548
-583
-596
-421
-297
-320
-251
-134
-147
-80
136
138
198
397
460
658
823
855
945
1068
1097
1125
1372
1397
1375
1666
1680
1584
1405
1640
1631
1500
1695
1712
1711
1857
1769
1496
1542
1585
1471
1573
1767
1527
1684
1562
1165
1356
1474
1432
1334
1558
1605
1312
1352
1179
1127
1364
1233
1092
1382
1416
1021
1113
1109
935
964
1013
939
1013
1030
652
561
687
492
450
571
348
362
317
177
-28
-26
122
-407
-351
-210
-554
-589
-631
-796
-891
-792
-1038
-1179
-1119
-1347
-1468
-1448
-1307
-1352
-1419
-1355
-1556
-1570
-1539
-1581
-1596
-1543
-1519
-1710
-1732
-1711
-1691
-1817
-1873
-1837
-1839
-1848
-1856
-1803
-1773
-1844
-1860
-1857
-1803
-1704
-1624
-1614
-1543
-1545
-1699
-1544
-1424
-1348
-1287
-1350
-1325
-1129
-1005
-1216
-1011
-790
-822
-829
-630
-684
-409
-164
-550
-309
171
-9
32
190
280
606
474
352
835
1283
635
983
1132
1238
1714
1237
1503
1509
1575
1474
1531
1799
1908
2015
1451
1657
1736
1707
1687
1583
2079
2057
1505
1318
1767
1624
1367
1471
1598
1711
1604
1479
1528
1333
1426
1402
1265
1614
1767
1635
1194
1181
1304
1206
1113
1213
1452
1524
846
721
1039
1004
692
679
1024
757
483
536
502
183
530
240
-156
186
48
-218
-417
-364
-374
-480
-487
-695
-473
-535
-1112
-1117
-975
-1025
-1260
-1108
-1063
-1074
-1352
-1336
-1247
-1474
-1438
-1556
-1459
-1416
-1258
-1561
-1680
-1521
-1889
-1890
-1598
-1757
-1567
-1505
-1872
-1773
-1724
-1997
-1919
-1723
-1762
-1573
-1646
-1749
-1588
-1663
-1783
-1628
-1605
-1340
-1231
-1393
-1368
-1363
-1272
-1408
-1062
-647
-753
-660
-798
-384
-632
-693
-495
-322
3
-193
228
33
395
323
47
422
560
632
887
770
759
1411
693
609
1504
1679
1239
1167
1742
1395
1179
1377
1521
1812
1575
1534
1489
1265
1333
1547
1307
1477
1745
1372
1180
1234
976
1440
1587
943
1840
1788
931
1007
1449
1020
1178
1617
1095
1546
1484
887
904
1556
1170
854
1729
1370
778
1449
875
822
1370
919
614
1163
1113
115
763
483
95
567
165
131
375
238
-351
-144
-171
-486
-161
-270
-574
-415
-413
-1073
-988
-497
-914
-1010
-824
-1186
-1524
-1122
-1411
-1583
-988
-1387
-1557
-1392
-1356
-1878
-1591
-1486
-1958
-1560
-1701
-1503
-1847
-1477
-1684
-2177
-1447
-1777
-1737
-1678
-1147
-1743
-1865
-952
-1895
-1540
-1050
-1721
-1362
-953
-1179
-1427
-1000
-715
-1381
-795
-882
-1258
-269
-563
-977
-375
-325
-428
-644
-114
-316
-267
144
-355
360
173
285
34
232
869
-45
482
710
555
585
986
889
546
1391
639
833
1482
961
1120
1202
1531
1084
1033
1295
996
1377
1247
1231
1221
1241
1047
1203
1270
1032
1625
1305
1094
1484
1251
1076
1457
1303
1176
1398
1162
1192
1324
1144
925
1592
1336
808
1233
1425
940
924
1498
1027
1041
1275
833
769
1095
716
712
1008
701
529
749
443
240
546
296
213
359
22
-70
-106
-183
-76
-379
-474
-178
-591
-884
-557
-896
-980
-873
-732
-1128
-1271
-1081
-1399
-1676
-1296
-1236
-1480
-1476
-1535
-1405
-1681
-1738
-1756
-1213
-1611
-1579
-1190
-1772
-1633
-1592
-1164
-1756
-1462
-1086
-1459
-1265
-1638
-1135
-1428
-1758
-908
-1238
-995
-1040
-905
-661
-1226
-712
-748
-865
-970
-317
-655
-1135
-305
-555
-689
-332
-461
-513
-124
-93
-734
4
379
-516
44
220
163
98
77
389
76
349
430
351
361
668
564
295
1078
457
575
968
533
864
1098
1128
701
1525
1214
790
1166
1139
1432
1144
1622
1270
1500
1640
877
1514
1427
1326
1379
1757
1351
1172
1627
1106
1293
1219
1631
1384
1182
1956
955
1223
1485
857
1165
1279
1051
1174
1507
505
861
1375
200
499
1239
409
620
918
26
495
588
-256
240
392
-163
-86
-73
-511
-432
-175
-814
-297
-562
-883
-479
-1084
-999
-786
-1206
-1113
-757
-1304
-1274
-1079
-1435
-1660
-1050
-1501
-1548
-1125
-1360
-1275
-1689
-1059
-1540
-1398
-1003
-1558
-1109
-1553
-1240
-1246
-1639
-1013
-1301
-1163
-1075
-1056
-1124
-995
-826
-1476
-651
-710
-1056
-858
-585
-452
-1313
-668
-424
-1097
-390
-373
-895
-623
-246
-801
-640
-233
-643
-197
-383
-539
-178
-241
-451
-419
-51
-348
-181
144
-366
258
77
-36
315
56
724
329
506
871
497
737
828
1010
835
1032
1268
863
1349
1019
1485
1253
1202
1619
1348
1765
1079
1656
1633
1036
1947
1281
1431
1876
1295
1418
1554
1484
1017
1914
1394
1018
1973
1046
1331
1478
1119
976
1543
953
758
1405
689
950
772
710
1018
416
743
637
374
871
248
156
628
246
-221
188
130
-587
45
56
-610
-211
-396
-777
-462
-897
-842
-441
-959
-1069
-994
-1080
-1211
-1227
-1234
-1094
-1228
-1570
-1166
-1550
-1531
-1311
-1481
-1570
-1261
-1294
-1481
-1429
-1622
-1055
-1462
-1595
-1012
-1260
-997
-1380
-1225
-799
-1172
-1152
-906
-718
-1245
-779
-535
-1199
-775
-653
-921
-754
-641
-774
-384
-460
-1272
-158
-555
-1154
-179
-418
-502
-718
-117
-575
-641
-152
-480
-211
-312
-129
-72
-284
-118
9
64
-154
147
447
78
529
352
636
570
463
1099
1005
579
1156
1036
973
1326
1013
1464
1435
1308
1364
1457
1390
1442
1301
1664
1229
1729
1478
1451
1731
1170
1598
1420
1344
1315
1539
1297
1101
1491
1260
813
1720
952
757
1331
727
847
1007
731
789
728
853
503
734
592
433
734
22
700
0
258
395
-81
-67
156
105
-455
-50
16
-755
-339
-283
-731
-453
-783
-556
-985
-569
-1056
-1154
-676
-1006
-1306
-921
-1117
-1281
-1157
-1223
-1316
-1375
-1165
-1687
-900
-1646
-1034
-1128
-1751
-815
-1325
-1516
-1009
-1290
-1145
-998
-876
-1225
-1080
-420
-1558
-721
-979
-926
-844
-853
-639
-996
-576
-652
-814
-878
-502
-804
-430
-478
-576
-343
-652
-356
-479
-514
-136
-581
-235
-158
-598
-75
-290
27
-512
155
174
-570
475
38
70
267
560
143
470
735
328
684
639
592
854
1128
575
1148
1337
791
1184
1351
855
1581
1225
1259
1560
1246
1503
1244
1657
1048
1483
1532
1081
1426
1630
1197
1074
1600
1039
916
1422
1076
771
1563
607
685
1433
626
685
1138
716
471
914
616
318
692
764
44
803
432
-34
738
252
-303
272
277
-626
140
40
-527
-191
29
-655
-583
-5
-717
-589
-438
-640
-687
-328
-1047
-1121
-273
-1130
-1285
-516
-605
-1224
-875
-877
-1328
-1012
-1099
-1390
-716
-980
-1498
-862
-1061
-1568
-940
-1091
-1214
-1087
-1159
-745
-1433
-1030
-797
-1235
-817
-914
-961
-771
-869
-1238
-693
-680
-1213
-526
-481
-1051
-661
-485
-922
-524
-419
-717
-338
-178
-732
-606
-22
-662
-753
99
-218
-433
21
-72
-306
104
-90
-259
310
232
-66
373
599
-32
566
656
335
694
738
556
784
975
662
880
1047
764
942
1285
754
1117
1513
948
990
1344
1423
779
1396
1572
801
1604
1427
697
1526
1614
576
1418
1773
769
1191
1495
791
923
1151
937
892
1134
1078
742
961
679
746
740
448
824
487
600
296
412
352
53
477
-119
220
182
-31
-208
116
-401
-406
121
-532
-425
-186
-310
-731
-302
-380
-728
-770
-444
-780
-1111
-484
-698
-1298
-627
-630
-1366
-791
-599
-1341
-1084
-785
-1289
-1283
-578
-1224
-1367
-432
-1268
-1335
-792
-965
-1345
-1115
-739
-1296
-1233
-832
-970
-1493
-538
-800
-1665
-173
-954
-1201
-547
-645
-1076
-685
-286
-1008
-442
-572
-669
-650
-592
-439
-600
-441
-145
-655
-535
172
-539
-428
123
16
-298
130
123
-160
436
-33
-1
629
339
78
355
812
178
426
732
672
706
661
917
326
1059
720
517
1189
1061
1066
1085
1145
1145
1180
941
1104
1368
1205
1126
1348
1371
1269
1016
1203
1304
1211
942
1212
1353
910
1108
1196
1031
1023
966
1122
686
1030
962
628
885
703
729
450
784
369
362
602
239
407
80
335
104
-55
139
20
-39
-78
2
-188
-365
-112
-397
-705
-216
-505
-834
-489
-528
-686
-926
-448
-673
-1065
-663
-742
-914
-1096
-592
-1204
-1068
-643
-1323
-904
-905
-1100
-1105
-986
-1068
-1182
-1146
-995
-878
-1219
-982
-722
-1179
-1094
-632
-1109
-1054
-601
-1063
-857
-786
-972
-662
-782
-754
-746
-545
-873
-673
-548
-803
-391
-766
-491
-191
-636
-500
-235
-505
-433
-281
-194
-160
-88
-115
-58
-78
-107
57
10
142
394
87
239
701
135
178
654
399
425
522
856
728
558
869
580
879
882
639
1034
1289
894
692
1373
910
774
1392
882
973
1296
1206
841
1230
1266
817
1237
863
972
1365
727
995
1183
871
867
793
980
690
771
695
878
595
612
887
418
623
467
465
372
329
462
140
298
521
-131
338
270
-29
24
-51
-38
-130
-112
-321
41
-273
-475
-209
-410
-318
-512
-454
-372
-589
-513
-581
-514
-838
-599
-784
-1003
-594
-703
-739
-998
-558
-830
-1114
-765
-831
-1050
-888
-774
-1101
-1049
-747
-1117
-955
-815
-1090
-890
-892
-923
-963
-713
-1036
-791
-681
-831
-789
-740
-695
-764
-585
-702
-631
-450
-659
-647
-393
-561
-438
-583
-286
-242
-530
-349
-186
-269
-448
-35
-225
-213
116
-195
4
164
0
16
47
379
82
311
364
219
636
222
459
501
733
508
622
856
611
827
576
771
829
713
885
831
877
1086
743
871
902
972
956
877
966
975
955
946
884
900
1023
925
593
941
1009
428
872
843
531
737
980
442
694
862
449
505
569
550
419
560
395
348
553
338
126
423
300
62
195
164
65
153
1
34
21
-19
-191
-22
-45
-282
-184
-202
-284
-406
-189
-423
-380
-399
-492
-479
-436
-509
-590
-563
-698
-522
-744
-722
-518
-807
-876
-756
-752
-830
-769
-827
-885
-721
-973
-927
-830
-944
-859
-778
-993
-822
-845
-921
-920
-976
-683
-883
-938
-690
-609
-884
-670
-636
-658
-488
-688
-434
-406
-547
-424
-464
-372
-464
-354
-306
-406
-205
-321
-163
-138
-135
-67
16
97
-108
239
107
97
244
178
377
123
453
384
187
547
335
478
432
569
462
605
762
377
835
763
548
744
747
710
597
943
767
537
989
841
632
834
1057
661
794
1029
680
778
928
805
763
893
827
701
809
771
514
786
775
599
552
772
631
398
612
438
485
353
429
361
237
444
139
210
298
163
186
167
188
44
92
-48
-79
50
-157
-48
-199
-157
-160
-338
-267
-284
-349
-416
-357
-407
-537
-465
-640
-540
-480
-597
-641
-584
-448
-770
-776
-518
-585
-913
-790
-506
-818
-1094
-619
-739
-864
-793
-720
-689
-840
-747
-902
-731
-668
-977
-786
-541
-752
-854
-654
-651
-783
-607
-650
-568
-517
-591
-547
-447
-407
-525
-411
-317
-437
-362
-366
-303
-86
-327
-293
20
-41
-171
-133
119
40
-39
149
168
162
216
113
278
398
214
292
449
409
322
448
664
583
467
658
725
637
630
672
765
778
687
657
927
816
628
747
911
770
600
834
743
789
671
663
833
771
669
695
784
686
557
563
629
655
577
482
538
660
544
310
503
558
428
308
398
492
340
165
198
346
207
134
91
193
253
24
-22
117
125
-133
-92
-84
-118
-134
-195
-174
-234
-209
-358
-373
-358
-293
-409
-493
-407
-368
-450
-620
-473
-515
-573
-620
-620
-600
-622
-647
-824
-707
-674
-795
-802
-735
-718
-799
-751
-851
-742
-673
-800
-729
-692
-587
-728
-706
-582
-636
-662
-644
-634
-641
-473
-635
-584
-392
-463
-475
-430
-384
-288
-339
-411
-181
-248
-257
-191
-251
-165
-104
-86
-97
-5
88
77
47
81
186
254
283
255
341
559
404
389
578
489
483
509
482
460
728
629
406
667
699
526
562
654
698
636
542
654
616
671
618
546
675
589
518
588
598
486
568
695
379
507
555
456
458
397
520
409
406
394
379
348
328
335
313
336
276
371
317
195
328
249
219
172
169
175
133
117
15
115
146
-16
12
-20
-1
16
-117
-76
6
-84
-202
-148
-194
-229
-229
-311
-322
-337
-362
-381
-411
-434
-433
-441
-450
-507
-488
-413
-509
-557
-437
-517
-603
-590
-585
-527
-619
-607
-541
-568
-603
-617
-568
-590
-621
-602
-616
-531
-606
-617
-587
-568
-518
-551
-490
-426
-344
-405
-466
-405
-271
-383
-354
-187
-247
-268
-254
-201
-150
-184
-211
2
-34
-89
79
68
30
71
137
109
206
231
218
248
375
365
264
298
399
365
299
359
421
469
417
349
513
541
404
423
544
565
429
426
544
581
433
363
539
504
399
395
421
431
435
416
354
510
455
416
376
332
461
394
252
352
413
306
293
270
288
255
259
284
239
237
246
215
219
203
250
203
173
185
170
195
112
106
116
135
25
4
100
23
12
39
-32
-18
42
-121
-64
-52
-173
-119
-197
-200
-205
-266
-278
-306
-317
-372
-385
-461
-437
-332
-505
-517
-369
-436
-513
-448
-477
-563
-511
-527
-600
-610
-522
-599
-673
-551
-549
-570
-577
-560
-551
-484
-555
-605
-464
-470
-511
-481
-378
-460
-402
-333
-377
-316
-243
-198
-261
-240
-189
-159
-166
-139
-85
-28
-36
-4
50
70
125
24
88
163
136
164
152
164
193
201
207
255
278
329
332
291
352
378
367
354
446
421
417
447
440
439
428
480
442
442
466
480
461
452
422
444
429
422
430
367
375
390
415
359
365
450
388
351
380
397
381
302
288
310
298
305
257
283
267
288
266
261
275
234
273
168
218
200
165
172
113
142
122
85
94
113
133
59
-12
-9
-88
-170
-115
-60
-117
-143
-151
-164
-169
-283
-303
-296
-291
-350
-397
-310
-414
-468
-430
-443
-511
-507
-480
-547
-547
-513
-547
-518
-576
-566
-559
-623
-555
-578
-582
-590
-552
-519
-516
-533
-501
-505
-550
-524
-498
-428
-470
-384
-309
-379
-365
-277
-294
-325
-275
-270
-231
-200
-150
-132
-137
-103
-16
-26
-42
15
4
10
34
98
141
110
110
193
201
224
239
275
332
330
366
388
357
364
360
383
402
416
433
425
423
473
430
505
512
469
505
498
484
471
505
472
451
471
488
483
497
481
500
474
476
446
436
442
415
450
444
381
363
384
327
293
294
308
287
227
249
274
209
190
214
153
91
89
62
31
45
13
-8
-1
-57
-92
-110
-109
-134
-182
-214
-206
-182
-260
-263
-261
-250
-268
-291
-301
-321
-352
-412
-385
-393
-427
-423
-392
-427
-435
-453
-468
-410
-465
-428
-431
-447
-425
-430
-437
-428
-454
-455
-423
-481
-452
-414
-424
-450
-445
-412
-429
-438
-376
-368
-392
-353
-367
-379
-354
-336
-314
-278
-264
-259
-258
-230
-212
-224
-151
-147
-120
-54
-78
-68
-64
-2
-17
55
72
97
116
150
178
192
206
226
284
278
355
353
353
402
410
399
468
492
473
458
462
487
437
487
533
488
498
544
492
486
525
513
484
492
494
504
483
466
479
441
417
411
450
416
387
388
353
320
301
323
304
316
270
266
275
228
204
180
178
154
102
82
86
87
68
19
9
0
-69
-85
-88
-86
-88
-127
-172
-175
-168
-177
-235
-219
-194
-231
-270
-279
-284
-339
-343
-361
-367
-378
-410
-417
-419
-448
-440
-397
-441
-441
-406
-407
-443
-453
-427
-422
-413
-392
-419
-431
-425
-433
-440
-400
-402
-439
-387
-369
-363
-381
-372
-370
-336
-348
-281
-298
-305
-250
-290
-267
-232
-204
-198
-211
-192
-119
-112
-123
-80
-32
-25
0
13
42
47
41
78
110
84
139
174
162
229
235
221
272
280
268
269
293
284
321
340
336
384
362
361
397
399
414
446
455
469
456
427
475
466
443
431
415
386
394
403
388
408
393
410
398
399
382
350
337
337
310
295
281
262
280
254
234
188
194
203
145
145
152
136
80
56
88
57
56
-6
-21
-14
-52
-20
-50
-40
-60
-43
-47
-83
-108
-120
-147
-211
-201
-208
-237
-209
-249
-260
-233
-263
-288
-286
-287
-323
-343
-309
-344
-351
-366
-398
-383
-391
-423
-415
-410
-429
-450
-459
-453
-418
-429
-446
-407
-410
-410
-409
-349
-325
-340
-329
-337
-310
-322
-312
-293
-239
-240
-248
-192
-198
-195
-166
-139
-156
-153
-127
-158
-121
-68
-85
-52
-15
-12
7
30
44
40
70
75
70
86
116
125
139
140
154
185
188
222
261
271
249
266
280
290
305
319
369
343
348
356
356
355
348
369
388
389
381
413
387
419
428
406
398
405
396
375
433
411
387
388
380
378
354
362
341
306
285
275
275
259
253
238
207
193
180
180
188
153
127
112
83
83
62
41
10
2
-41
-44
-50
-81
-58
-93
-115
-122
-137
-139
-137
-171
-200
-205
-240
-282
-273
-276
-285
-303
-323
-329
-328
-293
-296
-311
-312
-305
-303
-314
-307
-360
-342
-359
-387
-373
-373
-362
-379
-355
-338
-323
-322
-314
-322
-303
-307
-345
-296
-298
-316
-280
-292
-306
-315
-309
-266
-262
-256
-238
-250
-243
-228
-197
-186
-174
-155
-176
-152
-111
-126
-135
-122
-75
-87
-64
-8
10
29
59
50
55
92
65
108
126
128
157
185
211
200
239
254
257
280
286
309
325
343
347
357
347
391
369
378
428
439
427
433
431
435
448
407
420
432
439
398
409
437
418
390
386
393
381
378
377
371
355
347
304
278
250
225
228
199
200
184
187
175
139
126
120
86
60
43
28
12
-25
-46
-95
-94
-104
-123
-133
-145
-168
-200
-189
-160
-177
-180
-216
-230
-258
-262
-237
-266
-267
-285
-293
-297
-287
-306
-329
-351
-359
-351
-373
-344
-358
-353
-362
-357
-356
-347
-332
-362
-367
-339
-377
-366
-358
-355
-361
-366
-376
-377
-373
-374
-370
-368
-352
-344
-302
-304
-281
-264
-255
-250
-237
-200
-199
-223
-186
-133
-155
-139
-93
-65
-65
-45
-49
-12
13
36
87
73
118
136
156
202
220
248
272
253
262
287
275
300
298
312
321
357
372
365
386
409
416
388
433
439
420
410
418
395
392
427
416
425
417
421
407
399
390
370
361
355
319
308
317
289
293
311
280
227
235
218
199
199
208
192
188
155
151
142
86
73
54
49
29
13
7
-25
-49
-46
-65
-74
-77
-87
-84
-87
-93
-112
-133
-173
-217
-229
-215
-192
-207
-219
-206
-222
-241
-237
-266
-280
-268
-264
-268
-258
-263
-272
-294
-313
-321
-294
-309
-338
-306
-346
-373
-368
-354
-358
-361
-349
-336
-334
-321
-318
-309
-314
-330
-321
-295
-312
-305
-264
-269
-260
-258
-248
-242
-244
-215
-182
-171
-192
-175
-121
-103
-117
-68
-45
-42
-18
-11
-2
23
34
22
61
86
91
127
164
160
184
214
194
199
231
217
205
249
263
288
289
296
292
292
291
325
325
319
353
361
362
377
383
368
362
356
364
360
358
336
359
339
303
304
289
272
275
297
278
248
251
242
244
239
216
203
175
164
163
148
121
103
102
70
50
56
51
21
-27
-37
-16
-21
-18
-44
-55
-65
-73
-87
-72
-68
-104
-131
-133
-117
-157
-154
-142
-163
-188
-198
-217
-233
-224
-225
-225
-243
-247
-251
-249
-268
-277
-265
-266
-283
-270
-264
-281
-284
-284
-305
-311
-282
-287
-298
-307
-295
-291
-294
-264
-249
-258
-234
-243
-259
-233
-221
-192
-170
-148
-158
-161
-174
-160
-153
-164
-168
-151
-134
-133
-99
-65
-63
-54
-16
16
28
31
61
66
62
71
72
98
93
97
135
135
142
162
157
178
202
195
194
240
264
256
277
272
266
274
254
270
260
272
291
265
280
253
254
253
245
249
238
233
241
242
231
257
251
232
234
234
221
210
197
173
160
151
138
134
131
117
99
107
104
109
82
51
52
43
26
32
21
9
15
-3
-3
-17
-22
-23
-18
-19
-39
-55
-77
-61
-74
-100
-102
-127
-115
-115
-116
-102
-112
-118
-113
-93
-100
-121
-125
-120
-146
-188
-190
-200
-217
-205
-206
-217
-213
-212
-211
-192
-194
-219
-211
-201
-205
-200
-191
-186
-180
-184
-174
-170
-196
-195
-201
-208
-206
-208
-200
-192
-187
-167
-171
-155
-145
-153
-148
-126
-111
-95
-80
-82
-65
-39
-38
-35
-26
-45
-34
-17
-7
-3
20
38
47
69
80
81
103
122
117
137
145
140
117
116
140
145
141
156
188
173
181
187
194
200
206
189
186
185
184
196
203
213
221
217
214
209
203
208
212
197
186
175
162
144
165
173
136
156
146
127
133
146
126
112
133
121
120
120
127
117
72
83
72
32
26
36
31
35
42
34
27
-4
-16
-13
-13
-11
-28
-21
-50
-63
-57
-67
-58
-75
-92
-80
-71
-97
-104
-114
-131
-136
-151
-160
-145
-151
-192
-192
-178
-168
-188
-178
-171
-186
-181
-194
-185
-174
-181
-200
-198
-191
-201
-201
-191
-185
-204
-214
-201
-199
-197
-173
-149
-163
-155
-149
-146
-135
-124
-118
-112
-116
-118
-107
-99
-82
-66
-52
-54
-53
-33
-10
-7
-8
6
21
11
23
52
72
64
72
77
79
84
92
93
114
124
120
127
135
152
147
152
166
170
161
159
147
151
183
178
181
188
192
193
189
185
204
184
177
181
168
168
178
187
156
139
129
136
139
118
113
112
126
112
118
133
119
113
99
95
100
93
63
61
53
52
40
21
38
28
14
4
16
3
2
-17
-46
-44
-50
-39
-57
-57
-46
-80
-95
-82
-103
-120
-115
-114
-128
-131
-124
-158
-130
-113
-101
-100
-98
-130
-160
-188
-192
-189
-180
-165
-159
-140
-106
-85
-104
-122
-125
-117
-130
-147
-163
-162
-174
-167
-131
-124
-121
-111
-91
-77
-64
-53
-58
-82
-91
-110
-117
-91
-73
-61
-43
-43
-49
-47
-48
-47
-36
-49
-69
-62
-66
-37
0
27
45
50
39
43
54
48
60
73
67
88
92
89
92
85
97
105
113
122
132
135
136
140
121
128
135
141
138
143
154
142
141
150
139
125
134
131
131
132
126
132
137
147
147
138
136
136
128
117
122
115
103
88
94
91
81
64
64
53
47
48
37
30
26
32
23
34
21
13
6
10
-2
-19
-31
-40
-38
-41
-32
-40
-66
-64
-58
-72
-57
-56
-79
-88
-99
-102
-109
-104
-106
-116
-125
-119
-120
-139
-124
-118
-122
-109
-118
-121
-111
-124
-125
-127
-124
-116
-125
-122
-115
-115
-125
-113
-108
-111
-109
-112
-116
-102
-88
-82
-96
-81
-92
-98
-76
-77
-70
-56
-55
-58
-47
-50
-37
-19
-23
-19
-7
-5
6
0
13
8
7
17
9
23
39
45
52
48
60
77
76
80
84
75
80
73
67
78
85
86
76
90
87
84
99
109
113
112
108
107
106
118
103
98
101
102
99
105
108
96
82
72
79
91
104
91
81
95
102
93
100
104
96
82
74
68
73
72
63
74
62
44
46
40
41
28
22
25
19
13
24
21
5
-17
-13
-30
-33
-40
-46
-56
-57
-60
-72
-60
-68
-68
-82
-83
-75
-97
-97
-90
-95
-91
-109
-106
-87
-88
-81
-83
-91
-89
-100
-105
-107
-112
-103
-110
-105
-92
-86
-90
-89
-82
-84
-92
-78
-70
-71
-66
-67
-67
-68
-76
-71
-69
-70
-71
-67
-59
-56
-41
-32
-34
-27
-29
-24
-13
-8
-12
-5
7
4
-2
0
-1
-3
10
21
22
20
36
34
37
57
68
57
59
68
66
65
58
68
59
46
54
49
73
73
68
60
77
81
79
96
93
86
81
76
89
83
86
86
62
77
72
70
79
84
82
75
71
64
66
64
63
61
56
51
49
49
55
52
45
48
46
46
42
33
29
24
25
20
9
18
16
7
2
3
1
-10
-2
-7
-15
-13
-19
-27
-26
-29
-33
-29
-38
-38
-34
-42
-39
-49
-56
-58
-67
-61
-70
-78
-67
-74
-62
-68
-75
-68
-77
-71
-63
-54
-62
-66
-75
-75
-74
-73
-74
-82
-86
-96
-86
-80
-70
-76
-86
-75
-73
-76
-68
-71
-66
-66
-54
-48
-53
-47
-38
-48
-48
-38
-43
-49
-47
-39
-37
-29
-18
-7
-5
2
7
8
1
5
6
10
20
31
26
30
37
45
48
55
58
58
59
51
55
51
57
54
61
67
65
69
77
74
76
72
68
68
67
73
73
68
73
67
65
71
75
58
61
74
68
66
68
70
69
78
72
65
71
63
62
67
59
51
60
55
44
45
39
26
24
22
22
30
17
23
27
21
25
20
19
21
11
14
9
-3
-7
-10
-13
-18
-21
-25
-43
-40
-40
-51
-48
-40
-58
-47
-59
-57
-51
-71
-60
-70
-69
-62
-68
-68
-77
-82
-82
-90
-86
-75
-74
-80
-74
-70
-79
-80
-73
-75
-82
-85
-80
-86
-91
-85
-82
-83
-78
-70
-67
-65
-71
-68
-66
-56
-54
-48
-36
-42
-36
-26
-26
-22
-17
-16
-9
1
13
13
18
32
35
26
31
39
45
44
34
39
34
28
38
52
59
57
61
63
69
66
66
71
73
72
70
66
67
64
64
66
71
75
68
71
68
58
64
68
66
61
65
63
56
53
59
62
43
41
47
41
43
51
52
43
48
49
47
46
42
34
26
16
13
18
10
1
1
4
13
12
10
2
1
-6
-22
-19
-21
-29
-21
-26
-33
-37
-33
-38
-38
-37
-47
-44
-52
-50
-46
-51
-53
-54
-57
-49
-47
-43
-58
-65
-66
-65
-61
-61
-59
-67
-67
-65
-64
-57
-54
-52
-53
-57
-57
-62
-53
-57
-56
-40
-42
-44
-38
-36
-40
-38
-40
-39
-35
-28
-28
-26
-31
-24
-13
-12
-1
-3
-10
-5
-1
4
13
19
28
28
26
29
23
25
27
22
29
36
33
33
31
31
32
37
37
39
55
59
54
49
52
50
44
40
36
40
45
46
51
48
43
47
46
46
45
37
39
39
44
52
50
49
50
38
43
41
28
30
27
19
22
31
23
23
27
15
12
16
15
17
15
24
21
6
7
4
5
5
7
7
-3
-6
-9
-15
-9
-18
-15
-14
-20
-13
-14
-22
-23
-24
-26
-26
-30
-23
-23
-20
-29
-31
-30
-27
-31
-37
-35
-32
-35
-34
-36
-38
-34
-42
-41
-42
-49
-50
-44
-43
-50
-44
-39
-43
-43
-36
-36
-33
-38
-44
-42
-40
-47
-46
-40
-39
-39
-38
-37
-34
-30
-24
-15
-15
-15
-7
-15
-13
-14
-14
-15
-16
-12
-14
-6
-2
0
4
5
7
13
12
12
14
16
15
19
20
20
28
23
27
29
26
38
36
31
28
23
33
40
44
46
48
46
42
43
47
46
43
40
39
45
45
40
45
42
37
39
40
40
37
37
33
35
36
38
38
35
33
25
25
17
25
21
8
18
21
16
20
25
19
20
12
13
10
11
12
1
2
-4
-1
5
9
6
6
1
0
0
-5
0
-6
-6
-4
-3
-7
-10
-20
-18
-31
-36
-27
-31
-29
-28
-34
-39
-42
-41
-41
-42
-37
-37
-50
-53
-52
-54
-50
-58
-60
-54
-58
-55
-50
-58
-61
-58
-60
-60
-54
-51
-53
-50
-47
-49
-41
-36
-33
-29
-29
-28
-22
-22
-24
-17
-20
-18
-14
-17
-6
-2
4
8
5
8
10
20
23
28
28
33
28
25
34
30
30
30
35
36
34
36
31
35
38
32
35
40
38
35
43
47
39
41
40
37
41
39
36
37
35
33
31
26
28
29
20
28
29
30
33
27
30
33
33
39
37
37
29
26
27
28
27
23
22
10
11
13
9
11
12
13
8
8
8
7
2
3
8
8
2
4
5
0
2
-1
1
2
1
-3
-1
-8
-17
-11
-12
-21
-19
-21
-23
-23
-17
-12
-19
-20
-22
-27
-31
-34
-33
-33
-30
-36
-45
-49
-48
-48
-51
-56
-52
-52
-53
-49
-43
-43
-46
-44
-49
-42
-44
-48
-47
-52
-46
-46
-43
-41
-42
-37
-43
-41
-38
-36
-28
-30
-26
-20
-20
-13
-7
-7
-5
3
3
5
5
3
4
2
6
10
11
11
17
25
24
27
31
31
32
33
36
34
38
36
36
41
42
37
39
41
36
35
35
36
32
35
36
34
41
35
32
32
29
30
31
28
27
25
28
30
28
34
35
33
30
28
33
34
28
27
25
26
27
26
23
28
20
17
21
24
20
14
13
8
5
11
10
9
8
3
-1
3
4
-5
2
2
-1
2
1
0
-3
-3
-6
-10
-10
-11
-15
-14
-20
-21
-24
-27
-30
-27
-35
-32
-33
-40
-41
-42
-43
-46
-44
-44
-41
-43
-41
-38
-40
-44
-38
-33
-37
-33
-31
-33
-40
-39
-34
-31
-36
-34
-33
-41
-37
-34
-32
-28
-23
-24
-25
-19
-15
-15
-9
-5
-9
-3
-1
4
2
-5
-3
-2
-1
0
11
12
6
5
10
15
12
14
18
20
20
23
22
14
17
18
14
17
24
30
22
22
22
20
21
26
32
35
33
34
34
38
41
39
37
38
42
36
39
41
38
37
38
35
36
31
27
26
30
28
33
33
33
34
28
25
25
23
15
11
5
9
10
6
7
6
5
-2
-5
-8
-11
-13
-12
-16
-13
-17
-22
-21
-25
-23
-18
-17
-20
-18
-19
-23
-23
-21
-28
-29
-31
-33
-30
-34
-32
-40
-35
-32
-36
-30
-32
-31
-26
-35
-37
-32
-29
-31
-34
-33
-35
-37
-32
-29
-23
-22
-26
-26
-25
-24
-24
-19
-18
-15
-13
-11
-7
-6
-4
-5
-1
-1
-1
3
-1
-2
-2
-2
2
3
4
10
14
14
15
19
23
19
20
19
18
18
17
22
22
21
28
19
15
18
18
17
18
18
16
14
16
19
22
26
28
28
29
34
27
24
21
13
13
16
15
16
17
18
18
19
20
22
22
22
19
14
18
17
18
15
15
15
11
13
11
8
7
5
5
4
6
8
6
6
5
-2
4
0
-3
1
-1
-4
-2
-3
-8
-7
-12
-18
-22
-26
-26
-24
-25
-22
-19
-21
-20
-19
-18
-18
-19
-20
-23
-22
-21
-18
-22
-22
-19
-15
-13
-14
-15
-13
-15
-18
-19
-20
-24
-23
-19
-18
-16
-14
-16
-12
-7
-9
-11
-12
-10
-11
-8
-6
-3
-3
-8
-8
-8
-1
-2
-4
-2
-4
-3
-2
-2
0
2
1
3
6
4
7
8
4
1
0
-2
-2
1
2
7
2
3
7
6
8
10
12
14
10
15
17
15
20
21
24
22
16
14
18
15
12
8
11
13
14
18
16
17
15
12
11
14
9
13
12
10
13
12
15
12
17
15
12
15
15
13
13
14
12
12
10
7
8
6
4
6
4
3
4
7
4
4
3
2
1
2
2
0
0
0
-5
-6
-9
-12
-16
-18
-16
-15
-14
-14
-10
-11
-9
-9
-10
-9
-12
-14
-11
-13
-14
-17
-18
-19
-19
-16
-13
-10
-10
-13
-14
-13
-14
-15
-18
-18
-18
-18
-17
-14
-17
-15
-15
-11
-10
-9
-6
-8
-7
-10
-12
-17
-17
-14
-14
-13
-7
-4
-2
-3
-2
0
-1
-2
-5
-2
-4
-5
-4
-2
-1
-1
-2
1
0
0
-2
-3
4
7
6
9
14
11
11
12
15
19
20
19
21
20
19
18
17
13
11
11
11
10
11
12
12
16
20
18
16
17
15
17
18
19
17
16
10
6
9
10
9
11
12
14
13
16
14
15
13
11
12
8
6
6
6
7
12
5
2
3
2
-5
-4
-5
-4
-3
-6
-3
-2
-1
-3
-2
-3
-3
-4
-3
-5
-8
-10
-13
-10
-11
-9
-7
-11
-10
-11
-15
-16
-15
-15
-16
-18
-16
-14
-15
-13
-12
-7
-7
-9
-11
-12
-11
-17
-19
-21
-18
-20
-19
-16
-14
-16
-15
-11
-11
-14
-14
-12
-12
-8
-7
-5
-3
-10
-7
-7
-9
-7
-8
-8
-8
-6
-7
-7
-3
-2
-2
-1
-4
0
1
2
1
4
7
5
8
11
11
11
11
12
11
9
7
7
13
11
13
15
16
17
17
15
17
15
16
19
21
21
19
21
20
20
20
20
20
17
17
17
15
13
15
13
12
13
13
14
12
12
10
5
10
7
7
7
3
4
3
