4
5
3
4
3
3
4
5
5
4
5
4
5
7
7
7
7
4
3
4
3
2
3
3
3
1
2
2
1
3
2
1
2
0
0
0
1
1
1
1
0
1
0
1
0
0
0
0
0
3
2
2
2
2
0
-1
-2
-2
-1
-2
-2
-1
0
-2
-1
-5
-4
-3
-5
-2
-3
-4
-3
-2
-2
-1
-1
-1
-1
-1
0
-1
1
0
-2
-2
-4
-3
-1
-1
-1
-2
-2
-3
-2
-2
-2
-3
-3
-4
-5
-4
-2
-3
-4
-2
-2
-2
-2
-2
-2
-3
-3
-3
-3
-3
-1
-1
-1
-3
-2
-1
0
1
1
0
-1
-1
-2
-2
-1
-1
-1
0
2
0
1
0
-1
-1
0
1
2
2
3
5
6
5
5
4
5
5
4
5
5
4
3
3
2
1
0
0
1
3
5
6
6
4
5
2
1
1
0
-1
1
1
1
2
2
2
4
4
4
3
3
5
4
5
2
1
1
1
2
2
2
2
1
2
-2
-1
-1
-2
-2
-3
-4
-5
-6
-5
-4
-4
-4
-5
-6
-4
-2
-2
-1
-1
0
-1
-2
-1
0
-1
0
1
1
1
2
0
-1
-2
-3
-2
-4
-3
-2
-2
-2
-4
-4
-3
-3
-4
-3
-3
-2
-1
-2
-2
-5
-4
-3
-3
-3
-2
-1
0
-1
1
1
-2
-2
-2
-2
-2
0
-1
0
0
0
0
-3
-3
-4
-4
-2
1
1
1
0
1
0
0
2
3
3
4
4
4
3
2
1
0
0
2
2
4
3
3
4
5
4
4
3
2
2
1
3
2
2
1
1
1
0
2
3
2
3
4
4
5
4
4
3
1
1
1
2
2
3
2
2
0
-1
-1
0
-2
-2
1
1
4
3
1
-1
-2
-1
0
0
2
-1
-3
-4
-4
-2
-3
-2
-3
-1
-1
0
1
1
2
1
0
0
0
0
2
1
1
1
-1
-2
-1
-1
0
-2
-3
-4
-2
-1
0
-1
-4
-4
-6
-7
-4
-3
-3
-3
-3
-2
-3
-2
-2
-3
-3
-2
-1
0
1
0
0
0
-2
-2
-3
-3
-2
-1
-1
-1
-1
-3
-3
-3
-2
-3
-2
-1
-1
1
0
1
-1
-1
-1
-1
-1
1
2
3
3
3
1
0
0
1
1
3
3
3
3
3
2
2
1
0
1
1
1
2
2
1
2
1
0
2
4
5
6
7
6
6
4
2
2
1
0
1
0
2
3
4
5
5
4
3
2
3
1
1
0
0
0
-1
-2
-1
0
-1
0
0
2
2
2
1
1
-2
-2
-2
-1
-1
0
0
0
0
1
2
2
1
2
1
1
2
2
0
-1
-2
-3
-1
-1
1
-1
-1
-3
-4
-4
-5
-6
-6
-5
-3
-2
-2
-1
0
-1
-1
-1
-1
0
-2
0
-1
0
-2
-2
-2
-4
-3
-4
-2
-2
-2
-2
-4
-5
-4
-3
-4
-4
-4
-3
-2
-2
-2
-1
-1
1
-2
-2
-1
-1
1
1
3
4
2
1
1
1
1
2
4
3
5
4
2
3
1
0
0
1
2
1
2
3
3
2
2
1
2
1
3
2
1
1
0
1
2
2
2
1
2
2
2
3
2
3
2
0
0
-1
-2
-3
-3
-2
-1
-1
0
0
-2
-2
-2
-1
-1
0
2
3
3
4
2
0
-1
1
0
1
3
3
4
3
3
2
2
1
1
1
1
2
3
2
-1
-1
-1
-2
-3
-1
-1
-2
-1
-1
-1
-1
-1
-1
-1
-1
0
1
0
0
0
0
-1
-2
-2
-2
1
0
0
1
0
-2
-3
-3
-4
-5
-4
-4
-4
-3
-4
-5
-3
-3
-3
-2
-2
-1
-1
-1
-1
0
1
-1
0
0
1
1
1
2
0
1
1
1
0
1
2
1
2
2
3
0
-1
-1
0
-1
0
1
1
1
2
3
2
4
5
3
3
4
2
2
2
2
3
3
2
4
3
3
3
4
5
1
-1
-3
-2
-2
-2
-1
1
1
-1
0
-2
0
0
0
-1
0
1
-1
1
1
1
0
-2
-1
-1
0
0
2
1
1
2
2
1
2
3
3
3
3
1
1
0
-1
-2
-1
-2
-3
-4
-3
-3
-2
-1
-1
-1
-1
-1
1
1
-1
-1
-2
-2
-1
0
0
-1
-1
0
-1
-1
1
-1
-1
-2
-2
-1
0
-1
-2
-3
-5
-5
-3
-3
-2
-2
-3
-3
-3
-2
-1
0
1
2
0
1
1
1
1
0
2
2
1
2
2
2
2
1
0
1
0
-1
0
1
1
1
2
1
1
1
1
-1
0
2
2
3
0
-1
-2
-2
-1
-1
1
2
3
4
3
2
2
0
1
0
-1
0
0
1
-1
-1
-1
-1
-2
-1
-1
-1
-1
0
0
0
0
-2
-2
0
-1
-2
-1
-1
0
2
2
3
2
3
2
3
5
5
6
6
3
2
2
1
1
1
1
-1
0
1
1
-2
-1
-2
-3
-2
-2
-1
0
0
0
0
-1
-1
0
1
3
2
1
1
0
1
1
0
-1
-3
-3
-3
-3
-3
-2
-4
-4
-3
-4
-5
-6
-5
-4
-4
-3
-3
-1
0
0
0
2
1
1
2
0
0
0
-1
1
2
2
3
3
4
3
2
2
2
1
2
2
1
0
-1
-1
-1
0
0
1
0
0
0
-1
-1
-2
-2
-2
-1
-1
-1
-1
-2
-1
-1
-2
-3
-3
-2
-3
-1
-1
-1
-2
-2
-2
-2
-1
-2
-1
-1
0
0
1
0
-2
-1
-1
1
3
2
2
3
3
3
4
5
6
7
7
7
8
7
6
6
5
3
4
5
6
7
6
7
6
5
5
4
3
1
1
1
1
1
1
0
-1
-1
-3
-1
-3
-3
-4
-3
-4
-5
-5
-5
-5
-5
-5
-5
-7
-6
-7
-9
-8
-8
-10
-11
-10
-10
-8
-9
-8
-7
-8
-8
-8
-8
-7
-8
-8
-8
-6
-5
-4
-3
-2
-3
-2
-1
1
2
2
3
1
2
2
1
0
1
1
0
2
4
3
5
4
4
4
5
5
6
5
5
6
6
7
8
10
10
11
12
11
11
12
12
10
10
10
10
9
10
10
10
10
12
12
11
10
9
10
11
11
10
8
7
7
6
4
4
2
0
1
1
2
1
-1
-3
-2
-2
-3
-2
-3
-4
-5
-5
-7
-5
-6
-8
-11
-12
-15
-16
-14
-17
-17
-18
-18
-19
-19
-21
-22
-21
-22
-22
-22
-22
-22
-22
-22
-21
-19
-17
-15
-13
-12
-10
-9
-8
-7
-5
-4
-3
-4
-5
-3
-3
-3
0
1
3
3
3
4
4
4
5
6
7
10
11
13
14
16
17
18
22
24
24
25
27
28
27
28
27
27
26
28
27
27
28
26
25
25
24
23
23
22
23
22
23
23
25
23
23
19
19
17
15
14
12
10
8
6
4
2
0
-1
-5
-6
-10
-14
-18
-24
-27
-33
-36
-41
-45
-49
-51
-55
-59
-63
-66
-69
-70
-69
-70
-67
-64
-60
-56
-52
-48
-42
-39
-33
-28
-23
-18
-14
-10
-5
-2
2
2
2
3
2
1
2
2
2
4
4
6
7
8
10
12
15
20
23
29
33
37
40
44
47
48
50
52
53
54
54
53
53
55
56
56
58
57
54
51
48
42
39
37
36
36
34
35
36
38
41
44
48
53
56
62
68
71
70
66
61
55
51
44
36
25
10
-8
-26
-44
-60
-72
-87
-100
-108
-116
-121
-120
-120
-119
-118
-115
-110
-106
-98
-88
-80
-74
-71
-71
-69
-69
-69
-68
-66
-65
-64
-64
-63
-61
-59
-61
-62
-61
-61
-60
-56
-52
-49
-45
-42
-38
-32
-28
-21
-14
-8
0
8
18
28
35
44
51
61
70
79
87
93
97
99
98
95
92
87
84
80
77
73
72
71
72
72
71
73
75
79
83
84
88
91
93
93
94
92
89
86
81
76
69
62
54
47
38
36
34
31
30
31
38
56
80
101
120
133
136
131
125
123
123
117
104
79
43
3
-42
-91
-134
-173
-215
-250
-280
-297
-307
-312
-308
-302
-292
-282
-267
-245
-217
-190
-167
-155
-142
-129
-117
-107
-98
-91
-86
-85
-77
-64
-51
-38
-27
-23
-18
-11
-4
1
4
1
-10
-28
-48
-64
-81
-97
-110
-118
-122
-121
-111
-94
-74
-47
-21
7
42
82
120
156
186
215
235
245
252
253
245
232
219
199
182
166
146
127
110
100
94
89
86
86
88
88
93
98
104
108
109
107
108
106
107
107
110
114
118
121
124
126
125
126
126
124
117
106
92
73
54
37
16
1
-20
-40
-56
-67
-61
-33
1
39
80
110
129
135
148
164
174
178
158
125
78
19
-52
-130
-208
-288
-371
-455
-518
-555
-582
-598
-600
-585
-563
-529
-483
-427
-363
-303
-250
-207
-158
-113
-78
-45
-16
2
15
28
38
49
64
69
68
66
67
69
67
56
46
23
-14
-56
-97
-137
-180
-226
-265
-292
-310
-308
-287
-249
-197
-136
-66
19
112
212
306
383
452
509
545
561
566
543
502
450
390
334
280
230
183
140
107
86
70
64
69
74
74
66
64
66
71
78
81
87
85
80
81
88
100
115
134
158
185
216
245
253
269
274
271
253
234
211
168
122
76
30
-23
-66
-111
-154
-191
-204
-169
-89
-2
85
174
246
301
329
361
399
423
402
333
241
142
21
-133
-296
-454
-620
-793
-943
-1041
-1095
-1122
-1141
-1133
-1082
-1012
-923
-811
-676
-529
-392
-292
-200
-106
-14
56
100
144
184
214
228
229
243
251
233
198
178
168
148
105
46
-14
-95
-195
-304
-406
-498
-587
-678
-729
-740
-712
-654
-565
-438
-280
-95
111
328
549
763
932
1067
1167
1229
1239
1209
1132
1014
875
724
557
400
271
142
24
-68
-129
-159
-168
-173
-163
-143
-129
-105
-71
-25
18
53
83
119
170
234
307
379
457
527
583
640
707
755
775
772
731
672
603
509
403
271
114
-39
-182
-310
-407
-490
-554
-586
-517
-345
-137
66
261
442
582
665
733
834
909
888
732
503
254
-29
-370
-731
-1079
-1400
-1732
-2046
-2258
-2341
-2355
-2340
-2280
-2143
-1926
-1681
-1413
-1115
-792
-487
-252
-54
168
410
606
727
809
870
914
929
910
916
923
884
766
633
521
402
238
3
-240
-494
-765
-1059
-1309
-1503
-1680
-1835
-1946
-1940
-1797
-1571
-1257
-869
-412
107
645
1206
1767
2249
2611
2853
2960
2975
2892
2689
2370
1989
1564
1078
594
149
-214
-524
-799
-1018
-1155
-1182
-1151
-1088
-985
-840
-692
-550
-386
-160
72
264
441
633
837
1054
1283
1497
1680
1821
1912
1973
2019
2031
1978
1820
1561
1269
935
579
192
-233
-639
-1045
-1410
-1679
-1873
-2013
-1958
-1585
-1021
-454
68
596
1107
1457
1643
1842
2071
2204
1997
1521
1022
553
-24
-708
-1392
-2018
-2621
-3271
-3816
-4063
-4061
-4001
-3950
-3818
-3494
-3020
-2512
-1991
-1405
-783
-265
93
421
837
1291
1622
1730
1754
1838
1893
1817
1690
1603
1489
1190
788
444
251
66
-268
-684
-1079
-1456
-1864
-2283
-2605
-2760
-2877
-2957
-2912
-2651
-2153
-1569
-949
-245
540
1355
2111
2827
3495
4056
4359
4388
4238
3985
3632
3110
2447
1749
1068
358
-335
-907
-1306
-1604
-1878
-2094
-2131
-2005
-1840
-1627
-1360
-1036
-699
-408
-118
233
583
882
1124
1337
1569
1818
2008
2151
2258
2287
2256
2171
2036
1876
1673
1367
924
480
72
-347
-831
-1269
-1641
-1967
-2254
-2428
-2502
-2261
-1568
-731
-2
614
1231
1797
2191
2364
2636
2923
2951
2548
1896
1275
693
-61
-969
-1826
-2545
-3247
-4004
-4537
-4710
-4642
-4555
-4477
-4213
-3679
-3059
-2391
-1739
-1035
-317
275
709
1125
1644
2170
2475
2542
2563
2579
2493
2215
1874
1589
1291
828
256
-205
-516
-836
-1270
-1698
-2038
-2323
-2634
-2943
-3127
-3139
-3085
-2994
-2730
-2259
-1605
-842
-8
851
1758
2639
3376
3960
4453
4807
4922
4780
4411
3930
3329
2606
1766
950
200
-552
-1307
-1963
-2394
-2672
-2863
-2929
-2807
-2501
-2119
-1714
-1220
-650
-77
413
841
1237
1615
1914
2113
2293
2432
2504
2492
2426
2282
2128
1963
1759
1496
1200
886
526
80
-353
-734
-1124
-1512
-1861
-2157
-2364
-2463
-2484
-2241
-1459
-384
511
1178
1767
2356
2756
2839
2921
3169
3207
2671
1740
917
297
-492
-1506
-2499
-3296
-4006
-4810
-5421
-5549
-5331
-5113
-5012
-4717
-4034
-3148
-2291
-1499
-640
284
1058
1604
2111
2724
3319
3562
3437
3260
3141
2946
2489
1900
1432
976
331
-394
-984
-1338
-1653
-2168
-2652
-2902
-3034
-3198
-3339
-3289
-3095
-2822
-2527
-2063
-1328
-462
389
1213
2063
2968
3781
4399
4859
5147
5228
5062
4643
4095
3468
2733
1884
965
81
-692
-1405
-2078
-2587
-2885
-3081
-3216
-3182
-2939
-2490
-1989
-1471
-850
-150
511
1072
1606
2114
2518
2763
2841
2851
2824
2688
2464
2172
1832
1451
1065
653
297
6
-287
-620
-944
-1220
-1470
-1703
-1918
-2111
-2234
-2286
-2272
-2189
-1688
-557
644
1470
2083
2624
3056
3191
3008
2955
3071
2812
1919
779
-82
-730
-1633
-2745
-3671
-4305
-4959
-5696
-6076
-5902
-5507
-5226
-4992
-4441
-3435
-2356
-1361
-397
637
1662
2426
2973
3532
4194
4635
4576
4195
3820
3507
3008
2172
1320
673
-37
-917
-1748
-2269
-2447
-2750
-3255
-3605
-3625
-3524
-3522
-3457
-3106
-2573
-2100
-1579
-828
222
1198
1952
2676
3502
4319
4864
5137
5289
5317
5079
4557
3905
3250
2509
1618
631
-259
-996
-1663
-2308
-2867
-3203
-3356
-3398
-3326
-3048
-2519
-1854
-1230
-593
177
1031
1768
2326
2760
3138
3342
3334
3222
3097
2867
2416
1874
1311
748
178
-289
-722
-1063
-1351
-1601
-1735
-1797
-1876
-1985
-2110
-2218
-2342
-2383
-2239
-1779
-676
790
1869
2612
3170
3536
3650
3356
3029
2968
2758
1917
652
-360
-963
-1708
-2764
-3761
-4447
-5096
-5944
-6513
-6380
-5842
-5497
-5400
-4919
-3788
-2548
-1419
-262
1010
2249
3095
3599
4241
4988
5462
5346
4797
4222
3685
3000
2064
1162
448
-348
-1395
-2383
-2978
-3258
-3604
-4173
-4534
-4476
-4246
-4068
-3753
-3061
-2224
-1610
-1013
-126
1072
2211
2984
3544
4206
4835
5155
5343
5378
5328
4940
4184
3413
2795
2113
1185
132
-822
-1526
-2076
-2619
-2982
-3110
-3055
-3076
-3016
-2572
-1871
-1176
-668
-129
598
1395
2073
2644
3211
3673
3923
3838
3626
3463
3158
2505
1609
738
6
-679
-1307
-1795
-2088
-2200
-2336
-2512
-2433
-2152
-2032
-2115
-2229
-2158
-1954
-1395
129
2012
3092
3641
3950
4206
4183
3476
2897
2893
2494
1187
-330
-1167
-1575
-2426
-3608
-4544
-5170
-5907
-6823
-7168
-6746
-6112
-5702
-5503
-4810
-3398
-1796
-374
866
2046
3223
4022
4426
4855
5450
5769
5239
4298
3664
3257
2534
1344
244
-409
-1221
-2472
-3410
-3797
-4071
-4481
-5027
-5196
-4709
-4154
-3762
-3089
-2190
-1323
-553
234
1172
2328
3316
3846
4277
4873
5410
5657
5558
5263
4868
4206
3200
2157
1353
562
-408
-1535
-2344
-2589
-2642
-2746
-2731
-2549
-2303
-2207
-2092
-1653
-992
-317
213
741
1572
2577
3326
3881
4337
4688
4690
4266
3678
3042
2309
1364
332
-516
-1026
-1409
-1776
-2048
-2164
-2257
-2462
-2614
-2718
-2676
-2533
-2487
-2327
-1892
-1286
108
2376
4241
5066
5304
5317
5096
4179
2925
2391
2252
1386
-70
-1148
-1492
-1968
-3002
-4184
-5208
-6137
-7214
-8108
-8188
-7560
-6763
-6163
-5539
-4158
-1997
83
1504
2547
3670
4570
4803
4844
5237
5678
5401
4444
3681
3393
3000
2014
634
-660
-1858
-3132
-4310
-5010
-5267
-5392
-5552
-5637
-5196
-4168
-3144
-2473
-1887
-1167
-438
217
966
1941
3064
3877
4338
4816
5459
5959
6025
5589
4799
3881
2779
1558
474
-364
-1143
-1925
-2600
-2866
-2691
-2504
-2496
-2617
-2643
-2509
-2249
-1868
-1204
-327
638
1575
2544
3683
4710
5250
5262
5009
4644
4125
3492
2782
2177
1651
1001
320
-123
-469
-898
-1449
-2069
-2508
-2793
-3080
-3251
-3203
-2889
-2483
-1994
-1380
245
2937
5076
5555
5445
5186
4560
3701
2115
2025
2397
1788
547
-557
-822
-1016
-2228
-3969
-5438
-6797
-7876
-8708
-8810
-7687
-6332
-5399
-4908
-3675
-1539
328
1242
1630
2353
3158
3515
3594
4322
5403
5676
4985
4071
3656
3257
2059
9
-1869
-3180
-4306
-5253
-5630
-5250
-4512
-4224
-4348
-4098
-3319
-2788
-2746
-2714
-2239
-1317
-298
891
2447
4071
5229
5709
5842
5964
5876
5162
4000
2909
2223
1726
1146
748
517
53
-839
-1863
-2667
-3255
-3828
-4341
-4530
-4164
-3279
-2101
-755
571
1812
2772
3322
3670
3970
4186
4141
3848
3672
3859
4069
4008
3733
3332
2711
1807
827
-4
-660
-1302
-1888
-2237
-2265
-2233
-2227
-2124
-2110
-2200
-2182
-1988
-721
1812
3812
4479
4501
4436
4388
3666
2734
2773
3189
2814
1441
71
-645
-1237
-2317
-4175
-6019
-7127
-7852
-8264
-8015
-6898
-5403
-4687
-4653
-4015
-2515
-967
-152
263
1100
2238
3255
3988
4821
5740
5850
4988
3535
2225
1434
350
-1341
-2934
-3711
-3866
-3920
-3864
-3487
-3168
-3353
-4177
-4857
-4790
-4462
-3995
-3284
-2082
-461
1239
2753
3993
4842
5135
4953
4554
4192
4077
4246
4160
3892
3631
3464
3079
2139
940
-289
-1496
-2622
-3330
-3592
-3576
-3487
-3348
-2975
-2366
-1691
-1103
-535
-77
473
1429
2581
3704
4654
5417
5769
5654
5209
4638
3996
3052
1876
883
260
-56
-119
-135
-346
-722
-1305
-1910
-2387
-2771
-2918
-2768
-2513
-2310
-1558
609
3550
5140
4788
3892
3317
2665
1604
1201
2308
3555
3394
2200
1133
517
-376
-2225
-4685
-6810
-7935
-8242
-8058
-7136
-5468
-4009
-3842
-4509
-4447
-3461
-2599
-2385
-1971
-514
1579
3473
4985
6234
6896
6442
4866
2918
1413
426
-610
-1846
-2721
-2745
-2278
-2025
-2411
-3151
-3985
-5039
-6030
-6418
-5904
-4759
-3484
-2288
-1000
405
1604
2273
2468
2527
2708
3239
4048
5025
6006
6509
6325
5597
4601
3556
2415
1151
9
-765
-1054
-865
-579
-609
-1237
-2260
-3260
-3948
-4139
-3980
-3337
-2297
-1040
276
1711
3147
4214
4619
4386
4275
4499
4667
4778
4793
4710
4575
4226
3605
2864
1844
555
-854
-2146
-2869
-2918
-2625
-2586
-2690
-2713
-2473
-1269
1093
2878
2531
1103
212
537
1067
1401
2792
4621
4972
3598
1715
368
-612
-2053
-3995
-5741
-6563
-6043
-4683
-3481
-3098
-3438
-4239
-5537
-6463
-6284
-5182
-3944
-3034
-1916
-72
2031
3580
3993
3225
2029
1096
801
1062
1589
2062
2018
1443
690
0
-691
-1810
-3436
-4857
-5505
-5420
-4716
-3636
-2834
-2631
-2858
-3175
-3056
-2532
-2035
-1507
-721
456
2008
3680
5093
5887
5858
5210
4412
3944
3929
4082
4001
3568
3014
2492
1981
1452
832
-93
-1348
-2500
-2871
-2380
-1711
-1447
-1586
-1606
-1375
-1022
-448
387
1247
1878
2344
2985
3921
4772
5060
4692
3994
3412
3123
3042
3141
3196
2848
2086
1234
569
141
-522
-1412
-2113
-2707
-2396
-510
1492
1971
977
-565
-1408
-1805
-1500
591
3205
3888
2648
1252
877
628
-471
-1766
-2684
-3757
-4863
-4827
-3164
-1257
-930
-2404
-4464
-5630
-5513
-4836
-4181
-3603
-3140
-2809
-2392
-1407
-14
637
-259
-1776
-2327
-1529
-143
1062
1819
2031
1647
874
476
544
475
-96
-1011
-1546
-1230
-579
-310
-532
-1226
-2248
-3179
-3757
-3633
-2909
-2301
-1938
-1523
-860
-122
464
744
844
834
830
1198
2057
3164
3909
4108
3982
3697
3417
3275
3214
2982
2581
2093
1702
1595
1545
1282
753
96
-417
-523
-404
-251
-125
-70
-90
-208
-229
154
777
1183
1248
1287
1723
2379
2671
2700
2717
2393
1911
1610
1453
1518
1710
2560
4380
5049
3943
2722
1653
619
-563
-1010
955
3292
3277
1958
1025
622
-345
-2304
-3685
-3906
-4045
-4593
-4764
-3776
-2487
-2563
-4106
-5892
-6498
-5741
-4889
-4142
-3046
-1817
-1016
-1062
-1156
-393
319
-125
-1278
-1663
-514
1009
1746
1641
1426
1198
384
-697
-998
-485
22
9
-259
-10
456
235
-826
-2119
-3026
-3467
-3595
-3253
-2381
-1543
-1447
-1936
-2400
-2450
-2147
-1810
-1397
-684
181
937
1614
2241
2697
2757
2421
2129
2352
2946
3490
3823
3793
3371
2736
2113
1747
1641
1514
1249
1047
901
853
949
929
512
-169
-738
-930
-756
-525
-105
451
797
872
1036
1207
1368
1408
1336
1372
1502
1716
2028
2700
4251
5786
5498
3920
2596
2196
2234
1631
1490
3008
4282
3674
2032
934
753
-112
-2219
-3677
-3519
-2774
-2629
-2978
-3028
-2929
-3717
-5326
-6543
-6320
-5157
-4357
-4016
-3381
-2237
-1351
-1399
-2129
-2394
-1833
-1155
-841
-385
819
2007
2050
1198
598
582
412
-225
-662
-228
500
900
970
764
242
-716
-1784
-2567
-2896
-2628
-1914
-1325
-1122
-1186
-1412
-1888
-2757
-3584
-3659
-3025
-2172
-1341
-561
136
424
267
154
304
547
917
1531
2364
3227
3814
3829
3289
2505
2021
2007
2169
2315
2513
2676
2506
2066
1696
1484
1139
560
-3
-227
-172
8
295
588
469
153
83
104
176
322
484
667
767
754
1041
2073
3945
5294
4614
3009
2358
3039
3594
3035
2904
4318
5181
3987
2064
1194
1212
245
-1915
-3092
-2580
-1703
-1619
-2300
-2936
-3462
-4433
-5553
-6082
-5513
-4329
-3645
-3715
-3644
-2786
-1684
-1644
-2664
-3231
-2585
-1307
-222
533
1233
1538
815
-247
-603
-169
212
-37
-390
-62
889
1674
1657
776
-569
-1676
-2144
-2084
-1758
-1214
-643
-395
-684
-1267
-1601
-1688
-2121
-2851
-2955
-2122
-929
-255
-354
-616
-849
-1268
-1656
-1530
-712
336
1123
1611
2028
2343
2345
1908
1375
1231
1550
2144
2648
2954
3096
2935
2431
1942
1772
1817
1734
1478
1280
1156
1076
1013
910
576
121
-93
-109
-86
25
102
90
-66
53
1507
3563
3754
2236
1183
1758
3083
3438
3399
4494
5511
4888
3371
2450
2337
1831
309
-1071
-1351
-613
225
99
-1219
-3048
-4589
-5434
-5768
-5392
-4221
-3232
-3101
-3445
-3376
-2798
-2596
-3253
-4062
-4105
-3087
-1320
517
1610
1513
596
-432
-1045
-991
-386
313
673
699
928
1459
1704
1047
-419
-2039
-2810
-2509
-1607
-515
-41
-389
-1114
-1940
-2560
-2787
-2716
-2506
-2323
-1981
-1046
189
765
192
-914
-1568
-1580
-1136
-362
463
1115
1411
1407
1417
1515
1550
1340
963
782
1250
2149
2682
2517
2031
1646
1386
1299
1451
1721
1851
1668
1413
1336
1129
788
635
542
503
512
769
1200
1231
769
428
1078
2674
3550
2508
859
435
1550
2575
2781
3431
4881
5244
3494
1549
1368
2011
1309
-601
-1439
-475
762
1120
606
-669
-2581
-4604
-5617
-5043
-3605
-2360
-1999
-2421
-2798
-2586
-2140
-2381
-3402
-4152
-3803
-2535
-914
619
1564
1244
-307
-1810
-2012
-1091
-92
414
553
818
1340
1655
1372
455
-833
-1938
-2396
-2036
-981
200
561
-186
-1524
-2606
-3016
-2999
-2825
-2575
-2262
-1803
-1248
-875
-773
-941
-1251
-1547
-1596
-1031
-20
786
1042
892
637
418
397
767
1368
1841
2106
2256
2285
2063
1749
1586
1500
1249
1079
1228
1492
1567
1481
1475
1281
743
285
179
323
418
369
537
794
734
841
2064
3822
4052
2305
717
1051
2472
2945
2718
3599
5170
5263
3522
2109
2139
2045
440
-1413
-1607
-327
780
940
258
-1211
-3171
-4671
-4864
-4005
-2988
-2388
-2357
-2603
-2577
-1895
-1217
-1550
-2892
-3866
-3418
-1921
-186
1006
1237
402
-899
-1598
-1205
-204
515
586
271
62
336
986
1372
832
-446
-1470
-1691
-1362
-874
-360
-201
-760
-1653
-2118
-1907
-1598
-1733
-1954
-1925
-1786
-1691
-1471
-1109
-967
-1187
-1467
-1321
-853
-416
-153
-8
-6
-160
-325
-235
148
608
817
913
1265
1623
1719
1428
1069
1221
1628
1753
1652
1628
1743
1717
1394
1025
957
973
780
468
282
315
317
114
22
823
2584
3493
2414
703
501
1885
2725
2328
2434
3868
4843
3868
2432
2537
3114
2195
207
-858
-204
884
1369
1231
204
-1642
-3275
-3599
-2886
-2184
-2027
-2244
-2607
-2841
-2469
-1686
-1445
-2232
-3115
-2934
-1900
-852
-164
20
-486
-1385
-1648
-852
272
790
837
848
681
387
417
658
309
-707
-1211
-628
183
342
-58
-538
-1162
-2051
-2498
-2111
-1539
-1429
-1505
-1339
-1148
-1295
-1643
-1810
-1827
-1779
-1442
-709
-5
349
257
-47
-310
-429
-325
-92
160
513
877
1070
1045
1058
1085
814
254
80
742
1535
1731
1421
1102
855
654
614
890
1104
954
708
736
890
897
703
827
1737
2552
2067
835
362
1341
2595
2527
1929
2515
3747
3719
2163
984
1290
1664
768
-522
-550
526
1175
898
37
-1072
-2360
-3173
-2697
-1326
-259
-325
-1186
-1991
-2300
-2059
-1591
-1379
-1628
-1812
-1357
-463
310
375
-292
-1313
-2227
-2347
-1543
-352
560
1080
1257
933
199
-356
-393
-363
-435
-226
286
617
459
169
-24
-513
-1427
-2139
-2126
-1810
-1608
-1266
-719
-584
-1227
-1981
-2190
-1954
-1537
-1056
-480
-153
-365
-603
-505
-366
-302
-80
313
557
568
776
1236
1430
1029
574
521
687
913
1289
1761
1809
1262
703
418
324
362
444
558
514
253
118
227
278
648
1954
3087
2359
456
-346
1022
2830
3042
2306
2428
3216
3270
2352
1695
1881
1741
483
-1022
-1330
-194
1167
1427
341
-1502
-3246
-4085
-3573
-2034
-493
-63
-904
-1904
-2013
-1315
-813
-1098
-1828
-2181
-1684
-538
712
1307
789
-539
-1844
-2148
-1331
-102
705
923
882
712
353
-167
-456
-554
-529
-338
132
687
749
234
-347
-681
-988
-1273
-1286
-920
-595
-593
-675
-717
-959
-1570
-2207
-2258
-1690
-959
-293
-24
-280
-794
-1243
-1379
-1200
-809
-225
434
809
869
953
1244
1378
1074
669
514
734
1113
1563
2034
2250
1920
1170
470
139
176
426
544
311
-177
-374
195
1569
2688
2144
274
-1119
-486
1451
2641
2735
2940
3406
3017
1780
1066
1689
2288
1346
-295
-1013
-425
610
1339
1250
-340
-2845
-4366
-3682
-1787
-459
-210
-804
-1951
-3000
-2894
-1559
-402
-627
-1616
-1830
-943
319
1145
1066
153
-1092
-1775
-1436
-451
486
1096
1287
812
36
-386
-365
-405
-580
-420
202
639
424
60
-26
-231
-843
-1372
-1449
-1207
-966
-571
24
231
-232
-858
-1255
-1477
-1535
-1293
-793
-481
-506
-452
-245
-311
-817
-1278
-1186
-757
-462
-241
92
337
383
513
926
1263
1168
905
913
1274
1675
1848
1864
1770
1527
1345
1406
1542
1401
870
240
374
1712
2779
1974
-60
-1112
-29
1494
1561
1077
1741
2712
2214
729
323
1333
1687
345
-1053
-1085
-307
279
637
654
-302
-2225
-3776
-3450
-1792
-349
115
-214
-948
-1746
-1890
-1183
-385
-377
-1036
-1406
-1048
-208
469
627
272
-458
-958
-1022
-673
-112
503
966
1009
642
139
-79
-134
-124
13
286
395
89
-406
-654
-601
-521
-560
-675
-809
-1132
-1391
-1251
-729
-541
-968
-1556
-1758
-1432
-1030
-622
-272
-270
-728
-1254
-1296
-923
-579
-458
-266
135
467
548
414
281
347
524
806
1003
979
1046
1359
1705
1800
1654
1381
1114
811
745
1130
1479
1335
909
1247
2672
3350
1984
-200
-843
605
2133
2198
1584
1853
2292
1678
470
190
1118
1352
-78
-1720
-2013
-1132
-246
239
128
-932
-2813
-4229
-3834
-2097
-563
-156
-613
-1369
-1964
-1897
-1144
-329
-159
-501
-649
-394
152
636
853
596
-33
-304
-62
245
319
572
1226
1578
1039
135
-320
-274
-149
164
750
1190
822
-134
-740
-746
-668
-828
-930
-954
-1093
-1230
-1137
-836
-752
-953
-1190
-1497
-1855
-2065
-1808
-1186
-729
-613
-681
-851
-1150
-1176
-745
-114
261
216
80
49
219
656
1198
1496
1350
958
786
996
1296
1603
1911
1872
1418
858
780
1226
1518
1228
795
1407
2754
2901
1294
-468
-309
1615
2847
2391
1787
2126
2202
1171
140
628
1902
1606
-325
-1956
-2174
-1502
-689
220
246
-1360
-3812
-4987
-3827
-1877
-771
-616
-955
-1775
-2679
-2524
-1159
87
3
-788
-982
-454
170
608
952
925
340
-141
17
448
511
580
1180
1684
1383
608
239
243
44
-102
304
942
780
-178
-780
-670
-478
-469
-281
-42
-401
-1215
-1562
-1112
-688
-847
-1061
-983
-1047
-1500
-1699
-1184
-633
-691
-1116
-1402
-1470
-1492
-1213
-415
327
350
-128
-383
-185
183
611
1171
1486
1349
1184
1417
1889
2088
1994
1858
1598
1205
1010
1147
1320
1169
1373
2615
3484
2334
-128
-1214
398
2625
3046
2097
1555
1579
1030
50
132
1441
2071
663
-1467
-2390
-1779
-828
-160
136
-463
-2071
-3810
-4083
-2753
-1383
-993
-1260
-1671
-2176
-2618
-2362
-1359
-470
-510
-927
-840
-369
-102
-179
-134
134
394
555
659
704
583
811
1650
2269
1947
1000
252
23
156
688
1458
1882
1270
56
-708
-740
-555
-519
-451
-461
-802
-1251
-1257
-801
-557
-899
-1375
-1581
-1620
-1716
-1655
-1122
-478
-331
-774
-1307
-1598
-1557
-1236
-702
-2
372
142
-299
-363
190
800
974
819
702
826
1139
1574
1970
2109
1804
1274
931
855
976
1260
2124
3340
3476
2020
-2
-557
933
2574
2862
2307
2080
1838
807
-154
380
1922
2008
31
-1893
-2127
-1229
-656
-388
-118
-695
-2625
-4436
-4171
-2404
-1228
-1287
-1547
-1421
-1627
-2206
-2133
-1288
-668
-903
-1292
-1030
-490
-264
-137
206
387
241
152
374
515
287
384
1275
2179
2152
1416
838
716
719
860
1320
1679
1418
789
361
215
98
42
288
441
-77
-874
-1125
-715
-389
-547
-841
-1071
-1377
-1905
-1716
-1013
-804
-1095
-1169
-1372
-1884
-2043
-1553
-821
-538
-790
-1061
-1121
-753
-23
543
711
592
386
398
717
1106
1293
1340
1389
1339
1178
1315
2158
3697
4584
3792
1787
237
528
1738
2523
3248
4585
5322
3396
-378
-2889
-2096
84
743
205
87
-134
-1802
-4173
-4904
-3747
-2827
-3350
-3620
-2488
-1433
-2012
-3429
-3947
-3386
-2817
-2263
-1030
585
1156
419
-621
-1250
-1141
-209
1297
2574
2767
2107
1532
1377
1315
1530
2192
2846
2939
2530
2089
1764
1195
453
64
108
372
653
689
255
-621
-1503
-1894
-1807
-1439
-821
-209
-265
-1160
-2033
-2068
-1514
-993
-593
-61
390
147
-609
-1043
-755
-344
-310
-315
-86
285
377
149
-82
-180
-272
-326
-55
612
982
512
-385
-684
-285
469
775
778
412
268
2101
4086
4151
2069
114
231
1238
1990
3560
6642
7711
3953
-1320
-3191
-607
1851
1749
1219
1489
122
-3845
-6479
-5186
-2512
-2389
-4582
-5007
-3353
-2538
-3993
-5525
-5419
-4521
-3767
-2751
-558
1457
1120
-1103
-3019
-2686
-521
1920
3372
3694
3195
2048
856
670
1694
3245
4086
3740
3058
2791
2348
1343
412
209
616
938
1044
1300
1104
-200
-1982
-2803
-2209
-1081
-239
-19
-455
-1543
-2634
-2711
-1621
-289
302
221
-199
-674
-908
-748
-217
221
337
359
493
576
437
149
-264
-578
-335
356
904
838
392
-16
-180
-195
79
457
875
819
391
-61
94
243
1404
3921
4910
3612
1168
28
983
2056
2506
4125
6893
6947
3197
-974
-2035
119
1255
671
736
1524
-263
-4353
-6754
-5475
-3014
-3257
-5232
-4945
-3225
-3223
-5318
-6308
-5068
-3629
-3744
-3641
-1269
1151
541
-2004
-3435
-2181
101
1619
2558
3455
3190
1404
-197
95
2037
4116
4615
3868
3060
2423
1526
802
774
1485
2031
1716
1043
783
330
-589
-1444
-1759
-1520
-997
-466
-49
-202
-1289
-2602
-2772
-1808
-501
272
394
153
-537
-1273
-1347
-540
410
790
541
-44
-332
-305
-127
241
611
814
722
584
664
838
651
264
234
560
911
945
1062
983
744
-38
1196
4136
5435
3856
1030
-337
271
1258
2607
5500
8084
6328
1460
-2274
-2070
424
1504
1345
1637
1412
-1700
-5457
-6305
-4275
-2490
-3569
-5429
-5010
-3644
-3900
-5322
-5535
-4563
-3903
-4397
-3990
-1356
767
-144
-2506
-3334
-2020
-171
977
1897
3011
2847
998
-635
-359
1608
3530
4092
3568
3132
2330
1007
132
478
1514
2042
1644
1133
1038
463
-964
-1998
-1801
-838
-107
100
106
-294
-1395
-2625
-2351
-820
256
336
92
210
269
-270
-783
-543
169
351
136
55
303
362
-187
-641
-270
529
884
739
512
617
714
398
21
449
1103
1511
1131
912
688
1927
4032
4837
4102
2428
1211
1045
1571
2863
5614
8028
6958
2883
-1007
-1993
-398
998
1722
2414
2054
-1334
-5372
-6698
-4897
-2919
-3305
-4697
-4709
-4173
-4755
-5847
-5593
-4510
-4079
-4589
-4256
-2234
-477
-671
-1873
-2562
-2302
-1466
-312
1153
2489
2454
929
-519
-642
564
2177
3097
3258
2779
1841
720
24
198
961
1383
1177
885
717
278
-447
-1082
-1129
-1009
-828
-398
246
559
37
-888
-1475
-1131
-307
483
1123
1169
617
-241
-767
-542
299
1018
921
266
-374
-448
-189
-117
100
529
444
-248
-726
-317
576
826
225
116
491
834
690
875
969
1991
3872
4623
4174
2721
1606
1590
2290
3360
5768
8261
7721
4181
289
-1152
169
1612
2262
2836
2705
-259
-4300
-6255
-5169
-3204
-3128
-4172
-4160
-3828
-4852
-6334
-6384
-5132
-4181
-4315
-3979
-2147
-590
-1139
-2602
-3018
-2234
-1264
-429
868
2303
2455
778
-830
-922
186
1410
2373
3058
2853
1422
-622
-1462
-708
360
499
141
-69
-285
-1180
-2193
-2192
-1384
-947
-1149
-1145
-520
13
-312
-967
-929
-141
578
862
1239
1691
1711
916
9
-74
640
1414
1711
1501
912
21
-964
-1428
-578
762
1229
495
-650
-1332
-1191
-650
71
912
1470
999
19
-622
294
3497
5435
4992
3226
1931
1521
1904
2690
5024
8204
8776
5774
1893
-190
264
1057
1452
2384
3393
1746
-2097
-4922
-4910
-3309
-3104
-4250
-4333
-3379
-3387
-4657
-5260
-4488
-3764
-4532
-5235
-3570
-628
718
-223
-1640
-2185
-2188
-2336
-1507
1163
3618
3372
841
-1511
-1729
-579
530
1423
2376
2488
752
-1648
-2480
-1417
-410
-747
-1341
-972
-650
-1454
-2398
-2397
-1898
-1925
-2408
-2004
-560
546
276
-378
-574
-548
-519
81
1674
2948
2702
1426
348
36
203
772
1540
1811
1128
-89
-859
-851
-392
67
249
-7
-544
-990
-1023
-593
-213
117
122
65
-293
1162
3829
4960
3995
2184
1333
1477
2029
3098
6222
9179
8546
4717
951
-164
639
1247
1965
3872
4521
1354
-3076
-5125
-3985
-2504
-3173
-4130
-3329
-2658
-3769
-4815
-4226
-2813
-2947
-4819
-5100
-2370
434
1173
882
395
-560
-2266
-3384
-1643
2231
4554
4045
2029
-100
-1591
-2053
-1034
849
2494
2172
249
-1866
-2868
-2801
-2246
-1956
-2026
-2138
-2398
-2512
-2374
-2353
-2488
-2671
-3019
-3031
-1891
-75
1257
1500
693
-390
-934
-619
898
2841
3830
3303
1678
-49
-708
-170
624
1343
1475
670
-478
-1269
-1290
-824
-500
-599
-699
-902
-983
-785
-323
-72
30
-343
434
2773
4337
4376
3356
2167
1346
1174
1735
4485
8087
9146
6725
2817
25
-578
-216
643
2713
4278
2578
-1189
-3925
-4230
-3211
-3288
-4118
-3591
-2536
-2733
-3311
-2874
-1720
-1434
-2889
-4018
-2614
30
1695
2252
2138
1684
452
-1292
-1866
101
2766
3955
3405
1959
689
-63
-769
-1171
-201
686
142
-1309
-2142
-2055
-1984
-2822
-3567
-3472
-3474
-3765
-3501
-2628
-1761
-1717
-2670
-3243
-2608
-1551
-558
548
1532
1620
865
95
258
1238
2124
2610
2501
1669
462
-388
-583
-133
410
386
-222
-1052
-1645
-1645
-1285
-739
-797
-1247
-1387
-940
-364
100
308
471
2022
3273
3816
3796
3435
2617
1946
1526
2525
5422
7773
7811
5773
2955
692
-715
-1503
-578
1799
2789
1077
-1710
-3592
-4046
-4280
-5338
-5597
-4355
-3252
-3142
-2749
-1350
-111
-836
-3193
-3919
-1712
1019
2632
3558
4074
3639
1719
-450
-441
1648
3290
3394
2768
2188
1714
986
-39
-205
93
-671
-2223
-3015
-2592
-1706
-1572
-2302
-2964
-3700
-4574
-4827
-4170
-2782
-1498
-1171
-1456
-1370
-951
-676
-80
863
1752
1976
1718
1704
2049
2222
2123
2044
1679
981
178
-403
-634
-767
-872
-1126
-1270
-1411
-1785
-2222
-2242
-2000
-1890
-1741
-1279
-511
26
142
287
1900
3464
3783
3396
3168
3155
3010
2354
2496
4777
7180
7279
5291
3080
1735
578
-1168
-1825
-375
802
-274
-2353
-3197
-2601
-2757
-4680
-6253
-5904
-4923
-4647
-3869
-1468
1266
1483
-883
-2589
-1906
-387
558
1993
4268
5632
4362
1911
1056
1989
2644
2124
1800
1968
2018
1390
524
662
958
-309
-2754
-4128
-3962
-3262
-3050
-2808
-2297
-2521
-3598
-4413
-4294
-3667
-2929
-2371
-1728
-671
371
1067
1490
1771
1803
1532
1351
1813
2537
3017
3148
2798
2028
1119
369
-375
-1016
-1262
-1236
-1364
-1717
-1874
-1839
-1844
-1842
-1821
-1977
-2027
-1844
-1252
-363
422
1364
3374
4819
4841
4056
3243
2617
2365
2384
3396
5709
7454
7063
5013
2830
1177
-343
-1970
-2561
-1768
-1455
-2362
-3198
-3039
-2664
-3412
-5295
-6730
-6853
-6275
-5560
-4073
-1449
979
1492
403
-378
27
626
797
1521
3185
4701
4939
4394
4138
4229
3539
1989
739
566
914
712
452
644
835
-179
-2275
-4035
-4667
-4913
-5107
-4560
-3357
-2505
-2494
-3080
-3354
-3094
-2721
-2434
-1691
-337
1046
1866
2146
2689
3225
2953
2263
2002
2219
2456
2321
1863
1576
1088
66
-1036
-1557
-1526
-1583
-2241
-2894
-2848
-2605
-2636
-2338
-1528
-765
-637
-770
-650
-42
379
1452
3836
5988
6778
6175
5142
4141
3386
2785
3516
5693
7248
6757
4956
3119
1585
-438
-2626
-3582
-3423
-3799
-4816
-5006
-3937
-3089
-3782
-5255
-6236
-6639
-7025
-6852
-5008
-1750
816
1569
1443
1495
1741
1626
1617
2433
3619
3992
3652
3603
4185
4620
4298
3422
2279
1200
-59
-1286
-1747
-1373
-1199
-1710
-2483
-3032
-3510
-4385
-5283
-5474
-5103
-4685
-4105
-3231
-1996
-1055
-759
-880
-642
102
950
1757
2690
3609
3770
3201
2595
2448
2442
2355
2122
1699
1010
-201
-1616
-2551
-2770
-2551
-2251
-2117
-2049
-2094
-2435
-2960
-3018
-2414
-1469
-379
518
1359
2005
2940
4493
5678
6100
6102
6013
5496
4897
4408
4789
6026
6858
6328
5119
3921
2443
305
-2105
-3591
-4071
-4807
-5924
-6103
-5055
-4000
-3950
-4779
-5555
-5936
-6578
-6995
-5925
-3319
-560
1045
1740
2534
3344
3432
2860
2576
2858
3154
3029
2968
3577
4356
4281
3249
2103
1327
562
-683
-1864
-2442
-2690
-3320
-4009
-4113
-3589
-3324
-3779
-4304
-4352
-4198
-4267
-4149
-3215
-1717
-511
245
1042
1927
2410
2362
2287
2712
3052
2963
2717
2558
2182
1465
747
185
-161
-717
-1559
-2451
-3228
-4006
-4510
-4408
-3850
-3202
-2480
-1876
-1367
-922
-673
-381
-12
490
1152
2985
5426
7219
7816
7640
6909
5739
4586
3882
4450
5809
6553
6024
4772
3464
2235
547
-1325
-2602
-3626
-5147
-6618
-7062
-6248
-4888
-4232
-4136
-4058
-4062
-4533
-5066
-4732
-3093
-1192
24
1117
2698
4200
4884
4995
4855
4540
3679
2506
1898
2046
2338
2465
2392
2091
1480
448
-661
-1511
-2282
-3411
-4407
-4890
-4943
-4889
-4583
-3888
-3271
-3075
-2994
-2587
-2080
-1611
-1264
-863
-118
827
1626
2393
3284
4031
4352
4023
3326
2595
1809
825
-105
-820
-1357
-1645
-2037
-2591
-2897
-3204
-3706
-4242
-4684
-4845
-4710
-4456
-4001
-2843
-1293
51
1057
1639
1958
2397
3670
5240
6348
6895
7199
7018
6316
5374
4896
5333
5918
5467
4280
3213
2349
1093
-953
-2750
-3749
-4789
-6216
-6864
-6127
-4932
-4492
-4728
-4526
-3595
-3044
-3245
-3058
-1842
-307
593
1247
2715
4678
5634
5487
5367
5538
5059
3581
2065
1443
1391
889
156
-12
232
-62
-1171
-2280
-2790
-3360
-4676
-5729
-5595
-4756
-4058
-3367
-2361
-1218
-636
-696
-496
367
1369
1804
2018
2538
3231
3475
3319
3468
3873
3550
2467
1598
1029
307
-859
-2134
-3089
-3890
-4799
-5510
-5472
-4835
-4285
-4089
-3896
-3642
-3549
-3479
-3143
-2265
-986
212
1330
2371
3206
3760
4992
6557
7435
7553
7409
6743
5507
4189
3205
3213
3734
3597
2554
1326
149
-1073
-2766
-4328
-5136
-5853
-7069
-7717
-7216
-5913
-4505
-3395
-2425
-1281
-318
143
628
1544
2765
3457
3474
3659
4593
5545
5978
6080
5829
4967
3227
974
-855
-1776
-2532
-3459
-4224
-4431
-4141
-4045
-4224
-4059
-3452
-3490
-4251
-4645
-4081
-3073
-2008
-839
797
2596
3672
3977
4304
5027
5333
4872
4218
3967
3789
3153
2357
2048
1861
958
-569
-1754
-2301
-2700
-3444
-4403
-5102
-5573
-6226
-6782
-6293
-4931
-3645
-2756
-1981
-958
34
585
831
1412
2174
2551
2591
2917
3614
5004
6641
7378
7416
7182
6159
4336
2521
969
338
430
181
-599
-1166
-1488
-1964
-3181
-4543
-5038
-5489
-6622
-7310
-6686
-5063
-3390
-2249
-1003
665
1969
2391
2816
3873
5046
5219
4441
3993
4150
3994
3401
3259
3325
2676
1194
-513
-1838
-2848
-4099
-5376
-5910
-5716
-5494
-5149
-4392
-3442
-2612
-2265
-2114
-1613
-771
-58
575
1307
2051
2754
3329
3815
4454
5019
5193
4929
4392
3824
3260
2454
1383
508
-78
-714
-1536
-2294
-2896
-3354
-3729
-4039
-4122
-4046
-4060
-4297
-4362
-3898
-3112
-2231
-1288
-201
798
1356
1789
2407
3141
3668
3670
3361
3014
3618
4642
5144
5407
5564
4851
3209
1454
270
209
518
7
-1188
-2025
-2581
-3215
-4141
-4596
-4361
-4535
-5538
-5993
-5180
-3782
-2524
-1584
-580
622
1643
2089
2676
3903
4936
4853
3967
3382
3296
3094
2498
2029
1733
1005
-274
-1604
-2505
-3026
-3765
-4852
-5515
-5363
-4812
-4303
-3688
-2781
-1808
-1420
-1441
-1028
-280
241
513
930
1628
2500
3173
3608
4101
4513
4398
3780
3215
2976
2724
2134
1305
763
423
-185
-866
-1310
-1745
-2266
-2790
-3251
-3392
-3299
-3318
-3426
-3343
-2843
-1994
-1023
-19
963
1595
1611
1512
1747
2213
2737
3107
3164
3681
4817
5411
5348
5143
4625
3466
1912
474
79
537
468
-549
-1475
-1883
-2318
-3291
-4364
-4562
-4432
-5022
-5815
-5541
-4226
-2983
-2384
-1775
-516
800
1383
1745
2774
4135
4522
3912
3390
3298
3003
2101
1286
1029
809
-34
-1059
-1644
-1917
-2549
-3777
-4735
-4957
-4879
-4762
-4357
-3536
-2575
-1970
-1711
-1275
-512
4
92
278
721
1236
1615
1875
2304
2951
3409
3618
3675
3597
3256
2550
1631
887
448
80
-395
-839
-1152
-1487
-1795
-1988
-2072
-2147
-2367
-2647
-2759
-2542
-1958
-1206
-438
369
1076
1512
1850
2398
2914
3132
3056
2754
2771
3714
4712
5323
5492
5051
3953
2561
1316
736
888
959
198
-864
-1400
-1786
-2474
-3414
-3967
-4086
-4382
-5012
-5086
-4279
-3244
-2710
-2312
-1366
-91
813
1168
1710
2695
3324
3088
2855
3033
3062
2451
1471
834
596
120
-768
-1473
-1809
-2345
-3266
-3966
-3978
-3644
-3545
-3710
-3711
-3294
-2772
-2343
-1623
-532
292
384
157
219
644
1015
1240
1461
1795
1991
1968
2214
2814
3241
3008
2198
1338
688
-22
-707
-1022
-1019
-1236
-1721
-2017
-1840
-1476
-1414
-1494
-1520
-1518
-1613
-1558
-1016
-99
702
1150
1556
2074
2442
2655
2869
3035
3149
3614
4229
4660
4821
4453
3746
3037
2347
1684
1394
1370
797
-364
-1141
-1421
-1672
-2267
-3011
-3391
-3586
-3996
-4306
-4050
-3337
-2869
-2873
-2602
-1538
-269
555
1181
2110
2900
2869
2404
2266
2421
2244
1409
529
147
-84
-529
-999
-1149
-1283
-2026
-3157
-3677
-3495
-3182
-3004
-2925
-2726
-2468
-2399
-2300
-1722
-806
-133
140
488
971
1320
1441
1310
1116
1085
1076
1091
1377
1939
2450
2605
2429
2070
1552
701
-343
-1202
-1704
-1846
-1819
-1793
-1683
-1490
-1415
-1414
-1248
-847
-538
-543
-603
-470
-47
621
1429
2161
2655
2917
2875
2756
3278
4204
4745
4797
4381
3668
2891
2296
1948
1891
2032
1614
473
-445
-936
-1371
-2033
-2846
-3277
-3380
-3570
-3720
-3417
-2806
-2451
-2558
-2622
-2223
-1465
-690
-9
844
1746
2118
2107
2138
2231
2221
1874
1161
447
-211
-844
-1241
-1436
-1607
-1900
-2356
-2698
-2768
-2750
-2664
-2676
-2739
-2685
-2495
-2201
-1777
-1233
-824
-566
-207
297
706
1021
1218
1351
1483
1595
1716
1774
1714
1605
1515
1571
1817
1989
1718
1063
294
-452
-1117
-1585
-1825
-1894
-1974
-2005
-1761
-1235
-570
-183
-110
-114
-110
-110
77
586
1292
1880
2141
2346
2689
3388
4191
4691
4844
4545
3835
2969
2388
2261
2257
2182
1909
1176
414
-194
-863
-1578
-2323
-2919
-3281
-3477
-3585
-3523
-3193
-2758
-2443
-2216
-1835
-1334
-922
-641
-207
499
1118
1478
1789
2040
2063
1791
1211
663
278
-235
-833
-1338
-1728
-2143
-2589
-2744
-2442
-2096
-1971
-2079
-2283
-2400
-2399
-2220
-2051
-1819
-1503
-1219
-752
-37
565
904
920
786
900
1236
1598
1821
1745
1557
1481
1512
1658
1831
1778
1271
530
-89
-414
-625
-945
-1398
-1851
-2155
-2215
-2029
-1434
-590
10
281
391
470
525
647
828
1098
1432
1734
2000
2592
3582
4460
4853
4660
3948
3086
2334
1948
1852
1888
1849
1463
889
527
147
-403
-1087
-1808
-2355
-2776
-3022
-3097
-2967
-2779
-2564
-2304
-1945
-1520
-1038
-456
43
510
784
831
880
937
912
964
1000
883
590
140
-372
-822
-1318
-1886
-2329
-2446
-2303
-2166
-2067
-2018
-1973
-1993
-2007
-1921
-1810
-1726
-1672
-1575
-1172
-608
-225
-62
66
270
486
725
995
1253
1317
1232
1243
1456
1666
1721
1575
1245
855
481
60
-202
-405
-761
-1200
-1445
-1415
-1287
-1014
-653
-274
-58
138
389
692
1109
1431
1543
1627
1719
1646
1706
2254
3109
3764
3987
3725
3265
2804
2349
1976
1796
1729
1491
1064
794
631
309
-243
-969
-1435
-1645
-1957
-2364
-2592
-2562
-2466
-2458
-2356
-2009
-1559
-1087
-628
-50
551
819
771
648
553
482
262
-47
-181
-165
-205
-436
-819
-1274
-1779
-2175
-2298
-2077
-1654
-1469
-1602
-1752
-1695
-1515
-1451
-1525
-1525
-1485
-1411
-1154
-754
-383
-188
-129
-109
8
194
239
212
315
564
872
1150
1373
1483
1409
1141
873
651
399
131
-139
-347
-520
-683
-795
-763
-555
-294
-75
182
470
720
987
1288
1519
1624
1594
1560
1648
1913
2401
2861
3124
3081
2768
2463
2311
2264
2159
1999
1784
1411
996
745
480
207
-109
-353
-496
-668
-959
-1368
-1718
-1944
-2091
-2228
-2233
-2120
-1884
-1507
-1025
-427
34
207
305
360
337
165
-178
-550
-768
-836
-845
-874
-988
-1207
-1397
-1441
-1365
-1306
-1374
-1530
-1633
-1501
-1226
-1033
-1009
-1132
-1329
-1352
-1216
-1063
-939
-841
-706
-518
-309
-131
-65
-92
-173
-159
47
392
743
1006
1169
1219
1161
971
766
622
501
346
172
-37
-217
-296
-242
-96
-15
3
0
96
322
659
1013
1287
1345
1263
1169
1262
1607
1985
2288
2423
2237
1968
1826
1850
2108
2279
2203
2113
1867
1570
1319
982
645
267
30
-52
-128
-288
-582
-931
-1178
-1479
-1834
-2033
-2063
-1914
-1635
-1287
-823
-426
-306
-265
-157
-92
-181
-442
-667
-646
-586
-649
-785
-875
-920
-981
-1017
-969
-938
-1048
-1217
-1234
-1068
-944
-981
-1164
-1289
-1237
-1156
-1040
-891
-850
-815
-775
-778
-717
-566
-451
-391
-315
-163
64
297
460
609
746
851
905
951
974
980
940
764
514
292
108
-56
-177
-243
-242
-196
-118
-63
97
358
519
629
699
745
760
818
955
1245
1657
1931
1988
1923
1811
1667
1682
1808
1849
1923
1928
1776
1658
1379
1037
757
506
359
163
-58
-312
-576
-793
-1026
-1290
-1510
-1729
-1760
-1515
-1132
-715
-375
-274
-318
-354
-427
-451
-512
-628
-738
-780
-784
-780
-738
-699
-754
-828
-893
-980
-1033
-1064
-1017
-931
-932
-1124
-1365
-1482
-1463
-1308
-1045
-780
-595
-532
-561
-573
-458
-345
-369
-354
-240
14
345
582
687
757
753
686
660
720
753
698
551
446
443
392
194
-35
-173
-276
-327
-283
-122
93
293
441
552
630
662
716
800
909
998
1058
1147
1314
1476
1538
1596
1573
1593
1714
1783
1850
1846
1732
1604
1351
1049
795
662
674
542
250
7
-219
-437
-649
-936
-1113
-1247
-1395
-1358
-1056
-615
-308
-292
-424
-517
-655
-842
-1038
-1139
-1176
-1219
-1243
-1155
-989
-940
-1081
-1199
-1185
-1137
-1051
-997
-964
-863
-879
-1086
-1310
-1395
-1326
-1177
-962
-762
-614
-549
-568
-562
-490
-420
-438
-435
-277
37
385
615
716
741
748
802
850
892
870
781
661
568
506
423
324
242
190
116
54
91
180
255
389
549
693
744
706
758
876
889
881
871
1024
1232
1320
1256
1185
1132
1164
1371
1575
1779
1906
1855
1710
1472
1160
868
622
499
399
273
165
-45
-273
-519
-831
-1083
-1286
-1402
-1252
-922
-623
-451
-481
-630
-728
-816
-879
-881
-956
-1092
-1229
-1233
-1084
-961
-979
-1020
-985
-899
-800
-716
-670
-633
-701
-883
-1012
-1094
-1092
-1085
-1057
-960
-817
-740
-808
-830
-756
-665
-624
-576
-440
-209
-13
100
260
453
555
643
739
814
845
761
640
598
591
512
417
322
194
106
49
59
142
224
310
397
464
504
569
646
728
770
759
782
797
880
1040
1154
1115
1042
1018
1117
1422
1630
1767
1897
1867
1786
1545
1249
1018
811
619
412
263
118
-104
-301
-485
-699
-917
-1151
-1299
-1188
-933
-706
-550
-548
-630
-660
-710
-740
-810
-953
-1077
-1112
-1041
-967
-1001
-1115
-1200
-1209
-1074
-905
-758
-671
-702
-792
-884
-934
-1009
-1137
-1192
-1073
-843
-663
-592
-617
-658
-683
-739
-696
-519
-305
-106
61
272
493
606
602
619
729
869
913
856
833
794
676
530
454
417
287
130
61
111
206
301
379
465
548
564
592
664
743
774
751
734
746
755
869
1094
1212
1129
1034
989
1049
1268
1401
1584
1769
1686
1454
1151
906
662
407
275
225
117
-70
-337
-525
-545
-676
-877
-982
-1013
-933
-798
-693
-556
-526
-671
-794
-821
-825
-889
-978
-1009
-971
-971
-1018
-1113
-1160
-1162
-1147
-1053
-917
-824
-818
-874
-936
-926
-989
-1094
-1134
-1051
-920
-821
-791
-776
-743
-707
-636
-531
-451
-410
-317
-124
155
413
571
665
790
900
957
962
921
821
703
660
683
686
559
349
210
185
249
323
414
507
538
586
682
783
831
792
725
728
737
680
658
691
739
851
971
997
1005
1008
1040
1239
1463
1498
1452
1345
1173
1027
778
550
355
137
-38
-180
-269
-377
-503
-600
-677
-763
-831
-872
-855
-711
-581
-545
-604
-741
-854
-908
-937
-910
-869
-872
-872
-842
-811
-788
-842
-905
-927
-919
-885
-875
-904
-955
-939
-928
-937
-934
-929
-955
-988
-949
-877
-781
-753
-717
-601
-499
-391
-276
-154
-8
169
323
484
669
835
949
1038
1066
953
848
756
690
646
561
420
323
268
282
393
481
506
469
483
541
619
678
706
734
758
717
639
607
587
587
619
691
785
884
907
942
1079
1223
1287
1284
1210
1072
904
680
515
397
233
21
-171
-291
-393
-477
-548
-585
-618
-690
-759
-764
-735
-707
-689
-685
-664
-641
-644
-676
-676
-680
-733
-762
-717
-675
-646
-664
-686
-661
-699
-776
-839
-934
-1008
-1034
-1004
-948
-888
-916
-1026
-1058
-1004
-892
-793
-706
-648
-577
-483
-364
-138
73
175
230
301
437
581
706
803
917
962
940
913
877
818
696
549
430
379
356
383
473
568
583
520
461
469
500
501
533
618
683
709
753
794
828
786
733
750
837
888
893
921
1006
1060
1001
920
843
729
609
455
322
175
-29
-209
-344
-382
-433
-555
-649
-681
-664
-666
-688
-675
-618
-605
-667
-709
-734
-755
-776
-771
-764
-758
-789
-758
-672
-633
-628
-732
-831
-856
-845
-811
-844
-922
-1002
-1049
-1026
-979
-929
-896
-949
-944
-833
-693
-587
-551
-531
-434
-250
-57
137
292
401
463
496
571
658
759
825
866
903
892
862
847
828
780
683
551
425
330
319
371
430
473
520
573
619
656
681
675
699
728
773
857
899
928
922
905
950
995
988
970
964
941
899
828
710
568
430
311
189
102
3
-155
-283
-358
-393
-426
-490
-563
-571
-551
-564
-574
-599
-628
-702
-771
-770
-726
-712
-778
-837
-871
-871
-863
-835
-781
-763
-796
-848
-863
-829
-799
-855
-931
-1008
-1101
-1126
-1091
-1023
-946
-938
-946
-895
-757
-587
-424
-316
-240
-153
-58
73
226
371
475
538
587
629
646
659
676
701
726
737
743
767
771
760
706
638
579
528
521
559
622
648
657
654
667
755
856
906
877
834
799
739
732
751
776
786
768
754
806
874
858
811
718
578
442
306
181
104
-4
-154
-305
-410
-475
-498
-534
-554
-581
-611
-612
-596
-573
-560
-589
-662
-715
-725
-763
-769
-753
-809
-884
-956
-948
-889
-858
-836
-849
-866
-880
-871
-806
-735
-712
-755
-773
-778
-764
-774
-763
-717
-683
-632
-548
-401
-241
-132
-73
20
81
140
230
359
488
575
620
642
685
743
793
797
818
817
786
746
727
741
758
724
683
680
673
665
669
636
607
581
541
575
657
721
741
727
705
692
659
628
608
566
507
427
400
427
473
485
459
390
283
146
-9
-132
-209
-303
-402
-489
-551
-571
-582
-607
-599
-591
-596
-559
-501
-470
-505
-566
-622
-637
-620
-590
-566
-577
-625
-669
-691
-679
-654
-649
-649
-664
-671
-665
-646
-589
-565
-538
-540
-551
-548
-541
-547
-569
-591
-606
-588
-519
-390
-230
-109
-21
66
137
224
337
403
457
502
531
549
587
634
652
628
602
589
587
596
597
605
585
545
517
527
556
594
612
578
567
565
543
570
630
636
617
577
563
585
590
551
493
437
345
274
274
314
343
336
284
232
200
164
92
21
-78
-203
-345
-454
-500
-496
-475
-460
-436
-420
-387
-360
-339
-337
-358
-410
-460
-465
-430
-400
-406
-439
-452
-474
-497
-500
-509
-537
-582
-628
-649
-640
-598
-571
-552
-526
-523
-511
-497
-479
-456
-438
-453
-439
-411
-360
-297
-227
-131
-51
22
78
153
216
258
286
305
338
406
470
499
521
498
469
449
421
438
409
368
348
359
385
409
451
478
492
494
483
445
430
445
455
466
469
480
482
500
507
490
456
390
334
314
297
273
237
178
139
117
98
78
33
-44
-135
-211
-255
-286
-345
-386
-405
-396
-376
-321
-242
-176
-134
-147
-153
-176
-214
-267
-304
-340
-385
-423
-454
-451
-433
-439
-470
-481
-471
-471
-473
-474
-456
-465
-479
-460
-425
-384
-375
-386
-386
-382
-399
-383
-358
-284
-203
-156
-73
8
80
143
199
268
307
326
334
354
389
384
370
344
346
340
346
335
354
368
341
331
348
374
403
432
429
418
420
413
415
425
437
454
445
445
434
422
427
430
404
377
348
303
259
227
202
166
134
95
77
53
26
-8
-59
-120
-169
-217
-273
-335
-373
-405
-412
-377
-326
-277
-241
-247
-270
-263
-277
-301
-330
-361
-385
-420
-434
-426
-397
-384
-405
-426
-435
-443
-435
-414
-403
-399
-406
-402
-374
-359
-348
-328
-327
-303
-258
-216
-202
-188
-178
-153
-108
-27
58
104
161
194
212
257
291
304
314
309
292
286
276
266
279
288
297
295
277
271
281
296
298
305
270
249
242
235
243
252
241
221
230
261
300
336
389
414
394
357
337
334
324
317
280
247
223
183
175
189
157
97
54
-2
-25
-22
-36
-63
-116
-169
-195
-174
-137
-94
-56
-42
-48
-74
-70
-83
-126
-150
-189
-231
-247
-274
-285
-304
-304
-327
-377
-401
-419
-401
-393
-403
-425
-457
-492
-496
-484
-487
-484
-484
-480
-436
-379
-324
-284
-257
-231
-227
-190
-141
-100
-64
-17
45
102
133
176
216
200
206
198
181
188
202
214
237
250
222
220
236
267
288
316
339
347
345
340
342
349
341
330
314
319
344
377
399
446
471
460
448
421
406
371
308
254
220
193
157
145
147
123
84
59
42
29
-5
-52
-93
-134
-165
-175
-175
-154
-142
-154
-167
-168
-170
-194
-215
-249
-263
-289
-321
-346
-341
-341
-365
-363
-366
-365
-381
-379
-379
-380
-384
-404
-413
-407
-414
-434
-430
-404
-383
-353
-300
-257
-209
-167
-127
-87
-44
-33
-18
0
30
91
110
144
187
209
228
250
249
244
226
212
209
232
241
221
201
216
235
258
297
304
307
281
266
258
271
268
243
230
230
261
291
313
352
361
320
295
295
280
271
249
224
188
151
128
103
76
60
45
30
39
49
40
12
-3
-34
-53
-51
-38
-32
-32
-28
-41
-61
-87
-112
-152
-182
-205
-231
-260
-265
-261
-281
-297
-294
-301
-316
-316
-307
-302
-308
-333
-353
-352
-349
-375
-385
-387
-391
-389
-382
-327
-287
-256
-238
-215
-180
-157
-142
-128
-101
-78
-59
-63
-33
5
1
10
40
64
117
163
172
166
169
141
132
170
193
215
239
241
255
263
256
257
243
241
228
222
221
239
272
313
351
382
387
396
405
394
365
329
269
214
193
175
170
161
140
105
82
93
94
106
90
68
69
47
-2
2
-5
-43
-29
-45
-52
-38
-43
-58
-79
-118
-163
-215
-254
-271
-275
-274
-286
-268
-242
-232
-240
-230
-223
-235
-259
-268
-274
-286
-298
-319
-324
-309
-298
-281
-236
-195
-158
-144
-139
-91
-80
-69
-46
-21
6
31
54
66
86
66
41
36
42
51
47
53
56
44
39
41
53
87
97
92
113
141
157
177
168
147
136
124
122
128
138
140
132
134
164
190
205
216
219
199
187
171
167
162
135
120
119
140
136
149
169
167
149
125
104
77
66
40
21
11
-17
-51
-67
-45
-28
-19
-28
-58
-65
-85
-123
-145
-159
-174
-208
-227
-218
-208
-210
-201
-205
-198
-201
-225
-228
-226
-231
-248
-264
-279
-282
-274
-255
-225
-183
-169
-157
-125
-101
-78
-54
-46
-52
-55
-32
-11
-2
22
31
44
79
101
115
116
110
113
115
115
120
128
129
126
125
137
132
123
123
113
125
114
97
111
122
124
130
140
172
188
203
220
234
250
231
228
240
229
178
130
90
43
32
34
24
50
65
50
75
84
79
91
75
71
70
67
31
14
27
16
-10
-34
-45
-54
-84
-103
-113
-130
-136
-158
-184
-196
-200
-199
-203
-205
-200
-216
-224
-232
-227
-227
-256
-261
-268
-261
-233
-210
-179
-159
-165
-137
-114
-101
-97
-82
-81
-82
-80
-71
-44
-48
-42
-37
-14
-1
15
29
25
31
25
19
26
31
37
45
61
63
89
94
103
123
115
113
114
119
138
145
148
171
188
207
208
199
193
211
220
209
201
209
204
188
174
179
184
167
149
148
153
138
138
157
164
193
196
170
151
136
114
109
110
85
56
11
-19
-29
-45
-76
-104
-125
-143
-146
-140
-164
-175
-185
-210
-238
-238
-244
-263
-287
-329
-335
-356
-363
-372
-379
-379
-373
-345
-312
-258
-225
-199
-181
-151
-138
-133
-138
-141
-130
-122
-130
-141
-124
-101
-75
-47
-20
16
34
41
75
112
128
136
147
149
152
157
178
199
212
217
234
246
247
256
238
227
217
213
213
230
250
250
244
241
233
220
199
190
175
159
149
133
122
130
121
121
114
95
78
72
82
70
65
68
47
23
14
18
31
20
-14
-49
-74
-96
-107
-116
-115
-123
-151
-165
-163
-172
-192
-204
-198
-192
-178
-164
-162
-157
-167
-188
-201
-205
-217
-224
-230
-234
-232
-206
-182
-169
-147
-133
-134
-131
-117
-116
-86
-72
-96
-86
-73
-77
-52
-39
-41
-26
-4
10
31
71
80
78
75
88
94
97
112
108
109
118
124
138
156
163
172
155
167
195
206
227
245
244
242
242
224
214
211
189
164
149
140
132
126
121
130
118
108
84
64
65
61
56
58
66
55
47
57
46
56
54
13
-12
-26
-39
-51
-60
-87
-116
-135
-170
-167
-156
-163
-164
-177
-190
-198
-197
-200
-189
-204
-221
-238
-239
-243
-243
-251
-245
-222
-209
-189
-175
-164
-138
-137
-132
-118
-107
-108
-105
-95
-93
-83
-100
-82
-63
-70
-62
-47
-43
-41
-52
-60
-31
-7
6
36
66
97
112
118
127
151
164
170
190
209
202
202
207
209
238
249
264
270
257
249
256
256
248
240
207
183
164
145
139
127
113
97
80
80
86
99
121
129
120
96
74
80
82
65
52
35
21
3
-5
-3
-23
-42
-68
-88
-110
-130
-144
-171
-179
-184
-192
-191
-197
-194
-197
-196
-188
-193
-199
-201
-192
-195
-214
-204
-182
-173
-163
-147
-114
-100
-82
-65
-57
-46
-45
-45
-42
-49
-57
-60
-70
-69
-57
-47
-62
-78
-93
-90
-80
-72
-51
-25
-1
6
28
58
79
95
124
138
133
115
103
92
90
103
110
135
160
161
173
178
162
164
169
155
137
131
117
102
84
74
74
62
67
81
76
70
67
51
55
61
62
62
57
59
49
46
50
60
58
50
26
16
10
-8
-20
-25
-43
-74
-96
-101
-109
-124
-140
-147
-147
-141
-120
-110
-96
-96
-106
-98
-85
-84
-88
-77
-83
-84
-71
-71
-63
-55
-38
-36
-37
-35
-29
-36
-32
-26
-25
-37
-36
-46
-58
-50
-61
-60
-38
-31
-20
-12
2
11
10
25
36
42
41
46
56
57
70
83
85
85
100
92
100
112
112
111
108
99
99
105
105
106
104
89
85
75
69
61
53
56
47
52
56
70
66
59
58
45
42
32
26
14
17
23
7
-16
-19
-22
-35
-44
-56
-69
-84
-82
-89
-82
-79
-90
-116
-124
-137
-141
-139
-151
-131
-117
-127
-137
-134
-140
-136
-136
-132
-114
-131
-109
-88
-80
-63
-52
-58
-73
-67
-64
-49
-44
-46
-30
-33
-37
-22
-23
-30
-43
-47
-34
-36
-25
4
14
33
45
56
68
72
70
78
103
105
108
118
128
156
153
155
180
177
193
212
222
222
221
208
207
207
199
173
144
123
101
97
90
90
70
56
51
62
69
52
40
32
20
16
23
25
38
19
-7
-12
-31
-38
-49
-65
-94
-130
-146
-130
-116
-138
-138
-149
-156
-168
-173
-167
-178
-184
-176
-178
-183
-182
-187
-176
-164
-143
-141
-152
-160
-129
-107
-82
-65
-72
-75
-70
-59
-42
-42
-37
-38
-32
-19
-22
-26
-13
0
-12
-17
4
7
16
21
32
47
56
84
95
119
132
144
160
165
168
168
163
158
150
152
153
156
154
145
151
132
139
132
142
152
155
157
130
103
78
66
53
40
22
11
-13
-9
-11
-10
4
7
2
1
8
-2
-1
2
-4
-15
-40
-59
-75
-86
-90
-78
-95
-100
-102
-114
-113
-122
-121
-104
-102
-97
-101
-118
-116
-120
-128
-123
-117
-127
-111
-107
-107
-88
-82
-54
-38
-25
-11
-1
11
5
-6
-28
-22
-29
-38
-28
-5
-9
-16
-9
-12
-15
-27
-15
-26
-27
-22
-14
1
7
-1
11
29
38
62
67
69
94
109
105
112
117
101
104
113
120
116
124
109
102
108
97
83
88
88
88
95
79
80
85
78
79
70
68
63
66
65
62
66
43
36
30
28
19
14
9
-2
-8
-13
-20
-20
-24
-31
-51
-70
-88
-111
-124
-134
-141
-145
-147
-154
-154
-162
-169
-156
-152
-147
-132
-130
-118
-106
-95
-83
-73
-70
-72
-67
-69
-65
-68
-77
-79
-73
-62
-63
-49
-40
-37
-35
-37
-37
-47
-55
-59
-61
-44
-20
-17
11
34
34
48
56
59
64
64
77
105
119
125
135
156
158
172
179
177
170
157
158
161
161
157
150
155
148
151
150
147
146
149
143
126
127
118
113
114
119
119
118
104
94
80
61
34
5
-15
-32
-46
-61
-60
-60
-76
-81
-86
-85
-91
-111
-109
-125
-138
-151
-174
-190
-195
-195
-188
-179
-169
-151
-137
-131
-130
-120
-119
-122
-120
-125
-126
-127
-102
-93
-67
-62
-63
-43
-51
-49
-49
-43
-44
-54
-74
-70
-64
-57
-51
-46
-42
-46
-52
-52
-34
-14
-12
11
34
39
65
74
86
99
104
104
91
88
98
105
121
134
133
131
129
129
131
138
126
122
118
118
145
143
140
113
76
67
51
50
51
35
19
29
37
36
48
46
19
12
0
-11
3
-17
-42
-54
-64
-85
-69
-54
-65
-67
-79
-85
-89
-87
-95
-95
-90
-91
-97
-86
-74
-78
-84
-73
-62
-58
-40
-29
-23
-6
-3
-4
-2
3
10
12
22
28
31
39
50
72
67
70
77
61
52
26
29
25
7
9
2
4
11
27
35
25
28
33
32
41
29
36
27
28
30
29
25
21
20
22
14
12
6
-1
2
-6
-12
-5
-4
-14
-23
-28
-14
-16
-2
7
4
-3
-13
-7
-23
-25
-26
-32
-36
-32
-16
-17
-20
-24
-25
-19
-33
-55
-56
-52
-53
-44
-51
-44
-39
-47
-35
-34
-50
-48
-52
-52
-35
-41
-40
-38
-51
-43
-36
-32
-39
-32
-32
-32
-28
-27
-19
-1
5
-3
-1
6
19
28
22
22
23
17
28
34
34
24
27
25
22
30
36
46
50
48
16
4
7
14
24
27
32
25
35
43
41
46
51
37
43
61
74
71
93
117
119
125
128
127
125
126
128
130
122
113
99
94
83
79
72
52
41
38
26
8
-5
-15
-21
-25
-38
-47
-44
-58
-61
-63
-76
-90
-79
-83
-82
-74
-77
-89
-87
-94
-111
-115
-117
-115
-124
-119
-118
-120
-114
-126
-131
-126
-124
-133
-130
-131
-131
-133
-131
-111
-96
-72
-59
-45
-26
-9
-20
-5
-6
-8
17
27
36
50
55
45
42
36
30
32
38
38
44
49
50
36
29
35
25
10
4
7
14
10
27
45
35
29
40
42
43
50
49
34
33
49
61
68
74
92
84
89
97
113
120
119
119
114
103
104
92
76
77
72
50
37
36
20
14
18
25
25
17
8
13
13
5
28
27
8
3
-11
-10
-7
-8
-11
-14
-18
-25
-18
-31
-32
-28
-37
-50
-60
-56
-56
-54
-67
-81
-78
-91
-88
-74
-61
-73
-75
-65
-80
-73
-68
-57
-36
-38
-35
-21
-25
-31
-32
-23
-9
-15
-11
-16
-32
-39
-19
-12
-10
-5
-18
-22
-27
-6
-4
-18
-17
-26
-31
-31
-33
-33
-26
-31
-30
-11
-3
5
14
25
41
45
45
58
72
60
65
63
50
63
67
72
52
50
47
29
24
34
43
36
30
31
34
16
20
17
2
-3
-7
-16
-3
0
6
13
9
12
-5
-3
-7
-4
9
19
8
3
-7
-20
-27
-20
-12
-16
-34
-41
-32
-33
-34
-39
-25
-27
-31
-28
-33
-43
-39
-33
-31
-16
-15
-37
-42
-38
-31
-32
-24
-30
-29
-6
1
9
12
23
27
21
42
47
43
29
23
12
6
13
-6
-13
-3
-8
-9
7
11
24
32
40
46
51
49
65
73
80
84
87
86
78
76
76
84
76
69
72
70
62
44
41
36
27
22
11
7
4
-9
-16
-16
-31
-29
-19
-26
-35
-40
-50
-60
-42
-35
-45
-41
-39
-57
-51
-45
-52
-56
-62
-74
-58
-56
-57
-51
-50
-51
-52
-51
-60
-63
-75
-74
-72
-68
-48
-41
-37
-20
-4
4
18
18
6
-8
-15
-39
-49
-56
-68
-61
-53
-34
-9
9
18
17
-4
-5
0
6
0
-15
-19
-30
-24
-15
-16
-12
-6
-7
-1
10
32
33
22
45
54
52
59
70
75
73
71
62
66
85
94
90
87
89
87
82
74
76
71
63
69
66
78
68
72
81
89
72
65
52
42
34
25
16
9
18
11
18
20
20
3
-5
-32
-31
-34
-43
-45
-52
-47
