0
1
-1
0
-1
-1
-1
0
0
0
1
2
1
1
1
2
0
1
0
0
0
-1
-2
-1
-1
0
-1
0
-1
0
0
-1
-1
-1
1
1
3
4
2
3
3
3
3
3
3
3
4
3
3
2
3
2
3
3
3
4
3
2
2
1
1
1
0
0
3
2
1
0
-1
-3
-3
-2
-1
-1
-1
-2
-3
-2
-3
-3
-2
-2
-3
-3
-3
-2
1
0
1
0
-1
-1
-3
-3
-3
-2
-3
-1
0
0
0
1
0
-2
-2
-1
-3
-2
1
2
2
2
1
2
2
2
3
1
0
0
1
2
1
1
1
1
1
1
0
1
2
0
1
1
0
0
0
1
1
1
0
1
-1
-2
-1
-2
0
-1
0
0
2
1
1
0
-1
0
-2
-1
-2
-3
-3
-2
-1
-1
-1
0
0
-1
-1
-3
-3
-2
-1
1
0
0
-1
-1
-2
0
-1
-1
-2
-2
-2
-1
-2
-4
-2
-4
-3
-3
-3
-3
-4
-4
-5
-5
-4
-3
-3
-1
-1
-1
0
0
-1
-1
0
0
-1
-1
1
1
2
1
-1
-2
-2
0
0
1
0
0
0
-1
-1
0
1
0
0
2
2
2
2
3
3
4
5
6
7
7
9
7
7
8
6
6
6
5
5
4
4
3
4
5
6
6
6
6
6
6
6
6
6
4
3
3
2
1
1
0
-2
0
-1
-2
-2
-3
-3
-2
-3
-3
-5
-6
-7
-7
-8
-8
-7
-8
-7
-6
-5
-3
-4
-4
-4
-4
-4
-5
-4
-5
-3
-4
-2
-2
-3
-2
-2
0
0
1
1
1
0
-1
0
0
0
-1
2
2
2
1
1
0
2
1
1
1
2
2
1
2
1
1
0
0
0
-1
-1
-2
-2
-2
-2
-1
0
1
2
2
2
2
1
1
1
1
0
1
0
0
-1
-1
-2
-1
0
1
0
1
2
2
2
4
4
4
3
1
2
0
0
2
2
4
5
5
4
4
2
2
0
0
1
0
0
0
1
1
1
0
-1
0
-3
-1
-1
0
1
-1
-2
-1
-2
-1
0
-2
-2
-3
-4
-4
-3
-4
-4
-3
-3
-4
-2
-2
-2
-3
-3
-2
-3
-2
-2
-3
-2
-2
-2
-1
-1
-2
-3
-4
-4
-4
-5
-3
-1
0
1
1
0
1
1
1
0
1
0
0
0
1
1
0
-1
-1
1
1
2
0
1
2
1
-1
-1
-2
-1
0
2
3
3
4
4
3
3
2
3
3
3
4
5
5
5
4
3
5
4
3
3
2
3
2
2
3
3
1
3
4
3
4
5
5
3
1
0
-2
-1
-1
-1
0
1
-1
1
-1
-1
0
-2
-3
-3
-1
-2
-2
-2
-3
-3
-4
-5
-5
-3
-3
-3
-2
-1
-3
-4
-5
-5
-5
-4
-3
-2
-2
-2
-3
-3
-3
-2
-3
-2
-2
-2
0
0
1
1
2
2
3
4
3
5
2
4
2
2
2
1
1
3
2
3
3
3
3
3
2
1
1
1
1
1
1
0
0
-1
-1
-1
-2
-2
-1
0
1
1
3
1
0
0
0
-1
-1
0
-1
0
0
0
1
0
0
0
0
-1
-1
0
-1
-1
0
1
1
-1
-1
-2
-2
-2
-1
-1
-1
-1
-1
-3
-2
-1
0
0
-1
0
1
0
0
-1
-2
-1
-1
-3
-1
0
1
0
-1
-3
-4
-4
-3
-4
-3
-2
-3
-3
-2
-3
-3
-3
-4
-2
-1
-1
-1
-1
-2
-2
-2
-3
-2
-2
-2
-2
-1
-1
-1
-2
-2
-1
1
0
1
1
0
2
2
3
4
2
2
1
1
2
5
5
7
7
5
4
3
4
5
5
5
4
5
4
5
5
3
3
4
2
3
5
7
7
6
5
4
4
3
2
0
1
0
1
2
3
3
4
4
1
2
2
0
0
-1
-2
-3
-3
-2
-1
-1
-2
-1
0
-1
-1
-3
-3
-6
-6
-6
-7
-5
-5
-3
-2
-3
-4
-3
-6
-5
-3
-4
-3
-3
-3
-3
-4
-4
-7
-6
-6
-5
-6
-6
-4
-4
-5
-4
-4
-2
-2
-2
0
0
0
2
2
0
0
0
0
1
3
4
4
3
2
2
2
2
3
3
3
4
3
3
2
1
-1
0
0
0
2
1
2
2
3
4
3
4
5
4
5
5
4
3
2
3
3
1
1
2
2
2
4
4
3
0
-2
-3
-2
-1
-2
-2
-1
0
-1
-1
0
-1
-3
-4
-4
-5
-3
-3
-3
-1
-2
-2
-3
-3
-5
-5
-6
-7
-5
-4
-4
-3
-3
-4
-3
-3
-2
-1
0
-1
-1
-1
-2
0
-1
0
2
3
3
2
1
0
0
3
2
3
4
7
6
7
8
6
4
3
3
4
5
5
5
5
3
4
3
2
3
1
1
0
1
2
1
2
3
1
3
3
3
3
2
3
2
1
1
2
1
2
-1
1
0
0
1
1
2
1
0
0
1
2
1
1
1
1
-1
-3
-3
-2
0
-1
-1
0
-1
-2
-4
-5
-6
-5
-5
-6
-5
-6
-5
-4
-2
0
-2
-2
-1
-4
-3
-4
-4
-4
-4
-6
-8
-6
-6
-6
-4
-3
-3
-5
-3
-4
-3
-4
-2
0
-1
-1
1
1
0
-3
-4
-5
-5
-4
-2
-3
-2
-2
-2
0
1
2
3
3
2
1
1
2
1
1
2
1
2
2
1
2
-1
-2
0
2
3
5
6
7
7
6
7
7
8
7
9
7
7
6
4
4
5
5
6
8
7
7
6
5
3
2
1
1
4
3
4
4
4
3
1
1
1
0
0
-1
-2
0
0
-1
-1
-3
-1
-4
-3
-3
-3
-3
-3
-3
-3
-3
-3
-3
-4
-5
-5
-6
-4
-7
-7
-8
-8
-6
-7
-5
-4
-2
-1
-1
0
0
0
0
0
-1
-3
-2
-4
-4
-6
-6
-6
-7
-4
-4
-3
-2
-2
-1
1
2
2
3
3
3
3
2
0
0
2
3
2
4
4
4
4
5
7
6
5
3
2
3
3
5
7
7
7
6
6
4
2
3
3
4
3
5
4
6
7
10
10
8
7
3
3
2
3
3
2
3
3
2
2
3
2
0
0
-1
-2
-2
-2
-2
-2
-2
-3
-1
-1
0
2
1
-1
-1
-3
-4
-6
-6
-7
-7
-6
-8
-10
-9
-10
-9
-9
-10
-9
-9
-10
-10
-11
-10
-10
-10
-9
-9
-9
-8
-8
-7
-7
-7
-7
-6
-5
-5
-4
-3
-2
-2
-3
-3
-2
-1
-1
-1
-2
-2
0
-2
-1
1
2
2
3
5
6
4
6
6
8
9
7
6
6
7
7
8
9
11
11
12
11
10
8
8
9
10
12
13
12
11
12
12
11
12
10
9
8
6
5
8
9
11
12
13
13
12
12
12
12
9
8
7
8
6
5
4
1
-2
-5
-7
-11
-13
-14
-16
-14
-13
-13
-12
-11
-10
-9
-11
-12
-13
-15
-14
-15
-15
-16
-17
-19
-21
-23
-24
-24
-24
-23
-21
-19
-17
-14
-14
-14
-14
-17
-17
-17
-19
-18
-16
-13
-10
-7
-5
-2
0
0
1
3
4
5
7
7
9
8
11
12
11
10
10
9
9
9
9
11
14
14
16
18
19
21
22
23
26
28
29
30
31
30
29
30
29
30
31
30
31
31
29
30
29
26
25
21
18
16
13
11
9
7
7
8
7
7
5
4
0
-2
-4
-6
-6
-7
-7
-7
-8
-8
-9
-10
-11
-11
-12
-13
-16
-17
-18
-17
-17
-16
-17
-17
-18
-20
-22
-24
-27
-30
-32
-36
-41
-46
-52
-60
-65
-69
-73
-75
-75
-78
-76
-73
-70
-64
-56
-47
-40
-30
-23
-16
-9
-3
3
9
14
18
22
25
24
22
19
15
12
11
10
9
7
7
10
10
11
11
11
15
20
26
30
36
41
44
46
53
56
58
58
57
58
57
57
62
61
62
64
60
55
51
44
39
36
33
31
29
27
24
23
22
21
21
23
23
23
23
25
25
24
25
25
26
28
27
30
31
32
34
34
37
38
39
40
39
38
35
31
28
19
11
-5
-21
-39
-59
-79
-100
-120
-137
-153
-166
-176
-185
-190
-193
-192
-187
-181
-168
-153
-137
-119
-102
-80
-59
-39
-19
-3
15
30
49
63
76
88
86
80
69
50
33
14
-10
-32
-52
-74
-91
-105
-110
-112
-108
-100
-93
-81
-64
-48
-32
-8
15
38
68
97
124
148
167
176
186
185
183
181
167
153
134
109
87
66
48
30
14
4
-3
-7
-6
-3
3
13
24
34
45
52
59
68
77
82
89
99
113
123
137
146
144
134
122
106
89
70
52
32
18
17
26
44
62
76
83
89
89
85
85
81
59
27
-15
-61
-109
-165
-213
-260
-307
-350
-386
-411
-422
-422
-418
-405
-389
-366
-335
-297
-248
-201
-160
-119
-74
-29
22
73
121
159
185
198
204
202
194
178
154
126
96
68
47
36
15
-7
-36
-87
-129
-174
-219
-252
-278
-307
-330
-335
-322
-292
-240
-167
-102
-26
61
133
220
313
379
423
451
452
437
421
392
356
316
265
204
144
99
57
14
-21
-54
-88
-108
-112
-113
-106
-91
-70
-45
-6
49
104
165
218
262
293
308
316
321
315
305
288
258
238
218
192
175
152
123
86
47
2
-40
-67
-73
-42
13
62
106
137
159
176
179
193
205
189
137
60
-22
-111
-213
-324
-426
-527
-630
-721
-786
-816
-826
-835
-826
-799
-759
-695
-602
-498
-383
-262
-154
-44
66
181
292
387
456
500
519
516
488
444
386
295
180
57
-55
-149
-234
-307
-370
-429
-461
-498
-527
-533
-559
-580
-599
-615
-596
-539
-457
-354
-222
-64
88
255
434
590
733
857
916
933
937
891
811
722
602
459
327
194
69
-32
-115
-195
-260
-301
-322
-320
-295
-260
-222
-153
-72
5
111
230
346
459
562
654
736
803
841
849
834
785
708
613
502
395
277
163
60
-41
-123
-195
-246
-272
-280
-284
-218
-47
178
402
608
749
829
868
843
835
842
787
610
338
58
-215
-490
-760
-1016
-1284
-1552
-1814
-2017
-2103
-2102
-2086
-2047
-1975
-1855
-1674
-1453
-1150
-807
-469
-147
146
441
763
1083
1336
1493
1538
1479
1331
1128
910
680
414
91
-265
-602
-856
-1046
-1207
-1331
-1422
-1510
-1544
-1528
-1486
-1371
-1279
-1227
-1108
-966
-737
-415
-44
359
736
1107
1434
1736
2025
2237
2327
2313
2165
1925
1651
1355
996
597
202
-233
-631
-947
-1182
-1314
-1363
-1380
-1360
-1283
-1143
-944
-687
-381
-71
242
594
946
1284
1613
1868
2048
2146
2177
2178
2156
2078
1955
1742
1449
1146
796
490
210
-82
-360
-651
-870
-1041
-1119
-1121
-1069
-990
-857
-476
137
858
1541
2093
2442
2672
2703
2642
2638
2564
2257
1606
806
41
-695
-1397
-2071
-2702
-3302
-3863
-4368
-4605
-4572
-4428
-4264
-4104
-3841
-3485
-3015
-2403
-1664
-865
-125
545
1209
1913
2590
3150
3482
3549
3383
3035
2593
2064
1481
840
117
-653
-1344
-1846
-2180
-2409
-2599
-2769
-2919
-3015
-3041
-2941
-2726
-2447
-2194
-1912
-1464
-925
-261
458
1125
1769
2313
2763
3130
3424
3626
3611
3416
3033
2528
1968
1414
826
220
-369
-970
-1503
-1925
-2182
-2312
-2325
-2298
-2197
-2002
-1690
-1255
-766
-212
330
851
1352
1858
2340
2728
2999
3152
3190
3119
2965
2769
2535
2226
1831
1365
900
466
62
-305
-657
-1015
-1319
-1537
-1654
-1675
-1581
-1438
-1317
-1124
-853
-312
651
1633
2504
3161
3450
3640
3628
3456
3321
3072
2528
1617
513
-437
-1217
-1995
-2775
-3533
-4282
-4920
-5409
-5606
-5471
-5225
-5043
-4852
-4485
-3886
-3086
-2173
-1163
-194
660
1490
2325
3161
3934
4450
4614
4428
3993
3420
2757
2023
1205
297
-650
-1550
-2297
-2787
-3019
-3188
-3380
-3503
-3543
-3486
-3302
-3040
-2727
-2359
-1951
-1465
-805
47
898
1671
2394
2964
3492
3935
4273
4436
4349
4073
3558
2923
2302
1629
892
193
-600
-1391
-1986
-2477
-2829
-3023
-3091
-3092
-2956
-2679
-2208
-1565
-873
-127
566
1221
1860
2451
2981
3406
3658
3739
3683
3533
3324
3019
2568
2046
1420
813
265
-245
-669
-1051
-1385
-1748
-2019
-2195
-2298
-2257
-2140
-1955
-1703
-1408
-1042
-638
-63
986
2194
3217
4029
4359
4459
4404
4063
3682
3307
2793
1787
455
-667
-1494
-2273
-3060
-3884
-4706
-5323
-5887
-6243
-6108
-5729
-5397
-5147
-4700
-3873
-2821
-1687
-448
736
1771
2695
3497
4248
4940
5362
5343
4923
4228
3366
2455
1524
536
-538
-1607
-2578
-3443
-4001
-4206
-4276
-4327
-4430
-4429
-4183
-3788
-3320
-2754
-2122
-1410
-629
139
1141
2149
2971
3645
4091
4487
4778
4973
4893
4539
4101
3421
2638
1940
1190
378
-380
-1224
-2079
-2720
-3183
-3502
-3645
-3646
-3519
-3171
-2672
-2004
-1131
-180
725
1510
2273
2997
3614
4128
4418
4459
4304
3955
3532
3093
2599
2001
1343
631
-62
-663
-1156
-1523
-1871
-2160
-2388
-2561
-2613
-2566
-2392
-2156
-1808
-1416
-1008
-512
54
616
1529
2932
4016
4804
5111
4782
4546
3899
3201
2613
2009
1305
-103
-1444
-2239
-2918
-3605
-4436
-5345
-6009
-6517
-6969
-6879
-6362
-5677
-5120
-4636
-3691
-2355
-911
450
1767
2897
3774
4412
4927
5426
5695
5554
4925
3932
2849
1804
816
-199
-1291
-2410
-3432
-4265
-4835
-5004
-4899
-4720
-4617
-4504
-4136
-3447
-2644
-1853
-987
-87
780
1828
2926
3939
4951
5310
5283
5319
5037
4960
4768
4340
3743
2777
1907
1073
261
-378
-1192
-2094
-2883
-3621
-4071
-4099
-3931
-3675
-3361
-2903
-2207
-1262
-168
942
1992
2782
3349
3821
4294
4692
4837
4659
4198
3547
2870
2200
1526
886
100
-795
-1533
-2167
-2484
-2517
-2557
-2597
-2756
-2859
-2758
-2571
-2166
-1752
-1312
-806
-352
217
917
1628
2902
4316
5117
5610
5329
4725
4217
3175
2345
1591
841
-69
-1592
-2794
-3400
-3912
-4537
-5477
-6394
-6889
-7239
-7398
-6964
-6181
-5325
-4473
-3653
-2344
-564
1062
2440
3596
4445
5109
5545
5805
5969
5840
5274
4273
2994
1737
650
-340
-1405
-2559
-3684
-4603
-5319
-5729
-5722
-5449
-5072
-4722
-4302
-3553
-2469
-1309
-288
679
1656
2831
3864
4679
5432
5578
5553
5311
4760
4663
4360
3911
3193
2042
1185
283
-556
-1291
-2242
-2901
-3438
-3903
-4004
-3808
-3496
-3022
-2591
-2164
-1411
-437
481
1403
2344
3170
3939
4571
5022
5423
5605
5319
4611
3673
2672
1703
759
-161
-1010
-1710
-2262
-2659
-2756
-2660
-2641
-2589
-2765
-2955
-2803
-2658
-2217
-1686
-1186
-374
407
1069
1846
2301
3408
4929
5800
6220
5585
4375
3541
2106
1049
472
-107
-606
-2064
-3396
-3809
-4106
-4471
-5496
-6716
-7455
-7888
-7939
-7206
-5988
-4700
-3502
-2557
-1130
775
2550
3998
4878
5163
5296
5390
5455
5561
5352
4796
3856
2518
1239
159
-854
-2017
-3473
-4950
-6026
-6637
-6788
-6380
-5686
-4937
-4208
-3441
-2430
-1204
12
885
1571
2171
2991
4126
5140
5939
6284
6103
5779
5167
4555
3944
3068
1893
249
-1035
-1827
-2372
-2481
-2746
-3016
-3063
-3163
-3096
-2836
-2581
-2471
-2380
-2146
-1480
-288
1141
2579
3792
4736
5417
5896
6097
5927
5364
4485
3310
2022
1013
255
-237
-708
-1380
-2008
-2538
-2907
-3154
-3377
-3479
-3600
-3589
-3408
-2977
-2063
-1222
-411
241
783
1463
2071
2430
3121
4609
6114
6774
6169
4862
3791
2522
1234
329
-182
-335
-1604
-3340
-4202
-4513
-4589
-5533
-7007
-7947
-8372
-8124
-7339
-5847
-4141
-2760
-1740
-650
842
2561
4030
4763
4932
4928
5089
5565
6016
6105
5785
4880
3371
1595
-36
-1369
-2757
-4370
-5929
-6955
-7204
-6830
-6100
-5214
-4455
-3983
-3676
-3135
-2325
-1247
-210
713
1631
2790
4350
6037
7393
7851
7349
6254
4945
3734
2658
1831
1001
-58
-1050
-1679
-1866
-1835
-1996
-2651
-3581
-4300
-4709
-4611
-3982
-3311
-2663
-1919
-942
405
2017
3433
4347
4889
5096
5215
5494
5725
5742
5311
4416
3387
2344
1387
485
-449
-1415
-2439
-3264
-3658
-3730
-3623
-3579
-3641
-3687
-3460
-3012
-2291
-1437
-601
81
710
1431
2302
3040
3455
4611
6187
7182
6749
5334
3749
2527
1431
431
118
236
-351
-2015
-3715
-4501
-5008
-5798
-7304
-8661
-9212
-8751
-7506
-5672
-3714
-2218
-1312
-606
100
1022
2203
3092
3669
4007
4542
5779
7025
7737
7475
6246
4414
2132
-160
-1937
-3248
-4320
-5265
-5922
-6033
-5590
-4978
-4540
-4548
-5067
-5563
-5558
-4864
-3539
-1754
62
1836
3379
4913
6552
7634
7637
6763
5263
3835
3211
2931
3051
3220
2671
1636
314
-691
-1722
-2874
-3934
-5162
-5736
-5478
-4676
-3485
-2404
-1968
-2007
-1862
-1275
-175
1239
2475
3418
4341
5320
6159
6828
6936
6295
5138
3788
2595
1868
1478
1024
325
-539
-1382
-2105
-2731
-3324
-3986
-4563
-4913
-4888
-4235
-3148
-1872
-824
-154
283
663
1396
1982
2785
4578
6481
7259
6654
5074
3734
3334
2703
2229
1981
1374
154
-1885
-3345
-4177
-5036
-6194
-7853
-9029
-9246
-8472
-6753
-4960
-3966
-3748
-3529
-2738
-1587
-373
744
1797
2901
3956
5341
7007
8174
8389
7424
5662
3695
1896
614
-182
-937
-1875
-2768
-3328
-3572
-3837
-4332
-5190
-6307
-7171
-7408
-6817
-5533
-3985
-2288
-712
497
1541
2670
3937
4876
5270
5411
5474
5646
5845
5746
5652
5193
4071
2837
1470
305
-636
-1683
-2500
-3236
-3686
-3952
-4148
-4161
-4229
-4392
-4429
-4200
-3342
-1978
-470
972
2107
3052
3916
4659
5372
5844
5885
5540
5146
4864
4585
4214
3520
2551
1533
408
-540
-1214
-1762
-2324
-3121
-3894
-4194
-4164
-3832
-3309
-2976
-2577
-2181
-1764
-969
-102
1172
3205
4737
5248
4758
3505
2595
2149
2364
3629
4759
4690
2815
317
-1013
-1996
-2855
-3693
-4843
-5658
-6432
-6556
-5162
-3557
-3162
-4318
-5954
-6730
-6312
-4927
-3074
-1186
179
923
1754
3079
4359
4868
4358
3104
1760
1046
1163
1910
2727
3080
2906
2137
983
-150
-943
-1557
-2306
-2951
-3135
-2959
-2654
-2385
-2004
-1423
-1254
-1761
-2368
-2403
-1673
-634
422
1486
2104
2109
1812
1506
1541
1755
1742
1522
1387
1609
1914
2291
2520
2227
1622
767
-90
-500
-535
-428
-312
-290
-403
-517
-432
-299
-119
109
237
396
672
932
1197
1406
1494
1472
1225
992
1043
1252
1492
1538
1397
1206
855
502
160
-79
-48
-107
24
104
21
183
430
1506
3146
3427
2748
1393
-138
-568
-725
149
2254
3571
3469
1419
-563
-1183
-2087
-2940
-3856
-4386
-3967
-3930
-3547
-2425
-1727
-2146
-3988
-5933
-6713
-6329
-4864
-3124
-1568
-465
-119
225
713
1060
1377
1385
1112
875
1055
2004
3207
3745
3303
2339
1273
317
-245
-387
-175
-55
-230
-382
-541
-763
-1183
-1855
-2556
-3232
-3461
-2896
-1853
-941
-275
103
46
-212
-355
-266
271
870
1224
1560
1922
2041
1863
1836
1971
1853
1797
1926
2073
2376
2469
2137
1669
989
180
-314
-313
46
436
733
950
868
663
364
25
-179
-352
-428
-125
526
1330
1864
1922
1694
1352
1063
857
685
487
338
333
365
531
690
636
523
543
1584
3406
3907
2980
1312
-187
-478
-437
299
2188
3378
2903
552
-1339
-1477
-1857
-2653
-3865
-4766
-4397
-4171
-3682
-2519
-2127
-2845
-4625
-6139
-6252
-5490
-4092
-2778
-1956
-1500
-1364
-883
-225
-45
-39
87
327
780
1499
2537
3546
3781
3016
1955
1121
507
180
216
589
887
847
542
119
-430
-1046
-1578
-1916
-2124
-2112
-1748
-1202
-788
-707
-678
-748
-1162
-1528
-1421
-586
766
1727
2027
1851
1388
805
341
502
878
1121
1502
1869
2353
2956
2882
2352
1574
566
-84
-76
611
1497
1938
1775
1244
783
560
392
200
-116
-357
-252
108
570
979
1232
1212
966
630
556
799
1002
985
750
473
334
77
-64
-156
-104
1067
2867
3647
3143
1874
694
440
556
833
1950
3079
3026
1526
267
342
13
-1143
-2795
-4146
-3894
-3274
-2829
-2127
-2307
-3515
-5072
-6135
-5957
-5308
-4572
-3828
-3303
-2808
-2464
-1853
-1059
-1076
-1548
-1651
-1141
39
1142
1997
2729
2898
2493
2096
2037
1992
1732
1394
1115
1062
1104
1139
1023
304
-892
-1796
-1930
-1587
-1263
-1074
-878
-934
-1456
-1933
-2011
-2066
-2165
-2047
-1553
-370
932
1814
2142
1792
790
-187
-192
412
992
1608
2062
2400
2636
2586
2470
2172
1449
650
325
716
1355
1810
2063
1883
1301
609
255
378
499
492
481
404
383
459
540
753
939
804
719
998
1240
1284
1261
1154
962
637
331
13
445
2080
3367
3162
2038
698
400
848
914
1279
2101
2490
1921
597
422
790
36
-1493
-3347
-3905
-2910
-2147
-1524
-1522
-2734
-4377
-5575
-5454
-4708
-4320
-3950
-3774
-3501
-3116
-2700
-1861
-1668
-2556
-3353
-3263
-1901
-280
726
1184
1095
740
608
985
1674
1949
1795
1595
1549
1851
2165
2213
1737
412
-969
-1368
-733
126
621
736
277
-581
-1316
-1693
-1511
-1428
-1922
-2191
-1718
-759
151
636
675
35
-848
-1127
-504
636
1388
1363
1039
926
1163
1529
1920
2033
1506
1011
1111
1633
2382
2737
2442
1880
1283
1030
1277
1676
1739
1173
598
370
403
599
781
741
487
184
154
611
1156
1290
1023
468
183
142
501
2091
4017
4300
2937
1131
431
1314
2132
2090
1988
2006
1584
512
300
909
548
-767
-2677
-3751
-2841
-1773
-1224
-1184
-2437
-4314
-5478
-4954
-3536
-3176
-3662
-4076
-3753
-2840
-2169
-1578
-1394
-2415
-3598
-3774
-2285
-184
868
714
-288
-1460
-1962
-1296
213
1091
816
371
548
1390
2227
2539
2261
1142
-477
-1488
-1122
375
1702
1954
1169
-69
-939
-1200
-773
-425
-794
-1338
-1630
-1318
-615
-141
21
-550
-1451
-1941
-1594
-215
1000
1202
815
72
-387
-173
544
1418
1840
1806
1569
1566
2113
2490
2478
2300
1898
1699
1846
2235
2627
2484
1879
1193
622
461
450
527
683
674
541
387
409
445
285
52
-46
68
769
2351
3938
4118
2988
1477
1064
2047
2895
3143
3218
3025
2377
1315
870
948
160
-1504
-3336
-3829
-2515
-1249
-940
-1617
-3253
-5048
-5955
-5051
-3229
-2432
-2792
-3526
-3517
-2494
-1631
-1131
-1195
-2256
-3417
-3432
-1670
599
1638
1242
-41
-1437
-2261
-2116
-909
98
-78
-864
-1185
-461
564
986
712
-259
-1316
-1634
-769
891
2172
2634
2167
761
-587
-1169
-489
960
1290
426
-256
-349
-138
-175
-294
-749
-1542
-1814
-1580
-451
1164
1279
204
-942
-1988
-2140
-1027
727
1817
1695
1220
968
1357
1934
1905
1708
1786
1958
2442
3229
3947
3858
2751
1685
1088
1008
1360
1576
1602
1421
918
286
-152
-227
-473
-919
-1017
-271
1338
2652
2619
1720
831
1015
2152
2987
3416
3606
3384
2910
2519
2650
2472
1337
-275
-1907
-2016
-741
-36
-176
-1398
-3736
-5775
-6324
-5033
-3410
-3113
-3799
-4534
-4187
-2921
-2125
-1832
-2113
-3094
-3914
-3448
-1373
893
1798
1288
-101
-1309
-1523
-813
428
1172
731
-231
-654
-243
329
405
-128
-1156
-2179
-2358
-1324
337
1313
859
-506
-1539
-1679
-907
436
1280
1180
497
-226
-230
259
454
57
-660
-1023
-883
-110
1017
1387
887
-53
-1122
-1408
-791
46
531
455
232
207
430
904
1125
1105
1063
1011
1276
2035
2907
3188
2757
2169
1761
1781
2186
2582
2760
2647
2242
1806
1574
1387
881
228
422
1545
2340
1934
742
-121
281
1361
1881
2027
2376
2463
1976
1597
1964
2322
1646
72
-1348
-1287
72
1160
1293
257
-1809
-3842
-4468
-3321
-2011
-2102
-3192
-4217
-4393
-3767
-3196
-2742
-2776
-3674
-4560
-4361
-2699
-697
114
-261
-1186
-1989
-2139
-1405
-16
1121
1260
741
356
545
1010
1195
1040
591
-136
-796
-848
-55
719
691
1
-1154
-2179
-2514
-2224
-1535
-967
-901
-1128
-1271
-1120
-1019
-1051
-955
-858
-776
-600
-214
316
622
765
765
521
316
231
415
1041
1630
1788
1547
1260
1011
814
955
1321
1539
1515
1338
1317
1568
1831
1891
1692
1395
1097
887
1034
1499
1820
1661
1243
1449
2600
3662
3505
2209
877
942
2452
3755
3825
3133
2165
1203
743
1250
2043
1837
478
-1511
-2298
-911
680
959
13
-2071
-4229
-4832
-3251
-711
400
-728
-2816
-3863
-3021
-1715
-805
-462
-1142
-2566
-3507
-2771
-849
379
39
-1350
-2738
-3245
-2568
-942
625
878
-327
-1829
-2125
-1226
-222
365
315
-389
-1217
-1275
-189
1209
1711
950
-493
-1611
-1773
-975
215
846
299
-1043
-2048
-1980
-1293
-841
-1008
-1684
-2373
-2343
-1588
-701
-247
-499
-1114
-1396
-1087
-418
220
627
841
883
888
1090
1496
1851
1963
1937
1964
2199
2501
2505
2391
2400
2301
2032
1870
1847
1784
1612
1360
1111
914
798
1286
2376
2843
1826
262
-240
998
2769
3322
2759
2160
1673
1314
1658
2649
2916
1714
-258
-1686
-1204
498
1526
1341
-98
-2456
-4292
-3999
-1691
213
129
-1406
-2991
-3352
-2583
-1604
-763
-660
-1610
-2822
-2883
-1479
101
746
407
-603
-1639
-2154
-1622
-92
1224
1316
229
-909
-1062
-498
183
492
226
-435
-1064
-1128
-584
-126
-170
-712
-1503
-1939
-1783
-1125
-327
-108
-566
-1276
-1681
-1604
-1430
-1449
-1541
-1462
-1097
-761
-639
-777
-1147
-1447
-1506
-1229
-673
-246
-117
-124
-152
40
341
657
946
868
614
686
1380
2418
2899
2527
1724
1192
1309
1765
2193
2495
2287
1655
1123
934
1477
2652
3661
3501
1988
264
-216
1247
3463
4329
3440
1948
780
444
1183
2593
2981
1419
-1086
-2853
-2174
175
1643
1319
-293
-2485
-4192
-4050
-1828
315
414
-1369
-3361
-3597
-2320
-1137
-354
-212
-976
-2188
-2755
-1775
-32
930
719
-170
-848
-1104
-809
277
1336
1531
828
-144
-474
-257
37
423
751
637
-112
-920
-1083
-743
-436
-444
-673
-948
-1361
-1733
-1650
-1249
-1025
-1245
-1659
-1809
-1708
-1521
-1206
-733
-471
-704
-1195
-1578
-1605
-1302
-834
-308
101
81
-332
-585
-419
30
460
622
466
257
290
736
1372
1724
1541
1003
558
480
773
1342
1911
2141
1973
1582
1364
1676
2560
3363
3097
1900
889
1106
2605
3992
4055
3255
2425
1570
836
818
1614
1932
867
-938
-2001
-1135
473
993
322
-1131
-2787
-3818
-3414
-1687
-333
-415
-1414
-2224
-2130
-1733
-1522
-1056
-667
-816
-1214
-1266
-587
92
87
-213
-434
-553
-822
-737
79
843
994
704
396
331
178
-124
-21
601
1070
894
517
315
-59
-432
-536
-471
-218
-297
-839
-1156
-1129
-990
-888
-845
-1073
-1690
-2181
-2143
-1643
-964
-819
-1302
-1909
-2297
-2076
-1304
-589
-286
-337
-511
-577
-393
38
474
747
785
643
663
943
1270
1531
1594
1359
930
630
640
912
1256
1379
1200
1042
1280
1914
2228
1442
177
-268
799
2704
3810
3610
2857
2023
1233
1010
1828
2720
2071
227
-1246
-850
1049
2192
1553
-187
-2324
-3982
-4134
-2370
-199
321
-875
-2432
-2978
-2444
-1915
-1562
-1241
-1421
-2020
-2140
-1198
248
704
-55
-1063
-1523
-1363
-868
185
1478
2068
1736
930
402
367
300
302
719
1225
1329
995
721
691
478
-36
-594
-800
-545
-420
-370
-198
-120
-164
-517
-1032
-1488
-1827
-1831
-1322
-512
-47
-398
-1091
-1641
-1840
-1618
-1199
-774
-529
-633
-767
-619
-225
161
242
101
-75
-112
164
740
1372
1649
1489
1265
1092
926
918
1173
1497
1655
1844
2294
2573
2034
963
228
679
1994
2873
2762
2247
1627
859
563
1049
1730
1404
-1
-1369
-1597
-443
828
974
101
-1414
-3057
-3840
-3054
-1311
-224
-464
-1460
-2285
-2258
-1902
-1590
-1249
-1128
-1372
-1622
-1402
-570
230
322
-163
-512
-635
-832
-761
-162
609
1149
1180
898
644
266
-163
-94
820
1788
1873
1346
920
745
752
859
921
930
679
-23
-659
-552
145
436
128
-567
-1659
-2500
-2285
-1392
-636
-511
-1160
-2096
-2487
-2126
-1477
-929
-674
-945
-1358
-1233
-606
71
437
538
491
407
476
805
1225
1500
1639
1680
1637
1533
1439
1369
1581
2142
2808
3237
2764
1341
71
12
1384
3061
3482
2593
1432
579
210
662
1749
2246
1246
-721
-2261
-2005
-186
1129
734
-818
-2754
-4162
-4166
-2710
-1085
-765
-1878
-3285
-3703
-3043
-2253
-1756
-1539
-1628
-1890
-1987
-1512
-537
64
-165
-555
-389
83
308
561
1081
1621
1715
1370
1181
1253
1240
996
821
1164
1812
1907
1347
849
665
455
279
431
535
208
-153
-537
-754
-437
-179
-375
-695
-941
-1186
-1294
-992
-691
-825
-1104
-1353
-1485
-1444
-1351
-1165
-927
-722
-727
-966
-1035
-720
-321
-130
-29
167
377
478
616
792
1135
1602
1853
1820
1675
1538
1582
2213
3433
4451
4165
2525
888
690
2191
3997
4527
3600
2162
1050
577
929
1780
2198
1227
-777
-2440
-2579
-1205
236
358
-957
-3037
-4702
-4866
-3459
-1770
-1326
-2246
-3422
-3815
-3280
-2543
-2044
-1815
-1818
-1989
-1996
-1530
-810
-401
-565
-842
-691
-263
-36
78
371
827
1218
1483
1602
1428
952
483
480
1176
2126
2486
2052
1256
666
431
461
829
1084
728
-26
-552
-564
-177
256
86
-792
-1556
-1864
-1791
-1337
-887
-945
-1497
-2116
-2441
-2353
-1890
-1380
-1090
-1006
-1052
-1020
-757
-293
194
383
347
512
915
1252
1464
1604
1722
1796
1865
1885
1857
2052
2454
3038
3546
3402
2554
1722
1588
2307
3292
3621
3209
2661
2075
1610
1781
2388
2410
1304
-258
-1386
-1204
-58
406
-151
-1014
-2152
-3324
-3791
-3289
-2531
-2391
-3007
-3713
-3640
-3122
-2953
-2962
-2892
-2847
-2878
-2854
-2461
-1642
-1155
-1203
-1214
-835
-421
-245
56
574
1049
1341
1442
1596
1938
2073
1752
1417
1615
2072
2310
2412
2311
1780
1102
782
768
901
996
710
75
-367
-489
-696
-807
-654
-891
-1648
-1633
-1227
-1319
-1756
-2265
-2702
-2826
-2374
-1975
-1880
-1805
-2186
-2628
-2491
-1522
-519
-202
-278
-502
-409
258
954
1494
1572
1510
1692
1890
2466
3287
4114
4648
4515
3240
1932
2354
3767
4704
4824
4416
3821
3005
1912
1011
1142
1984
2153
1249
429
140
-209
-1074
-2499
-3328
-3036
-2631
-2488
-2523
-2864
-3603
-4389
-4542
-4069
-3428
-3281
-3243
-2649
-2177
-2391
-2913
-2969
-2309
-1524
-903
-298
462
633
-111
-551
136
1356
2294
2536
2525
2468
2484
2817
3010
2949
2446
1452
1023
1909
3213
3323
2414
1162
-761
-2341
-2140
-695
414
704
-138
-2084
-3268
-3197
-3101
-2618
-1617
-1240
-1765
-2106
-2042
-2142
-2226
-2025
-1827
-1434
-817
-328
-180
-302
-444
-561
-677
-388
182
543
734
857
686
211
175
581
827
1820
3968
5318
4634
2598
728
452
2127
4488
6280
7464
7071
3670
-403
-1542
684
3285
4073
3104
1336
-301
-2098
-3917
-3931
-2562
-2250
-3575
-4609
-4033
-3208
-3701
-4997
-5658
-5332
-4656
-3406
-1333
119
-459
-2340
-3770
-3465
-1815
98
1945
3216
2897
967
-652
-418
992
2377
3349
3662
3242
2088
913
682
1032
1407
1521
1430
1623
1575
734
-259
-594
-538
-663
-401
188
356
181
-465
-1502
-2161
-1815
-1003
-319
159
53
-755
-1651
-2180
-2122
-1452
-619
-210
-458
-1029
-1467
-1700
-1720
-1323
-654
-327
-440
-589
-598
-592
-523
-543
-473
-262
141
710
1129
1244
1150
869
1927
4036
5017
4370
2834
1684
1515
2696
4844
6543
7414
5781
1748
-1049
-469
1761
3162
3208
1868
-203
-2027
-3605
-4068
-2942
-2446
-3813
-5177
-4974
-3895
-3412
-4156
-5159
-5521
-5092
-4237
-2518
-506
73
-1020
-2656
-3320
-2103
8
1692
2552
2462
1346
166
53
951
2161
3180
3343
2688
2039
1627
1443
1561
1600
1373
1160
1303
1844
1838
923
-486
-1794
-2234
-1336
277
1148
900
-258
-2184
-3557
-3162
-1624
-210
569
398
-850
-2186
-2590
-2358
-1668
-686
-135
-114
-234
-458
-954
-1228
-803
-233
61
294
574
722
510
95
-268
-299
141
766
1317
1500
1344
837
1533
3378
4252
3790
2619
1544
1385
2493
4301
5760
6798
5465
1566
-1093
-295
1717
2804
2860
1622
-448
-2324
-3912
-4350
-2873
-1722
-3002
-4806
-5049
-4389
-4120
-4427
-4584
-4493
-4274
-4121
-3292
-1546
-326
-608
-1842
-2723
-2119
-527
1109
2333
2642
1632
147
-412
236
1670
3339
4014
3242
2074
1240
960
1333
1759
1686
1188
873
934
1040
927
320
-602
-1526
-1883
-1379
-654
-87
103
-658
-2094
-2677
-2066
-1175
-306
226
-93
-937
-1518
-1714
-1277
-339
151
-54
-266
-128
-30
-227
-333
-202
76
321
544
745
786
558
92
-104
132
600
917
1034
1570
3389
4612
4014
2416
1058
652
1518
3483
5421
6695
6906
4121
-158
-1855
-228
2101
3553
3419
1726
-534
-2720
-4608
-4666
-2818
-1741
-2692
-4037
-4542
-4571
-4890
-5262
-5112
-4384
-3844
-3797
-3201
-1957
-1062
-1370
-2558
-3030
-2006
-397
1009
2210
2682
1717
19
-1076
-718
1098
3246
4132
3562
2270
689
-358
-38
1498
2427
2070
1196
12
-994
-873
99
681
617
-15
-1426
-2257
-1410
-261
-55
-144
-470
-1244
-1491
-813
-109
230
186
-616
-1429
-1093
-146
474
532
97
-760
-1413
-1151
-308
559
875
556
-126
-691
-725
-308
432
1100
1377
845
117
-101
1643
4071
5041
4452
2716
1077
699
2048
4336
6594
8056
6338
1981
-1076
-1036
655
2689
3934
3386
1478
-1197
-4100
-5328
-3698
-1876
-1867
-2738
-3712
-4436
-4885
-5017
-4636
-3822
-3358
-3804
-3861
-2755
-1358
-591
-975
-2062
-2699
-2507
-1524
402
2358
2920
1703
-491
-2167
-2052
9
2293
3648
3455
1824
-309
-1330
-857
102
1037
1281
493
-690
-1374
-1203
-804
-407
-646
-1626
-2212
-1614
-589
137
465
-114
-1336
-1931
-1454
-297
1334
2184
1315
-191
-1141
-1245
-455
926
1890
1926
1179
-62
-896
-601
451
1289
1468
952
179
-169
-24
512
799
1036
835
723
2314
3840
4339
3589
1955
412
281
2280
4720
6776
7632
5105
613
-1790
-1274
557
3154
4547
3553
1114
-1808
-4744
-5340
-3053
-1234
-1116
-1833
-2774
-3606
-4133
-4378
-4224
-3299
-2523
-2343
-1997
-1193
-539
-402
-1026
-1742
-1602
-1063
-110
1334
2316
2250
1191
-275
-1384
-1203
102
1348
2223
2171
1181
-330
-1655
-2094
-1751
-1071
-373
33
-623
-1796
-2484
-2936
-3100
-2676
-2298
-2398
-1882
-1143
-1210
-1312
-1134
-1404
-1729
-1364
-796
101
1153
1485
981
320
-208
-532
-206
720
1868
2474
2010
947
192
-4
292
1057
1519
1555
1506
1189
768
712
899
866
2427
4164
4491
3912
2694
1248
582
1533
3182
5309
7324
6271
2623
-66
-749
-672
586
2312
3043
2629
766
-2481
-4541
-3883
-3161
-3218
-2822
-2157
-2038
-2537
-3291
-3817
-3489
-3152
-3164
-2372
-696
645
1128
919
116
-743
-1329
-921
816
2674
3550
3259
1940
166
-1007
-1041
-112
1592
2771
2265
1288
-105
-1910
-3021
-3041
-2582
-1592
-518
-721
-1719
-2448
-3774
-5161
-4926
-3712
-2504
-1086
-513
-1191
-1950
-2380
-2841
-2386
-1005
156
801
929
529
27
-328
-553
-386
77
415
733
1005
1126
1143
745
-17
-282
79
488
952
1573
1752
1684
1245
1096
2880
4326
4564
3975
3062
2079
1921
2914
4181
6048
7340
5276
1528
-254
-301
215
1603
2526
2254
1210
-793
-3764
-4678
-3111
-2353
-2692
-2956
-3333
-3761
-3851
-3683
-3037
-1901
-1638
-2478
-2677
-1417
389
1685
1877
1387
804
59
-63
1074
2603
3801
3820
2541
998
377
412
750
1620
2293
2321
1440
40
-1131
-1719
-2096
-2180
-1638
-1307
-1312
-1430
-2207
-3446
-4074
-4257
-4196
-3040
-1648
-1186
-1247
-1450
-2372
-3176
-2755
-1860
-774
128
198
-275
-692
-1130
-1552
-1223
-519
-145
-69
-186
-94
179
83
-227
-93
19
61
197
516
1021
1621
1355
1971
3875
4654
4280
3303
2369
1734
2406
3660
4989
7003
7153
3874
576
-498
-506
300
1726
2266
2038
977
-1592
-4187
-4072
-3068
-3042
-3163
-3084
-3059
-3141
-3198
-3064
-2394
-1717
-2071
-2697
-2302
-915
805
2233
2628
2094
989
-58
27
1184
2810
4357
4710
3466
1722
633
234
859
2094
2770
2653
1994
309
-1400
-1876
-1602
-1238
-881
-844
-1294
-1958
-2594
-3321
-3580
-3269
-3051
-2670
-1923
-1251
-969
-1114
-1672
-2261
-2168
-1501
-619
145
505
190
-587
-1455
-1858
-1507
-789
-119
86
-372
-785
-1032
-1365
-1182
-417
181
198
101
-334
-336
-89
1506
3541
4572
4651
3269
1638
799
1488
2989
4847
6976
6994
4117
1037
-568
-1352
-672
834
1558
1623
826
-1363
-3700
-3615
-3086
-3613
-3923
-3731
-3602
-3253
-2482
-1999
-1438
-1170
-2061
-3134
-2519
-777
905
2414
3274
3137
2016
760
328
879
2070
3338
3873
3598
2827
1921
1104
1058
1694
1596
1035
633
-240
-987
-792
-549
-704
-705
-1299
-2726
-3272
-2652
-2146
-1628
-1075
-1548
-2143
-1972
-1652
-1095
76
486
-369
-1002
-894
-444
458
1163
982
282
-772
-1758
-1879
-888
34
340
-127
-1118
-2033
-2286
-1983
-865
377
764
280
-390
-924
-564
2058
4136
4958
4633
2932
1085
722
1843
3448
5871
7604
5905
2405
46
-1081
-1466
-656
-69
379
489
-833
-3494
-4604
-3814
-3806
-4517
-4914
-4880
-4500
-3961
-3373
-2192
-514
-243
-1591
-2793
-2408
-951
920
2562
3796
4142
3181
1692
841
1037
2110
3192
3494
3321
2683
1559
761
964
1517
1439
875
-174
-1392
-1830
-1458
-898
-339
-333
-1284
-2583
-3186
-2744
-1945
-1102
-431
-438
-818
-862
-510
77
900
1079
262
-339
-176
170
811
1585
1530
468
-849
-2114
-2520
-1583
-426
49
-123
-833
-1915
-2532
-2280
-1266
-84
686
597
159
-399
285
2809
4552
5338
4961
3599
1994
1309
1831
3354
6018
7624
5826
2728
795
-635
-1569
-1453
-1259
-663
-515
-1792
-3883
-4144
-3506
-4246
-5318
-5753
-5772
-5342
-4631
-3735
-1969
11
228
-921
-1828
-1838
-1254
102
1703
3210
4013
3525
2512
1970
1829
2060
2252
1942
1482
1209
948
1078
1849
2011
1223
129
-1604
-2993
-3037
-2129
-1080
-104
186
-841
-1955
-2463
-2725
-2296
-1301
-864
-712
-234
167
561
1176
1656
1226
449
-261
-881
-695
142
796
1109
981
202
-1081
-2070
-2339
-2142
-1655
-1081
-962
-1011
-988
-924
-675
-91
329
370
-3
110
2319
4506
6062
6524
5523
4065
2776
2090
2370
4334
6963
7042
4815
2652
805
-732
-1291
-2066
-2111
-1494
-2100
-3868
-4692
-3797
-3365
-4148
-5121
-5883
-5988
-5412
-4989
-3774
-1137
491
456
4
83
431
646
907
1326
2135
2862
2787
2761
3405
3752
3138
1847
371
-705
-1144
-875
375
1313
1493
801
-960
-2675
-3524
-3601
-3167
-2273
-1307
-1280
-1518
-1111
-852
-765
-251
-420
-910
-784
-345
339
1769
3132
3133
2316
1357
81
-923
-1100
-1100
-867
-393
-672
-1343
-1653
-1774
-2242
-2974
-3377
-3474
-3162
-2489
-1789
-790
240
754
487
384
447
1313
3589
5340
6633
6845
6239
5426
4614
4393
4751
5719
6744
5837
3630
2183
1075
115
-525
-1705
-2140
-2643
-4025
-5559
-5730
-4581
-4040
-4523
-4945
-5119
-5062
-4800
-4778
-3514
-1032
313
616
959
1779
2580
2856
2640
2375
2425
2369
1868
1927
3016
3863
3657
2631
811
-824
-2072
-2485
-1867
-890
-108
-231
-1522
-2765
-3269
-3390
-3087
-2426
-1921
-1959
-1816
-1174
-519
509
1537
1451
889
522
241
485
1513
2338
2447
2275
1779
790
-36
-570
-1312
-1804
-2151
-2732
-3004
-2571
-2199
-2395
-2838
-3385
-3710
-3406
-2780
-1916
-730
186
569
494
585
995
2975
5033
6337
7017
6525
5559
4598
3975
3962
4779
6119
6032
4301
2734
1464
-52
-908
-2047
-3109
-3093
-3735
-5086
-5566
-4553
-3810
-4003
-4454
-4654
-4460
-3707
-3384
-2989
-1072
435
607
1012
2102
3448
4403
4404
3670
2946
2093
936
195
975
2378
3003
2796
1851
252
-1354
-2328
-3126
-3088
-2348
-2082
-2089
-2147
-1815
-1694
-1770
-1604
-1875
-2201
-1643
-906
-54
1290
2006
2210
2313
2038
1933
2082
2429
2128
1500
1063
555
256
343
35
-663
-1269
-2350
-3544
-3953
-3934
-3481
-2935
-2849
-3219
-3398
-3243
-2867
-2313
-1238
-273
363
862
932
1018
2215
4191
5554
6663
6751
6133
5400
4469
3931
3946
4646
4915
3475
1808
897
-31
-741
-1590
-3170
-3802
-4419
-5727
-6524
-5927
-4536
-3864
-3893
-3895
-3541
-2670
-1866
-1459
-240
1294
1619
1476
1976
3237
4659
5300
5009
4364
3468
1963
116
-768
-423
-19
-162
-658
-1203
-1641
-2201
-2685
-3166
-3270
-3398
-3751
-3772
-2702
-936
127
737
1058
797
805
1342
1839
2804
3997
3981
3336
2805
2606
2676
2991
2850
1963
1063
-209
-1619
-2151
-2080
-2282
-2748
-3493
-4438
-4889
-4788
-4180
-3307
-2488
-2191
-2463
-2548
-2024
-1097
55
1159
1908
2241
2420
2555
3803
5735
6941
7161
6281
5065
3707
2890
2684
2804
3538
3326
1184
-660
-1719
-2857
-3109
-3457
-4624
-5115
-5609
-6592
-6648
-4984
-3306
-2464
-2136
-2280
-2132
-1021
140
980
2601
3586
3076
2471
2411
3090
4172
4546
3742
2593
1175
-492
-1940
-2488
-2255
-2398
-3049
-3849
-4118
-3798
-3218
-2545
-2162
-2003
-2270
-2738
-2652
-1391
619
1865
2639
3164
2926
2810
3231
3543
3977
4415
3868
2963
2393
1950
1709
1780
1551
592
-363
-1383
-2297
-2547
-2544
-2801
-3150
-3616
-4065
-3938
-3443
-2684
-1792
-1154
-734
-415
30
564
1184
1762
2194
2495
2571
2743
3165
4354
5625
6405
6462
5719
4593
3097
2074
1522
1255
1600
1067
-484
-1518
-2349
-3241
-3323
-3567
-4093
-4291
-4951
-5800
-5601
-4239
-3075
-2243
-1615
-1453
-1234
-531
259
1277
2766
3227
2541
1797
1379
1602
2130
2285
1979
1268
19
-1413
-2547
-2940
-2788
-2930
-3441
-4061
-4419
-4213
-3413
-2715
-1882
-1129
-892
-1143
-1284
-576
442
1351
2020
2028
2071
2653
2773
2936
3664
3860
3585
3013
2080
1367
1213
1020
346
-153
-525
-1116
-1495
-1594
-1775
-1790
-1920
-2427
-2638
-2349
-2019
-1650
-1145
-730
-146
420
864
1340
1927
2367
2598
2665
2744
2777
3294
4294
5105
5842
5848
5174
4100
3033
2374
1883
1978
1945
792
-620
-1645
-2798
-3403
-3433
-3649
-3504
-3603
-4462
-5065
-4459
-3503
-2822
-2326
-2000
-1660
-1194
-664
-39
1264
2456
2501
2133
1865
1840
1907
1640
1116
704
200
-718
-1675
-2381
-2756
-3205
-3714
-3924
-3739
-3319
-2822
-2582
-2634
-2371
-2106
-1850
-1418
-700
105
357
791
1133
1172
1773
2253
2167
2427
2666
2388
2304
2239
1852
1424
1046
538
55
-81
-336
-872
-1249
-1672
-2191
-2307
-2252
-2038
-1574
-1326
-1130
-974
-788
-220
371
959
1455
1730
1868
2149
2500
2811
3206
3746
4474
5032
5491
5512
5264
4866
3748
2856
2258
1917
2053
1342
239
-302
-1202
-2399
-3096
-3774
-3874
-3448
-3657
-4040
-3670
-2871
-2581
-2506
-2324
-1944
-1213
-489
-119
541
1578
1756
1572
1744
1962
2178
1881
984
170
-184
-580
-1128
-1650
-2173
-2913
-3894
-4445
-4333
-3592
-2929
-2506
-2247
-2063
-1748
-1511
-1178
-854
-456
-149
-317
68
738
836
1210
1628
1507
1820
2316
2246
2256
2248
1580
728
167
-387
-772
-635
-660
-962
-1059
-1182
-1512
-1580
-1602
-1665
-1464
-1304
-1216
-967
-615
-71
575
1205
1795
2106
2329
2447
2391
2557
3060
4081
5039
5540
5598
5140
4484
3716
3124
2763
2742
2826
1894
450
-420
-1162
-1837
-2148
-2685
-3127
-3246
-3540
-3768
-3147
-2052
-1575
-1727
-2004
-2082
-1644
-816
-82
499
1146
1247
1000
1287
1947
2424
2246
1311
247
-400
-734
-979
-1261
-1633
-2315
-3366
-4045
-4016
-3475
-2854
-2528
-2377
-2219
-1860
-1572
-1315
-787
-536
-519
-495
-530
-231
298
562
855
1285
1554
1849
2031
1999
1869
1652
1224
649
143
-415
-959
-1306
-1521
-1622
-1491
-1299
-1298
-1320
-1307
-1344
-1268
-1118
-979
-682
-332
58
501
990
1407
1753
2088
2317
2482
2876
3664
4567
5238
5396
4924
4291
3533
2993
2661
2486
2657
1996
830
-7
-756
-1182
-1311
-1862
-2476
-2856
-3386
-3701
-3257
-2299
-1611
-1439
-1591
-1651
-1251
-610
23
618
1156
1120
842
866
1219
1749
1812
1258
643
198
-247
-646
-1068
-1395
-1662
-2301
-2991
-3362
-3381
-3232
-3092
-2684
-2039
-1335
-944
-937
-673
-495
-305
-104
-260
-180
-45
-253
-152
384
965
1460
1673
1582
1509
1595
1489
1130
798
358
-248
-836
-1284
-1511
-1594
-1534
-1494
-1298
-951
-697
-621
-667
-585
-481
-231
102
392
647
920
1300
1644
2010
2281
2562
3182
3995
4638
4870
4651
3997
3284
2960
2611
2619
2673
1714
549
-422
-1340
-1689
-1678
-1990
-2103
-2304
-2857
-3105
-2742
-2076
-1647
-1523
-1671
-1601
-1222
-818
-445
-53
447
778
1073
1325
1611
1669
1220
711
478
336
160
-339
-1280
-2020
-2268
-2418
-2137
-1714
-1874
-2237
-2728
-2994
-2795
-2079
-1239
-879
-546
-427
-544
-344
-155
-278
-130
-109
-264
-17
332
702
1246
1640
1694
1660
1483
1102
701
466
321
61
-253
-844
-1473
-1667
-1683
-1464
-1092
-874
-655
-398
-188
96
396
596
700
667
653
1021
1479
1890
2168
2592
3370
4139
4699
4687
4279
3792
3166
2797
2612
2676
2490
1712
764
-161
-1032
-1538
-2077
-2767
-2869
-2871
-2925
-2594
-2041
-1616
-1387
-1452
-1653
-1406
-872
-462
-363
-302
-100
122
585
1053
1366
1504
1105
500
303
354
365
90
-583
-1345
-1868
-2170
-2272
-2159
-2039
-2084
-2220
-2298
-2127
-1886
-1703
-1576
-1397
-1151
-966
-780
-612
-393
-177
-82
18
197
273
320
512
854
1253
1517
1561
1370
1004
577
116
-280
-471
-633
-959
-1185
-1218
-1172
-1098
-1083
-931
-617
-204
166
465
764
1093
1256
1309
1492
1620
1900
2438
3167
4079
4711
4701
4319
3769
3269
3248
3085
2864
2570
1619
767
163
-409
-666
-868
-1510
-2057
-2586
-3069
-3003
-2612
-2165
-1918
-1727
-1535
-1149
-598
-150
86
199
161
-53
84
485
876
954
564
123
-169
-307
-354
-349
-513
-795
-1255
-1872
-2216
-2259
-2198
-2130
-1964
-1893
-1881
-1813
-1883
-1627
-1274
-1081
-825
-830
-915
-882
-854
-636
-85
162
329
512
494
613
780
815
758
734
486
350
434
442
259
-171
-594
-1024
-1126
-1188
-1204
-874
-603
-375
-111
164
413
652
681
841
1238
1411
1655
1810
1995
2614
3425
3993
4245
4088
3580
3138
2929
2904
2906
2799
2213
1354
643
40
-256
-373
-712
-1074
-1325
-1747
-1945
-1821
-1759
-1684
-1749
-1968
-1779
-1083
-426
75
299
300
227
188
303
531
713
548
95
-308
-442
-443
-539
-747
-1014
-1204
-1333
-1438
-1428
-1340
-1341
-1560
-1934
-2187
-2302
-2157
-1729
-1412
-1051
-784
-898
-1028
-1078
-1170
-962
-681
-647
-481
-325
-127
214
598
800
772
577
292
126
118
205
208
145
-117
-414
-477
-572
-645
-653
-725
-650
-371
-53
221
531
715
878
1022
1133
1275
1386
1568
1853
2312
2899
3386
3460
3211
2952
2635
2606
2606
2520
2465
2037
1457
898
337
-61
-273
-649
-903
-987
-1050
-990
-915
-901
-1023
-1227
-1559
-1606
-1350
-964
-665
-542
-332
-121
218
594
738
639
292
-163
-484
-489
-364
-329
-483
-781
-952
-1007
-895
-746
-816
-890
-1006
-1199
-1342
-1521
-1727
-1693
-1637
-1568
-1372
-1287
-1284
-1209
-1124
-1071
-887
-739
-664
-459
-178
75
238
267
252
268
347
363
450
472
384
327
183
24
-73
-186
-356
-400
-344
-269
-112
9
147
332
542
708
868
1029
1037
1024
1213
1596
2191
2753
2937
2842
2624
2290
2251
2369
2368
2440
2154
1582
1096
699
425
252
-162
-636
-983
-1293
-1244
-991
-781
-760
-982
-1313
-1374
-1154
-890
-696
-746
-833
-860
-689
-289
233
598
562
300
26
-178
-315
-279
-240
-273
-313
-460
-664
-777
-742
-846
-862
-846
-1013
-1145
-1303
-1498
-1507
-1443
-1385
-1253
-1309
-1426
-1395
-1165
-965
-808
-694
-662
-477
-284
-87
114
299
299
205
180
148
241
366
451
563
613
533
389
208
90
154
263
334
408
452
457
464
502
508
612
780
952
1253
1627
1986
2263
2237
2042
1908
1681
1731
1937
2043
2169
2026
1584
1165
795
479
391
164
-190
-488
-845
-1012
-926
-839
-916
-1035
-1204
-1266
-1072
-821
-681
-719
-827
-956
-879
-611
-388
-223
-146
-132
-135
-79
-117
-212
-400
-595
-681
-671
-532
-504
-596
-719
-763
-771
-794
-907
-1067
-1164
-1226
-1201
-1119
-1037
-980
-1007
-1081
-1079
-977
-851
-737
-683
-546
-330
-189
-131
-157
-155
-89
1
128
345
549
636
578
450
483
606
707
706
688
728
717
655
608
642
726
760
718
688
726
770
912
1129
1472
1877
2055
1964
1813
1656
1604
1689
1649
1703
1724
1527
1254
975
785
682
437
46
-254
-424
-447
-355
-333
-417
-624
-961
-1155
-1035
-831
-713
-782
-965
-1099
-1075
-887
-680
-520
-558
-665
-696
-680
-548
-448
-545
-694
-693
-635
-555
-442
-499
-629
-723
-804
-781
-706
-714
-816
-883
-982
-1110
-1203
-1234
-1178
-1028
-848
-755
-692
-666
-687
-638
-537
-461
-422
-425
-421
-387
-298
-168
46
208
295
372
375
408
503
592
682
756
739
672
646
689
758
775
765
742
763
841
910
994
1078
1249
1531
1706
1716
1616
1416
1243
1360
1437
1562
1634
1387
1125
919
771
865
988
789
543
285
77
146
261
231
147
-88
-352
-397
-365
-340
-453
-745
-998
-1161
-1154
-1055
-931
-830
-847
-849
-845
-823
-732
-713
-848
-931
-985
-1153
-1131
-1046
-1065
-917
-789
-768
-719
-808
-851
-705
-642
-628
-632
-793
-889
-864
-876
-835
-765
-717
-637
-572
-490
-403
-389
-473
-547
-538
-471
-440
-391
-308
-192
-6
121
143
238
383
562
782
934
1006
1016
954
910
941
981
1071
1121
1087
1119
1206
1176
1181
1301
1439
1438
1288
1138
984
1097
1304
1439
1602
1552
1275
976
770
798
1001
1030
934
812
671
647
641
549
442
176
-149
-304
-317
-287
-318
-529
-796
-934
-1023
-1110
-1179
-1236
-1291
-1305
-1226
-1135
-1032
-938
-980
-925
-844
-838
-842
-925
-1014
-978
-970
-949
-878
-897
-904
-879
-823
-747
-691
-697
-702
-709
-680
-690
-733
-793
-848
-865
-798
-764
-741
-750
-777
-774
-718
-568
-395
-262
-175
-102
-112
-55
98
273
512
742
929
1060
1119
1124
1145
1186
1184
1138
1041
935
897
997
1079
1209
1396
1399
1261
1173
1017
944
1091
1138
1243
1407
1397
1367
1279
1142
1134
1099
921
809
681
539
601
671
642
550
360
76
-54
-85
-152
-284
-548
-843
-1055
-1165
-1156
-1107
-1128
-1219
-1262
-1225
-1142
-1042
-978
-880
-796
-711
-650
-651
-686
-778
-884
-949
-924
-819
-775
-803
-799
-751
-682
-665
-649
-617
-561
-504
-476
-442
-454
-491
-564
-609
-610
-615
-667
-716
-688
-605
-454
-362
-297
-214
-117
-45
21
130
269
423
571
728
865
964
1047
1106
1117
1161
1155
1107
1041
989
1028
1055
1075
1124
1076
951
871
758
706
847
965
1099
1234
1209
1149
1037
900
862
837
781
704
544
396
339
275
242
225
130
66
77
95
83
-54
-294
-495
-675
-830
-954
-1008
-1033
-1084
-1171
-1249
-1248
-1165
-1074
-983
-810
-687
-667
-677
-724
-738
-724
-744
-820
-861
-875
-879
-860
-792
-691
-691
-712
-713
-629
-489
-382
-382
-421
-454
-469
-427
-423
-486
-547
-609
-658
-590
-475
-432
-390
-353
-265
-105
37
201
357
483
622
777
930
1078
1198
1251
1273
1313
1302
1249
1231
1259
1310
1325
1273
1203
1076
910
829
748
718
781
748
727
768
791
823
813
748
731
661
530
459
427
401
375
320
235
141
25
-35
-18
77
116
68
-57
-223
-381
-502
-607
-722
-817
-979
-1166
-1306
-1321
-1270
-1115
-977
-910
-846
-849
-827
-780
-708
-608
-552
-622
-696
-771
-873
-893
-870
-867
-858
-855
-790
-616
-422
-302
-308
-372
-444
-463
-479
-481
-476
-520
-595
-650
-633
-600
-544
-503
-463
-329
-189
-60
132
315
497
689
826
912
1038
1179
1294
1358
1407
1440
1424
1388
1345
1349
1344
1310
1247
1149
1014
881
749
648
610
565
515
484
444
463
488
498
516
526
509
465
410
356
351
316
257
205
142
67
15
2
6
46
46
-4
-86
-157
-238
-364
-565
-808
-1013
-1196
-1269
-1290
-1240
-1120
-995
-899
-841
-835
-821
-753
-685
-625
-584
-566
-588
-624
-638
-651
-707
-751
-759
-753
-683
-548
-458
-406
-359
-367
-420
-445
-469
-483
-502
-596
-674
-726
-743
-697
-586
-458
-342
-220
-112
4
150
307
490
684
906
1068
1181
1287
1374
1484
1558
1589
1591
1560
1504
1429
1328
1220
1142
1054
901
776
672
582
523
447
411
378
342
307
273
280
356
433
419
391
348
285
222
156
137
151
120
70
21
-33
-41
-53
-88
-88
-113
-194
-339
-530
-667
-773
-865
-954
-1020
-1041
-1041
-1039
-1026
-945
-845
-763
-691
-657
-631
-582
-600
-595
-588
-589
-565
-557
-572
-566
-556
-570
-533
-496
-482
-466
-437
-358
-264
-218
-216
-307
-475
-646
-766
-769
-713
-661
-562
-438
-317
-183
-55
83
219
365
518
661
781
877
1001
1111
1205
1278
1327
1369
1389
1387
1376
1297
1174
1049
918
848
794
666
540
412
280
225
198
179
174
147
78
73
108
187
270
294
328
336
299
238
172
94
52
38
-1
-37
-47
-72
-102
-100
-105
-144
-196
-295
-438
-558
-614
-693
-812
-903
-959
-954
-891
-808
-707
-607
-509
-459
-450
-431
-417
-421
-432
-415
-398
-367
-349
-333
-302
-230
-174
-161
-138
-131
-122
-93
-94
-108
-122
-162
-216
-285
-388
-463
-513
-506
-472
-402
-308
-199
-43
122
316
482
619
720
789
850
898
943
964
993
1011
997
991
976
924
883
857
776
652
513
347
203
103
-2
-83
-118
-166
-187
-195
-187
-190
-225
-224
-166
-118
-93
-51
-27
6
54
64
50
45
9
-20
-40
-54
-24
6
15
-4
-57
-87
-151
-231
-316
-415
-508
-580
-645
-690
-667
-646
-611
-607
-582
-499
-432
-390
-361
-327
-323
-338
-324
-268
-181
-89
-32
2
33
25
6
8
32
62
82
56
-6
-64
-118
-150
-186
-182
-201
-241
-265
-258
-191
-103
30
161
293
437
582
729
835
933
1002
996
971
949
906
862
819
779
754
720
662
600
534
466
374
253
137
17
-112
-217
-317
-368
-386
-422
-425
-436
-462
-448
-405
-382
-311
-215
-160
-99
-40
20
27
7
-18
-59
-97
-96
-81
-88
-80
-86
-129
-194
-226
-235
-299
-368
-413
-456
-494
-517
-560
-569
-576
-569
-500
-397
-309
-238
-195
-203
-170
-124
-97
-63
-9
34
98
149
170
166
155
110
78
94
85
59
-5
-63
-88
-102
-141
-164
-153
-158
-136
-86
-41
43
132
220
355
476
592
674
735
801
853
906
918
885
835
749
645
593
557
503
423
338
262
192
122
57
-20
-93
-178
-278
-376
-456
-524
-562
-584
-589
-567
-556
-538
-493
-414
-325
-202
-122
-73
-32
-35
-38
-52
-72
-69
-57
-95
-134
-163
-207
-215
-231
-235
-198
-221
-262
-283
-307
-319
-310
-309
-301
-297
-295
-291
-253
-161
-112
-54
1
19
59
89
102
135
173
216
202
208
248
281
312
325
314
255
149
50
-10
-66
-101
-121
-148
-150
-129
-89
-34
17
50
96
151
250
368
473
560
593
612
621
603
582
577
550
544
510
442
409
360
307
262
208
140
65
-16
-73
-144
-212
-280
-379
-448
-507
-542
-557
-536
-520
-500
-455
-427
-414
-372
-289
-210
-128
-70
-51
-51
-50
-44
-6
11
-6
-64
-126
-172
-163
-138
-129
-126
-152
-162
-169
-165
-174
-177
-181
-181
-164
-127
-83
-77
-90
-94
-71
-16
21
61
103
96
126
169
191
202
211
206
197
211
206
209
194
132
80
19
-19
-58
-97
-132
-147
-160
-149
-104
-59
-5
29
54
76
138
207
293
375
404
380
364
349
334
349
367
381
342
318
281
238
207
151
72
-1
-47
-90
-120
-131
-146
-172
-191
-236
-313
-361
-382
-385
-351
-292
-238
-218
-204
-184
-153
-92
-11
30
37
65
73
74
91
91
69
39
11
-6
-16
-31
-39
-35
-31
-24
-27
-44
-79
-103
-93
-85
-98
-113
-121
-95
-60
-16
13
29
34
7
3
32
83
131
138
146
129
116
130
113
92
52
-17
-84
-103
-138
-175
-186
-201
-224
-223
-218
-219
-166
-111
-61
-2
41
59
80
113
152
201
216
209
167
151
154
148
179
216
190
164
133
94
77
70
30
-19
-70
-110
-136
-143
-156
-176
-187
-207
-231
-245
-236
-225
-187
-139
-95
-58
-15
-2
12
23
31
84
122
148
161
149
141
128
124
124
111
110
100
81
74
74
70
61
56
53
31
23
7
-2
-4
-11
-3
18
44
62
82
92
110
112
105
111
124
141
136
129
94
69
33
-7
-21
-49
-72
-75
-76
-103
-112
-133
-177
-187
-213
-238
-233
-204
-157
-120
-60
-25
11
22
33
42
38
50
33
46
80
101
92
99
117
115
90
67
23
-42
-92
-118
-146
-146
-153
-185
-215
-251
-266
-252
-231
-205
-173
-165
-169
-160
-122
-79
-52
-52
-39
-16
10
34
72
118
133
149
137
130
140
131
123
137
121
127
132
118
114
108
84
76
78
64
87
107
91
90
105
83
72
63
69
59
69
97
116
152
132
118
132
111
87
47
15
-12
-44
-65
-76
-98
-125
-111
-118
-113
-80
-102
-105
-123
-138
-143
-130
-109
-91
-50
-2
14
21
27
41
54
56
93
137
137
139
147
150
155
147
140
88
48
26
-12
-21
-31
-39
-91
-127
-147
-184
-174
-194
-214
-210
-199
-177
-168
-149
-112
-90
-78
-60
-49
-30
-14
-22
-14
12
21
29
42
53
49
44
42
48
50
45
45
41
35
39
19
-15
-23
-20
-9
-17
-26
2
6
11
31
26
52
65
61
68
72
75
74
74
68
47
14
-10
-42
-55
-51
-46
-34
-42
-39
-28
-45
-68
-73
-100
-115
-101
-97
-85
-51
-12
1
30
40
55
68
74
79
101
119
115
138
148
168
191
194
212
194
167
138
91
54
26
15
-17
-48
-80
-103
-112
-113
-126
-117
-99
-102
-77
-47
-38
-24
-45
-61
-65
-67
-31
-16
-15
-22
-22
-14
-14
3
14
12
12
17
12
19
33
28
38
33
15
2
-33
-50
-47
-44
-41
-29
-28
-32
-42
-51
-53
-45
-20
18
28
42
62
70
74
62
33
15
8
-14
-17
-19
-20
-24
-20
-20
-15
-13
-12
-23
-39
-35
-49
-53
-62
-93
-94
-75
-48
-4
34
59
72
104
127
151
168
156
142
107
101
115
126
134
129
94
57
30
3
4
-22
-42
-66
-84
-98
-110
-115
-129
-131
-123
-108
-100
-79
-54
-13
12
28
57
71
71
53
52
44
38
33
24
8
29
51
58
74
69
49
25
13
16
4
-18
-39
-78
-113
-111
-102
-83
-84
-103
-120
-120
-123
-125
-122
-113
-104
-106
-93
-78
-60
-47
-60
-91
-102
-114
-130
-142
-155
-165
-153
-139
-126
-91
-73
-71
-72
-67
-58
-79
-98
-110
-100
-78
-50
-6
27
57
107
151
166
185
199
197
216
219
231
206
196
191
158
155
168
180
168
143
121
131
123
105
106
105
114
119
85
78
75
52
40
46
77
110
139
151
166
175
175
156
150
142
131
120
115
100
98
98
78
82
79
60
43
22
2
-19
-31
-45
-59
-64
-84
-123
-148
-178
-200
-200
-182
-176
-170
-155
-162
-168
-158
-148
-136
-138
-153
-147
-146
-141
-146
-149
-154
-169
-170
-160
-156
-157
-153
-164
-149
-130
-133
-139
-141
-146
-168
-163
-132
-118
-88
-58
-20
8
31
61
67
70
76
91
79
64
63
89
113
123
123
121
110
86
77
90
79
76
80
69
68
57
54
61
69
74
78
78
74
89
115
120
131
144
154
165
182
165
169
153
127
114
104
108
91
86
66
67
60
53
40
1
-12
-21
-30
-42
-49
-76
-108
-136
-153
-156
-150
-156
-166
-167
-153
-137
-129
-125
-148
-142
-157
-153
-127
-108
-100
-110
-102
-95
-90
-85
-78
-66
-58
-57
-62
-64
-51
-56
-58
-50
-45
-31
-37
-18
-6
11
41
82
117
120
130
133
132
134
139
141
131
99
83
81
91
110
114
106
108
86
69
71
64
53
26
-3
-5
4
11
9
18
13
8
2
1
20
29
43
65
60
64
72
66
63
55
42
44
42
21
45
60
63
75
82
62
36
13
-20
-48
-68
-82
-88
-99
-100
-94
-119
-123
-128
-124
-121
-136
-130
-135
-130
-114
-97
-88
-68
-64
-71
-79
-103
-100
-88
-63
-37
-37
-48
-56
-62
-61
-54
-58
-43
-31
-38
-35
-20
-10
-2
7
25
60
83
108
121
110
114
112
104
118
118
125
125
109
116
109
94
73
57
46
60
74
70
60
45
30
9
-8
-2
-8
-34
-45
-46
-38
-10
8
10
5
5
16
18
31
35
30
9
0
-7
-2
4
-1
-7
-7
-6
-8
-10
-16
-17
-5
-17
-36
-58
-97
-132
-124
-125
-132
-92
-75
-68
-59
-41
-48
-49
-66
-65
-48
-44
-34
-22
-24
-37
-33
-24
-12
-2
21
34
25
29
25
31
32
38
40
28
11
14
25
24
38
58
80
96
112
116
123
123
134
118
107
110
91
76
67
74
63
60
46
29
27
27
29
54
58
62
54
35
3
-8
-28
-46
-50
-78
-90
-98
-74
-71
-54
-42
-48
-47
-37
-37
-30
-2
-13
-3
-10
-15
-21
-33
-32
-38
-22
-18
-24
-20
-25
-38
-46
-68
-76
-91
-117
-121
-127
-127
-131
-136
-127
-115
-105
-107
-108
-101
-97
-88
-79
-60
-46
-41
-20
-14
-18
-12
1
11
3
9
12
6
11
13
33
46
46
40
49
52
37
31
43
58
83
96
116
131
137
146
157
163
157
146
139
125
113
124
133
133
123
121
116
107
104
109
111
102
77
66
52
22
6
-8
-35
-64
-70
-83
-79
-60
-58
-40
-29
-20
-18
-8
-9
-13
-25
-36
-30
-34
-26
-16
-20
-12
4
-4
-2
-1
3
0
-19
-35
-63
-73
-84
-94
-98
-104
-99
-110
-137
-144
-153
-176
-172
-163
-145
-125
-108
-117
-109
-92
-92
-79
-74
-71
-74
-69
-62
-54
-53
-40
-24
-16
4
11
13
8
-8
-21
-41
-29
-14
-3
25
54
69
78
81
78
102
114
131
138
146
160
170
172
179
179
165
167
145
131
141
148
145
133
115
105
83
60
35
18
6
-6
-33
-44
-53
-54
-51
-42
-28
-20
-12
-8
-2
10
6
1
-2
-22
-20
-4
-5
19
38
37
25
29
22
17
25
6
-10
-38
-52
-74
-76
-69
-74
-75
-94
-106
-114
-119
-107
-98
-80
-79
-61
-47
-35
-7
-1
-6
-10
-11
-21
-28
-14
-8
-8
2
10
16
14
9
-1
-6
-23
-25
-23
-38
-42
-35
-17
-13
-2
13
20
22
22
34
28
19
24
41
51
54
63
68
64
78
70
69
55
36
34
24
16
5
2
-37
-52
-60
-64
-55
-65
-65
-64
-68
-61
-58
-43
-23
-20
-7
-6
1
14
27
26
28
44
44
59
76
83
96
92
98
100
76
56
29
19
6
0
-3
-21
-27
-36
-44
-35
-29
-39
-57
-56
-44
-56
-57
-60
-51
-51
-58
-58
-40
-33
-26
-18
-11
-12
-30
-38
-30
-23
-15
-16
-14
-15
-23
-25
-34
-43
-50
-64
-65
-51
-32
-26
-9
0
14
34
45
45
42
42
46
51
63
65
60
58
58
61
63
71
62
39
27
22
5
0
-14
-17
-29
-35
-51
-56
-62
-68
-54
-59
-32
-27
-21
-2
10
38
59
57
63
65
52
46
51
53
53
56
61
81
97
102
98
87
74
45
34
25
11
-8
-28
-19
-37
-42
-45
-41
-39
-48
-52
-34
-34
-49
-39
-23
-30
-13
-10
-17
-13
-14
-11
-7
-13
-24
-23
-31
-26
-28
-19
-12
-21
-11
-23
-36
-37
-33
-34
-22
-17
4
6
11
20
28
32
27
38
14
15
31
36
26
49
64
57
41
37
26
8
-2
-16
-14
-22
-29
-25
-11
-7
3
-9
-25
-38
-46
-53
-50
-39
-36
-40
-45
-38
-25
-13
4
20
17
5
6
-1
-5
1
10
19
9
0
4
17
27
34
29
9
0
-17
-39
-37
-30
-31
-33
-46
-57
-70
-69
-53
-48
-42
-38
-30
-20
-13
-18
-23
-36
-33
-34
-25
-6
-19
-14
-19
-27
-14
14
25
31
37
38
39
44
53
56
64
79
93
98
87
85
90
89
89
98
86
84
81
76
80
90
98
84
78
72
54
61
74
63
39
27
8
-2
1
10
22
20
17
6
-1
-5
-15
-35
-37
-47
-69
-77
-73
-72
-57
-53
-52
-60
-51
-50
-70
-80
-84
-67
-68
-59
-33
-27
-27
-32
-40
-61
-68
-78
-83
-76
-89
-91
-93
-101
-106
-95
-99
-109
-107
-108
-102
-85
-73
-68
-48
-45
-45
-39
-32
-38
-32
-31
-24
-16
-17
3
14
32
41
51
66
74
87
98
96
90
77
64
61
56
58
63
54
69
92
104
102
114
112
113
123
123
121
118
115
97
84
87
70
60
57
37
50
50
52
62
52
49
45
35
35
41
31
18
7
4
1
-6
-12
-18
-15
-27
-28
-14
-18
-35
-32
-26
-31
-13
-2
-8
-12
-3
-27
-46
-56
-64
-69
-79
-95
-96
-96
-107
-102
-107
-118
-120
-112
-110
-110
-124
-113
-124
-114
-99
-93
-82
-78
-69
-51
-31
-27
-28
-21
-18
-6
-5
-7
1
0
14
13
23
37
43
23
16
29
28
41
60
70
74
78
82
79
81
89
89
88
90
82
88
90
79
74
64
50
49
51
42
34
29
32
43
40
46
38
47
46
39
44
24
3
-15
-28
-33
-28
-32
-40
-34
-19
-17
-12
-23
-24
-17
-41
-38
-18
-33
-52
-53
-48
-42
-38
-31
-34
-27
-27
-29
-24
-29
-30
-36
-42
-50
-52
-54
-55
-60
-64
-66
-75
-81
-77
-74
-54
-41
-33
-21
-10
0
18
32
36
59
53
44
47
45
43
46
53
46
47
45
48
62
69
84
91
71
71
68
62
75
83
83
77
47
25
17
15
24
23
34
36
22
18
26
32
28
11
-8
-18
-22
-33
-35
-41
-52
-54
-64
-64
-51
-58
-54
-52
-44
-40
-39
-44
-42
-31
-33
-40
-42
-48
-50
-27
-21
-17
-30
-24
-20
-21
-11
-14
-24
-25
-9
-20
-18
-26
-40
-31
-29
-10
5
3
8
10
-12
-17
-32
-39
-33
-16
3
20
28
27
25
22
31
34
22
20
14
17
35
53
60
61
45
39
43
26
29
40
50
53
52
44
40
45
48
39
36
29
12
24
23
23
29
12
14
0
-1
1
14
18
15
17
11
10
4
13
15
0
-3
-19
-27
-31
-34
-51
-63
-45
-42
-29
-23
-34
-43
-52
-50
-54
-37
-38
-42
-36
-16
-21
-16
-13
-24
-32
-31
-20
-9
9
1
-1
-8
-9
-8
-3
-8
-21
-18
-16
-26
-12
-12
-18
-23
-29
-27
-48
-42
-33
-30
-25
-31
-38
-17
-5
4
11
3
-8
-10
3
0
17
16
15
22
21
28
37
34
33
39
36
40
26
29
21
14
20
13
24
16
32
26
21
23
26
30
37
48
48
38
33
44
