1
73
64
79
77
71
62
48
63
56
56
58
46
44
54
69
67
61
54
53
45
35
32
17
21
10
0
-11
-13
-8
-16
-17
-17
-27
-27
-19
-27
-30
-36
-31
-28
-29
-18
-7
-6
-11
-18
-12
-15
-15
-18
-17
-28
-41
-42
-51
-50
-52
-61
-56
-52
-51
-40
-49
-60
-66
-53
-59
-58
-50
-56
-47
-57
-41
-38
-42
-42
-41
-43
-44
-41
-47
-25
-30
-30
-16
-17
-17
-22
-24
-10
-11
2
9
4
11
5
2
4
3
7
1
-5
-6
-12
-3
-4
-5
13
13
19
11
15
35
34
36
44
46
34
32
24
29
38
38
44
48
60
60
43
42
20
21
29
22
24
29
42
42
53
51
50
44
35
41
38
41
43
41
34
37
37
38
42
50
53
64
58
52
45
36
32
21
23
6
9
-1
0
8
8
6
-1
-5
-18
-19
-20
-14
-13
-14
-23
-36
-42
-43
-34
-27
-44
-53
-47
-53
-39
-58
-63
-68
-56
-46
-42
-47
-65
-55
-46
-47
-42
-40
-39
-46
-53
-54
-49
-47
-55
-48
-52
-60
-49
-29
-19
-1
-4
-9
-6
-7
-14
-3
-2
14
17
13
19
22
21
22
27
19
17
29
23
13
14
13
24
28
35
46
45
46
39
41
32
21
20
18
20
13
1
10
22
31
40
40
26
25
25
24
18
18
25
12
13
16
11
11
-2
-11
-6
-9
-11
-20
-33
-36
-34
-31
-21
-6
4
18
21
23
15
1
-11
-12
-10
-14
-8
-14
-11
-12
-22
-15
-15
-11
-12
-12
9
13
11
7
6
2
1
7
7
6
0
-4
-11
-11
-1
2
0
10
6
3
5
-1
2
-4
-8
-3
-1
12
11
3
-6
-13
-18
-11
-1
-16
-19
-25
-35
-27
-23
-32
-25
-22
-22
-22
-25
-5
0
4
13
21
12
1
0
-2
10
19
25
18
12
16
5
2
18
23
31
30
31
38
28
22
19
3
-8
-9
-4
3
-1
-5
1
-4
8
23
24
27
26
27
27
17
13
15
17
12
-5
-6
-7
-16
-22
-16
-13
-9
-15
-11
-9
-11
-9
-4
-6
-12
-16
-26
-30
-26
-15
-11
-1
-3
-6
-16
-21
-29
-26
-24
-25
-30
-43
-44
-39
-20
-20
-23
-30
-28
-13
-4
-2
-5
-22
-34
-35
-30
-15
-22
-19
-15
0
23
33
32
37
24
29
39
36
44
38
38
21
27
44
46
37
45
56
47
46
48
37
41
26
9
18
17
16
13
11
13
10
3
-4
-13
-1
-4
-6
5
2
-11
-14
-13
-13
-12
-20
-18
-20
-21
-10
-17
-14
-13
-29
-39
-30
-29
-45
-48
-52
-48
-46
-56
-43
-38
-33
-32
-34
-30
-36
-43
-35
-20
-8
-3
-1
-11
-4
8
13
13
8
16
3
3
15
21
25
18
37
61
58
52
46
32
36
30
20
25
33
43
33
31
29
41
50
58
56
45
42
30
35
28
43
48
45
43
46
41
38
36
18
6
2
9
3
9
-2
-6
4
7
4
7
11
-9
-17
-16
-21
-29
-38
-40
-55
-61
-60
-65
-65
-47
-39
-44
-53
-51
-47
-52
-50
-54
-57
-61
-66
-75
-66
-68
-86
-96
-91
-78
-65
-59
-38
-39
-43
-45
-37
-17
-12
4
9
4
6
10
19
26
27
19
9
4
10
24
40
46
37
55
65
83
84
84
89
88
79
46
35
33
37
42
61
65
47
43
33
25
28
40
57
62
32
28
23
20
44
58
79
93
100
102
88
92
99
101
100
103
113
120
111
107
88
66
38
14
17
-5
-37
-80
-126
-181
-228
-262
-295
-292
-297
-305
-335
-346
-356
-366
-346
-345
-336
-320
-287
-233
-192
-161
-145
-144
-120
-80
-32
16
67
98
121
127
151
165
166
196
193
193
212
199
169
168
187
200
194
193
194
165
141
138
140
152
185
199
208
211
192
159
157
172
195
225
223
178
142
104
90
84
74
69
65
61
43
69
142
184
154
74
12
-32
-22
29
127
243
308
254
111
8
-40
3
63
79
45
-27
-160
-322
-428
-464
-459
-478
-523
-548
-552
-597
-676
-733
-777
-758
-684
-608
-545
-483
-472
-518
-549
-491
-333
-164
-65
-2
15
33
86
175
275
367
431
426
405
431
494
538
561
549
503
440
392
336
301
270
211
154
94
99
111
81
38
-16
-69
-88
-53
-30
2
7
9
4
6
53
67
67
49
46
59
120
152
148
136
68
18
-2
39
107
128
88
26
-25
-50
-37
9
57
92
146
321
519
592
433
211
160
268
473
737
1015
1116
887
452
100
44
303
644
768
562
125
-397
-824
-952
-757
-474
-430
-699
-1088
-1381
-1518
-1518
-1412
-1262
-1113
-1020
-1038
-1104
-1111
-1092
-1064
-940
-639
-243
11
-20
-228
-357
-274
4
407
780
935
830
554
332
399
731
1086
1244
1185
938
641
441
347
457
634
721
621
436
247
90
-70
-141
-58
114
193
71
-157
-394
-556
-541
-283
0
180
113
-197
-481
-510
-337
-83
91
145
40
-197
-368
-327
-123
95
179
114
-44
-180
-235
-226
-144
-22
111
150
94
54
99
315
701
1072
1076
701
360
348
621
1002
1473
1822
1760
1155
404
41
320
1034
1506
1389
644
-390
-1188
-1402
-1014
-260
50
-465
-1438
-2267
-2480
-2173
-1709
-1380
-1323
-1599
-1965
-2119
-1980
-1599
-1271
-1085
-962
-703
-417
-342
-479
-609
-479
-48
504
962
1172
960
516
278
512
1097
1749
1982
1638
996
540
408
597
999
1292
1268
821
305
96
203
355
337
277
284
268
84
-168
-378
-464
-413
-269
-37
71
-92
-525
-825
-708
-271
131
188
-110
-468
-726
-772
-496
-44
280
107
-336
-677
-621
-301
39
186
141
-28
-199
-253
-91
218
514
896
1391
1785
1626
845
229
463
1301
2154
2617
2774
2453
1434
300
70
990
2345
2969
2301
651
-999
-1823
-1621
-592
573
807
-531
-2661
-3977
-3787
-2622
-1568
-1215
-1737
-2839
-3750
-3860
-3045
-1891
-1289
-1519
-2060
-2286
-1881
-1294
-984
-744
-396
-118
58
337
657
786
729
771
1203
1848
2241
2072
1435
835
890
1547
2062
2042
1549
906
214
-82
315
1123
1458
916
32
-584
-663
-365
-8
131
-85
-562
-1004
-1184
-923
-462
-301
-482
-566
-455
-359
-405
-424
-257
-114
-91
-36
127
257
107
-110
-79
256
746
937
780
522
370
386
490
748
1032
1132
1130
1534
2368
2777
1958
720
582
1595
2671
3121
3260
3052
2050
654
32
864
2640
3551
2733
617
-1473
-2337
-1994
-775
566
785
-993
-3876
-5672
-5135
-3113
-1534
-1366
-2587
-4420
-5616
-5315
-3627
-1799
-1081
-1929
-3437
-3968
-2951
-1362
-216
-16
-344
-684
-783
-306
870
1930
2101
1835
1718
2043
2561
2799
2647
2431
2578
2817
2757
2163
1610
1196
955
943
1231
1649
1255
123
-1087
-1362
-703
94
169
-400
-1262
-1963
-2061
-1507
-580
-62
-566
-1637
-2046
-1455
-451
166
212
-27
-334
-668
-603
16
810
987
556
39
22
490
762
865
931
917
733
556
386
520
682
1066
2212
3284
3060
1183
-568
-174
1824
3278
3474
3269
2648
1276
-134
44
1973
3850
3888
1973
-561
-2211
-2270
-1286
26
718
-198
-2875
-5518
-5864
-3810
-1486
-1133
-2536
-4448
-5851
-5843
-4172
-1841
-593
-1419
-3410
-4545
-3768
-1461
492
848
34
-826
-1259
-956
487
2268
3070
2515
1552
1286
1841
2776
3586
4038
3817
3037
2235
1748
1773
2269
2731
2642
2012
1109
476
94
34
417
910
819
-169
-1278
-1883
-1675
-905
-174
12
-638
-1868
-2770
-2428
-1019
365
518
-493
-1686
-2031
-1227
-48
816
1164
548
-659
-1342
-879
393
1245
1167
545
-66
-278
-190
222
767
1100
939
860
1561
2566
2430
578
-440
939
3108
3560
2593
2120
2152
1625
681
980
2526
3588
2769
885
-757
-1498
-1251
-731
-107
86
-1135
-3608
-5428
-4824
-2532
-1223
-1962
-3717
-5168
-5634
-4935
-3140
-1435
-1317
-2901
-4702
-4844
-2936
-499
595
-16
-1156
-1697
-1546
-583
1091
2476
2404
1324
569
981
1960
3199
4455
4683
3557
1678
1051
1897
3355
3966
3679
2674
1162
358
411
1263
2172
2326
1290
-288
-1665
-2068
-1250
-13
713
99
-1588
-3336
-3913
-2787
-942
305
11
-1693
-3435
-3537
-1857
191
1022
416
-985
-2038
-1867
-508
1100
1646
939
-214
-679
-189
788
1543
1725
1374
1023
824
895
1312
2526
3589
3316
1380
-96
796
2826
3665
2986
2707
2844
2202
883
998
2585
3967
3609
1951
235
-998
-1116
-562
325
706
-305
-2765
-4802
-4561
-2550
-1029
-1460
-3126
-4791
-5655
-5024
-2959
-1134
-1265
-3247
-5055
-5068
-3141
-793
108
-752
-2163
-2723
-2130
-705
1078
1996
1272
173
168
1238
2339
2949
3260
3049
1975
1184
1753
3009
3606
2943
1894
1135
817
962
1417
1954
1889
926
-512
-1209
-963
-295
-102
-371
-795
-1683
-2443
-2322
-1383
-679
-774
-1316
-1817
-2186
-2135
-1240
-83
259
-368
-1242
-1554
-1058
-25
972
1275
675
-84
-328
59
922
1752
1872
1070
275
86
407
1069
1667
2683
3203
2397
241
-1080
224
2895
4029
3083
2234
2130
1791
825
1056
2801
4180
3606
1694
-151
-1234
-1156
-144
1077
1217
-440
-3242
-5006
-4128
-1621
-89
-1049
-3459
-5503
-5872
-4223
-1676
-392
-1654
-4139
-5680
-4825
-2236
5
363
-1070
-2696
-3153
-1954
185
1901
2251
1048
-225
-54
1277
2543
3368
3628
3133
2087
1119
1572
2950
3854
3296
2236
1477
1089
1070
1595
2457
2334
1101
-312
-589
-30
350
102
-298
-511
-1018
-1703
-1906
-1326
-856
-1192
-1607
-1532
-1427
-1702
-1680
-815
-201
-748
-1701
-1891
-1039
-59
493
406
-178
-760
-784
-172
573
1243
1097
338
-356
-370
321
855
1027
1196
2066
2673
1755
-442
-1173
989
3671
3942
2256
1520
1862
1653
994
1783
3663
4304
2747
543
-728
-810
43
986
1321
583
-1516
-3823
-4318
-2404
8
133
-2327
-4989
-5621
-4276
-2225
-880
-1319
-3328
-5138
-5129
-3131
-681
257
-1005
-2987
-3605
-2258
-231
1109
1336
608
-556
-713
825
2661
3058
2178
1622
1990
2225
2012
2377
2912
2820
2102
1616
1520
1583
1663
1822
1932
1339
484
67
399
828
812
215
-420
-738
-920
-868
-596
-588
-1200
-1674
-1195
-665
-917
-1485
-1227
-610
-766
-1335
-1383
-897
-582
-488
-280
43
-9
-334
-388
107
781
1015
522
-110
-269
35
398
711
1213
1554
1825
1634
877
-269
-107
1809
3493
2853
1286
1286
2292
2387
1667
2083
3031
3227
2293
1091
345
35
440
1059
1037
174
-1255
-2599
-2838
-1659
-432
-1119
-3183
-4473
-4093
-2985
-2174
-1914
-2678
-3919
-4497
-3862
-2380
-1103
-871
-1681
-2791
-2888
-1701
-340
468
684
529
126
87
712
1465
1918
2283
2948
2598
1289
687
1714
3069
3242
2641
1916
1059
354
816
2168
2766
1647
-81
-963
-583
222
503
282
-183
-885
-1837
-2147
-1272
-288
-499
-1566
-1985
-1874
-1883
-1602
-611
-61
-957
-2301
-2377
-1156
65
525
154
-684
-1356
-1285
-361
803
1388
922
-367
-1031
-692
410
1142
1201
741
247
948
1913
2061
595
-56
1509
3314
2970
1754
2236
3332
2800
1455
1956
3648
4661
3657
1816
389
-3
850
1852
2099
1459
-317
-2685
-3672
-2004
280
116
-2229
-4203
-4464
-3817
-3080
-2270
-2172
-3140
-4273
-4491
-3311
-1713
-959
-1702
-2883
-2862
-1650
-582
-108
255
353
-219
-519
468
1726
2048
1690
1473
1255
816
904
1928
2846
2682
1849
1143
596
511
1334
2195
1861
600
-382
-405
145
454
438
11
-707
-1336
-1505
-976
-44
276
-760
-1822
-1713
-950
-780
-858
-295
-230
-1270
-1929
-1079
312
624
66
-454
-823
-907
-396
531
1039
737
-108
-673
-416
366
1042
964
576
397
940
2051
2657
1749
-78
86
2335
4039
3173
1986
2386
3104
2469
1829
3024
4427
4222
2405
831
204
518
1299
1620
1076
-284
-2120
-3587
-3291
-1253
-130
-1672
-4134
-5093
-4555
-3835
-3155
-2562
-2824
-4025
-5069
-4736
-3065
-1479
-1258
-2328
-3110
-2674
-1670
-876
-335
282
373
-408
-678
265
1659
2377
2386
1990
1100
579
1115
2491
3387
3092
2153
1167
800
1072
1973
2585
2250
1250
465
307
549
865
1003
905
255
-683
-1390
-989
31
369
-279
-1128
-1450
-1384
-1362
-845
245
364
-865
-1898
-1522
-326
272
50
-294
-653
-917
-525
314
684
400
-42
-319
-246
-57
98
226
525
681
994
1828
2061
860
-770
-88
2753
4072
2243
861
2090
3744
3151
1765
2230
3635
3840
2537
1384
740
531
609
889
1201
638
-1447
-3672
-3624
-1383
-4
-1426
-3897
-4906
-4548
-3811
-3065
-2157
-2171
-3673
-5000
-4711
-2724
-1106
-1096
-2136
-2792
-2368
-1626
-1042
-186
681
696
-145
-315
773
1728
1826
1833
2036
1913
1178
1091
2101
3148
3077
2215
1406
944
1164
1749
2213
2010
1000
56
0
614
1124
889
220
-422
-983
-1126
-587
32
-75
-1029
-1732
-1424
-1004
-835
-386
144
-155
-1429
-2054
-1243
-78
265
-82
-386
-781
-1172
-879
-20
669
529
-242
-973
-977
-482
16
275
369
356
1011
1740
1675
430
-410
1065
3261
3469
2003
1886
3055
3382
2293
2094
3262
4224
3645
2159
1184
701
865
1140
1219
825
-435
-2456
-3643
-2744
-881
-714
-2657
-4430
-4582
-3916
-3286
-2601
-2294
-2991
-4268
-4840
-3782
-1756
-727
-1341
-2542
-2819
-1941
-822
65
694
843
51
-634
18
1467
2591
2747
2321
1391
605
803
2094
3470
3659
2653
1351
554
697
1529
2247
2189
1438
297
-393
-397
221
683
717
366
-681
-1816
-2086
-988
274
182
-998
-1824
-1982
-1613
-819
144
325
-750
-2221
-2306
-904
288
477
-223
-916
-1322
-1284
-664
214
619
127
-528
-692
-532
-233
179
922
1414
1642
1862
1804
955
25
1065
3427
4419
2861
1614
2350
3777
3668
2874
3163
3858
4071
3063
1831
992
635
723
852
916
299
-1618
-3648
-3804
-1972
-777
-1889
-3937
-4997
-4632
-3799
-3124
-2744
-3049
-3993
-4734
-4399
-2834
-1308
-1225
-2310
-2787
-2039
-1111
-675
-252
283
407
10
171
1090
1751
1744
1636
1570
1382
1223
1420
2416
3007
2543
1247
374
611
1481
2003
1969
1416
395
-364
-265
500
1047
972
106
-730
-1169
-1081
-206
521
440
-388
-1225
-1356
-839
-149
374
529
-17
-1189
-1715
-1162
-119
575
251
-531
-1188
-1525
-1120
-12
693
378
-496
-1107
-1158
-504
56
497
763
1191
1696
1391
377
-326
1132
3387
4108
2798
2012
2499
3176
2919
2633
3432
4042
3784
2332
1041
358
257
605
953
739
-526
-2523
-4011
-3593
-2032
-1281
-2052
-3808
-5255
-5242
-4025
-2774
-2357
-2962
-3722
-4165
-3929
-2617
-1026
-457
-1233
-2011
-1994
-1263
-223
734
1296
1244
795
552
1093
1912
2530
2699
2202
1779
1614
1739
2220
2573
2464
1923
1281
751
984
1699
2126
1613
439
-235
-128
346
482
658
468
-283
-1053
-1132
-288
456
311
-416
-787
-752
-882
-775
-185
386
24
-1268
-1915
-1127
-171
-5
-490
-1058
-1305
-1547
-1388
-884
-257
-476
-1190
-1508
-1125
-538
-314
-93
375
1752
2317
1538
-333
-454
1967
4352
4287
2807
2689
3158
3003
2073
2686
4119
4643
3653
1877
441
-469
-383
450
1342
998
-1213
-4003
-5026
-3512
-1564
-1226
-2407
-4128
-5518
-5691
-4020
-1897
-1439
-2751
-4098
-4261
-3396
-1876
-432
85
-540
-1349
-1564
-1025
235
1553
1974
1276
714
856
1252
1768
2466
3132
2679
1296
311
546
1711
2642
2599
1721
568
-376
-483
600
1908
1917
412
-804
-692
-87
236
557
1049
682
-419
-1308
-1075
-171
248
287
314
14
-1055
-1782
-977
729
1246
-130
-1571
-1603
-872
-508
-401
-427
-714
-1374
-1809
-1391
-527
-207
-705
-1274
-1080
-389
-25
93
1707
3417
2995
83
-1305
1153
4488
5205
3750
3530
3911
2956
1090
1544
4132
5844
4705
1668
-572
-1497
-1234
-154
1308
1884
-302
-4455
-6768
-5023
-1584
-388
-2023
-4028
-5256
-5753
-4943
-2664
-592
-805
-2913
-4466
-3856
-1574
215
465
161
57
-253
-932
-642
1416
3202
2747
1292
814
1044
1247
1951
3037
3403
2094
127
-701
-100
1226
1937
1602
304
-719
-1227
-1088
-240
850
1134
75
-1061
-1554
-1101
-434
408
1074
934
46
-1146
-1574
-876
564
1554
1377
88
-1373
-1701
-679
775
1104
68
-1265
-1943
-1714
-1150
-529
-473
-895
-1514
-1882
-1814
-1276
-739
-637
-716
-594
26
185
1284
3039
3814
1984
-166
916
3764
5104
4178
4167
4876
3974
1658
950
2663
4792
5162
3176
455
-1877
-2560
-1819
-414
825
172
-2903
-6464
-6927
-4240
-1610
-1295
-2844
-4609
-5793
-5561
-3602
-1244
-212
-845
-2372
-3227
-1997
367
1665
1353
1014
1337
1121
338
819
2701
3537
2763
1887
1361
1117
1324
2050
2550
1921
548
-575
-1173
-976
54
1042
410
-1020
-1776
-1537
-929
-457
371
1159
985
-469
-1523
-866
899
2337
2421
1804
883
-232
-834
153
2020
2838
1455
-744
-1574
-1102
-263
51
-122
-595
-1520
-2237
-2433
-1690
-999
-985
-1536
-1906
-1848
-1816
-1465
-986
-457
-353
-275
2
1760
3936
4311
2075
-59
1136
4090
5497
4587
4356
4844
4039
1766
561
1893
3712
4313
2917
568
-2031
-3740
-3634
-2114
-166
-116
-2808
-6388
-7630
-5967
-3522
-2126
-2262
-3376
-4926
-5630
-4298
-1749
57
248
-693
-1583
-1164
243
1502
1946
2097
2450
2409
1728
1318
1731
2404
2482
2401
2049
1212
357
279
1123
1476
751
-438
-1375
-2060
-1732
-647
141
-191
-1229
-1475
-909
-461
-147
963
1982
1850
651
-413
118
1767
3281
3705
2957
1315
-330
-611
532
2370
2661
707
-1359
-1879
-1222
-903
-958
-999
-1250
-2077
-2993
-2734
-2103
-1852
-1849
-1935
-1747
-1371
-1185
-1188
-1232
-448
843
2374
4044
4666
2895
152
194
3802
6430
5705
4641
4762
3984
1528
1
1291
3582
4159
2612
-115
-2811
-4388
-4220
-3135
-1470
-668
-2712
-6224
-7833
-6134
-3694
-2833
-3148
-3179
-3232
-3616
-3346
-2223
-479
930
1292
1020
951
1283
1615
1849
2657
3992
4240
2796
1334
1403
2191
2376
2117
1899
1267
-88
-1096
-857
-323
-543
-1127
-1752
-2329
-2583
-2485
-2236
-1885
-1102
-72
249
-534
-1110
-503
1175
2580
2626
2037
1279
1016
1478
2758
4042
3712
1722
-266
-445
626
1188
736
-131
-918
-1643
-2334
-2460
-1758
-1282
-1710
-2408
-2766
-2544
-2252
-2178
-1737
-902
-377
-602
-957
-788
452
1651
3058
4945
5451
3501
880
1074
4118
6380
5521
4227
4283
3842
1926
-280
-549
1212
2652
1686
-783
-3484
-5331
-5738
-4989
-2916
-1613
-3215
-6552
-7946
-6274
-3858
-2456
-2326
-2359
-2328
-2331
-1679
-576
731
1952
2717
2810
2707
2671
2431
2461
3271
4558
4931
3467
1320
452
901
1510
1769
1142
18
-1140
-1888
-1834
-1606
-1640
-2079
-2539
-2577
-2182
-2051
-2485
-2706
-1919
-284
1100
1288
520
104
900
2045
2725
2892
2767
2457
2032
1881
2096
2013
1132
338
348
292
-574
-1553
-2026
-1865
-1393
-1404
-2009
-2692
-2683
-2060
-1794
-1762
-1517
-1137
-1090
-961
-260
406
678
711
1328
2300
4047
6186
6583
4001
1145
1778
4856
6505
5598
5003
4550
2507
-180
-1432
-746
377
780
-245
-2448
-5031
-6702
-6927
-6093
-4214
-2943
-4118
-6585
-7383
-5806
-3826
-2717
-2257
-1590
-1109
-544
378
983
1405
2067
3156
4216
4764
4545
3480
2254
2350
3966
4902
3696
1482
-112
-576
-201
366
258
-807
-2255
-2870
-2514
-2089
-1931
-1815
-1953
-2659
-2905
-2058
-935
-522
-369
458
1525
1879
1253
602
1106
2616
3526
3082
1854
933
860
1297
1692
1299
-101
-1720
-2145
-1544
-1117
-1650
-2695
-3423
-3599
-2866
-1800
-1213
-1573
-1953
-1437
-766
-508
-246
226
744
1375
2142
2544
2310
2089
3113
5676
7779
7006
3725
1513
2486
4582
4719
4324
4876
4444
1645
-2250
-4126
-3151
-1171
-313
-1268
-3617
-6366
-8038
-8359
-6980
-4343
-2893
-3897
-5785
-6016
-4599
-3173
-2472
-1413
177
1249
1617
1639
1851
2302
3016
3796
4528
5013
4799
3652
2133
1901
2822
3027
1659
27
-743
-944
-1010
-1240
-1626
-2332
-2834
-2595
-2126
-1750
-1413
-1172
-1489
-1741
-1219
-393
-136
-15
1293
3154
3415
2033
956
1143
2101
2686
2715
2454
1505
-19
-906
-410
399
-214
-2018
-3028
-2630
-2074
-2545
-3408
-3305
-2502
-2168
-2082
-1559
-664
-220
-328
160
1149
1678
1420
1172
1762
3050
3880
3797
3348
3439
5178
7284
7383
4688
2027
2254
3866
3935
3177
3452
3547
1626
-1698
-3867
-4144
-3419
-2989
-2742
-3140
-4556
-6779
-8812
-8746
-6271
-3629
-3130
-4014
-4277
-3627
-3404
-3258
-2295
-471
1342
2408
2779
2487
1899
1562
2093
3509
5063
5257
3534
1188
254
1205
1945
1383
253
-482
-885
-1141
-1194
-1393
-2009
-2673
-2364
-1038
-100
-135
-507
-682
-580
40
1180
1988
1818
1437
2297
3512
3399
1988
961
1294
2080
2453
2008
512
-1317
-2097
-1549
-631
-822
-2283
-3543
-3631
-3154
-2889
-2930
-2787
-2423
-2099
-1649
-902
-318
-102
40
755
1715
2277
2232
2083
2447
3192
3648
3831
3764
4100
5936
7785
7369
4460
2062
2175
3250
3061
2949
3934
3860
1190
-2919
-5315
-4912
-3248
-2340
-2867
-4537
-6174
-7387
-8261
-8022
-6448
-4762
-4390
-4245
-3289
-2260
-2486
-3520
-3384
-1410
1298
3368
3804
2519
1068
639
1226
2747
4575
5265
3917
1644
476
537
608
449
601
838
609
-4
-937
-1876
-2394
-1946
-885
-16
469
641
615
462
335
362
765
1251
1992
3167
3798
3187
1811
987
1179
1335
722
552
977
588
-874
-2398
-2826
-2595
-3031
-3729
-3581
-2864
-2443
-2953
-3654
-3636
-2897
-2153
-1315
-265
493
570
71
3
818
2045
2752
3038
3264
3422
3727
3746
3739
5084
7161
7770
5950
3704
3437
4088
3170
1892
2748
4265
3757
516
-3086
-4845
-4887
-3949
-2994
-2850
-3802
-5382
-7544
-8858
-8112
-5975
-4320
-3637
-3016
-2436
-2587
-3500
-3320
-1895
-53
1759
2847
2705
1582
866
977
1571
2290
3221
3770
3075
1763
878
404
-235
-521
-20
802
1271
709
-703
-1848
-2044
-1141
-30
561
910
1284
1469
1394
1227
1135
1166
1319
1996
3342
4318
3758
2188
759
407
677
569
342
151
-342
-1465
-2555
-3140
-3463
-3973
-4328
-3790
-3052
-3037
-3594
-3750
-3020
-2300
-2201
-1879
-763
439
1152
1237
1094
1016
1201
1841
2823
4096
4569
4329
3714
3811
5594
7547
7475
5470
4114
4105
3920
2477
2197
3877
4827
3066
-730
-3750
-5055
-4920
-3929
-2870
-3042
-4429
-6262
-7792
-8013
-7222
-5975
-4991
-3880
-2494
-1944
-2831
-3889
-3447
-1794
98
1611
2451
2079
697
-208
15
996
1923
2477
2480
1879
1053
296
-384
-743
-370
504
1282
1495
649
-655
-1382
-1036
121
891
1108
1199
1401
1530
1719
1610
1499
1677
1869
2458
3423
4050
3425
2109
1090
987
851
470
364
204
-246
-1292
-2036
-2593
-3296
-3965
-4270
-3777
-3066
-2781
-3078
-3445
-3407
-2858
-2266
-1427
-307
306
437
247
369
912
1506
1901
2507
3499
4309
4374
4450
5757
7186
6765
4881
4402
5576
5634
3787
2761
3725
4603
3187
195
-2256
-3583
-3681
-3213
-2829
-3204
-4450
-6194
-7507
-7476
-6547
-5862
-5621
-4670
-2915
-1871
-2620
-4078
-4210
-2437
-68
1467
2018
1784
785
-293
-505
484
1574
1923
1844
1714
1324
264
-849
-1354
-967
-144
583
1322
1377
295
-1273
-1770
-679
730
1320
1236
1609
2023
2015
1351
775
1088
2063
3183
3819
3808
3049
2115
1588
1318
857
265
154
297
175
-545
-1336
-2442
-3571
-4170
-4253
-3686
-3001
-2566
-2712
-2794
-2807
-3292
-4006
-3586
-1663
491
1516
1244
615
268
480
818
1291
2339
3678
4226
4589
6052
7738
7343
4659
3042
4039
5216
4614
3884
4700
5439
3892
465
-2214
-2957
-2548
-2361
-2460
-2659
-3441
-5086
-6941
-7407
-6521
-5496
-5128
-4602
-3371
-2624
-3160
-4175
-4045
-2544
-734
564
1210
1036
196
-567
-575
361
1177
1331
1182
1323
1397
648
-530
-1277
-801
109
853
1404
1487
1020
173
-644
-617
260
1434
2135
2085
1787
1646
1374
655
586
1500
2888
3497
3167
2562
2283
2037
1327
575
205
488
595
267
-260
-391
-900
-2441
-3745
-3670
-2684
-2476
-3033
-3240
-2819
-2896
-3675
-3708
-2671
-1273
-567
-514
-441
-299
-236
-318
197
1424
2594
2978
2924
3194
4192
5464
6112
5656
4689
4616
5339
5241
3949
3412
4217
4669
3420
1203
-529
-1764
-2546
-2665
-2186
-2158
-3363
-5057
-6115
-6100
-5601
-5363
-5405
-4802
-3725
-3242
-3721
-4236
-3803
-2679
-1516
-550
-12
-221
-960
-1310
-457
800
1419
1178
931
965
550
-25
-169
234
878
1296
1477
1397
1057
728
500
576
994
1596
1865
1826
1805
1798
1565
749
60
320
1617
2985
3361
2771
1755
1111
738
590
870
1291
1488
1057
244
-270
-381
-740
-1420
-1965
-2030
-1927
-2325
-2863
-2717
-2180
-2356
-3202
-3398
-2257
-1164
-1213
-1613
-1503
-1124
-1173
-933
-106
1070
1818
1756
1723
2412
3813
5134
5512
5046
4855
5067
4874
3806
3248
4136
5130
4876
3459
1871
224
-1333
-2131
-1932
-1492
-1933
-3183
-4274
-4655
-4756
-5170
-5696
-5512
-4767
-4126
-3953
-3903
-3584
-3159
-2681
-2124
-1547
-1180
-1316
-1410
-868
254
1257
1422
995
653
490
278
208
452
892
1350
1717
1983
1847
1140
282
122
823
1627
2020
1982
1800
1603
1218
731
354
202
692
1602
2298
2212
1479
651
199
187
369
742
991
1022
738
112
-293
-353
-518
-986
-1303
-1297
-1345
-1750
-2127
-1960
-1670
-1788
-2213
-2245
-1869
-1607
-1677
-1656
-1190
-735
-677
-836
-431
545
1188
1139
1054
1458
2318
3422
4652
5414
5231
4583
4138
3656
2977
2778
3587
4517
4423
3361
1661
-224
-1609
-1964
-1530
-1396
-1857
-2530
-3238
-3730
-4159
-4769
-5286
-5110
-4466
-3783
-3226
-2847
-2805
-3087
-3250
-2732
-1901
-1658
-1580
-1048
-191
493
590
413
85
-228
-243
5
557
1248
1682
1622
1395
1303
1128
908
892
1516
2178
2211
1774
1415
1553
1602
1113
658
716
1069
1240
1182
1316
1493
1211
474
131
508
1177
1038
380
3
122
235
98
-99
-353
-759
-1175
-1388
-1456
-1649
-1844
-1749
-1608
-1424
-1278
-1443
-2014
-2472
-2458
-1809
-1170
-816
-583
-247
31
-39
-153
89
895
1529
1684
2021
3062
4254
4701
4085
3114
2524
2270
2041
2201
3103
3724
3195
1965
1005
408
-353
-1297
-1505
-975
-781
-1247
-1963
-2289
-2502
-3191
-3946
-3886
-3069
-2313
-2141
-2330
-2431
-2493
-2811
-2975
-2485
-1611
-990
-997
-1113
-853
-590
-760
-878
-642
-203
276
760
1112
1277
1136
737
675
1081
1607
1863
1833
2014
2064
1697
1182
933
1212
1567
1836
1694
1166
740
680
654
681
716
846
995
899
702
503
92
-398
-563
-267
178
83
-554
-1042
-1087
-1139
-1429
-1712
-1725
-1499
-1397
-1477
-1534
-1658
-1858
-1880
-1712
-1418
-1060
-622
-302
-113
-107
-33
131
325
812
1454
1953
2082
2177
2576
3102
3182
2930
2713
2704
2746
2547
2112
1728
1568
1414
1213
903
630
398
-156
-765
-1088
-1143
-1326
-1613
-1881
-2065
-2207
-2321
-2466
-2548
-2601
-2542
-2464
-2505
-2335
-2055
-1904
-1790
-1760
-1633
-1495
-1536
-1473
-1194
-640
-111
179
453
660
613
310
253
645
1034
1223
1513
1822
1820
1503
1121
1128
1398
1549
1614
1421
1037
940
890
672
490
633
991
1266
970
450
366
345
167
139
370
384
-65
-588
-693
-707
-976
-1284
-1261
-992
-927
-1200
-1523
-1636
-1765
-1824
-1679
-1334
-1063
-1016
-901
-752
-545
-355
-252
-13
393
776
1135
1512
1902
2169
1928
1569
1921
2655
2876
2818
2966
2998
2338
1496
1258
1470
1335
996
1161
1258
740
-87
-691
-815
-928
-1097
-1145
-1185
-1327
-1572
-1750
-1898
-2222
-2603
-2605
-2319
-2079
-1924
-2038
-2321
-2434
-2319
-1971
-1659
-1599
-1373
-971
-640
-559
-464
-255
-123
81
434
865
864
534
687
1080
1184
1228
1226
1319
1600
1808
1741
1491
1210
1081
969
818
953
1375
1410
1130
946
1027
958
553
298
432
541
168
-353
-612
-736
-861
-897
-924
-1085
-1390
-1764
-1346
-880
-1507
-2054
-2480
-2462
-1768
-1468
-1508
-1146
-811
-724
-790
-1066
-768
106
643
836
1182
1234
1289
1670
1661
1659
2221
3019
3684
3552
2919
2549
2102
1350
1316
1773
1913
2137
2342
2015
1141
247
-206
-163
-233
-328
-368
-839
-1182
-1128
-1398
-2204
-2803
-2894
-2479
-2380
-2771
-3033
-3162
-3293
-2981
-2454
-2395
-2351
-2106
-1600
-1204
-1042
-617
-147
25
316
895
1283
1291
1154
1143
1225
1369
1526
1556
1553
1765
2091
2162
1677
1444
1599
1536
1216
1046
1179
1087
892
793
933
966
655
522
413
345
132
-108
-387
-619
-957
-1158
-945
-797
-1085
-1557
-1843
-1621
-1207
-1706
-1897
-1850
-2060
-1871
-1703
-1739
-1550
-1333
-1207
-905
-976
-1102
-893
-622
42
537
568
597
756
1068
1885
2909
3232
3050
2914
3005
2810
2172
2087
2859
3510
3663
3703
3283
2315
1256
556
375
301
272
223
-125
-759
-1299
-1926
-2758
-3291
-3489
-3415
-3318
-3447
-3770
-4119
-4276
-4236
-3953
-3567
-3134
-2624
-2136
-1572
-1258
-1050
-781
-402
165
873
1372
1551
1554
1476
1719
2226
2349
1979
1828
2068
2406
2528
2347
2160
1951
1603
1552
1674
1502
1137
800
777
1163
1214
990
762
524
434
264
-56
-201
-298
-460
-317
-256
-444
-837
-1385
-1635
-1526
-1643
-1796
-1758
-1683
-1601
-1605
-1662
-1755
-1757
-1677
-1503
-1290
-1004
-628
-466
-391
-279
-141
94
422
1148
2477
3468
3521
3311
3238
3199
2745
2437
2888
3601
3880
4034
4123
3594
2658
1715
953
270
-178
-153
-202
-659
-1367
-2052
-2846
-3821
-4446
-4341
-4102
-4129
-4089
-4014
-4318
-4700
-4586
-4295
-4118
-3960
-3396
-2432
-1592
-1205
-1003
-719
-493
-8
577
1037
1546
2017
2379
2488
2366
2433
2420
2027
2013
2403
2421
2269
2143
2156
2049
1608
1262
1097
705
443
875
1089
1002
944
777
709
378
-28
95
109
-303
-306
-160
-212
-491
-1080
-1377
-1252
-1429
-1706
-1653
-1601
-1606
-1597
-1659
-1725
-1713
-1736
-1500
-1315
-1270
-1211
-1159
-949
-504
-111
202
475
998
2124
2975
3131
3120
3294
3422
3282
3325
3874
4184
4080
4043
4034
3538
2703
2066
1658
1009
434
310
-99
-911
-1569
-1981
-2488
-3280
-4075
-4291
-4176
-4263
-4258
-4106
-4049
-4102
-4195
-4202
-3962
-3739
-3529
-2909
-2104
-1383
-843
-598
-367
-53
303
782
1237
1705
2200
2591
2723
2650
2536
2431
2162
2070
2254
2356
2263
2055
1654
1278
983
670
565
457
518
867
1008
907
948
679
199
-59
-81
154
200
-27
-103
-47
-173
-408
-835
-1335
-1618
-1833
-1968
-1874
-1742
-1615
-1570
-1793
-2058
-2023
-1905
-2041
-2032
-1658
-1202
-1074
-1004
-344
806
1733
2022
2226
2596
2847
2924
2958
3321
4077
4659
4784
4742
4467
3829
3166
2582
2139
1775
1371
940
234
-672
-1296
-1845
-2427
-2925
-3390
-3546
-3784
-4196
-4468
-4550
-4440
-4289
-4268
-3933
-3404
-3153
-2946
-2560
-2020
-1884
-1975
-1755
-1065
-377
24
605
1242
1473
1537
1698
1862
2131
2114
2093
2447
2563
2394
2183
1836
1705
1792
1429
902
606
421
470
620
555
638
786
738
817
749
598
652
660
624
681
698
769
651
291
25
-49
-270
-649
-891
-1046
-1121
-1475
-1955
-2160
-2332
-2405
-2309
-2212
-2026
-1795
-1702
-1594
-1212
-511
205
718
1162
1653
2109
2309
2547
2896
3365
3950
4434
4569
4460
4291
3835
3281
2602
2059
1649
1108
494
-62
-612
-1208
-1982
-2795
-3364
-3730
-4048
-4251
-4337
-4266
-4196
-4209
-4163
-4023
-3861
-3558
-3083
-2544
-1976
-1594
-1389
-1214
-993
-669
-300
-85
218
771
1253
1613
1809
1817
1652
1589
1698
1798
1682
1651
1778
1853
1777
1517
1253
963
887
905
810
679
694
723
789
841
867
996
1043
908
845
952
991
844
732
798
726
581
540
304
-235
-688
-873
-950
-1239
-1560
-1673
-1723
-2085
-2453
-2313
-1936
-1771
-1575
-908
-434
-128
189
483
657
644
859
1618
2411
3036
3680
3865
3634
3315
3243
3099
2651
2347
2279
2066
1364
677
-99
-1022
-1860
-2430
-2609
-2893
-3232
-3325
-3535
-3889
-3983
-3940
-3868
-3992
-3930
-3431
-2999
-2681
-2170
-1501
-1107
-993
-834
-473
-281
-223
48
420
823
1105
1298
1508
1554
1401
1289
1168
1044
1110
1079
946
1010
1099
1051
924
812
902
919
762
876
1128
1222
1283
1277
1119
1152
1167
1242
1385
1330
1297
1304
1173
913
750
657
555
288
11
-117
-249
-637
-961
-1160
-1440
-1568
-1606
-1694
-1663
-1229
-810
-767
-773
-457
93
237
93
370
989
1317
1629
2076
2399
2346
2203
2331
2401
2055
1595
1405
1153
869
653
334
-214
-711
-1029
-1459
-2091
-2553
-2675
-2906
-3268
-3449
-3286
-3052
-3080
-3069
-2946
-2803
-2577
-2252
-1850
-1389
-961
-655
-289
-87
17
260
396
400
599
942
1030
1010
956
888
925
804
586
642
550
339
303
262
215
82
-63
73
210
269
535
742
778
898
1092
1118
1111
1207
1464
1580
1514
1620
1680
1521
1324
1273
1244
881
509
388
329
78
-232
-425
-524
-664
-796
-829
-878
-955
-838
-619
-469
-267
-24
348
425
273
484
966
1412
1606
1828
2057
2137
2092
1974
1799
1453
1125
837
558
286
61
-206
-579
-1107
-1552
-1923
-2366
-2655
-2724
-2700
-2626
-2686
-2823
-2857
-2964
-3045
-2970
-2736
-2366
-1869
-1402
-1104
-883
-698
-442
-321
-242
81
316
466
592
801
1089
1181
992
961
1025
846
667
521
367
369
290
94
75
-10
-124
-118
-206
-164
157
265
360
712
942
1043
995
942
1195
1378
1403
1520
1550
1443
1411
1284
1183
1078
720
488
363
8
-201
-243
-394
-506
-505
-484
-606
-802
-816
-503
-200
-84
98
329
323
335
645
1044
1306
1464
1704
1908
1967
2068
2072
1832
1600
1464
1252
914
522
205
-147
-726
-1263
-1619
-1901
-2172
-2318
-2321
-2326
-2462
-2517
-2547
-2665
-2687
-2568
-2332
-2128
-1893
-1571
-1319
-1190
-1136
-957
-605
-367
-188
-19
128
335
523
583
741
883
869
862
803
736
725
545
379
285
133
62
-40
-153
-186
-128
-122
-96
44
196
278
239
421
686
739
879
1076
1198
1252
1231
1217
1285
1195
1037
990
849
722
594
436
231
70
-87
-253
-416
-419
-335
-501
-643
-494
-267
-321
-380
-264
-110
-8
128
400
652
795
1027
1366
1581
1573
1552
1543
1407
1145
973
1118
1130
847
593
386
-75
-680
-1166
-1522
-1906
-2287
-2454
-2481
-2447
-2521
-2615
-2647
-2556
-2351
-2215
-2187
-2069
-1784
-1360
-867
-483
-195
-54
-43
85
185
381
632
806
1102
1365
1384
1256
1096
939
859
727
624
547
423
434
430
274
87
-84
-129
-60
-54
-32
139
205
273
407
480
482
516
524
560
795
945
1048
1085
1008
941
774
521
365
200
120
109
14
-30
-212
-402
-487
-569
-655
-663
-776
-835
-655
-561
-527
-419
-210
57
316
496
630
647
751
980
1224
1470
1626
1673
1681
1591
1493
1502
1410
1187
977
806
590
303
16
-326
-668
-1049
-1388
-1538
-1683
-1846
-2056
-2212
-2268
-2257
-2323
-2322
-2205
-2137
-1995
-1789
-1583
-1413
-1217
-1089
-933
-683
-418
-220
-103
44
228
445
490
545
625
523
388
205
157
208
233
316
374
377
400
402
308
220
302
493
633
722
846
940
919
971
994
943
1011
987
942
944
1002
1050
914
770
642
460
290
128
17
79
89
17
-111
-293
-593
-820
-850
-851
-731
-621
-502
-492
-421
-321
-218
-140
-115
101
326
548
759
969
1143
1317
1311
1318
1328
1284
1340
1270
1118
949
827
590
440
281
-13
-312
-643
-841
-903
-957
-1078
-1155
-1276
-1424
-1601
-1787
-1895
-1906
-1791
-1631
-1457
-1289
-1138
-1110
-1151
-1064
-896
-815
-670
-457
-185
74
105
56
-4
-72
-85
61
167
219
244
216
259
194
116
94
45
154
469
710
767
751
746
735
787
799
796
833
869
1052
1134
1006
871
733
407
220
260
332
312
133
164
372
334
12
-295
-451
-463
-392
-309
-344
-342
-298
-183
-234
-377
-203
-40
85
94
139
238
312
328
448
640
741
868
925
904
807
791
761
713
622
502
368
229
118
36
-14
-203
-381
-230
-221
-574
-739
-694
-819
-961
-982
-854
-836
-952
-951
-983
-1124
-1075
-911
-927
-956
-816
-697
-783
-849
-726
-559
-530
-489
-320
-223
-242
-288
-274
-206
-225
-171
-58
157
252
98
102
207
225
317
415
467
488
654
809
872
720
540
636
753
801
867
831
638
474
350
271
107
-64
-65
92
272
387
203
-84
-230
-397
-393
-273
-264
-205
-72
126
142
17
15
-200
-407
-322
-22
147
206
422
626
672
605
746
782
631
568
721
808
768
784
599
454
362
238
128
-53
-140
-105
-66
56
20
-154
-390
-498
-427
-451
-365
-300
-413
-432
-395
-395
-495
-546
-706
-804
-750
-659
-595
-611
-665
-682
-685
-705
-693
-649
-738
-715
-444
-310
-305
-354
-369
-267
-260
-209
-20
191
216
325
451
469
455
490
459
530
671
799
771
688
657
544
367
302
345
385
365
268
320
287
49
-84
32
22
-94
-96
-172
-318
-364
-214
-142
10
44
17
-37
-105
90
204
167
-27
152
165
142
241
272
239
270
273
103
-60
-58
175
93
-176
102
159
-250
-349
-66
-77
-360
-245
-46
-53
-166
22
106
-120
-110
263
387
111
162
227
117
22
-13
-1
-214
-297
-293
-377
-477
-322
-340
-744
-911
-760
-733
-957
-764
-505
-632
-867
-613
-545
-561
-376
-207
-76
-184
98
152
75
308
684
447
259
583
677
695
766
736
566
437
554
723
564
489
674
579
244
360
516
362
208
251
226
118
41
83
79
125
284
253
295
246
148
104
325
409
209
99
204
219
-38
90
254
79
-114
66
153
-172
-316
-388
-595
-679
-560
-508
-456
-535
-555
-549
-523
-323
-400
-543
-329
-98
-161
-120
184
215
-48
90
431
119
8
288
381
237
150
119
-65
-67
21
-127
-362
-426
-462
-700
-714
-410
-631
-876
-680
-566
-850
-748
-439
-545
-597
-419
-88
-316
-381
126
238
-11
128
421
277
296
521
521
524
547
483
422
720
594
293
508
671
460
231
534
732
420
204
687
621
391
567
416
58
498
776
467
481
597
410
8
76
335
228
10
513
367
-346
-51
374
-308
-525
112
-20
-663
-509
-5
-590
-975
-413
-375
-828
-913
-420
-566
-997
-570
-181
-577
-593
278
-39
-551
292
543
-97
-51
874
592
2
145
414
394
-35
91
614
207
-218
185
-230
-751
-111
-283
-898
-404
-61
-512
-890
-892
-175
-193
-924
-448
-31
-588
-561
39
-232
-312
470
158
-510
-122
432
236
-153
114
700
140
-581
303
183
-72
827
613
-307
-1
632
531
-112
331
1167
195
-415
565
810
235
716
1129
710
379
457
519
75
608
1145
546
101
554
321
-367
269
637
-420
-546
474
381
-852
-363
385
-615
-931
-100
-11
-759
-640
233
-299
-1510
-166
810
-714
-747
543
58
-533
-44
315
77
-184
743
597
-799
156
1333
-350
-713
986
139
-820
62
301
-329
-727
-265
-38
-1046
-692
441
-596
-1257
-3
-272
-1039
-482
41
-473
-855
72
54
-822
-42
317
-621
-541
9
76
-191
-452
168
57
-605
-34
215
-570
63
683
-401
-144
525
-203
-121
679
190
101
687
500
439
356
505
870
757
699
1285
890
805
1161
755
695
885
1008
412
630
807
147
196
493
59
-381
-44
-213
-216
-734
-425
-135
-652
-336
-583
-1072
-275
-299
-1033
-261
-108
-516
-361
-198
-23
-356
-393
362
-162
-656
267
190
-289
53
229
120
139
-77
-1
-196
-293
80
-359
-548
157
193
-407
-214
-87
-693
-371
-157
-356
-194
-99
-68
-195
-178
-186
-114
-367
355
462
-418
-404
419
-9
-519
317
138
-745
-207
444
-341
-447
-216
-34
-24
-531
-150
546
-67
-391
469
329
121
173
325
1006
647
-105
975
1313
336
571
1389
969
543
694
1015
644
270
1128
1060
125
198
1305
437
-621
17
544
-493
-607
214
-194
-950
-655
-15
-687
-1014
-376
-117
-763
-722
-78
-282
-855
-246
62
-509
-224
-14
-423
-480
173
159
-538
-358
365
69
-674
-260
195
-236
-784
-195
140
-379
-513
-129
-13
-518
-372
-124
-191
-93
81
44
-183
99
172
-227
-121
417
419
-32
159
643
187
-413
270
611
-370
-521
409
503
-522
-407
281
-43
-402
-494
-80
191
-357
-571
36
-78
-608
-192
168
271
37
-43
554
998
26
144
1205
725
78
512
995
296
163
765
962
255
314
590
315
235
71
-108
132
160
137
-60
-214
-100
-152
-691
-392
57
-531
-347
124
-68
-621
-81
-11
-280
56
199
82
276
264
-147
91
136
47
-24
49
107
36
-298
-93
300
-482
-817
37
10
-760
-442
-149
-91
-395
-840
-147
298
-811
-469
720
240
-430
-196
317
173
-332
226
709
-66
30
240
309
32
-215
-439
218
230
-766
-425
101
-105
-800
-365
3
-35
-810
-555
521
-59
-834
-99
489
332
-73
-70
478
447
118
510
690
284
364
487
708
721
646
305
523
816
407
46
470
368
-106
-63
158
201
-195
-276
-5
30
-129
-309
-28
227
-83
-692
-439
241
-342
-841
182
675
-398
-525
448
124
-269
-10
214
-61
-169
89
-77
-283
69
-152
-837
-182
-50
-645
-510
-27
-107
-821
-564
-87
-553
-726
-133
-110
-319
-564
-36
504
-392
-309
477
-12
63
296
86
264
38
9
609
302
-235
236
316
84
-18
-10
252
203
-264
-88
384
-79
-696
47
257
-113
-36
160
395
100
-72
478
619
-82
377
916
502
236
721
661
297
452
690
479
469
423
145
198
149
108
-103
-416
124
324
-591
-531
46
-58
-541
-605
-40
223
-888
-543
466
-386
-726
-140
-51
-254
-250
-462
138
117
-501
16
-28
-1
29
-622
-345
462
-467
-609
250
13
-660
-486
322
-57
-807
-410
210
-305
-334
-234
-100
-24
-321
105
342
-361
190
642
-99
192
257
60
444
127
-120
649
63
-206
239
267
202
-177
-231
185
179
-167
108
19
-189
-94
153
408
-284
-268
674
434
-208
102
896
654
-66
376
1452
583
-140
618
885
156
112
569
523
59
231
358
-97
-161
55
-306
-111
-135
-524
-388
-239
-461
-339
-383
-623
-391
-256
-177
-504
-335
151
-199
-491
87
339
-4
-434
39
573
215
-320
84
205
-199
-168
151
-178
-440
-130
130
-186
-313
-346
-270
-307
-434
-222
-502
-413
96
-296
-684
233
280
-831
-192
875
104
-1018
374
1178
-618
-674
890
419
-804
-235
635
337
-749
-388
714
36
-661
-443
-61
57
-380
-408
-20
-212
-336
298
-182
-641
207
467
-9
93
241
395
511
479
518
602
647
815
724
411
631
825
685
507
439
673
407
176
508
168
53
228
260
82
-182
207
437
-544
-485
395
-211
-794
61
188
-330
-834
-23
394
-538
-510
510
503
-635
-268
272
55
-629
-466
370
-140
-482
-237
-71
-272
-743
-712
58
-144
-959
-355
184
-526
-761
-228
-189
-628
-616
-20
251
-364
-491
253
84
-327
-188
110
184
257
-270
-5
528
-114
-620
348
208
-390
-72
409
60
-153
93
322
140
-613
49
578
22
132
448
174
310
614
-118
580
1025
81
140
890
680
-77
305
1161
640
67
355
922
719
14
227
370
208
-30
56
-69
86
-7
-240
-73
41
-122
-879
-214
309
-688
-672
-145
-66
-516
-707
-198
232
-931
-941
547
-51
-1002
-431
120
-209
-625
-379
-9
-184
-786
-589
92
-216
-774
-506
460
-81
-616
-415
377
-71
-900
29
583
-65
-302
378
172
584
226
-102
714
611
13
351
534
396
466
-313
338
794
-450
-196
698
-193
-305
202
-195
75
-59
-496
198
-13
-592
50
-25
-104
268
79
-20
510
127
279
688
161
330
323
104
688
785
86
330
790
263
20
348
507
-68
-272
595
473
-808
-102
839
-614
-873
762
315
-582
-258
156
-160
-470
-730
-177
61
-816
-70
336
-449
-213
24
-532
128
367
-629
-191
633
-312
-663
125
-22
-455
-525
-289
149
-390
-714
100
-46
-973
-298
114
-560
-715
-112
-7
-322
-282
-118
220
160
148
30
155
355
278
58
122
718
344
-356
272
999
-141
-393
475
347
-361
-58
252
68
-435
-404
317
-68
-271
-34
221
222
39
-66
315
27
-93
563
169
66
594
627
0
234
882
437
-37
650
686
8
331
468
201
-299
-143
294
-127
-839
66
814
-390
-675
340
360
-437
-638
123
183
-486
-449
-180
-305
-413
-241
-172
10
109
-341
95
376
-411
-430
146
-54
-322
77
-21
-118
0
-38
-199
-192
-423
-146
13
-737
-334
178
-224
-162
-307
-611
-170
45
-387
-362
69
542
-250
-731
368
524
-479
-247
757
46
-265
424
82
-146
154
267
204
61
43
89
171
-94
-92
224
28
-138
-123
-89
50
106
-267
-139
254
193
132
214
-37
184
490
538
464
186
451
706
284
179
780
455
90
626
687
-6
103
451
-178
-658
176
489
-124
-658
-119
413
-96
-472
-185
97
-193
-384
200
324
-407
65
616
-121
-219
553
-79
-229
311
-2
-51
-396
-246
145
-338
-513
29
29
-541
-369
-127
-75
-326
-777
-399
-99
-368
-329
7
33
-355
-248
-23
-90
-405
-368
43
18
-403
-320
146
-158
-358
81
-4
31
-8
-406
-6
445
173
-73
162
453
249
-252
117
224
-261
-11
490
111
-354
81
596
-227
-521
575
387
-345
-156
427
256
-131
47
243
119
168
553
328
-28
351
271
-87
325
2
-254
42
314
6
-6
-15
25
55
-119
-31
313
-138
-250
219
-49
-341
185
226
-400
-10
278
46
-240
-14
369
488
-277
-31
611
-366
-334
510
75
-349
-34
102
-225
-364
35
139
-137
-349
49
-11
-573
-629
-113
-19
-201
189
6
-490
-587
-89
-301
-267
232
294
319
281
60
-861
-312
436
26
-76
679
801
-364
-619
159
470
-688
-520
915
856
-217
77
242
-133
-134
58
553
843
392
255
478
-131
-199
-14
-193
325
749
224
56
211
-217
-365
38
133
95
78
-142
382
-30
-567
223
-208
-587
295
517
121
-34
-203
129
39
-536
32
120
-163
-67
324
122
-312
-333
-213
-18
-88
-76
-28
278
121
-52
125
-15
-345
-236
91
-123
-339
31
161
-541
-420
175
-356
-484
-90
-80
-183
26
-468
-939
-432
34
-230
-520
-32
136
-569
-735
-161
-162
-533
163
576
67
-394
-81
-199
-599
-174
466
449
90
64
-91
-87
-145
-297
72
459
633
356
76
-170
-267
-352
238
962
626
290
178
245
119
-167
-58
595
655
722
755
308
-79
-395
-253
247
650
436
-125
-153
96
-495
-617
275
206
-235
339
710
80
-241
104
380
230
596
581
-243
-276
397
240
275
601
517
243
-102
21
55
-305
-298
339
234
23
78
-610
-808
-338
-236
-38
248
6
-530
-508
-672
-350
-315
-477
268
514
181
-36
-187
-630
-658
-223
396
347
10
-32
-314
-618
-468
-215
-406
-26
632
424
-156
-391
-502
-514
-83
354
407
345
313
-32
-239
165
120
-90
114
829
699
142
73
-115
-616
-151
404
69
232
417
-21
-91
-31
-169
72
-175
-31
670
496
-85
-446
-725
-486
0
65
300
494
-151
-433
-476
-689
-488
-51
46
338
466
331
-178
-664
-382
91
381
632
927
462
-132
-142
-111
-365
-118
410
396
357
369
-28
-674
-943
-281
184
-5
237
392
-482
-662
-303
-680
-480
-25
134
161
-26
-112
-303
-669
-368
30
113
349
258
-242
-157
155
-194
-245
96
363
200
64
249
242
-305
-572
-85
246
157
165
506
377
-67
-156
260
27
-68
331
799
784
220
-270
-350
99
2
-102
336
562
195
-77
138
132
-127
44
231
339
199
-51
-50
-223
-430
57
439
353
169
-113
47
-99
-439
-229
197
-145
-14
650
200
-230
-295
-118
196
261
285
422
257
-293
-67
213
-50
-196
-95
92
19
26
214
18
-509
-383
-12
-134
-68
147
-36
-346
-320
-49
-322
-643
-260
-62
11
6
-134
-332
-399
-337
-202
-117
-44
-2
-264
-261
90
-28
-203
40
305
156
4
106
-210
-604
-313
192
284
315
244
61
-100
-333
-216
128
90
288
531
150
3
-46
-215
-12
300
462
621
384
66
74
-322
-203
146
147
190
92
-31
-62
-330
-443
-44
123
1
77
143
-164
-282
163
127
59
382
343
154
-11
78
190
-170
-203
247
331
-82
-61
-50
-259
-273
-60
30
-20
-88
-94
-12
-251
-219
-91
-247
-405
-83
211
-21
-215
42
83
-168
-281
-37
-5
-214
-164
-72
-172
-467
-431
-186
-221
-164
67
38
-297
-419
-231
-126
-112
56
181
79
48
12
61
113
101
428
600
385
337
262
-66
-71
114
156
322
446
243
39
283
339
-5
199
425
316
442
422
254
165
97
274
399
415
525
256
-19
251
247
144
354
401
136
77
204
277
273
380
552
665
657
568
512
304
169
390
652
501
470
588
431
194
185
-27
-276
-209
-115
-356
-736
-789
-834
-1211
-1350
-1349
-1335
-1533
-1836
-1762
-1676
-1852
-2020
-1814
-1640
-1466
-1371
-1354
-1332
-1257
-1146
-786
-487
-467
-335
-196
-43
189
304
282
399
552
533
418
481
529
345
380
587
786
786
524
499
470
276
451
808
820
911
1032
1015
935
755
722
1036
1294
1211
1018
925
607
344
735
947
830
773
993
1204
1471
1370
1030
920
928
1363
1417
1298
1635
1791
1409
1099
986
757
699
713
695
284
-347
-1028
-1649
-1690
-1562
-1706
-2052
-2279
-2595
-2872
-2953
-2881
-2684
-2664
-2579
-2344
-2204
-2244
-2315
-2191
-1629
-1072
-726
-514
-334
-178
-233
35
603
842
801
1220
1444
1174
997
1013
1061
927
925
1188
1081
516
290
110
-224
-247
-56
-88
-381
-689
-803
-810
-723
-402
-146
38
197
194
364
698
722
651
729
872
844
786
973
1009
906
911
827
585
417
301
4
9
84
-85
-382
-539
-515
-393
60
881
1390
1114
923
972
1094
1259
1661
2412
3062
3061
2580
2233
1700
1364
1661
2137
2166
1483
451
-532
-1166
-1389
-1291
-1301
-2061
-2761
-3091
-3766
-4299
-4150
-3897
-3908
-3741
-3438
-3391
-3613
-3606
-3164
-2480
-1789
-1253
-787
-822
-831
-352
245
948
1564
1727
1572
1544
1682
1859
2015
2103
2175
2127
1799
1486
1265
969
644
613
636
389
54
-226
-406
-232
67
-33
-226
-118
-108
-168
118
529
461
254
449
871
935
872
770
574
594
672
816
856
633
316
82
-160
-292
-334
-424
-461
-458
-603
-862
-941
-948
-449
434
1298
1650
1067
564
728
1186
1751
2665
3367
3369
2845
2226
1883
1744
2020
2485
2375
1818
904
-397
-1427
-1581
-1117
-882
-1299
-2277
-3365
-4117
-4273
-3940
-3426
-3233
-3631
-3872
-3579
-3454
-3431
-2862
-2254
-1977
-1597
-976
-749
-717
-375
190
595
891
1103
1183
1306
1634
1991
2158
2108
1974
1773
1613
1717
1741
1604
1241
934
544
95
3
-5
-80
-127
-183
-314
-494
-471
-272
-113
-72
171
236
28
108
195
210
517
732
590
420
292
159
166
247
112
-76
-256
-482
-681
-711
-686
-728
-786
-830
-921
-1054
-915
-664
-219
807
1817
1684
889
696
1113
1797
2595
3345
3602
3296
2856
2520
2269
2074
2451
2755
2320
1664
634
-814
-1620
-1451
-960
-948
-1876
-3018
-3870
-4365
-4121
-3257
-2880
-3387
-3915
-3957
-3686
-3104
-2567
-2317
-2073
-1766
-1279
-903
-481
-65
269
568
959
1406
1488
1341
1663
2126
2291
2154
1862
1736
1720
1993
2214
2237
1818
1149
536
363
640
626
480
261
93
-46
-234
-224
188
509
423
300
116
-276
-490
-274
194
534
358
-208
-498
-647
-692
-443
-390
-615
-908
-1122
-1284
-1225
-1222
-1346
-1413
-1446
-1613
-1767
-1702
-1686
-1402
-991
-748
-254
633
1428
1481
997
1103
1954
2853
3406
3905
4279
4160
3675
3321
3165
3342
3693
3742
3275
2111
837
-144
-593
-240
183
-471
-1913
-3247
-3859
-3673
-3176
-2789
-3041
-3945
-4698
-4563
-3885
-3273
-2801
-2643
-2663
-2590
-2242
-1667
-1166
-877
-637
-248
148
435
750
977
1164
1511
1673
1480
1446
1534
1714
1822
1796
1696
1433
1076
837
1044
1103
957
687
486
449
443
450
600
873
779
347
59
79
95
112
292
399
59
-456
-589
-439
-307
-278
-475
-794
-1000
-1045
-926
-882
-1098
-1279
-1251
-1236
-1338
-1234
-1104
-1280
-1284
-1007
-719
-619
-168
1024
2098
2114
1485
1107
1438
2608
3755
4457
4596
4189
3627
3180
3131
3500
3990
3978
3358
2047
553
-329
-476
-101
272
-273
-2001
-3643
-4175
-3796
-3143
-2705
-3134
-4262
-5240
-5139
-4129
-3066
-2783
-3127
-3527
-3644
-3099
-2140
-1278
-991
-1091
-1024
-693
-343
284
890
1308
1618
1738
1504
1215
1384
1904
2376
2593
2387
1870
1494
1464
1767
1983
1932
1507
912
611
872
1255
1251
1050
725
274
-232
-353
19
283
227
17
-464
-1034
-1277
-908
-364
-195
-523
-1182
-1660
-1654
-1260
-873
-811
-976
-1194
-1371
-1316
-1123
-815
-778
-912
-692
-434
-158
178
602
1499
2458
2772
2137
1663
2264
3308
4041
4349
4372
4127
3607
3210
3272
3480
3592
3297
2710
1737
543
-401
-789
-682
-588
-1058
-2247
-3537
-4187
-3987
-3424
-3326
-3753
-4466
-5184
-5023
-4086
-3280
-3325
-3928
-4178
-3842
-3094
-2141
-1514
-1507
-1748
-1631
-806
-67
417
698
873
1011
1091
1229
1289
1664
2309
2793
2829
2394
1832
1535
1663
2174
2706
2555
1675
1025
1146
1489
1855
1808
1264
644
139
-84
91
444
374
-33
-384
-552
-657
-674
-505
-241
-319
-834
-1351
-1337
-858
-464
-403
-537
-696
-880
-992
-758
-246
-81
-239
-366
-74
320
473
571
1098
2008
2630
2332
1474
1307
2303
3618
4119
3886
3621
3340
2742
2483
2769
2844
2553
2033
1279
244
-691
-1259
-1285
-1027
-1218
-2194
-3594
-4457
-4403
-3721
-3350
-3552
-4356
-5323
-5484
-4697
-3525
-3023
-3507
-4116
-4091
-3457
-2395
-1382
-1051
-1406
-1531
-1218
-448
309
937
1318
1451
1546
1819
2116
2143
2705
3387
3492
2981
2601
2589
2808
3043
3267
3012
2088
1478
1534
1980
2137
2037
1462
726
400
309
245
432
564
189
-168
-322
-438
-721
-922
-598
-336
-729
-1374
-1640
-1466
-1095
-846
-943
-1289
-1451
-1293
-1053
-826
-766
-891
-1102
-1026
-413
149
86
178
993
1872
1655
784
718
1798
2914
3346
3405
3304
2958
2571
2431
2653
2976
2881
2260
1428
699
44
-559
-774
-540
-689
-1857
-3155
-3635
-3403
-3094
-3050
-3404
-4130
-4857
-4883
-4017
-2934
-2713
-3362
-4021
-4092
-3395
-2226
-1209
-901
-1199
-1484
-1298
-399
602
1383
1650
1575
1731
2056
2343
2724
3325
3756
3703
3166
2886
3056
3148
3200
3219
2757
2012
1470
1467
1788
1946
1538
804
64
-200
-45
-52
-236
-365
-565
-1086
-1290
-1192
-1188
-1270
-1189
-906
-1042
-1837
-2264
-1845
-1216
-972
-984
-1178
-1454
-1493
-1109
-627
-576
-867
-1229
-1124
-700
-144
87
-71
79
975
1777
1647
1251
1342
2043
2699
3197
3568
3630
3450
3208
3104
3121
3245
3242
2980
2506
1700
699
-187
-407
-199
-480
-1437
-2483
-3093
-3351
-3445
-3251
-3309
-3973
-4824
-5006
-4273
-3696
-3680
-3855
-4118
-4228
-3588
-2582
-1839
-1655
-1862
-1941
-1475
-484
473
1057
1249
1273
1361
1612
2161
2790
3143
3342
3163
2789
2616
2817
2979
3022
3058
2657
1980
1489
1502
1782
1871
1487
921
511
101
-49
110
126
-20
-436
-707
-591
-511
-529
-610
-621
-793
-1145
-1375
-1330
-987
-630
-784
-1235
-1403
-1243
-951
-671
-558
-688
-1030
-1271
-1084
-517
-170
-89
-327
-208
544
1447
1718
1346
1302
1823
2581
3113
3585
3823
3747
3350
2965
3107
3259
3267
3115
2663
1865
729
-135
-328
-98
-199
-1088
-2304
-3149
-3669
-3670
-3323
-3217
-3835
-4803
-5175
-4669
-3903
-3626
-3799
-4153
-4272
-3835
-2945
-2024
-1609
-1721
-1902
-1534
-682
97
807
959
737
833
1535
2173
2575
2860
2883
2897
2778
2760
2775
2919
2892
2863
2653
2045
1462
1480
1762
1771
1513
975
423
30
20
426
418
-103
-474
-734
-703
-594
-545
-505
-674
-830
-844
-986
-1112
-1096
-953
-944
-1070
-1006
-925
-925
-875
-775
-820
-1015
-1063
-722
-372
-171
-188
-24
463
1227
1652
1736
1700
1914
2551
3030
3412
3672
3811
3668
3533
3492
3396
3222
2952
2581
2034
1308
547
-30
-203
-388
-970
-1810
-2675
-3065
-3275
-3506
-3614
-3978
-4569
-4997
-4834
-4267
-3915
-3982
-4201
-4282
-4031
-3296
-2400
-1930
-2054
-2198
-1996
-1455
-610
102
421
389
321
828
1721
2410
2618
2342
2198
2468
2815
3000
3252
3261
2914
2606
2186
2084
2150
2194
2132
1786
1240
749
649
845
1098
828
256
-277
-369
-193
-103
-203
-528
-851
-968
-866
-671
-629
-830
-1069
-1265
-1332
-1080
-842
-799
-829
-871
-919
-922
-656
-313
-150
-130
-135
-85
289
1038
1804
1720
1238
1200
1866
2577
2904
3187
3298
3143
2802
2778
2970
2902
2745
2408
1918
1107
379
-92
-258
-429
-869
-1682
-2575
-3129
-3267
-3228
-3363
-3802
-4342
-4807
-4779
-4255
-3737
-3651
-3973
-4303
-4262
-3596
-2612
-1905
-1810
-2031
-2092
-1668
-796
119
567
503
504
599
965
1663
2442
2936
2855
2568
2555
2933
3277
3387
3405
3119
2607
2290
2402
2564
2570
2439
2031
1529
1239
1210
1135
789
543
274
-4
-63
-43
-152
-310
-480
-622
-699
-854
-1056
-1086
-970
-1003
-1215
-1396
-1424
-1306
-1095
-1012
-1040
-1239
-1356
-1240
-833
-343
-222
-509
-377
233
893
1101
938
1079
1524
1855
1983
2348
2865
3104
2905
2687
2613
2547
2422
2386
2350
1828
945
-21
-425
-403
-544
-1134
-1865
-2557
-3056
-3253
-3138
-3090
-3492
-4107
-4421
-4142
-3668
-3394
-3452
-3689
-3851
-3602
-2944
-2116
-1645
-1814
-2008
-1769
-1047
-291
335
632
717
775
1065
1800
2445
2754
2760
2784
2831
3056
3226
3426
3538
3339
2935
2613
2547
2553
2488
2287
1883
1327
1076
1117
1054
784
404
-29
-287
-304
-152
-178
-503
-807
-929
-961
-989
-999
-946
-1076
-1214
-1269
-1294
-1286
-1222
-1125
-1072
-1032
-1084
-1175
-1210
-1009
-685
-437
-428
-390
-134
337
656
763
950
1449
1824
1670
1770
2277
2722
2774
2617
2533
2343
2299
2317
2370
2029
1241
521
125
18
-144
-676
-1444
-2127
-2648
-2932
-3029
-3082
-3407
-3774
-3984
-3886
-3644
-3533
-3602
-3690
-3651
-3431
-2896
-2305
-1941
-1909
-1901
-1507
-932
-404
225
587
620
651
978
1638
2262
2463
2530
2608
2691
2856
2989
3053
3073
2877
2579
2358
2271
2380
2259
1904
1538
1185
995
998
910
658
175
-214
-438
-353
-124
-116
-482
-946
-1113
-1059
-881
-819
-932
-1165
-1335
-1419
-1265
-919
-758
-772
-818
-957
-955
-815
-609
-500
-448
-460
-436
-240
90
580
791
661
726
1276
1822
1904
1940
2316
2632
2696
2706
2751
2776
2523
2354
2357
2161
1610
945
520
323
12
-617
-1266
-1728
-2164
-2546
-2797
-2997
-3247
-3619
-3848
-3749
-3529
-3628
-3747
-3783
-3710
-3417
-2874
-2386
-2064
-1999
-1893
-1494
-945
-421
-19
292
493
513
696
1245
2002
2505
2542
2340
2132
2125
2431
2837
2913
2602
2111
1831
1786
1861
1924
1609
1081
733
644
623
521
393
235
48
-269
-432
-441
-361
-339
-507
-763
-921
-992
-849
-565
-387
-396
-738
-1087
-1106
-758
-364
-153
-161
-523
-855
-868
-511
-24
232
105
8
131
325
372
629
1184
1592
1579
1450
1670
2251
2718
2662
2439
2287
2093
1925
2038
2038
1584
893
356
151
15
-398
-993
-1510
-1995
-2479
-2686
-2767
-3009
-3485
-3778
-3797
-3773
-3737
-3769
-3615
-3510
-3481
-3156
-2639
-2280
-2068
-1742
-1319
-925
-502
-51
362
615
792
1051
1312
1604
2039
2406
2411
2383
2466
2642
2710
2783
2757
2591
2354
2131
1994
2005
1956
1799
1463
1131
1092
1115
940
799
591
249
-60
-160
42
147
29
-310
-563
-615
-568
-394
-319
-488
-758
-1050
-1137
-1019
-858
-778
-673
-749
-941
-1048
-987
-792
-527
-243
69
171
-43
-232
9
727
1366
1389
1114
1127
1508
1896
2161
2263
2219
1946
1632
1653
1630
1254
716
375
122
-153
-651
-1240
-1648
-1975
-2161
-2312
-2724
-3262
-3559
-3722
-3566
-3220
-3271
-3562
-3643
-3431
-3073
-2669
-2292
-2063
-2023
-1855
-1341
-585
-28
114
218
408
694
1084
1475
1837
2124
2238
2171
2142
2311
2477
2519
2409
2264
2081
1908
1892
1913
1908
1828
1482
1130
1038
968
932
887
783
655
411
281
245
275
347
293
-3
-335
-403
-369
-366
-366
-526
-723
-689
-709
-696
-697
-715
-643
-562
-610
-732
-744
-616
-470
-208
44
103
-158
-274
152
870
1281
1191
1053
1256
1648
1775
1812
1941
1995
1821
1694
1514
1194
808
373
189
136
-174
-835
-1432
-1802
-2020
-2114
-2344
-2822
-3320
-3524
-3460
-3386
-3301
-3220
-3195
-3038
-2838
-2579
-2302
-2037
-1743
-1458
-1147
-902
-570
-11
581
810
905
1107
1312
1505
1802
2097
2147
1980
1873
1887
1894
2039
1993
1798
1598
1384
1316
1402
1466
1309
1005
837
961
1048
952
802
638
482
379
519
690
467
65
-210
-87
58
-36
-227
-437
-533
-643
-616
-543
-465
-633
-844
-847
-854
-857
-821
-711
-630
-639
-616
-352
48
208
225
411
732
902
919
1031
1259
1485
1606
1642
1644
1632
1627
1636
1533
1207
671
200
49
-6
-253
-834
-1419
-1837
-2089
-2196
-2334
-2618
-3002
-3227
-3159
-2920
-2846
-2991
-3056
-2916
-2585
-2266
-2053
-1890
-1659
-1303
-921
-465
-117
40
213
667
1165
1440
1452
1413
1568
1815
2008
1990
1934
1858
1830
1872
1971
1919
1609
1335
1246
1316
1340
1240
1043
824
856
998
1064
985
713
495
588
833
933
768
485
174
44
134
267
128
-322
-674
-757
-741
-727
-724
-652
-656
-878
-1019
-1030
-982
-860
-782
-592
-387
-275
-176
31
261
479
676
771
860
1000
1217
1382
1441
1295
1135
1170
1324
1374
1080
611
326
93
-53
-141
-400
-862
-1395
-1701
-1687
-1664
-1838
-2185
-2501
-2691
-2727
-2517
-2305
-2293
-2365
-2462
-2311
-1846
-1454
-1269
-1209
-1120
-909
-535
-139
212
348
453
633
868
1091
1222
1356
1377
1420
1441
1434
1461
1511
1467
1265
996
884
944
1042
1170
1181
935
589
439
645
917
948
868
717
630
623
601
565
514
349
204
164
92
6
-114
-192
-268
-381
-442
-586
-705
-865
-961
-835
-643
-598
-656
-739
-704
-513
-186
147
346
397
440
654
836
1057
1198
1252
1265
1271
1290
1270
1296
1237
1069
809
538
347
232
192
-56
-514
-930
-1182
-1358
-1436
-1542
-1759
-2025
-2247
-2242
-2111
-2062
-2122
-2240
-2239
-2075
-1844
-1682
-1582
-1457
-1303
-1047
-812
-600
-496
-330
-145
56
351
525
634
669
738
852
933
917
930
989
1085
1097
1030
1017
1005
1000
1053
1047
924
826
774
859
928
980
1048
1130
1151
1130
1022
988
961
924
873
835
788
716
654
470
234
24
-63
-104
-181
-362
-491
-535
-564
-526
-562
-586
-586
-579
-517
-342
-111
55
59
55
232
469
653
758
679
641
816
954
1065
1052
886
529
282
320
300
142
-206
-610
-811
-878
-948
-1101
-1217
-1430
-1649
-1849
-1890
-1854
-1923
-1967
-1928
-1829
-1710
-1615
-1599
-1516
-1387
-1215
-1086
-1089
-937
-664
-416
-226
-200
-172
-16
194
316
407
496
530
571
581
717
829
833
797
833
946
983
1019
1073
1059
1056
1042
959
922
990
1056
1144
1127
996
825
838
1022
1151
1074
897
795
671
647
613
597
410
121
-6
-31
-62
-253
-565
-668
-544
-489
-491
-567
-739
-755
-613
-431
-272
-293
-304
-134
112
226
297
410
526
657
821
984
1025
816
615
664
644
619
547
429
280
156
29
-129
-274
-462
-699
-874
-940
-1041
-1165
-1346
-1481
-1539
-1463
-1374
-1442
-1558
-1522
-1431
-1333
-1227
-1217
-1147
-1155
-1023
-874
-803
-685
-660
-604
-477
-319
-159
-122
-197
-161
-49
189
275
302
320
359
510
659
862
932
961
961
1133
1256
1264
1233
1197
1205
1233
1306
1314
1239
1214
1206
1066
1016
918
751
675
635
641
520
306
156
88
5
-97
-118
-173
-361
-523
-538
-468
-470
-436
-426
-414
-401
-448
-399
-327
-184
-189
-193
-81
91
284
464
462
441
450
393
407
487
526
376
221
83
-26
-48
0
36
-141
-403
-558
-631
-696
-685
-715
-866
-1009
-1088
-1014
-945
-973
-960
-902
-887
-781
-656
-700
-788
-794
-728
-603
-433
-366
-461
-447
-371
-219
-149
-49
3
-41
-43
-54
17
85
146
235
362
462
538
673
762
777
831
906
899
877
994
1088
1112
1071
992
891
869
895
864
667
436
349
379
365
299
192
6
-143
-297
-395
-404
-448
-601
-714
-749
-692
-600
-556
-574
-580
-576
-538
-408
-339
-250
-195
-127
-134
-216
-132
94
281
391
378
331
379
533
689
615
446
371
332
321
355
372
217
-40
-153
-126
-61
-163
-323
-456
-599
-643
-577
-449
-525
-656
-699
-752
-718
-536
-450
-536
-647
-657
-453
-333
-299
-273
-323
-356
-275
-135
-78
-83
-45
32
105
161
134
95
172
380
503
507
479
549
760
922
872
770
698
728
862
950
959
834
619
537
618
790
739
640
583
455
349
247
265
227
14
-195
-192
-211
-194
-196
-343
-488
-509
-532
-571
-640
-659
-645
-626
-539
-468
-420
-345
-322
-307
-261
-290
-273
-210
-69
93
67
-44
-27
-20
49
186
231
282
402
428
328
241
229
360
360
136
-47
-84
-71
-111
-165
-226
-320
-388
-340
-289
-342
-466
-497
-445
-410
-381
-434
-547
-628
-509
-432
-463
-569
-681
-600
-427
-239
-171
-218
-276
-222
-130
-29
10
34
117
235
376
490
579
538
438
434
522
629
730
791
861
779
649
625
622
581
562
515
429
304
228
260
199
140
99
-6
-132
-101
-18
-27
-192
-299
-262
-219
-200
-163
-165
-258
-326
-378
-356
-312
-317
-237
-210
-200
-147
-64
-52
-5
31
-21
-46
-41
-10
91
109
114
130
38
35
160
236
227
186
215
282
277
281
293
244
125
45
31
93
16
-51
-127
-206
-214
-218
-309
-390
-317
-310
-352
-417
-372
-339
-368
-501
-572
-530
-478
-345
-285
-249
-298
-348
-321
-138
-105
-130
-98
-29
98
144
231
307
374
420
431
461
470
523
612
662
655
525
361
387
497
537
543
508
432
354
290
281
261
103
-17
-118
-124
-90
-117
-158
-188
-201
-297
-350
-381
-375
-381
-349
-368
-384
-294
-201
-182
-305
-321
-292
-313
-257
-145
-35
-32
-126
-198
-217
-114
-43
-25
-61
-78
-2
36
40
95
112
97
207
264
216
173
106
94
99
69
103
90
-73
-150
-141
-189
-237
-214
-172
-212
-307
-326
-304
-337
-385
-399
-479
-600
-599
-558
-450
-365
-340
-355
-425
-375
-196
-44
11
79
151
197
253
372
404
359
449
498
477
557
723
847
798
732
783
828
772
763
744
657
594
549
593
630
623
569
473
335
344
338
229
211
215
107
-34
-72
-94
-113
-138
-178
-244
-265
-284
-295
-302
-271
-282
-345
-349
-327
-291
-234
-218
-334
-398
-397
-279
-214
-241
-284
-329
-314
-236
-84
-82
-76
-62
-35
24
22
-76
-68
4
-88
-117
-136
-190
-240
-242
-186
-239
-333
-434
-505
-510
-519
-525
-524
-526
-612
-634
-515
-425
-446
-422
-382
-323
-259
-224
-201
-142
-87
-49
34
75
99
187
264
287
307
334
359
395
492
574
597
570
635
692
611
577
603
592
629
608
591
701
708
646
633
561
556
521
489
499
438
346
238
230
193
101
-53
-131
-142
-213
-316
-370
-373
-425
-472
-537
-518
-487
-484
-512
-569
-582
-585
-550
-478
-433
-341
-325
-331
-199
-23
49
76
119
160
211
247
280
264
245
243
215
171
154
162
127
62
17
12
20
-2
-56
-133
-261
-374
-453
-460
-367
-371
-487
-508
-516
-525
-516
-531
-533
-460
-356
-296
-185
-72
-65
-78
-108
-53
23
-27
103
221
258
296
339
340
355
386
456
548
556
528
531
546
550
664
732
646
581
543
573
580
562
555
534
495
461
428
320
288
252
158
85
29
-14
-85
-208
-282
-292
-323
-408
-443
-464
-512
-532
-498
-515
-569
-574
-514
-510
-522
-494
-386
-380
-371
-284
-292
-265
-171
-95
-126
-119
-32
23
66
90
62
72
31
36
132
144
64
-33
-71
-74
-95
-82
-45
-93
-129
-174
-297
-369
-338
-305
-200
-201
-235
-203
-221
-284
-304
-222
-174
-161
-95
9
24
50
-3
-14
25
44
62
120
199
292
352
360
319
278
273
336
359
328
407
501
489
454
475
526
570
531
498
489
422
357
417
528
470
381
325
262
232
205
90
6
-59
-122
-169
-250
-291
-291
-382
-466
-504
-511
-499
-495
-492
-497
-484
-455
-434
-443
-377
-322
-342
-257
-189
-169
-76
23
86
113
160
197
204
260
281
292
280
243
252
291
267
195
158
70
35
64
70
34
42
-40
-132
-103
-100
-124
-139
-155
-200
-180
-149
-108
-136
-225
-282
-298
-273
-155
-63
-30
-102
-187
-194
-189
-133
-72
-27
-49
-76
-81
46
86
96
116
99
186
268
377
416
421
436
418
401
406
435
567
613
594
502
423
389
384
419
365
324
288
234
183
181
156
0
-135
-223
-263
-263
-295
-353
-488
-600
-591
-537
-538
-547
-573
-545
-564
-536
-445
-405
-357
-324
-293
-269
-306
-287
-157
-146
-114
-71
-128
-143
-108
-53
18
49
99
163
209
203
117
31
10
7
3
61
122
35
-67
-77
-55
10
21
-17
-52
-75
-43
-7
-56
-44
-110
-163
-108
-17
9
-39
-47
-63
-62
-45
-11
-34
-59
-20
-27
12
36
68
137
234
357
383
402
374
394
437
445
472
512
524
503
493
502
506
503
537
559
487
409
371
279
271
222
132
71
-16
-109
-141
-157
-266
-306
-334
-363
-392
-359
-387
-405
-400
-442
-483
-532
-441
-422
-401
-370
-349
-340
-321
-271
-201
-127
-148
-170
-146
-147
-125
-89
-27
37
5
69
84
36
57
81
-9
-46
-50
-106
-72
-50
-35
66
55
29
75
82
107
91
92
56
40
-2
-28
-31
-47
-79
-38
-27
-96
-60
-10
-23
-57
-50
-71
-69
-92
-30
8
-4
22
63
109
80
132
190
273
355
333
400
438
445
459
470
460
499
475
469
450
302
295
318
265
247
226
176
117
62
12
-103
-169
-230
-283
-291
-323
-388
-391
-436
-435
-395
-402
-416
-476
-512
-497
-466
-453
-420
-370
-288
-220
-207
-160
-117
-105
-126
-148
-101
-109
-123
-70
-10
23
29
-9
-35
16
56
90
123
138
103
121
90
77
113
127
124
166
195
155
173
192
202
159
126
107
78
114
97
64
42
21
-26
-57
-60
-101
-141
-162
-191
-230
-217
-170
-168
-130
-41
-5
15
27
52
109
171
225
254
245
269
330
427
370
341
365
337
397
433
450
469
454
410
363
363
316
234
150
111
81
28
40
-14
-23
-74
-124
-243
-290
-335
-386
-337
-290
-343
-411
-419
-474
-443
-426
-400
-336
-310
-337
-314
-289
-303
-263
-229
-242
-200
-124
-98
-105
-97
-14
17
5
42
65
43
4
0
42
104
84
74
138
140
174
246
283
300
273
263
269
248
268
207
152
130
98
72
-26
-63
-97
-115
-27
-41
-69
-58
-73
-104
-108
-111
-103
-121
-155
-117
-57
4
20
36
4
1
29
33
35
65
102
133
180
175
142
135
139
170
163
79
77
89
71
84
29
-30
-22
-75
-104
-69
-64
-64
-63
-92
-156
-172
-172
-197
-214
-289
-305
-314
-347
-376
-344
-300
-251
-189
-189
-194
-164
-163
-176
-180
-159
-175
-129
-81
-114
-146
-170
-129
-106
-65
-12
71
86
115
176
166
222
218
199
268
299
274
242
265
278
299
260
250
267
220
186
164
161
168
164
129
74
84
67
60
59
58
44
-38
-139
-139
-99
-47
16
59
86
80
99
112
115
149
154
202
256
218
284
315
297
293
275
238
206
239
235
272
283
253
241
200
125
79
35
16
45
0
-40
-66
-71
-115
-139
-190
-225
-229
-253
-269
-293
-297
-313
-353
-317
-301
-315
-301
-347
-386
-469
-487
-452
-438
-355
-344
-351
-346
-386
-375
-367
-343
-319
-274
-257
-177
-112
-113
-84
-28
30
32
21
81
134
196
197
207
220
199
163
187
176
117
69
62
84
91
139
105
77
28
20
25
38
43
39
13
-14
-29
-51
-33
-30
-44
14
85
134
161
161
145
142
117
145
174
205
242
269
351
310
261
283
280
285
329
343
313
293
293
267
217
160
128
110
114
146
148
113
137
93
100
139
109
47
-13
-56
-47
1
-27
-56
-140
-169
-255
-311
-304
-263
-291
-341
-383
-388
-350
-364
-359
-348
-339
-371
-396
-340
-292
-193
-122
-102
-7
37
1
-26
-27
-44
2
41
85
167
200
199
196
146
117
149
157
124
213
207
152
100
92
48
-24
17
-19
14
-75
-109
-101
-128
-108
-88
-83
-112
-85
-111
-98
-59
-17
20
51
109
90
58
60
73
89
65
63
31
19
-2
-28
23
31
0
22
55
3
-21
-37
-52
-37
-43
-19
-21
-41
-37
-59
-24
7
7
18
49
57
8
-37
-93
-154
-179
-163
-140
-92
-70
-97
-88
-156
-192
-209
-219
-242
-248
-217
-203
-187
-183
-137
-124
-104
-57
-45
-11
12
2
-40
-35
-6
45
84
164
216
257
234
175
157
157
205
251
278
319
330
291
279
263
247
217
226
173
129
131
103
85
113
120
77
46
36
40
21
5
-6
-1
27
33
71
76
39
-4
-5
-10
30
62
75
139
151
131
114
107
50
3
16
1
-32
-48
-42
-41
-12
41
51
57
26
44
33
28
39
0
-13
-3
0
-23
-91
-126
-148
-144
-144
-149
-158
-192
-229
-285
-295
-282
-277
-282
-259
-213
-209
-196
-215
-239
-309
-337
-291
-267
-232
-256
-252
-265
-246
-147
-87
-72
-68
-44
-27
-6
-9
38
98
142
189
170
160
151
106
117
115
106
160
177
175
200
196
155
114
73
69
74
87
141
168
135
149
169
176
162
121
108
120
125
137
112
121
132
78
54
49
47
63
69
65
104
120
82
90
49
1
40
45
45
55
62
56
70
39
10
17
22
43
46
65
45
12
-32
-30
-76
-107
-93
-93
-101
-82
-107
-148
-143
-175
-182
-192
-184
-176
-212
-248
-259
-245
-233
-248
-214
-195
-198
-209
-204
-209
-220
-195
-157
-95
-26
31
34
110
143
136
139
167
160
137
154
176
209
231
222
181
182
164
157
178
176
148
116
109
98
109
126
123
90
94
92
70
43
53
48
6
7
16
15
3
5
-37
-22
25
-30
-51
-24
-36
-51
-56
-59
-41
-49
-78
-98
-145
-176
-149
-109
-67
-52
-9
1
-9
27
62
36
2
-42
-84
-121
-100
-65
-53
-4
21
20
-1
47
29
34
18
5
16
-8
-18
-17
5
-71
-136
-135
-129
-133
-131
-97
-67
-50
-36
-38
-41
-47
-23
-33
-18
-7
24
17
16
50
62
46
57
73
48
57
45
48
44
69
64
66
72
66
92
75
41
38
17
-11
9
0
-37
-49
-58
-59
-40
-49
-50
-31
-28
-60
-59
-28
-9
-35
-39
-40
-68
-63
-39
-16
-24
-38
-38
-11
-2
-1
28
26
-12
10
17
13
30
46
49
81
77
77
107
76
87
90
83
87
76
72
107
97
41
27
35
28
7
19
10
3
-11
-39
-45
-29
-66
-42
-29
-44
-7
-33
-47
-38
-70
-92
-110
-112
-105
-80
-66
-66
-70
-69
-89
-88
-69
-10
41
64
96
88
79
74
55
69
102
122
145
128
137
160
183
191
180
211
192
172
158
159
144
105
112
96
93
49
14
15
-4
-16
4
18
-14
-39
-44
-73
-90
-83
-90
-78
-83
-83
-114
-129
-138
-167
-173
-186
-172
-152
-177
-179
-159
-174
-134
-126
-125
-133
-107
-89
-67
-55
-65
-23
-23
-20
-23
-24
-23
-45
-50
-20
-10
-9
-15
11
16
-3
11
35
35
22
16
12
-25
-60
-68
-31
11
-2
-8
-13
-17
-35
-48
-25
-10
-15
-9
-15
-19
-18
-7
-18
-26
-34
-43
0
35
54
58
46
39
51
73
86
125
128
131
126
117
92
75
58
59
97
150
172
174
161
118
92
72
61
27
50
70
44
36
42
38
25
35
52
23
30
47
21
1
7
17
9
13
27
51
39
22
20
11
2
-23
-5
-18
-22
0
21
22
24
37
27
23
29
18
-2
-18
-37
-46
-52
-48
-35
-10
-23
-39
-24
-58
-93
-138
-156
-138
-109
-120
-122
-114
-130
-155
-163
-177
-194
-203
-185
-156
-136
-117
-95
-114
-151
-155
-133
-110
-113
-69
-76
-75
-36
-47
-20
-3
1
0
-4
17
12
27
41
42
74
106
116
160
182
174
165
178
183
168
159
144
142
149
152
126
107
84
68
40
23
58
71
56
74
83
71
66
24
7
39
55
73
105
77
37
12
-4
-5
8
2
-10
-15
-11
9
-14
-11
-20
-18
8
-7
8
-5
-25
-35
-40
-59
-52
-25
-9
-3
-7
-4
-4
10
-13
-15
-9
-44
-65
-63
-71
-84
-99
-91
-87
-104
-101
-94
-90
-88
-95
-110
-83
-60
-74
-68
-80
-74
-60
-59
-49
-23
-15
-20
3
-4
-15
5
7
24
45
45
53
53
57
76
58
39
50
53
78
79
64
87
63
39
53
33
15
27
17
21
46
46
34
25
11
19
3
-10
-14
-42
-29
-16
1
-10
-20
-3
23
7
-9
14
-1
-14
-9
-3
-24
-33
-35
-27
-13
-18
-28
-26
-26
-17
16
47
69
58
47
56
52
53
48
20
14
26
21
20
18
12
-6
19
31
38
54
58
32
4
5
-7
-25
-40
-53
-68
-52
-62
-79
-68
-50
-56
-57
-56
-52
-55
-37
-44
-59
-49
-35
-12
-8
-6
-27
-17
-6
13
24
28
44
47
54
42
37
51
45
28
32
33
-7
4
22
-1
13
38
51
64
65
58
37
11
7
-8
-9
2
-4
-20
-32
-26
-23
-27
-30
-29
-42
-57
-61
-52
-16
-8
-9
2
23
18
13
4
-20
-9
-41
-57
-38
-30
-30
-37
-46
-31
-19
-30
-19
4
9
12
15
-1
5
3
-21
-14
-11
-2
3
-13
-20
-24
-4
-2
10
33
38
32
31
25
16
17
11
19
18
14
9
-8
-13
-20
6
4
19
53
63
55
69
51
39
35
8
30
41
50
41
40
42
44
40
26
4
5
15
29
50
32
28
21
4
15
20
14
-4
-16
-25
-19
-20
-28
-21
-7
-12
-3
-10
-34
-34
-35
-38
-35
-39
-64
-72
-61
-65
-38
-30
-57
-53
-41
-58
-55
-38
-39
-33
-29
-31
-40
-43
-50
-36
-14
-13
-11
3
-10
-35
-32
-20
-11
3
12
7
11
7
2
-12
-32
-12
-16
-16
-16
-24
-39
-50
-25
-3
26
17
2
30
35
24
19
30
48
58
44
57
62
43
43
55
64
74
80
74
81
94
92
95
97
101
86
81
74
64
53
40
44
41
51
51
38
41
27
13
11
-13
-30
-33
-32
-26
-48
-60
-60
-65
-63
-61
-71
-90
-106
-100
-66
-63
-57
-55
-78
-83
-88
-95
-89
-84
-60
-42
-27
-21
-39
-42
-27
-21
-3
13
11
12
3
1
8
15
27
35
31
34
41
30
61
90
81
77
86
82
59
40
42
71
58
44
35
33
26
4
11
6
-6
5
-11
-22
-15
-31
-53
-62
-64
-54
-43
-28
-30
-56
-64
-84
-92
-67
-48
-37
-22
-18
-22
-31
-50
-63
-74
-53
-24
-4
33
15
12
9
-6
-12
-4
7
8
4
-6
10
6
6
20
25
46
59
55
52
50
47
35
35
34
31
39
39
50
61
53
41
42
22
19
25
13
12
18
12
4
5
-2
-5
-10
-4
-3
7
6
15
9
3
17
4
-8
-19
-29
-30
-21
-9
-5
-2
-13
-23
-18
-8
-16
-34
-30
-35
-30
-7
-1
-18
-16
-26
-33
-36
-24
-23
-27
-32
-28
-26
-32
-16
-3
8
2
0
-4
-6
-14
-11
-1
1
1
1
1
8
12
21
21
30
44
36
39
29
28
32
36
31
42
34
33
40
26
30
39
32
28
27
20
11
-4
-13
-19
-7
-7
-12
-13
-19
-29
-40
-54
-44
-51
-44
-35
-30
-21
-29
-24
-23
-36
-28
-33
-21
-20
-9
-3
-12
-10
-10
-11
-20
-14
2
9
7
2
11
16
19
26
26
20
14
10
14
16
16
21
21
24
24
20
21
38
31
29
36
36
35
35
24
15
19
8
8
11
13
21
2
0
-1
1
12
16
19
-2
-5
-5
-11
-8
2
2
-16
-12
-13
-22
-15
-16
-14
-6
-6
-7
-13
-21
-23
-21
-20
-14
-9
0
0
-11
-13
-13
-7
3
-6
-5
-1
-9
-10
-16
-30
-37
-42
-40
-15
-9
-6
-11
-9
2
-9
5
15
1
-8
-9
-21
-21
-9
-3
9
18
20
17
36
29
16
10
12
6
8
14
-1
-16
-31
-23
-19
-9
2
6
-10
-13
-12
-7
-3
4
1
-4
-2
-15
-27
-31
-24
-17
-18
-15
-9
-13
-17
-8
-4
-9
-14
-21
-21
-16
-4
-1
1
8
15
14
12
2
4
-6
-2
2
7
17
2
-8
-2
12
14
10
14
12
25
41
37
46
46
32
32
36
37
39
34
22
23
18
31
21
30
46
49
52
43
26
3
-19
-24
-1
5
10
33
52
54
36
25
8
0
-1
-7
-10
-2
9
11
15
17
23
9
-6
-11
-21
-19
-15
-35
-33
-23
-30
-26
-21
-20
-32
-33
-26
-31
-26
-22
-23
-20
-25
-36
-36
-32
-30
-36
-27
-31
-30
-22
-20
-20
-33
-34
-37
-32
-22
