1
-1
0
0
2
2
-1
1
4
3
5
4
2
7
6
4
6
6
7
9
8
8
8
5
8
10
5
5
7
12
13
12
13
11
14
10
12
10
9
9
7
10
7
4
3
5
7
8
9
8
8
4
4
10
10
9
10
9
6
6
4
-1
-2
-3
-4
-1
2
2
3
2
2
0
-3
-3
-1
-3
-5
-5
-6
-7
-7
-8
-8
-7
-5
-7
-4
-5
-5
-2
-6
-7
-2
0
-2
0
-3
-3
-8
-12
-7
-6
-6
-5
-6
-8
-9
-11
-12
-12
-10
-13
-14
-14
-13
-12
-15
-17
-15
-16
-13
-10
-7
-7
-6
-6
-6
-5
-4
-8
-9
-9
-7
-8
-4
1
1
3
1
3
3
4
5
8
11
9
9
6
2
4
3
8
11
11
10
11
11
3
5
5
3
8
12
9
12
14
9
12
8
12
12
8
6
1
4
6
6
8
9
6
8
8
10
9
6
5
2
5
5
3
3
4
2
2
5
2
-3
-3
-7
-7
-7
-4
-1
-1
3
3
1
0
-1
-2
-3
0
-1
-5
-5
-5
-4
-3
-3
-4
-2
1
1
3
4
2
1
-2
-5
-6
-3
-4
-6
-5
-5
-3
-4
-2
3
5
3
0
-6
-3
-3
-5
0
0
2
4
4
6
7
6
4
3
3
1
-2
1
4
4
1
0
-4
-5
1
7
4
1
-1
-6
-5
-7
-5
-7
-8
-6
-7
-4
-2
-3
-8
-7
-7
-11
-9
-10
-10
-9
-9
-10
-11
-16
-16
-17
-12
-10
-8
-9
-10
-12
-11
-5
-2
-1
2
3
2
5
4
1
3
3
1
3
1
0
5
2
4
6
5
6
8
10
12
13
11
10
11
9
9
10
7
8
8
8
9
8
7
3
2
1
3
3
4
3
-2
-2
-3
-8
-8
-6
-5
-4
-5
-4
-3
-3
-8
-10
-12
-11
-6
-4
-5
-6
-5
-3
0
0
1
1
1
3
7
9
12
11
13
8
7
9
10
15
17
18
16
16
17
18
19
19
20
24
28
27
27
25
20
17
17
17
17
14
15
17
14
11
10
8
5
5
4
3
0
-3
-8
-11
-12
-15
-15
-14
-11
-13
-13
-17
-20
-19
-21
-23
-23
-24
-27
-28
-25
-24
-26
-25
-31
-32
-30
-29
-27
-23
-26
-25
-22
-22
-27
-27
-26
-27
-22
-14
-11
-12
-11
-14
-13
-12
-10
-6
-1
2
0
4
1
2
1
3
6
8
10
11
11
8
9
8
11
14
12
12
11
10
13
14
14
14
13
12
10
14
19
17
16
16
15
19
18
19
15
12
11
10
8
8
10
14
14
10
13
11
5
1
2
2
2
3
1
2
2
5
3
2
0
-3
-3
-4
-6
-4
-5
-7
-8
-7
-7
-5
-6
-4
0
-1
-4
-6
-3
-1
2
7
7
8
8
0
1
0
-2
-3
-2
-2
0
-1
0
2
0
0
-1
-5
-5
-5
-4
-4
-5
-5
-1
5
8
11
6
1
4
4
4
4
4
1
4
11
14
19
18
18
18
17
16
14
13
12
11
10
12
13
15
16
22
23
23
28
32
31
35
36
33
30
25
21
18
14
7
4
-1
-10
-13
-20
-29
-38
-46
-61
-67
-75
-88
-95
-103
-107
-108
-106
-111
-115
-119
-119
-118
-110
-101
-92
-83
-74
-63
-55
-48
-38
-27
-13
8
21
26
26
30
38
40
46
55
58
58
59
61
63
63
60
58
60
59
58
61
65
68
70
71
72
69
67
65
66
66
64
64
58
53
49
47
40
39
39
40
46
54
61
73
85
96
104
106
107
104
100
96
93
90
85
81
73
59
43
23
1
-25
-48
-71
-90
-110
-132
-151
-170
-183
-199
-212
-214
-219
-221
-220
-218
-211
-200
-185
-169
-153
-132
-118
-104
-81
-65
-49
-29
-7
9
29
40
54
64
71
79
84
83
80
79
75
74
76
74
70
70
68
61
57
49
36
28
22
19
19
22
27
28
30
30
24
15
14
11
6
5
-2
-6
-9
-6
-9
-12
-15
-23
-28
-29
-27
-23
-17
-11
-8
-2
1
7
16
20
28
29
33
39
37
40
46
47
53
59
62
65
75
79
86
100
114
125
131
133
126
121
115
111
105
101
96
89
74
55
28
-3
-28
-54
-76
-101
-127
-158
-187
-207
-227
-240
-256
-264
-267
-268
-258
-247
-237
-222
-205
-190
-173
-155
-132
-110
-91
-67
-42
-15
6
26
49
64
84
101
117
135
147
148
152
149
145
148
148
141
139
133
127
121
117
110
103
100
91
84
77
67
65
61
57
60
58
49
43
36
20
6
-1
-12
-24
-34
-37
-53
-63
-71
-86
-93
-93
-98
-100
-94
-91
-83
-70
-63
-57
-49
-41
-36
-26
-20
-12
-7
1
12
17
28
35
44
58
66
76
94
120
150
182
198
207
201
193
191
188
196
208
219
223
216
187
148
107
61
28
-4
-36
-75
-113
-157
-198
-231
-269
-305
-338
-359
-368
-374
-374
-373
-372
-368
-356
-337
-318
-290
-259
-232
-203
-170
-138
-105
-74
-44
-8
25
52
76
101
120
139
151
159
161
159
164
163
165
163
160
157
150
143
145
147
142
132
121
112
102
99
95
95
93
93
93
88
78
62
49
31
10
2
-5
-14
-22
-38
-53
-68
-81
-87
-92
-90
-89
-82
-71
-62
-52
-41
-28
-14
0
16
31
42
59
71
81
97
114
126
133
142
147
152
157
175
214
253
275
285
285
275
265
270
269
277
292
310
312
290
255
195
125
62
10
-30
-64
-115
-173
-231
-295
-360
-423
-479
-526
-555
-573
-573
-577
-575
-573
-570
-557
-538
-505
-470
-435
-401
-363
-313
-260
-215
-174
-141
-106
-67
-27
11
43
64
81
97
100
108
120
135
149
162
174
178
181
199
222
230
232
226
224
234
261
284
290
295
299
291
294
288
271
246
211
196
188
174
154
126
82
41
16
-8
-28
-53
-79
-93
-107
-119
-125
-132
-130
-127
-131
-122
-111
-112
-108
-98
-86
-73
-61
-54
-40
-16
-7
8
26
45
61
73
104
156
229
298
347
368
355
345
346
362
408
479
542
568
555
495
418
332
260
225
199
155
84
-17
-137
-245
-345
-424
-503
-576
-627
-659
-675
-696
-723
-750
-766
-772
-744
-696
-638
-584
-549
-503
-437
-375
-308
-249
-187
-140
-93
-35
28
86
122
155
172
173
170
183
208
227
254
276
288
303
285
260
231
199
194
201
240
288
302
289
252
218
193
182
194
195
195
182
144
117
92
63
40
14
-15
-18
-24
-44
-73
-107
-158
-193
-209
-204
-195
-192
-202
-230
-229
-209
-184
-154
-129
-123
-119
-93
-61
-26
5
27
49
72
111
165
245
375
509
580
570
517
480
464
499
577
693
816
864
808
667
495
340
259
264
300
301
190
-13
-255
-484
-626
-696
-730
-754
-806
-853
-910
-974
-1009
-1039
-1027
-993
-930
-836
-739
-662
-636
-608
-556
-461
-328
-204
-102
-49
-33
-14
39
129
230
295
300
268
247
251
258
280
304
306
298
294
305
308
284
233
205
211
237
293
351
387
361
314
279
267
288
347
408
415
386
320
248
184
146
132
89
67
34
-12
-39
-82
-134
-193
-227
-235
-222
-216
-204
-222
-264
-284
-274
-227
-167
-139
-132
-154
-166
-156
-116
-56
4
44
64
130
297
552
773
824
689
533
503
610
791
988
1167
1227
1153
933
706
548
461
481
546
562
393
36
-409
-730
-886
-866
-786
-814
-975
-1219
-1466
-1615
-1579
-1449
-1329
-1293
-1312
-1346
-1345
-1279
-1169
-1025
-870
-730
-601
-493
-413
-356
-301
-178
-8
161
307
330
278
214
145
173
283
427
513
480
378
261
210
202
207
213
219
225
222
231
281
379
471
477
426
382
406
489
588
683
725
705
642
573
551
579
554
456
361
283
244
250
262
250
223
127
21
-37
-35
2
-30
-90
-117
-98
-69
-49
-47
-92
-162
-232
-241
-178
-97
-2
46
170
493
893
1064
856
473
303
490
824
1159
1358
1412
1268
919
582
447
473
614
707
657
373
-232
-933
-1365
-1333
-999
-766
-935
-1431
-2024
-2401
-2345
-1925
-1453
-1243
-1434
-1824
-2034
-1870
-1455
-1002
-701
-635
-705
-771
-698
-473
-190
59
230
378
520
572
527
484
495
616
742
761
708
628
464
338
375
482
556
497
276
41
-59
47
184
292
327
229
167
167
254
410
507
480
381
323
384
521
627
649
570
419
319
290
263
208
117
54
49
112
127
34
-33
-116
-176
-212
-223
-200
-211
-247
-253
-146
-58
-82
-197
-285
-292
-261
-97
239
740
1202
1226
673
111
167
845
1585
1887
1819
1678
1509
1261
1074
1061
1084
1073
1059
1012
739
-14
-995
-1514
-1258
-624
-306
-700
-1660
-2614
-2997
-2587
-1721
-1139
-1328
-2075
-2721
-2654
-1947
-1149
-797
-939
-1237
-1376
-1068
-451
99
173
-114
-378
-241
288
770
848
619
408
380
549
823
963
747
291
-53
22
358
491
200
-268
-575
-565
-341
-160
-142
-320
-456
-404
-82
281
385
291
169
225
475
772
850
835
801
777
891
1016
1067
998
846
656
636
709
713
561
381
397
534
577
475
320
138
47
94
224
308
285
89
-152
-161
64
490
1137
1661
1529
638
-193
-40
1008
1950
2106
1757
1443
1248
1070
974
1002
1048
914
748
725
479
-393
-1455
-1858
-1434
-874
-956
-1792
-2831
-3486
-3362
-2601
-1831
-1751
-2571
-3508
-3707
-2836
-1568
-896
-1114
-1854
-2373
-2102
-1061
135
723
400
-323
-590
-87
828
1448
1441
1015
665
678
963
1376
1517
1211
701
355
311
395
365
116
-207
-348
-286
-294
-392
-532
-606
-642
-625
-512
-469
-439
-218
68
232
279
231
147
240
628
1074
1252
1005
654
587
739
968
1191
1165
811
358
198
504
1017
1208
902
480
250
342
564
692
602
312
-59
-164
-5
281
560
828
1321
1788
1628
639
-70
541
1831
2452
2094
1587
1510
1542
1424
1333
1317
1143
989
1066
1177
573
-791
-1939
-1931
-1018
-453
-1086
-2543
-3768
-4100
-3451
-2395
-1836
-2431
-3757
-4504
-3856
-2287
-1283
-1502
-2359
-2829
-2433
-1454
-344
304
147
-472
-579
185
1358
1874
1476
956
1018
1593
2087
2067
1836
1596
1255
1127
1177
1425
1363
757
71
-367
-460
-589
-780
-800
-637
-602
-859
-1126
-1182
-887
-438
-57
86
-108
-430
-539
-209
562
1315
1398
780
73
9
608
1389
1723
1309
543
-63
-56
628
1310
1335
700
-90
-494
-299
308
773
661
52
-565
-684
-266
516
1549
2191
1607
-160
-1207
15
2345
3395
2433
1103
895
1508
2048
2079
1988
1669
1146
1035
1365
1098
-386
-1907
-2011
-853
-194
-1108
-2801
-3841
-3797
-2991
-2222
-2060
-2827
-4034
-4556
-3782
-2317
-1549
-1932
-2710
-2708
-2001
-1376
-957
-597
-310
-237
-91
459
1072
1460
1448
1356
1582
1866
1881
1905
2242
2747
2840
2355
1731
1338
1293
1401
1381
1114
570
-121
-604
-596
-257
-54
-491
-1211
-1604
-1509
-1012
-433
-96
-341
-999
-1378
-1121
-301
421
539
4
-562
-453
214
970
1350
1240
696
199
170
751
1393
1526
1140
485
70
250
719
1041
1055
591
-23
-484
-303
381
1337
2165
2191
781
-1117
-1238
887
3013
3001
1488
546
885
1639
1978
1856
1772
1539
1295
1485
1643
739
-1033
-1856
-948
81
-422
-2116
-3255
-3257
-2704
-2277
-2417
-3084
-3868
-4100
-3335
-2151
-1753
-2616
-3608
-3413
-2333
-1451
-1221
-1104
-1022
-1098
-1141
-790
93
874
1116
946
860
1141
1330
1405
1985
2817
2840
1808
893
1129
1961
2249
1892
1466
1152
769
285
-42
189
271
-25
-320
-510
-966
-1692
-1654
-653
155
-395
-1737
-2398
-1896
-704
275
367
-452
-1482
-1647
-663
848
1792
1256
-72
-762
-196
927
1571
1492
857
139
-27
522
1327
1643
1123
230
-235
-43
431
735
1129
1958
2253
1129
-597
-808
1130
3037
2883
1267
548
1220
1989
2156
2143
2172
1580
981
1386
2175
1673
-169
-1238
-423
548
-86
-1612
-2559
-2501
-2232
-2260
-2340
-2507
-3070
-3677
-3463
-2483
-2057
-2668
-3260
-2838
-2070
-1909
-2123
-1754
-959
-637
-849
-840
-188
547
846
846
969
1141
1225
1314
1732
2385
2431
1768
1219
1371
1825
1937
1627
1237
993
735
415
301
524
497
-85
-678
-745
-701
-955
-961
-614
-538
-1184
-1848
-1817
-1164
-566
-443
-667
-1091
-1343
-1190
-597
101
466
211
-299
-466
-151
558
1143
1227
872
365
246
604
1158
1531
1441
835
65
-178
368
1187
1917
2538
2443
1061
-805
-720
1663
3687
3016
836
25
1165
2310
2258
1777
1511
981
605
1169
2024
1316
-807
-1826
-746
325
-361
-1841
-2607
-2525
-2521
-2542
-2427
-2434
-2993
-3586
-3407
-2730
-2501
-2889
-2957
-2425
-2187
-2608
-2760
-1899
-757
-525
-1037
-1182
-609
187
773
1092
1198
1002
749
981
1901
2655
2458
1524
1092
1487
1960
2090
1982
1774
1496
960
541
534
855
888
545
225
-42
-646
-1253
-923
62
426
-598
-1778
-1847
-1191
-556
-252
-392
-884
-1361
-1195
-635
5
274
40
-123
-49
201
550
814
889
848
774
721
843
1014
1206
1201
875
385
169
512
968
1423
2005
2142
921
-719
-524
1629
3191
2251
160
-188
1267
2265
1942
1302
1145
936
772
1375
2017
993
-1178
-1894
-392
797
-99
-1873
-2682
-2450
-2181
-2024
-1905
-2086
-2749
-3273
-3053
-2476
-2199
-2491
-2528
-1979
-1735
-2099
-2268
-1474
-446
-256
-740
-931
-434
344
1072
1341
1047
683
617
1033
1692
2184
2276
2050
1784
1559
1425
1548
1744
1786
1404
856
240
-118
261
870
936
198
-732
-1350
-1336
-413
502
166
-1313
-2465
-2258
-1224
-405
-323
-949
-1977
-2439
-1835
-631
50
-182
-871
-1200
-967
-450
203
771
810
187
-256
-54
589
1034
1159
1087
691
219
139
569
1086
1084
853
1173
1889
1752
413
-288
906
2544
2263
794
761
2295
2893
2092
1246
1192
1531
1880
2571
2680
1161
-1142
-1719
31
1400
579
-1424
-2529
-2309
-1995
-1822
-1746
-1954
-2574
-3277
-3193
-2442
-1951
-2159
-2545
-2344
-2005
-2102
-2196
-1575
-516
-205
-921
-1351
-775
193
777
846
776
652
565
735
1353
2069
2322
1915
1364
1106
1191
1479
1855
1869
1322
537
-38
37
631
1099
818
-40
-725
-961
-693
66
577
171
-816
-1493
-1501
-1077
-605
-144
-252
-1025
-1589
-1259
-466
-74
12
93
54
-296
-658
-400
356
717
395
13
39
412
769
1044
1038
494
-102
-32
694
1342
1221
981
1512
2016
1266
-176
-53
1831
2939
1788
457
1232
2782
2617
1336
840
1360
1742
1781
1982
1651
-88
-1796
-1315
553
901
-905
-2762
-3031
-2412
-2300
-2415
-2472
-2752
-3501
-3975
-3369
-2366
-2277
-2856
-2877
-2285
-2127
-2551
-2468
-1232
-256
-539
-1193
-1020
-135
497
700
926
1207
1037
645
956
2085
2754
2236
1394
1246
1593
1607
1419
1409
1360
1047
438
-18
18
396
574
347
-103
-545
-967
-942
-151
665
354
-801
-1545
-1283
-399
394
556
-93
-859
-894
-173
530
714
481
210
119
-48
-109
270
822
945
527
51
-107
308
958
1451
1214
272
-481
-392
271
1063
1235
1041
1316
1729
1026
-404
-124
2081
3474
2170
338
730
2420
2968
2413
1757
1548
1200
1169
2062
2539
1050
-1386
-1791
-184
499
-683
-1966
-2252
-2374
-2884
-2947
-2397
-2229
-3029
-3697
-3311
-2514
-2449
-2872
-2659
-1900
-1876
-2571
-2544
-1244
-164
-283
-671
-440
77
255
448
1021
1311
839
516
1038
1942
2008
1241
1012
1427
1549
1095
663
678
748
599
386
253
-25
-335
-430
-387
-364
-650
-1242
-1330
-632
45
-260
-1069
-1311
-1004
-660
-395
-53
-156
-536
-634
-227
115
15
-2
291
389
83
-187
-168
215
517
536
368
85
39
339
815
870
349
-266
-275
97
514
592
535
1365
2165
1462
-346
-542
1646
3266
2245
549
1062
2918
3443
2538
1623
1511
1514
1859
2990
3316
1330
-1619
-2139
-66
1300
271
-1678
-2686
-2943
-3078
-2757
-1997
-1658
-2710
-3928
-3712
-2509
-1998
-2413
-2393
-1690
-1634
-2366
-2363
-1075
216
46
-660
-557
-45
374
856
1438
1715
1425
984
962
1457
2015
2500
2496
2010
1281
922
1174
1576
1573
1139
717
355
80
255
293
-8
-325
-346
-302
-586
-565
-291
-359
-842
-863
-860
-1094
-1018
-618
-333
-438
-878
-1061
-811
-454
-182
-54
-185
-499
-724
-688
-267
218
227
-216
-680
-522
159
446
141
-337
-459
-329
-308
-244
-44
-7
447
1558
1962
308
-1320
-133
2473
3145
1610
853
2282
3515
3106
2095
1684
1852
2025
2883
3700
2628
-276
-1962
-589
1402
1070
-973
-2455
-2772
-2875
-2870
-2370
-2058
-2780
-3892
-3855
-2828
-2279
-2670
-2898
-2095
-1493
-2064
-2675
-1923
-368
166
-296
-522
-155
109
531
1254
1643
1481
1117
1057
1420
1945
2257
2124
1660
1284
1044
1007
1213
1397
1134
698
365
185
224
91
-285
-568
-401
-154
-305
-415
-190
-121
-479
-605
-354
-361
-511
-231
191
142
-189
-207
-42
56
-3
-55
-114
-187
-232
-348
-219
50
64
-275
-474
-321
-57
-15
-136
-193
-330
-459
-456
-513
-497
-387
-183
999
2654
2472
-40
-1442
482
3132
3382
2227
2192
3246
3506
2899
2265
2253
2401
2515
3195
3509
1794
-1266
-2285
-339
1214
151
-2137
-3222
-3264
-3399
-3142
-2571
-2529
-3536
-4236
-3642
-2888
-2941
-3488
-3133
-1791
-1316
-2142
-2748
-1766
-326
117
-180
-359
-213
27
677
1416
1520
1306
1204
1251
1776
2092
1576
775
838
1514
1417
680
186
280
502
374
66
-434
-622
-520
-241
162
127
-548
-1223
-722
479
750
146
-250
-118
-15
77
661
998
660
152
162
536
489
127
-86
203
448
-32
-587
-510
-5
70
-380
-617
-610
-733
-731
-339
-44
-221
-720
-1132
-1133
-455
79
768
2545
3843
2309
-687
-795
2161
4210
3724
2740
3226
4004
3530
2572
2058
2295
2267
2566
3468
3045
176
-2943
-2655
-230
466
-1155
-3098
-3998
-4615
-4634
-3608
-2705
-2868
-3978
-4435
-3861
-3244
-3168
-3048
-1875
-764
-1106
-2154
-2066
-558
692
1040
715
501
460
810
1513
1887
1909
1776
1611
1478
1410
1308
1143
1311
1574
1229
379
-55
61
175
179
-87
-574
-912
-615
-80
22
-189
-382
-558
-348
478
946
364
-140
128
420
279
368
689
550
-9
-268
46
258
-147
-628
-674
-718
-1166
-1516
-1114
-356
-542
-1436
-1988
-1836
-1393
-1158
-873
-588
-657
-1018
-1123
-825
-526
-179
184
1049
3052
4382
2842
51
-14
2945
5061
4558
3339
3816
4941
4831
3675
2215
1702
1776
2800
4199
3606
85
-3739
-3765
-1172
267
-986
-3203
-4478
-5095
-4734
-3590
-2795
-3021
-3853
-3889
-3227
-2642
-2585
-2539
-1547
-323
45
-777
-1226
-120
1266
1816
1609
1676
1811
1735
1601
1385
1530
1709
1761
1670
1442
721
-437
-912
-391
377
325
-642
-1184
-1178
-1094
-1073
-1089
-706
-332
-382
-706
-567
-101
191
594
1226
1558
1068
573
976
1364
1243
1190
1262
693
-279
-507
-8
206
-425
-1183
-1498
-1734
-2209
-2404
-1864
-1198
-1342
-1874
-2157
-2001
-1741
-1377
-943
-625
-571
-718
-625
-309
-47
-15
86
422
1231
3617
6171
5630
1854
-649
1291
4783
5719
4316
3828
5008
5211
3545
1348
399
570
1341
2852
3378
669
-4175
-6287
-4072
-1214
-1175
-3356
-4717
-4858
-4858
-4740
-4196
-3485
-3365
-3157
-2148
-1167
-1517
-2810
-2607
-363
1828
1807
368
-130
452
1356
2336
3078
2871
1664
745
729
1316
1781
1518
857
321
119
-344
-693
-447
103
201
-380
-982
-1655
-1957
-1291
-306
252
154
-23
-160
-7
641
1164
1441
1715
2298
2413
1665
676
206
473
1408
2030
1166
-442
-1543
-1552
-1061
-919
-1376
-2131
-2834
-2990
-2639
-2284
-2153
-2182
-1952
-1635
-1539
-1688
-1734
-1195
-161
712
756
192
-132
275
1035
1861
3725
6324
6716
3653
418
1051
4018
5408
4571
3943
4929
5181
3321
752
-638
-944
-659
1239
3049
1428
-3538
-7143
-6237
-3216
-1866
-2895
-3981
-4165
-4293
-4434
-4078
-3310
-3051
-2700
-1189
590
737
-1003
-2054
-731
1512
2322
1598
1278
1723
1772
1343
1258
1467
1149
677
595
812
560
-448
-1412
-1583
-885
-241
-397
-850
-1281
-1706
-1837
-1132
-205
120
-4
-65
369
845
1063
1228
1752
2387
2497
2211
2303
2714
2477
1878
1629
1343
389
-419
-162
138
-721
-2231
-2711
-2378
-2263
-2627
-2985
-2943
-2884
-2968
-2559
-1774
-1274
-1380
-1465
-729
218
534
381
492
1018
1451
1412
1407
1489
1265
895
972
2457
5679
7711
5479
899
-1058
920
3047
3103
2675
3723
5108
4390
1447
-2032
-3842
-3256
-437
3032
3768
-30
-5560
-7662
-5724
-3038
-2150
-2182
-1858
-1871
-2532
-3304
-3827
-4201
-3358
-720
2332
3259
960
-2373
-3475
-1769
738
2093
2416
2289
1360
142
-514
-643
-619
-208
723
1427
1232
-27
-1905
-3051
-2269
-168
1090
940
333
-145
-503
-627
-380
165
1005
1909
2393
2188
1420
811
617
1260
2439
3179
3023
2062
1051
37
-538
-723
-686
-484
-89
-234
-1641
-3431
-4168
-3358
-2226
-1759
-1945
-2082
-2181
-2447
-2353
-1534
-769
-385
-124
286
884
935
423
85
627
1468
1603
1393
1298
855
29
-205
1136
4357
7261
6594
2510
-834
-539
1348
2046
2052
3178
5264
5791
3529
-369
-3734
-4766
-2682
1690
4779
3441
-1604
-6070
-7024
-5332
-3447
-2294
-1268
-382
-199
-1325
-3423
-5295
-5427
-3046
689
3622
3730
926
-2566
-3937
-2574
-270
1485
2399
2643
2092
735
-950
-2153
-2106
-857
701
2094
2608
1150
-1731
-3372
-2491
-355
1120
1503
1153
819
472
-157
-661
-517
458
1607
2378
2669
2185
1008
37
85
1022
1969
2248
1883
1095
76
-1015
-2300
-2831
-1862
-280
-120
-1467
-2580
-2769
-2721
-2818
-2537
-1790
-1165
-1040
-717
-8
224
-427
-950
-163
1318
1961
1436
925
1147
1417
1213
829
643
532
473
622
1436
3673
6269
6359
2984
-396
-500
1342
2065
1856
2754
5121
6371
4444
409
-3284
-4935
-3826
15
3800
3914
-75
-4718
-6612
-6078
-5143
-4335
-2705
-600
597
-73
-2396
-4924
-6221
-5087
-1630
2399
4415
2907
-604
-3013
-3168
-2055
-463
1563
3109
3126
2040
443
-1390
-2875
-2828
-1274
974
2706
2350
37
-2143
-2465
-1673
-959
-209
723
1437
1574
1343
867
-127
-689
38
1537
2977
3414
2479
1272
809
852
953
1194
1731
1793
1175
35
-1423
-2549
-2573
-1642
-987
-1217
-1779
-2056
-2222
-2477
-2633
-2371
-1808
-1286
-756
-104
268
57
-411
-28
1018
1490
1135
741
911
1160
951
639
620
427
-214
-512
65
1442
3801
6063
5850
2654
-235
-247
1164
1637
1612
3174
5992
7217
5089
724
-3375
-5227
-3819
193
3893
3787
-57
-4137
-5955
-5981
-5929
-5460
-3458
-733
950
561
-1550
-4459
-6520
-5817
-2122
2337
4296
2986
400
-1316
-1740
-1494
-663
827
2482
3634
3798
2541
2
-2581
-3420
-2005
625
2509
2202
430
-1113
-1626
-1861
-2031
-1636
-601
746
1992
2441
1247
-793
-1817
-1051
693
2399
3452
3351
2380
1294
688
580
663
980
1244
1392
800
-782
-2308
-2755
-2203
-1944
-2059
-1814
-1324
-1627
-2695
-3549
-3448
-2647
-1907
-1046
106
661
189
-355
-191
287
517
585
1197
2151
2324
1616
1013
717
116
-517
-383
724
2434
4805
6905
6329
2761
-454
-829
296
1212
2007
4033
6526
7131
4561
-301
-4713
-6362
-4207
198
3681
3584
191
-3689
-6117
-7063
-6990
-5880
-3539
-708
1172
955
-1378
-4630
-6726
-5886
-2267
1806
3638
2838
882
-446
-1030
-1330
-1451
-700
1391
3743
4707
3206
311
-2313
-3128
-1943
178
1904
2253
1436
292
-528
-1438
-2528
-2827
-1376
1004
2517
2343
1052
-104
-755
-694
-42
1063
2266
2804
2720
2407
2300
1880
764
-58
-16
525
553
86
-286
-590
-1503
-2758
-3004
-2306
-1615
-1684
-2085
-2266
-2190
-2016
-1906
-1474
-903
-516
-26
935
1652
1261
399
258
855
1201
1207
1463
2018
1963
1174
352
167
564
1055
1770
3563
5746
5934
3457
671
80
839
1263
1662
3204
5267
6077
4332
449
-3100
-4705
-3942
-1365
1490
2477
312
-2907
-4868
-5487
-5684
-5789
-4872
-2837
-808
-49
-1194
-3603
-5276
-4824
-2658
-306
769
666
286
574
1088
621
-506
-756
411
2194
3127
2597
1384
296
-92
-253
-303
96
449
555
575
505
-168
-1467
-2432
-2156
-1147
-261
102
-138
-423
-297
104
199
-40
-117
393
1662
3290
3953
2743
950
263
430
622
672
676
139
-610
-703
-523
-986
-2178
-3192
-3232
-2522
-1949
-1753
-1973
-2257
-2420
-2107
-1161
-174
412
335
399
1011
1443
1172
906
1460
2371
2661
2330
2061
1974
1788
1502
1353
1411
1639
2415
3869
4922
4543
2910
1600
1253
873
218
408
1914
3398
3536
2498
877
-1112
-2932
-3215
-1759
-240
-98
-915
-1427
-1884
-3137
-4485
-4784
-4252
-3536
-2693
-1424
-564
-1134
-2475
-3053
-2684
-2194
-1721
-964
181
1239
1623
1144
329
-346
-702
-268
1039
2262
2494
2193
2111
1919
958
-86
-516
-446
-78
353
232
-511
-1083
-1224
-1345
-1694
-1653
-1250
-1050
-1139
-1155
-840
-320
257
715
863
843
784
736
933
1265
1140
522
136
400
854
792
147
-709
-1315
-1393
-1180
-1239
-1784
-2246
-2070
-1403
-931
-940
-1203
-1412
-1139
-453
-22
64
29
315
895
1422
1737
1979
2191
2354
2549
2576
2513
2379
2229
2117
2152
2307
2801
3776
4250
3481
1916
577
-305
-924
-1186
-462
1077
2039
2006
1195
-157
-1741
-2873
-2664
-1324
-282
-227
-400
-585
-1295
-2220
-2675
-2464
-2247
-2266
-2009
-1212
-491
-498
-1041
-1752
-2102
-2055
-1665
-881
-42
268
-94
-348
-152
109
51
15
382
975
1490
1668
1334
1002
838
525
-189
-979
-1195
-923
-600
-164
296
182
-601
-1443
-1668
-1332
-833
-408
-129
20
284
445
493
473
407
443
744
1320
1663
1421
742
103
-147
-77
323
486
-38
-943
-1640
-1710
-1408
-1294
-1450
-1377
-1021
-854
-928
-1166
-1353
-1185
-975
-457
354
1000
1387
1695
1690
1547
1533
1600
1701
1974
2721
3517
3403
2311
1218
865
968
770
116
-450
-523
-235
288
444
-165
-855
-741
-119
306
241
22
369
1101
1706
1805
1464
1089
1046
1371
1643
1699
1226
481
-2
9
93
-253
-937
-1326
-1489
-1930
-2437
-2518
-2450
-2647
-2790
-2492
-1966
-1748
-1924
-2009
-1824
-1382
-895
-542
-248
-13
-46
-305
-306
-193
-329
-638
-676
-175
308
263
-142
-509
-442
-249
-225
-286
-302
-142
45
44
-155
-180
140
530
846
1005
967
542
187
429
867
1123
1024
713
446
245
162
120
-283
-753
-844
-642
-182
74
-105
-559
-1037
-1204
-1067
-561
95
355
359
547
1080
1477
1163
774
870
1112
1339
1669
2037
2041
1483
728
399
385
246
-95
-173
145
300
-42
-708
-1004
-763
-121
775
1492
1560
1194
714
372
363
657
1283
2252
3139
3480
3120
2210
1020
369
564
1022
944
333
-98
-421
-817
-1500
-2386
-3157
-3505
-3057
-2094
-1634
-2053
-2682
-2973
-2939
-2835
-2645
-2409
-2134
-1848
-1492
-1233
-1412
-1873
-2109
-1759
-1102
-652
-655
-522
78
559
476
12
-404
-676
-525
116
816
1249
1330
1227
1275
1442
1197
530
36
178
1036
1850
2057
1650
939
401
63
-19
214
490
571
556
596
387
-211
-749
-779
-381
131
485
546
346
1
-197
-197
-119
65
472
994
1330
1390
1158
782
400
159
170
241
296
230
12
-280
-472
-623
-831
-917
-957
-915
-800
-400
8
190
172
346
836
1257
1759
2225
2595
2667
2366
2090
2213
2562
2748
2782
2999
3273
3023
2207
1287
656
385
381
185
-302
-738
-984
-1360
-1890
-2365
-2600
-2716
-2587
-2316
-2368
-2858
-3487
-3864
-3834
-3489
-3183
-3145
-3181
-3031
-2690
-2426
-2457
-2479
-2139
-1769
-1425
-1188
-939
-670
-480
-426
-416
-265
-32
278
556
752
859
813
824
1059
1521
1800
1613
1050
529
421
745
1170
1440
1469
1448
1496
1438
1299
943
544
468
771
1317
1785
1776
1355
725
296
252
440
720
840
875
935
855
667
395
50
-230
-256
-174
-203
-327
-450
-676
-905
-1075
-1204
-1086
-907
-791
-493
-159
-78
-74
-80
25
147
266
473
830
1120
1198
1340
1783
2347
2684
2758
2552
2273
2098
2061
1957
1782
1748
2009
2330
2232
1648
981
650
437
154
-122
-300
-586
-842
-801
-941
-1608
-2683
-3579
-3744
-3316
-2892
-2974
-3405
-3648
-3688
-3669
-3702
-3665
-3483
-3108
-2509
-1969
-1677
-1708
-1845
-1917
-1693
-1105
-616
-298
40
422
623
457
96
-90
-8
372
702
845
763
531
505
644
808
628
354
502
949
1365
1561
1507
1433
1411
1526
1810
1867
1786
1633
1417
1475
1546
1480
1367
1271
1187
981
706
426
143
-4
-59
-162
-414
-860
-1208
-1255
-1260
-1247
-1159
-1218
-1351
-1237
-956
-646
-592
-529
-335
-131
254
567
669
746
888
875
925
1014
1000
1021
1205
1589
1900
2161
2421
2545
2404
1988
1748
1701
1792
2117
2534
2636
2558
2713
2769
2347
1539
898
838
1200
1300
724
-133
-889
-1511
-1977
-2382
-2749
-3199
-3689
-3838
-3716
-3826
-4206
-4557
-4537
-4186
-3852
-3834
-4037
-4023
-3510
-2830
-2311
-2060
-2068
-2182
-2039
-1509
-865
-367
-220
-161
12
284
410
264
147
283
539
829
1131
1449
1723
1795
1618
1374
1305
1314
1509
1924
2367
2587
2448
2081
1884
1942
1951
1792
1541
1622
1949
2183
2048
1459
767
338
265
173
-7
-247
-454
-550
-603
-800
-1404
-2082
-2083
-1509
-914
-665
-764
-970
-1011
-1015
-1030
-873
-678
-398
-20
504
780
727
422
249
513
945
1247
1372
1490
1401
1254
1203
1350
1954
2581
2631
2359
2156
2026
1827
1666
1652
1854
2211
2585
2692
2273
1456
478
-121
-299
-284
-316
-549
-909
-1383
-1867
-2418
-3035
-3585
-3690
-3219
-2694
-2710
-3215
-3728
-3958
-3840
-3651
-3464
-3297
-3123
-2736
-2173
-1789
-1628
-1696
-1822
-1723
-1240
-664
-341
-167
5
133
103
137
240
366
467
717
1139
1465
1618
1702
1795
1915
1925
1741
1429
1239
1472
1983
2203
2108
2003
1969
1937
1786
1566
1194
926
983
1249
1376
1096
622
272
150
-148
-640
-1048
-1124
-740
-350
-294
-443
-714
-1101
-1296
-1184
-998
-950
-924
-631
-155
-62
-336
-552
-552
-234
240
651
922
932
821
787
743
696
912
944
965
1241
1356
1236
1296
1542
1761
1801
1737
1796
1736
1510
1275
1150
1045
1101
1458
1739
1690
1295
623
153
-30
-205
-476
-770
-1005
-1121
-1252
-1474
-1898
-2619
-3225
-3378
-3190
-3104
-3234
-3291
-3368
-3445
-3356
-3268
-3337
-3372
-3131
-2682
-2194
-1916
-1966
-1986
-1795
-1423
-1123
-977
-765
-277
338
758
928
819
535
474
713
1073
1450
1727
1976
2157
2124
1876
1581
1341
1410
1680
1908
2070
2063
1972
1901
1843
1610
1283
1088
1089
1181
1205
1091
860
726
656
535
404
147
-48
-104
-78
-112
-259
-351
-490
-461
-417
-438
-571
-710
-556
-162
131
98
-89
-183
-29
290
587
684
588
551
684
788
727
535
377
406
726
927
843
724
798
943
972
727
446
333
436
610
673
679
607
564
684
955
1048
789
416
223
336
328
-61
-459
-752
-1037
-1262
-1297
-1467
-1848
-2244
-2519
-2648
-2732
-2827
-2954
-3064
-3100
-3052
-3038
-2988
-2880
-2704
-2525
-2272
-1946
-1706
-1607
-1468
-1209
-857
-650
-479
-336
-113
259
472
421
326
404
657
990
1231
1361
1360
1283
1200
1101
1006
905
940
1244
1596
1828
1823
1702
1570
1437
1446
1534
1590
1589
1751
1826
1657
1332
991
833
723
689
726
587
403
204
57
106
74
-120
-202
-19
19
-133
-241
-185
-29
22
95
151
202
85
485
1014
665
273
-57
-189
154
105
-233
-252
-153
41
-21
-387
-928
-905
-223
91
269
303
133
400
579
508
676
857
1162
1461
1622
1557
1471
1455
1357
1262
1092
937
839
536
69
-168
-447
-731
-1038
-1374
-1605
-1875
-2089
-2387
-2752
-2978
-2996
-2952
-2872
-2860
-2986
-3051
-2980
-2924
-2806
-2695
-2490
-2131
-1678
-1401
-1370
-1269
-1119
-887
-691
-500
-361
-130
100
361
666
652
599
701
971
1360
1490
1357
1297
1397
1575
1754
1794
1868
2047
2180
2130
1894
1839
1816
1756
1793
1754
1625
1364
1130
1052
936
856
890
777
672
416
210
221
244
188
59
-21
-148
-253
-270
-266
-367
-517
-678
-685
-592
-573
-571
-561
-617
-634
-593
-593
-613
-609
-739
-715
-508
-348
-160
-6
258
639
882
917
944
1100
1240
1304
1351
1365
1420
1516
1676
1891
1951
1783
1494
1126
847
560
304
289
106
-231
-564
-839
-1176
-1710
-2235
-2507
-2503
-2420
-2367
-2348
-2445
-2636
-2837
-2986
-2982
-2926
-2774
-2538
-2221
-1964
-1867
-1843
-1848
-1760
-1588
-1385
-1044
-590
-302
-134
-22
-68
-131
-8
303
612
925
1275
1447
1487
1417
1430
1476
1539
1734
1917
2113
2300
2420
2349
2221
2112
1975
1853
1790
1821
1890
1878
1787
1638
1402
1162
917
706
540
452
398
283
179
41
-155
-405
-603
-685
-721
-840
-940
-884
-790
-836
-876
-795
-842
-846
-785
-830
-848
-789
-688
-530
-356
-262
-265
-265
-233
-155
-55
130
391
704
916
1029
1120
1114
1014
948
1055
1223
1409
1582
1624
1520
1384
1288
1167
950
775
635
467
390
226
-130
-493
-824
-1161
-1464
-1697
-1890
-2052
-2311
-2515
-2591
-2825
-3064
-3028
-2948
-2986
-2995
-2955
-2810
-2679
-2621
-2485
-2288
-2083
-1814
-1549
-1383
-1312
-1082
-768
-582
-441
-175
81
254
486
682
917
1110
1233
1400
1663
1741
1685
1682
1819
2067
2308
2352
2336
2408
2333
2302
2320
2369
2311
2296
2367
2370
2225
1997
1706
1446
1291
1141
1046
895
703
436
244
68
-204
-504
-702
-747
-706
-825
-998
-1078
-1115
-1094
-1088
-1048
-957
-811
-676
-589
-530
-515
-667
-672
-498
-296
-230
-104
1
-25
49
39
43
129
267
425
548
665
842
920
864
861
982
1079
1173
1218
1214
1203
1205
1214
1108
938
728
598
502
278
56
-180
-470
-716
-927
-1171
-1429
-1672
-1871
-2036
-2291
-2466
-2597
-2680
-2617
-2602
-2527
-2442
-2474
-2455
-2359
-2183
-2015
-1831
-1633
-1396
-1238
-1193
-1056
-876
-731
-653
-519
-306
-15
232
281
299
372
527
594
658
865
1064
1206
1417
1547
1616
1730
1768
1969
2184
2231
2209
2128
2114
2169
2124
2016
1865
1697
1533
1394
1254
1056
836
619
415
204
66
-182
-471
-587
-592
-608
-691
-814
-839
-776
-656
-568
-600
-653
-630
-648
-605
-472
-328
-238
-207
-132
-127
-177
-168
-141
-36
120
148
193
270
349
408
490
554
553
626
729
799
935
968
801
688
687
760
851
931
965
905
751
588
517
440
355
278
249
136
46
-193
-571
-868
-1001
-1072
-1219
-1378
-1601
-1746
-1873
-1968
-2030
-2071
-2166
-2187
-2166
-2138
-2034
-2017
-1969
-1898
-1789
-1658
-1540
-1429
-1271
-1098
-911
-648
-466
-326
-153
102
344
568
823
905
997
1108
1207
1385
1535
1653
1830
2041
2083
2042
2023
1930
1801
1725
1679
1627
1567
1426
1256
1058
932
806
701
609
473
340
259
187
18
-154
-298
-303
-339
-353
-407
-519
-521
-488
-515
-596
-666
-736
-707
-662
-539
-514
-577
-622
-608
-596
-579
-502
-550
-463
-184
-47
-7
-8
-85
13
192
311
347
300
304
362
502
571
572
493
372
322
453
585
660
653
579
621
578
468
364
311
263
238
221
269
184
-25
-137
-192
-249
-380
-579
-716
-876
-1029
-1101
-1183
-1276
-1377
-1365
-1353
-1338
-1428
-1482
-1466
-1477
-1450
-1405
-1365
-1308
-1192
-1094
-960
-864
-710
-558
-403
-219
-78
20
121
279
462
697
864
956
1067
1169
1217
1244
1232
1227
1322
1430
1430
1434
1410
1375
1335
1234
1120
1053
1031
1078
1047
966
879
822
794
647
589
535
813
699
301
313
389
34
-275
-51
34
7
18
-155
-300
-379
-593
-655
-502
-428
-531
-550
-472
-583
-636
-671
-593
-562
-553
-533
-553
-573
-562
-492
-530
-541
-572
-400
-251
-187
-69
17
-13
28
195
207
144
113
186
245
333
369
317
201
185
298
179
109
56
-156
-253
-249
-251
-337
-361
-411
-567
-652
-721
-777
-754
-635
-613
-662
-668
-560
-628
-696
-646
-642
-670
-676
-519
-451
-521
-519
-479
-470
-381
-266
-309
-422
-448
-399
-352
-280
-153
-112
-195
-81
129
233
249
314
402
506
578
774
1026
928
870
892
1023
1098
1065
1096
1068
1067
1088
1127
1112
1087
907
842
832
772
725
683
639
515
527
531
401
162
111
170
165
114
141
123
4
-154
-208
-112
-219
-301
-287
-249
-231
-285
-349
-429
-482
-499
-527
-452
-330
-327
-357
-336
-275
-212
-230
-309
-165
2
41
118
171
163
77
133
220
302
338
280
268
269
290
236
142
18
-14
25
18
-45
-156
-200
-198
-283
-403
-374
-423
-553
-554
-413
-418
-587
-704
-682
-570
-594
-616
-586
-654
-841
-885
-851
-904
-977
-885
-818
-710
-762
-687
-568
-779
-735
-652
-541
-481
-295
-191
-70
73
185
172
363
412
410
647
553
838
1056
942
779
1014
1048
1076
1174
1085
1053
1241
1214
866
1008
974
819
740
751
743
634
442
374
389
295
238
201
134
71
46
-264
-261
-218
-392
-401
-306
-377
-564
-570
-631
-622
-687
-727
-773
-637
-730
-644
-561
-645
-744
-631
-280
-365
-375
-304
-123
-248
-30
65
-27
149
222
104
106
446
320
193
306
537
613
583
475
563
712
428
445
701
644
410
423
362
407
522
275
62
217
297
-186
-148
314
-82
-526
-341
-247
-522
-524
-323
-427
-389
-304
-504
-606
-645
-605
-718
-647
-365
-356
-646
-617
-307
-329
-425
-85
115
-260
45
358
78
8
308
91
51
482
413
274
323
640
440
342
469
369
183
267
409
281
408
355
262
256
400
179
26
205
103
172
273
-175
-128
-43
-379
-364
-66
-115
-516
-373
-170
-525
-494
-283
-330
-329
-493
-453
-408
-488
-509
-589
-459
-84
-236
-450
-316
-69
-197
-239
202
183
-117
-3
207
288
-60
-26
268
224
375
349
531
686
294
178
474
574
449
236
500
430
283
201
335
465
-68
-324
246
197
-288
-124
-157
-143
-194
-299
-370
-211
-296
-540
-172
-78
-507
-328
-222
-356
-215
-196
-195
-279
-193
-233
23
127
111
-3
-141
126
47
-53
268
336
-62
280
505
169
221
472
223
446
712
226
363
602
183
87
339
228
220
151
166
188
128
263
188
-20
186
356
-220
-133
549
121
-496
44
242
-368
-352
244
112
-535
-329
39
-300
-313
174
-281
-633
-150
-132
-549
-268
21
-509
-478
-130
-101
-142
-406
-267
-150
-220
-341
99
-37
-160
240
18
-51
241
194
-12
302
366
272
5
230
326
106
76
427
115
-253
276
80
-218
-17
168
-423
-453
-108
17
-321
-446
39
-48
-500
-318
171
-305
-475
-132
-263
-333
-38
-191
-59
92
-48
-295
-60
413
29
-120
162
298
-30
-247
202
482
-155
-349
269
547
-4
-12
455
297
207
-42
159
422
474
-114
223
651
44
-191
465
502
-235
21
-24
6
133
175
70
114
293
-88
-401
-22
-179
-250
125
87
-53
-190
-197
36
-144
-192
68
-115
59
149
-44
-211
-33
-291
-146
469
-377
-428
317
-102
-473
51
-133
-168
295
-78
-278
244
218
-374
174
451
-197
-240
505
236
131
404
-110
109
317
58
413
790
-188
9
846
-27
-178
589
4
-185
542
17
-325
40
-253
-175
401
-316
-604
-27
166
-89
-395
-123
113
-272
-573
5
-64
-611
1
147
-393
1
211
-527
-258
231
-460
-318
-3
-212
-16
-229
-558
121
251
-640
-370
331
-95
-452
-66
162
-47
-385
-319
309
185
-399
258
229
-285
114
-148
-11
274
24
-312
419
182
-459
212
431
79
173
316
-99
279
336
-17
46
40
247
204
181
-29
146
8
-170
275
335
-199
-285
243
98
-122
-259
61
47
-50
-78
-57
-190
-407
130
135
-177
-34
10
-163
-139
-72
-155
-155
55
195
80
356
321
-102
130
207
92
-16
62
615
674
-115
-37
347
152
237
228
73
419
706
-82
-57
794
182
-280
244
399
1
23
137
122
-53
-244
250
460
-452
-547
479
193
-811
-173
260
-210
-746
40
418
-552
-574
72
303
-901
-99
517
-656
-950
331
290
-1121
-357
312
-230
-466
269
-183
-510
-168
-117
139
-331
-467
163
169
-460
228
357
-719
21
821
-416
-374
401
-120
-409
374
192
-173
-274
-100
726
32
-825
261
836
-326
-559
377
75
-306
4
8
64
-133
-254
-92
199
-471
-173
428
-136
-705
-209
547
-503
-723
446
-46
-335
572
349
-522
-90
830
-44
-311
302
641
86
-13
485
954
-247
-333
1317
679
-361
309
1213
237
-233
600
559
39
71
464
456
345
-36
337
447
-74
346
434
49
-65
248
-48
54
185
-474
-108
272
-323
-175
63
-115
-304
48
182
-857
-423
335
-534
-440
237
-366
-995
7
-6
-933
-269
21
-409
-379
-89
165
-107
-665
-375
423
-157
-680
409
8
-797
76
648
-551
-450
723
109
-375
608
148
-669
78
599
-289
-573
573
191
-310
-95
114
242
-531
-118
210
-244
-248
-130
-187
10
-207
-402
-113
258
22
-1009
200
289
-564
-78
-183
-375
110
-256
-500
-259
207
-231
-434
344
-43
-314
37
250
336
-259
130
888
-197
285
669
288
343
503
345
784
27
340
1027
3
458
805
401
132
572
678
659
40
-33
813
683
-686
468
1359
-1102
-126
1464
-498
-772
495
276
-121
-230
-437
303
446
-915
-415
691
-201
-1462
462
425
-1021
-329
213
-235
-518
-80
229
252
-693
-38
521
-232
-733
109
546
-693
-221
812
-49
-641
506
286
-256
40
-220
32
255
-379
-309
972
-143
-1501
624
1088
-1204
-607
904
-202
-705
-75
109
-107
-1007
-449
772
-430
-1513
327
693
-1359
-811
979
-342
-1285
-308
-17
43
-648
-876
451
98
-1474
-146
385
-1085
-799
543
0
-812
9
442
-278
-563
394
194
-44
-235
126
620
66
-131
89
888
122
-390
868
934
196
-77
962
857
-218
-7
1364
561
-465
710
1238
254
-373
528
804
-41
-602
613
799
64
-235
245
443
-157
-134
-146
283
68
-617
268
762
-307
-289
358
425
-152
-422
426
415
39
-208
694
444
-157
-10
490
357
34
271
371
596
-433
69
786
-149
-415
760
532
-465
383
627
-245
223
505
-343
-102
360
-36
174
274
-429
10
204
-426
-2
80
-499
-19
-458
-532
243
-733
-1108
422
-573
-1645
125
126
-1749
-826
164
-897
-981
-855
-710
-141
-894
-1061
78
-814
-1285
-422
-77
-906
-982
96
182
-1005
-590
345
-416
-606
175
8
-635
-224
386
276
-439
-298
810
455
-711
227
999
4
-243
454
456
179
281
253
240
493
451
462
384
261
749
94
88
621
279
130
438
718
118
207
707
221
149
723
175
75
501
81
207
404
-58
65
322
255
89
218
437
-131
105
495
104
-506
621
854
-793
-88
1085
-330
-569
592
68
-48
-60
3
140
160
-401
236
950
-380
-458
856
505
-780
80
511
-109
-127
9
440
52
-506
238
564
-846
-516
1153
53
-1215
294
1014
-492
-646
546
519
-486
-142
716
100
-723
-345
970
142
-1225
204
962
-273
-763
499
206
-460
-162
167
-12
-45
-276
162
225
-769
295
150
-593
29
769
-854
-452
1006
-382
-1060
595
413
-960
88
224
-111
-147
-505
-296
683
-262
-740
251
-24
-278
-150
-243
-135
-144
-490
141
126
-793
128
409
-865
-463
538
-111
-758
320
445
-839
-444
711
-46
-1105
25
647
-375
-389
483
-25
-661
335
48
-866
-93
530
-440
-836
601
224
-862
4
220
-409
-699
250
136
-476
-225
271
-252
-312
-451
-685
333
-328
-862
52
158
-644
67
-255
-787
-155
27
-585
-187
291
-553
-27
511
-487
-352
466
-14
-192
336
569
155
-274
289
522
-344
320
825
-203
-9
761
145
69
300
255
354
366
555
454
195
204
495
414
283
484
471
239
598
219
426
787
408
12
602
508
164
289
451
470
-26
183
273
448
-166
-110
735
494
-434
163
781
-106
-256
298
436
-385
136
509
-156
94
79
99
218
401
25
179
431
-135
-322
253
189
-219
-117
180
325
-610
-182
346
-326
-498
217
173
118
-503
-217
318
-332
-434
21
293
-412
-404
197
-111
-527
-6
-106
-57
-37
-144
128
-42
-261
-267
169
-428
-415
465
-360
-533
288
110
-392
-17
-227
-294
-67
-272
-80
310
-525
-314
644
-371
-876
152
318
-1006
-401
551
145
-724
-203
-436
71
-181
-805
-44
-105
-737
-449
201
-574
-99
-315
-633
-115
515
-517
-422
328
-167
76
107
-363
-133
519
-141
-292
499
335
-304
-222
568
179
-65
-7
116
336
-172
366
266
102
-520
237
538
-6
-68
566
573
-372
365
309
-280
-164
567
348
-157
23
696
330
-696
-263
782
445
-876
285
772
-292
-270
407
-249
-412
268
185
18
-168
57
118
-303
-534
124
30
-451
-242
235
-265
-191
130
-391
-240
78
66
-46
-32
-198
64
-71
43
128
-167
260
-58
-258
-35
-125
146
152
-229
112
165
22
-312
73
462
94
100
118
190
83
-221
-174
29
-62
7
-127
82
120
-103
157
49
-168
-344
489
390
-208
137
644
-350
-344
739
247
-407
455
935
154
114
246
405
87
2
183
297
367
401
-469
64
428
71
-15
175
375
110
267
-150
56
35
194
140
-128
-22
354
-105
-651
278
-110
-651
121
-131
-545
89
-176
-578
-11
-210
-527
-91
19
-603
-156
34
-562
-281
105
-495
-401
194
13
-435
-197
-199
-369
-109
-25
78
123
175
124
-60
6
270
-179
-106
280
622
-94
116
853
-157
-399
553
542
-536
-4
888
-26
-492
553
362
-197
104
194
81
134
-181
-89
218
-206
-193
277
35
-199
-109
-296
-364
179
-83
-418
134
-89
-432
-97
-34
-248
35
140
-335
98
97
-396
105
405
-227
-121
421
-24
-40
-36
-136
281
240
-155
361
350
-239
50
383
-68
-283
362
507
-71
-43
397
72
-447
-2
390
-1
-44
233
321
-26
-240
23
-70
-277
128
78
-35
101
-53
-389
-230
-130
-620
25
287
-479
-331
283
-477
-691
54
-261
-806
-249
351
-130
-402
-24
19
-487
-434
1
-45
-248
169
359
19
-57
-66
-157
-394
87
154
156
298
94
68
23
-249
-335
221
179
-22
586
455
-346
-121
-69
-267
120
515
480
253
-85
-100
-40
-95
-251
-36
317
71
-29
223
-54
-618
17
327
-6
207
530
-43
-355
204
156
-7
308
333
153
337
412
180
-106
194
523
612
292
353
393
158
237
373
-59
113
605
131
126
943
526
-606
11
522
2
-92
524
325
-338
-79
67
-229
-233
-127
115
323
126
139
138
-423
-356
-43
-388
-362
-4
-282
-274
-224
-578
-703
-401
-458
-463
198
-96
-751
-487
-457
-636
-396
-211
-294
-275
-14
-188
-557
-443
-200
-309
-222
361
302
-359
-449
-42
-358
-266
113
-121
-14
480
308
-151
-98
228
77
-35
436
317
-172
-289
-5
208
206
185
81
-37
44
-102
74
202
-216
110
549
222
-143
-38
-217
-343
98
615
383
-10
14
196
66
-164
128
421
163
286
651
235
-220
-24
315
307
374
486
383
151
-93
-72
34
31
-213
192
449
-27
-100
79
-106
-317
52
425
292
-111
114
67
-238
-172
222
23
-296
40
233
-17
-188
164
248
-91
-196
27
-90
-331
-173
300
464
-224
-416
-50
-305
-536
-222
0
-127
-192
-183
-91
-47
-427
-456
-116
-40
-9
49
-31
1
-205
-544
-378
-127
-226
-328
114
-11
-468
-269
-279
-589
-232
28
-246
-89
159
-141
-310
10
-58
-88
155
290
314
251
194
265
126
100
316
473
474
582
679
550
401
421
563
460
628
768
722
682
677
260
383
688
618
587
581
528
296
178
123
156
71
-46
-273
-252
-246
-497
-777
-838
-782
-875
-897
-841
-798
-1160
-1217
-922
-1148
-1216
-882
-776
-811
-618
-560
-631
-491
-392
-261
-9
66
-149
-116
-20
-117
-90
34
85
5
11
110
-35
-151
-48
-8
171
432
163
13
175
12
-27
280
327
346
578
558
453
140
84
-38
6
365
911
1662
2979
3957
3178
1590
772
1187
1642
2046
2773
3495
3394
2871
2146
771
-855
-1628
-880
995
1989
640
-2104
-4210
-4963
-4797
-3916
-2707
-2283
-3085
-3539
-3635
-3989
-4666
-4622
-3173
-1156
250
599
-213
-1607
-2053
-1208
432
2027
2831
2631
1944
1565
1403
1117
1118
1847
2489
2774
2576
1724
116
-1058
-889
77
1207
1542
535
-835
-1294
-1728
-1885
-1221
-489
-285
35
455
140
-727
-1073
22
1177
1781
2393
2331
1007
283
623
895
1049
1458
1601
929
272
-317
-957
-1328
-1155
-526
-227
-647
-1188
-1825
-2338
-1949
-874
-212
-187
-326
-798
-970
-9
1924
4081
4995
3924
2232
1901
2541
2767
3202
4394
5468
5486
4588
2758
164
-1596
-1267
489
2198
2039
-1025
-4638
-6384
-6387
-5423
-4178
-3473
-3942
-4933
-5525
-5866
-6207
-6076
-5115
-3001
-698
29
-1040
-2541
-3080
-2186
-119
2260
3680
3425
2207
1337
1150
1428
1885
2453
3168
3369
2873
1651
148
-744
-511
280
1534
2180
1060
-843
-1875
-1671
-1056
-220
573
755
317
14
-130
-149
392
1366
2236
3049
3287
2571
1613
1174
1301
1643
1959
2164
1911
1039
-100
-777
-943
-1173
-1206
-1026
-934
-1643
-2528
-2656
-2488
-1963
-1325
-1047
-1308
-1741
-1782
-1529
-983
-188
413
651
727
1199
2644
4630
5385
3906
2038
1947
3160
3911
4048
4261
4631
4625
3688
2045
411
-739
-851
710
2501
1868
-1697
-5138
-6242
-5123
-3318
-2352
-2687
-4135
-5711
-6257
-5366
-4245
-3966
-3696
-2559
-1172
-964
-2186
-3318
-2968
-1154
1161
2740
2898
1556
-392
-826
854
2908
3525
2865
1992
1365
748
492
415
114
349
928
1160
716
-615
-2043
-2466
-1620
-405
210
-70
-644
-929
-971
-355
660
1222
1188
1255
1312
1267
1456
1810
2046
2334
2337
1693
915
754
919
523
26
5
-364
-1159
-1520
-1262
-1195
-1764
-1995
-1827
-1513
-1183
-1002
-1087
-1142
-1060
-776
-320
-47
-42
-193
-195
237
775
1339
3087
5450
5798
3360
931
1405
3295
3886
3934
4554
4823
3858
2487
1402
540
80
630
1984
2913
1504
-2529
-5982
-5785
-3106
-1383
-1492
-2448
-4052
-6036
-6595
-4843
-3008
-3081
-3717
-3088
-2030
-1987
-2776
-2938
-1751
-399
345
846
873
79
-352
502
2271
3438
2994
1890
1186
1339
2032
2454
2155
1506
1031
861
912
1113
980
336
-272
-265
-171
-656
-1098
-1201
-924
-595
-335
-201
-457
-765
-711
-212
556
1287
1212
670
-49
-466
-202
414
807
808
262
-688
-1220
-1392
-1256
-874
-665
-902
-1186
-1460
-1731
-1432
-654
-333
-654
-941
-774
-603
-207
489
847
713
589
902
1228
2138
4165
5778
4623
1881
1176
2846
4282
4423
4373
4621
4229
2946
1753
941
757
899
1500
2301
1887
-758
-4325
-5572
-3799
-1472
-1311
-2988
-4598
-6061
-6830
-5790
-3564
-2481
-3375
-4335
-4058
-3269
-3155
-3207
-2281
-798
70
-251
-672
-362
182
840
2152
3450
3291
1897
924
1374
2597
3096
2729
2162
1642
1330
1227
1477
1700
1224
341
-47
156
-69
-743
-860
-723
-928
-964
-675
-709
-701
-548
-589
-644
-375
296
528
335
366
352
44
181
699
499
-128
-212
168
584
652
543
330
-172
-527
-252
318
846
796
162
-547
-790
-322
425
1017
1116
840
70
-702
-298
745
2352
4456
5178
2639
-367
32
2536
4194
4031
3562
3399
2658
1885
1510
1541
1622
1379
1571
2132
1509
-1458
-4417
-4349
-2016
-526
-1560
-3574
-5252
-6347
-6438
-4824
-2642
-2711
-4979
-6100
-4858
-3375
-3208
-3041
-2007
-1250
-1552
-1811
-876
149
651
1130
1908
2434
1947
1286
1512
2443
3275
3270
2404
1397
1293
1734
2020
2400
2535
1323
-479
-523
611
955
151
-550
-965
-1461
-1666
-1091
-590
-660
-774
-910
-1021
-600
146
178
-10
313
685
289
113
706
864
379
323
783
817
487
467
638
721
422
206
447
577
356
16
-239
-238
-151
-5
176
121
-322
-704
-830
-423
618
1229
2176
3600
3546
784
-1011
936
3637
3919
2684
2400
2792
2804
2696
2643
2406
1608
919
1642
2926
2078
-1504
-4223
-3411
-979
-264
-1709
-3496
-5142
-6111
-5387
-3298
-2010
-3453
-5734
-5771
-3766
-2137
-2192
-2704
-2630
-2244
-1880
-945
607
1134
523
29
689
1853
2208
2238
2530
2997
2883
2603
2386
2085
2203
2591
2987
3007
2065
539
-396
521
1707
1481
275
-909
-1418
-1400
-531
62
-294
-1231
-1782
-1514
-841
97
-59
-1002
-1117
-417
-360
-811
-570
-236
-513
-607
-201
-109
-662
-800
-149
345
403
-86
-900
-906
-69
523
456
226
-93
-599
-691
-46
476
49
-580
-495
327
699
302
1126
2593
2542
490
-432
1347
2892
2576
1660
2075
3140
3382
2894
2332
2163
2039
2103
2738
3312
1935
-1451
-3095
-1344
869
492
-1740
-3331
-3804
-3938
-3283
-1961
-1574
-3190
-5210
-4909
-2793
-1437
-1930
-2771
-2589
-2036
-1821
-1452
-260
612
248
-234
306
1367
1789
1613
1691
2198
2507
2344
2078
2011
2382
2739
2498
1937
1354
878
573
938
1319
874
-515
-1456
-1468
-1186
-950
-1081
-1372
-1788
-1980
-1835
-1383
-915
-1052
-1489
-1447
-1163
-1179
-1081
-626
-137
-68
-291
-259
-124
82
521
1044
1169
806
333
-96
78
913
1382
1114
562
157
-18
26
442
690
199
-357
-455
-159
3
-144
13
1521
3086
2777
478
-1012
535
2931
3682
3108
2827
3050
2841
2586
2986
3434
2826
1808
2116
2929
2058
-582
-2094
-933
477
75
-1299
-2401
-3576
-4549
-4033
-2402
-1853
-3575
-5392
-5022
-3313
-2467
-2991
-3328
-2958
-2681
-2582
-1982
-970
-610
-1123
-1087
318
1371
957
405
817
1490
1604
1642
1888
1913
1627
1336
1275
1335
1348
1092
712
985
961
-9
-1098
-1008
-251
-87
-331
-611
-785
-996
-1070
-663
-145
27
-336
-669
-594
-505
-528
-387
89
444
457
254
173
464
937
1294
1312
1102
604
82
162
941
1536
1133
109
-474
-219
366
908
1081
462
-501
-1071
-867
-77
502
392
235
1015
1831
1088
-881
-1047
1225
3032
2565
1325
1139
1691
2403
2845
2926
2219
981
777
2366
3816
2467
-655
-1949
-358
1210
858
-460
-1787
-3215
-3977
-2919
-1342
-1656
-3852
-5165
-4086
-2260
-1901
-2929
-3551
-3309
-2968
-2453
-1377
-498
-724
-1366
-1118
49
918
836
511
745
1492
2092
2025
1651
1547
1777
1915
2169
2437
2088
1072
723
1343
1417
710
58
-123
-107
-14
39
-328
-902
-1328
-1416
-1125
-565
-417
-1103
-1622
-1344
-936
-1099
-1003
-82
331
-125
-420
70
670
610
461
669
776
376
-18
306
1054
1170
488
-208
-220
259
324
138
62
-263
-1006
-1252
-572
33
-74
-798
-1253
-279
1223
1179
-519
-1196
146
1550
1961
1899
1938
2136
2266
2438
2547
2688
2566
2467
3145
3828
2557
-145
-944
705
2004
1164
-606
-2048
-3255
-3471
-2172
-746
-1344
-3529
-5018
-4537
-3021
-2193
-2480
-3096
-3181
-2928
-2548
-1748
-648
-254
-902
-1144
-261
608
719
829
1509
2129
1899
1571
1824
2217
2361
2251
1980
1533
1218
1107
1422
1968
1734
699
-408
-475
98
304
5
-352
-441
-506
-600
-593
-410
-407
-743
-682
-249
-367
-1020
-1168
-325
132
-196
-345
-133
-152
-279
-117
22
-221
-811
-802
-114
516
449
-412
-970
-632
-73
-45
-158
-213
-595
-1227
-1188
-480
-238
-596
-952
-894
-747
163
1606
1851
-8
-1710
-286
2602
3709
2694
1718
2193
3076
3716
3974
3757
2933
2038
2334
3526
3661
1537
-607
-142
1428
1295
-424
-1784
-2132
-2370
-2333
-1713
-1628
-3093
-4811
-4606
-2632
-1624
-2622
-3886
-3883
-3033
-2342
-1791
-1319
-1459
-2122
-1958
-624
479
372
-305
-364
477
1277
1275
1089
1254
1535
1679
1691
1913
1902
1303
1273
1923
1936
836
-19
261
892
1005
759
192
-416
-668
-427
-151
-389
-671
-691
-654
-682
-914
-1223
-1146
-536
-88
-397
-918
-954
-583
-278
-56
156
-77
-593
-481
455
1203
902
120
-281
-201
198
599
677
378
-174
-793
-878
-252
410
263
-376
-627
-570
303
1728
2212
754
-733
99
2354
3577
2947
2272
2676
3563
4076
4215
3745
3008
2547
3007
4055
3826
1593
-684
-632
885
1314
189
-1369
-2594
-3179
-3021
-2138
-1837
-3087
-4870
-5238
-4038
-3049
-3364
-4265
-4526
-4139
-3586
-3122
-2653
-2329
-2239
-2121
-1574
-956
-754
-637
-187
615
1115
1072
925
1060
1474
1842
1949
1846
1768
1676
1697
2006
1845
1078
675
1023
1454
1373
738
25
-376
-59
648
947
491
-184
-605
-549
-58
338
178
-137
-124
-272
-745
-808
-116
392
174
-191
-360
-581
-771
-327
343
349
-176
-659
-716
-392
-27
-66
-368
-733
-945
-834
-331
121
-204
-1132
-1501
-930
-108
239
365
398
473
1177
1982
1990
1047
1177
2805
4129
3908
2931
2717
3398
4005
4197
4024
3374
2491
2226
2855
3025
1843
96
-491
187
365
-556
-1926
-3017
-3445
-3365
-2954
-2770
-3466
-4755
-5357
-4725
-3722
-3468
-3791
-3878
-3600
-3219
-3004
-2710
-2267
-1924
-1703
-1176
-306
250
304
417
995
1718
2109
2102
2046
2103
2209
2220
2191
2325
2177
2226
2088
1847
1373
996
905
917
1062
810
375
184
210
47
-147
-341
-333
-207
-6
-195
-760
-1337
-1210
-310
94
-429
-1237
-1573
-1321
-867
-426
-305
-833
-1598
-1634
-786
57
-47
-898
-1355
-1222
-1082
-741
-92
119
-590
-1373
-1109
-70
729
776
429
211
353
512
906
1776
2751
3244
3064
2317
1680
2106
3501
4530
3964
2786
2484
3188
3694
3699
3396
2686
1779
1455
2025
2121
646
-1218
-1545
-626
-465
-1523
-2738
-3450
-3770
-3906
-3612
-3454
-4119
-4985
-4849
-3798
-3020
-3368
-4105
-3946
-3010
-2356
-2151
-1668
-1007
-850
-1071
-694
454
1404
1549
1323
1409
1664
1718
1867
2204
2422
2114
1642
1537
1737
1644
1340
972
683
799
838
558
0
-278
-276
-88
168
140
-211
-569
-497
16
224
50
-213
-491
-476
-348
-278
-397
-680
-867
-783
-601
-587
-865
-1167
-1048
-821
-753
-734
-628
-634
-807
-740
-574
-605
-711
-547
-30
452
455
158
-70
75
555
1116
1591
1720
1557
1267
1233
1644
2146
2763
3155
2799
1504
812
1873
3457
3827
2650
1634
1781
2433
2647
2495
2023
1048
205
654
1816
1372
-785
-2417
-2136
-1183
-1075
-1812
-2912
-3731
-4012
-3631
-2793
-2651
-3584
-4635
-4284
-2776
-1981
-2506
-3163
-2876
-2152
-1485
-796
-76
23
-518
-585
258
1258
1671
1529
1335
1521
1607
1442
1313
1396
1495
1294
1123
1034
807
523
682
811
226
-341
-345
100
205
86
233
260
-53
-167
204
569
645
493
282
-52
-220
-107
187
390
258
-415
-1141
-1194
-673
-165
-138
-441
-1014
-1527
-1513
-848
-118
-48
-478
-881
-875
-497
-3
481
718
623
465
470
708
1168
1556
1737
1567
1160
726
745
1274
1729
1506
873
539
831
1567
2023
1458
322
28
959
1981
1902
1183
612
498
721
1117
1263
876
215
-87
210
362
-198
-905
-1129
-955
-1031
-1528
-1905
-2130
-2296
-2304
-2074
-2024
-2480
-2896
-2574
-1684
-1212
-1395
-1715
-1781
-1491
-933
-285
194
104
-581
-890
-370
402
674
567
288
32
-259
-252
69
380
409
-97
-702
-863
-206
256
211
-271
-648
-819
-480
196
680
514
45
-191
207
963
1188
864
406
572
815
953
869
497
0
-217
297
890
715
50
-249
4
255
112
-197
-127
217
502
547
289
-4
-156
152
819
1250
962
354
145
503
959
1081
944
677
349
220
446
816
902
623
171
77
326
457
417
339
356
493
534
515
485
601
945
1167
1074
854
955
1382
1688
1635
1324
997
784
847
1277
1191
384
-464
-674
-428
-293
-424
-862
-1522
-1918
-1838
-1523
-1441
-1810
-2330
-2447
-2152
-2001
-2068
-2303
-2350
-2480
-2551
-2235
-1926
-1913
-2290
-2390
-2112
-1901
-1931
-1790
-1544
-1516
-1605
-1584
-1323
-1016
-540
-166
67
-20
-58
138
495
1017
1232
1215
1236
1563
1736
1736
1650
1587
1642
2091
2436
2301
1718
1193
1205
1523
1847
1715
1131
612
523
718
813
582
226
-7
101
248
405
258
-55
-212
-136
132
262
120
-116
-200
-188
-94
30
306
441
187
-122
-205
-13
91
14
37
44
32
-67
-103
57
161
242
525
774
616
139
49
790
1668
1898
1330
840
881
1340
1896
2160
1991
1500
1048
1097
1725
2040
1411
445
116
355
548
514
278
-328
-1066
-1466
-1340
-1145
-1379
-1995
-2520
-2776
-2824
-3019
-3349
-3363
-3288
-3415
-3655
-3629
-3551
-3482
-3377
-3159
-2917
-2807
-2833
-2646
-2223
-1841
-1569
-1468
-1263
-820
-304
199
469
558
560
774
1273
1821
2072
1967
1791
1852
2188
2598
2764
2532
2371
2366
2401
2239
2183
2220
2002
1657
1515
1540
1346
1100
968
1029
1013
736
529
348
214
177
228
181
-87
-400
-385
-115
-89
-299
-523
-633
-617
-479
-328
-371
-554
-720
-750
-461
-182
-230
-454
-474
-264
-65
-50
-2
209
409
388
482
594
664
761
897
1141
1135
987
913
1052
1210
1450
1597
1537
1352
1294
1387
1451
1404
1284
1204
1041
803
686
735
592
124
-216
-370
-524
-758
-1070
-1282
-1550
-1919
-2309
-2434
-2571
-2772
-2880
-2972
-3162
-3408
-3437
-3386
-3171
-2942
-2863
-2886
-2907
-2788
-2418
-1943
-1568
-1384
-1280
-1058
-817
-490
-165
133
332
639
902
1064
1154
1323
1614
1819
1885
1900
1944
1996
2069
2059
2053
1940
1804
1658
1581
1612
1547
1352
1081
969
845
718
622
613
630
370
70
-35
-63
-6
111
45
-201
-444
-490
-350
-107
-26
-172
-428
-553
-460
-180
-39
-181
-387
-421
-163
139
303
89
-111
-161
106
518
750
678
377
323
654
1134
1322
1387
1345
1174
1013
1171
1561
1706
1534
1204
1059
1158
1251
1317
1232
906
401
188
360
524
357
-222
-696
-775
-690
-755
-1080
-1366
-1521
-1704
-1850
-1765
-1719
-1952
-2253
-2291
-2103
-2025
-2207
-2222
-2080
-2016
-1948
-1887
-1819
-1759
-1720
-1647
-1375
-1271
-1405
-1528
-1312
-937
-685
-644
-762
-752
-565
-347
30
355
332
176
195
587
1025
1238
1246
1078
864
836
1058
1497
1801
1728
1455
1334
1409
1584
1684
1628
1554
1372
1134
1021
1060
1144
1135
1062
953
804
685
618
584
608
486
253
103
128
228
242
257
169
-3
-113
-49
87
117
32
41
92
49
-25
0
179
383
391
268
176
146
215
368
441
440
323
139
132
315
490
367
36
-215
-251
-95
18
-63
-221
-423
-613
-786
-753
-652
-633
-740
-1006
-1041
-916
-802
-802
-873
-969
-1074
-1177
-1135
-901
-892
-983
-941
-848
-843
-821
-796
-734
-701
-750
-809
-737
-689
-625
-507
-442
-613
-860
-908
-688
-325
-239
-376
-466
-356
-202
-188
-75
104
10
-139
-80
271
491
561
598
613
669
707
829
1012
1089
1045
1005
1027
1146
1216
1145
1026
922
902
908
993
1062
939
699
566
593
582
580
547
532
502
396
328
243
226
196
223
296
331
246
81
23
80
222
303
233
101
16
101
195
336
358
119
-22
-84
-35
61
37
-133
-288
-324
-243
-113
-86
-201
-414
-556
-442
-241
-234
-393
-553
-657
-714
-583
-373
-214
-300
-458
-468
-406
-303
-211
-149
-169
-235
-241
-207
-103
-72
-226
-391
-335
-182
-160
-288
-441
-372
-202
-93
-115
-226
-369
-441
-390
-287
-232
-292
-503
-542
-438
-361
-360
-469
-534
-495
-437
-408
-381
-478
-496
-438
-297
-148
-39
-95
-183
-46
146
207
144
148
210
333
345
446
585
596
597
598
746
804
633
502
583
723
796
758
677
698
687
707
760
767
660
502
504
600
629
566
475
433
355
315
400
489
489
303
4
-134
-19
42
128
114
-107
-354
-411
-296
-114
-109
-310
-459
-589
-569
-372
-231
-273
-372
-487
-481
-362
-307
-283
-260
-315
-391
-481
-390
-200
-128
-169
-288
-285
-189
-5
75
39
-67
-210
-221
-184
-102
-97
-131
-216
-238
-149
-119
-176
-181
-72
-35
-96
-184
-194
-193
-203
-231
-315
-418
-425
-368
-258
-155
-203
-409
-610
-674
-429
-130
-86
-322
-502
-527
-447
-255
-81
-34
-78
-120
-67
87
174
177
195
285
406
483
525
486
467
460
435
361
316
517
721
879
918
787
614
612
717
864
956
880
683
575
714
908
1032
964
707
456
508
760
789
627
401
214
175
291
345
207
-77
-362
-451
-289
-137
-154
-260
-470
-596
-617
-502
-323
-327
-515
-688
-680
-628
-536
-461
-475
-541
-505
-497
-587
-600
-558
-528
-513
-487
-485
-592
-665
-597
-429
-313
-356
-471
-442
-427
-417
-346
-296
-296
-370
-367
-302
-244
-255
-195
-235
-303
-297
-199
-93
-130
-194
-129
-94
-146
-81
38
56
-31
-120
-61
80
145
178
200
121
94
182
236
262
284
287
335
382
408
505
507
411
422
496
432
372
495
677
740
719
660
644
644
532
562
687
699
630
537
590
556
479
498
505
523
465
339
312
330
316
190
28
0
61
69
-60
-191
-286
-366
-442
-425
-439
-569
-678
-688
-657
-601
-515
-448
-506
-558
-512
-437
-330
-378
-430
-377
-328
-302
-244
-130
-131
-236
-253
-200
-202
-174
-120
25
61
38
106
118
129
68
61
145
170
26
-42
-18
21
51
44
-1
-66
-85
-214
-224
-105
20
-59
-169
-207
-149
-105
-74
24
62
-61
-144
-21
105
174
69
-54
-188
-261
-203
-111
-66
-157
-246
-237
-170
-116
-88
-50
-17
-88
-98
-3
-6
65
110
110
98
55
117
217
382
379
334
285
240
305
413
548
592
470
269
262
386
527
579
532
433
323
299
373
438
346
139
-45
-21
100
153
148
83
-43
-205
-262
-197
-53
-14
-219
-348
-343
-248
-132
-81
-148
-239
-265
-294
-267
-201
-168
-146
-136
-164
-211
-176
-120
-32
69
21
-101
-152
-151
-108
-38
71
136
55
-56
-88
-85
-118
-162
-227
-216
-177
-162
-132
-169
-235
-315
-295
-234
-191
-216
-234
-281
-317
-263
-220
-230
-227
-263
-307
-304
-224
-181
-169
-100
-50
-17
-38
-7
20
59
41
2
24
52
98
183
281
283
228
197
266
338
422
436
399
415
426
439
545
642
628
625
581
619
632
601
599
574
562
503
419
363
336
292
210
139
141
92
-36
-110
-106
-51
-160
-272
-343
-458
-455
-494
-566
-590
-637
-670
-610
-597
-626
-643
-581
-502
-444
-468
-480
-451
-432
-411
-359
-280
-194
-112
-54
-85
-80
-61
-13
124
172
179
75
-14
72
166
191
175
141
80
27
132
272
312
194
125
157
196
186
132
138
160
126
124
186
190
154
78
33
58
95
48
1
3
63
7
-127
-159
-179
-149
-115
-184
-217
-153
-155
-159
-168
-160
-138
-124
-110
-72
-8
38
41
111
185
191
172
173
235
322
375
438
460
499
462
404
378
399
427
362
404
450
344
229
182
120
89
35
7
-23
-39
-95
-144
-162
-175
-178
-202
-226
-227
-204
-223
-230
-257
-279
-299
-218
-208
-249
-263
-268
-231
-209
-228
-175
-112
-55
-54
-70
-26
-37
-83
-104
-52
-20
-82
-157
-130
-90
-51
-45
-20
-38
-152
-180
-140
-63
11
-15
-84
-108
-94
-84
-26
38
28
8
15
-10
-28
0
9
-38
-33
1
-12
-59
-84
-40
-12
-20
-77
-89
-108
-138
-132
-83
-45
-73
-89
-104
-99
-133
-80
-39
28
105
142
151
169
173
173
237
240
327
385
355
404
439
383
361
383
391
398
393
361
333
284
307
333
307
281
190
141
100
43
23
-9
2
3
-46
-46
-75
-153
-183
-190
-172
-78
-101
-184
-207
-210
-196
-159
-95
-108
-162
-133
-141
-172
-190
-229
-261
-285
-242
-185
-200
-217
-238
-273
-250
-237
-176
-151
-228
-281
-293
-322
-296
-283
-255
-246
-220
-215
-210
-162
-150
-175
-181
-132
-143
-151
-153
-109
-7
11
24
34
34
69
91
140
205
227
203
207
149
96
135
143
136
110
51
-8
16
105
158
124
78
74
128
179
192
203
194
144
149
226
287
312
354
384
394
375
340
372
357
357
287
245
212
185
169
201
254
199
148
166
128
109
81
24
-17
-31
-53
-90
-105
-96
-135
-190
-149
-146
-173
-214
-182
-155
-109
-58
-28
-41
-66
-78
-66
21
69
108
142
143
123
102
45
-1
-11
-45
-104
-152
-172
-175
-186
-165
-149
-141
-171
-231
-212
-240
-273
-311
-327
-320
-344
-305
-289
-303
-304
-330
-348
-342
-295
-299
-263
-198
-117
-101
-115
-102
-101
-102
-80
-51
6
36
22
26
68
56
34
-6
-25
43
104
127
124
135
120
133
136
222
279
282
284
310
354
336
288
326
385
328
224
233
260
233
231
258
249
159
117
158
166
115
58
20
47
84
92
23
-15
-72
-42
-16
-36
-99
-155
-160
-157
-73
-21
-67
-143
-174
-171
-80
-47
-80
-52
-67
-107
-100
-54
-10
10
-46
-72
-70
-44
-60
-91
-37
24
63
31
36
48
35
-16
-43
-43
-72
-89
-102
-67
-22
-55
-122
-122
-134
-168
-209
-208
-187
-201
-163
-115
-142
-122
-144
-205
-218
-236
-172
-109
-45
-15
-12
-24
-13
-8
5
70
98
126
134
113
150
206
212
187
191
219
227
224
249
268
282
244
199
184
194
200
242
251
213
195
181
182
157
131
135
89
27
61
53
17
-15
-20
-33
-66
-179
-223
-201
-226
-210
-130
-90
-126
-153
-124
-124
-133
-159
-175
-129
-64
-46
-44
-26
-25
-63
-76
-35
-32
-56
-53
-17
-31
-34
12
84
98
82
100
73
66
25
25
77
135
149
129
129
114
99
72
0
-21
-22
-57
-67
-41
-40
-17
23
-4
-42
-129
-183
-206
-166
-146
-181
-246
-305
-285
-273
-292
-298
-281
-293
-267
-248
-240
-212
-224
-218
-165
-100
-98
-101
-57
-12
62
100
95
61
30
31
53
100
133
173
176
151
163
213
229
245
259
203
244
322
330
367
406
370
330
291
271
250
234
210
141
76
39
59
85
58
35
23
-23
-54
-43
-24
14
-34
-108
-89
-46
-18
-14
-59
-65
-27
-31
-11
-36
-64
-87
-75
-30
28
7
-1
2
-13
0
-40
-27
-5
-33
-71
-121
-132
-124
-110
-75
-54
-32
-49
-58
-31
-64
-65
-58
-31
-57
-98
-54
-8
-16
-44
-19
19
-38
-119
-104
-70
-39
-63
-76
-83
-109
-119
-123
-107
-96
-134
-133
-104
-16
22
-17
-7
-27
-51
-30
-4
3
-6
-31
-34
-13
20
59
59
102
153
162
188
222
250
189
151
119
161
216
206
250
248
215
180
183
161
162
120
47
52
72
71
80
67
1
-72
-90
-69
-92
-104
-144
-122
-143
-102
-97
-129
-131
-139
-118
-130
-107
-128
-148
-145
-68
-39
-32
5
30
71
66
51
28
18
22
0
27
23
-22
-22
-67
-55
-48
-69
-81
-75
-59
-9
-39
-79
-94
-102
-116
-121
-102
-103
-90
-124
-115
-93
-118
-146
-120
-64
-48
-63
-72
-81
-59
-58
-69
-44
-47
-43
-44
-34
-37
-35
-36
-26
8
56
70
33
29
41
17
37
97
130
109
72
76
84
103
122
157
172
176
196
158
132
151
192
209
199
159
162
167
184
179
153
139
147
155
193
216
167
148
118
78
85
46
47
79
75
77
42
29
19
-5
4
20
8
-27
-54
-73
-74
-39
-39
-93
-91
-78
-68
-25
-54
-92
-123
-134
-105
-79
-76
-131
-165
-138
-109
-77
-82
-132
-160
-169
-211
-205
-179
-224
-203
-210
-241
-222
-220
-238
-238
-213
-186
-161
-159
-159
-151
-137
-115
-66
-39
-31
-43
-44
-26
-28
-5
7
27
13
-7
43
90
79
37
19
-7
-4
64
86
65
55
51
61
103
70
55
82
76
86
116
128
72
37
37
47
49
77
77
62
68
78
77
91
124
155
133
94
77
65
60
63
96
80
61
84
81
94
113
122
106
93
133
122
122
93
111
79
77
123
133
154
154
191
194
164
159
161
156
136
134
107
98
117
151
140
95
110
76
40
35
1
-8
-25
-51
-69
-100
-111
-139
-153
-157
-158
-160
-153
-190
-207
-179
-207
-232
-252
-235
-218
-234
-223
-191
-196
-197
-217
-192
-123
-133
-140
-137
-151
-176
-156
-137
-110
-97
-136
-85
-67
-47
-17
-16
-6
-7
-27
-30
-38
-53
-45
-40
-7
17
1
-9
9
3
9
8
12
-8
-14
21
40
58
25
-13
-14
27
46
28
25
42
46
46
61
100
106
87
74
65
62
26
32
56
74
118
135
124
144
147
143
103
116
149
148
150
150
134
109
111
136
177
182
165
125
120
97
78
68
57
71
58
38
23
10
-8
-30
-57
-79
-57
-43
-75
-84
-110
-180
-207
-212
-216
-208
-200
-200
-191
-174
-175
-144
-143
-134
-130
-175
-138
-102
-96
-73
-28
-26
-37
-41
-66
-59
-48
-29
-10
21
53
52
71
62
38
43
56
68
87
84
97
91
47
61
97
91
73
90
91
95
96
89
102
98
82
75
68
64
46
64
85
86
64
53
14
-13
-16
-24
-18
-11
-1
6
13
-4
-10
-25
-33
-16
-6
-20
1
5
-4
-7
-16
-23
-49
-29
-29
-14
16
14
15
32
29
26
17
14
4
-6
15
20
5
-13
-21
-19
-21
0
14
11
6
-15
-27
-27
-20
-27
-45
-52
-71
-70
-61
-59
-47
-48
-60
-83
-88
-104
-103
-114
-120
-123
-113
-92
-65
-75
-60
-63
-81
-66
-42
-22
-39
-48
-69
-48
-35
-23
-7
-8
-27
-26
-36
-39
-39
-39
-37
-19
-13
-16
3
0
9
27
14
12
32
44
36
15
7
-13
1
3
6
-10
0
-1
15
54
85
123
132
141
132
127
129
122
137
160
153
139
101
94
117
124
130
134
120
130
140
128
145
133
113
116
105
115
109
99
109
109
107
117
100
97
89
57
34
12
10
7
6
-8
16
29
29
15
-5
-44
-46
-58
-57
-52
-63
-74
-91
-96
-101
-109
-138
-151
-127
-129
-122
-117
-117
-86
-93
-100
-114
-98
-117
-136
-98
-112
-120
-111
-101
-89
-98
-93
-109
-117
-128
-139
-122
-115
-123
-120
-105
-107
-123
-121
-120
-122
-110
-106
-68
-55
-65
-62
-60
-67
-54
-68
-73
-49
-49
-50
-29
-13
-2
5
15
31
65
85
79
87
102
89
71
65
70
61
58
64
92
98
75
84
82
81
108
125
142
131
116
117
107
121
126
136
136
145
154
154
134
120
92
73
56
45
76
90
112
114
100
90
69
57
52
50
42
28
43
33
36
42
18
9
-9
-9
-11
1
13
-2
-20
-34
-18
-37
-26
-12
-33
-43
-68
-73
-81
-71
-57
-62
-53
-52
-45
-38
-51
-57
-63
-93
-92
-102
-108
-109
-101
-69
-74
-48
-26
-37
-58
-87
-90
-90
-82
-94
-95
-86
-93
-89
-82
-83
-87
-90
-75
-53
-40
-43
-45
-41
-32
-40
-27
-23
-29
-23
-4
29
36
27
12
16
16
30
37
12
15
25
52
67
93
100
100
103
86
90
72
63
52
60
80
83
91
88
87
86
72
49
49
41
38
42
42
45
24
10
8
6
13
3
4
6
-2
-21
-37
-18
-14
-4
-8
-19
-15
-44
-50
-31
-25
-23
8
6
11
22
18
9
11
2
-17
-9
0
-15
-21
-13
-13
5
18
28
19
5
-16
-19
-17
-22
-19
-19
-8
-20
-27
-20
-22
-14
-18
-19
-28
-20
-29
-29
-21
-21
-12
-33
-32
-33
-33
-36
-25
-23
-21
-15
-15
-8
-15
-28
-41
-30
-26
-21
-3
-2
5
3
2
1
10
4
5
4
-13
-9
4
28
36
33
37
43
47
57
52
45
55
47
48
60
55
54
49
48
49
40
27
41
52
31
27
29
22
8
27
35
54
56
29
20
2
-20
-46
-45
-38
-36
-17
2
9
-3
-11
-13
-4
-5
1
0
-13
-16
-19
-26
-28
-23
-35
-33
-25
-14
-17
-19
-18
-41
-35
-43
-46
-52
-61
-56
-64
-53
-38
-32
-27
-16
-15
-24
-36
-44
-43
-50
-41
-39
-42
-53
-65
-54
-48
-36
-16
-14
-27
-22
-30
-36
-36
-34
-31
-22
-10
-1
2
-1
2
31
36
28
25
9
11
-4
-1
26
35
21
38
51
47
47
53
57
57
65
64
74
74
75
71
72
69
67
72
76
79
82
70
61
62
59
65
55
59
59
33
19
18
11
10
11
7
4
9
13
15
15
6
-4
-6
1
-9
-5
-10
-16
-23
-8
0
-15
-23
-37
-51
-48
-42
-57
-67
-76
-69
-47
-34
-32
-43
-52
-56
-63
-55
-55
-51
-66
-65
-63
-62
-51
-54
-44
-41
-47
-48
-43
-30
-23
-22
-19
-36
-36
-21
0
4
29
40
35
31
22
11
12
28
31
26
12
14
11
18
10
8
16
9
17
25
28
23
14
19
22
22
13
-2
-9
-5
-14
-10
-9
-11
-8
3
16
21
27
33
18
2
7
14
14
9
14
12
7
12
9
19
30
23
11
-9
-21
-30
-12
6
18
25
34
41
31
20
27
29
26
37
41
32
28
29
31
22
25
24
6
6
22
14
5
-3
-10
-3
-15
-11
-5
-3
-1
-7
-15
-19
-26
-25
-32
-31
-45
-53
-64
-67
-55
-54
-56
-55
-55
-62
-41
-23
-7
-2
2
-2
-4
0
1
-5
-13
-22
-22
-13
-8
8
19
27
23
8
2
7
19
33
30
34
41
27
32
42
36
27
23
13
9
12
14
13
8
12
17
12
13
11
8
10
13
11
12
6
-2
-20
-29
-13
1
8
2
8
10
-7
-13
-20
-25
-21
-20
-13
-3
-9
-9
-2
-5
12
19
20
24
20
12
9
13
5
13
13
17
20
23
32
19
15
16
14
2
6
9
15
14
15
20
11
19
27
-7
-20
-24
-41
-36
-38
-30
-40
-54
-52
-47
-46
-47
-49
-59
-54
-54
-46
-40
-47
-55
-50
-44
-50
-48
-48
-46
-39
-43
-32
-24
-18
-14
-12
-10
-11
-8
-13
-14
-4
-4
-11
-3
10
19
19
15
20
30
41
44
37
27
19
25
39
48
50
53
52
61
67
66
58
48
39
39
37
35
31
26
28
32
34
30
28
25
27
28
29
35
24
12
8
10
11
9
9
12
5
1
12
14
12
31
28
23
20
12
17
20
12
12
10
3
-5
-6
-1
2
8
1
-6
-13
-28
-24
-15
-14
-19
-24
-23
-34
-42
-31
-30
-35
-38
-40
-48
-45
-43
-40
-36
-45
-46
-46
-46
-39
-35
-29
-25
-35
-32
-32
-26
-28
-14
-10
-6
-8
-24
-23
-20
-18
-19
-6
-2
2
-1
-6
-7
-13
-14
-9
0
7
18
23
33
32
24
22
12
9
5
