1
16
17
17
20
14
9
14
11
10
6
0
-1
-3
-3
3
4
8
14
8
10
20
14
20
17
8
3
3
13
19
9
11
17
10
23
25
12
15
18
16
14
14
11
-4
-8
-9
-8
-5
-1
-1
3
7
12
14
20
13
0
3
7
3
4
2
-8
-2
3
3
-1
3
-2
-6
-12
-14
-1
0
-3
0
3
-5
-13
-12
-12
-5
-12
-18
-16
-18
-13
-16
-18
-19
-19
-22
-21
-11
-16
-14
-17
-18
-22
-23
-20
-18
-15
-17
-24
-28
-27
-28
-18
-23
-11
-11
-19
-15
-9
-7
-12
-12
-17
-10
-8
-8
-6
-9
-7
-10
-2
4
-1
7
9
6
5
10
8
12
19
16
20
9
5
12
17
16
17
23
14
18
24
27
32
30
35
42
36
31
32
25
16
14
14
10
9
11
15
16
19
20
15
23
19
5
6
-1
-4
2
5
8
8
-5
-11
-10
-7
0
-1
-1
-5
-13
-15
-12
-12
-11
-23
-15
-21
-12
-11
-15
-10
-14
-10
-9
-2
-11
-14
-22
-16
-18
-23
-17
-14
-16
-12
-12
-16
-13
-12
-14
-13
-14
-12
-9
-6
2
3
8
2
1
9
1
1
2
4
3
-1
4
3
2
-2
-1
0
3
17
26
22
20
24
25
24
26
27
21
17
15
10
8
6
8
5
5
1
0
-1
-2
3
1
-3
-4
-8
-15
-12
-7
-10
-17
-17
-21
-11
-4
-15
-7
-2
-10
-16
-8
-13
-20
-14
-4
-4
-8
-11
-7
-12
-2
5
5
9
3
8
15
10
5
9
-1
-1
6
10
4
13
21
22
32
23
23
29
23
24
19
11
2
-1
-5
-9
-4
-3
-4
0
4
7
4
-3
-3
-7
-14
-17
-14
-19
-21
-20
-14
-10
-9
-10
-10
-7
-3
-2
-6
-9
-6
-5
-8
-5
-13
-12
-15
-14
-4
-6
-13
-5
-9
-17
-16
-15
-11
-10
-1
-4
-3
-4
-11
-6
0
5
6
2
-3
2
5
8
2
-1
3
6
11
12
16
14
16
19
16
15
5
4
2
4
1
4
0
-1
1
1
19
14
21
21
18
13
20
23
12
16
8
4
8
7
9
18
11
6
-2
-6
-3
6
18
6
6
10
3
-2
-1
-1
1
-6
-15
-10
-8
-6
-2
-9
-14
-14
-10
-7
-3
-1
-5
-12
-10
-11
-6
1
-8
-11
-12
-4
1
4
-4
-7
-6
-16
-5
7
16
18
17
16
12
9
2
8
13
7
11
13
9
10
9
4
2
-1
-1
1
2
-2
-3
-1
-8
-5
-9
-13
-18
-18
-14
-22
-17
-15
-22
-25
-27
-23
-28
-30
-34
-39
-38
-44
-40
-40
-42
-31
-33
-39
-33
-37
-39
-37
-27
-23
-26
-26
-25
-22
-14
-12
-17
-11
-17
-10
-1
1
12
5
5
16
19
21
29
28
31
38
47
44
47
58
55
60
64
71
79
77
76
84
81
81
74
77
76
72
68
59
63
63
66
67
64
53
39
40
38
34
31
21
7
1
-10
-14
-16
-22
-27
-33
-42
-54
-63
-72
-73
-79
-85
-87
-100
-105
-106
-109
-104
-98
-98
-88
-83
-84
-88
-81
-75
-71
-59
-55
-56
-55
-47
-30
-8
1
9
14
13
11
7
14
20
20
24
29
39
52
66
69
67
71
66
66
69
72
76
75
73
81
73
71
72
71
81
85
92
90
83
72
78
74
63
54
51
44
38
31
20
4
-14
-13
-32
-35
-45
-67
-72
-84
-92
-92
-92
-92
-88
-96
-110
-109
-117
-123
-130
-137
-139
-146
-133
-133
-109
-88
-76
-73
-79
-73
-75
-70
-64
-45
-30
-31
-21
-16
-9
4
13
27
26
25
15
10
35
42
48
50
55
63
70
79
87
91
84
88
88
85
94
98
95
103
121
125
125
120
103
107
113
104
96
89
84
87
86
88
100
104
103
105
99
95
85
83
75
69
58
40
20
5
-4
-13
-13
-32
-45
-47
-64
-79
-85
-107
-116
-133
-143
-143
-160
-177
-187
-183
-182
-184
-179
-178
-189
-193
-192
-178
-172
-166
-154
-147
-136
-128
-112
-92
-68
-49
-33
-22
-27
-32
-15
-4
3
13
19
36
37
55
72
88
98
94
101
93
88
94
103
123
127
128
134
125
123
134
123
126
128
121
116
112
123
113
104
105
95
90
90
84
89
86
96
105
101
106
91
81
68
55
65
68
51
40
24
10
-1
-16
-29
-52
-72
-90
-111
-129
-144
-148
-150
-157
-171
-167
-176
-180
-189
-202
-200
-204
-205
-200
-197
-190
-167
-157
-132
-115
-114
-100
-101
-95
-78
-60
-38
-33
-13
1
28
56
71
77
92
107
105
107
118
133
132
148
145
147
155
149
143
141
147
142
142
145
133
131
120
103
96
87
65
53
51
38
38
17
18
14
-2
-10
-15
-12
-7
-8
-11
-13
-34
-37
-41
-37
-40
-48
-34
-33
-13
-7
-3
7
7
0
-2
-7
8
18
19
29
39
32
23
20
18
18
-7
-28
-46
-56
-67
-98
-101
-117
-128
-119
-137
-127
-132
-146
-157
-163
-158
-148
-153
-134
-122
-129
-127
-120
-104
-101
-83
-72
-65
-30
-20
-5
11
13
22
35
33
58
70
75
100
110
124
130
130
128
127
124
146
136
135
139
133
137
129
135
135
127
112
116
113
96
86
80
76
71
72
64
43
39
13
7
-14
-34
-33
-40
-28
-11
-4
7
2
-8
-10
1
-4
-18
-19
-22
-24
-19
-5
-6
-2
-1
-23
-41
-68
-105
-110
-115
-126
-124
-140
-146
-141
-145
-140
-146
-147
-144
-150
-127
-104
-99
-97
-98
-81
-66
-57
-45
-45
-39
-29
-23
4
21
30
43
74
93
90
104
105
126
140
141
146
145
126
132
142
136
141
133
121
111
106
92
96
93
86
89
84
80
67
56
56
40
42
48
24
1
-12
-25
-48
-51
-70
-75
-48
-55
-71
-77
-92
-107
-110
-112
-109
-105
-109
-90
-71
-44
-31
-30
-31
-27
-18
-8
3
-2
19
37
38
50
47
30
30
18
6
-10
-23
-38
-54
-61
-58
-48
-45
-59
-71
-75
-92
-86
-94
-105
-113
-123
-128
-129
-112
-113
-105
-90
-85
-70
-55
-52
-26
-12
9
31
53
62
40
39
35
41
48
46
56
76
80
92
84
86
98
112
113
120
127
124
127
116
105
99
100
93
93
99
107
87
91
79
71
81
61
66
55
32
29
26
19
-6
-4
0
-14
-12
-22
-24
-39
-57
-51
-48
-35
-19
-24
-15
-14
-20
-25
-4
20
38
54
51
38
25
34
16
7
5
-24
-42
-38
-30
-34
-26
-34
-42
-44
-58
-66
-98
-89
-75
-71
-68
-76
-71
-91
-87
-59
-48
-30
-28
-24
-13
-16
-29
-41
-40
-35
-25
-15
3
1
9
14
19
16
1
-3
-9
6
8
8
-1
-1
-5
-14
-23
-25
-23
-37
-32
-21
-17
-15
-4
-12
-8
-9
-20
-13
-28
-26
-29
-16
-21
-27
-18
25
16
16
22
6
0
-18
-6
-4
1
-3
-6
-25
-5
12
14
47
72
77
80
74
76
100
101
112
140
130
124
107
94
90
85
66
50
52
25
24
13
-1
10
12
13
-5
-14
-9
-5
-17
-38
-21
-27
-40
-48
-55
-68
-70
-76
-71
-74
-80
-82
-80
-60
-60
-37
-36
-36
-26
-11
-4
-11
-20
-46
-48
-60
-57
-47
-55
-52
-53
-42
-41
-21
-11
-9
8
5
-8
-10
-7
-11
-1
10
13
18
25
25
18
27
30
12
18
20
-3
-8
-7
-6
10
13
7
-2
1
10
6
12
7
-6
-4
-11
6
28
41
75
99
117
137
138
138
148
167
178
197
210
192
188
194
192
169
176
164
148
125
88
61
40
39
10
-4
-24
-49
-68
-93
-112
-121
-136
-144
-144
-168
-171
-155
-166
-177
-173
-182
-197
-215
-227
-234
-236
-236
-229
-227
-221
-223
-232
-230
-238
-223
-222
-209
-179
-172
-146
-146
-119
-100
-98
-79
-65
-55
-47
-20
1
21
41
51
59
79
98
132
138
153
170
174
185
199
211
222
220
229
223
220
210
202
212
189
180
183
167
164
152
137
145
141
144
151
159
156
158
165
175
183
179
189
177
162
172
172
182
208
201
195
177
129
107
75
42
21
-7
-17
-47
-72
-84
-120
-145
-188
-216
-226
-256
-271
-270
-298
-307
-317
-334
-354
-364
-373
-355
-346
-351
-347
-333
-327
-321
-318
-312
-276
-270
-245
-236
-208
-186
-187
-162
-130
-120
-107
-68
-58
-24
7
14
56
77
117
165
185
209
235
236
231
247
279
301
296
311
303
310
317
315
312
293
275
261
248
237
203
185
189
186
175
149
129
95
68
89
76
48
43
30
22
23
24
22
16
9
15
38
48
52
56
71
63
52
58
44
40
50
50
12
-11
-36
-61
-61
-64
-80
-113
-155
-190
-216
-236
-237
-249
-280
-294
-296
-294
-296
-281
-279
-289
-298
-303
-316
-310
-278
-266
-252
-243
-222
-218
-214
-189
-193
-175
-151
-125
-99
-75
-71
-61
-41
-34
4
35
80
83
99
155
177
205
235
268
286
306
318
318
314
289
279
286
309
312
304
293
300
284
263
255
228
210
203
170
160
151
125
132
107
112
112
55
32
44
49
60
62
46
31
28
11
23
39
28
25
22
6
3
6
-5
21
14
-2
11
3
-26
-40
-35
-63
-82
-86
-127
-136
-128
-136
-106
-107
-162
-193
-231
-258
-267
-267
-267
-281
-273
-257
-246
-241
-233
-249
-254
-266
-258
-254
-239
-216
-209
-211
-227
-217
-203
-205
-178
-157
-139
-116
-87
-43
-35
-9
3
14
63
85
126
138
160
194
199
220
222
220
223
211
229
253
240
261
248
238
227
224
217
225
229
226
222
209
178
140
134
95
126
160
166
148
146
123
102
85
52
59
66
53
54
41
24
28
12
34
13
-27
-27
-38
-54
-43
-41
-29
-32
-68
-51
-50
-61
-68
-68
-77
-76
-62
-63
-61
-86
-80
-61
-65
-54
-48
-51
-54
-52
-50
-79
-106
-111
-120
-99
-109
-133
-142
-143
-133
-143
-142
-137
-151
-140
-136
-137
-138
-137
-132
-124
-116
-114
-106
-82
-75
-69
-47
-68
-57
-25
-30
-17
9
-8
-11
-2
-5
3
8
21
35
42
52
59
76
87
95
121
116
106
97
101
108
104
109
129
106
99
127
147
158
151
143
140
107
126
139
125
126
118
119
127
135
136
127
103
93
76
67
48
42
48
28
29
29
34
19
4
3
6
36
47
42
49
50
37
30
30
22
16
2
0
-28
-27
-13
-27
-18
-44
-57
-62
-79
-88
-102
-117
-147
-141
-146
-165
-183
-198
-207
-237
-230
-209
-209
-207
-197
-214
-214
-208
-211
-208
-214
-193
-201
-164
-168
-180
-164
-174
-139
-122
-91
-91
-51
-45
-45
-33
11
14
4
47
77
104
124
121
119
162
175
207
231
241
243
243
263
257
265
244
267
293
309
297
287
274
227
246
230
222
211
190
167
132
98
83
50
30
44
11
-9
-25
-22
-44
-57
-22
-23
-27
-63
-90
-95
-108
-115
-103
-99
-77
-63
-67
-61
-88
-88
-63
-63
-73
-83
-97
-102
-115
-124
-100
-98
-108
-156
-146
-144
-135
-111
-128
-126
-148
-181
-182
-172
-180
-148
-167
-180
-199
-191
-185
-174
-164
-140
-120
-138
-108
-95
-86
-59
-55
-29
-45
-14
8
36
79
47
53
81
121
135
184
203
214
224
219
239
254
296
332
344
334
324
285
289
268
269
272
296
305
299
254
200
136
118
105
128
139
131
113
50
41
-19
-39
-69
-47
-57
-42
-71
-110
-132
-173
-192
-231
-215
-208
-191
-214
-226
-237
-250
-253
-223
-193
-168
-177
-212
-242
-268
-239
-153
-79
-49
-18
-43
-47
-84
-90
-91
-60
-50
-52
-32
-33
-37
-55
-57
-64
-64
-85
-26
-23
-31
-44
-71
-71
-48
-20
-15
-29
-28
-36
-31
0
20
94
44
56
42
30
50
87
152
120
131
125
168
145
132
119
154
226
243
287
332
327
240
182
100
217
234
216
274
306
281
191
96
33
68
78
57
77
170
138
53
-56
-46
-92
-45
-101
-128
-155
-167
-136
-121
-161
-226
-229
-284
-219
-233
-149
-171
-243
-293
-270
-230
-128
-138
-171
-228
-324
-273
-202
-95
-22
35
-41
-145
-198
-182
-113
-29
12
36
55
43
0
-56
-23
27
56
108
119
101
52
-51
-90
-42
17
29
28
26
10
-18
-20
-18
26
40
-2
5
9
38
42
48
130
148
93
103
169
163
88
61
51
76
41
89
152
214
217
143
82
34
88
140
189
215
247
145
85
118
131
164
118
81
83
56
31
3
80
126
65
3
-41
-31
-56
-50
-32
11
-15
-46
-126
-152
-157
-157
-108
-79
-92
-168
-190
-216
-160
-110
-102
-76
-78
-85
-90
-154
-128
-90
-82
-42
41
98
70
23
1
-1
22
113
195
253
244
173
66
28
23
72
92
73
34
-84
-152
-199
-194
-94
-58
-65
-117
-125
-163
-212
-247
-284
-267
-174
-133
-133
-85
-136
-182
-242
-211
-154
81
-24
-207
-198
-177
-82
-27
27
51
-10
-154
-200
-130
92
139
90
31
34
42
5
11
112
217
143
131
216
240
249
233
186
187
211
215
187
187
234
253
215
192
140
107
154
185
201
207
165
81
-6
-62
-30
38
106
117
90
6
-64
-90
-46
153
321
428
357
115
-56
-29
162
442
661
689
515
152
-222
-273
31
367
543
370
-22
-499
-765
-743
-461
-83
29
-180
-667
-975
-1002
-792
-555
-391
-410
-587
-775
-855
-790
-596
-369
-279
-245
-180
-104
-133
-155
-168
-98
28
218
349
330
198
30
-18
97
283
465
497
251
-13
-132
-37
175
360
402
272
110
0
-6
178
378
430
328
138
127
223
338
415
380
271
215
202
199
297
345
277
198
175
136
142
127
36
10
38
68
64
45
47
26
167
379
579
534
177
-77
-86
198
661
1017
1023
609
-49
-477
-294
357
971
960
284
-664
-1308
-1240
-623
43
281
-167
-1119
-1899
-2009
-1423
-696
-298
-593
-1215
-1696
-1820
-1480
-909
-495
-486
-712
-978
-957
-600
-244
8
54
-42
-2
134
359
551
635
597
521
566
754
954
962
730
473
411
511
724
811
749
583
325
254
358
544
667
587
364
170
210
490
682
681
495
182
9
89
352
640
758
493
171
-54
-39
262
476
417
194
-35
-138
-95
102
361
543
711
707
429
-37
-242
59
630
1054
1248
1192
652
-169
-652
-280
688
1435
1267
160
-1090
-1713
-1456
-612
179
320
-419
-1740
-2729
-2594
-1662
-703
-472
-1108
-2026
-2672
-2644
-1992
-1171
-706
-799
-1314
-1772
-1614
-930
-290
23
5
-190
-231
-27
327
677
969
1079
1001
871
913
1048
1163
1158
1149
1236
1248
994
659
477
623
984
1187
1086
680
236
-30
51
490
982
1151
777
52
-273
-97
305
693
844
726
327
-120
-282
-31
373
613
481
163
-97
-227
-128
114
341
457
708
886
793
308
-232
-124
552
1306
1670
1515
1010
78
-638
-353
824
2054
1972
521
-1271
-2116
-1624
-387
499
529
-542
-2276
-3467
-3166
-1701
-510
-603
-1816
-3175
-3638
-3088
-2122
-1286
-1047
-1477
-2175
-2531
-2108
-1111
-308
-186
-528
-685
-640
-317
216
776
1248
1451
1272
1002
953
1262
1641
1877
1967
1979
1677
1013
663
834
1385
1974
1990
1441
635
19
69
519
1043
1308
1129
466
-81
-119
287
599
574
399
143
179
196
162
114
196
244
116
63
127
100
-72
-162
-25
263
720
1187
1219
596
-295
-322
605
1527
1951
1771
1156
319
-312
-57
1010
2150
2152
651
-1175
-1925
-1224
-70
458
56
-926
-2339
-3330
-3027
-1717
-646
-832
-2075
-3289
-3617
-3138
-2397
-1821
-1715
-1761
-2242
-2817
-2622
-1780
-717
-165
-293
-687
-980
-1023
-487
426
1398
1859
1529
747
362
866
1804
2387
2421
2081
1516
927
672
1114
1812
2195
1951
1370
809
477
643
955
1007
973
740
371
109
320
599
558
144
-365
-329
161
572
593
118
-398
-671
-596
-206
215
354
-43
-543
-631
-200
780
1514
1317
-64
-1139
-440
1324
2409
2255
1552
676
-183
-506
589
2307
3054
1805
-709
-2419
-1946
-107
1015
617
-507
-1810
-3104
-3564
-2536
-861
-242
-1296
-2943
-3746
-3503
-2838
-2224
-1789
-1479
-1692
-2542
-3094
-2547
-1188
-77
91
-261
-582
-671
-446
53
981
1757
1822
1313
825
1010
1723
2237
2416
2217
2042
1868
1293
979
1303
1861
2117
1747
1107
611
553
818
1027
816
351
-6
-227
-70
538
951
475
-636
-1454
-1157
-85
733
718
27
-811
-1186
-902
-255
395
551
18
-727
-715
-159
821
1659
1551
292
-933
-337
1371
2401
2260
1588
1149
574
-229
226
1748
2942
2389
257
-1777
-1909
-453
594
521
-91
-863
-2174
-3232
-2944
-1420
-407
-1036
-2345
-3066
-2932
-2633
-2389
-1930
-1347
-1194
-1761
-2393
-2104
-1070
-282
-190
-322
-232
-183
-159
64
557
1180
1403
1154
965
969
1306
1527
1614
1830
1872
1537
946
651
1019
1601
1746
1383
635
150
103
603
1084
848
-16
-700
-519
-42
463
600
-31
-917
-1387
-1133
-256
288
91
-556
-1141
-1154
-799
-360
-86
-152
-478
-798
-555
8
832
1567
1468
357
-895
-347
1490
2553
2295
1808
1442
918
175
250
1652
3048
2845
725
-1468
-1713
-440
504
352
-202
-773
-1932
-2948
-2782
-1433
-426
-1120
-2434
-2836
-2476
-2061
-2016
-1819
-1195
-951
-1341
-1990
-1712
-724
75
282
235
305
260
18
69
887
1759
1908
1270
740
802
1322
1767
1872
1622
1280
766
250
364
1049
1358
1032
440
-143
-120
59
376
526
98
-641
-980
-683
5
391
192
-427
-1109
-1223
-851
-207
-47
-469
-937
-1101
-1047
-871
-593
-254
-277
-487
-714
-585
-158
116
865
1595
1523
460
-696
-9
1800
2776
2535
1910
1727
1463
630
791
2364
3750
3157
726
-1016
-631
556
1019
563
24
-345
-1423
-2360
-2162
-1005
-439
-1080
-1870
-2093
-2065
-2412
-2660
-1738
-520
-519
-1740
-2659
-2206
-812
391
641
261
-474
-1025
-912
57
1397
1958
1409
264
-301
202
1061
1520
1417
1047
407
-200
-362
38
636
645
147
-286
-578
-804
-832
-453
-104
-409
-1033
-1239
-897
-306
-82
-317
-657
-1039
-1157
-680
-181
36
-230
-714
-827
-654
-239
103
168
-96
-165
-3
0
340
741
1015
1308
1323
1051
246
355
1932
3042
2575
1672
1759
2248
1577
963
1769
3177
3234
1575
-94
-403
483
1043
710
164
-56
-738
-1654
-1938
-1144
-388
-749
-1595
-1918
-1990
-2188
-2137
-1380
-498
-597
-1658
-2408
-1721
-361
460
197
-401
-562
-415
-298
-22
656
1137
932
324
223
682
1047
911
647
575
624
297
-200
-372
-182
95
0
-377
-776
-938
-1137
-1007
-743
-762
-1049
-1275
-1081
-702
-820
-1051
-1012
-927
-866
-749
-596
-577
-684
-670
-495
-320
-124
-223
-330
-107
321
502
430
206
221
419
847
1817
2333
1725
324
315
1956
3127
2858
2312
2583
2715
1544
853
1928
3590
3728
1859
-81
-351
548
979
642
246
242
-471
-1630
-2102
-1376
-439
-552
-1563
-2169
-2087
-2136
-2296
-1803
-940
-968
-1919
-2393
-1577
-663
-784
-1234
-1112
-652
-647
-677
-454
-161
35
-58
-36
287
446
294
166
246
392
213
-199
-301
23
130
-458
-958
-636
-194
-422
-1075
-1230
-815
-639
-827
-857
-597
-446
-683
-720
-410
-235
-397
-376
-57
89
-240
-346
47
339
347
52
186
530
760
492
81
108
858
1517
1355
1629
2095
1868
522
262
2141
3613
2902
1794
2097
2894
2086
944
1652
3417
3920
2097
105
-366
760
1386
861
231
234
-74
-1205
-1933
-1169
21
-225
-1398
-1970
-1792
-2036
-2294
-1792
-754
-625
-1620
-2510
-2265
-1461
-1038
-1064
-1049
-993
-1302
-1732
-1465
-600
152
162
-503
-864
-798
-480
44
287
89
-467
-969
-928
-634
-259
-64
-241
-614
-1128
-1512
-1293
-665
54
-186
-958
-1348
-1166
-603
-265
-132
-74
-376
-692
-666
-250
349
466
288
137
125
165
339
883
1226
912
375
16
406
1137
1682
1680
1839
2277
2069
1012
541
1797
3258
3299
2377
2238
2647
2000
780
1283
3246
4296
2655
265
-585
311
1194
978
423
174
-84
-963
-1774
-1561
-480
-133
-852
-1620
-1765
-1959
-2258
-1813
-809
-571
-1695
-2766
-2485
-1403
-974
-1116
-1145
-1166
-1445
-1834
-1618
-764
3
11
-665
-1218
-952
-343
127
249
153
-272
-981
-1185
-601
214
566
-77
-931
-1371
-1356
-933
-391
163
-22
-899
-1471
-1174
-402
-69
-224
-388
-457
-840
-974
-355
519
697
174
-371
-381
132
584
790
727
547
428
250
206
848
1418
1456
1048
899
1821
2322
1853
945
1002
2320
3037
2408
1846
2101
2573
1865
1015
2007
3542
3598
1543
-396
-404
974
1617
1135
528
409
-144
-1320
-1811
-773
578
312
-1147
-2158
-2118
-1773
-1485
-1095
-705
-1096
-2064
-2752
-2404
-1551
-1084
-1069
-1226
-1505
-1951
-2250
-1829
-814
13
-88
-1007
-1466
-1157
-593
-181
-10
86
-105
-528
-792
-677
-184
139
15
-308
-777
-1128
-1033
-283
504
386
-521
-1148
-765
-89
147
102
193
79
-305
-325
145
625
628
374
358
443
422
285
305
775
1082
1009
617
538
880
1117
1126
1057
1804
2459
1984
305
-150
1698
2949
2122
1202
1788
2644
1638
134
890
2902
3567
1804
-382
-788
373
1175
840
290
390
81
-1298
-2043
-1088
225
49
-1148
-1682
-1605
-1818
-2097
-1460
-541
-907
-2222
-3003
-2488
-1519
-1141
-1155
-1440
-1855
-2183
-2132
-1529
-593
-151
-534
-1148
-1331
-924
-288
221
470
265
-349
-738
-563
-58
373
575
306
-42
-573
-899
-536
368
996
399
-656
-841
-105
388
277
259
479
280
-191
-194
309
814
839
530
303
362
403
446
726
1159
1123
653
302
518
1013
1087
843
1067
1945
2089
810
-304
480
1991
2172
1435
1585
2224
1541
-324
-304
2067
3705
2544
-91
-1242
-420
527
332
103
483
469
-863
-2306
-1962
-372
279
-485
-1312
-1439
-1631
-2187
-1923
-622
-30
-1131
-2498
-2611
-1605
-1222
-1266
-891
-593
-939
-1717
-1684
-629
133
192
-36
-305
-192
39
104
428
680
700
207
-298
32
389
398
17
-33
108
-365
-854
-647
60
415
-245
-887
-590
45
113
-115
80
248
-64
-393
-101
506
526
131
-4
224
527
495
373
486
671
650
345
194
608
1232
1023
688
1441
2053
1127
-452
29
2024
2433
1199
793
1758
1658
-44
-329
1629
3388
2489
-29
-1308
-560
609
528
-39
64
213
-895
-2301
-2097
-455
446
-418
-1473
-1721
-1900
-2238
-1851
-517
320
-826
-2547
-2823
-1706
-770
-702
-577
-408
-845
-1669
-1715
-545
778
958
159
-336
-321
-109
175
627
953
834
127
-608
-709
54
712
660
108
-519
-996
-1356
-992
-100
284
-275
-1226
-1402
-769
-349
-259
-12
79
-364
-837
-667
197
765
630
303
156
166
298
657
1200
1248
940
504
335
584
1112
1448
1302
1609
2153
1673
136
-21
1849
3021
2098
1224
1765
2137
806
-234
1219
3329
3304
1069
-925
-966
225
926
530
46
54
-429
-1680
-2150
-1098
273
126
-1102
-1827
-1876
-2015
-1865
-901
85
-337
-1762
-2454
-1882
-895
-327
-85
-68
-545
-1366
-1502
-610
708
1315
773
-105
-556
-467
102
753
1258
929
-106
-937
-1096
-390
260
281
-317
-1034
-1408
-1878
-1940
-1160
-424
-641
-1619
-2186
-1698
-942
-697
-485
-306
-752
-1349
-1353
-542
477
837
514
113
93
281
625
1043
1255
1169
679
200
208
856
1426
1650
2103
2433
1463
-245
-158
1959
3252
2438
1491
1830
1957
491
-134
1479
3651
3514
999
-1165
-1421
-250
704
771
434
-48
-1081
-2125
-2171
-954
165
60
-955
-1683
-2009
-2255
-1976
-772
401
160
-1324
-2150
-1478
-518
-77
300
614
207
-703
-967
-215
884
1563
1404
823
134
-36
404
855
1102
869
286
-452
-965
-756
-283
-148
-411
-939
-1478
-2170
-2395
-1715
-967
-869
-1585
-2011
-1888
-1456
-1216
-992
-593
-664
-968
-899
-357
167
461
568
589
449
241
391
1056
1483
1350
907
427
207
500
1086
1313
1604
2404
2542
992
-940
-341
2302
3492
2525
1543
1615
1254
-72
20
2120
3990
3394
570
-1853
-2040
-441
1031
1160
500
-303
-1469
-2593
-2521
-925
556
382
-836
-1667
-2151
-2402
-1742
-94
1144
748
-951
-2032
-1607
-453
702
1250
1171
612
-244
-724
-171
1320
2566
2251
909
-359
-668
-67
664
1172
890
-101
-1290
-2048
-1885
-1062
-226
-440
-1565
-2798
-3549
-3381
-2305
-976
-773
-1690
-2563
-2592
-2007
-1307
-456
257
80
-696
-1001
-432
437
1051
1400
1344
923
487
565
1164
1657
1584
1095
474
289
527
940
1045
1413
2458
2783
1156
-955
-626
1762
3124
2664
2079
2058
1148
-840
-785
1830
4038
3379
445
-2065
-2370
-998
298
779
751
83
-1500
-3157
-3087
-1203
324
232
-508
-1003
-1672
-2619
-2383
-450
1442
1456
-316
-1624
-1549
-668
485
1457
1905
1450
118
-863
-433
1018
2353
2562
1745
485
-749
-1109
-545
446
873
188
-1176
-2439
-2887
-2377
-1420
-755
-1002
-2077
-3379
-3741
-2650
-1078
-520
-746
-1047
-1257
-1339
-1108
3
1116
1210
736
639
791
1038
1174
1703
2504
2324
1268
377
338
1111
1764
1747
1359
661
91
-69
500
2075
3832
3061
524
-2436
-795
2656
3192
3099
2696
1993
-1213
-2329
-227
3575
5142
2683
-1251
-3682
-2959
-574
793
1047
456
-989
-3056
-4222
-2507
-519
126
-959
-1582
-1679
-1834
-2272
-2157
-648
588
601
-169
-687
-749
-757
-292
761
1654
1800
843
1
-97
351
857
1252
1706
1162
-479
-1694
-1882
-1238
-509
-367
-726
-2022
-3306
-3718
-3123
-1745
-765
-1037
-2676
-3440
-2708
-1702
-784
-106
741
418
-657
-725
101
1224
1762
1999
2353
2101
1262
699
1264
2385
2951
2372
1124
107
38
250
451
904
1154
561
-505
-969
183
2443
3098
1229
-969
-972
532
1658
2453
3547
3711
1477
-1205
-1020
1745
3821
3550
1631
-320
-1459
-1920
-1453
-242
1195
1293
-227
-2321
-3122
-2464
-1760
-1171
-129
756
31
-2063
-3144
-1881
-41
1064
1167
738
-25
-898
-983
10
1245
1620
1127
492
325
384
135
248
636
566
-341
-1512
-1741
-1698
-1552
-1667
-1966
-2561
-3422
-3417
-3005
-2292
-1882
-2247
-2875
-2894
-1839
-1022
-656
-224
238
625
510
637
1256
1850
2039
2121
2399
2312
1757
1360
1363
1950
2130
1466
676
-85
-12
404
342
106
-70
-614
-948
-549
722
2447
2666
767
-1442
-1257
734
2382
3456
4204
3823
1281
-1403
-956
1960
4107
3837
1947
-168
-1850
-2591
-2027
-476
899
910
-363
-2091
-2973
-2909
-2662
-1919
-232
1241
869
-1304
-3000
-2670
-1126
274
1186
1848
1362
86
-1104
-987
251
1382
1903
1950
1376
-5
-1192
-1277
-394
477
299
-858
-2042
-2952
-3681
-3604
-2644
-1960
-2221
-2949
-3380
-3270
-2761
-2337
-1851
-1057
-212
144
-101
-109
546
1533
2270
2737
2858
2332
1468
1401
2411
3321
3011
2111
1272
880
864
616
172
-97
-112
-179
-461
-934
-1313
-1386
-1101
-426
1437
3262
2966
429
-1754
-1130
1166
3073
4318
5134
4379
1502
-1229
-676
2174
4248
4074
2398
284
-1721
-3149
-3156
-1452
359
968
12
-1937
-3465
-4124
-4278
-3137
-583
1641
1283
-1016
-2945
-3148
-2186
-624
1260
2749
2798
1161
-721
-1473
-756
572
1873
2754
2636
833
-1430
-2445
-1613
-292
1
-674
-1693
-2976
-4191
-4416
-3351
-2221
-2048
-2362
-2581
-2315
-2126
-2248
-1845
-687
642
1524
1652
1545
1609
1919
2274
2913
3441
3081
2181
1700
2115
2588
2065
1071
517
632
682
1
-1165
-1838
-1589
-1075
-899
-1415
-2055
-2125
-1820
-876
1272
3480
3014
179
-1573
-569
1774
3376
4722
5783
4792
1561
-1190
-429
2372
4121
3707
2150
231
-1916
-3626
-3653
-2049
-259
639
147
-1359
-3079
-4446
-4966
-3493
-367
2255
2373
39
-2251
-2800
-1897
-260
1850
3727
3851
2032
-121
-1124
-643
361
1467
2430
2631
1182
-1305
-2804
-2633
-1740
-1295
-1350
-1623
-2523
-4003
-4883
-4303
-3074
-2431
-2120
-1604
-962
-1040
-1615
-1580
-497
1081
2349
3007
2926
2495
2132
2181
2766
3283
2944
2085
1565
1854
2081
1141
-21
-507
-297
-251
-739
-1427
-2053
-2176
-1902
-1768
-1753
-1554
-1186
-974
-5
2344
3941
2712
101
-668
1062
2801
3736
5171
6165
4658
876
-1474
-87
2435
3465
2684
1108
-806
-3161
-4916
-4563
-2517
-748
-164
-575
-1798
-3335
-4763
-5014
-3073
73
2629
2788
928
-1039
-1639
-898
370
2180
3967
4237
2720
788
-463
-749
-542
547
2058
2237
642
-1632
-3040
-3199
-2975
-2723
-2258
-2080
-2630
-3832
-4378
-3672
-2844
-2489
-1941
-702
571
620
-256
-404
331
1521
2826
3516
3723
3271
2528
2252
2365
2132
1463
991
1098
1643
1385
-60
-1338
-1863
-1734
-1171
-1125
-1715
-2481
-2718
-2512
-2295
-2029
-1672
-1032
-601
465
3045
4811
3490
760
-173
1560
3263
4293
5572
6414
5212
1682
-886
-473
1302
2521
2300
1133
-437
-2677
-4617
-5180
-3798
-1840
-230
329
-611
-2208
-4104
-4782
-3265
-333
2658
3867
2759
672
-905
-1042
-93
1249
2957
4169
3818
1789
-349
-1580
-2016
-1561
-278
836
588
-865
-2653
-3701
-4337
-4675
-4053
-2865
-1989
-2222
-2793
-3002
-3197
-3241
-2515
-626
1620
2201
1154
350
573
1236
1824
2705
3658
3941
3266
2431
1760
931
-56
-183
691
1556
1603
354
-1295
-2407
-2438
-1661
-1280
-1624
-1907
-1790
-1595
-1707
-1683
-1300
-666
26
1720
4746
6166
4275
1134
261
1745
2980
3907
5646
6889
5442
1430
-1271
-841
526
1049
864
740
-139
-2387
-4560
-4987
-3900
-2743
-1309
-13
292
-647
-2678
-3676
-2685
-530
1982
3258
3051
2018
983
134
-532
-56
1500
2920
2991
1827
282
-1260
-2664
-3206
-2160
-739
-512
-1300
-2111
-2525
-3455
-4665
-4880
-3760
-2390
-1838
-1635
-1307
-1486
-2320
-2581
-818
1593
2142
1396
1318
2013
2025
1301
1331
2302
2712
2403
2149
1844
698
-883
-1367
-522
394
303
-376
-1090
-1629
-1777
-1673
-1790
-2310
-2521
-1782
-928
-580
-523
-607
-473
110
2302
5419
6280
4126
1627
1302
2047
2293
3235
5587
7147
5077
1006
-650
7
164
-259
225
994
28
-2357
-3972
-3852
-3227
-2847
-1574
103
822
-62
-1715
-2248
-1615
-380
989
2116
2793
2713
1854
489
-499
-510
258
1385
1862
1585
628
-1076
-2731
-3475
-2967
-1986
-1384
-1233
-1098
-1291
-2606
-4324
-4956
-3893
-2443
-1419
-659
-141
-514
-1637
-1933
-555
1135
1330
939
1289
2177
1987
921
874
1634
1833
1484
1515
1609
404
-1179
-1338
-264
159
-642
-1167
-1160
-1218
-1429
-1432
-1421
-2123
-2622
-2117
-1104
-391
-367
-317
-268
-74
1456
4003
5311
4029
1871
1323
1619
1548
2348
4713
6672
5410
2098
525
873
792
-50
192
936
349
-1256
-2216
-1810
-1756
-2331
-2005
-600
431
8
-846
-1012
-946
-1026
-628
623
1633
1458
763
44
-608
-1152
-1042
-6
927
873
38
-996
-2141
-2897
-2865
-1877
-890
-549
-317
-277
-1030
-2697
-3743
-3196
-2021
-1112
-364
397
222
-984
-1739
-917
318
268
-335
166
1383
1557
704
641
1435
1531
819
927
1432
814
-437
-604
506
1020
282
-477
-628
-711
-996
-831
-524
-958
-1811
-2041
-1204
-580
-639
-652
-646
-663
-267
1127
3131
3970
2774
1097
343
252
589
1956
4378
5863
4715
2497
1592
1934
1703
1097
1347
1658
810
-377
-169
824
325
-1201
-1620
-771
-457
-1262
-1506
-1169
-1317
-1977
-1617
-394
-583
-2162
-2963
-2381
-2087
-2138
-1591
-435
-32
-1050
-1787
-1663
-1724
-2087
-1742
-262
904
1129
1060
778
-16
-1352
-1711
-984
-33
511
692
717
-14
-1085
-1363
-938
-804
-1217
-1135
-28
721
469
92
574
1008
716
488
868
1190
803
668
1286
2028
1708
858
445
438
478
193
-105
-293
-581
-1080
-1248
-969
-856
-1171
-1630
-1610
-1378
-1672
-1836
-1211
190
1324
1477
935
454
292
536
1529
2831
4133
4892
4561
3889
3494
3588
3503
2690
1986
1790
2127
2224
2127
2223
1482
-530
-2489
-3072
-2589
-2217
-1957
-1315
-853
-1718
-3424
-4483
-4848
-5102
-4947
-3573
-1779
-942
-1260
-1750
-1843
-2168
-2194
-1664
-748
342
1196
2239
2712
2075
1110
662
808
992
1371
1670
1528
849
123
-86
-526
-1616
-2552
-2248
-1288
-719
-781
-694
-61
79
-265
14
462
104
-366
184
1546
2304
2060
1735
1690
1303
646
421
252
-344
-843
-785
-375
-351
-787
-1006
-368
-1123
-2382
-2685
-2570
-2372
-2466
-1737
-1308
-1393
-1319
-848
222
1956
3175
3361
2947
3143
3959
4466
5158
6053
5856
4997
4755
5059
5528
5054
4122
2788
1058
-155
-735
-931
-1362
-2172
-2520
-2350
-2440
-3491
-4694
-5377
-5711
-5637
-4951
-3715
-3054
-3531
-3968
-3653
-2662
-1837
-1563
-1232
-628
51
646
1251
1737
1609
1114
1164
1671
2040
2020
1910
1645
1063
458
-203
-1020
-1833
-2261
-2066
-1870
-1994
-2373
-2284
-1515
-943
-721
-329
221
279
119
357
1050
1442
1388
1434
1756
2035
1814
1156
463
77
-377
-934
-1143
-1114
-1081
-1083
-1087
-1020
-1130
-1295
-1950
-2708
-2461
-1857
-1305
-915
-200
584
1184
1728
2278
3286
4366
5096
4933
4574
5002
5684
6010
5975
5575
5420
5488
5158
4289
3158
1834
499
-792
-1566
-1719
-1877
-2167
-2855
-3752
-4237
-4778
-5317
-5777
-5693
-5021
-4658
-4239
-3697
-3159
-2928
-2646
-2027
-1730
-1552
-1122
-258
713
1401
1779
1871
1509
1070
975
1483
1802
1528
1265
1101
696
-309
-1228
-1620
-1617
-1787
-1926
-1718
-1483
-1254
-1302
-1137
-724
-374
-81
60
495
1107
1485
1624
1674
1580
1186
854
593
254
166
174
-29
-355
-778
-946
-1098
-1465
-1739
-1825
-1735
-1721
-1752
-1600
-1145
-906
-788
-410
81
359
279
849
2362
4269
5468
5347
4671
3957
3753
4147
4647
5611
6199
5858
5250
4483
3553
2347
1054
-103
-1119
-1722
-1657
-1394
-1989
-3351
-4308
-4833
-5179
-5315
-5118
-4782
-4821
-4839
-4149
-3161
-2702
-2730
-2720
-2308
-1809
-1195
-271
593
1127
1442
1510
1344
967
870
915
1126
1601
2048
2156
1443
317
-761
-1288
-1567
-1747
-1480
-1220
-890
-464
-432
-675
-1001
-1130
-716
-178
209
675
1215
1427
1460
1501
1478
1068
374
70
384
569
181
-311
-660
-887
-1043
-759
-450
-820
-1576
-1921
-1600
-1231
-1112
-947
-594
-116
228
342
301
339
800
1883
3256
4714
5266
4562
3803
3323
3339
3929
4662
5320
5064
4238
3588
2904
2061
1056
289
-300
-1066
-1723
-2273
-2594
-2899
-3430
-3770
-3920
-3955
-4059
-4468
-4763
-4294
-3372
-2486
-2001
-1954
-2121
-2426
-2470
-1844
-900
-154
521
1228
1438
1166
701
204
-237
-217
593
1376
1297
634
71
-43
-266
-926
-1484
-1707
-1568
-1197
-572
48
118
-380
-796
-670
-82
360
488
657
711
927
1377
1635
1351
868
420
69
-37
-185
-194
-242
-320
-76
215
162
-395
-1153
-1565
-1293
-628
83
569
894
1205
1040
379
127
477
1104
1878
3076
4552
4953
4127
2901
1976
2231
2979
3602
4120
3993
3473
2972
2311
1742
915
-104
-1170
-2069
-2412
-2272
-2024
-2358
-3000
-3405
-3438
-3421
-3909
-4590
-4543
-3660
-2434
-1582
-1339
-1637
-2330
-2892
-2532
-1552
-788
-572
-404
239
776
932
630
114
-316
-442
31
589
651
499
446
570
566
-122
-957
-1406
-1480
-1167
-531
90
119
-307
-571
-300
7
-105
-215
-86
256
742
1076
1260
1260
1053
697
410
172
-10
-303
-419
-28
535
913
648
-34
-619
-880
-842
-497
36
758
1407
1481
1151
870
743
681
733
1166
2166
3512
4093
3428
2597
2181
2397
2789
3006
3338
3092
2448
2141
2228
2367
1891
867
-488
-1652
-2060
-1752
-1248
-1220
-1737
-2276
-2591
-2995
-3592
-3992
-4012
-3610
-2732
-1759
-1460
-1973
-2561
-2827
-2482
-1688
-1002
-672
-559
-169
437
811
877
800
447
-66
-337
-260
1
408
855
934
828
347
-312
-914
-1428
-1461
-992
-512
-401
-588
-655
-526
-600
-890
-1040
-944
-737
-292
377
1066
1217
839
307
-23
6
102
189
387
798
1105
1113
1072
758
173
-410
-546
-2
617
1007
969
691
625
728
678
445
228
296
1158
2074
2158
1739
1270
1217
1444
1803
2465
2646
2122
1868
2301
2717
2653
2191
1195
-2
-856
-978
-271
200
-111
-529
-972
-1628
-2417
-3033
-3257
-3112
-2658
-2125
-1680
-1733
-2273
-2788
-3036
-2834
-2241
-1643
-1240
-773
-197
198
386
528
586
354
21
165
739
1104
1407
1508
1302
1164
744
374
4
-551
-549
-348
-478
-663
-589
-634
-995
-1405
-1665
-1658
-1749
-1730
-1246
-487
1
66
158
113
-54
-306
-338
49
614
1119
1421
1549
1476
1177
749
575
692
959
1119
1141
1275
1451
1304
873
464
305
294
564
1294
1788
1345
886
672
792
883
993
1630
1803
1728
1910
2347
2743
2483
1765
914
3
-419
-194
319
559
388
-89
-759
-1382
-2112
-2611
-2888
-2765
-2291
-1970
-1853
-2026
-2475
-3078
-3384
-3290
-2795
-2254
-1888
-1342
-814
-381
35
209
60
-385
-606
-269
335
790
1322
1632
1582
1220
709
239
-324
-577
-553
-399
-223
-51
-187
-560
-952
-1384
-1800
-1989
-1884
-1582
-984
-367
-45
98
102
59
-13
-20
88
397
1025
1421
1654
1848
1978
1759
1183
878
1019
1007
818
941
1455
1806
1597
1077
631
398
271
769
1382
1152
737
672
847
861
907
1295
1494
1411
1570
2197
2654
2613
2344
1760
783
-112
-211
246
598
753
629
301
-388
-1289
-2017
-2572
-2767
-2593
-2337
-2020
-1848
-1971
-2321
-2747
-3165
-3232
-3092
-2784
-2059
-1285
-693
-284
-189
-423
-755
-878
-615
-81
616
1277
1596
1753
1589
1107
756
204
-213
-385
-483
-159
96
-22
-426
-1140
-1912
-2338
-2505
-2452
-2039
-1463
-967
-679
-418
-138
-189
-446
-485
-114
510
1090
1400
1640
1650
1758
1880
1828
1715
1542
1354
1022
971
1151
1340
1257
1012
665
477
470
564
1033
1006
906
965
967
1118
1093
1223
1572
1595
1568
2015
2447
2624
2567
2336
1661
741
299
426
665
817
827
712
287
-410
-977
-1603
-2283
-2553
-2493
-2269
-1910
-1976
-2239
-2685
-3279
-3579
-3564
-3410
-3099
-2556
-1782
-1001
-574
-487
-634
-1045
-1175
-947
-498
305
979
1425
1680
1606
1282
729
127
-315
-359
-244
-65
247
212
-314
-1061
-1668
-2113
-2286
-2169
-1666
-1005
-754
-470
90
314
-12
-401
-279
108
746
925
1424
1751
1571
1654
1651
1594
1179
901
918
986
1220
1551
1567
1254
791
401
179
100
395
728
873
1000
986
952
994
905
1258
1666
1728
1894
2301
2655
2544
2457
2383
1823
1023
569
623
781
836
945
840
336
-393
-831
-1371
-2008
-2334
-2404
-2144
-1948
-2050
-2279
-2757
-3328
-3655
-3784
-3705
-3485
-3031
-2171
-1276
-696
-580
-874
-1231
-1294
-1045
-646
26
715
1173
1426
1564
1349
947
218
-174
27
199
372
414
192
-169
-779
-1302
-1387
-1356
-1328
-1216
-906
-398
-36
250
287
28
-196
-84
372
679
910
1249
1661
1864
1783
1543
1074
506
193
244
548
1011
1186
1151
827
304
-180
-639
-817
-494
188
785
1091
1232
1132
855
606
752
1129
1386
1638
2087
2614
2779
2821
2622
2080
1503
1043
1041
1223
1313
1337
1166
651
-29
-662
-1220
-1820
-2188
-2096
-1901
-1761
-1975
-2293
-2940
-3633
-3991
-4044
-4013
-3737
-3016
-2195
-1560
-1145
-986
-1068
-1305
-1274
-1049
-727
57
800
1334
1608
1642
1638
1374
797
571
676
582
466
401
329
114
-465
-835
-803
-935
-1041
-862
-486
-43
193
456
427
250
102
72
170
359
695
1124
1454
1514
1607
1361
705
196
-30
-50
221
634
899
1060
882
386
-129
-719
-1094
-1110
-685
-53
507
818
924
936
695
440
470
966
1515
1928
2404
2839
3088
2973
2630
2240
1776
1571
1741
1790
1753
1617
1249
778
90
-667
-1271
-1668
-1961
-1881
-1766
-1920
-2316
-3002
-3666
-4084
-4358
-4425
-4185
-3838
-3337
-2631
-2025
-1768
-1727
-1966
-1907
-1547
-1191
-585
7
517
995
1281
1409
1234
878
691
692
728
817
904
729
480
283
249
99
-316
-554
-515
-149
196
573
749
591
349
240
195
170
228
536
1005
1190
1370
1440
1144
704
469
404
362
350
369
666
1057
1100
859
450
-143
-550
-609
-538
-404
-37
478
804
889
779
655
624
580
898
1452
1957
2577
2967
3133
3039
2725
2362
2102
1797
1687
1746
1728
1676
1257
605
-64
-621
-1093
-1492
-1708
-1846
-2077
-2459
-2881
-3250
-3712
-4033
-4212
-4224
-4024
-3815
-3423
-2996
-2697
-2607
-2541
-2327
-2093
-1899
-1471
-814
-258
127
568
833
983
1016
791
825
754
656
793
809
699
684
623
493
377
238
242
269
389
565
639
678
603
440
405
391
405
606
684
726
949
864
788
698
619
615
318
154
292
417
560
612
557
406
45
-178
-459
-641
-783
-580
-305
-21
330
554
799
832
772
699
879
1400
1971
2350
2732
2895
2882
2735
2575
2458
2241
2014
2073
2091
1830
1379
960
505
-22
-406
-618
-868
-1318
-1708
-1997
-2339
-2798
-3161
-3421
-3622
-3798
-3685
-3428
-3177
-2962
-2834
-2584
-2399
-2358
-2166
-1813
-1388
-909
-524
-95
269
457
517
460
492
406
318
394
524
628
610
518
361
203
43
-132
-24
190
296
350
340
524
610
405
373
517
479
554
555
567
548
223
206
273
285
100
-131
102
190
149
201
236
32
-173
9
153
3
-100
-98
-40
-74
-22
151
279
206
131
326
715
1051
1214
1437
1653
1808
1977
2158
2223
2132
2100
2307
2346
2386
2193
1880
1705
1462
1362
1156
725
311
-93
-556
-848
-1220
-1662
-2064
-2288
-2338
-2371
-2517
-2611
-2541
-2478
-2288
-2055
-1921
-1917
-2002
-1875
-1539
-1272
-1057
-801
-539
-430
-317
-287
-262
-342
-439
-375
-310
-181
-50
41
125
133
59
-38
-15
47
6
-78
62
285
396
452
554
450
591
898
617
460
40
-205
77
131
124
57
-24
-7
-275
-414
-286
-55
-42
-214
-275
-121
-35
15
166
63
75
267
580
725
526
367
596
907
1171
1359
1515
1608
1679
1794
1887
1821
1659
1789
1954
2026
1949
1665
1488
1375
1280
1129
826
451
132
-118
-220
-401
-653
-832
-1099
-1278
-1395
-1494
-1628
-1688
-1728
-1671
-1390
-1212
-1208
-1236
-1240
-1177
-1215
-1236
-1094
-954
-858
-913
-858
-875
-978
-1033
-909
-973
-1087
-1066
-957
-797
-681
-571
-562
-717
-694
-659
-638
-557
-493
-288
-199
-15
59
141
248
281
423
449
434
406
410
492
529
505
623
545
474
470
476
630
508
373
570
701
632
638
376
346
576
779
745
601
698
717
863
1011
1164
1273
1485
1484
1416
1522
1789
1508
1620
1843
1326
1113
1164
1038
619
768
931
673
299
15
-480
-416
-303
-458
-579
-978
-1287
-1328
-1275
-1403
-1321
-1337
-1296
-1249
-1135
-1230
-1271
-1219
-1131
-893
-798
-653
-574
-583
-640
-749
-755
-947
-1031
-798
-618
-557
-669
-803
-741
-774
-827
-905
-936
-883
-796
-720
-584
-462
-399
-328
-347
-215
-262
-213
55
306
662
669
643
499
314
341
536
779
782
638
542
552
836
906
637
751
699
630
767
865
943
905
849
782
646
744
617
409
607
817
913
1181
1001
808
1085
940
888
977
903
753
572
637
701
553
535
276
256
237
94
-161
-381
-299
-505
-676
-694
-787
-964
-1078
-1137
-1257
-1260
-1033
-1139
-1050
-955
-935
-890
-591
-500
-592
-416
-516
-422
-434
-510
-469
-347
-412
-603
-609
-565
-815
-693
-511
-463
-254
-353
-402
-530
-675
-645
-538
-457
-466
-115
76
-70
-216
-363
-301
162
274
339
348
206
131
383
557
587
542
232
336
559
910
1066
834
451
583
865
885
766
848
711
729
1074
957
1077
986
452
163
495
790
1153
1319
818
732
774
611
784
733
571
422
450
367
281
450
75
-92
-94
-211
-263
-360
-524
-767
-868
-827
-747
-842
-1153
-969
-802
-1053
-1133
-545
-469
-516
-727
-738
-406
-196
-183
-171
-136
-364
-371
-307
-89
-414
-403
-634
-741
-567
-556
-613
-515
-749
-948
-464
-298
-448
-607
-443
-821
-785
-643
-654
-530
-535
-613
-711
-612
-266
-37
184
183
1
22
-19
644
660
401
601
593
324
161
644
368
261
604
484
477
534
400
189
419
613
942
1054
994
948
731
634
1056
1140
1222
1201
1122
1237
996
1236
1155
666
811
711
703
819
337
287
87
104
254
1
-71
-24
-377
-645
-458
-578
-585
-713
-866
-996
-877
-838
-511
-410
-745
-748
-528
-681
-718
-147
-277
-312
87
-39
-672
-27
336
-393
-492
34
-354
-458
-253
-403
-162
-238
-701
-620
-347
-510
-756
-237
-354
-758
-598
-478
-459
-412
-255
-806
-308
-141
-311
-524
133
169
-108
700
840
332
416
381
-427
-430
-5
82
203
441
288
-55
120
-95
230
462
295
692
797
851
535
799
647
978
886
1092
998
970
1160
747
877
463
536
155
12
123
37
25
28
129
120
36
303
-554
-352
252
-643
-280
-191
-667
-613
-183
-642
-942
-260
-184
-938
-925
231
-414
-1029
-303
94
-355
-237
182
91
-146
50
432
-181
-280
-283
-367
-604
-798
-577
-198
-627
-554
281
-438
-780
-298
-72
-499
-15
67
-54
341
-123
-28
25
90
-222
108
201
-210
389
49
-280
-92
197
-160
-16
172
-264
-254
-88
-117
-75
457
223
-191
162
757
-125
297
306
635
558
562
1125
855
1039
923
913
989
1098
799
932
562
1003
901
117
618
501
-168
68
309
-90
-19
465
-164
-696
86
-206
-811
-448
-141
-221
-745
-129
-117
-444
-393
-602
-70
-469
-79
179
-397
178
311
92
112
346
79
-361
-242
-53
-321
-248
-88
-182
-483
-689
-450
-656
-500
-641
-787
-142
-176
-768
-633
170
-668
-840
-17
-199
-630
-277
273
-608
-540
-22
189
-600
-275
48
-692
-705
106
-368
-979
-22
94
-816
-790
424
-372
-758
149
-220
-35
-31
317
-228
130
332
15
281
875
1014
163
656
987
774
532
1069
1051
908
998
1412
629
1066
1038
132
413
873
315
-58
1087
493
-121
264
743
-207
-225
187
-55
-87
166
244
171
34
112
404
-111
-194
129
98
-248
-144
154
310
311
-219
-182
-143
-241
202
-755
-92
101
-188
-640
-579
-523
-617
-624
-688
-384
-84
-233
-1215
-159
-284
-593
-434
-36
-327
-402
-247
-93
-345
-655
-82
-316
-658
-687
102
-832
-856
-186
-719
-447
-58
-506
-792
-25
-669
-746
129
-199
-668
464
-14
-346
209
221
123
-397
950
463
115
948
889
428
748
668
680
649
574
748
834
1069
675
652
498
719
311
352
771
441
524
673
770
674
385
577
518
50
450
569
-66
201
275
214
420
-11
-71
417
-249
-489
-57
311
-507
-212
25
-786
-88
-196
-1010
-438
94
-631
-1313
-96
-400
-1692
-677
-433
-599
-736
-77
-566
-762
-52
-221
-926
279
106
-1223
-112
290
-862
-435
882
-170
-726
249
350
-1021
-201
-317
-526
64
-599
-365
-22
-437
-332
-70
55
60
-508
59
160
124
-365
273
433
-226
-129
411
-416
632
738
-507
716
862
117
-198
1040
431
154
558
703
317
475
495
817
421
298
819
167
707
218
836
539
250
589
339
220
119
752
60
116
-80
552
339
-119
376
-274
275
53
-265
347
-324
-104
-36
-667
36
-153
139
-562
14
-152
-988
232
-379
-762
-8
506
-1107
-240
354
-875
-354
375
-352
-293
648
-171
-675
654
-86
-839
580
-131
-694
177
396
-656
-171
156
-685
366
-511
-761
10
71
-129
-321
172
139
-534
-18
-118
-84
177
-731
82
157
-753
-81
55
-659
-155
213
-561
-309
399
-245
-650
399
491
-638
-258
591
-140
-462
963
-2
-166
450
67
-91
71
809
-182
222
1074
64
-51
458
621
133
-177
589
531
-212
-47
610
142
-316
627
-47
-351
24
164
-457
-141
-6
-532
-179
7
-506
56
509
-807
-220
49
68
-418
-186
314
400
-756
-24
841
-407
-704
479
323
-578
370
279
-12
-81
100
-217
143
293
-747
309
482
-484
-174
534
-468
-554
353
173
-325
129
264
-66
416
537
79
268
855
-601
366
353
-95
-31
314
367
-332
742
-6
-322
268
578
-429
221
480
199
5
-85
307
278
453
-174
217
579
35
-222
2
469
353
-92
131
999
-215
-248
414
193
-239
-99
204
-712
145
310
-634
-42
357
-707
-107
-329
-348
-858
-88
-192
-1259
-72
-308
-363
-443
-476
-773
-707
-242
-950
-1082
-93
-260
-918
-108
-75
-521
-274
-306
-310
534
-75
-547
-152
256
-616
-336
1049
-335
-315
406
36
-465
297
311
-423
459
588
-365
384
375
77
339
256
743
40
108
631
246
108
414
295
508
47
91
240
257
-57
374
562
23
436
375
-11
297
624
-390
491
830
41
158
441
392
504
352
85
312
332
233
56
496
457
379
465
-196
-169
475
224
-522
-407
641
-301
-621
460
-135
-539
-278
-128
-494
-240
-35
-703
-207
475
-1061
-550
519
-746
-548
166
-363
-796
-259
-384
-566
-182
-61
-646
-314
235
-695
-52
-250
-611
152
-367
-704
69
683
-1484
-140
412
-764
-679
306
564
-740
145
78
-269
617
151
-590
976
566
-810
120
524
23
-303
385
490
-6
-48
-152
-61
656
-166
-305
327
144
-164
-331
430
546
-114
-127
503
777
-87
-8
923
296
32
436
692
-236
560
732
103
472
333
107
76
54
181
458
186
-263
543
491
-276
228
397
-121
-407
543
-238
-643
216
445
-425
-295
148
292
-711
-108
577
-260
102
-261
-399
-655
737
-973
-290
598
-340
-460
160
236
-739
22
-510
-404
94
-37
-849
-103
289
-356
-610
38
-114
-258
-121
-52
89
-409
193
-442
-427
412
-311
-11
131
-510
-17
199
-545
-575
647
47
-1148
546
190
-840
220
-42
-768
434
564
-957
-394
853
-68
-768
470
350
-502
344
9
-210
647
94
-240
421
312
76
348
178
44
257
846
0
437
844
-117
31
359
107
-295
390
397
-70
267
225
-109
-104
272
208
82
310
147
-111
315
314
-407
199
806
86
-278
205
945
-452
-245
991
-112
-442
591
152
-828
-6
433
-500
-201
741
-284
-370
166
88
-761
-237
441
-625
-127
2
-745
-482
194
-122
-793
574
160
-1190
-84
538
-833
-561
705
-246
-470
239
-310
-565
-190
-323
-229
-423
155
-580
-120
-118
-1039
484
-547
418
-107
-116
-133
34
578
-579
275
584
102
-607
919
869
2
115
465
568
-58
533
602
419
547
482
-130
654
-44
194
296
383
641
-380
500
227
-496
-259
489
143
-43
413
418
-423
-106
117
-204
-249
643
-69
-775
162
337
-630
-582
653
-43
-714
363
91
-387
-98
-130
-510
-21
55
-697
294
119
-1097
-187
181
-938
-169
-193
-926
-314
464
-1002
-1101
894
-461
-831
-7
311
-427
-303
113
-866
377
408
-350
-19
299
-344
-453
-238
217
310
448
101
-171
-175
-39
199
-57
402
525
131
-331
669
392
-127
565
526
226
-73
387
410
261
390
143
254
377
508
364
288
581
20
178
417
443
-28
88
649
231
-176
313
193
233
-345
-52
710
-127
-388
-76
342
-307
-79
103
66
-134
102
-244
-219
-3
253
-200
-181
274
-59
-485
-230
422
-115
-7
24
-19
-309
-127
-337
-585
113
-38
-1001
136
253
-1101
-610
96
-359
-328
-634
-234
175
-956
-414
-361
-250
-416
-256
-510
-13
296
-554
-762
364
92
-822
358
-113
65
133
-196
-192
158
386
-71
-10
204
464
-210
-353
558
678
-569
-95
748
496
1
-174
497
790
-131
-261
838
837
78
109
780
720
349
20
176
817
663
-500
551
275
42
99
18
429
444
168
-247
221
195
-679
-131
310
-6
19
-236
-289
-224
-145
-345
172
431
-115
-432
-186
174
-95
-316
-71
466
-145
-715
-217
450
-217
-609
170
103
-661
-348
79
-578
-661
650
40
-1125
177
494
-700
-655
314
-270
-527
-173
-120
-580
72
28
-50
-364
-80
111
-80
-233
-270
337
79
161
-855
-125
886
-363
-774
288
811
-521
-291
752
17
-135
392
-111
151
773
110
-159
687
808
-529
129
754
522
-502
251
807
-58
95
304
301
242
555
-47
-6
770
290
-597
357
582
-436
-341
237
-75
-27
345
-154
126
285
-27
-596
3
681
-239
-213
737
154
-461
221
237
-159
493
146
-91
-9
391
-112
-82
8
71
-146
-429
334
87
-241
-94
-184
-516
150
-178
-634
-247
179
-416
-690
345
23
-947
-226
358
-199
-553
-164
236
-609
-588
257
-176
-255
-325
-42
-195
-143
-381
-499
74
188
-624
-265
438
-167
-397
-187
14
20
10
-627
-146
569
69
-976
345
1011
-766
-700
829
780
-717
212
788
-286
18
302
222
487
361
-282
-160
482
-250
-626
589
184
-113
-44
-259
149
54
-201
-243
323
525
-226
-431
778
481
-424
65
148
609
-18
-90
748
624
-15
-22
159
324
266
-416
15
629
383
-425
205
449
-170
-103
276
252
65
99
-303
106
264
-370
-176
453
79
-442
-2
443
-611
-463
146
294
-325
-163
204
-112
17
-16
-228
118
224
-457
-224
106
69
-155
-175
-144
-41
-84
-59
-109
98
182
-284
-139
0
-112
24
109
-143
259
309
-28
-142
134
144
-273
389
49
-173
-105
253
-132
-380
264
325
-159
-59
183
208
77
-178
-222
157
181
-307
70
1
214
-227
-170
-364
-56
277
-221
-270
463
275
-687
-165
275
261
-74
-143
292
130
-270
-103
-69
85
-46
-375
138
-187
-528
-145
-115
-120
-253
-365
-356
120
73
-242
-69
359
-111
-511
-117
-90
-295
-346
122
509
153
32
-494
-499
-192
-43
39
132
525
-105
-271
256
135
-586
-18
773
372
-325
356
332
-532
-81
455
179
190
202
86
-162
92
227
11
339
483
260
94
233
-136
-20
117
496
332
328
150
99
35
-177
-125
75
323
293
410
95
54
-70
-457
-93
127
717
422
-57
314
257
-311
-434
270
576
208
343
460
39
12
-367
-443
227
485
208
62
-43
-584
-564
-213
-356
106
587
-37
-442
-204
-239
-741
-628
303
-97
-346
146
-38
-546
-856
-369
-292
-308
65
53
-185
-456
-304
-422
-518
-20
44
145
-121
24
-143
-471
-498
-139
105
-18
189
319
-277
-414
-220
-226
-483
157
646
33
199
287
-240
-290
194
298
489
781
325
-111
370
177
-211
311
659
367
230
270
165
30
-324
70
-2
24
224
167
308
58
-16
-93
176
212
51
199
388
276
53
-5
-66
158
160
206
261
115
-8
-125
-441
175
530
53
-24
32
-159
-193
-163
-52
137
79
-170
-219
-36
-263
-749
-245
252
-140
-331
-150
-278
-392
-367
-120
-259
-274
180
-141
-297
62
-82
-551
-213
-128
-180
-225
-261
-179
-91
-46
-128
-302
-195
-171
-224
-16
-205
-281
-255
-396
151
237
-180
45
174
-159
-66
348
44
233
440
269
324
206
-150
96
202
-250
252
824
322
-278
444
522
73
20
511
536
331
288
584
497
208
413
174
56
404
560
147
197
686
367
-203
191
467
469
186
411
406
160
95
141
330
397
464
104
123
278
-9
-81
165
177
-13
-57
-66
-339
-317
-294
-651
-96
-328
-443
-309
-588
-424
-491
-450
-304
-445
-621
-310
-465
-493
-492
-493
-579
-657
-515
-388
-526
-757
-522
-711
-816
-655
-617
-784
-549
-277
-633
-483
-309
-471
-513
-264
-142
-216
-84
-290
-385
-103
-202
-296
-51
121
-49
-84
98
47
98
241
203
317
486
353
657
631
414
550
443
487
647
723
904
836
680
517
312
460
847
855
884
576
544
547
163
739
1039
877
1160
1443
1664
1261
984
1106
1245
1277
1508
1867
1595
784
66
103
552
602
402
132
-495
-1342
-1556
-1484
-1514
-1281
-1493
-1909
-1927
-1885
-2059
-2580
-2295
-1729
-1671
-1703
-1425
-1566
-1858
-1708
-1216
-788
-248
-117
-89
32
219
175
347
828
859
1066
1059
652
500
216
179
466
747
237
-78
-143
-783
-695
-335
-496
-774
-192
-153
-393
-287
-85
-95
27
478
723
740
831
659
613
1131
1221
1023
884
852
666
707
1039
892
529
489
201
-83
382
930
1425
1904
1789
1157
241
484
1114
1840
2593
2769
1892
461
-93
291
1159
1739
1481
470
-821
-1766
-2005
-1457
-969
-1073
-1528
-1991
-2851
-3181
-2981
-3097
-2704
-2133
-2009
-2391
-2941
-3254
-3095
-2620
-1739
-944
-829
-1112
-1152
-1113
-602
69
600
812
1040
1340
1348
1152
1424
1805
1911
1903
1908
1269
676
588
718
1102
869
446
7
-536
-792
-123
108
-143
30
-284
-572
-426
-211
-17
291
352
387
404
364
110
347
894
906
1169
1142
385
285
419
603
641
1042
949
350
266
442
283
56
768
1529
2254
2040
876
124
197
1244
2272
3034
3421
2223
210
-413
680
2067
2641
2314
712
-1229
-2122
-2009
-1217
-379
-409
-1475
-2677
-3217
-3609
-3678
-3102
-2635
-2403
-2442
-3161
-3906
-3717
-3336
-2668
-1543
-950
-1398
-2039
-1908
-1124
-244
502
742
1002
788
538
920
1435
2127
2509
2408
1992
1559
1304
1243
1165
1601
1693
1087
299
-109
-17
302
558
409
-33
-537
-997
-779
-241
12
160
80
-133
-108
-195
-345
-57
482
752
706
615
268
32
283
810
968
724
285
-299
-352
-41
209
287
235
265
563
1523
1879
1042
-216
-260
701
1836
2812
3128
2395
864
-155
400
2128
3097
2885
1497
-253
-1662
-1874
-629
262
199
-722
-2090
-3244
-3459
-2851
-2035
-1954
-2334
-2718
-3450
-3804
-3504
-2674
-1966
-1799
-1806
-1722
-1975
-1994
-1066
-40
487
789
674
274
283
917
1640
2096
2520
2274
1801
1527
1637
2024
2136
1802
1566
1098
544
313
556
614
342
255
-326
-675
-751
-499
-324
-216
-97
-428
-630
-540
-312
-232
-39
74
116
266
175
-6
16
237
156
231
467
40
-352
-331
-286
-270
-178
-106
-425
-20
1104
1604
1196
172
-687
-224
1153
2200
2806
2583
1352
-259
-430
1458
3243
3431
2085
-39
-1600
-1810
-804
673
1206
111
-1715
-3049
-3007
-2091
-1191
-1118
-1387
-1858
-2718
-3271
-2972
-2179
-1478
-1146
-1290
-1618
-1963
-2125
-1532
-91
855
571
-155
-321
-75
457
1261
2118
2270
1713
1306
1377
1680
1842
1756
1665
1538
1288
983
792
716
752
641
278
-281
-541
-798
-773
-234
1
-133
-617
-992
-859
-307
-121
-324
-441
-662
-825
-422
-122
-251
-418
-474
-432
-320
-217
-572
-745
-865
-964
-622
-520
-695
-516
112
1189
1584
611
-559
-724
574
1964
2592
2929
2269
671
-289
851
3090
4266
3452
1608
-218
-1072
-157
1263
2211
1787
50
-1762
-2595
-1916
-645
-109
-521
-1366
-2399
-3223
-3405
-2331
-956
-747
-1341
-2008
-2612
-2848
-2113
-694
244
53
-769
-1344
-1322
-528
804
1678
1645
1303
840
707
1280
1937
2252
2065
1506
1056
740
721
1100
1373
1046
335
-305
-767
-865
-313
255
167
-554
-1223
-1332
-884
-120
302
117
-646
-1224
-938
-274
328
502
-16
-337
-284
-141
-52
68
-2
-387
-645
-569
-240
-163
-235
259
1271
1732
848
-499
-818
408
1720
2149
2312
1830
459
-678
31
2204
3718
3527
1691
-262
-1425
-984
801
2120
2149
501
-1607
-2793
-2150
-361
652
286
-1026
-2312
-3114
-3103
-2005
-388
22
-1020
-2150
-2725
-2871
-2449
-1271
-163
-204
-1524
-2262
-1979
-1162
-142
794
916
400
-75
-257
411
1377
1799
1390
848
587
616
899
1163
1293
1094
531
-30
-422
-195
123
385
489
98
-425
-744
-415
271
500
252
-321
-889
-789
-129
587
640
125
-325
-374
-129
230
447
247
-484
-780
-597
-241
160
332
336
494
1225
1574
875
27
186
1232
2047
2155
1954
1674
956
279
1005
2872
3701
2733
1183
-88
-462
504
1858
2234
1510
203
-1393
-1653
-293
1037
1069
-178
-1454
-2196
-2527
-2017
-797
-64
-633
-2120
-3025
-2933
-2674
-2095
-1028
-531
-1649
-2759
-2750
-2150
-1082
-67
206
-396
-1060
-1083
-456
433
1001
794
149
-565
-470
219
628
870
539
-70
-508
-612
-522
-153
12
-119
-401
-949
-1129
-774
-240
102
47
-383
-1084
-1304
-526
435
736
390
-223
-546
-326
213
651
655
203
-438
-530
37
703
829
508
423
780
1418
1801
1171
543
982
1533
1799
2060
2359
2012
1112
1017
1958
3130
3568
2732
1474
577
810
1719
2410
2508
1562
51
-891
-496
811
1524
952
-323
-1388
-1716
-1635
-1134
-262
-146
-1278
-2472
-2773
-2541
-2179
-1661
-1096
-1247
-2351
-3040
-2744
-1959
-1119
-596
-848
-1469
-1743
-1364
-646
154
372
-191
-666
-743
-174
558
668
501
162
-226
-347
-144
180
107
-123
-282
-609
-951
-735
-188
100
49
-231
-578
-905
-639
309
631
315
-114
-290
-153
260
851
888
416
-54
-207
49
600
895
806
474
489
1092
1594
1256
519
698
1373
1532
1450
1667
1860
1350
850
1179
2332
2925
2186
1117
413
317
810
1554
1665
967
88
-772
-870
366
1227
686
-461
-1244
-1620
-1585
-997
-305
-248
-1010
-2096
-2565
-2163
-1866
-1577
-1223
-1508
-2301
-2875
-2697
-1822
-1265
-952
-1084
-1598
-1720
-1219
-427
114
210
-128
-580
-582
170
1061
1369
919
552
338
296
745
1185
1172
656
153
-217
-281
98
481
646
349
-90
-382
-520
-225
457
914
486
-66
-229
39
593
986
968
531
-165
-409
-64
412
866
801
256
55
658
1215
1012
479
623
1095
1207
958
1155
1641
1191
582
873
1627
1938
1452
818
301
60
403
1033
1141
594
-153
-949
-989
-70
628
372
-499
-1174
-1479
-1595
-1184
-620
-534
-1086
-1915
-2100
-2071
-2024
-1740
-1467
-1549
-2215
-2611
-2341
-1758
-1374
-1200
-1209
-1499
-1348
-792
-262
203
230
-93
-485
-353
532
1259
1170
868
463
221
500
984
1415
1169
481
84
-109
85
602
890
761
245
-128
-182
78
561
909
784
274
1
48
400
1010
1115
680
305
-18
-161
175
624
713
513
374
584
805
554
150
358
938
1190
1110
812
643
550
477
823
1406
1692
1261
456
-33
36
208
578
881
516
-332
-1088
-906
-88
630
554
-104
-644
-875
-973
-705
-165
-232
-803
-1391
-1503
-1207
-915
-958
-1103
-1303
-1878
-2108
-1534
-886
-879
-1327
-1747
-1659
-1320
-944
-428
-280
-623
-1044
-1082
-514
-7
178
183
18
-349
-353
-6
406
685
641
329
-35
22
234
463
643
678
432
91
18
353
597
635
563
265
16
-129
343
927
1017
694
291
262
458
692
915
874
628
839
1360
1486
972
516
616
1154
1724
1810
1482
1056
585
345
978
2056
2284
1188
-33
-367
-49
380
752
733
86
-709
-1259
-878
-50
241
-223
-779
-957
-960
-920
-728
-508
-596
-1180
-1594
-1391
-867
-589
-526
-606
-1195
-1836
-1778
-1054
-367
-305
-956
-1663
-1907
-1376
-565
-59
-247
-881
-1340
-1322
-704
-45
-16
-468
-792
-764
-538
-123
231
197
12
-170
-79
165
359
626
643
347
223
206
366
429
430
561
519
287
151
312
693
834
765
645
441
317
514
810
949
820
628
728
1030
1032
707
536
786
1039
1074
1239
1289
995
428
250
703
1243
1213
531
-172
-399
-205
173
327
156
-482
-1094
-1052
-477
-28
-296
-768
-1019
-987
-644
-264
85
-30
-642
-950
-709
-322
-86
-3
250
129
-447
-739
-466
221
320
-34
-316
-499
-622
-414
100
359
52
-693
-1092
-696
-52
81
-205
-645
-891
-790
-283
209
190
-267
-728
-651
-203
312
440
235
19
-297
-359
25
352
312
65
-187
-366
-278
21
405
590
337
-243
-407
-95
360
730
594
197
36
389
772
793
597
492
605
689
640
855
1009
687
353
418
741
785
288
-221
-381
-351
-203
-281
-590
-797
-1003
-1247
-1162
-752
-451
-725
-1070
-1010
-899
-783
-626
-280
-213
-432
-475
-283
70
320
530
701
685
456
611
868
917
911
777
714
588
642
829
905
611
307
97
-201
-302
-152
-98
-433
-687
-702
-687
-553
-408
-372
-535
-734
-801
-707
-455
-134
85
-39
-151
-105
34
15
18
272
295
46
-115
-55
125
460
564
284
18
-187
-81
387
923
1052
843
415
-6
193
1041
1588
1231
799
669
657
602
728
998
928
545
242
-238
-706
-702
-483
-384
-559
-1155
-1828
-2036
-1603
-847
-611
-1202
-1685
-1720
-1416
-1006
-505
-304
-824
-1208
-928
-336
123
404
461
388
386
546
1124
1534
1493
1423
1319
1251
1122
1218
1405
1284
923
477
241
267
233
194
34
-401
-848
-1063
-840
-496
-495
-883
-1151
-1139
-979
-883
-702
-587
-803
-847
-592
-169
35
-70
-132
-223
-228
-327
-94
249
273
-57
-265
-97
226
541
500
427
417
648
849
808
743
847
962
1003
1152
1378
1334
840
590
947
1123
923
548
129
-322
-419
-199
-267
-652
-1235
-1533
-1591
-1399
-1241
-1446
-1840
-1984
-1606
-1296
-1369
-1373
-1121
-971
-979
-821
-403
-161
227
732
840
655
615
1024
1730
2246
2302
1936
1558
1581
2006
2435
2409
2036
1456
979
903
1181
1250
894
261
-399
-690
-728
-559
-563
-895
-1066
-1300
-1547
-1463
-1278
-1067
-1120
-1370
-1485
-1356
-1117
-896
-696
-595
-629
-804
-664
-438
-375
-458
-561
-387
-333
-288
-130
-77
89
478
490
273
277
513
828
936
933
927
956
805
725
1074
1197
826
479
237
113
85
39
-126
-451
-843
-1147
-1126
-1092
-1218
-1371
-1647
-1802
-1676
-1686
-1729
-1623
-1364
-1139
-1137
-961
-565
-295
-165
207
642
730
811
1127
1520
1776
2068
2344
2349
2260
2226
2425
2430
2249
2071
1964
1820
1602
1535
1276
849
529
317
234
105
-31
-346
-725
-942
-909
-985
-1105
-1105
-1071
-1305
-1574
-1550
-1405
-1288
-1235
-1023
-1055
-1234
-1162
-795
-442
-364
-479
-542
-507
-373
-131
218
518
530
164
-107
101
705
1107
1051
894
597
244
301
813
1236
1194
665
147
-85
30
343
390
17
-617
-1141
-1337
-1175
-941
-977
-1453
-1977
-2150
-2114
-1937
-1649
-1571
-1840
-2179
-2127
-1625
-1147
-617
-205
-239
-390
-204
336
1051
1644
1800
1762
1736
1888
2278
2506
2579
2551
2243
2060
2069
2182
2056
1828
1589
1341
1124
958
894
898
774
501
216
19
-192
-322
-343
-448
-664
-879
-995
-1004
-922
-976
-1035
-1099
-1097
-962
-844
-692
-687
-814
-712
-501
-271
-170
-154
4
111
53
11
228
459
529
424
319
371
380
310
319
410
347
245
49
-71
-60
-146
-109
-66
-324
-768
-1071
-1137
-1053
-980
-1126
-1447
-1710
-1880
-1843
-1643
-1537
-1676
-2020
-2256
-1974
-1478
-1269
-1105
-1083
-1167
-937
-395
239
711
732
716
899
1377
1915
2195
2300
2235
2098
2039
2208
2466
2522
2381
2163
2103
2030
1901
1789
1802
1647
1209
917
841
742
482
420
237
-57
-308
-385
-391
-431
-641
-863
-1002
-1072
-1073
-1089
-1053
-1124
-1158
-1014
-804
-620
-452
-399
-550
-608
-300
81
301
173
9
21
60
146
313
446
166
-224
-347
-362
-310
-225
-330
-528
-830
-1081
-1080
-1094
-907
-836
-1125
-1413
-1555
-1456
-1374
-1364
-1299
-1375
-1540
-1568
-1379
-1247
-1154
-1033
-875
-837
-894
-642
-199
250
420
408
523
771
1106
1515
1830
1855
1672
1698
1957
2251
2412
2352
2187
2002
1967
2154
2241
2234
2091
1841
1629
1431
1387
1321
1136
945
738
492
395
375
237
-48
-335
-444
-588
-739
-740
-807
-989
-1096
-1091
-1114
-1139
-1082
-1023
-1056
-1058
-1013
-915
-804
-716
-736
-797
-751
-693
-601
-496
-409
-397
-603
-736
-655
-611
-643
-822
-1060
-1176
-1189
-1116
-1010
-1121
-1298
-1454
-1424
-1230
-1024
-977
-1166
-1183
-1113
-1083
-1008
-727
-618
-659
-678
-647
-359
-70
126
257
294
377
472
673
1080
1409
1498
1539
1549
1577
1694
1906
2190
2387
2489
2337
2200
2253
2302
2470
2607
2516
2402
2164
1958
1865
1897
1877
1648
1377
1137
920
811
748
660
558
211
-148
-286
-343
-454
-557
-690
-891
-1099
-1209
-1155
-1114
-1103
-1326
-1559
-1633
-1511
-1433
-1480
-1412
-1436
-1570
-1743
-1658
-1377
-1330
-1363
-1353
-1483
-1576
-1618
-1510
-1461
-1555
-1529
-1547
-1598
-1531
-1517
-1527
-1497
-1430
-1366
-1325
-1208
-1045
-933
-732
-586
-612
-585
-468
-135
164
375
295
191
324
464
635
894
1075
959
846
917
1113
1212
1303
1443
1526
1518
1521
1541
1550
1611
1748
1852
1918
1996
1993
1981
1930
1930
1986
2011
1880
1752
1603
1416
1323
1252
1225
1087
835
585
466
435
326
227
71
-133
-263
-359
-532
-675
-745
-765
-865
-1043
-1139
-1214
-1198
-1186
-1171
-1258
-1410
-1551
-1510
-1386
-1323
-1297
-1342
-1301
-1250
-1133
-1114
-1214
-1192
-1078
-1002
-998
-1017
-972
-905
-927
-960
-976
-957
-865
-785
-600
-524
-473
-481
-458
-264
-186
-57
-24
10
138
280
441
576
690
718
648
665
821
867
901
1015
1103
1051
1077
1132
1120
1137
1129
1249
1270
1248
1193
1102
1139
1168
1200
1175
1121
1073
950
791
794
905
955
886
695
546
348
242
349
437
330
155
-68
-245
-320
-320
-364
-468
-669
-920
-1026
-1024
-1069
-1152
-1149
-1265
-1460
-1619
-1621
-1560
-1500
-1501
-1589
-1677
-1713
-1621
-1452
-1299
-1145
-1228
-1204
-1050
-870
-674
-639
-628
-642
-549
-403
-285
-262
-317
-311
-190
22
211
234
212
378
525
653
800
936
986
1037
1089
1098
1126
1136
1237
1343
1388
1325
1242
1214
1288
1377
1376
1326
1179
1088
1063
1046
1096
1051
985
1007
870
779
765
683
513
417
401
419
456
483
426
303
152
60
33
73
139
101
-163
-413
-471
-469
-371
-356
-404
-656
-876
-940
-1047
-1064
-1153
-1331
-1373
-1448
-1530
-1517
-1513
-1541
-1585
-1680
-1740
-1742
-1666
-1567
-1510
-1505
-1522
-1498
-1315
-1062
-876
-775
-763
-721
-575
-360
-113
87
91
110
296
501
672
792
730
743
815
1030
1226
1245
1290
1355
1418
1471
1559
1468
1408
1406
1428
1397
1318
1289
1257
1171
1112
1144
1091
968
829
819
840
753
738
735
652
456
356
334
417
458
323
206
72
-10
-39
58
68
-44
-175
-352
-414
-425
-450
-559
-657
-692
-738
-888
-1046
-1090
-1154
-1216
-1216
-1248
-1317
-1378
-1431
-1421
-1341
-1239
-1206
-1239
-1337
-1378
-1296
-1158
-1079
-1038
-1032
-1034
-982
-878
-800
-725
-659
-661
-533
-358
-237
7
87
137
226
341
552
587
695
817
869
943
1074
1213
1240
1354
1303
1231
1342
1472
1515
1559
1526
1457
1423
1342
1378
1444
1406
1367
1286
1175
1007
890
843
766
643
463
291
157
22
-3
-22
-137
-236
-371
-425
-411
-434
-516
-554
-614
-632
-691
-656
-610
-604
-541
-593
-692
-741
-768
-776
-724
-712
-878
-980
-909
-822
-827
-889
-919
-964
-980
-935
-857
-836
-821
-844
-831
-872
-861
-786
-803
-794
-748
-704
-631
-523
-441
-368
-403
-398
-208
-42
92
263
339
317
361
423
628
865
992
1031
1056
1107
1262
1407
1384
1367
1309
1227
1211
1329
1449
1452
1379
1224
1128
1206
1225
1228
1144
1111
978
848
844
814
725
582
410
232
111
29
-3
-96
-265
-442
-506
-547
-637
-610
-686
-858
-903
-984
-1034
-1009
-996
-983
-1095
-1252
-1285
-1313
-1257
-1137
-1187
-1219
-1284
-1321
-1200
-1139
-1057
-976
-976
-990
-915
-767
-658
-530
-518
-589
-570
-443
-297
-254
-249
-252
-205
-75
-2
47
41
46
136
286
386
357
275
248
323
491
606
684
756
830
922
1003
1034
1079
1100
1175
1221
1218
1314
1366
1459
1504
1501
1466
1413
1389
1408
1471
1495
1416
1391
1369
1323
1269
1209
1067
888
701
519
435
328
164
-69
-313
-498
-622
-692
-783
-934
-1057
-1241
-1363
-1380
-1438
-1521
-1595
-1656
-1696
-1695
-1652
-1645
-1658
-1657
-1671
-1654
-1472
-1352
-1359
-1317
-1315
-1243
-1141
-1132
-968
-841
-705
-564
-494
-385
-348
-351
-286
-160
-146
-99
-53
-6
102
226
258
255
286
384
462
503
558
626
664
686
737
809
932
968
995
1040
1103
1189
1185
1149
1169
1223
1204
1229
1315
1286
1227
1205
1162
1207
1208
1121
1092
991
884
915
922
881
838
793
719
531
411
327
191
117
58
-120
-333
-522
-587
-642
-724
-806
-976
-1139
-1216
-1259
-1304
-1369
-1484
-1587
-1628
-1587
-1572
-1520
-1562
-1615
-1558
-1620
-1498
-1373
-1334
-1267
-1262
-1181
-1067
-962
-847
-688
-591
-448
-304
-173
4
154
357
477
547
559
592
708
844
924
923
932
950
893
914
1056
1139
1084
1007
995
1069
1107
1120
1107
1072
1016
938
878
864
773
713
704
672
732
686
652
582
570
576
570
525
491
520
451
364
309
277
179
233
309
214
201
92
21
-43
-94
-151
-297
-411
-582
-687
-726
-755
-887
-1001
-1181
-1296
-1306
-1403
-1445
-1529
-1622
-1695
-1735
-1755
-1749
-1753
-1700
-1714
-1662
-1545
-1485
-1404
-1259
-1152
-1048
-886
-738
-546
-382
-201
-83
96
244
413
572
674
821
977
1080
1103
1183
1291
1369
1407
1437
1423
1427
1331
1352
1374
1321
1332
1293
1261
1278
1299
1248
1207
1117
1165
1040
939
914
801
772
706
671
598
530
434
325
314
328
219
172
41
-133
-196
-200
-156
-211
-252
-331
-516
-554
-521
-506
-538
-547
-592
-668
-655
-633
-682
-734
-700
-710
-750
-821
-863
-887
-903
-937
-974
-1012
-1049
-1092
-1157
-1148
-1126
-1170
-1150
-1150
-1144
-1120
-1083
-1111
-1040
-949
-859
-750
-631
-587
-529
-443
-283
-185
-37
94
159
328
484
537
694
821
938
1067
1139
1274
1302
1321
1327
1348
1380
1372
1359
1326
1322
1329
1297
1194
1181
1177
1053
978
892
894
768
641
558
481
429
290
183
139
19
-38
-26
-59
-31
-70
-152
-274
-308
-272
-313
-347
-401
-470
-507
-517
-493
-483
-495
-514
-455
-485
-513
-500
-553
-554
-530
-499
-568
-608
-578
-579
-617
-677
-698
-758
-728
-671
-668
-747
-874
-865
-827
-815
-798
-752
-784
-686
-665
-635
-519
-482
-418
-389
-249
-121
-55
55
146
213
300
399
471
563
666
753
773
853
935
1021
1129
1156
1165
1086
1029
1080
1083
1145
1168
1064
993
971
945
924
900
790
699
655
525
438
464
399
288
210
154
99
34
-5
-89
-172
-248
-322
-336
-332
-412
-424
-518
-597
-674
-698
-713
-777
-801
-890
-928
-976
-982
-1023
-965
-917
-880
-817
-831
-837
-819
-756
-635
-609
-632
-575
-570
-539
-460
-430
-361
-366
-392
-308
-291
-335
-329
-336
-288
-214
-90
30
63
146
102
195
319
366
395
507
581
635
738
755
778
796
867
894
1028
1066
1090
1138
1151
1172
1194
1190
1127
1142
1091
1050
1033
967
944
891
751
667
540
431
317
168
26
-94
-209
-304
-354
-418
-559
-614
-663
-710
-759
-803
-825
-856
-863
-900
-935
-960
-963
-915
-932
-938
-888
-890
-880
-816
-815
-788
-816
-857
-842
-794
-690
-659
-657
-604
-566
-500
-435
-342
-241
-204
-99
-99
-131
20
12
15
129
99
85
64
116
250
361
412
475
537
574
633
721
850
856
946
957
980
1023
985
994
989
1005
969
952
959
890
847
884
869
875
886
896
843
846
851
826
748
684
603
512
467
396
360
299
185
69
-61
-151
-212
-306
-382
-486
-616
-703
-789
-889
-953
-1073
-1082
-1084
-1090
-1102
-1148
-1138
-1172
-1203
-1229
-1192
-1209
-1211
-1221
-1186
-1147
-1140
-1084
-1027
-1006
-935
-811
-752
-660
-595
-499
-386
-274
-187
-40
-29
6
105
129
208
269
315
311
262
296
384
502
589
660
672
679
690
777
877
887
914
876
826
959
960
927
885
795
828
768
728
732
711
687
751
729
744
657
592
547
491
488
508
442
341
344
296
202
122
136
102
11
-46
-133
-262
-373
-445
-517
-565
-672
-747
-792
-837
-830
-877
-908
-920
-927
-873
-799
-845
-829
-848
-878
-886
-893
-768
-751
-744
-697
-650
-585
-596
-539
-492
-522
-451
-352
-291
-198
-81
36
110
127
210
259
213
282
373
364
422
539
588
615
662
728
791
847
875
868
917
920
945
1008
1024
1009
993
1048
944
917
911
852
800
835
822
740
654
572
524
389
305
239
163
102
103
65
44
-10
-59
-113
-144
-250
-337
-337
-434
-529
-606
-714
-797
-823
-861
-906
-946
-995
-1045
-1056
-1020
-1033
-1064
-1057
-1006
-988
-907
-872
-929
-912
-930
-884
-780
-739
-698
-700
-664
-576
-592
-595
-499
-503
-370
-272
-206
-102
-105
-14
100
175
254
310
294
351
437
490
520
601
633
635
711
729
796
834
784
911
957
961
959
959
989
991
1040
1027
977
975
1000
981
937
841
749
682
671
663
578
523
425
284
196
194
72
58
-46
-112
-122
-208
-247
-337
-373
-393
-468
-512
-502
-509
-553
-615
-651
-641
-724
-751
-772
-813
-775
-769
-757
-791
-745
-805
-792
-742
-668
-623
-633
-552
-559
-544
-501
-471
-451
-424
-365
-232
-152
-169
-128
-92
-4
55
144
245
295
266
331
371
391
481
505
467
489
530
520
588
621
619
642
611
538
524
561
581
566
573
597
613
580
581
632
655
581
595
633
583
559
491
462
401
331
338
291
231
80
85
-25
-189
-208
-294
-398
-538
-572
-553
-586
-603
-621
-682
-700
-749
-809
-839
-886
-904
-914
-912
-871
-891
-895
-829
-821
-767
-719
-686
-666
-661
-618
-569
-486
-406
-354
-326
-326
-292
-253
-188
-146
-113
-102
-59
-15
41
168
264
325
306
363
431
448
532
529
620
645
669
695
662
716
742
783
763
731
788
714
672
683
724
710
696
675
684
659
644
630
632
596
572
580
545
548
519
479
447
355
246
211
108
8
-26
-45
-113
-92
-88
-154
-253
-329
-413
-508
-492
-544
-599
-618
-643
-700
-672
-637
-702
-731
-782
-788
-839
-879
-823
-844
-833
-799
-794
-734
-715
-682
-603
-476
-470
-376
-319
-307
-216
-252
-167
-106
-56
-21
10
-17
47
166
198
216
237
298
315
321
308
343
366
412
461
508
591
585
656
672
664
694
647
633
607
600
602
586
565
528
490
471
468
448
415
428
433
462
420
357
304
245
215
138
97
50
-43
-165
-250
-297
-336
-335
-411
-421
-406
-435
-480
-509
-510
-563
-601
-591
-625
-661
-619
-653
-653
-653
-646
-654
-639
-648
-657
-644
-623
-582
-546
-484
-488
-435
-398
-382
-323
-270
-213
-177
-110
-58
-13
52
100
99
164
225
204
251
351
312
359
406
408
464
535
515
510
522
492
512
594
617
630
625
596
625
686
757
736
703
706
642
591
550
434
436
394
358
346
277
298
315
255
263
186
135
130
81
83
103
60
-48
-161
-232
-209
-262
-317
-288
-337
-298
-319
-361
-371
-447
-517
-534
-491
-496
-551
-546
-543
-589
-539
-575
-577
-560
-566
-576
-568
-509
-478
-435
-440
-435
-444
-430
-359
-355
-304
-248
-177
-143
-90
-13
-25
53
109
142
245
300
340
365
347
405
384
418
422
411
428
403
432
489
507
525
524
505
497
470
445
415
400
344
359
365
388
417
355
320
292
220
175
176
111
43
45
21
50
65
24
-36
-75
-85
-154
-174
-201
-287
-326
-332
-396
-410
-458
-516
-599
-650
-621
-645
-606
-625
-610
-556
-548
-540
-518
-525
-511
-500
-492
-522
-532
-447
-381
-372
-356
-325
-359
-333
-283
-278
-250
-159
-128
-110
-17
62
120
108
163
234
254
281
340
422
433
429
460
557
595
634
660
613
626
637
657
689
744
813
774
739
730
757
726
719
735
733
740
642
607
601
479
435
332
240
196
115
66
18
36
9
4
-13
-44
-155
-164
-185
-185
-99
-168
-224
-291
-352
-356
-411
-449
-453
-578
-625
-627
-674
-673
-681
-721
-732
-685
-685
-689
-664
-682
-641
-623
-594
-577
-570
-499
-458
-432
-378
-382
-358
-326
-327
-294
-231
-210
-170
-91
-73
-33
-32
-40
23
78
170
233
306
369
423
465
480
440
473
486
423
466
421
444
492
536
603
627
607
652
679
653
649
611
593
533
500
471
440
384
288
254
291
229
194
171
107
42
-31
-33
-80
-146
-142
-210
-258
-232
-279
-345
-378
-329
-353
-399
-392
-413
-433
-472
-558
-516
-498
-516
-531
-525
-467
-505
-533
-499
-478
-461
-411
-397
-352
-312
-325
-302
-295
-268
-239
-162
-67
-48
-34
-46
0
32
56
82
87
140
227
219
218
305
322
364
381
376
422
421
451
486
523
516
481
519
530
474
505
487
451
440
429
459
451
494
500
417
459
398
307
356
303
304
275
197
111
42
3
-48
-85
-93
-176
-209
-233
-281
-309
-335
-298
-331
-319
-333
-377
-413
-483
-469
-451
-490
-482
-490
-524
-511
-497
-552
-550
-581
-570
-505
-494
-405
-440
-387
-373
-389
-336
-295
-236
-252
-263
-223
-201
-170
-115
-88
-21
-25
19
89
115
136
143
202
274
317
333
354
372
377
384
446
505
519
496
484
493
496
479
491
590
532
490
485
460
493
443
428
422
368
382
364
372
392
307
283
253
215
185
170
124
69
23
1
-96
-135
-179
-274
-355
-417
-452
-477
-445
-485
-462
-519
-508
-459
-449
-462
-410
-366
-339
-335
-356
-344
-358
-402
-436
-409
-370
-373
-317
-306
-290
-263
-288
-260
-245
-191
-183
-171
-120
-84
-76
-9
-2
11
16
10
53
89
119
137
145
182
164
244
277
289
279
268
277
278
316
318
271
316
369
400
410
357
378
346
312
315
286
259
299
287
285
280
274
235
128
138
133
92
91
103
104
80
60
36
33
6
-19
-11
8
-1
-43
-79
-156
-189
-246
-263
-275
-305
-329
-333
-305
-337
-335
-307
-279
-308
-270
-286
-324
-313
-364
-359
-331
-263
-230
-200
-192
-205
-207
-220
-153
-125
-71
-71
-90
-21
-38
-3
61
33
1
65
99
114
100
131
154
112
130
177
244
271
266
238
263
290
338
343
356
349
374
304
317
324
290
326
310
294
292
280
241
205
188
198
133
130
89
24
61
33
-25
-9
-2
-3
-55
-95
-66
-131
-158
-165
-164
-196
-216
-216
-279
-333
-336
-321
-351
-383
-370
-390
-369
-380
-375
-355
-391
-377
-371
-372
-323
-293
-301
-303
-291
-236
-228
-231
-170
-213
-204
-158
-144
-116
-86
-15
-26
11
52
77
118
105
144
114
145
174
220
247
265
370
392
363
377
398
421
479
547
574
543
550
541
509
530
507
514
480
437
441
436
413
390
371
317
305
262
222
179
160
120
85
63
51
34
-17
-66
-121
-146
-159
-190
-184
-237
-290
-319
-363
-415
-429
-414
-441
-423
-434
-476
-495
-499
-533
-574
-572
-588
-564
-566
-551
-487
-455
-452
-457
-406
-404
-380
-300
-338
-299
-313
-334
-268
-261
-211
-176
-167
-97
-40
-31
10
46
73
107
158
195
220
291
297
318
404
448
433
400
397
415
390
405
397
351
382
416
468
448
462
447
419
468
491
517
483
444
417
366
308
282
252
237
208
167
120
89
80
28
48
58
21
-30
-71
-86
-105
-171
-215
-265
-282
-301
-287
-318
-348
-351
-384
-393
-420
-439
-390
-395
-393
-352
-403
-387
-326
-300
-280
-298
-307
-309
-263
-210
-201
-181
-161
-193
-151
-126
-93
-79
-91
-84
-74
-75
-38
-11
11
66
74
147
152
193
244
242
297
348
329
347
370
351
317
322
332
285
333
314
299
293
270
308
289
315
321
303
286
269
241
232
231
229
198
119
115
86
53
65
41
0
-41
-83
-152
-178
-158
-185
-205
-208
-196
-203
-231
-261
-293
-308
-308
-348
-315
-272
-315
-326
-361
-368
-393
-365
-373
-369
-370
-399
-372
-368
-317
-309
-277
-211
-164
-149
-126
-94
-85
-63
-90
-57
-60
-68
-25
32
67
93
131
144
138
195
195
213
246
220
291
303
315
367
317
349
335
364
423
406
410
414
413
399
347
336
290
294
344
306
326
318
297
258
223
202
169
177
174
96
54
76
31
32
16
-41
-66
-112
-94
-127
-137
-106
-125
-166
-213
-259
-304
-318
-315
-288
-271
-284
-323
-325
-320
-325
-330
-333
-347
-372
-340
-312
-332
-315
-308
-296
-310
-279
-271
-286
-246
-230
-187
-178
-133
-150
-145
-137
-132
-117
-104
-97
-63
-41
4
74
88
94
93
56
105
156
168
213
260
240
265
265
263
274
276
324
272
278
270
269
288
272
293
320
355
324
346
331
338
327
314
318
287
276
206
192
127
86
80
65
43
55
69
31
-16
-35
-64
-75
-71
-74
-65
-117
-130
-137
-131
-124
-177
-182
-205
-203
-255
-321
-295
-298
-319
-305
-315
-299
-275
-267
-257
-231
-190
-196
-195
-182
-164
-198
-191
-153
-125
-109
-122
-132
-114
-121
-87
-57
-33
3
-20
44
14
40
54
18
69
70
97
146
161
187
202
159
179
156
110
113
134
107
116
167
174
158
165
127
134
154
158
204
219
203
221
207
194
209
178
220
211
170
124
102
77
54
71
21
-23
-40
-19
-68
-35
-59
-92
-68
-110
-113
-160
-167
-190
-185
-186
-182
-165
-178
-221
-235
-251
-266
-231
-216
-215
-221
-201
-221
-194
-166
-168
-150
-137
-111
-114
-49
-44
-103
-79
-69
-66
-51
-41
-25
1
-28
-8
10
-6
46
50
88
181
177
196
207
179
174
171
214
206
211
211
206
220
184
197
203
200
211
173
193
206
174
163
148
140
128
154
88
98
118
89
116
127
125
74
34
-12
-32
-32
-35
-34
-55
-97
-92
-111
-158
-147
-136
-138
-164
-151
-146
-214
-201
-176
-162
-153
-132
-146
-130
-133
-153
-141
-160
-148
-167
-171
-152
-214
-205
-182
-170
-151
-131
-114
-112
-101
-61
-21
-20
-9
-13
20
43
29
35
57
26
32
32
27
32
14
61
99
118
117
135
121
128
151
181
192
194
211
194
174
171
182
176
196
181
166
153
129
112
108
138
134
117
75
34
32
33
25
40
55
45
38
8
-16
15
20
6
-2
-5
-45
-47
-58
-98
-112
-166
-174
-194
-175
-155
-149
-155
-181
-184
-158
-173
-162
-134
-157
-151
-123
-136
-134
-126
-135
-124
-131
-102
-137
-131
-100
-95
-80
-66
-43
-26
4
15
27
51
55
73
72
55
73
64
70
55
66
86
110
89
117
162
162
170
173
217
229
245
242
220
218
226
217
175
140
127
82
66
73
80
81
61
36
15
16
-5
-26
-39
-33
-56
-66
-65
-55
-68
-78
-78
-53
-72
-92
-80
-107
-124
-142
-152
-144
-134
-177
-182
-159
-176
-146
-135
-139
-118
-116
-116
-124
-99
-106
-88
-85
-71
-60
-82
-75
-73
-83
-74
-66
-81
-63
-64
-75
-61
-34
-5
28
85
102
102
133
151
127
134
127
123
129
131
126
117
100
81
77
94
95
108
92
104
132
134
113
108
101
73
85
103
95
100
94
47
47
18
-20
-25
-30
-39
-66
-58
-61
-66
-77
-76
-35
-50
-43
-37
-48
-38
-41
-33
-20
-65
-74
-86
-98
-101
-81
-68
-71
-96
-91
-87
-118
-104
-112
-94
-62
-72
-62
-26
-39
-21
26
8
19
-6
-7
-5
-8
-12
-2
7
0
13
27
68
53
54
51
62
106
137
162
179
173
149
140
121
114
116
114
117
121
105
94
89
81
92
65
69
90
63
66
57
52
68
83
68
56
70
72
45
43
50
28
3
-6
-24
-50
-49
-69
-75
-90
-92
-111
-126
-133
-148
-133
-133
-130
-118
-148
-149
-142
-126
-116
-122
-125
-141
-141
-151
-152
-132
-136
-150
-136
-126
-120
-127
-106
-96
-94
-71
-71
-56
-48
-52
-40
-35
-25
-16
-44
-43
-37
-26
4
9
9
26
43
32
67
72
70
94
109
121
113
123
126
101
118
156
149
144
136
125
126
105
95
95
91
100
112
101
79
76
76
69
56
58
59
50
52
84
98
64
51
52
26
3
-7
-6
-15
-25
-29
-31
-55
-64
-62
-43
-17
-6
0
4
6
10
30
9
-17
-20
-28
-34
-23
-39
-57
-51
-48
-51
-61
-72
-74
-76
-72
-70
-69
-58
-48
-34
1
12
26
20
20
33
12
16
-7
-5
-14
-15
-7
-40
-17
-25
-32
-15
-35
-25
-4
-21
14
30
25
28
37
30
20
24
20
4
-11
-5
-18
-32
-22
-4
-25
-40
-30
-40
-53
-43
-35
-28
-7
10
10
-7
10
-6
3
24
-3
-7
-10
-34
-47
-48
-91
-74
-69
-87
-67
-81
-91
-68
-51
-34
-36
-33
-30
-4
-3
-6
31
15
9
14
-12
-13
6
-14
-20
-19
-28
-29
-44
-16
22
29
30
29
31
39
64
84
89
92
87
83
103
84
94
94
80
76
56
67
63
69
68
81
92
88
111
110
96
119
115
96
109
90
61
64
63
47
47
53
55
63
37
17
20
19
18
7
-1
0
-21
-33
-42
-31
-42
-41
-55
-55
-27
-40
-42
-59
-70
-74
-63
-62
-65
-80
-97
-89
-93
-101
-96
-92
-88
-85
-88
-70
-80
-73
-51
-49
-61
-62
-71
-83
-90
-77
-72
-85
-81
-81
-79
-80
-67
-66
-52
-42
-25
-30
-32
-19
-18
-7
10
29
8
-8
9
7
12
-1
8
8
5
20
16
29
26
16
12
32
46
60
78
85
66
62
75
75
69
71
70
69
76
79
67
60
56
40
43
54
60
75
93
84
77
52
44
40
30
30
21
10
16
-1
-1
-19
-17
-28
-36
-16
-22
-9
-30
-31
-37
-55
-36
-13
-12
6
-8
-11
0
-1
-19
-24
-8
-20
-33
-34
-36
-29
-34
-29
-22
-13
-21
2
-4
11
20
18
34
27
19
19
36
20
24
17
39
36
24
27
6
18
17
-5
-6
-22
-11
-3
17
29
8
-2
0
11
31
26
15
8
-9
-2
6
-5
-6
-25
-39
-41
-57
-49
-55
-43
-36
-37
-29
-24
-44
-50
-41
-43
-64
-62
-49
-27
-31
-38
-25
-36
-36
-27
-12
-19
-11
-4
13
4
-3
-1
-20
-22
-19
-14
-5
-5
-15
-19
-33
-35
-23
-16
-17
-1
2
4
1
13
23
23
33
29
24
36
45
55
44
31
41
38
30
31
36
25
28
11
11
11
5
3
-5
-14
5
23
34
53
61
47
52
52
54
73
53
49
42
25
17
21
10
5
13
6
3
-6
-17
-18
-19
-28
-24
-15
-26
-23
-17
-23
-17
-17
-31
-19
-15
-22
-28
-37
-52
-45
-51
-45
-42
-57
-47
-44
-54
-39
-24
-23
-12
-12
-4
9
-2
2
10
13
5
10
19
23
7
15
20
5
1
23
35
29
48
63
77
78
92
84
74
76
51
70
83
83
79
77
59
46
43
32
19
2
14
19
2
-15
-25
-25
-29
-37
-15
-14
-19
-15
-25
-29
-34
-52
-64
-62
-65
-62
-60
-64
-79
-86
-90
-97
-107
-104
-92
-87
-87
-79
-71
-79
-100
-94
-81
-81
-67
-53
-48
-43
-48
-44
-35
-24
-14
-21
-19
-26
-11
3
14
30
28
41
48
53
74
63
69
73
57
73
73
71
72
68
59
56
55
65
67
67
72
77
84
80
73
81
83
79
86
84
74
69
58
43
42
38
31
21
37
28
21
5
3
3
-3
-4
-21
-6
1
-5
-9
-8
-15
-33
-41
-52
-63
-63
-75
-67
-64
-70
-65
-68
-65
-56
-56
-61
-57
-49
-40
-42
-32
-31
-43
-47
-43
-27
-24
-23
-29
-25
-26
-31
-31
-19
-17
-29
-12
-5
-9
-3
12
23
32
31
43
49
54
66
63
76
73
51
55
50
44
47
37
25
20
11
11
15
17
23
20
10
21
28
26
43
51
37
35
29
16
6
-1
-20
-15
-25
-38
-30
-44
-45
-44
-46
-34
-30
-38
-23
-28
-42
-50
-30
-7
-12
-5
-13
-19
-19
-22
-33
-30
-43
-52
-45
-49
-52
-55
-64
-71
-70
-62
-55
-45
-30
-25
-20
-24
-20
-27
-19
-15
-20
-10
-10
-10
4
-1
5
17
4
17
15
20
25
31
38
33
43
56
57
55
71
73
73
67
66
78
63
66
59
52
52
40
49
48
51
56
51
49
54
42
40
50
50
55
40
41
40
6
6
-2
-12
-18
-34
-43
-41
-53
-64
-41
-32
-32
-21
-14
-31
-39
-31
-31
-35
-29
-19
-29
-22
-13
-10
-7
-16
-22
-25
-16
-16
-15
-23
-20
-4
-17
-16
-13
-4
-16
-7
-7
-5
10
21
22
14
16
3
6
16
5
2
-2
-8
-5
-9
0
-6
-6
1
-1
-4
4
10
10
14
-2
4
2
-5
-6
1
13
-9
-3
1
-8
-13
-12
-15
-20
-11
-23
-14
3
3
3
0
3
11
15
1
-5
4
7
11
3
-19
-32
-40
-44
-37
-35
-40
-45
-49
-42
-44
-48
-41
-39
-32
-11
-18
-25
-10
-11
2
4
6
-2
-9
-20
-15
-1
-6
-7
-11
-12
-4
9
20
24
21
18
12
6
12
17
20
32
35
39
35
36
42
35
42
45
42
40
44
49
44
51
49
52
68
71
79
72
65
65
51
51
56
50
37
32
31
