1
-3
-2
-3
0
5
0
3
5
4
4
7
4
-3
-3
-2
-3
-3
4
6
8
7
6
10
9
7
6
12
8
9
13
13
13
9
6
6
10
8
11
14
11
9
5
-1
2
6
7
6
6
6
5
5
5
2
1
-3
-8
-5
-3
-6
-4
-7
-8
-7
-7
-5
-8
-16
-19
-20
-22
-23
-22
-25
-23
-23
-25
-23
-25
-23
-20
-18
-14
-15
-16
-16
-18
-15
-11
-8
-7
-5
-3
-2
-4
-4
-3
-2
0
-2
0
3
2
6
10
7
11
15
11
10
12
8
3
0
-2
0
-2
-3
0
1
4
13
11
8
9
9
10
9
10
7
3
-1
-1
1
3
1
8
5
5
5
2
-2
-3
2
3
9
9
9
10
9
3
1
7
7
5
8
10
4
2
3
0
1
7
1
2
5
0
-2
-1
0
-2
-2
-5
-6
-1
-2
-4
-2
0
-4
-2
1
0
3
2
1
0
3
1
0
1
8
5
7
9
11
10
7
5
6
7
4
1
0
3
0
-3
0
2
5
4
1
-1
1
0
-3
-5
-7
-7
-4
-2
0
-4
-8
-11
-12
-10
-4
-6
-9
-5
-6
-9
-7
-9
-9
-8
-7
-2
-2
-3
-6
-3
-5
-4
-3
-2
-8
-5
-3
-6
-1
-1
3
4
1
2
2
4
3
5
6
4
1
-1
-3
-1
-4
2
2
3
7
6
2
4
1
-3
-5
-6
-1
2
7
1
-6
-8
-3
-3
2
5
5
2
-3
-7
-8
-5
2
5
6
8
5
1
-2
-1
-2
-6
-8
-7
-2
-1
-4
-7
-2
3
4
0
0
0
-2
-3
0
1
-3
-2
0
2
0
1
-4
-5
-1
0
6
6
4
4
2
7
3
1
5
6
6
7
8
5
10
13
13
8
5
-3
-2
0
3
7
7
7
7
6
1
6
6
1
2
3
4
-2
-2
-5
-4
0
3
2
0
-2
-7
-7
0
-1
1
0
0
5
6
5
4
-1
-3
0
-2
-5
-7
-5
-4
-7
-6
-5
-7
-10
-7
-5
-11
-10
-7
-4
-6
-4
-5
-6
-7
-6
-6
-5
-4
-9
-8
-3
-3
-3
-1
-2
2
6
7
3
4
6
7
7
5
5
7
5
3
6
2
3
1
3
5
4
5
5
3
1
-2
-1
3
4
5
1
3
-3
-8
-5
-6
-1
1
1
1
0
-3
-5
-4
-5
-3
-8
-11
-10
-5
0
1
1
0
-3
-5
-5
-3
-2
-1
-4
-3
-4
-4
0
-1
-3
-2
2
-1
1
1
-3
-4
0
-1
1
2
7
10
7
7
7
5
5
8
10
8
10
9
7
7
7
8
13
12
11
14
9
3
4
6
7
11
11
10
7
6
5
5
6
9
4
-1
0
1
3
3
5
-1
-5
-3
-3
-1
0
-4
-4
-4
-8
-6
-2
-5
-7
-10
-8
-8
-10
-7
-4
-5
-4
-1
2
4
3
-2
-4
-7
-6
-6
-8
-9
-4
-7
-12
-14
-13
-12
-9
-4
-4
-7
-7
-7
-9
-9
-9
-9
-7
-6
-1
3
3
3
-2
-3
0
-2
4
3
1
-1
-4
-3
2
7
3
3
9
4
-2
1
1
0
1
1
4
7
9
11
5
0
1
2
0
2
3
2
-6
-5
-2
-1
-2
-6
-6
-9
-4
-4
-5
1
0
0
0
2
4
1
0
0
4
10
7
6
7
8
7
4
5
2
0
0
3
5
5
5
2
-2
-1
2
3
7
11
9
4
2
0
4
2
1
-1
0
0
-1
0
2
0
2
5
3
0
4
3
4
3
4
4
1
4
1
-4
-8
-6
-5
-7
-6
-9
-9
-7
-3
-1
-2
1
3
0
-2
-5
-9
-13
-17
-12
-4
-1
2
3
-2
-4
-4
-2
-5
0
0
-1
2
1
3
6
7
7
8
5
3
7
9
11
14
16
16
19
22
15
17
21
18
17
14
14
13
9
5
4
5
6
2
2
-3
-10
-16
-18
-17
-19
-22
-29
-34
-40
-39
-34
-32
-31
-25
-23
-24
-19
-18
-23
-30
-32
-34
-35
-31
-27
-23
-23
-22
-20
-16
-8
-7
-8
1
2
8
14
12
10
9
6
7
8
12
13
20
20
18
16
16
16
14
16
18
18
15
13
10
13
14
10
17
22
27
33
36
38
38
38
40
38
36
34
36
37
43
52
50
48
45
43
43
44
41
42
43
35
41
45
47
46
44
44
43
38
38
40
30
22
18
9
5
-3
-15
-28
-42
-60
-73
-88
-103
-118
-129
-140
-151
-152
-153
-157
-154
-152
-150
-145
-139
-132
-123
-112
-102
-89
-81
-71
-60
-48
-35
-24
-9
-1
6
16
26
35
39
47
48
48
49
53
56
65
71
74
72
71
69
64
69
72
78
83
82
82
83
86
91
94
99
101
100
93
84
75
63
52
46
41
40
37
34
32
25
16
16
21
37
53
69
78
78
77
76
75
78
86
99
107
97
79
49
15
-14
-41
-64
-86
-107
-138
-163
-195
-222
-244
-264
-281
-288
-285
-278
-266
-260
-248
-240
-235
-219
-193
-162
-128
-91
-66
-37
-6
20
44
62
81
97
112
134
157
172
175
171
159
146
136
138
141
134
127
111
94
70
47
33
27
25
22
27
24
32
41
51
62
73
80
87
94
98
96
90
87
80
72
59
40
26
10
-4
-12
-22
-35
-42
-51
-62
-64
-62
-51
-45
-41
-40
-42
-45
-40
-25
-1
30
63
98
131
148
149
152
158
161
177
187
201
208
200
175
131
84
44
7
-27
-62
-105
-155
-217
-271
-321
-354
-380
-405
-426
-434
-434
-426
-409
-387
-362
-334
-314
-275
-233
-189
-143
-106
-70
-36
-5
30
64
89
114
141
170
197
215
222
219
214
204
191
195
200
208
213
203
181
153
121
99
83
71
70
76
77
76
72
71
64
67
77
83
80
54
38
28
19
21
25
19
6
-9
-24
-35
-32
-37
-40
-36
-40
-50
-51
-62
-67
-59
-43
-38
-30
-22
-7
-3
8
25
45
59
62
64
69
73
66
81
98
128
190
260
303
294
262
231
212
203
223
264
304
328
308
245
171
100
42
14
-1
-30
-89
-175
-289
-393
-472
-520
-537
-547
-562
-579
-586
-592
-596
-573
-547
-523
-483
-436
-386
-318
-258
-210
-157
-95
-36
17
70
108
142
182
225
262
296
326
326
308
283
261
256
255
272
271
264
255
212
157
112
72
63
69
58
66
75
66
57
37
21
7
18
43
59
68
47
25
5
-9
-2
4
7
-13
-53
-87
-91
-78
-78
-96
-123
-133
-142
-135
-125
-120
-122
-130
-109
-55
-2
29
43
45
33
38
65
102
128
143
152
198
296
432
538
534
456
395
385
417
487
576
649
650
567
405
240
140
109
115
118
77
-53
-258
-473
-625
-679
-661
-655
-681
-757
-856
-934
-967
-921
-832
-744
-661
-609
-587
-565
-506
-431
-343
-246
-144
-31
54
94
100
132
196
284
374
422
417
384
320
289
287
311
366
398
370
280
157
48
6
10
33
92
111
87
27
-28
-23
3
47
85
124
141
132
102
76
84
138
211
267
276
221
147
104
95
114
156
193
176
123
83
26
-11
-27
-43
-61
-68
-86
-101
-127
-134
-129
-92
-63
-71
-87
-103
-111
-90
-45
12
130
338
559
654
542
328
224
281
448
642
790
869
846
668
403
212
149
215
310
322
181
-146
-572
-920
-1021
-890
-695
-632
-792
-1099
-1391
-1486
-1387
-1163
-902
-800
-858
-978
-1033
-959
-735
-449
-257
-160
-108
-62
-31
25
145
281
458
561
565
509
433
369
325
391
503
606
607
476
274
110
80
159
229
260
212
123
12
-49
8
145
289
387
415
358
301
243
257
313
409
468
460
408
333
306
270
281
286
234
150
46
-27
-64
-53
-48
-93
-157
-221
-284
-338
-370
-389
-361
-317
-245
-169
-152
-191
-246
-270
-224
-128
-7
66
104
293
665
974
935
617
347
427
747
1096
1295
1349
1257
1034
681
429
427
556
702
739
560
96
-535
-1093
-1240
-998
-635
-569
-989
-1636
-2097
-2143
-1798
-1300
-945
-975
-1319
-1692
-1809
-1494
-926
-424
-218
-270
-426
-509
-386
-153
122
364
497
547
477
407
392
436
581
786
905
784
468
105
-66
67
310
498
442
156
-190
-436
-435
-225
43
179
123
2
-128
-138
-57
75
263
420
436
335
262
247
375
559
691
707
572
393
281
233
283
379
356
190
-47
-230
-241
-127
-35
10
-85
-250
-347
-347
-240
-93
-34
-95
-186
-214
-154
55
431
1013
1513
1393
729
201
388
1137
1818
2028
1886
1663
1374
989
750
821
1038
1186
1142
805
159
-675
-1405
-1606
-1204
-663
-587
-1231
-2231
-2941
-2928
-2270
-1508
-1193
-1486
-2122
-2559
-2379
-1628
-852
-508
-668
-1001
-1036
-662
-60
404
471
323
224
323
618
901
979
876
752
720
840
837
640
325
-16
-125
-42
80
80
-123
-486
-748
-774
-580
-347
-297
-401
-502
-426
-209
32
261
403
396
386
371
467
642
784
916
932
798
620
631
642
724
773
662
447
146
-28
-40
120
225
231
59
-191
-303
-241
-51
70
101
-85
-306
-351
-150
146
475
917
1408
1605
1009
173
99
1023
2068
2349
2072
1765
1652
1523
1189
1001
1023
1034
990
892
547
-237
-1301
-1995
-1778
-1029
-667
-1231
-2477
-3586
-3740
-2908
-1877
-1472
-1943
-2909
-3599
-3310
-2113
-912
-476
-985
-1785
-2011
-1297
-94
780
874
375
-135
2
752
1542
1883
1586
1192
1069
1433
1801
1832
1478
896
608
712
914
871
498
-47
-462
-417
-79
8
-187
-559
-825
-779
-475
-303
-264
-167
-60
-11
85
271
363
396
557
859
969
845
595
503
651
858
1023
997
633
118
-175
-70
290
506
318
-170
-500
-429
-216
-49
-176
-544
-773
-711
-420
-97
40
332
1003
1563
1181
124
-296
641
1986
2479
2156
1932
2041
1923
1426
1134
1339
1594
1595
1312
871
-53
-1344
-2128
-1631
-599
-231
-1284
-3111
-4311
-4189
-3099
-2059
-1802
-2545
-3759
-4332
-3747
-2327
-1080
-962
-1703
-2360
-2110
-1098
90
797
727
253
50
498
1321
1928
1923
1599
1553
1927
2382
2524
2132
1696
1322
1076
1141
1172
1022
469
-231
-597
-562
-436
-552
-891
-1155
-1192
-1041
-916
-1015
-1122
-960
-450
-86
-65
-210
-346
-237
152
895
1468
1229
470
29
405
1154
1732
1701
1031
103
-329
39
831
1343
1086
274
-343
-345
168
627
584
187
-249
-378
-116
316
505
724
1453
2429
2167
522
-461
656
2752
3519
2598
1715
1870
2330
2243
1760
1681
1596
1362
1156
1112
593
-988
-2615
-2512
-1098
-237
-1208
-3284
-4736
-4735
-3432
-2185
-1911
-2936
-4441
-5197
-4427
-2569
-1179
-1281
-2320
-3168
-2891
-1687
-413
360
319
-170
-461
36
989
1715
1768
1260
1109
1730
2402
2450
2122
2059
2038
1904
1544
1093
962
911
643
279
-39
-277
-597
-907
-853
-713
-972
-1459
-1845
-1809
-1098
-259
-36
-608
-1181
-1219
-842
-135
699
1072
628
-42
-24
632
1361
1574
1286
729
248
249
506
1002
1346
1276
746
227
259
697
817
664
396
78
-47
36
218
562
1640
2656
2165
-10
-1222
510
3382
4171
2491
990
1381
2594
2932
2318
1855
1871
1896
1716
1684
1177
-525
-2274
-2267
-541
500
-752
-3341
-4786
-4431
-3099
-2029
-2042
-3024
-4181
-4711
-4199
-2858
-2040
-2313
-2985
-3079
-2502
-1801
-1353
-1086
-757
-388
-162
-15
294
798
1235
1330
1446
1716
2082
2178
2078
1918
1942
2036
1916
1694
1479
1416
1280
975
557
5
-483
-683
-490
-170
-265
-956
-1976
-2387
-1740
-499
246
-378
-1680
-2357
-1860
-553
603
853
66
-826
-735
322
1485
1844
1456
752
165
233
953
1633
1770
1329
745
399
525
938
1223
1176
835
368
21
14
282
588
550
897
1816
2356
913
-1061
-710
2001
3935
2954
788
536
2064
3202
2728
1773
1376
1177
1289
1683
1906
597
-1746
-2810
-1552
3
-206
-2136
-3952
-4423
-3826
-2966
-2640
-2972
-3768
-4393
-4384
-3430
-2594
-2620
-3009
-2899
-2288
-1704
-1607
-1553
-1083
-424
108
392
488
645
903
1158
1505
2213
2692
2394
1720
1847
2582
2854
2366
1603
1511
1954
2099
1751
1148
625
248
110
214
265
-16
-848
-1440
-1445
-844
-310
-451
-1011
-1406
-1365
-1019
-631
-262
-103
-365
-789
-724
-4
550
603
463
352
302
294
369
655
935
933
590
263
365
591
686
657
514
253
-156
-170
84
454
318
278
945
1890
1354
-688
-1300
819
3237
2886
780
148
1877
3206
2665
1336
1124
1562
1848
2121
2248
1239
-965
-2262
-1258
636
680
-1449
-3646
-3945
-3070
-2353
-2306
-2593
-3165
-3845
-4084
-3438
-2543
-2417
-2772
-2663
-2161
-1929
-2020
-1708
-829
-95
71
-242
-401
299
1195
1702
1798
1725
1730
1687
2016
2580
3013
2592
1832
1500
1727
2001
1917
1547
1376
1103
488
-99
-239
0
7
-309
-836
-1310
-1591
-1282
-740
-698
-1251
-1811
-1909
-1414
-730
-295
-543
-1235
-1427
-752
253
682
418
-82
-263
-33
327
696
966
1034
731
215
167
546
992
1027
645
334
230
264
383
499
542
202
207
1262
2510
1816
-477
-1084
1091
3390
3087
1228
812
2154
3115
2511
1494
1482
1748
1934
2156
2111
922
-1232
-2135
-877
687
279
-1866
-3525
-3645
-2913
-2300
-2246
-2584
-3249
-3862
-3854
-3281
-2740
-2555
-2635
-2425
-2191
-2192
-2215
-1653
-481
110
-231
-782
-676
183
1182
1546
1473
1375
1336
1559
2075
2754
2581
1873
1307
1523
2052
1993
1531
1245
1084
966
584
-42
-368
-265
-21
-94
-560
-1471
-1880
-1340
-617
-532
-1123
-1701
-1803
-1551
-795
-23
-27
-680
-1183
-705
282
857
581
179
191
288
376
561
1023
1327
1045
514
412
899
1315
1248
781
507
451
376
299
407
674
436
532
1291
2043
1308
-499
-673
1304
3180
2690
1059
789
2060
2986
2413
1263
934
1145
1675
2037
1707
217
-1645
-1962
-624
412
-446
-2334
-3624
-3607
-2969
-2360
-2449
-3000
-3579
-3801
-3592
-3116
-2812
-2813
-2629
-2253
-2132
-2254
-2115
-1260
-197
22
-448
-844
-367
630
1264
1430
1401
1525
1524
1433
1751
2558
2990
2471
1419
1068
1639
2252
2176
1473
771
375
189
172
310
247
-307
-1068
-1418
-1277
-968
-828
-837
-855
-919
-1040
-1278
-1324
-707
190
366
-191
-476
-46
448
496
516
626
590
273
27
448
1084
1149
545
154
573
1090
945
462
388
658
564
285
125
229
181
431
1447
2313
1552
-391
-766
1177
3284
3094
1476
1054
2266
2974
2411
1460
1450
1786
1996
2016
1558
265
-1592
-1968
-639
481
-490
-2673
-3951
-3586
-2664
-2340
-2713
-3228
-3835
-4238
-4009
-3306
-2566
-2376
-2483
-2431
-2415
-2670
-2477
-1471
-69
377
-577
-1557
-980
838
2022
1880
1019
819
1227
1800
2302
2781
2758
2300
1803
1614
1888
2194
2217
1891
1492
850
124
-231
204
773
508
-563
-1396
-1652
-1427
-883
-452
-688
-1385
-1814
-1772
-1405
-998
-426
-213
-627
-906
-746
-386
-151
163
514
430
33
-242
-20
750
1365
1131
312
-116
244
820
1116
1059
749
277
-25
182
509
631
494
1006
1905
2088
485
-790
415
2809
3453
1984
918
1861
3120
3013
2098
1608
1821
1946
2250
2278
1619
-256
-1701
-1146
340
333
-1493
-3232
-3536
-3011
-2590
-2375
-2578
-3051
-3845
-4143
-3714
-2947
-2510
-2626
-2591
-2287
-2354
-2535
-2041
-665
354
-92
-1070
-997
341
1562
1636
1136
1045
1535
1917
1978
2346
2826
2549
1733
1425
2065
2574
2135
1364
991
1026
810
203
24
298
197
-671
-1460
-1420
-1282
-1249
-1183
-1141
-1209
-1545
-1867
-1958
-1467
-811
-541
-865
-1242
-1046
-709
-530
-253
181
303
-55
-441
-330
266
831
903
438
-63
-76
442
1002
1083
704
32
-222
91
565
699
703
476
609
1544
2504
1990
371
440
2356
3888
3097
1746
2171
3684
4167
3306
2032
1934
2388
2865
3129
2498
685
-1303
-1394
74
861
-517
-2671
-3786
-3523
-2922
-2499
-2799
-3451
-4234
-4540
-4108
-3432
-3099
-3461
-3416
-2882
-2518
-2791
-2818
-1926
-806
-542
-960
-1011
-302
488
654
712
1126
1648
1705
1287
1694
2581
2765
1962
1291
1687
2224
2089
1574
1189
1298
1084
516
210
103
-64
-618
-821
-732
-917
-1611
-1793
-1146
-477
-721
-1480
-1953
-1728
-765
-8
-19
-540
-930
-876
-439
308
895
797
263
-257
39
580
888
882
672
441
363
441
578
757
814
524
193
234
523
560
480
411
1121
2324
2971
1593
-282
321
2845
4248
3080
1785
2376
3714
3784
2883
2025
2138
2156
2392
2589
2115
227
-1718
-1492
110
460
-1517
-3630
-4162
-3298
-2849
-3057
-3650
-4079
-4594
-4697
-4082
-3232
-3107
-3688
-3687
-2810
-2220
-2397
-2353
-1465
-391
-329
-776
-589
345
1132
1064
980
1414
1928
1937
1650
1820
2283
2700
2661
2446
2049
1546
1224
1359
1688
1642
947
334
63
27
-250
-709
-768
-772
-958
-1305
-1317
-1302
-1303
-1237
-1111
-1251
-1407
-1077
-554
-371
-521
-527
-391
-268
-85
240
321
179
23
95
472
773
511
77
-41
264
421
374
288
264
131
35
24
24
14
274
151
459
1780
3023
2091
-259
-384
2149
4227
3417
1768
2082
3881
4334
3198
1836
2013
2551
2886
2982
2442
505
-1829
-1920
38
1048
-725
-3356
-4475
-3709
-2937
-2740
-3325
-3703
-4271
-4668
-4191
-3291
-3016
-3593
-3482
-2494
-1944
-2350
-2475
-1421
18
228
-155
-226
323
1022
1412
1785
2245
2612
2223
1641
2002
3127
3356
2827
2346
2170
1714
1175
1378
1708
1672
813
-151
-542
-297
-276
-680
-1222
-1263
-1428
-1647
-1488
-1317
-1431
-1779
-1726
-1585
-1388
-963
-575
-684
-964
-981
-607
-353
-117
5
10
-38
-105
-87
10
306
429
298
-54
-129
-128
-35
56
277
296
-36
-316
-207
108
551
422
408
1797
3479
2964
178
-650
1815
4515
4267
2530
2407
3930
4488
3438
2045
2141
2774
3089
3135
2562
824
-1791
-2441
-552
912
-548
-3387
-4694
-4004
-3270
-3176
-3698
-4087
-4440
-4612
-4145
-3629
-3480
-3803
-3491
-2291
-1583
-2043
-2584
-1800
-187
608
471
251
446
848
1283
1698
2144
2538
2390
1835
1765
2332
2999
2930
2331
1712
1224
1102
1166
1202
896
332
-5
-278
-483
-677
-1066
-1316
-1330
-1105
-1098
-1361
-1794
-1898
-1407
-804
-760
-1266
-1226
-454
-108
-292
-383
-94
303
114
-34
157
443
183
-150
16
558
645
97
-339
-132
252
253
98
130
280
182
23
152
461
498
303
243
1781
3809
3859
1134
-600
1119
4222
4861
3124
2268
3573
4582
3883
2395
1669
1963
2314
2917
2787
1043
-1952
-3431
-2102
-110
-451
-2877
-4725
-4719
-4139
-3907
-3985
-4029
-4176
-4516
-4399
-3998
-3624
-3533
-3214
-2111
-1235
-1460
-2052
-1632
-73
1043
1335
1128
1013
1143
1443
1899
2401
2817
2767
2211
1877
2166
2475
2048
1578
1596
1712
1409
870
444
66
-171
-376
-807
-1066
-951
-829
-833
-922
-1244
-1791
-1828
-1416
-667
-226
-415
-1222
-1898
-1298
67
643
-114
-798
-547
36
70
-371
-648
-314
-255
-624
-675
-159
14
-477
-719
-414
39
-187
-693
-485
179
444
186
-25
60
174
7
243
839
2342
4060
4343
2016
-261
881
4337
5986
4334
2584
3291
5112
5080
3125
1299
1299
2051
2852
3125
2102
-915
-4071
-3952
-1303
206
-1475
-4335
-5531
-5111
-4476
-4133
-3896
-3662
-4124
-4509
-4087
-3222
-2987
-3240
-2500
-900
103
-492
-1434
-1060
596
2226
2630
1957
1267
1342
1798
2373
3013
3240
2497
1740
1947
2493
2092
932
322
714
1308
908
-552
-1828
-1680
-1006
-939
-1516
-1866
-1899
-1953
-1674
-1051
-1146
-1731
-1516
-352
450
-30
-1002
-1209
-170
1193
1440
389
-316
159
779
558
118
-149
-330
-623
-408
49
113
-531
-1247
-1037
-513
-411
-905
-988
-303
442
232
-327
-259
254
439
513
921
1558
3108
4805
4826
2486
740
2047
4614
5342
4479
3809
4412
4690
3685
1871
755
849
1439
2211
2064
181
-3370
-5453
-4374
-2144
-1479
-2902
-4797
-5924
-6180
-5410
-4181
-3258
-3396
-4067
-3683
-2662
-1930
-2324
-2512
-1144
772
1501
689
-9
413
1664
2744
3023
2799
2387
2107
1965
2134
2619
2616
2003
1608
1719
1569
389
-778
-874
-3
643
138
-1279
-2401
-2377
-1757
-1278
-965
-916
-1234
-1627
-1498
-711
9
142
-10
71
222
307
142
195
781
1195
692
-157
-299
62
17
-459
-832
-932
-1142
-1527
-1560
-1172
-841
-936
-1290
-1405
-1332
-1289
-1003
-265
301
228
21
317
747
732
495
1092
1936
3105
4964
6178
4639
1614
1021
3450
5720
5484
3980
3736
4532
4373
2516
227
-501
59
1324
2045
1092
-2108
-5643
-6435
-4362
-1933
-1681
-3545
-5459
-6291
-5760
-4303
-3110
-2774
-3129
-2843
-1818
-955
-1127
-1722
-1068
685
2341
2523
1550
820
909
1890
2858
3252
2850
1974
1285
995
1221
1341
1084
744
684
685
-44
-1393
-2270
-1820
-768
-165
-287
-1128
-1960
-2215
-1775
-932
-215
49
-314
-599
-97
745
997
535
290
650
1161
1216
512
-80
-80
191
-46
-416
-608
-947
-1688
-2286
-2122
-1571
-1564
-2110
-2192
-1706
-1179
-1216
-1198
-980
-688
-378
49
567
713
790
1285
1863
1811
1234
1235
1913
2953
5082
7190
6467
2581
-178
1328
4669
5714
4176
3199
3960
4207
2404
-574
-2119
-1691
-293
1341
1776
-711
-5370
-8090
-6606
-2945
-1036
-2241
-4463
-5748
-5693
-4585
-3130
-2137
-2026
-2081
-1192
124
231
-1092
-1666
-105
2516
3738
2924
1497
508
563
1574
2877
3353
2435
963
20
-59
336
504
338
455
883
557
-884
-2087
-2011
-973
-106
143
-154
-784
-1421
-1552
-761
435
1104
809
175
62
626
1093
1133
877
1038
1317
905
-221
-991
-751
-344
-478
-951
-1166
-1477
-2173
-2788
-2823
-2236
-1669
-1638
-1773
-1619
-1296
-1104
-868
-412
-25
239
610
1043
1257
1138
1263
1719
2154
2305
1974
2854
5714
7513
5255
1322
450
2621
3988
3217
2470
3334
4381
3444
581
-2148
-3089
-2448
-786
1113
1410
-1727
-6258
-7922
-5700
-2630
-1774
-2664
-3504
-3664
-3520
-3298
-2779
-2168
-1444
-434
853
1853
1248
-439
-1099
372
2402
3077
2416
1444
722
354
391
835
1249
1163
153
-1045
-1141
-416
-346
-1155
-1237
-243
401
-99
-1022
-1242
-500
332
610
389
449
693
519
548
1251
1937
1787
1199
799
488
637
1346
1581
750
-478
-1337
-1893
-1941
-1359
-937
-1529
-2558
-2992
-2672
-2184
-1986
-2114
-2286
-2031
-1337
-593
-211
106
420
527
667
1120
1578
1648
1791
2060
2188
2010
1827
1689
1692
1439
2290
4956
6930
5363
1420
-369
1045
2533
2179
1483
2355
4143
4124
1808
-1468
-3654
-3978
-2121
1191
2883
564
-4408
-7274
-6141
-3552
-2207
-2221
-2287
-2119
-2093
-2199
-2489
-3023
-3397
-2308
551
3146
2967
317
-2086
-2265
-745
884
1851
2166
1971
996
-314
-1024
-888
-269
16
52
344
499
-226
-1542
-1933
-869
653
1251
901
415
410
642
880
948
883
477
279
896
1808
2056
1485
893
368
-158
-384
39
581
510
-147
-1152
-2355
-3111
-2880
-2271
-1703
-1478
-1626
-2104
-2488
-2135
-1608
-1326
-1228
-763
-58
527
824
905
666
454
766
1359
1834
1939
1753
1334
1138
1400
1719
1327
1609
3938
6524
5689
1831
-281
956
2338
1491
487
1849
4547
4969
2191
-1574
-3795
-3937
-2437
233
2305
1444
-2395
-5847
-6121
-4199
-2886
-2907
-2542
-1099
-125
-838
-2271
-3159
-3127
-2081
85
2640
3319
1630
-570
-1307
-593
206
504
920
1709
2234
1779
303
-1169
-1557
-1203
-517
339
992
653
-811
-1859
-1348
-42
549
462
495
1160
2061
2115
1513
1253
1405
1518
1567
1727
1952
1630
810
401
556
659
18
-1002
-1646
-1671
-1666
-2249
-2927
-3264
-3357
-3601
-3604
-3299
-2758
-2551
-2444
-1950
-1090
-537
-771
-996
-636
541
1810
2453
2105
1515
1227
1340
1523
1492
1198
740
570
942
1296
883
-144
-7
2671
5654
5304
1820
-408
414
1623
918
271
2221
5402
6203
3885
621
-1789
-3108
-2808
-116
2738
2654
-605
-3738
-4448
-3956
-4304
-4858
-3762
-1656
-356
-614
-1505
-2768
-4279
-4554
-2290
1143
2544
1293
-315
-225
514
341
-300
-203
619
1509
2310
2562
1598
-188
-1491
-1564
-642
462
712
48
-468
-151
227
-439
-1393
-1481
-260
1610
3153
3298
1585
-146
-269
620
1163
1094
1339
1916
2468
2439
1408
-446
-2028
-2212
-1099
120
210
-839
-2390
-3430
-3401
-2885
-2766
-2889
-2336
-1211
-491
-339
-770
-1607
-2197
-1574
197
1857
2265
1754
1177
810
530
411
432
550
913
1414
1790
1613
857
215
1753
5112
6312
3478
430
634
1796
913
-311
1182
4552
6008
4268
1299
-1227
-3240
-4172
-2548
803
2407
110
-3209
-4154
-3523
-4121
-5730
-5319
-2817
-633
-147
-275
-807
-2551
-4224
-3693
-825
1368
1429
743
1006
1577
777
-805
-1411
-674
348
1402
2250
2243
1026
-850
-2078
-2119
-1116
-291
-173
-63
716
1066
89
-1011
-1355
-833
51
1307
2591
3166
2647
1748
1697
2175
1996
1267
1362
2289
2699
1862
805
478
67
-951
-1726
-1845
-2072
-2744
-3058
-2807
-2548
-2746
-3168
-3265
-2867
-2287
-2032
-1718
-998
-399
-326
-320
216
1050
1426
1651
2158
2423
1744
792
699
1072
957
419
174
263
428
395
751
2603
4911
5125
2721
670
797
1222
419
155
2379
5701
6859
5020
1903
-934
-2878
-3302
-1404
1306
2049
244
-1716
-2404
-2745
-4200
-5938
-5815
-3674
-1023
381
311
-715
-2345
-3834
-3960
-2160
-174
531
788
1642
2270
1135
-814
-1931
-1623
-606
874
2411
2578
1270
-490
-1675
-2048
-1664
-1326
-1186
-589
527
852
-300
-1528
-1794
-1153
-276
915
2060
2423
2042
1495
1132
637
87
136
1269
2834
3395
2615
1286
75
-822
-1316
-1466
-1551
-1609
-1323
-936
-1160
-1877
-2579
-3084
-3380
-3180
-2288
-1207
-580
-624
-790
-673
-499
-457
-169
744
1732
2047
1661
1120
781
514
236
-54
316
1202
1785
1712
1786
3357
5321
5117
2616
805
1169
1708
1240
990
2624
4821
5463
4204
1999
-471
-2934
-3949
-2632
-115
1095
31
-1411
-2009
-2580
-4189
-5772
-5544
-3564
-1269
177
658
204
-1173
-2862
-3548
-2545
-917
154
1018
2256
2740
1669
147
-776
-1172
-1270
-94
1785
2647
2001
695
-688
-1749
-1950
-1517
-921
-339
536
1103
645
-259
-810
-896
-721
-90
1125
1965
1999
1696
1671
1573
1231
1124
1469
2043
2258
2225
1879
1121
89
-641
-1184
-1921
-2483
-2395
-2052
-2167
-2395
-2532
-2788
-3449
-3932
-3506
-2677
-2136
-1984
-1676
-943
-205
164
236
420
719
876
875
1149
1703
1912
1345
701
571
536
418
446
874
1112
1793
3639
5056
4033
1741
864
1202
1010
429
1341
3896
5743
5477
3821
1587
-870
-2953
-3019
-1190
599
879
96
-586
-1517
-3255
-5156
-5690
-4696
-3184
-1927
-949
-198
-633
-2046
-3133
-2840
-2156
-1789
-1003
604
2126
2252
1417
542
-58
-163
474
1307
1535
1255
1127
1258
1383
1064
354
-383
-741
-634
-464
-362
-297
-354
-637
-541
-177
-410
-1085
-1087
-288
580
1244
1951
2278
1884
1450
1419
1407
1341
1476
1478
1251
930
593
-45
-941
-1460
-1549
-1767
-2034
-2020
-1943
-2309
-2967
-3131
-3116
-3353
-3328
-2545
-1531
-817
-268
199
221
-57
-30
375
923
1059
1306
1799
2044
1875
1363
972
910
1110
1416
1647
2066
3279
4644
4579
3030
1653
1143
968
938
1576
2946
3510
2983
2221
1684
543
-1538
-2852
-2159
-417
65
-890
-1380
-1092
-1262
-2328
-3094
-3329
-3662
-3933
-3112
-1243
-107
-680
-1954
-2219
-1767
-1893
-2502
-2350
-1206
-76
747
1592
2127
1228
-642
-1676
-1014
356
1354
1901
2306
2362
1750
978
350
-252
-914
-1035
-186
799
1270
1057
493
-312
-1291
-1683
-1301
-639
-76
601
1360
2013
2180
1335
-161
-947
-797
-428
26
919
1943
1775
454
-408
-673
-1203
-2012
-2256
-1638
-1114
-1153
-1423
-1498
-1560
-2003
-2281
-2200
-1600
-1054
-899
-774
-239
87
-312
-413
50
535
403
429
1295
2197
2354
1983
2216
3021
2450
1325
1374
2126
2872
3566
3990
3539
2635
1628
392
-558
-852
-398
833
1997
2609
2193
948
-112
-1134
-1845
-1508
-409
518
744
470
216
-116
-994
-2179
-3113
-3504
-2931
-1582
-572
-650
-1402
-2379
-2923
-2549
-2097
-1954
-2260
-2418
-1774
-795
-53
59
-560
-1141
-610
395
942
997
943
1266
1735
1741
1258
539
-99
-277
157
746
950
781
565
473
320
76
-135
-453
-743
-422
524
1219
1154
757
328
-155
-324
-103
257
590
950
1117
1037
747
5
-1073
-1873
-2074
-1849
-1490
-1210
-910
-846
-1205
-1969
-2396
-2183
-2008
-1925
-1578
-834
-240
-112
-27
210
661
1055
1342
1456
1728
2089
2116
2147
2321
2453
2427
2309
2339
2337
1953
1416
1398
1733
1525
876
446
385
376
345
542
1019
1541
2125
2647
2389
1217
72
-267
253
807
762
391
285
316
-25
-884
-2024
-3143
-3638
-3215
-2159
-1469
-1885
-2808
-3377
-3534
-3796
-4001
-3842
-3374
-2715
-1734
-540
202
52
-470
-645
-301
211
774
1235
1501
1579
1405
1030
663
408
238
268
544
954
981
678
287
47
-69
-195
-423
-669
-684
-267
419
846
889
924
855
545
365
505
570
272
155
682
1077
650
-206
-964
-1302
-1555
-1688
-1371
-799
-420
-611
-1185
-1646
-1779
-1867
-1649
-731
373
920
844
878
1059
1111
1108
1183
1341
1445
1883
2517
2809
2350
1408
550
185
251
360
266
220
560
1263
1851
1611
796
83
55
695
1587
2163
2298
2431
2706
2782
2542
1970
1146
572
889
1523
1367
510
-20
-250
-693
-1407
-2086
-2681
-3260
-3489
-3314
-3113
-3293
-3499
-3369
-3063
-2866
-2879
-2826
-2580
-2087
-1651
-1272
-765
-334
-298
-557
-602
-427
-323
-308
-116
381
801
750
306
-61
-153
-178
-286
-218
99
340
314
207
131
61
176
338
379
413
726
929
838
856
993
910
515
130
75
228
364
342
-65
-497
-542
-371
-426
-679
-914
-902
-730
-550
-269
-43
2
-69
-51
210
520
715
718
820
1083
1411
1548
1276
895
612
119
-238
-113
23
-133
-505
-478
-100
11
-122
-261
-128
710
1751
2257
2255
1984
1682
1365
1436
1976
2559
3085
3840
4551
4336
3018
1378
523
795
1418
1469
947
282
-333
-850
-1583
-2600
-3620
-4127
-3708
-2739
-2145
-2174
-2453
-2471
-2439
-2583
-2767
-2677
-2362
-2006
-1616
-1242
-886
-911
-1016
-996
-924
-894
-992
-885
-468
-9
185
67
-132
-366
-713
-1093
-1175
-803
-277
72
371
670
701
289
-131
-178
88
526
1001
1495
1591
1332
1189
1055
747
435
474
995
1708
1917
1431
801
457
310
45
-101
60
243
306
470
685
490
-305
-1214
-1285
-515
308
494
265
107
-40
-286
-696
-1053
-1178
-1280
-1307
-923
-369
-208
-513
-780
-820
-727
-518
-161
279
568
743
1160
1772
2131
1973
1659
1711
1986
2301
2663
2852
2972
3354
3876
3933
3001
1540
621
714
1226
1464
1041
374
-94
-241
-506
-1126
-1857
-2414
-2450
-1856
-1219
-1311
-2198
-3083
-3237
-2995
-2882
-3014
-3292
-3320
-2887
-2258
-1819
-1848
-2166
-2337
-2194
-1851
-1373
-937
-802
-871
-718
-255
-83
-355
-572
-405
107
462
756
865
872
936
934
789
701
639
460
594
1153
1557
1513
1243
1120
1201
1288
1430
1618
1596
1365
1253
1264
1235
1128
1106
997
674
280
13
-11
235
421
230
-38
-136
-292
-685
-938
-948
-908
-966
-1107
-1097
-995
-1009
-1153
-1169
-1069
-962
-764
-484
-137
2
122
242
374
553
714
903
1021
1381
2113
2649
2511
2130
1983
2143
2330
2379
2229
2150
2455
2930
3193
2782
1831
778
573
1122
1478
1149
394
-81
-229
-429
-897
-1770
-2610
-2925
-2838
-2595
-2651
-3172
-3702
-3922
-3826
-3605
-3564
-3748
-3843
-3602
-3034
-2453
-2259
-2344
-2382
-2023
-1493
-1142
-1051
-986
-817
-520
-35
363
443
264
252
529
906
1033
939
945
1153
1381
1501
1436
1257
1189
1231
1513
1768
1840
1846
1815
1937
2063
2100
1989
1710
1530
1536
1332
932
683
586
616
436
157
-17
-328
-720
-920
-908
-877
-1024
-1200
-1256
-1174
-1153
-1264
-1263
-1154
-1067
-1103
-938
-650
-490
-434
-193
152
387
414
284
334
488
536
570
734
908
1013
1137
1483
2121
2607
2546
2318
2208
2126
2078
2227
2448
2681
3057
3550
3636
3198
2539
1866
1522
1436
1393
1039
409
-117
-446
-698
-1238
-2290
-3438
-3905
-3484
-3001
-3249
-3899
-4301
-4409
-4304
-4173
-4260
-4482
-4415
-3809
-2906
-2343
-2423
-2749
-2834
-2362
-1628
-1253
-1229
-1008
-551
-137
26
-25
-31
17
219
609
970
1140
1245
1299
1478
1852
1921
1652
1383
1344
1647
2045
2241
2269
2309
2255
2093
1810
1547
1403
1269
1241
1195
1000
627
335
249
195
110
3
-260
-613
-846
-730
-507
-606
-900
-1035
-875
-626
-449
-453
-555
-543
-254
260
459
187
-35
-120
-66
253
479
539
656
749
811
913
856
618
534
765
1176
1616
1925
1992
2021
2155
2087
1893
1870
2008
2187
2290
2467
2686
2637
2142
1541
1096
840
663
300
-291
-878
-1252
-1314
-1394
-1912
-2592
-3156
-3377
-3403
-3395
-3514
-3633
-3624
-3505
-3261
-3197
-3352
-3626
-3618
-3106
-2485
-2131
-2018
-1871
-1654
-1464
-1308
-1178
-1121
-1026
-809
-282
273
470
317
80
69
364
697
739
796
1103
1548
1862
1952
1920
1746
1496
1330
1422
1760
1985
1961
1796
1662
1551
1302
909
647
634
706
711
559
452
291
72
-150
-148
-192
-412
-562
-505
-278
-221
-218
-140
116
233
200
6
-117
-75
19
156
162
111
52
140
177
275
240
168
332
663
899
805
705
561
570
816
830
846
1109
1432
1714
1816
1714
1595
1529
1387
1345
1517
1481
1156
907
975
1221
1265
925
404
-2
-281
-399
-579
-879
-1183
-1373
-1427
-1436
-1580
-1963
-2337
-2548
-2585
-2498
-2539
-2758
-2844
-2704
-2530
-2449
-2428
-2572
-2577
-2414
-2149
-1977
-1960
-1781
-1406
-1157
-1013
-983
-990
-986
-747
-315
85
478
767
938
948
1005
962
944
1043
1375
1694
1661
1525
1431
1378
1166
958
862
846
901
1032
1171
1093
840
609
582
740
640
410
355
410
610
900
1053
978
798
624
421
415
471
244
112
298
534
567
262
-95
-208
-197
-167
-104
-18
25
58
216
377
411
201
-26
40
380
614
513
384
406
583
681
624
564
482
389
542
816
885
677
350
218
299
385
424
368
344
331
345
357
333
182
-51
-175
-202
-209
-282
-360
-519
-707
-988
-1100
-1118
-1296
-1494
-1635
-1728
-1835
-1946
-2111
-2116
-2004
-1938
-1919
-1940
-1968
-2055
-2062
-1948
-1704
-1421
-1240
-1080
-941
-807
-736
-718
-633
-549
-411
-155
-23
111
331
538
652
675
766
891
956
986
1171
1316
1269
1151
1215
1389
1496
1442
1259
1266
1350
1292
1387
1558
1478
1426
1390
1323
1289
1230
908
695
576
430
398
302
4
-4
168
142
200
132
-95
-209
-240
-337
-273
-26
752
933
365
-152
-429
-132
12
-202
-316
-143
212
376
226
-280
-788
-483
9
78
-105
-535
-556
-118
46
112
94
42
312
563
488
308
318
582
867
865
653
541
534
454
452
497
438
352
283
203
15
-406
-662
-690
-672
-779
-995
-1395
-1665
-1686
-1662
-1703
-1923
-1979
-1864
-1760
-1846
-2093
-2205
-2122
-2029
-2011
-1961
-1906
-1773
-1590
-1327
-1139
-1119
-1022
-868
-719
-549
-399
-121
173
275
265
327
564
852
1005
1036
1124
1396
1678
1791
1946
1973
1869
1782
1746
1738
1701
1681
1690
1634
1483
1348
1232
1157
1075
1006
1026
1085
987
851
760
607
546
574
637
635
603
377
150
172
127
-4
-65
-155
-281
-97
54
-172
-424
-633
-589
-369
-404
-487
-466
-512
-482
-321
-152
-67
-25
-35
44
172
142
102
203
186
307
533
577
472
308
345
380
393
356
259
125
24
54
45
-111
-316
-493
-684
-602
-500
-614
-813
-965
-937
-983
-1131
-1309
-1378
-1423
-1490
-1511
-1563
-1545
-1606
-1652
-1588
-1530
-1571
-1616
-1605
-1602
-1560
-1470
-1359
-1262
-1081
-934
-764
-584
-416
-202
23
140
272
504
695
836
880
881
1002
1059
1128
1282
1370
1336
1396
1461
1390
1385
1358
1259
1338
1433
1371
1461
1542
1475
1359
1423
1323
1230
1213
1146
1182
1161
1029
864
995
756
534
324
99
185
190
159
103
32
-277
-273
-186
-292
-528
-671
-568
-329
-278
-305
-346
-545
-559
-422
-321
-460
-507
-532
-414
-167
-86
-140
-294
-406
-349
-222
-168
-125
-261
-294
-162
-49
-8
-40
-196
-290
-189
-41
1
-11
10
-81
-141
-116
-98
-157
-289
-302
-244
-245
-303
-363
-546
-745
-734
-640
-666
-739
-874
-936
-1016
-767
-285
-720
-1235
-1045
-897
-1254
-1248
-1101
-1225
-1249
-1044
-966
-861
-870
-1084
-831
-499
-340
-239
-255
-370
-267
-73
235
637
741
683
727
910
1097
1302
1283
1337
1380
1500
1719
1858
1794
1628
1483
1358
1451
1559
1539
1246
1325
1283
1273
1333
1103
657
302
482
524
335
182
177
157
298
353
261
3
-241
-146
-97
24
34
-82
-178
-78
-57
-388
-534
-429
-529
-558
-416
-532
-781
-737
-565
-665
-777
-650
-457
-499
-487
-408
-382
-318
-128
-3
-103
-107
-28
53
-9
-10
4
-109
-85
-35
-52
-173
-343
-440
-300
-197
-460
-623
-525
-537
-563
-384
-382
-459
-490
-432
-313
-416
-446
-415
-552
-608
-472
-478
-553
-439
-357
-564
-616
-481
-517
-690
-755
-567
-481
-511
-490
-382
-375
-347
-474
-286
0
-50
105
322
374
449
559
476
581
968
990
858
1355
1525
1105
1067
1260
1295
1020
1133
1170
974
787
873
1170
959
867
775
504
339
442
243
259
323
251
224
293
285
-15
131
231
132
45
88
-146
-53
-83
-288
-405
-330
-322
-446
-444
-413
-335
-349
-465
-576
-436
-412
-409
-155
-25
-349
-429
-97
-47
-243
-175
18
-171
-147
33
-83
-261
-91
-28
-248
-440
-177
-198
-296
-36
-40
-249
-207
-175
-386
-368
-273
-293
-301
-109
-25
-57
-155
-363
-469
-396
-283
-491
-656
-563
-540
-317
-366
-631
-433
-473
-690
-467
-183
-279
-378
-77
-68
-239
35
-62
-141
111
189
164
308
619
732
543
537
432
736
941
660
612
748
1013
747
593
471
477
502
430
613
789
358
365
443
368
334
237
239
14
305
609
361
158
287
281
58
83
142
47
180
306
94
-32
-220
-329
-143
-378
-362
-148
-235
-457
-310
-237
-507
-544
-596
-426
-307
-526
-408
-14
-300
-555
-407
-286
-386
-316
-236
-316
-389
-479
-473
-410
-411
-479
-327
-150
-41
-30
-180
-163
-41
-64
-199
-337
50
139
-68
-17
79
-215
-99
165
92
-33
-278
-165
223
154
-360
-159
277
-99
-469
156
274
-75
-243
59
323
33
4
386
357
-84
324
707
454
84
327
256
105
356
11
-37
450
468
86
102
372
276
-209
-150
158
251
151
24
231
228
25
-11
125
202
83
342
355
174
688
523
-6
449
746
364
275
572
336
246
474
273
177
448
187
-250
72
237
48
-131
-81
-65
-85
-211
-180
-266
-266
-183
-205
-183
-110
-7
-667
-816
-263
-204
-758
-601
-422
-590
-429
-682
-573
-461
-461
-735
-360
-223
-587
-336
-121
-644
-265
107
-556
-307
228
-129
-367
55
131
-36
-56
96
85
182
165
33
70
-285
13
156
-153
159
22
-447
45
529
-144
-330
387
604
-298
-622
299
544
-402
-75
542
185
-261
351
291
-102
282
-122
-30
782
-193
-943
536
610
-522
-293
628
33
-202
147
164
368
470
424
240
253
603
666
286
222
431
517
665
519
459
603
633
117
399
1061
-65
60
1095
187
-419
642
602
-539
70
716
-36
71
348
-502
136
344
-534
-238
213
-343
-783
-127
-275
-434
-387
-599
-337
-477
-708
-371
-146
-934
-596
-152
-848
-718
-223
-374
-825
-409
-256
-86
-258
-942
-74
351
-838
-603
1070
360
-1125
-114
1051
-25
-579
155
657
453
-231
46
556
2
-178
189
281
92
-16
227
153
95
-29
441
216
-640
110
714
-306
-225
673
-240
-650
205
21
-832
-380
92
-172
-108
-121
-433
-243
-307
-213
81
72
-273
-447
349
708
-405
-518
738
-85
-135
660
186
-28
639
675
-25
413
65
222
672
-28
221
1024
256
-25
1033
325
-173
466
343
120
478
277
381
496
-157
93
558
-181
-714
264
352
-195
-425
-521
18
200
-872
-827
419
174
-1134
-303
528
-682
-1030
-18
-195
-961
-488
-34
-373
-855
-307
-63
-436
-562
-382
346
-349
-763
84
337
-462
-319
611
275
-519
346
1191
42
-158
834
958
-58
100
850
385
-68
59
576
748
-330
6
1037
45
-735
490
688
-1002
-196
652
-373
-789
-47
267
-584
-531
31
282
-856
-472
655
-42
-1060
53
557
-173
-264
457
209
-147
138
194
245
39
324
426
226
183
563
472
-18
326
773
92
49
575
488
-115
415
423
-227
12
189
93
217
37
-470
272
287
-380
-183
418
-293
-409
30
1
-376
-553
-137
-179
-407
-338
2
-649
-455
212
-568
-834
23
-200
-989
-364
289
-363
-1172
-225
273
-501
-748
-389
224
-555
-955
210
561
-649
-686
601
606
-756
15
1281
-127
-469
927
772
-217
358
645
106
413
844
140
-138
631
484
104
183
404
283
8
-14
279
258
-411
-282
166
130
-398
29
-143
-421
-533
3
260
-553
-501
231
251
-618
-163
90
-268
-301
202
-32
9
245
-127
174
144
79
149
-48
-4
605
261
-101
244
659
186
-86
244
326
16
0
467
338
125
204
654
196
-149
201
306
2
-234
-202
311
20
-90
395
-309
-634
212
443
-469
-385
613
113
-464
-34
-25
-260
-4
38
46
-192
-70
133
-208
-226
-328
-16
-20
-220
-76
119
-263
-687
-114
175
-293
-636
-92
332
-367
-629
209
329
-588
-127
531
-118
-333
372
-4
-426
568
-39
-751
313
714
129
-256
49
572
59
-511
54
374
-312
-561
216
121
-155
-185
-232
284
-88
-1041
-162
186
-293
-277
-31
200
249
65
-523
-56
562
-80
-108
392
371
154
-45
418
78
-315
355
443
28
365
399
20
131
334
246
123
100
18
586
322
-193
86
249
-38
-255
0
357
-31
-267
394
167
-99
-281
-656
-157
291
-215
-664
14
239
-646
-216
-174
-520
41
-398
-501
380
402
-493
-514
117
101
-491
-449
214
31
-406
-42
466
108
-291
-271
191
-56
-175
144
261
68
-195
-52
-276
2
53
-401
-342
884
359
-685
278
523
-99
-263
122
224
410
336
146
-19
500
230
3
106
358
337
86
122
57
238
225
36
-284
345
312
-58
77
496
268
-227
147
518
84
-394
41
191
-59
-207
163
174
-88
-20
-274
-168
102
115
-254
-46
325
236
64
-113
77
70
-305
309
640
-137
-365
40
212
-130
-309
-142
315
-102
-400
195
121
-907
-757
-119
-117
-486
-379
-124
-30
-198
-581
-76
-215
-985
-544
335
-160
-653
195
288
-651
-179
428
-204
-540
367
465
-215
139
445
-224
-380
546
110
-492
334
915
-113
-653
193
308
-639
-330
540
308
-234
-120
230
-305
-418
-46
172
-71
47
78
18
225
254
-335
-233
459
332
4
-302
-58
436
311
-220
253
493
76
-100
226
383
186
63
149
647
122
-71
468
347
-291
299
660
-337
-223
633
309
-347
287
449
-144
-169
347
246
-99
14
112
425
166
-293
272
293
-308
121
427
-198
-133
332
-71
58
185
-164
-81
53
-270
16
132
-513
-519
231
-77
-494
-215
-137
-337
-342
-93
-235
-525
-338
-161
-540
-453
144
-150
-798
-49
429
-478
-642
262
224
-443
-155
228
-49
-401
-47
417
97
-516
-236
374
13
-291
46
-33
-268
86
164
-171
-79
-120
-308
28
171
-154
-154
118
217
20
28
144
313
-25
-54
440
367
-161
-252
151
213
77
-6
343
561
320
-89
303
648
144
-5
422
628
251
110
154
441
256
-19
222
129
65
247
98
229
512
-13
-307
153
16
-298
-102
144
221
182
7
-481
-313
-128
-292
21
216
-215
-207
150
-157
-679
-257
-33
-340
-115
273
11
-179
-362
-468
-67
24
-403
-183
49
-301
-366
-240
-301
-498
-281
-281
19
-61
-357
-402
-80
11
-192
-31
116
42
115
180
-5
6
24
-120
107
454
278
-145
-8
143
8
-80
-73
117
178
55
-24
167
16
-301
-155
260
172
-131
97
174
114
127
111
192
143
-262
-63
340
-89
-280
205
209
-101
135
83
167
321
65
29
338
285
84
252
185
307
456
211
171
275
234
274
268
257
395
561
166
208
606
397
121
244
260
63
71
181
258
-176
-143
182
18
-219
-281
-140
-127
-197
-306
-106
-296
-479
-388
-345
-381
-46
18
-347
-209
-171
-492
-458
-180
-498
-385
-140
-191
-289
-383
-744
-559
-389
-496
-340
31
-147
-421
-268
-278
-368
-388
-94
57
168
-45
-81
-122
-394
-279
-72
-101
72
387
342
141
-155
-265
-322
-50
210
311
341
257
44
-152
-244
-454
-403
-159
159
125
407
380
-210
-369
-132
-155
37
241
316
405
286
-21
-18
68
-111
80
670
784
505
628
578
200
19
295
571
508
519
931
661
332
332
319
190
220
654
779
712
509
340
249
19
128
235
330
510
352
339
243
-123
-393
-179
13
-97
-5
319
92
-325
-377
-552
-588
-356
-165
-140
-182
-42
-262
-740
-759
-407
-376
-585
-392
-91
-233
-520
-500
-529
-476
-339
-303
-260
-21
-63
-562
-548
-178
-389
-604
-174
258
130
30
-140
-445
-379
-441
-529
12
436
164
-198
-37
41
-315
-504
-327
91
309
203
152
217
-128
-499
-589
-141
289
79
17
394
348
-138
-181
-298
-294
-118
172
277
358
239
-29
-51
-10
-1
146
300
336
481
508
366
-3
-301
72
125
44
452
736
465
244
255
173
112
21
240
557
536
512
587
198
-186
-161
125
190
445
539
546
435
247
71
-78
-287
-231
338
527
339
263
158
-504
-565
-141
-13
61
477
570
253
-31
-267
-262
-276
-279
131
464
199
-47
-249
-503
-502
-243
-86
79
397
121
-284
-260
-484
-707
-382
-104
-249
-33
-28
-539
-546
-420
-635
-544
-217
-90
-147
-97
-280
-492
-675
-788
-587
-105
110
-144
-290
-355
-227
-536
-632
-417
-181
-75
94
116
-40
-111
-215
-100
10
-8
122
352
400
366
259
326
306
224
249
569
662
592
488
417
641
516
366
472
667
532
400
633
487
140
326
312
84
338
448
321
155
140
87
15
-97
-57
78
28
-133
25
24
-236
-206
-154
-43
-265
-440
-434
-340
-220
-288
-223
-152
-322
-542
-373
-311
-476
-349
-163
-149
-72
-41
-299
-384
-260
-246
-234
-100
-96
-29
-41
-173
-238
-153
-201
-435
-170
87
-90
-156
27
9
-208
-310
-176
-1
-40
111
376
341
191
122
134
237
345
356
395
371
321
430
477
525
596
558
616
805
762
725
521
229
407
625
490
350
510
281
-23
-48
-60
-147
-279
-357
-203
-282
-723
-865
-894
-994
-1066
-906
-792
-916
-982
-906
-884
-840
-678
-591
-632
-576
-349
-177
-103
-138
-127
96
12
-225
-83
19
-55
115
422
350
164
422
412
268
212
217
239
238
418
515
634
506
257
274
404
187
446
971
994
766
818
728
445
541
590
632
626
568
695
1598
2805
3130
2251
1047
856
1275
1364
1417
1745
2189
2229
1969
1214
-327
-1876
-2220
-1174
303
429
-1228
-3189
-4390
-4680
-4271
-3412
-2882
-3025
-3320
-3346
-3416
-3826
-4332
-4218
-2910
-1005
9
-341
-1216
-1734
-1573
-682
781
1900
2136
1713
1502
1602
1491
1305
1517
2004
2428
2601
2133
1259
176
-390
128
954
1127
805
185
-614
-940
-888
-685
-241
183
319
345
460
298
3
313
1134
1835
2290
2363
2119
1667
1397
1519
1705
1635
1732
1867
1437
786
311
-155
-699
-744
-270
-287
-858
-1196
-1284
-1335
-1296
-992
-847
-869
-582
574
2269
3403
2945
1431
837
1627
2578
3019
3344
3904
4224
3917
3187
1866
380
-410
188
1604
2080
280
-2740
-4845
-5245
-4508
-3767
-3345
-3748
-4908
-5652
-5648
-5426
-5485
-5361
-4427
-2869
-1554
-1415
-2480
-3243
-2715
-1308
476
1905
2120
1310
609
706
1514
2261
2385
2283
2387
2559
2363
1605
819
413
505
719
1093
1018
-113
-1270
-1323
-615
-113
64
-292
-782
-882
-771
-364
298
760
920
1124
1303
1454
1353
1197
1446
1949
2114
1839
1492
1084
818
675
636
616
341
-244
-793
-975
-930
-1015
-1292
-1204
-842
-808
-1036
-1108
-1053
-851
-351
276
649
576
367
723
2147
3969
4716
3644
1969
1647
2686
3486
3714
4060
4504
4309
3431
2179
740
-488
-610
881
2397
1955
-1018
-4261
-5507
-4658
-3161
-2188
-2346
-3578
-4994
-5647
-5201
-4340
-3928
-3911
-2986
-1499
-1145
-2150
-3246
-3237
-1877
-61
1450
1923
953
-491
-816
341
1893
2628
2285
1540
1113
1060
952
742
569
679
862
1283
1374
324
-976
-1389
-770
165
393
-222
-969
-1283
-936
-103
702
922
608
327
504
861
960
902
1086
1592
1900
1643
920
252
55
182
485
914
723
-323
-1159
-1015
-620
-583
-537
-496
-632
-916
-1008
-1032
-1164
-1031
-568
-18
227
208
-88
-546
-345
784
2658
4200
4027
1987
302
1211
3154
3811
3437
3723
4113
3631
2603
1528
699
457
1084
2506
3153
1152
-2411
-4818
-4301
-2163
-917
-1340
-2775
-4398
-5511
-5288
-3905
-2940
-3198
-3727
-3372
-2520
-2394
-3143
-3270
-2069
-471
546
664
45
-822
-834
411
2245
3298
2778
1502
749
977
1672
2300
2277
1916
1777
1550
1053
543
305
342
657
1056
798
-305
-1345
-1543
-915
-226
207
58
-436
-830
-923
-689
-354
128
531
748
522
-145
-827
-855
-265
380
565
64
-672
-1365
-1468
-889
-226
-255
-896
-1437
-1434
-1084
-648
-406
-417
-412
-336
-228
-124
-80
-37
351
886
1511
1813
1921
2740
4025
4282
2929
1777
2487
3854
3962
3594
3989
4563
4098
2903
2122
1758
1421
1536
2276
2597
1185
-1569
-3401
-3010
-1511
-1113
-2174
-3457
-4221
-4900
-4990
-4024
-3294
-3616
-4161
-3846
-2999
-2847
-3522
-3633
-2489
-1238
-831
-953
-981
-834
-649
147
1432
2051
1606
1058
870
1272
1922
2147
1745
1424
1764
1954
1490
966
811
466
95
173
182
-246
-736
-937
-1077
-1189
-1137
-1119
-1159
-936
-741
-1016
-1319
-992
-405
-456
-669
-380
-143
-259
-129
200
12
-479
-393
192
626
665
493
271
85
33
502
971
1181
1033
715
260
109
430
711
803
942
1124
555
-49
160
756
1637
3330
4385
2667
-89
-248
2120
3606
3081
2520
2811
2749
2032
1628
1767
1678
1415
1805
2542
2249
-276
-3191
-3456
-1300
108
-815
-2726
-4133
-4840
-5013
-4139
-2712
-2537
-3986
-4969
-4065
-2921
-3078
-3440
-2567
-1283
-997
-1412
-1303
-572
54
500
1294
1970
1802
1124
925
1626
2564
2939
2442
1976
1890
1999
2178
2211
2012
1270
397
255
795
958
220
-488
-620
-538
-592
-788
-1032
-1252
-1220
-979
-645
-528
-754
-1141
-1044
-471
-128
-375
-623
-407
-135
-43
269
495
267
-74
135
636
687
312
118
263
298
244
60
-215
-223
206
395
207
-165
-586
-1005
-933
-162
490
413
-91
305
1703
2490
1478
-171
51
1778
3030
2639
1893
2347
3108
3151
2637
2246
1830
1496
1846
2691
2589
274
-2580
-2863
-915
504
-459
-2542
-3793
-4292
-4346
-3536
-2369
-2626
-4159
-4793
-3523
-2126
-2193
-3062
-3112
-1887
-777
-724
-860
-585
-464
-384
540
1960
2291
1459
988
1582
2486
2794
2360
1941
2052
2501
2688
2286
1602
1056
659
695
1050
897
57
-727
-636
-206
-108
-496
-982
-1199
-945
-484
-367
-604
-1018
-1130
-905
-522
-431
-689
-816
-618
-191
129
133
-52
-215
-192
73
409
439
51
-422
-513
-148
213
285
148
99
1
-153
-166
-231
-421
-304
-49
31
-150
-539
-816
107
2230
3248
1439
-1155
-1007
1557
3190
2665
2104
2651
2979
2613
2492
2836
2533
1658
1640
2872
3096
710
-2035
-2020
85
1059
-276
-1982
-2881
-3515
-3523
-2342
-1272
-2140
-4068
-4676
-3258
-1693
-1710
-2577
-2610
-1850
-1643
-1722
-1074
-206
-4
-178
236
1084
1028
532
711
1575
2361
2371
1983
1601
1685
2084
2272
1944
1433
1113
654
452
803
820
282
-467
-800
-1005
-1303
-1371
-1220
-1011
-1076
-1363
-1747
-1620
-1294
-1265
-1234
-953
-973
-1276
-1045
-446
-173
-383
-502
-142
262
306
303
393
368
125
-49
303
828
786
307
94
313
294
-41
-81
152
71
-277
-409
-430
-647
-827
-384
176
682
1629
2322
1178
-955
-692
2277
4348
3372
1771
2313
3724
3898
3131
2617
2454
2101
2238
3150
3475
1639
-1208
-1690
439
1728
72
-2429
-3331
-3119
-2937
-2674
-2154
-2594
-4208
-5048
-3817
-2049
-2131
-3579
-4036
-2783
-1692
-1813
-1793
-954
-505
-669
-290
703
791
134
284
1432
2399
2233
1379
776
1151
2129
2490
1948
1247
957
781
716
1053
1138
487
-100
97
192
-335
-851
-833
-379
61
89
-505
-1178
-1169
-403
205
-11
-580
-687
-290
306
681
648
484
212
121
237
467
461
-22
-339
-42
241
108
-140
-175
-160
-115
-139
-430
-641
-594
-605
-751
-657
-615
-843
-1041
-858
-528
-1
1119
1842
403
-1833
-1202
2061
3880
2559
914
1350
2730
3313
3169
3065
2679
1905
2009
3197
3588
1530
-1232
-1400
780
1870
192
-1949
-2795
-2976
-2854
-2113
-1392
-2197
-4259
-5167
-3759
-1981
-2108
-3371
-3446
-2375
-1815
-1937
-1816
-1273
-1078
-1129
-596
409
683
145
100
1071
2117
2172
1527
1144
1617
2331
2692
2341
1594
963
876
1538
2189
1631
149
-640
-277
488
701
103
-872
-1320
-782
63
168
-552
-1154
-1072
-483
55
217
29
-170
-9
377
615
610
389
89
94
628
1153
775
59
-77
304
599
556
242
-345
-858
-844
-361
-22
-293
-917
-1217
-1215
-1138
-1138
-1193
-1139
-1071
-390
1130
1825
358
-1383
-494
2276
3560
2404
1504
2522
3728
3851
3326
2828
2359
1973
2537
3749
3639
1177
-1389
-1327
508
1082
-394
-2146
-2909
-3133
-3093
-2679
-2372
-3131
-4544
-4715
-3408
-2398
-2929
-3960
-3827
-2684
-1811
-1855
-1910
-1326
-781
-546
-270
148
432
490
826
1627
2140
1818
1276
1375
2211
2876
2461
1532
1116
1364
1673
1640
1520
1163
527
65
112
433
331
-256
-680
-456
32
117
-232
-490
-443
-459
-482
-402
-215
-40
-24
-94
-238
-351
-384
-550
-584
-304
31
-98
-504
-676
-704
-639
-469
-274
-293
-508
-982
-1145
-770
-508
-685
-853
-777
-754
-984
-1233
-777
-100
89
-315
-126
1475
2829
2011
18
251
2818
4403
3625
2709
3337
4270
4147
3441
3154
3178
2761
2584
3314
3673
1742
-1174
-1659
567
1905
291
-2149
-3208
-3144
-3003
-2609
-1995
-2390
-4070
-5058
-4024
-2434
-2460
-3777
-4068
-2845
-1949
-2163
-2395
-1836
-1072
-984
-1094
-653
-6
226
346
849
1556
1752
1448
1387
2002
2510
2097
1366
1353
1607
1663
1787
1895
1357
303
-115
80
130
-106
-510
-551
-248
61
-514
-1511
-1534
-819
-361
-437
-576
-1083
-1830
-1740
-280
875
257
-941
-1222
-708
-74
320
397
-82
-676
-760
-209
706
1081
303
-727
-813
-169
153
5
86
123
-380
-1039
-845
-130
313
325
275
249
411
1367
2610
2575
990
715
2744
4563
3975
2612
2894
4066
4238
3467
2924
3005
2746
2208
2458
2945
1647
-1132
-2125
-258
1182
-384
-2926
-3724
-3518
-3741
-3670
-2838
-2784
-4503
-5978
-5180
-3374
-2997
-4010
-4272
-3259
-2484
-2577
-2579
-1667
-844
-852
-891
-23
968
894
594
1334
2671
2973
2091
1633
2377
3249
2948
1996
1654
1862
1921
1704
1437
1070
492
21
29
227
151
-400
-753
-407
227
29
-771
-974
-402
-77
-362
-528
-380
-292
-170
423
701
99
-806
-925
-150
477
401
-149
-518
-643
-617
-559
-288
-75
-317
-684
-822
-644
-611
-731
-528
-299
-447
-697
-520
-115
177
200
196
285
398
711
1233
2362
3455
3119
1296
605
2362
4406
4323
2892
2384
3130
3616
3480
3151
2810
2033
1317
1722
2363
1383
-1089
-2499
-1388
-25
-931
-3070
-4222
-4214
-4063
-3852
-3382
-3445
-4565
-5399
-4717
-3262
-2789
-3314
-3643
-2943
-2155
-2094
-2150
-1473
-417
1
-117
99
627
1106
1566
2076
2280
2029
1973
2121
2212
2150
2030
1627
1378
1359
1428
1150
757
641
343
66
-154
-371
-594
-492
-120
-92
-519
-752
-701
-487
-116
203
68
-401
-571
-385
108
496
475
-24
-451
-346
-91
45
167
88
-543
-1110
-900
-159
231
-145
-605
-800
-934
-823
-193
380
236
-332
-542
-157
297
513
603
746
956
925
1030
1396
2001
2961
3424
2823
1400
1021
2488
4027
3806
2653
2440
2863
2679
2277
2349
2453
1548
567
802
1148
-74
-2160
-2451
-1202
-959
-2465
-3880
-3919
-3704
-3913
-3635
-2872
-3102
-4469
-4899
-3341
-1806
-2052
-3015
-2857
-1806
-1215
-1166
-563
372
533
48
217
1341
1922
1542
1359
1986
2488
1973
1163
1154
1638
1658
1252
987
1094
774
-2
-304
189
535
65
-679
-997
-974
-929
-786
-330
180
-76
-1043
-1475
-527
553
272
-469
-366
-29
-184
-171
436
697
-85
-855
-400
410
265
-360
-389
68
4
-582
-626
-8
283
-92
-419
-188
-39
-260
-213
558
1133
706
8
78
706
1000
1027
1168
1353
1004
574
884
1916
2831
2827
1858
691
784
2172
3386
3111
1771
1118
1605
2166
2284
1903
1219
185
-380
168
974
274
-1702
-2753
-2278
-1715
-2055
-2810
-3274
-3454
-3817
-3658
-2957
-2676
-3240
-3842
-3403
-2358
-1925
-2160
-2038
-1229
-669
-714
-656
-95
439
658
681
1003
1324
1172
1007
1205
1627
1432
863
480
525
722
638
492
181
-324
-509
-274
200
181
-373
-773
-621
-248
11
215
316
218
82
240
607
900
961
815
654
629
627
504
462
666
713
211
-241
-158
112
94
101
396
268
-453
-907
-294
600
766
197
-330
-451
-220
390
929
1123
758
77
-161
299
1036
1374
1121
517
-36
-82
472
1091
1145
591
-22
300
1326
1785
1019
267
668
1611
1737
1321
1109
1347
1532
1473
1349
889
321
63
643
1156
473
-1164
-2155
-1600
-764
-1023
-1917
-2528
-2784
-2927
-2617
-1941
-1688
-2370
-3047
-2704
-1581
-936
-1280
-1767
-1611
-1205
-977
-616
-136
-123
-546
-761
-406
124
204
-9
-231
-312
-364
-262
-134
-87
-58
-303
-526
-522
-338
-253
-375
-465
-389
-281
-229
-202
-13
192
371
507
765
876
601
429
760
1273
1258
747
384
663
923
890
810
613
237
-56
311
1005
1058
283
-457
-314
325
864
822
217
-432
-658
-126
629
995
748
193
-65
37
327
562
675
611
241
-29
134
512
691
775
705
622
423
504
909
1494
1838
1725
1361
1064
1413
2163
2512
2073
1570
1639
2107
2322
2037
1430
1026
804
825
889
637
-177
-1145
-1264
-651
-412
-1074
-2081
-2536
-2318
-1928
-1790
-1912
-2379
-3008
-3199
-2823
-2208
-1895
-2327
-2831
-2718
-2321
-2052
-1968
-1797
-1736
-1918
-2052
-1959
-1732
-1424
-1169
-1093
-1141
-1114
-871
-649
-367
-135
-49
-29
44
463
991
1111
838
820
1121
1338
1478
1550
1610
1439
1232
1361
1601
1672
1267
987
950
809
558
414
600
813
696
303
-81
-247
-167
43
288
262
-57
-457
-531
-97
403
425
110
-45
34
85
125
284
457
298
-20
-14
168
349
486
462
396
399
493
640
834
956
789
532
559
927
1199
1290
1397
1592
1713
1529
1385
1640
2033
2180
2038
1839
1711
1580
1606
1613
1545
1274
811
597
525
127
-621
-1066
-1095
-1022
-1230
-1804
-2461
-2823
-2925
-2849
-2740
-2815
-3243
-3769
-3896
-3491
-2991
-2958
-3360
-3493
-3300
-3096
-2799
-2312
-1918
-1945
-2086
-1861
-1326
-851
-603
-412
-140
241
486
818
1228
1323
1311
1365
1822
2041
1892
1838
2131
2412
2309
1978
1813
1739
1769
2075
2184
1949
1189
686
841
1333
1528
1099
683
465
301
147
296
557
496
69
-302
-289
-86
102
195
151
-100
-459
-638
-437
-190
-212
-541
-796
-665
-360
-215
-243
-351
-422
-401
-318
-171
-119
-217
-125
203
410
383
153
182
566
977
1122
1005
843
808
996
1397
1826
1944
1656
1114
1034
1664
2254
2083
1405
1065
1163
1093
1004
909
604
-19
-534
-462
-379
-951
-1743
-1983
-1893
-1985
-2482
-2922
-3116
-3162
-3191
-3223
-3230
-3346
-3605
-3611
-3144
-2660
-2624
-2900
-2914
-2519
-2022
-1688
-1453
-1156
-979
-903
-678
-258
286
550
579
698
1050
1217
1319
1678
2002
2034
1732
1616
1813
2237
2414
2300
2041
1861
1786
1738
1680
1768
1733
1182
610
538
713
675
590
623
538
145
-140
34
403
473
369
223
89
-54
-217
-79
284
498
201
-202
-267
-33
146
156
143
124
-109
-297
-193
97
296
260
294
315
244
186
268
574
869
945
775
559
636
1034
1492
1683
1380
894
684
1069
1682
1877
1386
751
632
980
1413
1303
895
513
284
5
-200
-407
-660
-912
-1136
-1299
-1661
-2282
-2797
-2636
-2230
-2274
-2900
-3469
-3554
-3259
-2913
-2707
-2861
-3224
-3402
-3029
-2301
-1867
-2025
-2396
-2358
-1925
-1394
-1085
-1040
-897
-693
-492
-256
4
291
487
624
725
870
990
1004
1226
1631
1916
1861
1604
1635
1916
2096
1997
1843
1755
1659
1593
1654
1821
1790
1456
1209
1250
1305
1096
839
852
997
847
481
299
414
482
306
237
132
-110
-346
-316
-65
15
-216
-406
-354
-302
-352
-444
-407
-294
-266
-211
-73
-5
-33
21
359
622
551
390
344
508
762
875
988
1000
872
889
1096
1279
1181
1013
977
974
910
849
855
789
460
138
130
185
35
-175
-151
7
-205
-761
-1014
-873
-675
-754
-1072
-1303
-1452
-1584
-1528
-1255
-1069
-1387
-1910
-2009
-1678
-1377
-1423
-1737
-1984
-2050
-1986
-1772
-1573
-1571
-1772
-1994
-1945
-1590
-1200
-1050
-1207
-1326
-1265
-993
-650
-461
-304
-265
-261
-132
113
425
683
680
607
760
1057
1203
1272
1354
1396
1390
1484
1613
1596
1472
1461
1511
1544
1594
1467
1319
1250
1219
1184
1131
950
785
875
950
800
499
342
459
568
516
338
231
257
297
393
504
362
35
-94
58
244
248
104
64
180
203
148
92
95
81
31
-42
74
239
197
-33
-231
-78
82
121
144
115
4
-166
-220
-126
-30
-24
-70
-104
-196
-256
-261
-306
-297
-177
-199
-417
-562
-544
-320
-181
-336
-707
-883
-857
-745
-629
-640
-790
-988
-1022
-850
-630
-620
-833
-1101
-1178
-1076
-883
-886
-966
-877
-848
-898
-968
-969
-953
-872
-767
-660
-616
-604
-573
-490
-345
-211
-195
-199
-97
0
152
360
490
535
644
723
741
831
1011
1186
1154
1076
1112
1258
1295
1255
1289
1314
1284
1243
1121
1067
1011
886
820
793
849
911
772
583
488
499
596
651
612
506
382
251
315
472
461
278
48
-7
126
261
312
178
3
-185
-158
111
286
48
-279
-502
-558
-403
-233
-162
-222
-469
-672
-584
-430
-377
-425
-428
-453
-626
-799
-656
-431
-361
-470
-567
-525
-423
-489
-613
-575
-499
-516
-519
-504
-500
-614
-591
-485
-525
-571
-563
-485
-435
-553
-652
-602
-593
-562
-596
-613
-658
-832
-924
-764
-573
-588
-777
-939
-844
-650
-538
-505
-450
-490
-607
-518
-308
-13
76
-29
-22
120
218
394
578
622
691
763
840
929
1090
1189
1251
1254
1357
1470
1472
1529
1599
1555
1358
1204
1202
1378
1472
1507
1361
1170
1118
1168
1215
1182
1028
791
634
650
804
779
637
487
259
159
250
326
203
-52
-284
-312
-202
-173
-310
-512
-687
-749
-687
-710
-815
-895
-921
-888
-900
-965
-1005
-1013
-1007
-840
-752
-862
-935
-958
-877
-696
-609
-645
-657
-640
-567
-556
-509
-396
-310
-300
-416
-383
-213
-73
-49
-70
-107
-196
-166
0
74
7
-109
-206
-216
-137
-103
-149
-233
-345
-379
-373
-332
-329
-396
-452
-437
-387
-421
-437
-334
-307
-393
-429
-435
-406
-322
-240
-204
-231
-308
-292
-188
-71
-48
-95
-35
85
237
268
335
440
458
446
523
597
681
793
843
891
919
939
998
1079
1134
1126
1137
1132
1115
1119
1077
1097
1077
994
1004
1010
917
803
791
823
768
576
339
294
254
137
21
-100
-221
-326
-435
-415
-417
-436
-439
-481
-503
-613
-620
-591
-479
-394
-390
-418
-446
-422
-402
-343
-338
-357
-313
-308
-330
-287
-201
-143
-183
-275
-265
-233
-269
-287
-246
-229
-259
-306
-270
-134
-197
-329
-327
-267
-278
-363
-357
-250
-281
-369
-342
-301
-335
-347
-375
-314
-210
-256
-258
-185
-169
-200
-222
-229
-177
-168
-216
-217
-195
-150
-156
-119
-55
-60
-129
-195
-132
-44
-29
56
157
145
176
179
237
333
417
480
488
486
517
598
652
732
825
854
768
702
762
815
773
790
771
705
672
584
572
526
374
239
222
205
203
103
-96
-209
-208
-219
-228
-196
-260
-327
-473
-588
-601
-553
-537
-553
-562
-530
-509
-492
-370
-380
-339
-306
-322
-315
-240
-191
-175
-100
-19
19
-60
-39
33
51
37
-54
-105
-115
-113
-38
23
24
-71
-160
-208
-130
-57
-91
-142
-221
-294
-236
-99
-37
-95
-199
-199
-123
-108
-97
-153
-298
-311
-244
-171
-167
-98
-103
-147
-55
-16
-48
-69
-97
-68
53
34
-23
-22
-26
10
29
96
159
132
110
133
169
225
274
285
347
446
494
559
596
626
657
722
772
740
725
697
712
738
796
765
697
617
584
514
455
402
298
252
251
277
220
4
-137
-117
-124
-159
-257
-360
-421
-386
-322
-341
-418
-446
-456
-433
-360
-325
-348
-449
-393
-290
-259
-220
-193
-187
-161
-114
-144
-166
-141
-53
-104
-175
-296
-395
-346
-279
-247
-258
-334
-439
-459
-425
-378
-341
-331
-464
-531
-489
-461
-439
-381
-332
-317
-366
-450
-440
-348
-256
-261
-201
-124
-95
-138
-128
-69
-12
-12
-72
-72
-107
-119
-11
120
120
73
15
13
125
173
252
321
276
245
247
304
365
394
424
458
507
577
639
671
723
735
702
720
714
746
756
743
681
615
550
506
529
456
368
326
216
107
102
31
-40
-108
-186
-255
-343
-356
-370
-412
-404
-427
-363
-279
-272
-249
-306
-305
-252
-161
-117
-109
-215
-342
-336
-167
42
98
94
48
-8
-85
-49
31
49
19
-56
-61
-64
-46
-45
-67
-57
-99
-105
-112
-87
-93
-88
-86
-88
-84
-97
-174
-151
-61
-62
-51
-30
18
36
33
-21
-11
7
-108
-165
-150
-107
-53
-66
-74
-89
-129
-165
-161
-167
-220
-251
-279
-250
-220
-223
-262
-226
-213
-227
-141
-76
-2
73
134
180
214
227
225
223
251
308
271
277
328
423
393
348
402
417
455
460
412
336
267
217
261
320
289
198
123
98
52
40
-16
-47
-73
-166
-201
-136
-67
-68
-34
2
-44
-40
-45
-54
-27
-54
-13
-7
40
-6
-63
-45
-58
-64
-57
-20
-37
-19
8
22
-18
-113
-206
-264
-234
-179
-187
-256
-309
-362
-349
-295
-234
-260
-348
-388
-376
-335
-341
-322
-332
-352
-338
-281
-210
-196
-241
-241
-182
-118
-72
-58
10
34
-29
-16
85
149
152
38
12
36
60
76
45
43
49
54
54
61
30
-25
-69
30
140
194
220
237
210
224
300
367
372
342
283
255
299
300
320
296
264
244
326
391
381
337
228
189
258
312
306
239
220
233
195
179
202
178
139
88
91
123
69
47
22
39
93
59
35
81
114
148
109
52
30
49
80
83
83
51
53
3
8
9
-41
-140
-204
-216
-245
-214
-264
-353
-395
-433
-483
-463
-438
-425
-411
-518
-546
-465
-472
-526
-553
-534
-497
-504
-520
-479
-400
-359
-312
-238
-217
-198
-175
-120
-33
-19
-4
25
9
100
141
152
170
145
138
155
242
278
291
275
231
154
111
178
302
278
219
154
136
175
230
239
196
169
83
97
129
232
300
256
175
147
138
105
15
-1
-4
-64
-51
-71
-76
-51
-36
-50
-16
-3
1
0
42
75
23
-11
-52
-51
-13
43
48
56
68
98
156
204
240
196
165
181
222
265
287
212
159
161
181
236
226
164
108
132
134
103
46
2
1
-13
-42
-95
-66
-74
-90
-104
-120
-147
-231
-233
-173
-144
-176
-233
-290
-404
-436
-395
-381
-365
-347
-361
-352
-356
-315
-251
-206
-195
-174
-164
-145
-97
-48
-55
-84
-38
-13
6
73
136
122
158
157
185
217
212
189
221
265
299
280
248
212
192
189
172
142
134
124
161
182
175
128
86
84
36
40
78
67
-6
-53
-74
4
26
-24
-74
-57
-34
-17
77
84
29
56
69
37
59
38
43
33
-52
-87
-65
-81
-43
-20
-42
-52
-61
-67
-31
-4
-24
-98
-125
-149
-134
-33
-63
-114
-158
-202
-136
-97
-58
-93
-164
-230
-202
-100
-30
-24
-91
-105
-162
-184
-149
-121
-118
-116
-143
-181
-229
-282
-252
-229
-266
-274
-268
-246
-182
-140
-119
-108
-102
-52
-12
-2
46
65
34
45
80
183
224
213
241
301
305
296
355
386
365
290
289
377
442
459
469
410
373
356
336
341
372
338
192
147
202
254
231
201
174
114
20
-37
-29
12
-44
-106
-120
-94
-64
-40
-47
-69
-122
-154
-156
-105
-108
-146
-123
-134
-121
-82
-85
-62
-28
-75
-101
-58
-18
-74
-77
-87
-104
-76
-72
-71
-67
-61
-101
-128
-101
-139
-141
-146
-176
-128
-104
-99
-79
-62
-85
-158
-167
-157
-106
-47
-61
-17
-51
-88
-95
-97
-71
-39
-7
-31
-50
-83
-54
-25
-19
-38
-75
-57
-52
-42
-54
-62
-74
-140
-140
-149
-117
-60
-31
1
15
19
9
34
17
36
62
66
86
106
106
122
149
197
184
181
206
207
166
146
165
165
137
71
93
125
126
125
106
86
50
16
-11
22
8
-60
-99
-107
-81
-47
-73
-41
-5
-21
-26
1
49
33
-3
11
-3
49
117
133
107
132
142
104
157
212
250
202
130
116
129
161
122
60
39
5
3
-2
-2
-8
-33
-33
-100
-168
-173
-224
-282
-291
-310
-365
-340
-349
-301
-287
-308
-303
-315
-290
-292
-246
-177
-134
-168
-186
-184
-222
-248
-242
-190
-156
-158
-140
-138
-107
-79
-71
-41
-23
28
32
116
164
151
171
185
263
285
302
347
366
302
280
264
295
376
428
432
457
507
488
452
458
448
449
451
377
350
323
276
271
259
265
208
124
122
31
-14
-59
-95
-119
-119
-124
-123
-161
-210
-238
-297
-314
-365
-355
-351
-325
-289
-295
-253
-219
-233
-277
-316
-283
-225
-158
-129
-160
-135
-117
-129
-68
23
49
38
45
26
45
120
128
118
108
88
45
64
70
55
21
-70
-124
-114
-109
-83
-86
-102
-89
-98
-102
-89
-62
-69
-133
-174
-137
-123
-94
-118
-126
-100
-139
-166
-135
-74
-44
-63
-36
-60
-90
-68
-135
-114
-90
-144
-113
-89
-93
-111
-125
-117
-103
-105
-95
-119
-134
-133
-134
-92
-32
35
65
103
90
91
127
129
137
157
200
203
215
264
263
265
269
276
336
303
265
243
270
297
294
297
274
213
184
202
215
220
182
197
189
181
222
236
173
159
172
124
108
73
45
82
122
79
83
62
30
34
13
-15
-5
-11
-35
-56
-59
-68
-80
-84
-107
-149
-189
-207
-235
-273
-268
-218
-220
-206
-172
-170
-165
-126
-187
-215
-214
-194
-151
-152
-151
-162
-167
-181
-153
-154
-140
-128
-160
-159
-115
-66
-105
-136
-152
-142
-128
-123
-127
-109
-121
-119
-115
-113
-104
-118
-96
-91
-56
-54
-63
-84
-83
-73
-26
19
40
63
52
96
154
136
160
206
194
177
179
183
179
158
168
178
175
175
142
123
136
146
159
182
198
197
183
165
159
172
192
224
238
214
172
150
155
127
109
119
122
101
66
71
79
19
-10
-9
22
6
-23
12
25
7
-60
-102
-117
-171
-187
-152
-131
-118
-106
-113
-162
-199
-205
-212
-213
-209
-214
-203
-174
-131
-118
-116
-155
-174
-185
-161
-91
-60
-64
-69
-61
-55
-51
-65
-50
-46
-42
-66
-47
-32
-25
-4
-26
-16
-13
1
8
46
29
29
41
11
6
8
15
19
15
13
29
22
19
22
24
16
41
75
59
62
93
101
80
83
95
117
117
91
141
165
168
165
141
117
106
91
106
97
85
96
89
110
113
120
149
195
195
195
200
157
130
116
111
87
81
64
50
39
40
59
42
12
-30
-17
-38
-41
-29
-18
-25
-67
-105
-121
-148
-183
-169
-142
-142
-159
-195
-206
-209
-214
-202
-189
-186
-208
-198
-202
-221
-232
-231
-228
-225
-212
-212
-219
-196
-184
-163
-151
-145
-129
-111
-123
-79
-28
-46
-45
-28
-12
-14
8
-23
-43
-28
-21
-8
41
63
46
36
47
62
75
66
70
92
101
114
101
104
111
113
132
166
180
159
143
159
203
206
196
198
180
189
219
213
199
189
167
146
173
156
125
126
102
110
127
128
114
98
97
57
45
33
1
1
5
29
35
15
-6
-15
-32
-50
-26
-28
-34
-19
-43
-67
-72
-89
-91
-104
-112
-86
-89
-83
-95
-95
-43
-3
-24
-29
-44
-98
-91
-58
-59
-71
-74
-55
-64
-75
-72
-78
-69
-87
-81
-64
-58
-69
-63
-55
-53
-45
-51
-51
-47
-43
-38
-44
-37
-24
-36
-37
-47
-59
-70
-64
-76
-74
-60
-52
-11
-7
-21
-39
-81
-123
-119
-105
-104
-123
-123
-104
-96
-66
-40
-4
-11
-9
-2
-12
-5
11
6
-5
-5
-5
-14
23
31
43
60
67
78
79
110
117
126
128
144
145
119
133
160
158
172
172
176
178
188
188
208
210
197
193
199
193
157
154
141
154
156
131
110
105
93
72
65
65
61
48
56
55
28
19
28
-4
-12
-27
-32
-38
-71
-82
-82
-67
-89
-97
-85
-90
-128
-135
-158
-165
-185
-179
-172
-176
-169
-189
-214
-239
-216
-200
-214
-202
-171
-193
-202
-202
-196
-167
-152
-137
-109
-119
-124
-130
-117
-108
-91
-57
-54
-66
-49
-15
-6
13
25
28
34
36
57
50
51
57
43
56
64
70
75
65
78
65
48
50
49
50
62
77
62
72
87
95
115
114
124
100
81
82
99
103
119
129
132
160
166
138
131
122
94
120
118
134
129
107
85
79
100
94
100
92
59
24
30
19
25
29
28
31
1
-12
-17
-19
-16
-37
-31
-18
-26
-33
-20
-31
-33
-28
-40
-39
-21
-5
-24
-43
-67
-88
-95
-80
-77
-68
-72
-106
-103
-78
-70
-84
-81
-81
-75
-80
-78
-69
-71
-74
-84
-71
-65
-72
-63
-56
-60
-54
-70
-77
-57
-59
-76
-31
-15
-19
-23
-14
-11
-23
-41
-41
-38
-55
-59
-51
-43
-48
-44
-33
-41
-50
-43
-39
-20
13
13
2
28
17
14
33
28
35
44
42
46
50
72
60
60
65
55
62
68
59
80
90
69
63
71
65
58
58
67
93
94
98
109
107
73
48
37
33
24
36
45
9
14
15
9
23
35
48
60
62
57
61
62
21
1
-7
-5
4
-6
5
11
1
-13
3
-3
-26
-40
-65
-67
-66
-36
-22
-30
-45
-47
-50
-67
-54
-58
-71
-69
-59
-76
-87
-105
-121
-123
-116
-87
-85
-68
-68
-58
-33
-27
-22
-2
13
-13
-15
-17
-33
-20
-32
-32
-13
-20
-8
1
11
11
2
5
20
42
61
74
94
111
90
86
78
44
48
50
42
54
50
53
58
76
93
112
110
105
95
101
99
84
88
81
74
86
91
71
58
62
55
52
55
56
36
8
-15
-13
-1
-30
-53
-59
-66
-52
-46
-33
-19
-23
-38
-55
-54
-67
-80
-74
-80
-90
-84
-84
-78
-72
-84
-81
-75
-96
-98
-76
-78
-70
-61
-77
-94
-96
-98
-90
-75
-100
-107
-113
-113
-107
-101
-92
-100
-93
-96
-79
-79
-85
-82
-71
-60
-52
-36
-39
-25
-25
-14
-6
14
18
15
29
27
36
49
63
65
77
89
91
83
76
63
43
50
63
83
100
99
116
118
119
118
103
88
91
100
98
81
71
65
48
74
92
88
86
68
76
76
69
84
82
80
71
51
42
55
61
50
39
44
37
46
56
63
70
63
46
45
55
51
53
44
48
54
64
68
52
30
22
8
13
36
36
27
28
12
10
15
5
3
-18
-24
-45
-41
-38
-49
-43
-58
-81
-89
-92
-88
-86
-100
-110
-119
-137
-143
-127
-146
-144
-146
-153
-149
-150
-137
-158
-168
-170
-176
-168
-163
-161
-154
-151
-166
-155
-134
-130
-118
-91
-76
-75
-87
-87
-75
-69
-47
-24
-25
-26
-24
-9
-2
4
13
30
39
35
47
55
61
63
65
58
53
63
76
68
85
85
86
80
74
87
90
98
90
83
71
71
69
68
61
61
59
60
78
89
100
101
103
109
106
90
78
79
76
78
79
82
97
88
90
99
97
91
102
106
93
81
64
56
66
67
63
71
84
68
57
68
52
50
52
42
30
7
-6
-10
-17
-26
-48
-56
-49
-61
-63
-67
-73
-76
-85
-79
-82
-82
-94
-109
-108
-99
-88
-89
-98
-100
-98
-111
-99
-90
-78
-68
-62
-44
-35
-37
-42
-34
-24
-31
-24
-30
-41
-38
-30
-17
-14
-18
-23
-22
-26
3
11
-2
2
4
0
14
9
8
3
2
8
10
7
-9
-16
-16
-15
-20
-7
-9
-5
-13
-22
-16
-19
-25
-20
-10
-21
-14
3
-3
5
12
-11
-18
-15
-9
4
10
2
10
19
19
33
35
19
17
20
21
38
48
52
49
47
38
37
42
37
40
53
56
48
44
35
18
13
13
5
-16
-6
-8
-17
-2
-4
-13
-21
-24
-15
-25
-30
-23
-33
-63
-78
-74
-76
-65
-53
-47
-54
-41
-44
-45
-40
-47
-55
-49
-40
-42
-28
-21
-5
-2
-9
5
21
24
24
43
60
62
73
79
64
71
59
56
74
79
93
97
88
83
76
66
70
83
101
103
82
86
98
87
84
79
66
51
46
31
37
46
34
24
20
4
-16
-12
-9
-10
-12
-26
-34
-28
-31
-21
-17
-17
-28
-32
-29
-29
-34
-41
-54
-62
-50
-33
-31
-32
-35
-33
-34
-34
-44
-44
-60
-57
-46
-41
-38
-39
-35
-49
-49
-44
-45
-50
-33
-21
-27
-25
-28
-25
-29
-41
-56
-60
-59
-60
-45
-47
-54
-47
-47
-52
-34
-31
-34
-49
-59
-67
-72
-60
-41
-38
-36
-28
-28
-15
-18
-21
-16
-16
-20
-16
-24
-15
0
7
11
22
21
23
23
21
26
16
4
6
19
23
33
26
22
28
36
42
40
44
44
33
39
44
40
47
51
51
65
53
49
52
55
56
56
54
53
59
55
56
65
64
65
63
64
59
47
41
45
43
51
58
56
47
41
45
36
38
44
45
47
53
41
42
50
55
55
45
35
12
-9
-24
-20
-4
-5
-5
0
2
3
-7
-9
-9
-24
-31
-29
-35
-32
-33
-49
-51
-51
-56
-61
-66
-75
-82
-85
-82
-69
-66
-61
-57
-67
-63
-63
-78
-63
-53
-65
-67
-65
-65
-59
-64
-61
-49
-41
-28
-22
-11
-28
-28
-38
-40
-30
-28
-23
-29
-16
-13
-16
-15
-29
-27
-7
-5
0
7
4
3
4
8
7
2
4
8
24
28
21
20
25
23
36
58
50
30
34
38
35
36
38
24
22
12
25
40
43
57
45
34
26
29
29
25
21
22
16
13
7
-1
1
-5
-12
-2
-3
-13
-7
-13
-16
-8
-5
-6
13
15
11
9
5
-7
-20
-16
-17
-5
-1
10
14
11
19
14
-1
0
2
-8
1
8
17
25
19
26
26
20
20
18
22
12
15
29
23
18
21
27
25
22
16
21
14
8
23
20
11
26
27
22
20
10
9
-6
-10
1
8
4
-8
-11
-15
-17
-16
-19
-24
-24
-36
-35
-37
-27
-18
-8
-3
8
2
-14
-11
-13
-17
-22
-25
-22
-13
-6
9
15
16
15
21
22
27
21
16
19
23
26
27
26
19
8
12
8
-1
-4
-5
-8
-9
-8
-4
-5
-13
-24
-21
-23
-37
-43
-54
-50
-50
-52
-56
-56
-55
-65
-64
-58
-66
-69
-58
-58
-59
-60
-69
-70
-70
-71
-62
-51
-50
-51
-46
-45
-36
-34
-23
-15
-18
-14
-19
-18
-16
-8
-1
4
9
16
28
39
44
42
47
40
37
37
40
45
50
47
36
39
36
33
40
45
38
48
50
41
33
42
43
37
41
35
38
43
46
58
64
65
59
54
55
52
45
45
46
55
54
52
53
56
61
63
61
61
54
46
44
36
35
31
36
26
18
19
13
7
11
15
12
4
-9
-9
-10
-10
-12
-17
-15
-23
-24
-22
-22
