4.763240e-001 5.236760e-001 0.000000e+000 0.000000e+000 0.000000e+000 
0.000000e+000 8.858566e-001 1.141434e-001 0.000000e+000 0.000000e+000 
0.000000e+000 0.000000e+000 7.907101e-001 2.092899e-001 0.000000e+000 
0.000000e+000 0.000000e+000 0.000000e+000 5.931185e-001 4.068815e-001 
0.000000e+000 0.000000e+000 0.000000e+000 0.000000e+000 1.000000e+000 
1.000000e-030 1.000000e-030 2.747466e-017 1.000000e-030 1.000000e-030 1.000000e-030 1.000000e-030 6.666667e-031 1.000000e-030 1.000000e-030 1.000000e-030 1.000000e-030 2.000000e-001 1.000000e-030 1.000000e-030 1.535692e-027 1.000000e-030 1.000000e-030 6.666667e-031 1.000000e-030 1.000000e-030 1.000000e-030 1.000000e-030 1.000000e-030 6.666667e-031 1.000000e-030 1.000000e-030 1.000000e-030 2.763240e-001 1.000000e-030 6.666667e-002 4.570093e-001 
1.000000e-030 1.000000e-030 9.518843e-002 1.000000e-030 1.000000e-030 1.000000e-030 1.000000e-030 2.948604e-002 1.000000e-030 1.000000e-030 1.000000e-030 1.000000e-030 8.427632e-031 1.000000e-030 1.000000e-030 4.505453e-001 1.000000e-030 1.000000e-030 3.402070e-002 1.000000e-030 1.360828e-001 1.000000e-030 1.000000e-030 1.000000e-030 6.804140e-002 1.000000e-030 6.666667e-031 1.000000e-030 3.920510e-002 1.000000e-030 6.666667e-031 1.474302e-001 
1.000000e-030 1.000000e-030 3.633234e-001 1.000000e-030 1.000000e-030 1.000000e-030 6.666667e-031 1.000000e-030 1.000000e-030 1.000000e-030 1.000000e-030 1.000000e-030 6.407738e-002 1.000000e-030 1.000000e-030 2.997255e-001 1.000000e-030 1.000000e-030 1.281548e-001 1.000000e-030 6.681033e-031 1.000000e-030 1.000000e-030 1.000000e-030 2.803490e-025 1.000000e-030 1.111111e-001 1.000000e-030 3.360787e-002 1.000000e-030 6.666667e-031 6.693500e-025 
1.000000e-030 1.000000e-030 3.437051e-031 1.000000e-030 1.000000e-030 1.000000e-030 2.152083e-001 1.000000e-030 6.667352e-031 1.000000e-030 1.000000e-030 1.000000e-030 6.666667e-031 1.000000e-030 1.000000e-030 1.624262e-001 6.666667e-031 1.000000e-030 3.260471e-001 1.000000e-030 6.666667e-031 1.000000e-030 1.000000e-030 1.000000e-030 1.254113e-001 1.000000e-030 6.666667e-031 1.000000e-030 6.666667e-031 1.000000e-030 1.000000e-030 1.709071e-001 
1.000000e-030 1.000000e-030 7.724280e-002 1.000000e-030 2.397249e-003 1.000000e-030 7.605301e-002 1.000000e-030 1.747081e-001 1.000000e-030 9.188315e-002 1.000000e-030 1.536444e-002 1.000000e-030 1.000000e-030 4.316495e-002 5.743696e-002 1.000000e-030 6.237728e-002 1.000000e-030 5.421563e-003 1.000000e-030 2.397249e-003 1.000000e-030 8.976804e-002 5.148379e-003 4.794498e-003 1.000000e-030 2.940890e-002 1.000000e-030 1.000000e-030 2.624334e-001 
