-13
-8
-6
-8
-4
-4
-2
-3
-1
0
-1
-3
-2
-6
-5
-3
-3
-2
1
2
3
1
-1
-4
-1
-3
-6
-4
1
0
1
4
5
1
0
2
-3
0
-1
0
1
1
2
-1
-2
-1
-2
-4
3
4
2
2
1
2
2
4
6
11
9
7
6
2
-2
-4
-3
-8
-2
-4
0
8
5
3
9
5
2
5
3
5
6
4
9
9
3
2
0
0
1
-6
-7
-5
-4
-2
-5
-8
-9
-6
-4
-3
-3
-1
0
-5
-5
-5
-9
-9
-8
-11
-7
-3
0
1
1
3
3
4
2
2
3
2
5
6
5
6
4
-3
-4
-6
-4
0
3
6
7
4
6
10
11
12
5
6
7
-1
-1
-1
-3
-2
-2
-2
3
3
4
7
10
12
9
6
1
0
0
-2
-5
-4
-2
-4
-3
-5
-5
-2
1
5
4
4
-1
0
-3
-2
0
0
-4
-1
0
-3
-4
-6
-6
-4
-10
-11
-6
-12
-11
-12
-17
-15
-17
-13
-12
-8
-5
-8
-14
-11
-13
-18
-13
-17
-15
-11
-4
3
6
5
3
0
-4
-3
1
-2
-4
-8
-3
-1
5
10
9
8
6
9
10
10
7
4
0
3
3
4
6
5
5
6
7
12
11
10
15
16
13
13
16
18
15
18
16
13
17
16
14
16
18
15
18
22
23
17
15
14
16
18
13
18
16
14
9
6
7
8
11
10
8
4
2
1
-4
-3
-2
-4
-5
-7
-7
-6
-11
-13
-13
-15
-13
-18
-18
-23
-23
-24
-26
-23
-25
-29
-32
-26
-25
-23
-22
-21
-17
-19
-22
-23
-19
-18
-20
-19
-19
-20
-23
-23
-22
-21
-20
-22
-18
-16
-16
-13
-14
-11
-10
-8
-3
3
9
9
7
6
4
-4
-2
-1
4
7
6
6
5
10
10
12
20
25
26
28
30
27
23
17
18
16
20
25
27
30
33
32
30
30
26
24
21
26
31
32
30
34
30
28
27
20
19
16
18
13
15
15
9
6
1
-2
-3
-6
-10
-13
-14
-17
-10
-12
-15
-10
-14
-15
-12
-20
-20
-23
-24
-26
-31
-30
-31
-33
-35
-34
-35
-31
-27
-29
-29
-28
-23
-23
-24
-18
-20
-23
-26
-22
-25
-30
-27
-29
-29
-25
-20
-14
-11
-14
-5
-1
5
8
8
8
6
8
11
10
15
18
13
6
2
7
9
6
13
16
16
21
23
19
16
20
18
19
27
33
36
38
33
38
39
33
36
35
33
34
30
31
32
34
34
39
40
39
38
33
25
25
25
21
22
18
13
13
8
6
9
12
6
3
3
0
-2
-3
-2
-3
-6
-13
-12
-18
-18
-20
-25
-23
-28
-26
-27
-31
-31
-38
-41
-42
-43
-39
-41
-44
-48
-52
-54
-54
-54
-53
-57
-56
-52
-48
-42
-45
-39
-38
-39
-36
-33
-28
-28
-33
-29
-27
-29
-24
-22
-19
-21
-22
-20
-17
-13
-12
-16
-10
-4
-3
0
3
1
0
2
3
6
13
20
25
17
26
33
32
32
40
43
41
46
43
47
51
49
49
53
56
55
57
61
63
63
67
67
64
65
66
64
61
59
59
59
56
57
58
53
55
54
42
37
38
34
32
36
31
21
20
23
19
17
14
11
9
3
3
2
-4
-10
-13
-16
-20
-22
-27
-36
-39
-44
-49
-52
-60
-62
-66
-70
-71
-76
-80
-87
-90
-97
-98
-94
-99
-99
-95
-93
-89
-89
-89
-85
-85
-82
-82
-82
-84
-84
-79
-75
-63
-54
-52
-50
-43
-44
-39
-38
-34
-29
-33
-30
-23
-16
-5
-4
8
9
11
24
32
42
44
52
50
58
64
59
67
69
73
81
84
89
94
96
97
102
102
98
106
99
100
101
96
95
96
97
96
92
90
86
86
89
90
80
74
74
70
62
61
54
44
47
40
33
31
29
28
20
19
13
9
10
5
4
1
0
6
3
-5
-11
-10
-15
-15
-18
-21
-19
-25
-33
-42
-52
-66
-77
-85
-86
-90
-100
-108
-120
-127
-131
-143
-141
-138
-142
-145
-145
-135
-133
-134
-135
-137
-134
-130
-124
-114
-118
-110
-109
-101
-86
-82
-80
-73
-70
-63
-50
-51
-40
-43
-31
-28
-30
-23
-4
-8
4
23
19
39
37
48
56
68
78
92
104
108
115
114
118
120
129
131
143
141
145
136
137
142
139
140
128
131
123
126
118
125
114
111
114
109
119
108
108
100
95
89
76
71
73
70
64
59
51
45
42
32
26
25
28
18
15
19
13
8
8
6
10
14
9
8
5
3
1
1
7
2
-5
-5
-26
-37
-56
-77
-94
-121
-135
-153
-172
-182
-193
-196
-201
-211
-221
-228
-233
-231
-231
-222
-203
-184
-175
-165
-150
-151
-147
-145
-137
-130
-125
-108
-97
-90
-83
-76
-75
-65
-74
-62
-58
-43
-38
-27
-15
-19
-3
6
32
36
53
53
66
76
89
113
129
148
145
164
166
175
175
179
186
188
181
189
188
182
180
171
170
171
171
155
152
158
161
148
150
149
135
128
124
126
112
116
114
107
106
102
93
82
70
66
55
43
39
30
18
14
7
2
-16
-19
-24
-29
-19
-20
-10
-13
-15
-8
-7
-12
-12
-14
-15
-12
-11
-15
-13
-26
-47
-67
-101
-127
-150
-174
-204
-217
-231
-251
-256
-267
-281
-289
-297
-304
-301
-291
-276
-263
-237
-208
-178
-166
-160
-136
-129
-132
-114
-114
-109
-101
-107
-102
-106
-103
-109
-100
-93
-77
-77
-74
-52
-30
-17
-3
17
24
42
57
89
109
126
132
136
155
166
186
201
208
217
216
225
232
253
251
250
248
246
251
252
256
246
247
235
235
229
236
221
224
220
214
207
202
198
211
181
247
236
148
162
109
112
73
91
72
110
111
27
18
-47
-54
-84
-72
-66
-55
-64
-77
-73
-66
-58
-45
-32
-30
-21
-22
-21
-20
-17
-26
-23
-15
-22
-37
-58
-85
-128
-164
-221
-256
-289
-315
-338
-365
-356
-361
-376
-388
-396
-418
-425
-428
-418
-393
-357
-302
-264
-217
-187
-176
-164
-152
-150
-137
-136
-123
-121
-122
-94
-88
-84
-85
-79
-97
-79
-75
-74
-56
-47
-25
-25
11
13
43
54
77
121
141
179
197
214
238
275
282
308
324
334
337
354
349
327
330
307
307
316
321
305
299
319
293
291
299
283
296
285
281
289
301
299
308
291
269
259
219
226
214
187
179
160
140
117
101
84
70
33
6
-21
-33
-49
-54
-64
-78
-92
-113
-125
-128
-112
-89
-70
-52
-37
-27
-29
-35
-52
-66
-71
-77
-73
-75
-84
-93
-137
-196
-266
-324
-372
-417
-455
-468
-479
-497
-487
-493
-509
-525
-537
-532
-520
-496
-449
-395
-347
-288
-238
-207
-208
-196
-185
-190
-162
-144
-128
-124
-110
-99
-95
-71
-82
-98
-97
-98
-90
-80
-63
-34
-29
-17
12
42
56
113
146
172
215
237
279
278
327
364
366
390
407
426
406
411
407
397
405
388
388
381
384
384
381
381
379
375
372
376
355
367
353
348
352
332
337
332
332
324
309
296
249
236
203
196
168
156
121
94
74
25
19
-25
-39
-65
-81
-86
-128
-151
-183
-212
-210
-190
-176
-122
-111
-111
-92
-90
-84
-73
-91
-94
-99
-101
-89
-108
-99
-130
-198
-249
-327
-414
-474
-544
-581
-616
-642
-632
-626
-637
-646
-668
-677
-698
-705
-677
-617
-534
-449
-360
-277
-211
-178
-161
-136
-124
-130
-113
-93
-52
-20
-3
28
45
32
30
15
-6
-8
-9
15
38
67
93
135
163
170
194
222
257
299
310
326
370
389
434
467
496
530
528
538
546
517
497
499
468
449
427
439
449
428
430
417
373
371
365
347
375
349
344
343
330
327
329
323
315
307
291
301
259
238
208
172
153
135
109
90
65
5
-35
-101
-126
-156
-216
-228
-252
-282
-292
-260
-228
-193
-140
-118
-65
-67
-95
-146
-200
-211
-203
-181
-154
-122
-122
-159
-241
-306
-416
-521
-585
-682
-728
-781
-816
-816
-841
-846
-864
-894
-943
-973
-989
-956
-882
-793
-666
-541
-384
-258
-153
-96
-56
-18
-13
4
24
35
106
174
213
268
285
264
208
134
75
31
25
29
61
84
136
197
222
274
297
334
359
379
435
446
495
528
585
632
679
714
742
744
713
697
660
646
597
598
563
560
565
534
537
505
474
425
401
362
349
352
343
331
299
273
290
266
281
289
270
269
293
269
212
182
150
90
30
15
-9
-59
-125
-148
-205
-261
-322
-378
-382
-407
-401
-354
-297
-212
-130
-78
-77
-105
-187
-275
-293
-259
-190
-110
-61
-19
-94
-189
-273
-423
-531
-667
-769
-867
-956
-960
-976
-965
-975
-1043
-1140
-1211
-1253
-1261
-1173
-1101
-1007
-876
-770
-627
-462
-300
-151
-62
5
63
95
153
206
231
310
352
375
403
405
367
296
217
154
104
60
63
66
78
130
137
185
248
283
322
339
389
423
496
605
680
765
843
848
855
889
849
871
867
833
809
789
733
658
680
616
577
548
542
509
457
402
320
304
287
311
299
335
345
334
353
350
320
307
280
241
210
195
175
127
127
95
54
-2
-89
-193
-266
-318
-381
-427
-460
-495
-519
-504
-422
-293
-122
19
115
80
-42
-136
-225
-218
-76
48
139
135
29
-131
-320
-496
-692
-868
-1013
-1135
-1205
-1170
-1150
-1133
-1150
-1264
-1399
-1583
-1718
-1737
-1676
-1520
-1313
-1104
-894
-687
-539
-384
-258
-190
-113
16
185
356
533
691
778
761
707
623
557
489
391
367
306
269
282
254
239
126
23
-32
-40
29
164
304
446
505
535
576
647
719
805
917
991
1081
1140
1113
1191
1209
1128
1061
950
883
783
721
688
633
615
532
445
409
328
221
147
116
130
179
227
231
277
262
220
201
153
135
130
141
182
253
223
207
152
80
-3
-122
-169
-268
-314
-371
-401
-420
-470
-538
-522
-359
-120
137
285
257
97
-89
-268
-229
-12
257
504
566
367
2
-374
-694
-974
-1168
-1327
-1413
-1476
-1487
-1467
-1536
-1658
-1852
-2101
-2332
-2426
-2309
-2101
-1805
-1496
-1242
-1042
-827
-670
-508
-343
-182
-24
103
368
672
1000
1274
1367
1263
1055
832
682
627
610
636
648
603
550
415
202
-35
-288
-443
-407
-302
-78
214
392
417
367
320
320
428
672
945
1212
1406
1470
1564
1546
1527
1511
1363
1205
1139
1126
1181
1206
1165
1019
746
557
345
234
243
273
300
220
197
128
86
153
180
192
216
284
283
333
407
421
451
395
363
333
375
333
271
161
32
-17
-52
-112
-82
82
317
534
537
333
24
-236
-395
-333
22
425
683
563
35
-693
-1343
-1759
-1903
-1870
-1796
-1819
-1954
-2198
-2513
-2893
-3143
-3227
-3272
-3223
-2940
-2568
-2176
-1933
-1866
-1825
-1766
-1560
-1147
-613
-78
457
786
897
909
940
1063
1195
1424
1512
1459
1422
1191
948
601
398
195
59
0
-178
-351
-460
-577
-723
-794
-760
-589
-347
-91
112
277
476
696
867
1144
1478
1797
2084
2235
2287
2288
2301
2275
2287
2246
2229
2194
2012
1832
1564
1277
1131
894
707
609
551
537
501
413
330
237
231
273
424
661
864
1050
1013
955
830
825
922
1031
1134
1103
1029
734
540
339
220
153
126
439
741
1127
932
329
-416
-1081
-1176
-834
-70
651
904
245
-1012
-2376
-3236
-3323
-2878
-2275
-2121
-2376
-2968
-3718
-4338
-4624
-4576
-4226
-3775
-3486
-3191
-2875
-2727
-2703
-2840
-2800
-2247
-1405
-439
361
775
737
381
0
-7
688
1602
2408
2581
2106
1216
383
3
-66
248
515
610
295
-349
-1080
-1625
-1694
-1567
-1260
-813
-298
147
271
206
73
81
397
1043
1860
2594
3109
3152
2856
2461
2381
2598
2962
3281
3338
3182
2807
2427
2092
1742
1644
1488
1371
1315
1104
957
833
659
497
425
529
894
1121
1377
1473
1394
1455
1457
1626
1730
1832
1990
1897
1696
1426
1153
935
778
539
323
307
608
1146
1403
1027
63
-1093
-1704
-1697
-984
29
728
606
-659
-2493
-4002
-4308
-3717
-2648
-1869
-2039
-2913
-4118
-5006
-5314
-5023
-4319
-3639
-3392
-3490
-3716
-3840
-3672
-3500
-3112
-2525
-1706
-820
-223
-95
-278
-478
-638
-293
470
1439
2198
2300
1689
662
-189
-480
-96
523
945
812
148
-790
-1661
-2139
-1933
-1311
-748
-354
-289
-417
-488
-442
-231
238
878
1552
2118
2447
2587
2536
2477
2549
2778
3144
3522
3638
3370
2933
2447
2210
2283
2477
2596
2358
1861
1185
688
599
913
1355
1580
1542
1224
894
785
1057
1547
2057
2499
2400
2243
2060
2024
2139
2439
2747
2627
2516
1929
1438
946
783
736
802
1452
1990
1970
934
-468
-1661
-1915
-1285
-212
836
1179
302
-1721
-3650
-4544
-3966
-2546
-1467
-1473
-2742
-4504
-5692
-5925
-5144
-3954
-3010
-2867
-3617
-4607
-5194
-4906
-3890
-2869
-2096
-1588
-1372
-1349
-1483
-1559
-1304
-853
-275
334
751
963
749
304
-173
-462
-336
36
435
340
-231
-1061
-1717
-1918
-1779
-1448
-1207
-1062
-1243
-1567
-1561
-1144
-544
59
561
756
948
1244
1604
2030
2488
2866
3009
3010
3109
3135
3233
3391
3408
3271
3001
2778
2606
2415
2276
2061
1802
1710
1643
1663
1641
1571
1407
1307
1317
1641
2024
2397
2641
2592
2491
2263
2396
2682
2998
3175
3021
2814
2486
2248
1920
1687
1525
1353
1111
1232
1812
2355
2128
805
-779
-1655
-1406
-442
730
1269
769
-855
-2938
-4312
-4206
-2840
-1490
-1173
-2356
-4379
-5951
-6197
-5228
-3905
-2948
-2970
-3851
-5067
-5855
-5595
-4427
-3050
-2250
-2130
-2318
-2566
-2648
-2254
-1572
-861
-309
9
-85
-237
-262
-251
-76
145
400
211
-106
-541
-1108
-1527
-1640
-1393
-1146
-976
-1090
-1541
-1984
-2012
-1709
-1038
-90
533
634
429
300
405
966
1973
2891
3382
3353
2918
2513
2416
2799
3383
3839
3968
3614
2991
2439
2205
2240
2412
2480
2385
2118
1697
1450
1360
1409
1565
1778
1916
1962
2074
2230
2273
2367
2659
2865
2971
3025
2959
2757
2789
2915
3038
2872
2501
1878
1219
904
981
1609
2508
2957
2062
273
-1379
-1743
-991
379
1491
1572
529
-1477
-3477
-4336
-3544
-1962
-936
-1396
-3133
-5156
-6148
-5745
-4478
-3310
-2843
-3436
-4627
-5661
-5977
-5226
-3808
-2564
-2130
-2426
-2877
-3198
-3058
-2447
-1518
-693
-247
-170
-532
-910
-972
-630
-166
335
558
290
-368
-1217
-1908
-2232
-1865
-1137
-583
-632
-1287
-2079
-2683
-2545
-1635
-470
488
742
381
-378
-762
-244
924
2274
3245
3344
2710
1955
1598
1924
2786
3748
4266
3976
3245
2456
1985
2035
2454
2797
2756
2338
1808
1385
1254
1452
1773
2080
2228
2173
2111
2150
2324
2462
2550
2665
2955
3225
3218
3139
2969
2944
3107
3195
3093
2729
2238
1745
1351
1347
2003
3003
3380
2455
595
-1070
-1364
-414
1066
1985
1899
635
-1490
-3276
-3804
-2889
-1422
-673
-1393
-3328
-5295
-5995
-5285
-4018
-3074
-3067
-3986
-5117
-5839
-5748
-4911
-3665
-2800
-2680
-3080
-3600
-3720
-3242
-2387
-1533
-1037
-972
-1205
-1408
-1466
-1312
-877
-393
-89
-84
-378
-959
-1459
-1748
-1832
-1659
-1367
-1089
-1116
-1518
-2102
-2448
-2241
-1344
-343
230
337
-83
-611
-694
5
1231
2404
2992
2785
2072
1418
1458
2204
3203
3913
3928
3373
2639
2210
2169
2563
3054
3117
2757
2196
1673
1552
1847
2138
2305
2356
2312
2301
2487
2681
2761
2811
2825
2907
3043
3304
3389
3297
3129
3033
2976
2916
2870
2616
2264
1776
1496
1695
2443
3311
3174
1809
-33
-1123
-883
410
1809
2196
1402
-388
-2300
-3370
-3088
-1806
-752
-752
-2081
-3984
-5329
-5321
-4261
-3027
-2579
-3356
-4659
-5705
-5850
-5199
-4136
-3319
-3074
-3328
-3816
-4098
-3944
-3272
-2357
-1645
-1324
-1436
-1672
-1739
-1575
-1114
-774
-584
-516
-642
-814
-931
-1001
-1134
-1239
-1319
-1330
-1240
-1157
-1273
-1501
-1662
-1533
-1070
-484
-27
1
-268
-491
-496
22
886
1763
2084
1835
1392
1130
1343
2099
3013
3395
3247
2724
2173
1989
2176
2584
2929
2985
2788
2357
2013
1977
2110
2295
2457
2548
2492
2444
2512
2642
2732
2831
2865
2919
3043
3150
3138
3023
2943
2891
2985
3060
2974
2724
2308
1964
1602
1485
1750
2282
2732
2632
1819
401
-610
-609
464
1721
2195
1574
13
-1485
-2350
-2105
-1272
-587
-621
-1692
-3093
-4193
-4394
-3909
-3177
-2819
-3258
-4141
-5077
-5355
-5029
-4410
-3836
-3602
-3630
-3839
-3930
-3862
-3635
-3311
-3058
-2687
-2244
-1852
-1651
-1766
-1998
-2107
-1891
-1470
-966
-692
-705
-964
-1319
-1582
-1539
-1179
-841
-615
-771
-1121
-1327
-1127
-720
-257
130
114
-123
-256
-79
430
1078
1487
1533
1355
1278
1460
1843
2287
2643
2744
2599
2500
2453
2420
2369
2317
2212
2197
2287
2332
2291
2059
1774
1636
1776
2188
2600
2840
2790
2578
2355
2372
2667
3068
3280
3176
2925
2742
2705
2749
2836
2881
2718
2360
2069
1891
1759
1701
1664
1565
1667
1858
1858
1565
1064
498
257
439
782
1038
850
290
-311
-897
-1160
-1159
-1168
-1271
-1595
-2040
-2394
-2637
-2820
-3052
-3214
-3358
-3498
-3630
-3766
-3923
-4017
-3977
-3867
-3777
-3733
-3789
-3854
-3781
-3632
-3362
-3106
-3027
-2887
-2852
-2843
-2739
-2609
-2493
-2358
-2141
-1923
-1797
-1757
-1763
-1715
-1578
-1341
-1174
-1149
-1022
-841
-717
-481
-259
-157
-107
53
295
615
858
933
886
818
922
1128
1438
1716
1819
1780
1769
1707
1691
1707
1724
1814
2020
2129
2170
2151
2066
2059
2136
2277
2471
2655
2849
2940
2985
2972
2912
2892
2960
3109
3226
3253
3215
3113
2997
2924
2886
2845
2756
2620
2364
2191
2092
2028
1868
1690
1592
1712
1916
1960
1691
1232
901
792
973
1211
1367
1287
1087
701
214
-246
-628
-858
-930
-1035
-1314
-1726
-2322
-2850
-3104
-3247
-3424
-3734
-4075
-4240
-4143
-3836
-3658
-3685
-3979
-4352
-4474
-4206
-3694
-3234
-3079
-3258
-3550
-3648
-3471
-3124
-2824
-2659
-2673
-2723
-2568
-2378
-2309
-2245
-2157
-2075
-1871
-1637
-1438
-1357
-1347
-1220
-1082
-867
-619
-424
-197
84
312
475
545
498
610
897
1282
1569
1651
1553
1482
1531
1668
1815
1770
1663
1656
1861
2116
2233
2208
1991
1841
1990
2260
2609
2846
2863
2807
2827
2945
3145
3304
3420
3480
3491
3468
3424
3395
3404
3393
3315
3222
3130
2990
2818
2649
2471
2395
2305
2219
2209
2189
2210
2142
1911
1547
1264
1129
1198
1226
1205
1154
991
840
557
131
-346
-891
-1226
-1281
-1346
-1545
-1922
-2487
-2983
-3257
-3469
-3760
-4044
-4200
-4205
-3952
-3768
-3827
-4154
-4540
-4655
-4390
-3888
-3448
-3312
-3494
-3805
-3928
-3743
-3363
-2944
-2783
-2825
-2911
-2901
-2628
-2309
-2140
-2150
-2249
-2175
-1938
-1539
-1218
-1091
-1115
-1104
-921
-666
-354
-60
144
268
420
560
684
783
831
895
1075
1329
1496
1577
1566
1504
1483
1434
1473
1597
1838
2111
2326
2294
2137
1971
2000
2273
2685
3064
3158
3047
2895
2904
3051
3242
3382
3369
3344
3339
3341
3413
3432
3309
3182
3142
3126
3108
3032
2827
2541
2290
2153
2102
2063
2064
2131
2139
1979
1646
1233
1019
1015
1090
1157
1071
946
822
604
284
-147
-752
-1297
-1505
-1431
-1436
-1663
-2148
-2755
-3231
-3494
-3623
-3805
-3917
-3943
-3842
-3687
-3668
-3826
-4164
-4425
-4297
-3874
-3430
-3218
-3396
-3723
-3877
-3650
-3235
-2901
-2776
-2831
-2967
-2918
-2554
-2241
-2095
-2079
-2232
-2240
-2025
-1714
-1376
-1209
-1116
-1044
-966
-778
-544
-277
22
176
240
274
334
506
681
833
933
1020
1093
1137
1218
1284
1323
1362
1435
1549
1669
1875
2075
2134
2089
2049
2086
2239
2513
2811
2975
3057
3067
3083
3134
3269
3409
3492
3556
3543
3504
3477
3436
3317
3267
3213
3121
3099
3096
2944
2672
2446
2217
2104
2049
2080
2096
2123
2108
1940
1615
1316
1137
1002
1007
1003
944
943
876
585
107
-458
-999
-1388
-1445
-1325
-1458
-1862
-2487
-3074
-3383
-3496
-3578
-3764
-3931
-3999
-3893
-3770
-3724
-3894
-4239
-4385
-4271
-3882
-3585
-3508
-3600
-3791
-3788
-3530
-3240
-3101
-3140
-3143
-3047
-2770
-2421
-2274
-2246
-2321
-2391
-2208
-1873
-1484
-1256
-1137
-1092
-1113
-1023
-798
-401
-122
139
283
217
194
356
610
832
1097
1229
1217
1232
1199
1290
1485
1707
1903
1917
1969
2036
2148
2293
2397
2451
2480
2529
2672
2860
2990
3075
3134
3081
3065
3162
3240
3338
3352
3307
3280
3212
3186
3184
3156
3071
2987
2909
2826
2725
2531
2313
2116
1971
1867
1737
1680
1716
1818
1905
1788
1459
1090
846
798
874
938
968
1001
872
514
14
-634
-1120
-1373
-1329
-1177
-1315
-1714
-2350
-2981
-3261
-3301
-3377
-3484
-3718
-3879
-3809
-3713
-3665
-3772
-4046
-4203
-4148
-3876
-3538
-3398
-3517
-3627
-3600
-3437
-3199
-3054
-3042
-3077
-3034
-2817
-2555
-2377
-2323
-2432
-2413
-2150
-1897
-1556
-1303
-1246
-1188
-1124
-971
-721
-406
-102
113
170
203
213
302
546
818
1036
1126
1130
1053
1088
1294
1568
1831
1933
1873
1798
1882
2139
2364
2497
2536
2485
2465
2611
2800
2961
3036
3033
3005
3038
3162
3283
3346
3357
3310
3216
3192
3177
3188
3199
3147
2999
2835
2714
2609
2520
2457
2291
2082
1808
1535
1456
1597
1844
1995
1892
1449
1042
880
856
966
1131
1186
1162
953
523
-41
-651
-1075
-1184
-1000
-879
-1180
-1698
-2399
-2975
-3104
-3168
-3341
-3533
-3791
-3905
-3847
-3772
-3762
-3940
-4204
-4294
-4182
-3962
-3724
-3655
-3694
-3698
-3593
-3436
-3273
-3205
-3186
-3131
-2984
-2741
-2544
-2472
-2491
-2478
-2319
-2047
-1733
-1485
-1391
-1300
-1156
-957
-679
-441
-253
-115
-44
97
234
339
577
843
999
1131
1193
1192
1303
1517
1807
2000
2057
2046
1942
1908
2121
2351
2487
2547
2444
2423
2441
2550
2708
2800
2831
2813
2852
2938
3100
3146
3020
2911
2846
2846
2914
2947
2974
2896
2700
2603
2487
2424
2427
2286
2153
1976
1785
1658
1556
1536
1727
1904
1808
1528
1178
923
910
1063
1217
1232
1210
1101
839
424
-116
-664
-1034
-1051
-891
-876
-1251
-1816
-2438
-2763
-2837
-2999
-3203
-3465
-3647
-3625
-3444
-3377
-3545
-3890
-4203
-4240
-3976
-3601
-3362
-3381
-3470
-3481
-3369
-3231
-3169
-3167
-3154
-3008
-2713
-2463
-2393
-2474
-2590
-2487
-2135
-1698
-1483
-1417
-1326
-1260
-1106
-840
-595
-427
-273
-89
39
181
323
407
524
733
894
978
1003
1086
1280
1525
1696
1727
1741
1699
1708
1844
1974
2111
2190
2176
2116
2167
2262
2329
2426
2509
2577
2688
2806
2880
2931
2904
2847
2771
2836
2964
2966
2982
2894
2761
2625
2524
2506
2504
2440
2362
2171
1909
1799
1759
1866
2143
2281
2149
1702
1291
1127
1158
1338
1467
1404
1320
1162
861
454
-59
-511
-769
-826
-734
-858
-1250
-1814
-2462
-2746
-2851
-3030
-3294
-3565
-3714
-3664
-3519
-3457
-3547
-3838
-4113
-4078
-3835
-3484
-3306
-3379
-3463
-3481
-3332
-3188
-3158
-3126
-3074
-2966
-2646
-2419
-2306
-2282
-2319
-2238
-1953
-1583
-1331
-1273
-1195
-1043
-827
-652
-517
-335
-245
-13
220
383
457
534
614
746
1040
1157
1223
1225
1258
1346
1449
1554
1558
1568
1587
1660
1781
1853
1840
1850
1824
1910
2069
2135
2173
2207
2211
2232
2360
2505
2577
2597
2593
2518
2435
2462
2512
2531
2538
2488
2388
2223
2101
2161
2218
2160
1996
1747
1527
1452
1588
1771
1993
2103
1863
1448
1138
1114
1189
1347
1437
1369
1298
1166
853
368
-87
-492
-751
-681
-545
-718
-1118
-1685
-2233
-2545
-2677
-2860
-3117
-3297
-3344
-3263
-3109
-3076
-3329
-3639
-3880
-3832
-3522
-3206
-3088
-3208
-3325
-3307
-3115
-2986
-2905
-2893
-2866
-2730
-2503
-2318
-2209
-2233
-2263
-2116
-1920
-1649
-1411
-1281
-1174
-1012
-842
-714
-588
-462
-301
-80
230
341
348
438
560
627
813
1016
1007
1040
1109
1241
1349
1489
1572
1543
1556
1614
1705
1815
1990
2059
2085
2080
2113
2185
2213
2337
2403
2428
2553
2597
2606
2609
2608
2562
2559
2619
2627
2601
2544
2462
2409
2289
2267
2243
2165
2085
1920
1795
1666
1618
1707
1895
2097
2069
1721
1291
1054
1057
1262
1392
1308
1239
1111
863
539
92
-430
-836
-1025
-947
-939
-1154
-1652
-2311
-2740
-2872
-2994
-3189
-3369
-3532
-3566
-3418
-3237
-3320
-3601
-3893
-3963
-3760
-3362
-3088
-3127
-3265
-3293
-3153
-2931
-2772
-2726
-2756
-2729
-2561
-2309
-2171
-2073
-2091
-2079
-1900
-1613
-1346
-1204
-1032
-925
-809
-660
-453
-273
-183
16
260
435
677
758
683
726
844
980
1177
1279
1278
1271
1360
1534
1703
1772
1711
1655
1648
1761
1895
1955
2017
2000
1961
1993
2029
2161
2176
2190
2298
2419
2513
2563
2511
2374
2331
2337
2312
2307
2271
2144
2063
2046
2095
2052
1971
1836
1643
1560
1525
1490
1516
1620
1742
1849
1760
1470
1164
1000
1045
1173
1270
1304
1289
1097
820
434
-43
-464
-709
-748
-733
-785
-1079
-1621
-2183
-2521
-2748
-2986
-3097
-3256
-3283
-3180
-3105
-3076
-3284
-3537
-3687
-3618
-3304
-3011
-2918
-3013
-3077
-3017
-2884
-2757
-2706
-2731
-2763
-2653
-2439
-2174
-2054
-2083
-2151
-2062
-1825
-1631
-1467
-1357
-1281
-1082
-842
-639
-494
-362
-231
-69
181
357
455
559
670
820
968
1053
1065
1080
1218
1346
1467
1571
1593
1590
1608
1708
1771
1783
1836
1886
1912
2044
2077
2044
2080
2087
2088
2143
2227
2343
2484
2481
2466
2411
2272
2203
2234
2256
2295
2258
2134
2025
1942
1867
1769
1699
1622
1579
1549
1463
1418
1438
1617
1745
1650
1382
1052
955
1017
1118
1184
1238
1193
1011
752
401
-49
-468
-741
-776
-760
-827
-1108
-1648
-2186
-2509
-2688
-2835
-2965
-3114
-3263
-3302
-3204
-3161
-3205
-3314
-3452
-3437
-3200
-2983
-2920
-2966
-3025
-2952
-2788
-2638
-2575
-2601
-2643
-2598
-2423
-2130
-1961
-1949
-1976
-1960
-1763
-1581
-1403
-1262
-1196
-1030
-800
-595
-395
-276
-248
-105
84
308
549
693
807
830
859
1002
1047
1115
1282
1324
1397
1551
1555
1550
1574
1559
1595
1684
1734
1813
1869
1902
1948
1949
2003
2014
1973
2027
2157
2344
2410
2438
2387
2218
2129
2143
2173
2210
2199
2170
2087
2024
1999
1899
1812
1666
1602
1568
1535
1550
1398
1314
1420
1553
1616
1455
1177
853
721
873
1021
1121
1082
902
649
406
118
-200
-508
-647
-749
-842
-1015
-1378
-1836
-2206
-2489
-2672
-2839
-3074
-3281
-3338
-3218
-3129
-3057
-3114
-3242
-3368
-3332
-3197
-3034
-2982
-2942
-2855
-2813
-2708
-2620
-2562
-2614
-2664
-2563
-2311
-1999
-1821
-1803
-1827
-1814
-1610
-1375
-1144
-932
-844
-711
-512
-280
-88
26
121
170
351
618
796
951
1009
1061
1100
1135
1280
1361
1380
1436
1465
1489
1564
1547
1512
1575
1598
1644
1672
1706
1700
1699
1818
1865
1841
1821
1798
1846
1958
2078
2109
2002
1917
1865
1883
1948
2036
2015
1917
1868
1872
1845
1808
1731
1540
1394
1346
1380
1469
1418
1277
1208
1228
1410
1544
1428
1140
858
808
887
1036
1142
1066
944
650
376
178
-181
-438
-669
-907
-1034
-1172
-1408
-1778
-2065
-2397
-2740
-2930
-3080
-3171
-3190
-3174
-3125
-3099
-3132
-3238
-3375
-3349
-3231
-3087
-3011
-2922
-2894
-2821
-2681
-2611
-2551
-2611
-2631
-2505
-2265
-2021
-1799
-1697
-1711
-1613
-1418
-1156
-931
-743
-658
-579
-327
0
278
382
467
568
669
879
1112
1205
1244
1248
1334
1478
1667
1804
1724
1723
1749
1733
1770
1822
1810
1853
1868
1836
1810
1787
1729
1718
1787
1871
1857
1824
1821
1850
1883
1911
1886
1825
1788
1784
1845
1867
1821
1725
1608
1491
1507
1474
1387
1337
1229
1164
1246
1251
1154
1037
809
706
801
994
1115
1031
829
607
513
560
666
641
531
420
263
98
-57
-329
-670
-986
-1253
-1331
-1303
-1443
-1713
-2056
-2380
-2662
-2810
-2862
-2984
-3021
-3030
-3063
-2983
-2859
-2881
-3019
-3093
-3052
-2959
-2834
-2717
-2630
-2583
-2527
-2412
-2300
-2194
-2131
-2152
-2056
-1847
-1681
-1483
-1366
-1249
-1147
-1016
-826
-637
-462
-338
-160
91
284
472
681
818
959
1050
1145
1223
1323
1460
1560
1651
1704
1736
1777
1809
1804
1761
1680
1717
1747
1828
1947
1945
1867
1771
1751
1735
1803
1814
1754
1713
1766
1887
1968
1883
1788
1716
1654
1698
1746
1793
1708
1633
1533
1487
1586
1496
1340
1263
1180
1175
1188
1076
919
735
562
525
581
590
613
553
452
384
284
190
94
25
-25
-69
-59
-88
-271
-476
-783
-1129
-1340
-1454
-1534
-1579
-1709
-1953
-2126
-2351
-2524
-2604
-2667
-2744
-2779
-2849
-2841
-2793
-2761
-2730
-2720
-2702
-2685
-2674
-2619
-2517
-2434
-2389
-2286
-2162
-2052
-1940
-1923
-1839
-1754
-1671
-1528
-1280
-1045
-888
-778
-703
-571
-396
-198
-5
164
297
471
673
873
1044
1112
1091
1146
1244
1386
1546
1664
1725
1656
1697
1778
1830
1909
1856
1812
1819
1865
1932
1929
1831
1724
1680
1694
1780
1895
1889
1854
1823
1852
1830
1849
1814
1776
1660
1674
1997
2132
2126
1657
1153
660
570
729
1138
1808
1932
1737
951
58
-531
-647
-252
307
729
709
307
-167
-419
-354
11
474
733
521
44
-484
-611
-341
258
875
1089
728
-133
-999
-1617
-1729
-1699
-1616
-1605
-1766
-2015
-2329
-2717
-3131
-3559
-4003
-4183
-4222
-4001
-3572
-3293
-3195
-3371
-3673
-3780
-3560
-3081
-2492
-1831
-1398
-1085
-772
-507
-334
-203
-190
-32
311
775
1354
1726
1885
1764
1418
1097
749
670
820
1057
1370
1408
1160
656
63
-460
-721
-625
-361
17
204
268
99
-62
-55
-63
116
427
883
1473
1967
2335
2486
2476
2345
2258
2386
2572
2812
2990
2992
2822
2419
1982
1530
1251
1101
1037
1074
991
829
533
93
-234
-408
-311
-28
225
474
579
723
823
1049
1224
1347
1425
1379
1400
1668
2396
3636
4605
4750
3779
2111
687
-105
-37
537
1624
2334
1655
-183
-2575
-4427
-5379
-5811
-5935
-5795
-5473
-5225
-5155
-5075
-5120
-5316
-6057
-6771
-6600
-5422
-3537
-1572
-68
687
645
323
61
300
922
1562
2202
2847
3197
3354
3382
2965
1989
518
-897
-1598
-1488
-1040
-479
-229
-599
-1698
-3036
-3883
-4014
-3538
-3036
-2415
-1620
-787
-34
507
924
1043
885
829
1155
2045
3263
4400
5035
5016
4450
3635
2958
2541
2292
2161
2099
1986
1779
1533
1218
602
-223
-1162
-1828
-2011
-1768
-1258
-755
-429
-250
-223
-100
274
655
1042
1373
1786
2256
2883
3663
4338
4541
4301
3848
3346
3032
3029
3065
2973
2857
2441
1736
1343
1202
1183
1421
1120
321
-768
-1773
-2593
-2626
-2117
-1683
-1246
-1519
-2524
-3589
-4469
-5105
-5272
-5355
-5403
-5167
-4781
-4232
-3575
-3184
-3242
-3544
-3937
-3975
-3305
-2256
-1040
-12
695
1044
1264
1236
1223
1171
1047
797
523
505
684
1017
1057
780
-3
-1022
-1970
-2738
-2853
-2654
-2593
-2415
-2201
-2120
-1821
-1474
-1555
-1517
-1264
-1129
-422
752
1915
2988
3754
3847
3646
3387
3248
3327
3429
3541
3620
3469
3185
2828
2259
1726
1065
54
-666
-1037
-1149
-860
-613
-516
-682
-896
-1223
-1302
-1038
-587
84
878
1682
2533
3218
3761
3901
3654
3414
3402
3690
4090
4545
4572
4359
3771
3084
2340
1642
1034
386
-169
-386
-251
10
745
848
340
-538
-1700
-2842
-3213
-2928
-2305
-1299
-752
-968
-1521
-2309
-3287
-3935
-4505
-4769
-4682
-4445
-3868
-3011
-2373
-1908
-2041
-2707
-3150
-3481
-3390
-2792
-1925
-1042
-162
404
770
940
934
683
-3
-659
-1156
-1190
-929
-391
114
92
-26
-663
-1119
-1469
-2116
-2380
-2619
-3000
-2867
-2064
-1527
-541
408
322
107
84
-75
253
1224
1886
2474
2906
3248
3577
3709
3775
3588
2869
2294
1717
1186
1259
1425
1394
1266
1083
616
272
40
-169
-242
-431
-523
-444
-120
297
926
1402
1960
2295
2341
2586
2882
2933
2904
3123
3206
3301
3568
3765
3722
3218
2717
2177
1438
1047
785
349
-74
-196
-35
143
958
1131
919
295
-745
-1886
-2267
-2158
-1663
-1033
-765
-429
-1277
-1525
-2615
-3099
-4104
-4740
-4984
-5458
-4368
-3875
-2656
-2317
-1912
-2439
-2880
-3127
-3326
-2825
-2468
-1605
-1084
-203
613
1230
1682
1607
947
34
-771
-1073
-1312
-842
-506
-330
-164
-301
-419
-1074
-1627
-2462
-3218
-3750
-3663
-3301
-2547
-1256
-482
184
385
523
577
774
1250
1454
2046
2426
3033
3504
3966
4583
4583
4270
3559
2702
1860
1308
1018
802
849
977
1017
1010
851
389
-6
-562
-997
-1256
-1237
-869
-189
730
1533
2325
2794
3050
3076
2884
2758
2618
2719
2896
3167
3524
3644
3508
3318
2876
2202
1611
893
195
-232
-613
-545
-421
274
595
547
396
-213
-956
-1829
-2016
-2385
-2391
-2031
-1894
-1748
-1676
-1473
-2038
-2730
-3354
-3511
-4286
-4845
-4009
-3601
-3008
-2578
-2074
-1628
-1646
-1644
-1896
-1489
-1612
-1843
-1305
-853
-334
74
578
866
427
-9
-365
-910
-1402
-1707
-1621
-1637
-1580
-1353
-1218
-1359
-1563
-1803
-2079
-2468
-2691
-2416
-1990
-1468
-1008
-350
398
1010
1510
2004
2387
2485
2569
2779
2810
2904
3138
3327
3359
3250
3051
2610
2013
1540
1006
628
569
402
599
658
630
406
228
71
-86
-38
100
425
712
1202
1714
2284
2625
2797
3015
2978
3002
3267
3466
3479
3411
3165
2837
2638
2327
2141
1905
1445
981
483
64
76
-33
-127
58
40
-105
-155
-295
-651
-776
-1082
-1434
-1599
-1811
-1977
-2064
-2257
-2510
-2886
-3437
-3754
-4056
-4265
-4252
-4190
-3999
-3577
-3242
-3004
-2603
-2318
-2320
-2119
-1805
-1637
-1301
-961
-417
-177
-176
147
301
25
-68
-40
-304
-604
-882
-1036
-1103
-1010
-1156
-1118
-1271
-1926
-2108
-2401
-2588
-2435
-2013
-1476
-1141
-597
-124
475
1082
1589
2126
2256
2391
2734
2912
3210
3519
3656
3780
3577
3301
2973
2538
2071
1433
1008
619
393
405
445
419
211
-50
-358
-787
-883
-781
-640
-142
320
969
1601
2203
2689
2953
3223
3116
3043
3171
3299
3411
3356
3293
3062
2782
2611
2364
1984
1566
995
525
151
-23
-48
42
182
89
76
-132
-438
-685
-1036
-1392
-1706
-2011
-2159
-2205
-2328
-2350
-2614
-3022
-3350
-3711
-3944
-4005
-3967
-3884
-3655
-3426
-3016
-2611
-2303
-2080
-1939
-1843
-1720
-1421
-1146
-725
-353
-233
-137
-31
-119
-104
-177
-324
-453
-719
-1010
-1252
-1330
-1547
-1669
-1823
-2124
-2268
-2449
-2452
-2181
-1835
-1322
-945
-502
-49
396
998
1558
2212
2709
3120
3381
3505
3678
3737
3534
3499
3318
2951
2608
2339
1973
1492
1158
737
249
-203
-383
-450
-537
-602
-534
-665
-826
-798
-674
-315
114
795
1494
2208
2760
3183
3567
3700
3717
3701
3666
3565
3412
3219
3091
2893
2706
2382
2048
1631
1087
473
4
-228
-512
-488
-299
-240
-171
-195
-273
-374
-492
-661
-908
-1148
-1370
-1527
-1674
-1743
-1884
-2169
-2561
-2903
-3202
-3470
-3629
-3766
-3833
-3846
-3887
-3706
-3467
-3217
-2983
-2665
-2408
-2285
-2046
-1732
-1294
-1157
-905
-763
-734
-529
-408
-256
-105
-37
-291
-556
-677
-951
-1026
-1239
-1441
-1562
-1909
-2050
-1980
-1791
-1572
-1344
-938
-695
-247
297
945
1686
2002
2498
2843
3000
3284
3369
3469
3539
3436
3321
3124
2764
2440
2007
1659
1145
837
509
216
119
-143
-166
-398
-514
-548
-664
-615
-407
-62
456
1011
1724
2335
2757
3140
3351
3636
3740
3888
3949
3881
3736
3456
3054
2779
2312
1922
1598
1024
645
188
-108
-374
-523
-586
-663
-516
-629
-564
-430
-452
-418
-639
-824
-1131
-1464
-1591
-1680
-1803
-2029
-2280
-2597
-2994
-3153
-3392
-3601
-3673
-3916
-3938
-3922
-3828
-3560
-3375
-3199
-3045
-2932
-2661
-2340
-1955
-1473
-1082
-814
-541
-306
-127
99
303
351
419
301
10
12
-302
-570
-687
-1070
-1294
-1519
-1670
-1595
-1528
-1384
-1235
-942
-692
-323
100
438
1015
1451
1738
2152
2480
2579
2796
2881
2907
2859
2677
2486
2268
2052
1793
1555
1257
951
667
419
223
-13
-201
-346
-440
-496
-420
-256
13
402
860
1398
1890
2332
2777
3147
3472
3756
3939
4002
3954
3804
3583
3419
3145
2850
2531
2216
1786
1363
1000
654
387
80
26
-143
-268
-290
-381
-391
-451
-448
-514
-727
-964
-1286
-1493
-1708
-1925
-2068
-2478
-2813
-3133
-3377
-3464
-3672
-3714
-3795
-3977
-4062
-4032
-3896
-3712
-3553
-3310
-3064
-2754
-2311
-1901
-1417
-1152
-892
-622
-528
-261
-34
171
277
325
309
112
-10
-288
-694
-975
-1428
-1691
-1855
-2029
-1998
-1942
-1793
-1704
-1501
-1205
-914
-494
-48
442
1000
1447
2015
2504
2838
3071
3131
3163
3109
3015
2947
2849
2631
2357
2116
1874
1581
1289
958
610
165
-205
-419
-599
-588
-546
-451
-262
-8
354
864
1359
1804
2280
2646
3059
3445
3797
4056
4190
4208
4058
3872
3625
3323
3035
2652
2189
1686
1207
860
602
402
201
11
-230
-462
-679
-842
-922
-961
-994
-1064
-1160
-1358
-1508
-1656
-1867
-1995
-2222
-2590
-2749
-2925
-3055
-3100
-3142
-3198
-3401
-3519
-3626
-3606
-3521
-3411
-3222
-3063
-2809
-2534
-2300
-1880
-1581
-1416
-1139
-941
-751
-535
-343
-169
-101
-138
-234
-403
-613
-818
-963
-1203
-1425
-1639
-1740
-1729
-1685
-1572
-1300
-1135
-992
-633
-273
50
486
933
1353
1748
2114
2459
2750
2947
3004
3051
2928
2737
2540
2338
2180
1909
1680
1450
1176
908
652
377
54
-264
-479
-637
-567
-402
-126
245
511
932
1451
1891
2310
2676
2946
3193
3432
3691
3978
4160
4008
3849
3571
3199
2908
2522
2145
1743
1240
871
611
392
266
141
-55
-302
-484
-690
-768
-739
-747
-832
-1020
-1168
-1326
-1444
-1505
-1576
-1756
-2089
-2365
-2623
-2786
-2871
-2930
-3014
-3075
-3152
-3243
-3202
-3202
-3250
-3271
-3272
-3233
-3074
-2812
-2536
-2153
-1889
-1640
-1357
-1162
-872
-606
-502
-398
-429
-558
-587
-713
-765
-861
-1115
-1341
-1472
-1599
-1590
-1515
-1439
-1369
-1316
-1157
-855
-467
-129
261
626
940
1303
1635
1978
2313
2473
2578
2722
2700
2709
2688
2585
2467
2208
1936
1742
1540
1345
1173
918
670
392
188
98
45
62
104
350
605
971
1364
1765
2146
2428
2733
2980
3263
3568
3746
3912
3935
3792
3545
3239
2929
2567
2226
1879
1480
1078
793
520
354
216
49
-134
-340
-552
-666
-666
-814
-941
-1055
-1254
-1419
-1503
-1597
-1652
-1769
-2002
-2175
-2359
-2481
-2578
-2686
-2773
-2896
-3040
-3053
-3089
-3061
-2987
-2950
-2991
-2986
-2872
-2753
-2487
-2258
-2049
-1825
-1667
-1490
-1325
-1139
-991
-918
-908
-894
-940
-955
-957
-1092
-1218
-1387
-1528
-1584
-1597
-1490
-1400
-1340
-1249
-1104
-902
-612
-314
41
419
753
1027
1360
1664
1904
2081
2166
2199
2260
2302
2347
2395
2325
2166
1984
1805
1627
1433
1240
1070
880
659
486
421
391
421
549
649
909
1135
1409
1891
2264
2544
2796
3201
3408
3461
3694
3818
3786
3620
3416
3226
2993
2617
2282
2049
1744
1353
1055
899
754
619
415
219
77
-119
-379
-530
-551
-645
-816
-1041
-1198
-1283
-1537
-1698
-1775
-1930
-2172
-2398
-2452
-2464
-2585
-2704
-2842
-2995
-3178
-3314
-3343
-3326
-3239
-3183
-3122
-2933
-2750
-2631
-2439
-2236
-2059
-1902
-1823
-1635
-1489
-1386
-1233
-1113
-1061
-1085
-1104
-1158
-1194
-1281
-1427
-1481
-1497
-1534
-1503
-1425
-1285
-1178
-1027
-817
-502
-216
60
392
681
950
1214
1474
1742
2001
2120
2177
2218
2224
2198
2110
2042
1967
1867
1758
1637
1536
1379
1181
1001
826
676
583
521
561
712
820
1008
1302
1564
1866
2214
2526
2823
3056
3282
3521
3636
3666
3641
3589
3443
3155
2893
2631
2301
1957
1695
1482
1227
997
880
711
475
283
92
-175
-389
-510
-597
-741
-896
-1038
-1245
-1462
-1574
-1576
-1675
-1823
-1918
-2055
-2206
-2275
-2299
-2382
-2533
-2622
-2721
-2877
-2933
-2917
-2966
-3032
-3021
-2968
-2925
-2824
-2646
-2447
-2252
-2055
-1878
-1704
-1606
-1532
-1466
-1376
-1284
-1205
-1155
-1129
-1145
-1215
-1322
-1345
-1379
-1427
-1401
-1359
-1178
-1014
-809
-569
-353
-165
29
221
406
650
834
992
1255
1395
1514
1669
1720
1793
1865
1858
1839
1855
1797
1719
1669
1516
1387
1258
1091
984
879
725
706
747
783
921
1110
1359
1625
1928
2224
2518
2730
2903
3056
3190
3283
3357
3350
3261
3125
2931
2750
2551
2329
2118
1888
1685
1499
1314
1165
1030
836
601
378
177
-9
-239
-415
-539
-750
-915
-1090
-1163
-1228
-1293
-1379
-1548
-1709
-1856
-1961
-2033
-2130
-2270
-2362
-2460
-2591
-2663
-2718
-2798
-2893
-2935
-2975
-2977
-2958
-2920
-2828
-2738
-2599
-2437
-2226
-2048
-1889
-1785
-1765
-1753
-1727
-1671
-1595
-1493
-1373
-1348
-1370
-1316
-1331
-1328
-1316
-1235
-1148
-1030
-840
-566
-292
-83
163
345
481
649
779
921
1063
1176
1277
1388
1499
1584
1720
1797
1828
1836
1856
1773
1647
1533
1397
1273
1160
1074
1043
993
982
1078
1179
1278
1450
1634
1863
2144
2330
2596
2841
2926
3054
3148
3203
3183
3085
3001
2891
2725
2536
2400
2207
1953
1841
1676
1457
1329
1191
995
787
629
406
103
-122
-272
-451
-622
-767
-906
-1057
-1208
-1268
-1393
-1561
-1624
-1737
-1892
-1993
-2063
-2128
-2193
-2302
-2332
-2376
-2481
-2610
-2709
-2772
-2881
-2924
-2849
-2820
-2731
-2646
-2531
-2417
-2311
-2166
-2055
-1904
-1799
-1711
-1631
-1542
-1436
-1447
-1478
-1421
-1456
-1489
-1419
-1332
-1228
-1107
-980
-853
-735
-637
-549
-387
-238
-93
115
304
551
695
822
977
1072
1159
1271
1336
1409
1500
1577
1644
1695
1691
1609
1517
1403
1331
1300
1230
1166
1140
1124
1121
1182
1289
1423
1544
1660
1849
2066
2265
2489
2664
2793
2835
2832
2882
2887
2878
2796
2716
2601
2442
2314
2111
1995
1845
1592
1464
1329
1182
1046
880
693
508
271
63
-162
-356
-571
-710
-826
-994
-1028
-1121
-1217
-1331
-1471
-1603
-1751
-1874
-1928
-1974
-2052
-2156
-2260
-2347
-2427
-2512
-2620
-2715
-2817
-2861
-2861
-2802
-2684
-2607
-2524
-2427
-2325
-2162
-2050
-1947
-1830
-1804
-1768
-1744
-1684
-1613
-1562
-1441
-1424
-1411
-1366
-1367
-1302
-1189
-1041
-890
-774
-610
-420
-215
-63
78
228
365
480
616
771
920
1048
1141
1248
1384
1490
1501
1575
1629
1631
1594
1566
1539
1483
1430
1378
1316
1253
1234
1273
1336
1414
1474
1524
1601
1687
1811
1995
2146
2242
2366
2460
2531
2601
2666
2652
2641
2601
2494
2454
2303
2163
2030
1785
1595
1450
1293
1100
899
755
585
455
364
181
48
-137
-334
-521
-720
-814
-909
-1013
-1081
-1145
-1195
-1321
-1438
-1468
-1586
-1685
-1727
-1795
-1859
-1964
-2029
-2120
-2203
-2288
-2395
-2429
-2510
-2558
-2574
-2574
-2511
-2451
-2376
-2234
-2121
-2009
-1929
-1867
-1737
-1718
-1662
-1613
-1555
-1519
-1471
-1425
-1367
-1243
-1186
-1075
-913
-847
-716
-571
-500
-340
-207
-116
-6
107
180
263
373
459
525
663
769
881
996
1091
1225
1281
1348
1420
1470
1491
1507
1477
1459
1406
1356
1346
1338
1322
1322
1356
1415
1449
1461
1595
1710
1841
1997
2130
2237
2325
2361
2413
2445
2425
2419
2359
2299
2224
2109
1961
1886
1797
1699
1610
1548
1431
1284
1172
995
820
613
425
256
68
-137
-316
-500
-680
-831
-1004
-1110
-1259
-1360
-1428
-1535
-1582
-1652
-1744
-1773
-1843
-1934
-1997
-2064
-2150
-2265
-2416
-2467
-2518
-2505
-2514
-2519
-2469
-2439
-2391
-2356
-2284
-2178
-2084
-2024
-1923
-1818
-1772
-1713
-1642
-1545
-1451
-1402
-1325
-1267
-1164
-1047
-946
-832
-749
-631
-526
-417
-298
-188
-76
-39
56
158
266
403
559
709
893
1038
1180
1331
1417
1473
1517
1549
1560
1572
1577
1532
1460
1437
1394
1348
1312
1292
1279
1281
1318
1366
1447
1485
1503
1551
1646
1758
1837
1956
2046
2112
2156
2214
2242
2211
2229
2233
2168
2123
2041
1942
1820
1681
1541
1408
1231
1055
864
644
393
148
-96
-273
-418
-589
-696
-790
-854
-908
-993
-1040
-1078
-1114
-1176
-1235
-1256
-1339
-1417
-1470
-1562
-1577
-1666
-1744
-1795
-1873
-1945
-2064
-2097
-2178
-2216
-2264
-2321
-2288
-2274
-2249
-2190
-2183
-2162
-2120
-2079
-1989
-1900
-1781
-1668
-1541
-1391
-1276
-1182
-1051
-933
-799
-687
-609
-481
-363
-238
-117
10
122
183
295
389
461
504
546
606
629
687
758
818
880
948
1025
1079
1120
1123
1155
1229
1266
1306
1346
1397
1369
1335
1358
1333
1354
1339
1321
1374
1394
1473
1559
1612
1655
1745
1784
1797
1877
1885
1885
1900
1849
1740
1680
1537
1469
1409
1310
1269
1134
1020
889
774
633
499
401
296
174
54
-74
-171
-260
-351
-440
-509
-590
-647
-729
-786
-860
-902
-965
-1058
-1084
-1137
-1195
-1285
-1380
-1495
-1606
-1668
-1725
-1814
-1892
-1976
-2030
-2083
-2088
-2093
-2104
-2089
-2088
-2028
-1932
-1841
-1722
-1621
-1529
-1382
-1258
-1196
-1091
-998
-922
-868
-796
-662
-611
-498
-426
-400
-278
-190
-121
-26
17
79
136
208
271
349
430
517
531
613
657
713
768
859
952
992
1037
1059
994
1013
1042
1018
1022
1003
1003
1036
1048
1079
1096
1117
1103
1142
1188
1210
1269
1310
1386
1416
1442
1438
1438
1405
1365
1322
1362
1384
1383
1379
1308
1302
1258
1173
1123
1049
1012
939
847
805
691
562
452
341
241
130
60
-22
-97
-221
-295
-418
-482
-526
-625
-667
-786
-856
-956
-1028
-1089
-1211
-1259
-1318
-1440
-1485
-1539
-1621
-1648
-1717
-1746
-1793
-1811
-1824
-1817
-1779
-1772
-1739
-1720
-1661
-1593
-1496
-1394
-1289
-1258
-1153
-1072
-1018
-924
-867
-774
-733
-687
-589
-562
-526
-461
-395
-279
-256
-195
-85
-91
-44
65
133
235
293
364
423
475
556
581
610
656
680
715
755
777
821
791
816
806
765
777
788
828
822
895
954
962
991
1006
1047
1072
1089
1131
1218
1269
1320
1407
1428
1465
1474
1490
1514
1573
1537
1482
1461
1374
1334
1291
1271
1232
1166
1046
951
862
772
672
585
492
368
362
250
140
37
-97
-165
-294
-412
-487
-627
-720
-820
-944
-991
-1099
-1149
-1205
-1286
-1301
-1370
-1483
-1479
-1504
-1581
-1606
-1660
-1666
-1683
-1685
-1687
-1647
-1644
-1648
-1600
-1595
-1540
-1486
-1441
-1340
-1303
-1207
-1115
-1036
-1011
-991
-880
-809
-742
-685
-623
-539
-443
-404
-277
-178
-95
-25
1
62
72
110
195
205
287
338
364
420
443
492
480
455
494
512
557
587
643
663
677
677
715
717
752
799
802
884
918
920
937
1004
1021
1116
1159
1187
1306
1340
1419
1452
1475
1503
1501
1491
1512
1544
1528
1482
1426
1380
1332
1284
1236
1141
1048
988
893
811
749
662
567
446
359
293
215
151
30
-34
-125
-289
-361
-442
-533
-601
-659
-742
-804
-883
-1033
-1129
-1209
-1267
-1342
-1398
-1470
-1498
-1578
-1674
-1686
-1729
-1709
-1653
-1603
-1548
-1510
-1455
-1425
-1394
-1366
-1371
-1316
-1282
-1248
-1179
-1123
-1072
-1059
-1038
-1002
-932
-855
-741
-635
-569
-488
-381
-330
-274
-176
-172
-86
-21
-20
20
62
139
188
254
345
355
367
413
408
389
368
342
381
424
507
625
653
689
698
716
809
835
918
950
1007
1088
1143
1287
1337
1421
1470
1454
1517
1535
1497
1533
1560
1563
1559
1559
1533
1471
1450
1384
1332
1292
1215
1155
1100
1020
942
839
742
657
588
533
404
281
205
137
31
-71
-111
-232
-331
-353
-491
-571
-642
-787
-826
-923
-972
-990
-1053
-1112
-1207
-1317
-1364
-1403
-1478
-1488
-1513
-1514
-1529
-1542
-1541
-1500
-1509
-1487
-1424
-1366
-1301
-1287
-1226
-1189
-1165
-1153
-1111
-1048
-1001
-979
-903
-898
-865
-808
-774
-691
-619
-519
-420
-360
-303
-242
-189
-97
-43
16
121
168
256
272
255
305
346
376
384
419
452
450
481
543
525
599
640
695
755
777
803
822
891
942
971
1001
1074
1099
1149
1225
1271
1307
1374
1360
1370
1410
1363
1369
1347
1324
1330
1273
1287
1266
1161
1145
1059
960
949
857
843
810
712
661
566
478
425
360
277
196
61
-38
-68
-153
-204
-253
-328
-404
-507
-574
-659
-744
-820
-867
-912
-923
-965
-1020
-1058
-1120
-1162
-1246
-1331
-1366
-1412
-1450
-1449
-1434
-1405
-1395
-1420
-1399
-1384
-1390
-1337
-1311
-1274
-1202
-1151
-1117
-1057
-1026
-1008
-951
-904
-845
-786
-722
-667
-590
-512
-446
-373
-348
-296
-226
-134
-53
15
63
103
159
233
301
325
369
354
382
415
485
548
575
597
669
752
768
844
884
912
988
996
1019
1040
1078
1115
1138
1236
1258
1268
1313
1315
1359
1391
1381
1409
1418
1388
1342
1279
1209
1149
1120
1099
1059
1011
978
951
907
859
817
751
629
590
478
385
307
186
103
8
-86
-139
-179
-240
-322
-404
-486
-528
-557
-618
-643
-749
-787
-869
-947
-960
-1036
-1069
-1142
-1207
-1261
-1275
-1322
-1355
-1377
-1377
-1346
-1325
-1285
-1264
-1233
-1194
-1168
-1155
-1129
-1135
-1139
-1120
-1093
-1068
-1019
-1003
-944
-826
-788
-731
-676
-629
-527
-492
-399
-347
-301
-232
-197
-125
-74
-55
-19
10
25
85
136
206
244
306
362
397
461
506
548
599
641
676
712
758
744
781
806
812
871
880
908
935
1001
1094
1092
1150
1143
1125
1142
1121
1159
1179
1210
1212
1194
1173
1154
1105
1038
1044
1016
989
995
957
945
883
821
730
676
586
522
456
374
311
219
163
62
14
-73
-165
-250
-318
-359
-426
-469
-520
-579
-674
-794
-799
-860
-939
-936
-1007
-1018
-1061
-1086
-1128
-1156
-1176
-1203
-1195
-1152
-1161
-1151
-1149
-1146
-1152
-1167
-1121
-1131
-1136
-1131
-1114
-1093
-1033
-982
-940
-884
-851
-771
-689
-647
-583
-526
-453
-382
-282
-205
-111
-45
-61
-18
31
50
107
155
197
278
302
304
351
367
390
419
427
462
521
561
568
589
650
685
725
745
751
780
798
795
868
909
912
968
961
980
1006
1017
1052
1075
1093
1081
1080
1081
1032
1028
1049
1001
996
994
927
928
866
796
736
661
578
526
454
379
326
276
251
182
183
131
28
-23
-112
-186
-243
-314
-358
-444
-567
-621
-679
-715
-765
-810
-824
-886
-929
-934
-960
-984
-1003
-1018
-1069
-1100
-1107
-1124
-1149
-1187
-1164
-1145
-1155
-1115
-1111
-1114
-1095
-1087
-1056
-1029
-992
-946
-884
-812
-719
-671
-558
-488
-415
-356
-300
-231
-178
-119
-89
-55
16
82
149
230
268
279
263
302
301
257
271
249
217
271
283
351
390
408
449
485
543
602
639
678
701
707
707
728
770
784
791
783
804
856
860
943
969
981
1009
1019
1044
1046
1015
1028
983
914
906
847
847
833
820
796
747
692
645
628
550
468
451
404
343
289
257
216
112
50
-12
-55
-151
-200
-264
-324
-375
-412
-431
-532
-584
-679
-805
-871
-887
-940
-990
-1036
-1092
-1142
-1186
-1188
-1175
-1185
-1171
-1122
-1120
-1094
-1069
-1092
-1101
-1099
-1060
-1035
-1004
-957
-942
-884
-859
-825
-770
-714
-620
-534
-427
-327
-280
-243
-255
-205
-132
-72
-10
31
72
106
154
163
171
233
263
247
303
351
387
413
431
467
492
511
507
526
515
553
563
595
640
634
625
680
720
764
824
801
803
816
782
789
801
822
854
829
814
821
811
816
819
787
767
714
723
706
647
661
605
564
546
502
478
461
376
331
280
222
162
119
63
7
-6
-57
-90
-162
-218
-299
-345
-394
-435
-461
-537
-572
-603
-711
-773
-817
-842
-780
-769
-799
-809
-853
-922
-964
-970
-990
-993
-982
-938
-884
-870
-874
-881
-888
-878
-837
-777
-695
-637
-614
-566
-523
-477
-417
-399
-354
-285
-290
-221
-154
-141
-91
-72
-45
6
45
57
140
175
228
283
292
339
324
330
325
300
298
328
409
466
512
492
473
450
430
435
495
560
578
634
650
678
714
721
713
717
723
729
751
764
769
744
720
662
651
663
667
674
635
671
664
640
588
533
482
391
368
341
311
298
273
273
248
185
130
93
1
-26
-23
-80
-79
-128
-209
-265
-381
-426
-521
-578
-603
-648
-642
-665
-675
-659
-727
-757
-775
-808
-815
-857
-888
-889
-892
-893
-887
-867
-886
-892
-845
-837
-809
-774
-755
-729
-707
-656
-599
-557
-533
-501
-456
-407
-355
-332
-276
-240
-209
-139
-102
-89
-44
18
89
88
129
183
173
181
203
258
320
370
331
380
403
415
477
512
547
579
601
629
662
696
679
657
650
651
663
656
676
692
724
698
679
702
692
724
767
772
778
767
755
739
721
676
653
622
590
559
515
465
421
359
299
252
195
168
122
105
100
58
14
-32
-143
-224
-297
-361
-360
-366
-371
-371
-460
-517
-574
-633
-653
-662
-658
-691
-683
-702
-737
-743
-786
-835
-821
-808
-764
-783
-744
-690
-703
-685
-707
-682
-701
-733
-716
-685
-660
-581
-541
-501
-459
-448
-410
-362
-333
-294
-220
-184
-126
-121
-77
-41
-53
6
21
77
121
154
227
204
195
198
166
151
223
290
314
387
430
450
459
420
402
400
396
426
465
504
508
503
568
578
573
585
619
627
628
656
688
695
683
710
649
621
657
641
636
654
654
633
596
524
491
489
441
447
396
361
334
263
203
157
107
60
7
-9
-23
-57
-84
-172
-172
-179
-234
-273
-326
-411
-412
-450
-460
-506
-533
-576
-661
-640
-704
-684
-663
-670
-667
-675
-688
-701
-695
-727
-725
-705
-673
-661
-621
-598
-595
-615
-609
-573
-525
-480
-463
-401
-369
-365
-327
-291
-277
-238
-225
-186
-150
-135
-93
-46
-49
-47
-5
50
70
119
105
116
153
157
188
235
229
251
300
262
272
267
277
289
319
338
341
344
385
409
443
451
494
508
513
575
605
593
592
599
573
597
583
570
593
545
563
555
452
479
465
416
426
424
445
418
411
396
398
375
339
322
282
253
234
213
180
145
124
72
-4
-16
-49
-89
-155
-205
-222
-288
-309
-332
-375
-390
-444
-450
-439
-460
-477
-508
-499
-543
-606
-590
-631
-620
-650
-665
-650
-637
-618
-598
-606
-587
-590
-589
-572
-557
-515
-499
-466
-395
-384
-366
-322
-317
-303
-288
-225
-224
-198
-161
-143
-137
-99
-93
-58
-31
-2
36
46
68
79
101
84
139
159
200
235
215
265
248
287
289
282
319
351
371
375
405
406
340
313
334
323
368
381
382
453
426
454
460
463
505
494
541
566
565
578
547
515
490
414
369
302
290
320
325
317
309
298
268
211
200
182
184
172
146
161
140
76
-15
-76
-106
-184
-211
-185
-204
-186
-189
-233
-254
-298
-336
-378
-407
-437
-436
-465
-492
-494
-532
-536
-568
-587
-531
-472
-442
-452
-471
-454
-474
-480
-425
-404
-418
-388
-400
-396
-372
-397
-382
-365
-343
-289
-197
-173
-143
-98
-144
-153
-144
-117
-101
-71
-54
-5
29
56
62
52
35
-5
47
29
72
112
151
214
229
265
238
225
235
219
242
250
251
282
246
269
300
302
333
322
375
413
440
442
458
412
397
404
395
430
426
457
476
457
450
459
434
393
398
395
400
410
361
339
291
262
260
210
249
246
229
192
132
123
71
15
-36
-67
-69
-59
-43
-92
-120
-156
-213
-242
-280
-329
-343
-361
-365
-352
-415
-459
-477
-482
-503
-520
-522
-513
-542
-529
-494
-496
-453
-481
-515
-506
-522
-492
-473
-424
-377
-376
-389
-406
-401
-444
-425
-369
-342
-294
-243
-214
-145
-138
-135
-90
-73
2
25
84
129
73
43
18
16
44
75
105
102
141
140
137
190
179
216
265
314
337
375
361
341
362
357
349
360
357
371
367
354
362
326
345
368
362
372
407
447
466
438
430
398
345
335
324
376
417
427
415
426
415
367
331
312
276
229
177
166
178
159
99
78
11
-15
-11
-34
-16
3
-5
-76
-129
-139
-187
-255
-238
-236
-239
-224
-269
-302
-361
-453
-499
-506
-495
-461
-463
-484
-501
-519
-544
-523
-488
-502
-498
-492
-459
-461
-454
-471
-483
-495
-484
-450
-411
-368
-335
-336
-334
-286
-296
-297
-274
-264
-180
-93
-4
49
68
75
46
29
61
47
39
59
76
105
96
99
139
125
132
185
256
321
341
361
422
395
338
349
337
358
347
370
366
372
368
364
384
404
431
417
449
490
497
472
441
393
354
331
320
352
356
379
376
338
330
317
282
262
261
287
312
296
275
226
150
113
60
9
26
-5
-42
-71
-100
-117
-144
-180
-221
-240
-250
-267
-262
-251
-283
-312
-374
-462
-465
-458
-435
-389
-356
-344
-381
-396
-431
-480
-508
-542
-515
-476
-453
-427
-412
-464
-483
-470
-460
-397
-339
-288
-279
-266
-212
-246
-224
-216
-215
-181
-168
-114
-88
-50
-66
-88
-58
-32
-34
20
61
120
172
174
209
181
154
140
93
124
156
170
210
228
240
194
188
245
221
263
326
376
397
404
395
378
377
371
378
369
398
398
369
364
383
359
346
352
351
358
345
355
381
363
330
293
302
269
208
231
232
212
244
232
227
179
106
75
20
41
37
13
25
-4
-44
-107
-135
-144
-196
-226
-258
-258
-264
-300
-338
-348
-359
-450
-467
-437
-481
-493
-475
-466
-449
-437
-461
-500
-471
-462
-445
-413
-416
-436
-443
-451
-393
-369
-424
-413
-371
-378
-312
-255
-252
-205
-183
-126
-108
-57
-36
-64
-34
-71
-46
-38
-42
-13
25
66
84
86
118
136
147
139
147
214
206
270
314
332
345
318
293
286
242
251
260
272
327
358
403
413
399
372
353
348
322
348
395
360
380
396
401
396
355
359
391
402
413
427
398
350
304
219
187
175
170
183
189
161
108
92
64
43
72
92
52
40
56
4
-42
-91
-165
-171
-213
-233
-252
-273
-337
-384
-427
-435
-488
-474
-402
-375
-308
-294
-309
-316
-349
-431
-462
-476
-484
-458
-407
-402
-386
-388
-408
-429
-455
-450
-429
-428
-378
-300
-253
-240
-206
-204
-210
-183
-145
-107
-36
8
60
63
44
39
28
48
67
65
90
102
136
148
138
172
147
203
228
225
255
229
216
233
244
259
237
245
247
240
247
226
217
218
193
251
282
335
365
380
385
366
335
324
311
313
349
341
363
347
344
288
236
237
173
179
191
159
174
146
104
86
53
23
23
9
26
76
56
48
72
32
-17
-28
-58
-82
-129
-177
-177
-184
-216
-218
-208
-246
-286
-307
-307
-351
-383
-378
-402
-456
-429
-409
-394
-399
-382
-408
-437
-403
-408
-390
-372
-376
-358
-340
-327
-279
-246
-239
-223
-199
-176
-137
-94
-74
-66
-69
-73
-37
-70
-74
-81
-88
-60
-11
63
95
119
100
148
186
182
184
175
217
214
232
282
276
269
250
261
267
255
319
339
403
425
421
380
378
342
300
270
255
242
256
299
307
353
332
313
255
227
203
164
196
196
169
172
198
172
196
168
161
138
98
86
64
82
54
61
18
-4
-13
-24
-95
-58
-165
-181
-179
-236
-178
-238
-169
-237
-217
-241
-310
-211
-297
-249
-255
-238
-232
-250
-223
-266
-283
-327
-394
-330
-339
-344
-294
-304
-271
-312
-332
-320
-353
-369
-390
-316
-288
-240
-225
-203
-240
-220
-250
-255
-195
-148
-153
-131
-101
-117
-113
-166
-154
-117
-105
-47
-10
58
92
85
89
95
131
120
150
207
233
253
264
252
255
235
289
289
252
268
270
248
268
284
299
351
373
383
393
453
444
426
449
426
382
348
375
369
334
332
297
220
211
199
204
210
238
228
205
245
205
182
174
135
109
136
96
117
79
46
47
-11
-26
-88
-142
-145
-175
-223
-249
-282
-250
-268
-294
-252
-301
-311
-282
-249
-236
-246
-211
-230
-226
-210
-223
-235
-297
-357
-394
-419
-424
-424
-423
-378
-334
-332
-338
-339
-362
-349
-359
-317
-288
-232
-170
-150
-93
-116
-173
-144
-158
-131
-126
-85
-75
-113
-113
-94
-60
-58
-17
14
69
101
144
167
196
201
195
184
192
200
189
180
198
237
257
235
255
234
230
221
217
269
290
303
331
312
309
362
366
386
403
380
330
299
285
260
258
242
228
222
243
267
265
206
202
183
136
179
170
166
166
172
131
88
78
35
35
11
4
13
-27
-54
-55
-85
-125
-161
-196
-196
-212
-225
-240
-272
-304
-323
-342
-333
-344
-325
-331
-350
-317
-313
-284
-325
-337
-350
-381
-354
-349
-362
-361
-373
-355
-373
-381
-328
-331
-282
-241
-210
-219
-224
-216
-215
-182
-162
-153
-123
-93
-100
-98
-61
-61
-11
48
81
105
133
151
123
147
164
161
178
188
199
239
232
225
238
232
257
292
320
351
372
385
352
349
342
294
300
305
296
300
307
307
294
299
296
274
265
269
268
286
271
249
231
187
170
180
151
144
156
151
111
102
111
47
0
4
-10
-21
-4
-28
-58
-107
-139
-159
-155
-137
-137
-147
-158
-137
-211
-204
-220
-252
-222
-215
-206
-206
-214
-257
-268
-323
-345
-347
-353
-281
-252
-262
-246
-259
-255
-262
-247
-235
-254
-249
-231
-206
-209
-232
-177
-231
-256
-228
-229
-186
-186
-136
-91
-82
-66
-53
-43
-20
5
24
23
50
47
37
63
49
39
51
49
73
121
103
161
168
144
161
176
189
181
159
144
119
190
187
206
245
244
262
270
273
270
256
283
262
245
251
261
296
292
270
255
239
237
237
247
269
232
213
187
188
191
190
182
164
140
137
70
87
81
41
43
8
-4
-2
-19
-37
-33
-40
-97
-129
-121
-171
-210
-227
-223
-219
-212
-204
-161
-162
-190
-217
-235
-273
-281
-275
-276
-280
-289
-290
-266
-304
-314
-314
-326
-304
-275
-235
-215
-209
-201
-212
-234
-189
-224
-175
-169
-154
-137
-176
-158
-204
-194
-211
-191
-113
-71
14
41
16
44
-23
22
28
82
169
158
218
193
182
209
143
149
137
90
134
124
145
146
115
127
91
125
172
226
283
291
316
296
268
272
289
268
254
266
256
228
214
198
188
194
165
158
205
214
187
229
221
208
210
184
165
118
150
122
88
71
8
28
-20
-22
-3
-69
-86
-82
-87
-96
-89
-123
-154
-163
-150
-144
-147
-169
-222
-200
-219
-228
-247
-254
-205
-239
-234
-245
-317
-314
-327
-322
-285
-261
-251
-229
-204
-208
-187
-209
-220
-183
-169
-151
-145
-127
-136
-131
-141
-113
-108
-102
-87
-80
-48
-40
-25
-59
-27
-1
-6
0
43
92
94
110
112
136
150
139
135
150
136
147
162
142
152
167
203
198
242
247
279
281
247
223
181
144
130
131
146
159
136
142
147
182
181
187
184
169
166
170
156
141
144
122
118
126
107
104
59
7
10
-15
-14
9
14
16
18
-3
-13
36
9
-27
-39
-83
-111
-82
-76
-99
-106
-100
-137
-124
-96
-85
-87
-112
-155
-176
-146
-184
-152
-152
-155
-126
-155
-156
-167
-162
-185
-190
-160
-131
-130
-187
-208
-195
-202
-196
-143
-141
-156
-156
-134
-164
-168
-145
-166
-94
-34
12
34
21
6
-22
-38
-55
-62
-64
-51
-6
-3
47
33
7
25
-10
39
56
63
77
77
88
89
74
86
145
140
174
221
203
153
128
117
78
86
157
162
186
227
163
126
112
138
114
135
170
176
167
157
176
134
140
139
141
156
155
156
150
106
40
42
45
49
57
69
70
26
24
5
-32
-47
-48
-77
-22
-39
-11
11
-31
-28
-58
-94
-133
-133
-124
-98
-88
-102
-121
-137
-169
-180
-150
-119
-103
-90
-91
-113
-144
-147
-164
-187
-163
-140
-112
-89
-83
-104
-112
-125
-154
-141
-141
-99
-92
-81
-95
-133
-132
-134
-91
-54
-47
-32
-31
-39
-63
-67
-45
-50
-8
25
26
36
24
4
-4
-16
-19
-4
22
35
47
70
79
86
114
130
113
165
167
168
216
165
170
160
130
131
128
140
134
112
105
97
66
110
113
131
165
180
206
174
166
137
100
83
34
45
76
67
67
49
19
15
-19
-1
16
8
45
50
75
54
52
28
-10
2
-10
-24
-21
-2
-21
-33
-54
-73
-88
-88
-82
-59
-62
-88
-81
-103
-128
-117
-159
-115
-104
-122
-95
-128
-131
-131
-152
-133
-120
-124
-111
-116
-108
-123
-115
-94
-95
-107
-83
-91
-123
-119
-101
-77
-84
-81
-68
-48
-49
-48
-43
-63
-50
-31
-28
-14
-10
-16
-20
-44
-43
-39
-13
5
8
57
50
25
45
27
24
52
61
81
94
129
115
94
96
69
96
122
101
112
143
142
159
145
136
136
125
133
144
161
137
119
99
77
72
72
46
66
86
104
115
107
97
93
86
62
80
69
70
72
38
42
41
7
1
16
-13
-27
-36
-43
-55
-41
-24
-52
-39
-40
-47
-64
-93
-111
-132
-156
-153
-153
-166
-142
-138
-137
-130
-127
-159
-174
-151
-160
-147
-150
-150
-120
-117
-104
-116
-113
-113
-108
-93
-73
-78
-88
-97
-88
-74
-69
-45
-47
-47
-28
-21
-27
16
48
42
71
103
117
126
94
87
71
59
84
74
82
60
44
52
34
50
83
105
104
133
111
87
102
84
92
110
111
104
98
111
121
111
107
100
91
75
72
58
44
52
68
61
43
67
53
61
71
57
47
44
28
15
26
-7
-15
-16
-39
-34
-21
-43
-22
-17
-37
-20
-18
-41
-33
-45
-63
-54
-67
-65
-56
-29
-46
-51
-47
-68
-93
-70
-84
-89
-82
-101
-60
-38
-48
-37
-65
-87
-85
-77
-69
-61
-64
-54
-52
-83
-92
-108
-109
-95
-75
-39
-13
0
-2
-21
-29
-46
-42
-23
-17
-10
23
10
-17
-23
-32
-50
-46
-39
-8
11
10
43
39
18
0
3
35
39
61
75
66
54
41
45
16
19
32
44
52
59
70
74
78
66
59
67
74
77
83
109
120
139
139
130
120
82
88
75
88
76
36
19
31
41
45
47
55
66
58
77
74
74
57
36
17
21
37
16
10
7
-12
-25
-12
-29
-35
-37
-40
-29
-35
-42
-63
-56
-51
-49
-22
-36
-27
-31
-49
-58
-89
-109
-130
-136
-128
-140
-144
-123
-142
-136
-135
-142
-130
-114
-113
-113
-91
-78
-93
-112
-98
-100
-110
-85
-60
-48
-40
-36
-32
-26
-38
-40
-37
-35
-22
-30
-37
-9
3
14
35
22
32
33
48
51
54
57
34
29
31
50
51
49
70
68
70
94
105
108
103
92
97
109
113
109
105
106
94
91
103
98
93
101
105
103
87
89
103
98
79
98
93
76
86
80
77
61
63
56
46
17
8
3
7
14
28
12
-25
-32
-47
-49
-51
-27
-15
-13
-23
-28
-27
-47
-79
-88
-92
-101
-85
-97
-82
-81
-104
-90
-81
-85
-82
-87
-84
-82
-90
-92
-91
-93
-89
-77
-82
-85
-66
-68
-81
-78
-74
-79
-65
-47
-45
-46
-29
-41
-53
-25
-35
-25
3
-7
-6
6
10
15
11
3
11
28
39
45
56
36
46
47
61
61
64
78
73
83
85
79
81
57
32
47
26
50
55
61
75
63
64
49
24
30
28
32
42
35
55
30
37
32
18
33
8
8
16
-1
24
35
21
17
29
29
46
62
45
30
16
21
12
8
4
-11
-24
-22
-4
3
25
14
11
-5
-5
-12
-31
-9
-8
-18
-14
-10
-19
-39
-31
-50
-77
-74
-94
-91
-65
-89
-82
-79
-95
-91
-101
-88
-86
-79
-52
-49
-18
-31
-60
-57
-75
-74
-54
-54
-37
-27
-35
-23
-32
-34
-34
-38
-9
-9
8
15
11
41
31
31
47
43
46
53
42
53
48
45
54
53
68
52
53
50
56
75
73
75
76
80
74
79
89
100
91
82
65
57
44
24
24
13
17
6
3
0
-6
-4
-17
-10
-7
6
26
33
42
29
18
28
7
5
14
3
-32
-45
-53
-69
-58
-40
-44
-21
-11
-5
-3
-20
-28
-17
-24
-23
-23
-21
-30
-32
-46
-72
-73
-77
-71
-71
-63
-52
-50
-49
-49
-43
-42
-45
-17
-21
-28
-23
-32
-24
-11
-12
-15
-21
-41
-42
-46
-45
-23
-32
-24
0
-2
-11
2
3
12
8
11
32
10
18
20
10
19
23
22
16
19
14
18
10
24
30
31
49
43
46
58
35
22
29
38
52
66
63
56
45
26
11
15
25
21
35
44
33
41
36
11
33
39
34
32
43
25
14
16
5
4
10
19
26
31
30
27
23
17
19
32
33
24
25
23
7
9
-1
-7
-8
-17
-25
-23
-39
-39
-48
-44
-32
-36
-31
-30
-27
-28
-26
-16
-21
-15
-21
-33
-38
-28
-6
-16
-17
-30
-47
-45
-59
-73
-47
-56
-51
-37
-34
-13
-22
-25
-20
-15
-19
-24
-36
-31
-42
-52
-43
-42
-24
-36
-18
-11
-27
-24
-16
-16
0
5
4
11
13
10
14
13
0
2
2
-3
0
3
5
5
2
3
20
30
42
52
46
48
55
49
40
60
62
63
74
65
68
68
60
44
45
35
26
26
26
37
39
32
27
28
21
14
16
10
10
19
3
-1
-13
-6
-34
-45
-36
-41
-26
-29
-16
-11
-15
-16
-19
-29
-23
-16
-12
-8
-11
-15
-24
-26
-27
-28
-25
-29
-33
-38
-44
-51
-61
-62
-50
-50
-33
-15
-3
2
-11
-17
-25
-25
-14
-14
-14
-2
-10
-5
-2
-19
-17
-18
-12
10
17
33
41
26
25
21
4
19
23
17
21
24
22
13
14
-4
-3
-4
-7
5
-1
-2
-12
-7
2
14
31
29
36
36
39
47
42
44
42
37
33
15
12
6
-5
-15
-5
-3
-5
0
-13
-6
-8
-1
4
6
28
34
27
27
12
-6
-8
-4
-1
6
3
1
-2
-3
-8
-3
13
12
19
34
31
34
31
17
25
20
7
-2
-12
-23
-37
-51
-45
-50
-46
-40
-25
-23
-23
-17
-11
-2
10
13
9
15
0
-2
-5
-10
-4
-16
-25
-24
-36
-29
-35
-35
-30
-28
-24
-16
-11
-2
3
7
3
13
14
4
13
-7
-8
-12
-19
-19
-18
-5
-10
-6
-6
-3
-3
0
6
15
19
10
14
8
7
9
-4
-16
-7
-10
-12
-11
-14
-18
-15
-14
-4
0
2
2
2
3
10
22
20
14
17
11
4
9
9
5
6
6
3
16
9
8
10
4
5
17
25
30
38
36
34
37
40
27
33
34
27
24
23
16
17
7
11
16
12
14
12
9
13
22
8
10
2
-2
-5
-9
-11
-31
-38
-39
-44
-31
-32
-43
-41
-34
-36
-38
-28
-34
-37
-30
-25
-24
-18
-21
-27
-26
-26
-22
-22
-35
-28
-47
-52
-41
-44
-32
-25
-21
-17
-14
-10
2
1
7
14
12
19
20
18
21
30
31
45
47
50
48
45
42
40
34
41
38
35
38
36
27
20
29
29
30
33
28
21
12
-2
0
-5
-3
4
5
23
18
7
17
11
10
10
8
14
14
13
10
-1
3
-7
-14
-11
-14
-12
-18
-16
-17
-23
-23
-26
-25
-23
-24
-22
-19
-24
-26
-22
-25
-23
-17
-12
-6
-1
-3
-7
-11
-13
-12
-17
-18
-10
1
5
4
1
-8
-12
-14
-20
-12
-11
-11
-15
-19
-18
-19
-24
-27
-25
-24
-12
-7
0
10
11
17
11
7
9
8
6
-5
-8
-16
-22
-9
-15
-2
5
3
10
7
6
11
7
4
4
7
10
15
11
5
1
-8
-9
-5
6
10
19
20
26
30
25
27
27
33
31
40
45
39
39
35
22
13
9
2
-1
5
4
-3
0
2
0
11
18
14
19
15
16
7
7
-3
-2
-3
0
7
4
10
9
-1
-2
-6
-9
-10
-9
-11
-18
-15
-21
-15
-21
-14
-10
-12
-8
-12
-9
-9
-12
-9
-10
-16
-22
-22
-24
-19
-15
-18
-8
-13
-3
6
12
10
14
25
12
13
10
8
4
0
-7
-6
-10
-19
-8
-7
-13
-16
-17
-13
-14
-7
-3
-12
-6
-10
-11
-9
-1
5
-2
-1
-1
-8
0
-3
-17
-22
-24
-28
-20
-11
-2
0
1
-9
-7
-3
-5
3
7
4
2
2
-6
-5
-1
-3
0
7
3
16
22
27
28
27
29
26
25
31
34
27
25
20
13
7
10
12
10
14
10
8
13
9
7
10
12
13
11
4
3
0
-3
0
-4
-3
-7
-8
-7
-11
-14
-13
-18
-19
-16
-16
-17
-21
-11
-17
-17
-12
-16
-19
-20
-23
-27
-21
-18
-15
