3
5
8
5
5
-1
2
1
4
1
6
2
2
5
2
-4
3
3
-1
4
7
4
-1
-1
0
5
2
5
-2
1
2
4
5
2
1
-4
3
0
-12
-10
-10
-13
-8
-4
-1
3
3
4
4
5
9
5
10
6
3
8
10
10
9
8
1
-1
4
4
0
3
1
1
6
12
7
6
7
6
1
4
7
-2
-9
-9
-4
0
-4
-8
7
-3
-6
1
3
-4
-3
4
7
3
-1
2
0
0
1
0
-4
0
-4
0
-5
-3
-9
-6
-2
0
-3
1
-1
-7
-3
-2
-1
-5
1
-2
-5
-7
-3
2
2
-4
-4
1
-7
-6
-6
-2
1
2
-3
4
-2
-1
1
0
-3
-1
-1
-3
2
4
-5
-1
1
-3
3
10
2
-4
-3
-2
0
1
4
0
2
14
6
7
7
5
-3
-2
1
-3
-4
-3
-2
-1
-2
2
3
-9
0
6
2
-1
4
0
-8
-5
-13
-9
-7
-5
-7
-3
-1
1
-6
-3
-1
-3
-1
4
-2
-1
-1
-3
-2
-3
-2
2
6
5
4
0
-4
-2
1
1
2
-6
-5
6
5
6
7
0
-3
-2
5
3
2
5
10
3
1
6
3
5
4
7
5
3
8
4
4
6
4
8
8
12
7
4
9
3
8
8
5
4
6
-1
2
-3
-1
2
-1
0
-3
-1
-2
-7
-3
-9
-9
-2
-6
6
5
3
1
5
0
-4
4
-4
-2
-5
3
0
-2
-14
-7
-9
-11
-13
-8
-10
-18
-14
-21
-11
-10
-8
-11
-7
-10
-10
-12
-9
-9
-6
-6
-7
-7
-10
-3
3
4
6
5
0
6
4
9
6
4
-6
-7
-8
0
2
-2
5
7
4
6
5
6
9
1
5
10
10
6
9
3
3
4
-2
-4
-2
-2
-4
-2
-1
-1
1
5
9
13
9
0
2
2
-1
-2
2
-1
-4
-3
0
1
3
7
5
7
5
7
13
10
12
10
13
14
12
4
5
3
5
3
7
1
1
3
7
8
1
2
6
7
2
7
4
6
6
3
2
2
-4
-4
-6
-2
-3
2
1
1
-5
-9
-13
-15
-14
-16
-8
-12
-9
-11
-7
-7
-6
0
-5
-2
-5
-3
-2
0
-6
0
-10
-11
-11
-10
-9
-5
-11
-8
-4
-4
-4
-4
-2
-6
-7
-8
-2
-4
-5
-5
-1
-7
-1
-7
-3
-5
-6
-7
-5
-6
-6
-3
4
6
5
10
7
2
2
8
2
10
11
14
9
10
12
8
11
10
8
7
15
14
11
13
11
5
6
8
4
8
5
6
10
13
10
11
14
11
7
2
-1
0
2
-6
-5
-4
2
-2
-9
-6
-6
-9
-14
-6
-9
-4
-6
-6
-7
-13
-14
-14
-7
-8
-4
-7
-8
-8
-7
-12
-9
-7
-5
-5
-11
-12
-11
-11
-15
-11
-9
-11
-10
0
2
-1
0
1
-2
1
2
1
1
1
-2
-3
1
1
-2
1
2
8
7
9
9
11
6
7
8
7
12
15
16
14
15
10
9
19
17
14
14
14
10
19
16
16
20
20
23
21
16
12
17
16
12
10
11
7
12
9
5
-2
-3
-9
-5
1
-2
-2
-7
-7
-7
-10
-11
-16
-20
-17
-23
-25
-27
-25
-21
-22
-27
-31
-25
-26
-32
-32
-31
-27
-23
-28
-27
-27
-25
-20
-16
-27
-28
-21
-21
-19
-4
-1
-6
-1
-4
0
-5
-3
-1
6
2
-6
2
2
-2
-2
11
7
2
8
19
9
9
21
24
27
23
27
26
21
18
24
28
26
24
27
25
26
29
32
35
38
46
42
33
28
32
28
25
32
29
23
22
25
26
24
22
25
23
17
16
16
15
14
9
8
5
2
-4
-15
-16
-22
-32
-36
-40
-41
-43
-41
-39
-43
-36
-40
-37
-41
-45
-45
-44
-48
-45
-43
-45
-41
-44
-39
-44
-41
-31
-26
-29
-25
-20
-23
-26
-21
-21
-25
-16
-13
-12
-13
-14
-13
-13
-11
-10
-7
0
4
6
2
1
3
1
-3
2
3
3
10
11
15
13
16
18
22
27
23
24
32
31
37
43
43
45
38
42
44
47
58
59
58
66
66
73
76
75
77
80
84
86
90
97
98
95
89
79
70
62
53
47
42
37
24
17
14
1
-4
-21
-40
-56
-75
-83
-97
-101
-116
-118
-121
-126
-127
-126
-124
-129
-131
-135
-130
-122
-107
-105
-104
-99
-96
-94
-82
-75
-62
-65
-59
-42
-37
-36
-26
-17
-22
-14
-16
-10
-3
2
1
6
3
-1
-3
-2
0
0
11
14
19
23
27
31
33
38
33
39
43
47
51
64
69
75
78
77
74
75
75
81
85
80
92
92
100
110
117
120
125
118
125
136
133
134
147
156
156
166
172
163
153
141
124
108
88
78
66
50
35
15
-9
-29
-54
-75
-88
-108
-135
-152
-167
-189
-200
-205
-206
-219
-229
-244
-257
-253
-252
-243
-233
-220
-208
-204
-195
-183
-165
-150
-138
-130
-112
-95
-83
-68
-60
-55
-52
-34
-28
-28
-10
-2
1
5
5
8
10
9
15
15
11
18
20
33
39
41
52
55
49
58
70
93
94
94
103
106
101
115
125
126
129
132
139
142
148
155
171
160
157
160
179
186
198
208
216
210
208
226
237
244
256
268
278
271
265
260
243
223
192
161
126
94
67
49
15
-22
-70
-119
-161
-220
-255
-288
-322
-353
-358
-362
-367
-360
-350
-342
-347
-347
-334
-311
-296
-269
-246
-224
-220
-190
-144
-117
-116
-120
-140
-167
-186
-193
-185
-163
-141
-134
-136
-139
-143
-158
-173
-204
-221
-212
-187
-138
-87
-65
-35
-23
-2
16
29
54
77
93
110
148
167
193
200
204
190
172
159
147
144
164
162
151
155
173
179
195
210
200
204
203
209
224
252
281
285
290
308
316
337
355
358
365
367
369
381
404
423
443
470
493
504
496
466
415
334
265
225
189
181
170
123
44
-64
-170
-277
-357
-438
-519
-581
-626
-652
-660
-662
-659
-687
-717
-763
-769
-740
-696
-648
-593
-530
-460
-404
-335
-261
-223
-210
-190
-188
-152
-100
-77
-53
-51
-46
-37
-28
-28
-61
-93
-126
-174
-192
-179
-202
-200
-224
-224
-229
-212
-182
-175
-193
-194
-186
-166
-113
-48
45
107
141
159
182
173
191
223
248
254
273
311
339
365
381
349
320
292
290
310
324
341
320
314
308
336
356
372
385
396
420
442
485
519
546
563
576
586
597
611
652
656
633
597
571
543
545
554
563
579
618
659
586
501
399
285
175
103
107
104
82
-21
-207
-394
-562
-725
-869
-991
-1087
-1177
-1227
-1234
-1225
-1197
-1195
-1263
-1344
-1363
-1304
-1206
-1071
-900
-765
-605
-497
-377
-276
-172
-118
-97
-76
-31
49
144
206
209
218
213
157
102
35
-23
-109
-204
-292
-358
-335
-350
-383
-418
-460
-528
-572
-581
-562
-528
-488
-406
-292
-176
-62
28
92
110
126
202
297
387
505
594
650
656
637
618
613
615
613
607
598
607
631
615
614
591
560
589
604
662
757
781
784
791
801
844
890
944
1005
993
988
1010
993
962
960
947
922
931
965
1086
1190
1124
887
622
381
197
120
166
287
301
136
-205
-585
-851
-1126
-1312
-1497
-1637
-1688
-1682
-1643
-1661
-1707
-1820
-2047
-2216
-2205
-2017
-1721
-1423
-1219
-1060
-882
-705
-542
-413
-235
-59
53
201
362
565
694
686
544
385
306
273
298
311
230
114
-70
-317
-501
-677
-811
-928
-1019
-1045
-1004
-901
-876
-952
-1042
-1137
-1147
-1027
-787
-480
-229
-102
-40
6
91
262
405
573
732
834
988
1108
1154
1104
1063
986
878
879
967
1072
1101
1010
840
681
608
627
687
871
910
933
998
1005
991
1032
1096
1039
1138
1255
1428
1586
1667
1584
1441
1360
1303
1514
1851
2095
2016
1700
1238
729
449
435
586
768
807
462
-181
-856
-1368
-1696
-1909
-2056
-2231
-2312
-2386
-2462
-2587
-2724
-2930
-3176
-3261
-3086
-2677
-2134
-1693
-1513
-1434
-1359
-1208
-857
-352
105
476
662
731
777
849
909
903
795
638
599
603
576
565
363
-152
-618
-975
-1176
-1203
-1188
-1321
-1651
-1941
-2106
-2132
-1964
-1734
-1615
-1578
-1572
-1531
-1299
-933
-624
-422
-255
-70
154
479
881
1133
1232
1263
1239
1273
1441
1692
1793
1805
1672
1522
1480
1469
1469
1406
1274
1129
1052
1069
1252
1323
1469
1403
1379
1353
1419
1563
1770
2022
2074
2117
2065
2130
2148
2215
2270
2277
2261
2324
2638
3046
3098
2755
2087
1300
700
491
761
1265
1634
1283
191
-1171
-2194
-2629
-2494
-2226
-2197
-2469
-2977
-3543
-4017
-4137
-4072
-3997
-3977
-3858
-3529
-3026
-2578
-2354
-2309
-2316
-2099
-1598
-814
78
675
812
524
260
242
557
989
1183
1167
939
535
199
20
-64
-256
-653
-1152
-1442
-1551
-1597
-1750
-2137
-2576
-2900
-2932
-2645
-2153
-1704
-1561
-1799
-2152
-2225
-1825
-1139
-458
-20
211
311
426
727
1173
1497
1746
1840
1858
1977
2216
2462
2469
2299
2031
1811
1741
1847
1947
1942
1748
1461
1201
1207
1406
1616
1779
1826
1732
1701
1710
1810
1980
2086
2183
2343
2460
2536
2617
2537
2370
2252
2185
2310
2787
3285
3542
3214
2422
1469
781
630
915
1370
1797
1622
493
-1013
-2218
-2752
-2591
-2150
-1958
-2230
-2907
-3708
-4401
-4634
-4451
-4018
-3682
-3554
-3568
-3439
-3205
-3083
-2960
-2743
-2212
-1511
-834
-188
198
222
-17
-245
-37
409
1011
1282
1049
618
96
-310
-487
-325
-374
-633
-1084
-1649
-2027
-2149
-2234
-2498
-2721
-2843
-2793
-2618
-2298
-2021
-1946
-2066
-2212
-2161
-1686
-843
-110
257
366
363
467
780
1368
1940
2291
2418
2300
2226
2291
2490
2637
2655
2465
2243
2016
1863
1809
1710
1603
1567
1467
1431
1420
1511
1502
1434
1524
1604
1735
1938
2030
1907
1980
2078
2131
2379
2555
2697
2639
2542
2352
2242
2482
3002
3618
3683
3160
2123
1107
631
688
1197
1787
2010
1199
-363
-1969
-2850
-2740
-2033
-1576
-1869
-2633
-3669
-4481
-4749
-4401
-3766
-3383
-3350
-3652
-3821
-3644
-3276
-2838
-2494
-2082
-1563
-969
-467
6
172
74
-70
91
535
1048
1366
1015
389
-104
-354
-447
-253
-149
-592
-1286
-2064
-2523
-2530
-2254
-2289
-2597
-2963
-3288
-3267
-2877
-2327
-1938
-1818
-2002
-2113
-1920
-1278
-369
188
469
569
706
937
1371
1820
2068
2200
2171
2139
2273
2574
2768
2635
2275
1881
1595
1559
1682
1782
1589
1319
926
717
754
1012
1404
1594
1574
1382
1289
1260
1424
1752
2089
2303
2477
2517
2467
2541
2572
2665
2799
2877
2706
2697
2982
3535
3804
3459
2579
1523
1144
1197
1602
2199
2403
1797
172
-1544
-2446
-2140
-1240
-688
-1175
-2460
-3820
-4710
-4710
-3997
-3121
-2775
-3204
-3953
-4516
-4356
-3577
-2714
-2220
-1987
-1877
-1768
-1327
-831
-470
-339
-222
-6
244
509
565
346
-155
-573
-741
-636
-189
-196
-824
-1797
-2543
-2850
-2586
-2183
-2223
-2603
-3089
-3389
-3351
-2795
-2069
-1654
-1668
-2012
-2157
-1878
-1125
-86
611
820
769
683
758
1299
1946
2408
2545
2360
2168
2112
2334
2423
2302
2040
1692
1423
1312
1353
1302
1189
981
787
709
831
1155
1315
1425
1490
1555
1541
1694
1911
2065
2400
2658
2919
3008
3101
3000
2908
2993
3134
3422
3501
3388
3204
3388
3776
3705
3128
2127
1454
1328
1537
1847
2077
1887
827
-732
-2077
-2364
-1602
-755
-808
-2022
-3642
-4805
-4973
-4271
-3254
-2712
-3105
-4027
-4847
-5029
-4355
-3143
-2257
-2070
-2303
-2467
-2186
-1544
-849
-459
-313
-318
-300
-69
187
341
163
-243
-653
-728
-526
-445
-665
-1376
-2002
-2396
-2443
-2417
-2419
-2610
-2932
-3097
-3109
-2750
-2206
-1803
-1907
-2157
-2338
-2030
-1165
-160
473
665
493
223
430
1109
1891
2492
2652
2320
1944
1795
1988
2354
2597
2421
2040
1535
1182
1088
1232
1367
1399
1259
954
896
1025
1290
1634
1890
1891
1790
1751
1728
2063
2552
3043
3367
3415
3161
2857
2894
2948
3347
3596
3632
3408
2947
2879
3258
3898
3831
2940
1564
578
594
1207
1962
2152
1551
10
-1691
-2569
-2322
-1253
-573
-959
-2586
-4329
-5177
-4774
-3525
-2523
-2470
-3499
-4672
-5274
-4837
-3664
-2524
-1954
-2118
-2436
-2597
-2273
-1462
-640
-235
-165
-160
-219
-68
71
-55
-416
-618
-531
-380
-255
-474
-1119
-1853
-2337
-2475
-2188
-1829
-1863
-2333
-2892
-3185
-3047
-2453
-1709
-1369
-1620
-2079
-2283
-2011
-1165
-26
617
615
217
-133
-12
821
1777
2322
2448
1996
1358
1084
1359
1833
2218
2165
1742
1265
953
1035
1291
1468
1513
1447
1277
1273
1424
1576
1749
1881
1985
2090
2300
2573
2765
2823
2922
2960
3090
3323
3415
3481
3412
3351
3207
3223
3214
3024
2724
2493
2592
2949
3220
2840
1890
815
336
671
1378
1903
1771
778
-726
-1869
-2210
-1634
-711
-500
-1374
-2909
-4215
-4600
-3980
-2860
-2235
-2668
-3766
-4722
-4875
-4113
-3060
-2396
-2384
-2786
-3071
-2937
-2320
-1618
-1131
-994
-1059
-1148
-1171
-1050
-914
-844
-813
-826
-873
-913
-1062
-1371
-1733
-2024
-2073
-1899
-1662
-1631
-1856
-2309
-2724
-2828
-2511
-1910
-1386
-1186
-1464
-1814
-1861
-1424
-740
-111
294
325
210
205
578
1122
1647
1845
1680
1380
1319
1606
1998
2279
2311
2100
1809
1731
1801
2002
2192
2233
2249
2237
2299
2338
2294
2288
2359
2512
2761
3041
3123
2964
2847
2741
2843
3158
3400
3479
3346
3073
2780
2655
2743
2838
2831
2607
2160
1884
2055
2484
2573
2141
1222
372
137
676
1435
1711
1278
110
-1276
-1999
-1684
-913
-426
-754
-1901
-3271
-4051
-3944
-3217
-2390
-2300
-3082
-4168
-4813
-4648
-3908
-3171
-2833
-3014
-3390
-3470
-3180
-2647
-2206
-2172
-2345
-2410
-2250
-1840
-1526
-1506
-1810
-2090
-2094
-1836
-1540
-1463
-1614
-1855
-1943
-1884
-1704
-1518
-1446
-1553
-1690
-1711
-1620
-1476
-1292
-1065
-900
-831
-712
-616
-467
-153
197
488
686
766
764
908
1223
1576
1801
1866
1754
1710
1816
2089
2371
2462
2382
2281
2224
2392
2595
2698
2651
2459
2352
2398
2665
2889
2986
2911
2792
2678
2674
2855
3058
3136
3092
3006
3018
3010
3067
3067
2898
2728
2548
2409
2366
2271
2045
1803
1626
1652
1806
1949
1811
1300
642
251
278
615
890
758
119
-713
-1352
-1509
-1262
-1031
-1134
-1651
-2379
-3078
-3240
-2977
-2635
-2487
-2781
-3409
-3933
-4104
-3853
-3434
-3176
-3235
-3568
-3757
-3713
-3451
-3123
-3041
-3168
-3306
-3334
-3080
-2691
-2483
-2562
-2758
-2892
-2748
-2345
-1952
-1739
-1820
-1990
-2004
-1840
-1548
-1235
-1071
-1036
-923
-758
-638
-482
-347
-292
-158
121
378
555
627
625
632
774
983
1206
1346
1416
1430
1414
1487
1609
1740
1890
2081
2199
2266
2318
2394
2457
2594
2765
2868
2902
2923
2955
2977
3056
3252
3374
3357
3225
3089
3034
3112
3315
3402
3261
2896
2534
2389
2494
2673
2729
2521
2099
1691
1479
1535
1583
1545
1449
1319
1318
1282
1119
982
677
583
662
686
632
439
111
-218
-343
-402
-552
-806
-1161
-1622
-1965
-2147
-2304
-2503
-2745
-3083
-3562
-3964
-4102
-4103
-3993
-3858
-3900
-4121
-4328
-4465
-4493
-4225
-3858
-3658
-3638
-3664
-3682
-3593
-3301
-3009
-2838
-2751
-2682
-2650
-2512
-2306
-2129
-1972
-1827
-1654
-1455
-1308
-1111
-999
-961
-728
-443
-245
-31
70
42
36
163
422
709
1022
1192
1197
1252
1358
1461
1672
1923
2091
2204
2270
2328
2351
2445
2663
2742
2719
2794
2928
3026
3149
3240
3180
3114
3185
3304
3470
3538
3498
3348
3125
3021
2997
3042
3099
3113
2993
2763
2466
2286
2320
2387
2343
2185
1902
1542
1357
1375
1421
1447
1446
1391
1294
1217
1080
924
756
653
634
539
407
307
104
-134
-348
-687
-1024
-1370
-1668
-1914
-2180
-2400
-2749
-3152
-3410
-3708
-4033
-4261
-4412
-4523
-4529
-4397
-4344
-4491
-4591
-4622
-4600
-4357
-4017
-3823
-3704
-3674
-3543
-3240
-2918
-2599
-2411
-2405
-2383
-2247
-1957
-1615
-1337
-1129
-1221
-1251
-1060
-878
-708
-571
-458
-358
-184
82
272
299
366
420
481
695
926
1123
1210
1282
1362
1446
1611
1821
1977
2040
2159
2266
2342
2390
2492
2612
2705
2895
2975
2995
3067
3154
3181
3209
3253
3203
3177
3206
3216
3182
3075
2984
2880
2820
2822
2896
2924
2842
2650
2338
2154
2074
2091
2072
2020
1765
1464
1218
1083
1058
964
902
842
944
1087
1095
913
614
242
89
179
198
271
242
-94
-496
-871
-1184
-1439
-1660
-1777
-1917
-2271
-2546
-2911
-3409
-3654
-3801
-3950
-4122
-4307
-4494
-4637
-4567
-4384
-4313
-4244
-4172
-4140
-3999
-3785
-3540
-3303
-3123
-2963
-2761
-2553
-2349
-2195
-2173
-2103
-1803
-1493
-1296
-1172
-1169
-1223
-1120
-810
-477
-353
-307
-360
-369
-156
231
464
497
469
459
536
801
1161
1299
1352
1482
1630
1742
1956
2051
2060
2202
2427
2672
2778
2822
2788
2774
2887
3047
3211
3256
3199
3117
3090
3129
3155
3118
3013
2953
2925
2901
2844
2731
2687
2625
2520
2472
2396
2293
2112
1966
1901
1851
1826
1699
1440
1272
1098
984
908
815
676
558
688
927
982
800
535
151
-13
186
370
327
208
-147
-579
-758
-837
-1028
-1358
-1668
-1962
-2264
-2453
-2681
-3128
-3519
-3726
-3900
-4024
-4114
-4277
-4474
-4502
-4349
-4184
-4063
-4010
-4074
-4029
-3906
-3719
-3448
-3137
-2873
-2705
-2580
-2446
-2407
-2348
-2083
-1864
-1689
-1422
-1296
-1277
-1201
-1152
-1081
-936
-755
-641
-589
-389
-207
-201
32
281
282
402
664
788
994
1310
1520
1569
1820
2093
2145
2312
2518
2592
2644
2862
3039
3108
3077
3065
3055
3072
3280
3359
3280
3151
3085
3034
3025
3106
3151
3031
2907
2799
2726
2730
2715
2693
2622
2508
2384
2319
2190
2044
1934
1880
1836
1720
1621
1468
1240
1099
986
913
859
786
724
839
962
879
646
354
100
33
150
180
83
-53
-345
-614
-770
-1035
-1402
-1736
-1979
-2167
-2321
-2549
-2933
-3461
-3747
-3870
-4050
-4151
-4329
-4566
-4572
-4464
-4301
-4197
-4156
-4176
-4198
-4015
-3735
-3549
-3364
-3144
-2973
-2786
-2602
-2474
-2466
-2364
-2163
-2045
-1799
-1581
-1549
-1515
-1419
-1334
-1169
-1019
-806
-681
-541
-218
-139
-93
207
394
635
943
1160
1234
1307
1616
1859
2143
2564
2774
2784
2847
2873
2918
3094
3260
3355
3325
3321
3290
3210
3184
3227
3206
3137
3029
2977
2894
2874
2876
2725
2668
2607
2524
2458
2456
2405
2362
2292
2206
2065
1887
1754
1665
1660
1648
1612
1603
1475
1261
1119
969
909
877
822
808
886
1009
1020
820
498
189
113
319
393
237
109
-110
-402
-536
-776
-1139
-1493
-1783
-1981
-2127
-2344
-2722
-3285
-3598
-3755
-4022
-4106
-4270
-4501
-4579
-4457
-4277
-4239
-4287
-4257
-4239
-4126
-3850
-3712
-3653
-3552
-3291
-2930
-2625
-2408
-2418
-2541
-2399
-2090
-1893
-1609
-1442
-1466
-1407
-1226
-1036
-958
-876
-689
-470
-199
197
306
329
547
727
972
1347
1615
1722
1896
2153
2420
2622
2829
2903
2864
2957
3083
3152
3255
3236
3234
3192
3115
3138
3025
2914
2952
2995
2902
2799
2694
2520
2450
2461
2448
2416
2304
2172
2025
1970
1989
2017
1961
1891
1746
1581
1566
1581
1566
1550
1477
1323
1126
942
874
853
860
838
843
961
1053
1013
818
544
311
223
387
473
319
294
115
-223
-412
-696
-1059
-1375
-1528
-1647
-1947
-2239
-2655
-3205
-3427
-3476
-3694
-3952
-4167
-4425
-4446
-4237
-4077
-4154
-4253
-4257
-4196
-3962
-3725
-3614
-3581
-3427
-3123
-2716
-2405
-2342
-2461
-2587
-2412
-2024
-1707
-1518
-1446
-1452
-1378
-1140
-888
-785
-731
-545
-352
56
471
537
471
566
791
1052
1457
1713
1762
1807
1953
2118
2367
2590
2612
2622
2757
2857
2867
2906
2880
2870
2891
2906
2824
2662
2534
2486
2573
2568
2486
2369
2227
2140
2236
2376
2332
2192
2073
1972
2019
2165
2117
1976
1845
1730
1659
1728
1729
1621
1447
1324
1241
1186
1111
976
859
783
710
768
1016
1227
1236
929
540
270
248
421
523
498
475
236
-107
-344
-606
-1038
-1382
-1480
-1593
-1853
-2105
-2567
-3111
-3306
-3438
-3705
-3914
-4139
-4383
-4395
-4193
-4092
-4184
-4290
-4296
-4209
-4019
-3800
-3676
-3600
-3439
-3124
-2773
-2534
-2448
-2499
-2523
-2271
-1863
-1574
-1438
-1366
-1314
-1185
-922
-710
-699
-625
-440
-159
220
517
611
623
718
951
1290
1551
1715
1711
1749
1970
2264
2428
2534
2619
2627
2703
2800
2817
2707
2645
2672
2748
2831
2776
2660
2447
2369
2513
2578
2549
2475
2362
2276
2293
2318
2259
2158
2115
2126
2197
2221
2079
1870
1739
1648
1703
1715
1631
1456
1240
1130
1172
1221
1132
951
742
579
546
808
1074
1160
961
544
196
135
386
480
442
428
248
-9
-195
-469
-935
-1308
-1464
-1546
-1690
-1943
-2400
-2984
-3321
-3380
-3611
-3835
-4072
-4306
-4347
-4168
-3974
-4063
-4173
-4164
-4088
-3905
-3633
-3610
-3643
-3474
-3166
-2756
-2373
-2230
-2368
-2506
-2270
-1787
-1402
-1217
-1238
-1277
-1163
-864
-527
-407
-445
-436
-258
185
569
700
645
573
716
1013
1317
1504
1496
1459
1567
1830
2080
2194
2105
2053
2153
2384
2530
2478
2325
2190
2302
2506
2642
2602
2373
2117
2089
2271
2537
2656
2538
2323
2167
2176
2212
2240
2253
2298
2311
2357
2237
2041
1885
1760
1805
1946
1921
1777
1579
1315
1227
1241
1207
1096
930
812
729
819
1144
1348
1258
928
535
246
239
453
473
417
414
230
9
-200
-515
-1011
-1318
-1414
-1484
-1637
-1933
-2461
-3044
-3274
-3465
-3742
-3953
-4149
-4299
-4221
-4081
-4002
-4130
-4245
-4158
-4063
-3804
-3590
-3649
-3617
-3402
-3044
-2623
-2324
-2218
-2328
-2355
-2067
-1697
-1383
-1240
-1225
-1151
-974
-646
-395
-334
-334
-293
-135
213
501
570
544
605
773
976
1230
1380
1317
1402
1598
1774
1898
1930
1890
1904
2091
2281
2314
2200
2103
2030
2138
2360
2452
2356
2172
2071
2112
2266
2417
2473
2402
2376
2333
2300
2297
2264
2235
2219
2345
2410
2248
2049
1896
1753
1737
1798
1783
1706
1641
1507
1372
1286
1111
929
829
783
823
911
1149
1264
1082
748
439
267
368
562
540
521
471
307
79
-197
-578
-969
-1190
-1266
-1376
-1595
-1939
-2536
-2997
-3135
-3338
-3602
-3799
-4009
-4129
-4042
-3905
-4015
-4183
-4190
-4132
-3889
-3598
-3523
-3632
-3601
-3356
-2955
-2498
-2250
-2260
-2408
-2373
-2080
-1617
-1336
-1189
-1154
-1139
-885
-605
-388
-378
-394
-292
-35
346
566
606
520
544
723
974
1226
1261
1217
1301
1517
1730
1778
1753
1695
1773
1983
2188
2249
2148
1960
1898
2080
2306
2434
2350
2178
2113
2175
2268
2358
2358
2295
2289
2304
2302
2261
2143
2076
2115
2187
2261
2187
2021
1854
1745
1685
1707
1711
1621
1507
1386
1264
1171
1040
891
748
705
724
832
1034
1136
1086
798
486
334
402
572
572
525
464
282
63
-181
-525
-901
-1178
-1344
-1398
-1533
-1809
-2254
-2766
-3018
-3310
-3582
-3713
-3862
-3981
-3946
-3903
-3962
-4102
-4076
-3933
-3794
-3520
-3495
-3546
-3471
-3266
-2910
-2509
-2215
-2170
-2228
-2182
-1902
-1532
-1285
-1109
-1029
-987
-808
-491
-279
-228
-204
-164
27
351
613
668
660
694
725
863
1068
1142
1185
1296
1415
1589
1697
1717
1677
1695
1870
2037
2105
2038
1890
1830
1899
2080
2250
2261
2178
2092
2071
2127
2228
2278
2298
2254
2248
2323
2285
2247
2197
2147
2144
2162
2108
2024
1942
1734
1599
1560
1562
1530
1435
1300
1172
1089
933
887
839
736
648
816
1048
1114
1002
621
279
220
344
461
495
471
364
117
-38
-249
-623
-973
-1191
-1330
-1416
-1531
-1914
-2481
-2857
-3081
-3392
-3564
-3682
-3921
-3992
-3928
-3871
-3948
-3988
-3964
-3882
-3635
-3420
-3423
-3452
-3356
-3181
-2812
-2390
-2047
-2013
-2056
-1970
-1744
-1454
-1192
-999
-959
-834
-564
-268
-54
-42
-108
-160
-11
360
624
746
787
762
802
1002
1249
1346
1323
1335
1429
1569
1712
1743
1648
1620
1736
1904
2012
2027
1893
1768
1811
1978
2153
2194
2130
2021
2030
2111
2296
2345
2246
2095
1994
2058
2138
2164
2121
2027
1948
1929
1951
1970
1832
1672
1543
1522
1504
1505
1360
1167
1028
952
932
876
797
636
664
908
1121
1118
887
462
204
300
472
549
581
498
246
66
-114
-436
-809
-1112
-1351
-1448
-1492
-1709
-2210
-2619
-2904
-3219
-3381
-3482
-3692
-3876
-3838
-3766
-3789
-3816
-3827
-3894
-3702
-3416
-3297
-3223
-3124
-3082
-2918
-2541
-2182
-1997
-1981
-1960
-1863
-1630
-1317
-1085
-962
-815
-594
-301
-78
87
68
-10
51
288
555
765
846
808
867
1027
1171
1286
1341
1342
1363
1504
1698
1802
1733
1677
1702
1758
1881
1990
1952
1874
1827
1808
1879
1981
1973
1853
1773
1861
1930
1955
2019
1951
1854
1877
1953
1998
1986
1877
1803
1719
1756
1801
1679
1516
1397
1317
1305
1335
1252
1075
941
848
792
816
795
676
566
683
892
997
908
614
222
119
357
513
525
470
269
-50
-161
-340
-685
-922
-1190
-1397
-1519
-1585
-1853
-2270
-2565
-2932
-3137
-3255
-3403
-3534
-3576
-3570
-3563
-3554
-3552
-3493
-3395
-3260
-3135
-3027
-2922
-2877
-2805
-2515
-2184
-1913
-1727
-1651
-1596
-1490
-1292
-1090
-890
-683
-550
-382
-138
12
146
144
156
276
418
610
763
891
918
936
1013
1172
1245
1295
1397
1445
1590
1714
1723
1717
1666
1608
1677
1781
1801
1748
1675
1638
1690
1774
1828
1817
1732
1692
1693
1760
1784
1792
1762
1648
1685
1701
1705
1719
1673
1611
1515
1526
1487
1429
1362
1240
1227
1222
1245
1175
1053
937
835
742
634
552
506
515
642
757
735
603
310
92
149
231
294
402
324
135
-67
-320
-547
-755
-950
-1132
-1260
-1344
-1530
-1831
-2097
-2409
-2757
-2977
-3126
-3211
-3165
-3109
-3148
-3245
-3328
-3349
-3310
-3109
-2975
-2913
-2823
-2771
-2752
-2604
-2363
-2149
-1958
-1799
-1593
-1421
-1282
-1173
-1108
-963
-829
-641
-346
-111
30
108
155
195
314
443
579
730
849
943
1067
1139
1188
1202
1214
1290
1445
1610
1737
1763
1729
1743
1786
1834
1801
1793
1792
1784
1770
1817
1864
1790
1692
1664
1628
1668
1773
1771
1746
1657
1612
1546
1536
1573
1556
1534
1526
1508
1503
1465
1381
1234
1129
1070
1043
1070
1017
934
818
658
555
461
420
348
293
368
464
500
388
140
-80
-156
-138
-63
-10
-11
-170
-354
-486
-621
-759
-948
-1189
-1363
-1431
-1526
-1617
-1822
-2054
-2337
-2581
-2669
-2701
-2676
-2705
-2776
-2823
-2833
-2807
-2776
-2713
-2666
-2588
-2456
-2304
-2235
-2153
-2070
-2016
-1888
-1725
-1561
-1433
-1274
-1155
-1035
-908
-802
-703
-571
-377
-199
-47
19
63
105
164
279
427
587
693
828
902
986
1116
1174
1211
1300
1367
1403
1517
1625
1698
1751
1772
1726
1706
1750
1743
1773
1772
1759
1759
1763
1758
1763
1743
1688
1665
1687
1724
1720
1722
1656
1551
1501
1470
1445
1451
1456
1398
1333
1286
1235
1167
1128
1018
900
852
740
613
560
471
363
245
110
-18
-116
-155
-135
-125
-188
-288
-358
-422
-418
-407
-378
-365
-413
-425
-479
-628
-777
-955
-1164
-1280
-1279
-1231
-1269
-1386
-1543
-1760
-1935
-2120
-2210
-2270
-2329
-2309
-2256
-2201
-2220
-2255
-2341
-2363
-2383
-2350
-2250
-2149
-1971
-1850
-1769
-1758
-1734
-1700
-1642
-1483
-1289
-1135
-1000
-869
-774
-675
-541
-457
-372
-228
-44
125
285
454
569
647
713
793
919
1073
1178
1300
1419
1487
1494
1525
1659
1765
1795
1844
1847
1842
1902
1951
1986
1987
1862
1748
1738
1771
1841
1801
1745
1677
1578
1542
1553
1570
1508
1404
1330
1304
1306
1320
1265
1122
1020
929
884
874
797
666
501
347
268
241
141
16
-105
-208
-275
-273
-259
-375
-498
-592
-598
-509
-398
-344
-414
-568
-686
-737
-696
-582
-494
-438
-440
-467
-518
-621
-764
-906
-1018
-1086
-1044
-1001
-1073
-1176
-1358
-1576
-1652
-1687
-1741
-1803
-1788
-1736
-1697
-1662
-1653
-1683
-1725
-1726
-1679
-1568
-1561
-1578
-1548
-1490
-1360
-1244
-1207
-1207
-1182
-1127
-946
-755
-661
-582
-512
-355
-275
-139
-59
38
137
114
617
1050
1531
1636
1360
1042
549
449
359
898
1614
2063
2285
2133
1932
1530
1208
890
961
1027
1443
1754
1984
2380
2207
1935
1165
766
502
677
1243
1723
2139
1902
1224
356
-66
-109
258
798
1319
1434
956
336
-92
-275
-150
131
132
25
-224
-151
275
732
1007
841
441
-114
-168
771
2169
3418
3537
2754
1429
208
-383
-87
1030
1994
2285
1635
311
-1136
-2488
-3391
-3917
-4019
-3953
-4219
-4336
-4154
-3793
-3753
-4291
-5120
-5958
-6187
-5611
-4149
-2279
-1003
-615
-723
-759
-516
-45
535
1115
1729
2221
2928
3757
4093
3825
3097
2348
1837
1492
1344
1201
986
540
-51
-652
-1167
-1565
-1995
-2452
-2867
-3081
-3071
-2681
-1991
-1339
-922
-860
-908
-669
18
897
1721
2331
2642
2784
2987
3266
3557
3696
3558
3313
3047
2794
2571
2434
2171
1739
1112
397
-155
-526
-693
-745
-841
-1076
-1357
-1568
-1674
-1640
-1374
-1007
-561
-82
449
912
1193
1462
1706
1959
2179
2414
2641
2898
3093
3103
3122
2911
2472
2312
3160
3840
3923
3243
1828
241
-1017
-1828
-2012
-874
-77
-552
-1329
-2626
-4271
-5407
-6229
-6605
-6455
-6521
-6711
-5904
-4538
-3664
-3363
-3849
-4434
-4671
-4538
-3497
-1385
527
1790
2674
3335
3814
3959
3696
3490
3460
3102
2848
3288
4031
4391
3610
2279
930
-555
-1791
-2457
-2774
-3170
-3621
-3986
-3867
-3292
-3060
-3100
-3244
-3602
-3785
-3349
-2297
-629
857
1703
2281
2672
2980
3545
4071
4448
4553
4170
3883
4090
4280
4394
4093
3046
1768
631
-338
-690
-687
-978
-1426
-1902
-2329
-2382
-2199
-1990
-1813
-1726
-1672
-1255
-534
394
1419
2174
2782
3224
3477
3693
4023
4148
4071
3914
3711
3611
3552
3348
2989
2362
1595
760
98
-356
-642
58
617
638
324
-667
-1981
-2875
-3510
-3761
-2588
-1408
-1269
-1237
-1715
-2824
-3457
-4099
-4796
-4985
-5308
-5372
-4544
-3255
-2143
-1561
-1674
-1975
-2544
-3075
-2728
-1780
-710
343
1120
1980
2974
3397
3387
3119
2259
1382
593
471
1078
1567
1636
1490
796
-372
-1500
-2634
-3394
-3843
-4283
-4189
-3536
-2924
-2257
-1777
-1689
-1673
-1975
-2162
-1457
-351
813
2036
2940
3512
3952
4140
4200
4085
3468
2805
2326
2312
2653
2929
3071
2745
1843
718
-170
-836
-1278
-1594
-1811
-1691
-1398
-949
-264
334
492
284
-24
-2
539
1460
2563
3614
4210
4381
4302
4148
3933
3739
3362
2820
2436
2041
1951
2131
2032
1452
754
242
459
608
562
275
-542
-1539
-2469
-3057
-2962
-1860
-1205
-1373
-1571
-2339
-3194
-3446
-3992
-4707
-5142
-5639
-5549
-4602
-3324
-1950
-1191
-1351
-1865
-2683
-2918
-2147
-1423
-649
456
1271
2272
3243
3645
3798
3399
2154
1130
292
106
582
817
936
841
204
-726
-1288
-2306
-3189
-3886
-4613
-4838
-4484
-3844
-2973
-2167
-1909
-1659
-1558
-1234
-776
-352
196
907
1595
2416
3354
4067
4583
4459
3889
3274
2608
1956
1772
1626
1609
1583
1382
1160
853
249
-350
-875
-1503
-1810
-1713
-1449
-713
246
665
930
1267
1554
1841
2132
2651
3026
3256
3259
3301
3646
4101
3899
3666
3703
2923
2213
1836
1499
1060
540
606
1134
1734
1626
1210
643
-485
-1875
-2788
-2822
-2365
-2110
-2129
-2071
-2106
-2289
-2769
-3393
-3806
-4804
-5841
-5888
-5279
-4358
-2973
-2102
-1810
-1167
-1031
-1041
-480
-220
-429
-536
-124
959
2168
3325
4354
4492
3731
2725
1592
728
191
-545
-1202
-1208
-1346
-1486
-1307
-1492
-2085
-2931
-3746
-4471
-4870
-4692
-4286
-3659
-2957
-2181
-1301
-432
471
1107
1445
1602
1728
1834
2153
2588
2952
3245
3299
3322
3299
3094
2705
2047
1154
372
-307
-700
-677
-546
-464
-448
-505
-705
-739
-724
-660
-481
-398
-44
645
1493
2488
3472
3920
4073
4092
3942
3933
3975
3901
3650
3365
3120
2952
2923
3008
2732
2116
1264
581
883
1186
1192
1147
474
-433
-1135
-1850
-2100
-1485
-1431
-2095
-2393
-2969
-3228
-2972
-3287
-3839
-4506
-5360
-5643
-5189
-4357
-3157
-2367
-2256
-1998
-1918
-1550
-659
-289
-186
-61
42
706
1680
2483
3340
3548
3009
2356
1583
1032
749
-121
-1070
-1455
-2176
-2311
-2127
-2163
-2324
-2716
-3381
-4061
-3842
-4105
-3579
-3251
-3202
-2524
-1823
-578
320
1278
1782
2089
2194
2276
2532
2780
2883
2621
2317
2208
2301
2165
2383
2058
1589
888
-117
-555
-736
-927
-944
-925
-951
-614
-337
75
543
515
307
356
644
1252
2045
2742
3433
3760
3807
4053
4134
4107
4013
3603
3175
2817
2449
2326
2372
2092
1722
1259
991
1588
1881
1718
1656
781
-8
-472
-1129
-1273
-823
-937
-1664
-1979
-2500
-2607
-2434
-3041
-3692
-4363
-5239
-5482
-5332
-4958
-4032
-3554
-3499
-2942
-2256
-1386
-334
-60
-17
130
117
589
1230
1868
2567
2625
2200
2246
2152
1916
1613
461
-679
-1208
-2110
-2612
-2501
-2877
-3073
-3149
-3476
-3349
-2820
-2758
-3037
-3258
-3501
-3170
-2266
-1293
-257
587
1110
1699
2184
2747
3410
3419
3046
2529
2113
2052
2093
2007
1865
1548
1089
815
525
454
324
-222
-864
-1122
-1171
-854
-386
-88
202
327
382
687
1275
1830
2266
2515
2689
3004
3363
3528
3664
3640
3426
3244
3016
2927
2906
2747
2449
1895
1366
1023
869
1510
1953
1876
1826
1242
775
422
-137
-645
-712
-915
-1656
-1784
-2008
-2140
-2074
-2799
-3596
-4132
-4790
-5044
-4909
-4784
-4325
-4039
-4006
-3459
-2624
-1757
-864
-442
-265
223
454
1134
1427
1794
1962
1820
1602
1623
1813
1497
1396
309
-565
-1096
-1828
-2210
-2531
-3177
-3769
-3972
-4383
-3882
-3443
-3169
-3056
-2959
-2953
-2448
-1873
-1307
-601
-298
223
1015
1799
2721
3482
3705
3627
3382
2961
2795
2501
2149
1810
1345
1021
965
886
837
710
249
-196
-462
-619
-470
-312
-287
-107
-35
122
679
1339
1970
2467
2658
2873
3135
3329
3431
3556
3495
3308
3158
2962
2980
3030
2805
2506
2166
1672
1263
1398
1940
1961
1796
1493
829
534
141
-485
-760
-634
-1106
-1718
-1774
-2139
-2191
-2371
-3168
-3634
-4101
-4652
-4779
-4624
-4391
-4073
-4006
-3814
-3070
-2256
-1447
-677
-394
-175
98
380
1093
1574
1689
1781
1505
1115
1118
1112
913
468
-482
-1189
-1475
-2107
-2279
-2591
-3326
-3802
-4219
-4458
-4058
-3541
-3533
-3240
-2966
-2742
-2056
-1414
-875
-363
-137
229
960
1680
2463
3023
3141
3163
3177
3055
3147
2940
2360
1897
1173
740
661
672
654
615
190
-89
-38
-109
23
25
-168
-218
-217
-81
623
1294
1813
2228
2388
2709
3223
3455
3572
3634
3351
3235
3099
3083
3174
3220
2887
2664
2345
2006
1897
2010
2454
2461
2339
2231
1740
1435
926
242
-342
-566
-1143
-1845
-1908
-2242
-2308
-2292
-2863
-3316
-3748
-4377
-4585
-4568
-4602
-4340
-4090
-3835
-3133
-2363
-1661
-879
-547
-227
251
588
1104
1404
1371
1429
1274
967
940
809
343
-162
-959
-1595
-1637
-1916
-2260
-2506
-3201
-3808
-4104
-4395
-4294
-3875
-3792
-3667
-3221
-2681
-1909
-1065
-503
-159
-14
146
666
1178
1690
2163
2286
2332
2394
2412
2564
2464
2002
1489
964
505
376
271
104
3
-295
-436
-158
148
227
272
154
43
160
426
978
1540
1934
2222
2565
3070
3591
3856
3817
3654
3403
3306
3330
3423
3483
3402
3087
2770
2531
2247
2129
2278
2522
2451
2455
2352
2177
1942
1365
785
297
-125
-931
-1537
-1734
-2262
-2374
-2578
-3100
-3217
-3570
-3967
-3962
-4027
-4170
-4124
-4118
-3955
-3342
-2696
-1927
-1114
-698
-205
351
736
1191
1385
1355
1353
1134
803
690
491
-2
-608
-1393
-1854
-1859
-2296
-2589
-2750
-3332
-3680
-3838
-4025
-3854
-3663
-3841
-3840
-3414
-2964
-2153
-1297
-923
-438
-117
155
765
1254
1519
1747
1681
1684
1912
1996
2098
2035
1559
1204
969
777
764
655
493
316
96
-9
306
492
492
515
327
347
631
914
1347
1827
2006
2257
2625
2963
3318
3391
3117
2915
2740
2623
2796
2827
2758
2763
2565
2404
2411
2307
2117
2360
2533
2330
2424
2187
2039
2004
1444
1028
828
451
-360
-832
-1173
-1707
-1848
-2350
-2868
-3018
-3437
-3709
-3659
-3706
-3708
-3713
-3693
-3406
-3013
-2576
-1878
-1274
-920
-279
276
775
1362
1515
1579
1642
1412
1108
894
565
74
-532
-1336
-1723
-2023
-2496
-2720
-3148
-3632
-3936
-4148
-4173
-3987
-3919
-4003
-3789
-3522
-3057
-2346
-1938
-1453
-998
-791
-294
456
958
1374
1676
1716
1793
1916
1874
1932
1760
1395
1264
1060
955
936
810
659
446
241
247
344
335
213
77
-31
131
421
753
1259
1676
1942
2299
2677
3085
3356
3342
3210
3084
2892
2802
2864
2866
2743
2704
2553
2506
2609
2434
2517
2829
2616
2502
2393
2047
1912
1516
959
668
587
17
-523
-732
-1233
-1508
-1800
-2398
-2561
-2813
-3212
-3252
-3229
-3195
-2999
-2925
-2799
-2384
-2075
-1678
-1099
-751
-413
119
456
881
1248
1315
1389
1314
981
759
413
-158
-721
-1354
-1799
-2148
-2500
-2858
-3200
-3506
-3876
-4075
-4044
-3806
-3721
-3851
-3615
-3466
-3157
-2585
-2275
-1852
-1430
-1159
-715
-83
526
862
1095
1178
1200
1352
1383
1345
1204
892
636
516
469
492
415
343
223
71
99
266
382
341
215
146
312
681
1002
1447
1856
2065
2328
2610
3006
3417
3575
3528
3408
3322
3284
3225
3132
3034
2866
2580
2474
2541
2479
2697
2963
2782
2685
2533
2165
1968
1547
918
625
532
79
-370
-490
-907
-1087
-1353
-1929
-2053
-2213
-2566
-2587
-2500
-2465
-2357
-2230
-2105
-1838
-1543
-1256
-826
-537
-235
202
435
819
1101
1050
1040
959
648
446
274
-280
-901
-1530
-2072
-2630
-3000
-3322
-3667
-3835
-4076
-4126
-4059
-3749
-3544
-3694
-3486
-3295
-3114
-2595
-2332
-2009
-1617
-1334
-1029
-531
6
241
477
591
586
721
679
565
452
204
55
-9
20
36
-32
-39
-35
20
85
310
458
476
560
561
741
1027
1213
1540
1920
2140
2366
2642
2876
3104
3290
3258
3231
3204
3054
2942
2813
2610
2466
2242
2108
2136
2151
2163
2330
2505
2499
2526
2367
2203
2057
1687
1344
1152
909
461
115
-56
-298
-387
-625
-964
-1119
-1513
-1788
-1770
-1821
-1779
-1711
-1620
-1540
-1283
-952
-769
-362
-220
-39
356
539
819
1035
1039
1051
1015
743
412
8
-622
-1146
-1607
-2181
-2615
-2942
-3457
-3722
-3844
-4119
-4017
-3812
-3839
-3814
-3657
-3600
-3329
-2905
-2742
-2398
-2088
-1934
-1577
-1225
-835
-373
-69
117
315
427
480
427
214
41
-75
-316
-344
-265
-279
-169
-109
-97
0
75
51
123
164
219
461
640
816
1168
1466
1710
2039
2316
2528
2786
2956
2997
3016
3026
2916
2798
2703
2513
2374
2202
2010
1936
1863
1846
2031
2266
2293
2275
2202
1940
1730
1415
1160
1104
963
657
363
210
46
22
-72
-288
-418
-693
-927
-927
-888
-874
-815
-764
-708
-540
-278
-63
209
364
458
648
866
1055
1165
1203
1132
968
754
464
224
-69
-574
-1164
-1652
-2181
-2664
-3026
-3469
-3755
-3923
-3981
-4015
-3902
-3748
-3693
-3353
-3129
-2967
-2635
-2410
-2215
-2003
-1848
-1613
-1366
-1129
-839
-585
-412
-248
-138
-192
-261
-309
-415
-586
-788
-836
-799
-841
-707
-559
-472
-348
-217
31
209
446
629
768
966
1161
1409
1613
1805
2029
2209
2518
2797
2967
3125
3143
3126
3014
2760
2520
2262
2000
1786
1569
1496
1594
1735
1877
1932
1932
1824
1704
1448
1123
950
698
451
302
137
129
173
110
71
40
-35
-19
-22
-3
41
-11
-72
-90
-24
60
250
413
527
670
821
1025
1178
1224
1177
1082
894
581
460
247
-164
-536
-1024
-1501
-1876
-2228
-2637
-2924
-3122
-3445
-3585
-3484
-3447
-3249
-3082
-3014
-2673
-2442
-2202
-1844
-1614
-1395
-1301
-1231
-1099
-1003
-962
-923
-881
-912
-913
-877
-889
-931
-965
-1030
-1026
-1080
-1178
-1154
-1140
-1189
-1116
-972
-793
-474
-137
150
530
896
1188
1533
1753
1886
2003
2037
2109
2169
2198
2189
2200
2236
2192
2210
2184
2017
1876
1654
1374
1181
1007
824
686
658
595
598
738
748
807
876
872
855
838
737
687
631
584
647
696
795
970
1074
1133
1281
1325
1319
1218
1104
1043
955
858
834
870
838
882
942
910
857
795
566
405
204
-161
-453
-778
-1160
-1445
-1647
-1935
-2083
-2180
-2322
-2229
-2096
-2001
-1846
-1683
-1592
-1551
-1538
-1540
-1472
-1466
-1424
-1282
-1230
-1182
-1137
-1175
-1258
-1325
-1430
-1563
-1690
-1884
-1993
-2079
-2108
-2093
-1987
-1943
-1817
-1626
-1441
-1060
-693
-312
-3
262
499
741
975
1172
1363
1531
1647
1764
1913
1967
1961
1880
1685
1529
1390
1207
1015
870
734
547
439
343
197
33
-187
-443
-596
-810
-939
-932
-863
-777
-589
-329
-78
263
530
816
1065
1263
1432
1539
1667
1752
1776
1717
1754
1804
1789
1858
1890
1891
1897
1948
1835
1718
1549
1277
1021
777
574
446
400
264
224
197
151
173
130
91
-67
-252
-394
-523
-625
-757
-773
-794
-803
-801
-831
-786
-777
-785
-736
-768
-855
-963
-1100
-1292
-1432
-1537
-1636
-1668
-1715
-1778
-1751
-1751
-1785
-1769
-1783
-1779
-1728
-1636
-1502
-1288
-1034
-698
-386
-132
214
487
652
900
1044
1088
1130
1093
1035
963
834
661
509
392
248
94
-29
-169
-363
-633
-892
-1153
-1366
-1592
-1750
-1850
-1887
-1870
-1809
-1663
-1486
-1306
-1076
-781
-543
-225
90
326
558
809
1009
1198
1422
1595
1681
1737
1797
1769
1806
1826
1765
1731
1689
1640
1594
1601
1586
1546
1479
1432
1410
1363
1331
1323
1331
1274
1215
1227
1220
1243
1303
1269
1237
1158
1054
964
799
641
426
168
-84
-315
-504
-655
-745
-835
-866
-861
-882
-869
-844
-868
-933
-971
-977
-987
-1014
-1016
-995
-929
-903
-850
-748
-678
-611
-495
-431
-409
-414
-504
-568
-647
-701
-705
-691
-650
-556
-497
-419
-396
-397
-435
-601
-715
-813
-995
-1130
-1238
-1401
-1478
-1531
-1646
-1686
-1720
-1732
-1730
-1642
-1547
-1430
-1328
-1259
-1139
-1027
-865
-727
-630
-485
-399
-337
-176
-14
173
306
429
512
633
737
822
936
1024
1108
1211
1313
1435
1570
1676
1750
1797
1835
1879
1894
1977
2088
2160
2267
2310
2312
2294
2244
2209
2132
2052
1908
1797
1711
1534
1394
1296
1140
959
828
660
493
293
163
51
-118
-230
-304
-317
-333
-323
-267
-201
-92
-3
61
133
141
110
46
-49
-181
-260
-371
-490
-562
-605
-716
-796
-866
-972
-1084
-1198
-1308
-1439
-1552
-1679
-1776
-1887
-1931
-1890
-1800
-1724
-1624
-1488
-1423
-1372
-1369
-1386
-1409
-1542
-1596
-1673
-1718
-1700
-1715
-1677
-1615
-1525
-1503
-1457
-1393
-1381
-1346
-1366
-1304
-1216
-1168
-1109
-1005
-914
-858
-743
-558
-361
-117
117
302
545
729
932
1097
1238
1383
1465
1537
1599
1677
1783
1854
1927
1977
2027
2033
2036
2079
2129
2185
2189
2184
2178
2180
2198
2205
2211
2162
2070
2028
1992
1948
1867
1798
1694
1608
1529
1469
1455
1369
1290
1161
1034
909
792
658
514
383
237
121
66
2
-53
-77
-150
-192
-273
-361
-498
-637
-772
-877
-977
-1071
-1152
-1212
-1303
-1394
-1424
-1521
-1593
-1670
-1798
-1931
-2014
-2107
-2195
-2223
-2203
-2174
-2128
-2018
-1910
-1786
-1757
-1740
-1781
-1806
-1835
-1895
-1935
-1954
-1956
-1926
-1847
-1770
-1632
-1484
-1356
-1235
-1118
-1005
-928
-916
-850
-816
-724
-649
-554
-430
-364
-189
-46
146
356
522
728
862
1029
1145
1219
1297
1373
1437
1486
1553
1651
1759
1869
1922
2054
2132
2210
2303
2305
2368
2376
2318
2312
2326
2232
2200
2148
2094
2022
1958
1917
1836
1768
1664
1558
1478
1384
1244
1118
1037
943
869
845
774
633
541
398
296
203
99
5
-72
-89
-135
-186
-225
-260
-394
-494
-605
-800
-932
-1085
-1266
-1411
-1510
-1592
-1650
-1683
-1719
-1738
-1802
-1841
-1863
-1952
-2032
-2082
-2096
-2027
-1941
-1863
-1807
-1747
-1647
-1597
-1541
-1518
-1488
-1502
-1532
-1542
-1535
-1496
-1537
-1508
-1432
-1330
-1209
-1092
-920
-801
-700
-604
-536
-509
-482
-419
-370
-302
-216
-58
106
289
483
672
851
1000
1113
1197
1313
1347
1328
1331
1352
1357
1384
1456
1476
1515
1553
1590
1641
1716
1767
1811
1849
1825
1809
1761
1693
1674
1593
1511
1495
1491
1472
1440
1400
1368
1312
1258
1195
1101
989
891
791
725
669
600
526
385
336
250
132
64
-38
-138
-208
-223
-259
-275
-324
-403
-447
-512
-591
-660
-757
-866
-960
-1034
-1118
-1222
-1293
-1378
-1411
-1434
-1492
-1514
-1563
-1586
-1589
-1647
-1648
-1651
-1622
-1565
-1523
-1427
-1353
-1286
-1186
-1140
-1150
-1131
-1190
-1170
-1144
-1102
-1081
-1037
-954
-843
-715
-564
-457
-386
-265
-206
-193
-115
-49
-34
-4
33
45
69
107
189
299
419
583
691
780
877
886
902
893
843
869
864
832
836
823
830
882
957
1041
1113
1163
1218
1290
1367
1434
1394
1355
1328
1305
1267
1250
1214
1114
1042
981
969
920
862
831
793
769
720
665
590
549
494
424
388
371
312
246
186
109
106
16
-51
-22
-57
-49
-63
-101
-112
-151
-260
-327
-438
-583
-680
-778
-877
-935
-1001
-1070
-1111
-1123
-1124
-1177
-1192
-1236
-1225
-1249
-1237
-1216
-1203
-1183
-1135
-1047
-1014
-969
-953
-962
-946
-948
-953
-927
-923
-834
-763
-688
-625
-593
-517
-463
-366
-305
-251
-219
-224
-199
-246
-279
-251
-270
-227
-118
-66
45
128
201
300
363
394
420
468
440
413
377
320
314
287
315
410
489
612
694
773
846
890
915
949
976
979
970
959
950
921
887
897
919
907
893
877
903
914
921
904
862
804
773
750
708
653
613
539
528
531
496
489
459
412
410
370
360
397
388
383
353
322
262
181
144
43
-86
-163
-303
-412
-522
-604
-690
-732
-765
-793
-810
-876
-889
-945
-972
-1012
-1012
-1021
-1037
-1036
-1009
-943
-900
-902
-896
-844
-863
-851
-819
-801
-770
-761
-749
-769
-702
-658
-659
-606
-526
-528
-483
-417
-381
-396
-425
-470
-507
-487
-454
-365
-281
-231
-194
-144
-82
-16
12
56
75
36
57
29
-38
-5
10
34
134
198
256
362
468
576
677
759
794
851
810
818
839
796
770
761
774
810
877
890
916
968
957
948
983
989
961
972
971
944
892
872
860
857
833
820
780
737
695
656
640
599
586
532
483
422
356
300
203
84
-11
-114
-225
-365
-478
-557
-653
-689
-733
-760
-779
-796
-795
-776
-809
-816
-800
-791
-794
-820
-764
-763
-792
-758
-763
-778
-755
-793
-757
-712
-730
-728
-742
-769
-785
-733
-683
-683
-672
-630
-605
-561
-487
-518
-499
-470
-454
-404
-352
-315
-323
-248
-243
-185
-125
-125
-108
-118
-145
-161
-194
-231
-207
-201
-171
-122
-66
-21
73
198
313
387
488
566
629
698
722
746
779
832
861
920
932
1017
1076
1097
1161
1217
1261
1217
1201
1182
1130
1100
1028
947
875
837
805
746
712
665
603
528
481
437
401
383
307
275
240
169
81
-4
-50
-121
-198
-248
-319
-405
-445
-494
-531
-555
-589
-635
-703
-676
-682
-674
-660
-661
-670
-640
-608
-637
-659
-668
-652
-646
-628
-616
-610
-620
-678
-667
-648
-609
-612
-584
-554
-512
-485
-415
-407
-390
-318
-302
-278
-259
-270
-330
-328
-330
-355
-383
-384
-410
-415
-404
-419
-434
-440
-397
-401
-379
-361
-375
-383
-373
-305
-260
-169
-81
65
169
254
408
524
633
737
821
910
963
1000
1050
1067
1082
1123
1153
1167
1208
1201
1173
1106
1053
1012
939
896
823
758
648
576
516
465
424
414
388
328
309
297
260
234
249
224
205
152
124
100
40
-28
-79
-140
-195
-225
-294
-294
-332
-379
-442
-482
-498
-517
-527
-507
-483
-537
-545
-510
-501
-481
-458
-455
-458
-449
-413
-380
-358
-337
-350
-390
-414
-449
-450
-448
-433
-438
-425
-397
-404
-373
-376
-375
-396
-413
-445
-508
-551
-603
-587
-573
-590
-617
-614
-612
-578
-533
-498
-461
-428
-431
-377
-328
-346
-282
-231
-184
-137
-70
27
127
254
398
480
580
676
733
784
828
882
902
870
837
831
841
868
852
845
848
846
834
810
758
720
680
604
568
512
469
416
424
414
403
430
382
355
383
378
370
393
370
343
314
257
215
177
127
62
-20
-69
-101
-164
-232
-283
-335
-372
-391
-357
-291
-295
-243
-241
-246
-256
-234
-256
-316
-323
-356
-322
-306
-312
-313
-310
-310
-310
-275
-279
-302
-328
-386
-448
-449
-442
-455
-472
-483
-479
-465
-473
-484
-497
-535
-501
-529
-543
-509
-494
-506
-468
-398
-409
-365
-344
-343
-284
-273
-276
-247
-285
-271
-243
-172
-129
-87
30
90
163
267
322
385
424
415
444
492
504
482
509
468
459
456
501
516
527
504
488
501
483
503
453
433
405
421
393
344
310
291
333
330
298
317
321
265
263
256
247
237
233
200
177
142
94
63
39
36
-31
-85
-129
-152
-187
-132
-109
-75
-31
-24
-2
46
74
75
83
54
42
27
-2
-17
-21
-47
-65
-88
-118
-122
-101
-100
-90
-114
-166
-221
-262
-278
-308
-333
-348
-356
-350
-341
-341
-340
-371
-386
-383
-353
-330
-294
-284
-324
-347
-371
-372
-381
-393
-412
-422
-457
-474
-476
-456
-438
-418
-382
-314
-288
-252
-175
-85
-8
47
109
167
205
212
226
234
237
234
278
285
300
350
388
483
506
517
507
449
437
414
389
345
312
279
291
301
256
259
235
246
269
290
325
331
339
306
316
323
284
247
245
205
187
213
199
172
154
127
101
88
89
101
144
149
176
196
216
223
196
198
132
103
59
26
22
-12
-42
-47
-34
-69
-92
-106
-140
-172
-214
-270
-319
-352
-397
-433
-454
-453
-455
-463
-448
-456
-475
-453
-452
-457
-436
-437
-421
-451
-496
-518
-521
-493
-483
-443
-463
-448
-462
-452
-376
-348
-351
-325
-284
-293
-255
-180
-120
-50
-10
23
64
105
142
161
219
238
222
216
231
214
209
206
245
265
308
344
366
385
371
334
322
296
253
262
244
232
216
221
243
250
320
360
414
421
418
418
378
351
325
316
318
297
301
320
322
326
335
336
356
396
383
407
420
425
429
415
385
335
314
274
215
194
186
143
86
52
7
-51
-76
-139
-147
-174
-196
-197
-244
-276
-325
-338
-375
-420
-462
-506
-518
-498
-512
-513
-526
-544
-543
-506
-521
-547
-551
-562
-588
-582
-566
-594
-608
-594
-588
-577
-574
-566
-586
-581
-541
-507
-465
-460
-422
-354
-317
-277
-228
-171
-125
-92
-32
-17
11
71
105
146
199
201
164
188
234
228
258
276
293
332
349
328
324
332
317
324
361
384
355
364
423
426
462
503
541
562
555
574
580
576
544
560
585
613
597
558
570
567
566
574
566
568
564
544
493
456
477
431
405
367
342
273
234
196
186
199
172
120
49
-10
-54
-105
-174
-208
-260
-295
-331
-364
-426
-450
-470
-474
-488
-511
-505
-529
-542
-563
-602
-628
-650
-697
-680
-692
-719
-704
-679
-665
-674
-665
-635
-619
-637
-616
-601
-584
-566
-553
-525
-486
-466
-474
-436
-391
-368
-334
-307
-270
-231
-165
-89
-52
8
21
16
21
55
68
75
82
102
140
159
200
222
220
252
292
317
380
359
371
415
487
482
489
522
529
508
505
547
556
540
578
604
604
602
582
588
623
635
653
692
678
693
675
657
652
650
636
615
577
508
495
438
396
386
372
334
311
293
224
131
102
64
-5
-19
-82
-116
-164
-214
-276
-315
-389
-420
-439
-485
-488
-513
-484
-519
-552
-542
-595
-616
-646
-671
-706
-707
-691
-667
-654
-681
-705
-689
-683
-688
-677
-661
-637
-624
-628
-623
-596
-624
-605
-564
-544
-503
-506
-445
-381
-346
-317
-280
-255
-202
-184
-115
-54
-20
11
27
48
50
54
61
127
181
218
287
346
337
393
423
464
488
505
507
512
531
532
573
555
565
597
616
634
662
696
702
730
731
709
701
666
686
694
704
724
694
648
660
633
587
570
547
478
426
381
348
331
300
232
180
157
84
73
10
-37
-70
-153
-190
-196
-274
-322
-379
-385
-379
-407
-418
-447
-481
-499
-522
-544
-525
-534
-525
-521
-543
-561
-565
-592
-620
-626
-583
-586
-579
-583
-569
-568
-584
-603
-611
-583
-573
-540
-515
-472
-423
-429
-400
-395
-396
-387
-389
-386
-355
-336
-323
-287
-264
-262
-209
-159
-114
-71
-62
-46
-27
11
60
64
102
120
181
200
203
238
300
372
379
438
473
502
514
526
572
581
601
598
617
626
655
696
725
749
761
772
767
777
756
743
766
768
717
691
690
664
657
662
624
602
546
460
421
392
345
289
253
222
165
108
51
-19
-78
-113
-181
-196
-223
-303
-337
-351
-370
-396
-439
-468
-475
-482
-520
-561
-586
-583
-587
-603
-595
-610
-662
-662
-636
-647
-637
-606
-605
-619
-618
-607
-624
-619
-608
-608
-608
-583
-559
-536
-522
-525
-490
-461
-422
-392
-353
-320
-284
-272
-245
-241
-205
-202
-199
-140
-71
-33
-4
60
66
79
105
157
204
246
279
332
349
375
398
415
466
519
542
564
563
559
588
545
562
572
608
638
676
694
677
633
579
565
551
550
526
539
575
570
531
532
504
447
431
398
378
370
358
318
266
227
174
127
83
56
7
-22
-52
-90
-113
-158
-155
-162
-159
-203
-214
-236
-295
-285
-310
-330
-363
-366
-394
-389
-388
-436
-430
-444
-466
-479
-462
-478
-460
-477
-479
-451
-443
-440
-484
-476
-463
-470
-459
-424
-392
-387
-388
-432
-456
-442
-449
-384
-331
-310
-310
-290
-257
-227
-200
-201
-168
-139
-137
-93
-49
-13
30
51
76
135
177
162
181
210
218
208
229
251
303
345
375
416
400
386
377
393
411
414
416
456
481
494
500
485
466
439
445
468
463
474
427
425
418
399
399
384
398
354
313
256
243
230
189
159
156
129
137
106
71
58
-1
-16
-55
-64
-85
-127
-117
-139
-177
-158
-163
-199
-222
-272
-270
-293
-304
-299
-295
-295
-322
-311
-277
-281
-267
-231
-228
-249
-255
-241
-264
-243
-243
-277
-221
-197
-219
-194
-199
-204
-233
-240
-229
-214
-212
-256
-252
-238
-272
-253
-231
-221
-220
-211
-217
-197
-197
-188
-171
-138
-118
-127
-107
-59
-54
-35
-6
20
31
60
92
92
89
116
110
117
167
130
136
177
172
194
217
222
185
197
191
222
264
239
291
304
298
295
304
308
330
320
320
355
366
351
310
310
272
257
279
261
269
261
233
208
196
191
150
140
135
115
110
106
119
90
57
18
6
-26
-16
-4
-8
4
-37
-37
-57
-52
-28
-76
-107
-122
-117
-107
-138
-127
-166
-182
-172
-194
-235
-251
-248
-246
-218
-234
-285
-276
-303
-324
-284
-279
-275
-265
-286
-335
-337
-347
-338
-310
-255
-239
-271
-298
-294
-272
-275
-281
-250
-273
-283
-234
-198
-198
-196
-162
-177
-139
-107
-87
-67
-24
6
6
10
16
8
45
86
140
183
167
195
161
150
160
165
156
211
235
278
346
353
363
362
336
328
382
406
378
390
403
373
366
370
382
363
347
341
316
316
319
298
290
299
298
285
291
249
210
173
127
126
95
90
75
37
57
67
54
42
19
-3
-30
3
23
-5
-10
-65
-84
-88
-141
-140
-144
-175
-167
-168
-220
-246
-274
-294
-278
-289
-278
-280
-280
-295
-326
-336
-369
-413
-400
-386
-410
-426
-403
-407
-379
-389
-383
-376
-398
-365
-343
-288
-309
-298
-281
-259
-240
-219
-218
-190
-198
-182
-109
-161
-163
-125
-86
-47
-27
-3
0
4
30
31
62
81
99
110
104
161
205
214
207
242
295
303
300
320
309
316
304
283
295
294
326
332
369
379
368
339
324
324
312
340
321
334
355
349
365
367
317
284
271
256
223
214
227
210
260
256
247
244
214
201
190
208
179
156
130
115
88
89
43
15
31
-14
-4
-21
-60
-90
-97
-114
-142
-164
-194
-214
-240
-250
-265
-298
-352
-344
-339
-346
-373
-400
-413
-444
-441
-418
-417
-403
-366
-384
-375
-388
-413
-430
-430
-438
-469
-478
-440
-381
-378
-344
-320
-335
-308
-291
-258
-227
-240
-203
-132
-107
-94
-91
-60
-36
-34
31
67
116
99
81
127
139
168
189
227
238
289
298
273
324
354
333
332
381
401
390
401
404
403
397
403
395
391
402
383
349
355
333
346
344
346
356
302
266
252
249
246
228
201
183
151
146
140
149
124
88
93
96
90
55
38
36
4
19
-36
-67
-59
-70
-66
-93
-91
-69
-89
-107
-129
-164
-199
-216
-261
-253
-255
-275
-268
-286
-297
-267
-299
-362
-351
-347
-320
-309
-329
-329
-336
-365
-380
-382
-363
-383
-361
-349
-339
-331
-330
-301
-257
-253
-227
-192
-172
-146
-151
-119
-92
-89
-100
-69
-7
-24
-35
15
46
78
105
98
139
163
119
142
187
208
212
217
237
214
171
179
208
256
268
295
291
316
319
305
349
303
300
333
332
355
348
315
329
297
290
295
282
298
278
271
266
258
263
228
203
197
159
114
103
76
91
89
74
42
-5
-6
2
33
9
-22
-43
-58
-53
-74
-53
-78
-133
-169
-171
-136
-163
-177
-169
-144
-135
-166
-200
-227
-264
-290
-262
-233
-252
-275
-293
-297
-314
-331
-342
-362
-367
-358
-366
-367
-345
-280
-266
-258
-265
-271
-228
-220
-202
-175
-167
-153
-129
-177
-162
-155
-203
-207
-168
-150
-114
-82
-77
-40
-43
-59
-50
-20
15
52
59
83
86
118
170
167
193
212
205
207
240
283
311
303
288
325
355
345
323
352
333
343
340
341
371
325
328
318
315
299
315
300
276
282
254
229
220
209
193
210
206
172
168
158
182
152
124
101
121
120
91
102
103
65
42
34
-13
-43
-86
-102
-131
-105
-120
-105
-155
-150
-135
-164
-133
-137
-174
-210
-201
-241
-259
-273
-275
-285
-310
-332
-357
-386
-356
-363
-382
-359
-393
-385
-356
-323
-301
-284
-299
-299
-265
-255
-230
-266
-268
-273
-271
-226
-190
-166
-132
-156
-127
-74
-62
-48
-41
-49
-68
-28
-10
4
6
19
67
98
90
110
128
134
176
179
254
273
242
266
275
272
274
279
298
299
286
275
282
298
321
325
311
304
285
298
313
304
268
283
269
272
279
270
274
226
229
227
212
208
206
180
158
157
138
137
77
47
88
66
66
55
39
7
-13
-26
-43
-53
-89
-102
-100
-117
-169
-165
-165
-200
-186
-197
-224
-204
-225
-204
-229
-243
-247
-283
-269
-248
-250
-292
-287
-303
-310
-307
-302
-277
-297
-291
-290
-282
-258
-247
-261
-262
-230
-212
-187
-169
-148
-137
-119
-95
-83
-72
-108
-90
-99
-114
-78
-36
2
-12
-18
-19
7
26
32
36
51
65
59
123
61
54
95
124
164
149
174
182
182
183
220
220
231
223
224
247
246
246
279
287
299
297
244
189
185
162
197
225
222
235
237
244
220
216
202
185
165
173
162
164
126
89
67
61
85
79
71
122
103
52
89
66
52
9
-14
-37
-51
-56
-73
-53
-64
-86
-80
-138
-185
-175
-183
-177
-188
-177
-198
-210
-216
-241
-246
-280
-294
-300
-298
-294
-295
-288
-245
-205
-227
-246
-228
-214
-228
-181
-172
-173
-158
-192
-202
-189
-161
-178
-189
-160
-151
-187
-165
-132
-100
-65
-53
-16
-17
-36
-20
14
4
22
51
43
68
76
73
82
110
130
152
180
185
209
228
208
221
228
229
240
254
229
195
176
206
190
213
228
200
212
197
228
249
269
273
244
245
276
262
279
231
222
200
180
193
172
180
175
174
137
136
137
131
90
90
79
78
54
14
19
-14
-28
-7
-17
-46
-69
-87
-82
-113
-127
-161
-194
-153
-189
-234
-246
-262
-287
-284
-304
-310
-317
-359
-370
-330
-344
-344
-298
-309
-280
-295
-295
-281
-283
-253
-232
-212
-247
-254
-260
-226
-183
-179
-173
-165
-176
-149
-140
-125
-74
-86
-101
-76
-44
-55
-19
7
15
26
26
71
87
75
93
121
135
123
140
172
171
176
173
214
193
189
239
213
199
197
208
207
243
258
259
268
259
254
239
241
240
253
253
253
259
239
244
240
223
214
228
242
219
215
207
189
190
189
196
159
141
134
70
67
54
33
43
51
53
55
35
14
-8
-20
-59
-46
-56
-123
-146
-146
-156
-161
-148
-166
-169
-186
-183
-201
-224
-230
-241
-238
-253
-249
-231
-263
-263
-253
-266
-286
-296
-268
-256
-278
-258
-266
-311
-265
-232
-220
-205
-203
-203
-222
-218
-210
-222
-216
-222
-217
-180
-183
-172
-153
-129
-100
-76
-44
-43
-51
-50
-13
2
30
75
78
93
104
107
116
150
170
196
205
213
214
222
209
226
230
244
258
266
303
316
292
287
319
299
315
332
303
276
263
279
287
254
262
270
222
203
208
213
187
209
210
212
186
177
146
111
142
133
115
93
72
49
53
1
4
-5
-49
-46
-47
-70
-92
-124
-130
-158
-154
-117
-153
-138
-115
-148
-145
-165
-187
-205
-211
-240
-236
-240
-262
-251
-239
-241
-257
-275
-285
-269
-259
-239
-209
-206
-212
-234
-254
-247
-251
-236
-229
-245
-239
-215
-194
-159
-118
-99
-90
-103
-115
-93
-77
-76
-61
-23
3
-23
-23
-29
-50
-20
14
50
69
59
62
93
113
145
179
193
213
195
198
222
210
204
201
209
255
244
233
230
235
230
224
230
250
231
254
253
217
247
242
230
215
188
166
145
140
124
93
90
63
69
73
52
54
69
59
52
58
15
11
5
-51
-50
-60
-72
-87
-109
-106
-132
-146
-125
-151
-170
-166
-186
-198
-194
-194
-202
-174
-183
-177
-167
-157
-159
-169
-171
-165
-143
-140
-149
-153
-143
-125
-125
-101
-107
-131
-120
-111
-118
-121
-104
-108
-88
-89
-54
-45
-38
-17
2
11
-4
-3
10
16
2
11
28
38
43
47
47
61
48
66
53
74
98
107
100
92
109
106
110
123
127
129
141
129
116
129
140
124
149
177
150
165
189
186
195
200
187
161
154
159
139
131
133
96
94
81
96
123
92
103
95
69
55
72
73
44
44
28
10
-5
-38
-48
-55
-62
-73
-88
-80
-77
-104
-120
-134
-160
-148
-157
-159
-139
-148
-175
-164
-172
-170
-162
-153
-157
-167
-177
-159
-141
-176
-176
-156
-158
-167
-146
-145
-154
-165
-152
-130
-111
-112
-129
-138
-147
-143
-130
-104
-79
-70
-77
-42
-56
-49
-43
-39
-28
-11
-2
14
23
46
58
61
60
70
79
84
96
121
139
131
139
139
143
152
158
157
157
154
142
160
174
163
146
135
122
138
143
124
138
146
149
132
153
136
145
158
107
112
114
112
104
113
104
125
98
83
91
78
52
32
32
18
33
36
29
12
-17
-45
-50
-56
-62
-58
-35
-55
-68
-64
-46
-53
-74
-66
-79
-101
-112
-103
-84
-85
-87
-108
-127
-114
-108
-113
-119
-139
-160
-168
-153
-134
-134
-153
-170
-173
-166
-153
-155
-147
-142
-141
-116
-95
-98
-84
-86
-92
-88
-92
-83
-65
-43
-47
-41
-37
-41
-28
-6
28
25
19
28
42
39
42
39
38
40
40
53
62
78
77
95
110
103
107
108
121
132
125
151
165
127
131
116
101
100
117
104
98
85
61
66
63
84
98
97
106
101
100
89
95
69
71
76
57
61
52
65
40
42
32
8
22
13
-15
-15
-13
-23
-4
-11
-24
-29
-34
-34
-36
-20
-26
-35
-30
-18
-32
-31
-32
-36
-50
-60
-48
-59
-59
-70
-62
-81
-93
-66
-58
-56
-47
-59
-75
-68
-82
-61
-62
-59
-61
-84
-72
-77
-80
-76
-73
-83
-69
-42
-22
-28
-22
-29
-20
-11
-14
-7
-10
-19
-5
2
18
10
0
-11
-30
-26
-23
-16
-1
-17
-23
-5
-13
4
23
17
0
2
9
9
4
3
6
-4
18
34
41
40
51
55
35
44
61
54
50
57
53
59
63
65
57
53
52
65
62
76
76
73
80
76
75
73
74
70
75
54
46
32
34
28
11
6
4
14
12
22
16
11
4
-1
11
8
6
21
13
-1
-20
-24
-19
-33
-33
-30
-37
-41
-53
-61
-53
-46
-59
-58
-63
-58
-61
-64
-58
-55
-72
-79
-75
-76
-72
-90
-80
-59
-68
-74
-55
-79
-66
-79
-78
-77
-69
-50
-64
-49
-33
-28
-34
-37
-30
-25
-31
-19
-3
-14
-20
-13
3
10
10
8
26
39
20
8
27
45
33
43
43
54
50
35
49
58
51
45
61
54
61
70
65
77
65
73
79
75
84
83
78
70
67
73
72
82
75
59
69
70
78
72
63
49
33
29
46
45
25
32
29
14
19
23
3
3
-7
5
14
0
-10
-16
-18
-13
-5
-11
-19
-34
-21
-23
-33
-40
-55
-51
-63
-70
-65
-59
-61
-56
-47
-61
-75
-67
-58
-64
-71
-54
-66
-71
-53
-66
-60
-62
-76
-76
-79
-71
-67
-86
-88
-83
-74
-72
-64
-67
-71
-57
-47
-35
-23
-28
-30
-23
-22
-17
-23
-15
-14
-10
-5
-6
-7
7
15
32
55
48
52
54
70
71
56
62
60
58
68
69
75
85
70
61
79
95
99
84
90
104
101
106
104
96
78
70
71
72
63
57
42
36
40
37
37
44
52
52
45
38
35
24
13
7
21
13
7
6
-10
-31
-31
-26
-32
-24
-17
-23
-9
-16
-25
-41
-48
-34
-31
-25
-32
-50
-56
-68
-88
-78
-80
-93
-81
-79
-78
-58
-47
-44
-64
-73
-67
-75
-81
-76
-69
-80
-75
-70
-66
-51
-43
-57
-54
-39
-50
-54
-43
-28
-25
-43
-49
-45
-21
-18
-14
-5
-6
4
-12
0
10
6
22
14
24
23
32
35
42
56
54
41
52
63
60
68
78
85
91
83
99
101
84
85
89
91
83
78
86
80
84
81
66
59
60
56
52
43
32
36
44
14
19
35
26
23
29
29
26
11
2
-5
-17
-18
-16
-30
-21
-27
-37
-32
-22
-13
-30
-34
-55
-62
-63
-68
-64
-81
-93
-89
-66
-62
-56
-57
-60
-57
-55
-49
-55
-53
-59
-50
-51
-47
-33
-35
-40
-36
-28
-40
-37
-29
-25
-41
-42
-26
-21
-17
9
13
-9
-6
-17
-10
2
9
4
-5
17
15
22
35
32
29
21
37
32
37
46
42
38
39
33
24
27
27
17
27
26
19
13
11
18
17
15
14
6
17
17
17
27
25
25
6
9
6
19
27
27
47
29
32
38
40
38
31
26
21
30
28
28
26
13
19
13
6
9
17
18
3
11
12
19
11
-2
16
14
2
-9
-11
-9
-24
-29
-26
-31
-32
-34
-35
-36
-26
-18
-28
-28
-34
-39
-45
-43
-41
-33
-38
-40
-37
-59
-57
-45
-46
-47
-42
-34
-26
-40
-29
-18
-23
-21
-21
-16
-24
-38
-21
-4
-1
5
3
-2
-1
5
11
11
6
1
16
18
12
7
4
2
15
16
20
27
24
28
32
38
43
37
24
44
43
27
31
38
42
45
42
34
38
36
22
22
44
44
43
41
38
42
38
38
27
17
11
9
2
9
9
2
19
13
9
8
8
10
4
-6
0
6
-5
-11
-18
-29
-28
-34
-38
-34
-41
-46
-42
-32
-25
-13
-10
-23
-20
-24
-29
-29
-21
-22
-28
-30
-29
-36
-43
-46
-52
-57
-48
-38
-49
-49
-48
-48
-29
-18
-14
-14
-26
-22
-22
-12
-9
-21
-25
-18
-29
-17
-15
-17
-3
-9
-4
9
15
16
17
16
9
1
3
5
-2
3
9
8
11
14
24
30
36
32
28
29
9
14
19
26
43
41
47
50
42
29
37
43
45
44
44
46
52
48
48
51
44
36
28
28
28
30
39
42
45
42
39
41
44
33
15
18
16
13
2
6
6
-7
-15
0
-1
-5
-12
-17
-4
-13
-9
-14
-20
-15
-23
-30
-26
-28
-40
-34
-33
-43
-45
-50
-37
-35
-35
-32
-32
-31
-33
-28
-22
-22
-27
-26
-25
-20
-26
-45
-45
-36
-33
-42
-35
-20
-27
-23
-10
-16
-27
-30
-26
-23
-25
-26
-23
-16
-16
-15
-7
-18
-20
-22
-29
-24
-24
-12
0
-3
-5
4
-4
-3
6
9
16
15
15
15
20
28
30
19
13
20
23
23
26
33
28
31
33
40
43
44
48
45
42
40
46
44
37
23
29
38
32
36
29
37
39
29
26
31
25
25
25
20
15
10
4
13
18
5
7
6
0
-5
-8
-13
-14
-21
-21
-23
-18
-24
-34
-29
-27
-21
-20
-12
-16
-24
-31
-34
-29
-27
-33
-35
-24
-26
-30
-33
-31
-27
-26
-33
-34
-30
-27
-22
-18
-21
-19
-19
-18
-14
-14
-10
-8
3
5
3
4
3
-2
-2
4
0
-1
4
12
1
-5
4
12
12
9
7
3
7
10
10
22
24
20
21
20
18
18
23
19
25
28
29
33
28
28
28
19
22
22
25
32
24
24
31
31
23
25
27
22
13
15
7
4
11
8
0
-1
3
3
10
8
8
13
4
11
14
2
-2
-14
-22
-19
-20
-23
-12
-7
-13
-11
-14
-13
-17
-24
-23
-12
-16
-28
-20
-19
-30
-36
-43
-31
-42
-42
-37
-36
-39
-38
-35
-34
-22
-19
-20
-20
-21
-23
-21
-28
-27
-28
-28
-32
-30
-27
-33
-20
-22
-19
-22
-29
-16
-6
-7
-8
-5
6
6
5
3
8
7
4
15
18
22
13
14
18
25
29
32
34
32
33
38
36
32
36
35
46
33
34
34
26
24
31
42
33
39
34
34
34
30
26
26
27
21
34
43
38
28
21
20
15
6
9
12
18
23
17
12
14
18
-1
2
2
-9
-16
-4
3
-4
-7
-15
-13
-7
-1
-6
-9
-5
-15
-21
-23
-23
-28
-26
-23
-29
-24
-25
-26
-32
-36
-32
-29
-34
-39
-31
-37
-42
-45
-36
-35
-32
-32
-33
-29
-40
-38
-39
-38
-29
-30
-25
-17
-22
-24
-20
-25
-25
-20
-26
-23
-9
-13
-8
-7
-10
-12
-13
-3
1
1
8
9
8
21
24
18
29
28
32
36
37
37
27
31
38
31
30
37
35
38
49
44
43
39
35
35
35
36
35
38
33
34
36
32
32
37
44
44
41
34
30
31
32
35
34
29
25
20
17
11
4
-1
-3
-3
2
1
-10
-14
-8
-16
-18
-13
-12
-16
-23
