-2
0
0
0
0
1
2
0
1
0
-2
-3
-3
-2
-2
-3
-4
-4
-2
-2
-2
-1
-1
-2
-1
-2
-1
0
-2
-2
-1
-2
-1
-1
-3
-1
0
-1
0
0
-1
0
-2
-2
-1
-1
-3
-3
-1
-1
2
0
1
1
0
0
2
2
0
2
1
1
1
2
1
1
1
0
0
1
0
1
1
0
-2
-2
-2
-2
-1
1
3
2
0
0
-1
1
2
0
0
-1
1
0
1
1
1
1
0
-1
-1
-1
-1
0
1
2
1
0
0
-1
-1
1
1
3
1
2
2
1
1
1
2
2
4
5
4
4
3
4
2
2
1
0
0
2
3
2
0
0
0
0
1
1
1
1
0
-2
-1
-1
-2
-3
-2
0
-2
-2
-1
-3
0
0
-1
-1
-2
-4
-3
-2
-1
-2
-3
-3
-4
-4
-3
-3
-1
-1
-2
-1
-1
-2
-1
-1
0
1
1
-2
-2
-2
0
0
1
1
-1
-2
-1
-1
-1
0
0
0
2
2
3
2
1
0
0
1
1
0
-1
-1
-1
0
-1
-1
-4
-2
1
0
1
1
0
-3
-4
-4
-4
-3
-1
-3
-1
0
-1
-1
-1
1
3
2
2
2
1
1
2
2
2
0
0
2
2
3
3
1
1
2
2
3
4
3
3
1
4
1
1
2
2
3
3
3
2
2
3
3
3
3
2
2
3
1
1
0
0
1
1
2
3
2
0
-2
-1
-1
1
1
1
0
0
0
-2
0
0
-1
-2
-2
-3
-3
-2
-2
-2
-1
-2
-3
-3
-2
-1
0
0
-1
-5
-5
-4
-4
-4
-2
-3
-3
-4
-3
-2
-3
-3
-2
-2
-4
-4
-5
-2
-1
0
0
-1
-2
-2
1
3
4
1
1
1
3
5
4
3
1
0
1
1
0
1
2
1
2
2
2
1
3
5
5
4
3
0
1
2
3
4
2
2
4
5
4
4
2
1
1
3
4
3
2
1
1
1
1
-2
-3
-4
-4
-3
-3
-3
-4
-2
-2
0
1
-1
-2
-2
-1
0
0
-2
-2
-3
-1
-1
-2
0
0
0
1
0
-1
-3
-3
-2
-1
-1
0
-3
-3
0
-1
-1
-1
-3
-3
-2
-1
0
-2
-2
-2
-1
0
0
-2
-3
-3
-2
-2
-2
-3
-3
-2
-2
0
0
0
-1
-1
0
1
0
-1
-1
-2
-2
0
0
0
0
1
0
0
-1
-3
-2
-1
1
1
1
0
1
1
3
4
3
0
0
0
2
3
5
4
3
5
6
6
8
7
7
8
9
9
9
6
5
6
6
7
8
8
8
10
10
10
7
7
7
8
8
8
6
6
6
5
4
4
2
2
3
3
3
1
0
0
1
0
0
-3
-4
-5
-6
-6
-7
-9
-10
-10
-11
-11
-13
-15
-17
-17
-16
-17
-18
-20
-21
-20
-21
-22
-21
-23
-24
-22
-22
-22
-20
-21
-21
-20
-19
-17
-15
-15
-14
-13
-12
-9
-7
-6
-7
-5
-3
-2
-1
0
1
3
5
7
8
9
11
13
15
17
19
18
18
20
21
20
21
22
22
24
28
28
28
28
27
29
30
29
29
28
28
29
30
27
26
25
25
26
26
25
22
21
20
20
20
18
17
16
17
17
19
19
17
17
17
17
17
17
15
13
13
10
7
4
0
-4
-6
-9
-13
-19
-28
-33
-38
-41
-43
-47
-51
-56
-62
-66
-68
-70
-72
-73
-75
-76
-74
-74
-73
-73
-72
-71
-71
-70
-66
-61
-57
-54
-49
-47
-43
-39
-33
-29
-24
-21
-19
-15
-9
-4
0
4
8
14
17
23
29
34
38
42
44
47
49
52
54
58
61
62
63
64
66
67
69
70
71
70
68
68
68
67
68
66
65
63
63
62
61
60
60
58
57
55
54
53
53
53
55
55
54
50
45
42
39
42
45
45
43
41
37
30
23
17
13
7
3
-4
-12
-21
-28
-36
-45
-53
-63
-71
-81
-88
-92
-97
-100
-106
-111
-118
-122
-125
-128
-127
-127
-128
-129
-129
-128
-124
-123
-119
-115
-113
-108
-106
-98
-90
-83
-78
-72
-68
-62
-56
-47
-38
-35
-28
-21
-14
-7
1
8
11
16
22
27
32
38
44
49
51
54
58
62
67
72
75
78
80
81
82
84
87
88
86
88
88
87
89
91
91
90
89
89
88
88
88
87
86
86
84
81
81
77
77
75
70
70
68
64
61
56
54
52
51
49
48
48
44
37
33
29
26
30
36
39
41
38
33
26
21
21
19
21
18
13
6
1
-7
-16
-21
-28
-35
-42
-52
-61
-68
-76
-83
-90
-99
-110
-122
-131
-135
-136
-142
-145
-148
-152
-158
-159
-160
-160
-159
-157
-155
-155
-154
-153
-148
-142
-137
-132
-126
-124
-115
-106
-96
-88
-81
-76
-70
-63
-55
-46
-36
-28
-21
-15
-8
-1
7
16
22
31
35
40
45
53
62
68
74
76
78
86
92
98
104
108
109
111
113
118
123
127
130
132
133
136
136
135
136
137
135
131
130
126
124
125
123
122
116
112
108
104
100
95
91
86
79
72
69
60
52
49
43
37
34
30
27
25
23
22
24
26
25
19
16
15
17
21
25
30
30
28
26
28
31
30
26
22
12
3
-3
-9
-13
-17
-27
-40
-54
-66
-76
-84
-92
-100
-107
-120
-132
-142
-152
-158
-167
-176
-183
-192
-200
-207
-206
-208
-208
-211
-215
-215
-212
-204
-197
-186
-179
-176
-168
-159
-152
-145
-133
-127
-121
-108
-97
-87
-78
-65
-50
-42
-36
-23
-11
0
17
28
37
46
52
60
69
78
83
86
87
96
110
123
130
133
134
141
149
151
153
154
155
152
153
152
146
142
142
148
152
155
150
147
144
145
147
142
135
130
123
121
122
119
112
104
102
101
102
99
89
76
69
71
70
68
64
55
51
52
48
38
25
13
5
10
23
37
61
77
85
81
66
52
36
34
56
81
94
93
66
32
-1
-29
-58
-83
-95
-100
-104
-112
-128
-148
-174
-191
-195
-196
-202
-214
-233
-241
-240
-236
-235
-240
-253
-260
-266
-263
-256
-245
-237
-236
-231
-226
-217
-208
-183
-153
-124
-100
-93
-99
-109
-104
-92
-77
-62
-52
-43
-31
-18
-4
8
5
-2
-4
-3
7
20
37
53
70
82
79
75
68
71
82
96
103
107
104
109
126
142
151
152
140
135
144
157
171
180
182
181
181
183
191
193
190
190
186
176
165
158
146
150
157
148
132
122
112
121
133
133
116
85
66
57
57
59
61
46
26
19
14
14
13
4
-5
-12
-14
-20
-28
-28
-24
-19
14
62
119
171
183
175
140
80
33
27
78
154
201
195
144
57
-47
-128
-168
-186
-197
-210
-225
-226
-223
-223
-241
-258
-282
-322
-357
-383
-381
-356
-313
-277
-246
-233
-237
-253
-261
-255
-249
-246
-254
-244
-219
-181
-137
-87
-40
-9
3
4
-4
-18
-17
-10
6
33
57
59
49
38
28
25
17
-9
-36
-57
-63
-50
-9
39
79
94
84
66
41
21
24
24
31
51
69
89
113
127
127
108
85
68
69
89
102
121
118
116
99
104
86
244
249
186
126
22
-35
-44
-1
121
280
201
178
51
-40
-81
-146
-66
-1
100
183
229
279
252
188
122
77
72
120
184
273
344
370
341
272
174
86
27
-11
-5
25
145
308
477
551
517
390
180
16
-33
106
351
581
651
557
313
-5
-319
-518
-559
-503
-443
-427
-442
-474
-533
-620
-751
-877
-1010
-1115
-1130
-991
-737
-467
-293
-262
-329
-421
-497
-501
-381
-157
91
258
344
376
374
345
289
257
239
207
178
194
237
303
309
233
72
-137
-320
-420
-437
-360
-248
-195
-248
-344
-446
-504
-510
-463
-380
-290
-212
-149
-74
7
76
118
87
45
42
84
198
338
462
476
424
275
167
129
176
238
285
275
209
160
105
104
110
95
52
-26
-63
-26
33
103
170
187
176
124
101
124
196
314
387
420
455
454
437
443
482
543
574
577
565
550
529
487
429
360
316
275
264
261
375
672
981
1065
896
587
242
11
-36
360
1011
1460
1307
705
-45
-752
-1220
-1227
-843
-315
-120
-390
-933
-1466
-1866
-2039
-1961
-1677
-1321
-1123
-1108
-1153
-1081
-957
-900
-917
-845
-597
-225
129
439
680
680
408
67
-46
188
577
911
1050
921
519
-13
-437
-586
-387
-151
-6
-160
-464
-904
-1269
-1465
-1414
-1193
-976
-844
-827
-808
-782
-785
-779
-720
-539
-273
50
350
562
628
526
332
234
352
612
900
1038
1008
752
388
118
57
229
448
598
519
275
-3
-187
-242
-147
16
128
96
33
0
61
193
265
355
405
441
518
656
862
1056
1201
1189
1061
950
922
993
1159
1332
1390
1306
1033
814
666
730
786
888
875
775
648
850
1347
1787
1724
1190
541
71
-31
428
1497
2471
2438
1200
-459
-1680
-2121
-1774
-802
189
323
-769
-2443
-3674
-3928
-3342
-2405
-1646
-1426
-1817
-2535
-3084
-2980
-2196
-1227
-563
-328
-278
-245
-191
-85
172
555
733
687
690
918
1208
1181
772
207
-199
-387
-230
69
215
-121
-982
-1912
-2496
-2398
-1816
-1216
-1045
-1323
-1817
-2320
-2415
-1997
-1163
-352
69
89
-85
-252
-213
115
571
976
1165
1161
1099
1101
1170
1169
1006
686
441
382
500
598
609
381
-41
-442
-615
-481
-161
135
220
91
-93
-242
-134
194
634
1097
1289
1278
1177
1197
1377
1778
2152
2463
2527
2382
2154
1973
1906
1855
1804
1707
1633
1493
1343
1145
884
691
656
725
733
1043
1853
2698
2660
1734
658
61
143
779
2245
3818
3996
1909
-954
-2826
-3120
-2266
-964
310
473
-1236
-4033
-6093
-6269
-5046
-3386
-2180
-1925
-2668
-3941
-5022
-4978
-3612
-1567
20
444
127
-294
-406
-378
83
1137
2072
2498
2259
2099
2068
1712
987
178
-150
-28
339
601
553
-235
-1456
-2847
-3738
-3583
-2711
-1730
-1506
-1921
-2684
-3321
-3406
-2759
-1365
-49
604
428
-39
-276
-75
543
1303
1998
2201
1943
1497
1144
990
972
879
621
409
278
176
-113
-421
-761
-1054
-1194
-1082
-687
-281
-172
-415
-761
-948
-735
-159
596
1287
1658
1612
1254
1051
1294
1930
2640
3180
3201
2858
2337
1918
1914
2219
2485
2520
2104
1531
913
542
491
608
779
876
835
753
1309
2447
3233
2761
1610
553
363
998
2410
4212
5148
3623
288
-2470
-3225
-2202
-585
617
678
-1019
-3893
-6277
-6502
-4926
-2984
-1899
-2161
-3433
-4872
-5620
-5233
-3646
-1656
-205
131
-384
-894
-739
-83
585
1337
2105
2593
2515
2348
2458
2407
1688
598
-106
-8
483
1022
1110
437
-1085
-2754
-3750
-3575
-2498
-1338
-780
-1287
-2269
-2971
-2901
-2077
-903
224
804
761
368
284
784
1584
2111
2315
2255
1940
1665
1550
1624
1569
1313
840
211
-131
-274
-265
-411
-732
-1078
-1346
-1414
-1345
-1163
-994
-965
-1057
-1016
-760
-380
148
559
833
878
889
892
1156
1615
2192
2589
2599
2373
1995
1658
1430
1584
1915
2076
1824
1192
498
-15
-279
-233
135
520
626
408
788
1792
2730
2451
1262
239
149
745
1992
3708
4873
3765
418
-2584
-3411
-2286
-602
525
669
-869
-3791
-6427
-6853
-5130
-3107
-1971
-2048
-3176
-4766
-5650
-5225
-3572
-1621
-131
354
-95
-774
-894
-94
822
1621
2390
2894
2920
2608
2390
2440
2260
1809
1386
1378
1393
1315
1018
384
-674
-1576
-1687
-1479
-1120
-966
-1047
-1429
-1868
-1836
-1139
-3
658
872
888
839
921
1323
2115
2719
2941
2682
2173
1673
1499
1629
1819
1740
1124
464
-128
-636
-926
-870
-689
-796
-1160
-1650
-1960
-2099
-2060
-1812
-1448
-1195
-1104
-973
-915
-727
-392
127
585
876
863
867
906
1020
1257
1615
1768
1739
1441
1087
755
630
593
606
530
252
49
-242
-415
-743
-696
-446
-135
853
2290
3297
2600
966
-616
-684
437
2282
4371
5390
4061
208
-2896
-3550
-1993
-27
1104
855
-1224
-4137
-6458
-6337
-4374
-2530
-1848
-2223
-3483
-5089
-5509
-4651
-2949
-1436
-410
-101
-319
-716
-827
133
1160
1843
2366
2821
2739
2105
1925
2006
2255
2170
2047
1941
1573
901
252
109
-241
-575
-698
-434
-577
-995
-1188
-1128
-802
-603
-9
589
961
1036
1054
1391
1636
1921
2381
2938
3010
2718
2369
2094
1773
1600
1786
1740
1260
420
-196
-533
-743
-719
-588
-476
-843
-1538
-2103
-2153
-1860
-1393
-841
-554
-764
-1158
-1301
-1086
-483
303
866
1089
799
348
263
519
888
1176
1421
1231
834
336
131
179
257
225
15
-166
-498
-720
-866
-746
-597
-407
576
1898
2882
2189
734
-535
-382
765
2426
4048
4589
3155
-169
-2587
-2941
-1461
160
622
-226
-2393
-4612
-6060
-5528
-3694
-2366
-2294
-3054
-4195
-5319
-5391
-4440
-2761
-1377
-628
-542
-658
-771
-824
-39
986
1748
2142
2340
2215
1798
1589
1793
2195
2213
1908
1586
1261
677
272
361
359
188
-252
-556
-506
-585
-640
-365
145
308
477
929
1190
1274
1447
1749
2202
2692
2730
2791
2860
2498
2120
2102
2152
1971
1947
1808
1338
675
-96
-582
-571
-469
-503
-469
-587
-1059
-1577
-1782
-1566
-1085
-550
-365
-461
-816
-1070
-852
-333
191
586
710
529
331
202
282
544
749
727
746
678
462
153
-42
-170
-182
-125
-191
-301
-559
-741
-935
-640
360
1850
3043
2364
564
-1047
-796
845
3075
4390
4153
2328
-791
-2646
-2322
-428
1061
1065
-535
-2979
-4698
-5321
-4225
-2458
-1717
-2520
-3618
-4444
-4894
-4424
-3543
-2573
-1987
-1635
-1660
-1466
-1200
-1229
-782
-156
440
780
1241
1309
1057
792
631
794
983
1131
1181
1331
1050
568
324
226
27
-60
235
388
461
285
122
278
682
945
1145
1621
1598
1461
1593
1967
2281
2418
2407
2298
2213
2020
1845
1773
1819
1641
1431
1250
879
597
284
52
-83
-165
-175
-40
-38
-274
-465
-606
-802
-739
-244
156
213
-11
-425
-572
-356
-120
100
409
466
247
148
59
39
74
177
234
238
123
-185
-312
-371
-523
-599
-508
-671
-804
-796
-794
-555
178
1169
1785
1671
836
-185
-277
542
1881
3075
3487
2288
221
-1161
-1294
-288
732
1008
78
-1400
-2587
-3158
-2654
-1789
-1738
-2396
-2910
-3216
-3130
-2962
-3039
-3275
-3290
-2744
-2016
-1230
-1137
-1807
-2353
-2413
-1860
-750
310
562
143
-618
-1077
-750
39
692
938
840
458
282
424
590
686
724
596
612
998
1144
1164
1134
991
988
1323
1669
1640
1734
1705
1532
1628
1646
1586
1779
1946
1803
1682
1588
1294
1081
1125
1097
1136
1301
1023
609
285
-91
-231
35
381
540
435
3
-503
-645
-538
-114
359
508
265
-126
-439
-633
-503
-144
296
655
573
98
-381
-578
-494
-163
206
290
2
-464
-890
-1000
-748
-513
-265
-193
-478
-609
-326
297
833
807
354
-143
-7
751
1510
2003
2145
1644
828
387
431
783
1116
1085
503
102
121
-150
-163
-104
-661
-1325
-1628
-1981
-2120
-2001
-1986
-2143
-2213
-2338
-2567
-2381
-2431
-2817
-2979
-2764
-2437
-2027
-1733
-1630
-1584
-1598
-1720
-1671
-1291
-953
-662
-428
-498
-626
-532
-459
-303
119
357
398
559
665
566
689
984
1043
1242
1623
1690
1559
1572
1494
1478
1742
1894
1955
2050
1934
1630
1530
1442
1264
1266
1306
1344
1381
1186
804
603
570
559
637
677
669
576
391
69
-130
-118
-38
138
319
328
159
-32
-313
-498
-418
-163
138
431
423
89
-305
-504
-471
-200
150
254
52
-311
-634
-768
-645
-134
533
934
977
539
15
-40
365
839
1286
1975
2197
1813
1398
993
565
445
565
571
809
929
216
-403
-478
-750
-935
-964
-1283
-1608
-1684
-1678
-1631
-1371
-1433
-2020
-2284
-2231
-2117
-1724
-1401
-1511
-1824
-2142
-2369
-2104
-1554
-1225
-1154
-1327
-1705
-1926
-1707
-1304
-835
-512
-525
-662
-752
-765
-611
-271
-95
-33
119
299
441
583
582
421
485
725
1021
1496
1822
1792
1654
1444
1222
1248
1489
1723
1829
1718
1412
1032
873
784
758
935
1082
996
755
422
135
118
313
486
597
662
578
339
68
-144
-150
42
219
300
320
216
-66
-359
-450
-293
6
360
475
357
108
-276
-545
-343
-54
142
229
335
517
729
803
613
404
366
687
1162
1442
1629
1598
1242
979
902
850
808
731
283
-203
-224
-420
-722
-581
-609
-1031
-1379
-1715
-1995
-1910
-1673
-1515
-1282
-1160
-1489
-1796
-1719
-1714
-1709
-1563
-1401
-1250
-1084
-949
-894
-951
-1209
-1507
-1454
-1219
-1053
-905
-838
-914
-970
-969
-1028
-971
-813
-627
-368
-23
7
-186
-87
39
130
484
798
705
712
824
800
1039
1421
1400
1448
1728
1758
1812
1959
1812
1582
1548
1455
1427
1648
1684
1427
1182
895
657
749
917
1002
1047
908
568
392
357
340
441
501
455
412
290
-43
-403
-466
-388
-192
-4
-74
-320
-656
-943
-1064
-941
-645
-437
-401
-482
-650
-806
-531
76
589
748
563
176
140
562
801
768
1048
1219
1155
1268
1172
569
-44
-429
-800
-540
-19
-267
-770
-998
-1421
-1853
-1961
-2086
-2181
-2067
-1881
-1745
-1498
-1365
-1636
-1787
-1571
-1356
-1160
-935
-906
-887
-843
-789
-661
-474
-400
-363
-306
-382
-502
-594
-616
-505
-322
-213
-232
-243
-278
-321
-272
-119
53
170
265
368
537
622
535
497
627
871
1239
1541
1533
1385
1230
1154
1373
1823
2077
2055
1884
1737
1665
1646
1706
1633
1508
1484
1483
1481
1494
1419
1164
949
898
849
863
946
837
562
344
262
196
190
176
32
-95
-226
-405
-465
-486
-562
-628
-681
-698
-736
-855
-1008
-1078
-1085
-1058
-615
84
509
497
146
-321
-372
182
607
816
1142
1185
924
803
607
128
-336
-654
-911
-772
-415
-820
-1544
-1872
-2204
-2474
-2516
-2576
-2736
-2788
-2709
-2575
-2204
-1947
-2128
-2250
-2053
-1895
-1638
-1359
-1280
-1265
-1149
-981
-758
-522
-546
-734
-834
-870
-792
-496
-151
31
119
86
-58
-101
-56
87
373
689
788
793
866
852
798
888
1053
1080
1158
1333
1431
1592
1644
1455
1366
1396
1533
1741
1866
1894
1767
1693
1698
1723
1826
1866
1727
1575
1478
1508
1623
1644
1635
1720
1766
1676
1520
1399
1307
1291
1284
1236
1155
974
697
467
390
338
260
139
8
-169
-283
-398
-506
-650
-731
-782
-856
-918
-941
-882
-515
152
522
399
112
-106
-26
451
708
758
1014
1067
794
585
330
-257
-815
-1130
-1414
-1183
-970
-1590
-2163
-2428
-2817
-3241
-3364
-3445
-3517
-3395
-3333
-3295
-3119
-3087
-3196
-2943
-2504
-2383
-2436
-2418
-2239
-1898
-1453
-1160
-1085
-1115
-1267
-1344
-1074
-786
-663
-529
-446
-372
-255
-212
-206
-123
57
322
661
953
990
1029
1195
1294
1454
1655
1627
1531
1729
1889
1945
2101
2009
1770
1801
1891
1899
2066
2114
1889
1720
1788
1851
1912
2047
1894
1694
1651
1518
1560
1811
1954
1978
1939
1777
1613
1612
1786
2007
2160
2102
1906
1734
1545
1452
1444
1314
1017
730
572
475
340
194
-35
-329
-552
-618
-678
-740
-781
-943
-800
-218
240
393
258
-113
-290
-19
310
395
702
1049
889
732
411
-209
-726
-1056
-1256
-1200
-943
-1284
-2119
-2519
-2728
-3064
-3253
-3528
-3741
-3715
-3633
-3493
-3272
-3135
-3309
-3457
-3192
-2859
-2743
-2640
-2479
-2214
-1949
-1810
-1770
-1726
-1689
-1608
-1399
-1174
-1156
-1316
-1310
-1097
-713
-321
-212
-348
-522
-561
-340
70
461
706
829
1049
1239
1353
1477
1462
1477
1787
2191
2349
2287
2235
2093
2055
2269
2272
2113
1966
1785
1757
1950
2059
1914
1751
1667
1543
1547
1717
1694
1630
1682
1740
1806
1937
1950
1881
1903
1863
1757
1768
1837
1872
1921
1857
1703
1507
1255
1110
1123
1187
1025
713
418
136
-40
-85
-160
-301
-497
-696
-585
-42
448
612
418
19
-146
154
494
500
758
1182
1175
940
660
91
-514
-826
-1077
-1067
-779
-1153
-2028
-2384
-2493
-2826
-3138
-3472
-3684
-3595
-3431
-3360
-3293
-3221
-3456
-3550
-3133
-2806
-2798
-2945
-2952
-2704
-2298
-2012
-1930
-1960
-2010
-2006
-1806
-1512
-1448
-1543
-1560
-1314
-956
-654
-624
-729
-713
-510
-168
201
424
396
390
570
874
1129
1242
1156
1127
1357
1663
1810
1832
1815
1853
1964
2176
2307
2171
1957
1814
1813
1966
2099
2006
1838
1808
1839
1873
1864
1696
1522
1592
1831
2040
2074
1990
1849
1706
1727
1879
1959
1908
1769
1610
1479
1396
1288
1175
1136
1158
1166
1013
823
560
371
290
282
189
-25
-245
-203
330
851
962
700
324
1
258
665
687
914
1216
1156
929
687
166
-489
-791
-960
-1001
-639
-926
-1879
-2268
-2393
-2668
-2894
-3191
-3507
-3580
-3357
-3226
-3077
-2881
-3067
-3307
-3054
-2775
-2744
-2773
-2815
-2708
-2385
-2056
-2002
-2057
-2154
-2247
-2148
-1830
-1679
-1758
-1803
-1729
-1406
-962
-754
-837
-966
-913
-570
-156
97
149
189
376
618
917
1082
985
995
1154
1363
1657
1739
1614
1657
1796
1904
2020
2060
1957
1897
2081
2199
2160
2055
1897
1819
1982
2146
2064
1950
1844
1791
1949
2204
2269
2141
2040
2062
2097
2142
2172
2065
1880
1697
1550
1482
1386
1184
1044
1006
963
760
505
347
281
296
238
97
-22
-218
-269
139
728
984
745
253
-2
182
532
616
770
1068
1027
873
628
100
-466
-840
-1100
-1168
-865
-1039
-1814
-2229
-2430
-2756
-2952
-3173
-3458
-3521
-3393
-3315
-3246
-3136
-3256
-3390
-3106
-2733
-2613
-2697
-2799
-2768
-2452
-2079
-1926
-1921
-1961
-2093
-2090
-1880
-1739
-1749
-1747
-1577
-1270
-931
-790
-887
-975
-842
-509
-55
317
435
482
632
800
1039
1286
1313
1311
1576
1853
1887
1936
1854
1731
1940
2161
2186
2191
2128
1940
1866
2067
2173
2025
2016
2017
1974
2062
2017
1840
1791
1859
2005
2208
2260
2086
1934
1903
1984
1998
1927
1782
1686
1627
1562
1556
1429
1166
856
743
788
791
647
450
285
182
111
-29
-253
-420
-511
-343
151
613
684
341
-67
-210
45
324
337
496
788
812
652
357
-156
-752
-1141
-1361
-1397
-1077
-1286
-2004
-2288
-2487
-2832
-3081
-3353
-3545
-3484
-3300
-3210
-3122
-2950
-3157
-3367
-3020
-2652
-2536
-2557
-2618
-2504
-2258
-2015
-1919
-1856
-1836
-1820
-1774
-1673
-1675
-1805
-1759
-1441
-1004
-636
-574
-752
-857
-703
-331
127
409
398
434
658
989
1296
1477
1340
1300
1601
1940
2081
2125
1991
1821
1993
2285
2395
2395
2287
2059
2074
2272
2333
2230
2153
2064
2065
2294
2392
2204
1995
1897
1898
2080
2211
2190
2138
2058
1907
1761
1720
1717
1705
1747
1749
1697
1467
1108
885
853
935
902
749
519
225
64
62
28
-97
-296
-537
-595
-226
227
409
315
-36
-396
-366
-52
59
176
527
568
373
195
-233
-771
-1151
-1421
-1627
-1489
-1397
-1980
-2287
-2267
-2706
-3146
-3406
-3606
-3540
-3211
-3086
-3173
-3183
-3328
-3564
-3264
-2760
-2678
-2730
-2833
-2849
-2629
-2363
-2224
-2073
-1897
-1903
-1853
-1688
-1661
-1747
-1696
-1496
-1174
-841
-680
-649
-537
-365
-156
69
264
394
544
940
1349
1498
1534
1447
1376
1614
1982
2227
2300
2285
2171
2128
2370
2549
2447
2354
2296
2234
2400
2620
2586
2371
2229
2216
2357
2536
2504
2225
1999
1914
1977
2148
2270
2250
2067
1903
1818
1865
1850
1673
1469
1370
1406
1459
1465
1311
995
686
426
352
444
477
397
270
68
-188
-336
-463
-595
-636
-658
-472
-60
221
96
-278
-617
-772
-515
-234
5
330
310
33
-218
-534
-884
-1180
-1524
-1813
-1697
-1403
-1655
-2028
-2292
-2860
-3174
-3187
-3205
-3086
-2942
-3077
-3291
-3181
-3084
-3224
-3149
-2937
-2899
-2725
-2467
-2342
-2321
-2344
-2395
-2269
-1918
-1704
-1644
-1493
-1448
-1520
-1452
-1302
-1143
-943
-692
-421
-110
92
152
193
254
401
665
1102
1479
1621
1706
1746
1680
1693
1787
1928
2103
2250
2334
2319
2377
2286
2094
2057
2125
2128
2190
2377
2415
2394
2322
2078
1902
1931
2019
2076
2184
2228
2122
2042
1995
1857
1809
1832
1831
1810
1762
1681
1541
1352
1115
987
980
984
1016
1032
906
593
246
-59
-178
-99
-13
61
43
-196
-622
-915
-1046
-1108
-948
-581
-192
17
-59
-368
-757
-826
-618
-526
-257
192
285
176
-74
-542
-1012
-1280
-1548
-1738
-1428
-1189
-1439
-1514
-1682
-2220
-2647
-2943
-3219
-3119
-2452
-1986
-1832
-2028
-2841
-3565
-3541
-3177
-2635
-1762
-1339
-1393
-1724
-2310
-2748
-2718
-2312
-1850
-1268
-763
-621
-705
-942
-1230
-1343
-1219
-967
-380
324
654
690
698
706
568
551
664
872
1295
1766
2051
2050
1934
1791
1621
1669
1879
1967
2103
2280
2323
2307
2271
2088
1806
1760
1807
1851
2046
2154
2032
1856
1752
1640
1626
1705
1647
1600
1694
1745
1707
1666
1494
1225
1091
1081
1183
1269
1256
1122
944
811
730
673
560
421
341
297
230
123
-57
-269
-479
-673
-752
-745
-800
-917
-1009
-1067
-1081
-1094
-1017
-874
-661
-506
-501
-569
-662
-666
-655
-538
-206
-17
-52
-74
-147
-311
-463
-725
-1060
-1180
-1037
-956
-863
-687
-968
-1582
-2003
-2241
-2297
-2071
-2080
-2138
-2063
-1878
-1903
-1877
-1924
-2216
-2214
-2128
-1882
-1543
-1264
-1308
-1372
-1327
-1407
-1436
-1319
-1176
-974
-681
-458
-403
-310
-324
-386
-296
-129
39
303
634
844
993
1067
990
864
903
1022
1281
1612
1898
2037
2125
2183
2111
2020
1921
1773
1737
1912
2117
2207
2181
2099
1846
1615
1525
1427
1343
1351
1386
1543
1704
1595
1243
844
599
538
731
970
1037
976
832
701
587
413
95
-88
-104
22
232
325
296
20
-384
-715
-858
-869
-839
-775
-732
-770
-847
-931
-1041
-1153
-1328
-1468
-1465
-1368
-1126
-941
-861
-831
-789
-707
-648
-577
-557
-541
-381
-127
17
189
414
438
320
196
90
-72
-147
-228
-341
-238
-129
-126
-56
-205
-626
-1005
-1243
-1334
-1252
-1016
-793
-640
-556
-658
-844
-985
-1163
-1274
-1199
-995
-700
-425
-295
-348
-517
-809
-1027
-1116
-1084
-917
-593
-278
11
248
218
-5
-369
-690
-805
-526
-43
525
1036
1403
1493
1230
893
526
448
565
930
1609
2390
3052
3244
2832
2047
1074
242
-84
335
1275
2050
2285
1962
1197
166
-631
-1029
-1082
-824
-385
188
778
1143
973
469
18
-482
-688
-497
-73
544
948
1259
1389
1193
478
-435
-974
-1127
-924
-579
-284
-281
-609
-1020
-1430
-1778
-2208
-2599
-2553
-2231
-1650
-1084
-592
-420
-766
-1259
-1512
-1323
-648
917
3024
4852
5323
4502
3050
1456
472
744
2582
4745
5324
4340
2780
1261
-704
-2688
-3712
-3790
-4007
-4647
-4426
-3093
-2059
-2644
-3844
-4553
-5471
-6451
-6527
-4634
-1680
209
1244
1983
2422
1945
902
1033
1825
2278
2625
3350
4687
5548
5322
4502
3295
1607
-330
-1426
-1290
-546
145
367
2
-826
-2059
-3233
-3998
-4286
-4145
-3560
-2813
-1570
48
1207
1666
1366
840
197
67
729
2091
3779
4784
4922
4667
4025
3050
2127
1459
836
415
162
318
765
981
531
-438
-1509
-2683
-3569
-3818
-3693
-2971
-2244
-1664
-1147
-966
-1069
-1384
-1613
-1553
-1203
-588
48
737
1417
1861
1929
1545
811
107
-470
-773
-606
-277
-107
-224
-460
-703
-957
-1210
-1696
-1968
-2144
-2195
-1779
-1085
-507
-16
118
1030
2683
3967
4536
4282
3657
2345
1479
1468
2911
4778
5332
4348
3387
2015
-270
-1841
-3247
-4157
-4399
-5402
-5383
-3817
-2607
-2244
-2410
-3293
-4330
-5241
-6254
-5170
-2464
-519
1047
2447
3485
4040
3830
3502
3362
3023
2214
1908
2791
3982
4801
4927
4114
2692
912
-1366
-2550
-2803
-2934
-2750
-2890
-2950
-2573
-2328
-2585
-2679
-2973
-3491
-3665
-3127
-1559
535
2325
3160
3863
3904
3582
3453
3537
3959
4034
3598
3231
3273
3641
3374
2695
1580
596
-874
-2141
-2952
-2806
-2551
-3049
-3452
-3491
-3356
-3272
-3545
-3653
-3106
-3056
-3125
-2486
-1318
99
943
973
1224
1489
1425
1295
1386
1676
1647
1162
743
875
1105
926
238
-487
-1251
-2221
-2858
-3082
-2780
-2454
-2352
-2130
-1757
-1227
-1009
-790
-421
-204
-416
11
773
2229
4614
5914
6758
6807
5730
4384
3334
2306
2895
3771
3515
3310
2727
1908
961
-547
-2388
-3944
-5742
-7615
-7752
-6734
-5157
-3927
-3491
-3351
-3498
-3961
-4335
-3755
-2703
-1796
-942
293
2105
4008
5382
6036
6342
5687
4298
3262
2780
2684
2683
2387
2081
2005
1612
1066
546
-431
-1747
-3376
-4901
-5554
-5362
-4766
-3825
-2868
-2285
-1760
-1414
-751
128
876
1150
1476
1695
2157
3045
4144
5236
5782
5555
4727
3882
2858
1735
911
96
-668
-1270
-1693
-1830
-1823
-2192
-2968
-3771
-4666
-5211
-5302
-5034
-4476
-3771
-3162
-2616
-1619
-595
393
1204
1523
1658
1732
1796
2055
2610
2936
3016
2961
2782
2617
2311
1669
786
-391
-1616
-2705
-3149
-3116
-3015
-2811
-2720
-2648
-2447
-2135
-1727
-1345
-1083
-944
-710
-64
997
2110
3185
3978
5059
6168
6744
6734
6313
5385
4287
3123
2435
2885
3072
2600
1839
820
-297
-1594
-3303
-4863
-6007
-7248
-8093
-7860
-6906
-5601
-4481
-3707
-3098
-2517
-2302
-2026
-1334
-752
112
1264
2465
3912
5241
6259
6803
6812
6112
5364
4416
3245
2200
1263
540
-122
-772
-1355
-1553
-1876
-2498
-3103
-3907
-4819
-5509
-5883
-5904
-5403
-4759
-3749
-2196
-710
868
2352
3144
3346
3340
2962
2934
3280
3615
4121
4646
4765
4648
4300
3532
2590
1304
-407
-1929
-3110
-4022
-4520
-4700
-4621
-4364
-4057
-3738
-3413
-3148
-3066
-3125
-3147
-2849
-2115
-1070
286
1680
2970
3872
4366
4652
4602
4145
3334
2470
1808
1435
1363
1354
1216
818
121
-708
-1627
-2449
-3262
-4081
-4798
-5009
-4783
-4008
-2935
-1786
-759
132
763
1066
1427
1776
2061
2564
2881
3113
3731
4551
5774
6793
7066
6683
5896
4421
2907
1662
1146
1112
482
-509
-1406
-2002
-2553
-3387
-4363
-5203
-6161
-7290
-7863
-7326
-6192
-5053
-4170
-3229
-1978
-724
348
1318
2054
2512
2698
2835
3294
4006
4830
5487
5722
5527
5061
4445
3650
2756
1633
207
-1268
-2692
-3702
-3976
-3884
-3821
-4030
-4295
-4404
-4473
-4488
-4365
-4117
-3853
-3425
-2698
-1518
-103
1350
2984
4109
4843
5439
5420
5135
4782
4096
3495
2917
2091
1570
1173
539
-11
-617
-1620
-2542
-3471
-4468
-5065
-5510
-5885
-5774
-5339
-4655
-3569
-2558
-1697
-755
-43
631
1338
1799
2199
2755
3329
3863
4467
4774
4905
4802
4262
3654
2918
1860
790
-178
-1167
-1997
-2724
-3396
-3711
-3802
-3762
-3602
-3362
-3144
-2770
-2271
-1758
-919
0
767
1729
2618
3303
4185
4684
4822
4941
4590
3997
3718
3753
4365
4875
4840
4494
3844
2868
1638
555
156
-344
-1398
-2626
-3582
-4088
-4418
-4951
-5284
-5409
-5833
-6266
-6151
-5220
-4003
-2915
-2093
-1192
-22
926
1854
2926
3555
3888
3873
3827
4105
4454
4663
4602
4335
3747
3144
2630
1893
1012
-167
-1470
-2786
-3985
-4690
-4967
-5074
-5088
-5054
-4885
-4602
-4199
-3676
-3217
-2792
-2497
-2184
-1470
-471
793
2074
3256
4342
4897
5145
5183
4823
4344
3653
2669
1906
1115
134
-541
-1262
-2014
-2421
-3051
-3751
-4300
-4893
-5261
-5135
-4978
-4800
-4302
-3751
-3011
-1918
-894
193
1344
2047
2738
3505
4050
4444
4624
4539
4492
4345
3930
3588
3080
2334
1535
628
-253
-982
-1785
-2457
-2807
-3215
-3453
-3569
-3551
-3265
-2799
-2274
-1589
-838
-122
640
1450
2322
3172
3785
4133
4529
4763
4841
4735
4480
3980
3340
2523
1866
1663
2081
2637
2692
2480
1940
1115
353
-400
-752
-705
-1380
-2221
-2712
-2803
-2522
-2455
-2876
-3215
-3774
-4370
-4442
-3498
-2441
-1527
-950
-621
213
1041
1425
1776
1768
1414
1104
873
1189
2074
2675
2807
2705
2301
1911
1511
855
86
-736
-1990
-3142
-3891
-4137
-3999
-3891
-4075
-4229
-4193
-4058
-3723
-3225
-2791
-2399
-2180
-1969
-1347
-543
140
825
1398
1939
2547
2989
3414
3754
3673
3266
2780
2186
1562
785
-138
-1061
-2140
-3143
-3785
-4215
-4375
-4313
-4239
-4044
-3613
-3167
-2675
-2141
-1745
-1301
-823
-341
481
1368
2153
3042
3845
4472
4993
5213
5155
4897
4327
3641
3063
2406
1828
1289
615
62
-382
-807
-1131
-1447
-1715
-1845
-1911
-1907
-1679
-1391
-1104
-752
-328
245
921
1734
2528
3121
3560
3750
3827
3907
3848
3688
3456
3075
2592
2069
1451
982
740
736
796
813
927
1106
1181
1066
784
679
496
-4
-636
-1224
-1771
-2316
-2826
-3215
-3278
-3240
-3246
-3003
-2491
-1990
-1586
-1392
-1242
-1094
-953
-837
-572
-226
23
385
709
1036
1368
1534
1528
1449
1236
865
483
-69
-721
-1331
-1928
-2514
-3158
-3778
-4358
-4759
-5014
-5029
-4772
-4370
-4007
-3700
-3363
-2998
-2613
-2272
-1942
-1552
-1137
-667
38
750
1577
2299
2964
3387
3596
3671
3535
3155
2401
1524
511
-413
-1166
-1858
-2276
-2664
-2766
-2684
-2545
-2212
-1952
-1679
-1374
-994
-493
251
977
1734
2517
3201
3854
4370
4704
4930
4973
4882
4761
4645
4448
4208
3805
3137
2450
1675
898
202
-503
-1272
-1883
-2361
-2649
-2655
-2399
-2086
-1786
-1525
-1315
-1012
-617
-63
495
1012
1496
1936
2405
3059
3694
4095
4281
4124
3904
3605
3102
2689
2102
1322
586
-5
-147
282
626
806
969
895
759
606
549
595
249
-635
-1607
-2344
-2850
-3268
-3652
-3970
-4025
-3995
-3933
-3427
-2736
-2172
-1862
-1809
-1707
-1452
-1269
-1077
-860
-747
-762
-737
-630
-350
21
185
193
115
-92
-252
-388
-678
-1170
-1784
-2560
-3392
-4001
-4510
-4849
-5005
-5028
-4773
-4385
-3845
-3163
-2524
-1995
-1512
-992
-548
-75
378
854
1396
2208
2901
3260
3764
3957
3887
3952
3680
3466
3406
2795
2072
1447
531
-220
-858
-1670
-2062
-2245
-2524
-2409
-2024
-1642
-1065
-400
54
817
1746
2336
2992
3481
3624
3856
3978
3997
4165
4140
3873
3727
3538
3277
3138
2789
2231
1674
919
66
-600
-1300
-1931
-2297
-2633
-2808
-2672
-2457
-2019
-1412
-931
-487
-61
251
566
1040
1496
1856
2265
2583
2893
3276
3501
3630
3709
3467
3070
2670
2012
1279
552
-285
-964
-1463
-1687
-1558
-1264
-978
-690
-394
-235
-78
107
132
133
-35
-570
-1037
-1497
-2029
-2469
-2964
-3355
-3601
-3772
-3789
-3498
-3011
-2775
-2614
-2516
-2488
-2266
-2133
-2041
-1948
-2021
-2020
-1855
-1524
-1093
-667
-421
-219
-30
130
223
260
108
-205
-576
-978
-1292
-1539
-1753
-1878
-1930
-2016
-2001
-1950
-1784
-1464
-1142
-811
-440
-35
405
806
1133
1499
1742
1851
1869
1935
2164
2440
2668
2845
2946
2911
2724
2459
2132
1696
1101
349
-261
-745
-1150
-1374
-1473
-1459
-1230
-994
-705
-307
75
408
711
961
1165
1341
1402
1510
1714
1860
1922
2042
2096
2200
2312
2283
2209
2016
1698
1397
1114
767
413
47
-409
-683
-834
-1061
-1138
-1168
-1143
-888
-573
-337
-76
209
471
801
1104
1270
1468
1643
1838
2183
2473
2552
2487
2276
1933
1669
1316
876
435
-69
-610
-999
-1145
-1213
-1087
-742
-462
-137
215
408
637
786
689
518
200
-321
-801
-1241
-1762
-2138
-2553
-3098
-3413
-3612
-3623
-3437
-3219
-3055
-2843
-2568
-2372
-2049
-1808
-1714
-1610
-1611
-1585
-1323
-1042
-818
-549
-326
-114
109
304
410
514
491
290
206
52
-183
-416
-811
-1187
-1489
-1733
-1838
-1776
-1687
-1577
-1350
-1192
-993
-588
-279
-23
259
371
497
804
1068
1397
1777
1950
2070
2218
2215
2198
2159
1855
1512
1150
689
342
34
-484
-914
-1209
-1489
-1526
-1373
-1233
-903
-537
-276
46
358
576
842
1087
1193
1357
1550
1661
1891
2204
2440
2737
2857
2790
2759
2663
2487
2204
1794
1297
787
232
-255
-620
-961
-1174
-1212
-1177
-1064
-801
-489
-232
37
264
517
862
1205
1507
1823
2136
2393
2739
3011
3161
3298
3210
2904
2551
2068
1507
966
343
-326
-801
-1142
-1389
-1408
-1293
-1135
-843
-662
-484
-259
-177
-123
-149
-271
-402
-585
-807
-1052
-1306
-1603
-1947
-2209
-2398
-2550
-2628
-2684
-2692
-2638
-2660
-2593
-2508
-2444
-2382
-2369
-2269
-2143
-2011
-1866
-1713
-1572
-1478
-1351
-1110
-849
-579
-310
-143
11
35
-2
-23
-187
-433
-732
-968
-1138
-1250
-1312
-1387
-1407
-1485
-1560
-1552
-1489
-1380
-1176
-996
-816
-513
-297
-80
189
476
833
1166
1321
1395
1467
1486
1494
1385
1252
1053
791
508
315
329
342
346
410
455
554
637
630
669
650
605
661
702
821
1011
1304
1618
1954
2317
2529
2705
2825
2843
2843
2763
2584
2312
1984
1723
1572
1515
1457
1345
1260
1236
1262
1279
1282
1273
1181
1045
936
906
940
1035
1146
1274
1456
1650
1818
1947
2061
2059
1910
1692
1361
998
694
326
-50
-382
-753
-1053
-1275
-1460
-1559
-1644
-1753
-1729
-1619
-1454
-1165
-932
-694
-461
-267
-94
-75
-128
-311
-654
-1000
-1379
-1830
-2220
-2649
-3106
-3468
-3786
-4064
-4206
-4318
-4330
-4204
-4036
-3736
-3338
-2958
-2634
-2322
-2060
-1856
-1686
-1528
-1269
-976
-730
-494
-270
-50
182
335
406
388
250
41
-231
-431
-668
-966
-1271
-1611
-1879
-2003
-2034
-2030
-2033
-1967
-1794
-1455
-1017
-622
-190
232
728
1233
1617
2037
2420
2714
2940
3041
3098
3164
3093
2975
2794
2511
2216
1929
1687
1406
1192
957
618
363
185
94
99
141
261
444
675
1050
1468
1878
2247
2540
2750
2822
2840
2891
2946
2998
2984
2976
3050
3083
3085
3041
2897
2568
2215
1810
1395
1062
685
380
94
-195
-388
-487
-557
-619
-679
-650
-524
-331
-134
61
282
463
581
654
715
696
594
448
249
76
-153
-477
-720
-991
-1237
-1444
-1669
-1830
-1972
-2048
-2083
-2025
-1915
-1814
-1680
-1567
-1484
-1413
-1400
-1432
-1527
-1645
-1819
-2062
-2306
-2629
-2938
-3150
-3282
-3298
-3255
-3136
-3018
-2923
-2789
-2655
-2495
-2278
-2142
-2047
-1889
-1747
-1559
-1364
-1247
-1088
-894
-782
-773
-748
-679
-621
-550
-472
-461
-428
-390
-303
-160
-76
-127
-231
-260
-237
-172
-117
-30
90
317
584
891
1271
1631
1875
2046
2227
2357
2494
2616
2649
2672
2671
2569
2446
2298
2091
1838
1626
1375
1149
987
846
776
728
744
783
893
975
1022
1153
1271
1390
1562
1777
1987
2195
2330
2406
2496
2538
2594
2590
2499
2383
2255
2105
1934
1761
1608
1420
1185
979
744
474
151
-236
-560
-779
-930
-1018
-1084
-1072
-997
-873
-742
-586
-371
-165
47
196
352
503
589
629
621
517
354
202
-34
-329
-594
-876
-1172
-1395
-1634
-1816
-1956
-2140
-2224
-2279
-2376
-2378
-2285
-2151
-2020
-1812
-1604
-1431
-1288
-1194
-1060
-924
-889
-935
-956
-1087
-1278
-1497
-1740
-1921
-2103
-2308
-2485
-2623
-2711
-2717
-2649
-2565
-2483
-2377
-2296
-2154
-1944
-1747
-1514
-1272
-1083
-903
-681
-461
-233
-8
164
390
603
805
1009
1165
1248
1303
1328
1262
1130
1007
860
795
761
711
713
657
578
573
582
569
588
601
616
640
693
794
929
1042
1204
1354
1510
1658
1785
1860
1896
1985
1954
1846
1727
1612
1500
1411
1263
1099
1029
963
889
903
913
974
1060
1100
1168
1223
1246
1280
1317
1330
1366
1368
1308
1294
1314
1336
1366
1362
1316
1204
1132
1078
971
837
677
520
395
300
175
101
60
29
1
-62
-111
-122
-120
-105
-104
-121
-123
-114
-112
-115
-121
-189
-292
-376
-464
-559
-673
-830
-986
-1084
-1223
-1368
-1466
-1551
-1616
-1639
-1655
-1708
-1762
-1802
-1800
-1791
-1781
-1730
-1676
-1603
-1517
-1448
-1475
-1500
-1501
-1550
-1632
-1702
-1770
-1818
-1826
-1815
-1787
-1702
-1617
-1548
-1458
-1442
-1410
-1375
-1370
-1410
-1419
-1442
-1453
-1439
-1404
-1307
-1168
-1038
-871
-697
-483
-272
-141
-18
65
161
238
271
326
369
482
575
598
652
718
799
845
889
883
882
861
806
759
701
701
712
707
714
777
860
983
1154
1289
1406
1509
1633
1732
1844
1943
2004
2064
2083
2091
2141
2210
2270
2285
2254
2211
2168
2061
1939
1874
1746
1588
1468
1305
1221
1212
1212
1158
1105
1084
1100
1064
997
954
941
962
974
1022
1053
1057
1003
944
860
771
656
590
486
423
389
343
283
227
144
-16
-163
-320
-498
-684
-902
-1114
-1272
-1419
-1523
-1619
-1718
-1747
-1706
-1660
-1629
-1574
-1538
-1584
-1581
-1544
-1542
-1510
-1543
-1597
-1623
-1628
-1623
-1641
-1659
-1673
-1723
-1808
-1879
-1939
-1975
-2000
-2018
-2051
-2093
-2153
-2271
-2331
-2322
-2318
-2287
-2230
-2189
-2096
-1918
-1694
-1534
-1377
-1246
-1152
-1062
-987
-882
-821
-759
-662
-606
-508
-373
-242
-106
42
166
249
365
457
535
662
724
789
792
802
829
870
953
954
958
1007
1023
1072
1181
1282
1387
1450
1517
1615
1669
1737
1774
1844
1925
2006
2106
2217
2357
2452
2460
2451
2422
2365
2298
2193
2146
2111
2047
2012
1997
1962
1883
1820
1748
1659
1569
1514
1434
1369
1346
1305
1311
1285
1233
1241
1234
1213
1225
1219
1160
1131
1043
918
772
604
451
299
137
-64
-261
-469
-654
-849
-1030
-1110
-1208
-1292
-1356
-1374
-1359
-1408
-1484
-1562
-1675
-1774
-1857
-1925
-1935
-1988
-1989
-1916
-1841
-1705
-1566
-1482
-1396
-1356
-1368
-1369
-1428
-1516
-1618
-1740
-1809
-1881
-1982
-2048
-2118
-2180
-2180
-2146
-2100
-2051
-1997
-1949
-1892
-1847
-1771
-1690
-1646
-1574
-1530
-1523
-1505
-1453
-1332
-1199
-1075
-934
-809
-724
-609
-489
-412
-376
-314
-253
-257
-263
-232
-138
-19
72
103
167
282
415
568
705
872
1025
1127
1246
1444
1565
1672
1764
1793
1828
1867
1915
1970
2028
2039
2053
2039
1979
1930
1929
1934
1911
1900
1880
1885
1912
1936
1942
1921
1875
1879
1880
1850
1830
1805
1772
1739
1710
1727
1765
1740
1750
1793
1771
1732
1681
1570
1482
1375
1230
1073
927
771
677
589
466
359
285
206
155
113
-8
-111
-165
-257
-371
-491
-643
-795
-959
-1064
-1147
-1262
-1352
-1440
-1517
-1564
-1569
-1568
-1597
-1612
-1628
-1652
-1693
-1748
-1830
-1887
-1910
-1964
-1969
-1931
-1854
-1755
-1665
-1614
-1558
-1519
-1441
-1376
-1324
-1271
-1277
-1297
-1298
-1281
-1251
-1205
-1206
-1298
-1391
-1442
-1468
-1449
-1433
-1451
-1440
-1418
-1377
-1362
-1352
-1316
-1334
-1331
-1330
-1292
-1209
-1087
-956
-822
-662
-504
-387
-266
-137
-30
111
177
203
272
326
429
529
618
671
738
857
912
999
1107
1206
1278
1367
1442
1564
1634
1662
1701
1697
1737
1795
1805
1777
1743
1705
1728
1726
1716
1715
1687
1654
1678
1666
1677
1645
1616
1622
1595
1568
1547
1538
1553
1547
1543
1515
1451
1400
1387
1430
1443
1395
1328
1283
1222
1156
1094
960
857
746
641
534
393
236
125
40
-14
-16
-44
-92
-212
-257
-297
-348
-377
-447
-570
-660
-758
-789
-802
-886
-980
-1038
-1131
-1253
-1321
-1408
-1478
-1558
-1592
-1619
-1616
-1631
-1622
-1610
-1588
-1561
-1561
-1552
-1542
-1501
-1397
-1296
-1179
-1102
-1024
-943
-857
-793
-772
-802
-825
-839
-865
-919
-970
-1049
-1154
-1261
-1316
-1366
-1444
-1496
-1571
-1608
-1555
-1476
-1378
-1312
-1237
-1168
-1107
-1035
-987
-925
-887
-808
-709
-560
-422
-309
-163
-39
127
284
417
447
482
524
562
596
604
557
508
509
513
573
646
703
770
876
991
1132
1255
1338
1433
1522
1630
1717
1791
1855
1899
1893
1865
1840
1757
1702
1660
1634
1630
1575
1519
1485
1477
1461
1417
1393
1350
1284
1285
1330
1339
1310
1259
1216
1195
1215
1237
1200
1119
1057
997
999
980
938
855
729
639
590
490
366
226
72
-9
-77
-169
-274
-370
-434
-491
-532
-532
-542
-617
-665
-685
-700
-726
-785
-833
-865
-888
-939
-965
-992
-1023
-1061
-1102
-1129
-1173
-1189
-1210
-1212
-1212
-1266
-1308
-1317
-1320
-1291
-1295
-1274
-1259
-1282
-1280
-1247
-1199
-1134
-1122
-1155
-1138
-1124
-1144
-1167
-1205
-1278
-1324
-1389
-1392
-1391
-1423
-1435
-1441
-1407
-1329
-1246
-1191
-1143
-1061
-986
-949
-916
-864
-787
-714
-615
-527
-482
-430
-374
-285
-162
-62
14
63
135
270
389
469
540
567
611
698
777
835
877
898
928
982
1105
1204
1282
1339
1398
1485
1582
1694
1733
1742
1760
1819
1865
1836
1798
1739
1669
1618
1575
1522
1431
1313
1287
1270
1265
1283
1265
1242
1244
1268
1297
1309
1259
1194
1168
1165
1162
1112
1054
998
978
965
900
829
721
645
601
528
458
365
244
160
109
56
9
-59
-132
-182
-203
-256
-323
-377
-444
-478
-481
-516
-582
-655
-750
-806
-861
-947
-1006
-1109
-1162
-1173
-1202
-1240
-1299
-1339
-1397
-1409
-1414
-1471
-1542
-1612
-1655
-1680
-1677
-1672
-1704
-1697
-1633
-1556
-1474
-1405
-1391
-1349
-1285
-1223
-1173
-1165
-1187
-1230
-1234
-1189
-1158
-1136
-1147
-1185
-1165
-1086
-1012
-977
-959
-900
-804
-695
-616
-581
-582
-528
-438
-371
-314
-302
-273
-230
-141
-7
90
168
236
317
411
507
585
661
722
811
916
997
1050
1056
1073
1119
1176
1198
1196
1179
1208
1308
1388
1463
1513
1523
1544
1589
1666
1714
1722
1685
1637
1627
1652
1672
1633
1534
1467
1446
1412
1387
1313
1234
1208
1215
1253
1259
1230
1201
1175
1172
1123
1042
948
830
762
684
606
564
488
435
411
404
392
346
251
168
124
103
64
-41
-117
-202
-276
-330
-386
-468
-555
-617
-690
-775
-878
-907
-994
-1046
-1090
-1143
-1176
-1295
-1357
-1399
-1408
-1405
-1442
-1464
-1490
-1473
-1406
-1392
-1392
-1409
-1437
-1442
-1422
-1418
-1433
-1431
-1425
-1425
-1390
-1380
-1352
-1327
-1328
-1286
-1237
-1195
-1191
-1228
-1204
-1136
-1089
-1044
-1017
-1004
-979
-900
-770
-695
-647
-595
-562
-477
-352
-264
-232
-222
-169
-131
-86
-6
1
19
74
154
247
300
340
409
498
595
671
698
722
740
765
831
919
1000
1031
1078
1158
1240
1285
1337
1372
1397
1423
1456
1493
1493
1482
1458
1462
1485
1495
1472
1436
1389
1394
1409
1400
1366
1315
1236
1190
1186
1131
1072
999
949
968
968
967
923
875
881
880
859
813
755
662
606
534
469
374
253
190
142
153
147
119
72
8
-39
-72
-112
-189
-259
-338
-402
-462
-546
-646
-714
-763
-794
-816
-838
-869
-892
-892
-888
-929
-969
-1008
-1066
-1114
-1127
-1151
-1204
-1267
-1313
-1299
-1242
-1200
-1182
-1199
-1250
-1222
-1183
-1168
-1182
-1224
-1244
-1218
-1226
-1212
-1184
-1167
-1151
-1117
-1053
-990
-960
-983
-943
-880
-799
-750
-756
-769
-759
-706
-643
-582
-589
-567
-493
-400
-315
-294
-274
-273
-226
-145
-114
-79
-80
-42
8
82
151
184
214
260
384
485
557
602
623
658
729
791
852
890
900
972
1037
1102
1163
1173
1164
1203
1264
1297
1274
1238
1201
1191
1199
1219
1227
1156
1125
1167
1215
1228
1228
1203
1166
1128
1093
1059
1024
982
929
904
905
917
877
836
825
824
837
820
770
741
739
721
674
607
507
440
359
310
279
220
193
166
157
142
113
56
-24
-92
-163
-219
-340
-448
-517
-594
-638
-670
-700
-741
-754
-761
-768
-788
-825
-835
-845
-865
-908
-929
-980
-1039
-1070
-1121
-1170
-1177
-1131
-1130
-1144
-1165
-1196
-1224
-1213
-1206
-1202
-1190
-1152
-1148
-1134
-1095
-1104
-1084
-1038
-1009
-962
-923
-921
-906
-883
-837
-786
-726
-689
-670
-639
-591
-543
-546
-534
-501
-483
-463
-452
-450
-448
-443
-449
-395
-318
-259
-210
-156
-91
-44
68
157
220
275
323
421
497
548
570
590
615
676
755
810
869
897
905
943
991
1028
1059
1064
1066
1060
1085
1096
1111
1128
1133
1153
1166
1171
1167
1169
1159
1160
1183
1186
1177
1194
1214
1185
1145
1109
1083
1076
1072
1028
978
928
880
860
833
802
785
763
736
715
676
640
594
549
520
485
431
354
282
193
156
88
31
-22
-90
-152
-174
-209
-288
-363
-438
-484
-525
-543
-637
-714
-780
-814
-848
-897
-923
-946
-975
-974
-997
-1016
-1025
-1058
-1078
-1127
-1168
-1205
-1204
-1240
-1278
-1305
-1320
-1329
-1335
-1332
-1274
-1214
-1234
-1204
-1153
-1092
-1017
-973
-963
-973
-970
-926
-867
-846
-820
-804
-784
-727
-667
-605
-559
-522
-493
-468
-442
-403
-372
-338
-333
-349
-315
-266
-222
-201
-200
-170
-74
15
84
183
252
314
389
446
530
583
649
692
695
700
693
732
766
772
783
787
793
804
822
849
861
858
897
928
949
983
991
984
1012
1020
1041
1076
1061
1034
1044
1072
1105
1131
1102
1085
1088
1109
1098
1058
1028
1001
990
970
934
895
838
794
752
682
623
553
524
501
496
493
462
439
399
347
354
350
324
262
185
120
83
45
4
-54
-138
-223
-286
-353
-425
-487
-540
-610
-674
-702
-755
-808
-831
-907
-975
-989
-1048
-1068
-1068
-1091
-1110
-1124
-1148
-1147
-1148
-1138
-1148
-1191
-1174
-1145
-1127
-1107
-1091
-1099
-1066
-1017
-992
-966
-960
-954
-938
-925
-917
-891
-881
-863
-816
-775
-750
-741
-725
-698
-652
-592
-536
-500
-461
-397
-348
-307
-257
-209
-150
-104
-49
10
44
101
157
199
240
280
319
349
375
398
422
479
537
562
567
579
584
582
611
627
602
624
621
636
663
673
704
714
732
750
767
816
837
863
886
922
986
1011
1011
1019
994
970
984
998
984
958
937
915
904
860
812
769
738
711
643
624
628
598
583
556
531
485
446
416
422
399
376
382
364
363
368
356
324
292
280
241
172
111
76
10
-51
-114
-176
-224
-281
-356
-438
-477
-522
-548
-585
-624
-656
-677
-692
-696
-712
-735
-751
-790
-790
-801
-789
-805
-838
-861
-859
-850
-853
-861
-858
-869
-868
-842
-852
-878
-913
-919
-934
-921
-931
-932
-928
-933
-916
-890
-869
-810
-787
-791
-773
-743
-684
-635
-593
-561
-515
-487
-448
-400
-330
-264
-222
-205
-168
-116
-68
-49
-39
-43
-22
16
33
59
96
128
160
193
228
277
294
338
354
370
389
403
427
468
477
492
538
567
588
611
669
712
699
701
736
763
793
822
834
835
849
850
869
880
876
895
906
865
847
883
907
915
889
854
831
805
786
746
713
698
685
655
654
668
686
673
634
627
622
601
591
556
508
472
437
390
338
310
252
219
157
97
36
19
0
-42
-76
-137
-207
-250
-307
-371
-417
-451
-500
-551
-587
-640
-623
-634
-655
-684
-710
-715
-734
-757
-779
-801
-799
-821
-865
-910
-936
-949
-977
-1008
-1043
-1034
-1025
-1029
-1016
-996
-997
-996
-1000
-976
-963
-937
-938
-938
-911
-868
-803
-743
-690
-678
-648
-571
-499
-441
-413
-405
-362
-310
-243
-208
-189
-154
-126
-108
-113
-74
-34
13
50
59
78
119
172
198
228
276
306
347
379
427
454
479
519
558
586
616
642
643
649
625
624
669
729
760
756
753
739
766
801
786
784
768
745
747
753
750
763
757
736
713
734
779
810
796
755
740
740
756
730
679
635
620
634
632
609
596
583
535
517
523
495
470
418
366
328
296
295
259
214
179
156
145
112
70
29
-32
-62
-94
-114
-134
-184
-240
-315
-388
-457
-471
-473
-518
-578
-625
-657
-680
-701
-726
-741
-765
-777
-815
-845
-831
-814
-812
-837
-873
-893
-913
-896
-882
-899
-914
-944
-945
-951
-925
-891
-867
-852
-874
-880
-861
-818
-786
-756
-746
-730
-675
-652
-646
-587
-550
-528
-505
-477
-425
-361
-297
-243
-205
-168
-121
-66
10
43
63
85
88
100
131
191
221
209
232
287
349
443
499
504
513
526
557
587
598
605
604
602
651
695
716
723
717
730
719
745
768
782
794
768
776
765
750
736
706
713
730
721
706
683
674
683
704
694
697
667
652
656
639
639
597
573
560
555
539
502
449
410
385
369
365
350
327
280
243
236
234
218
184
139
93
48
38
13
-46
-96
-150
-210
-270
-314
-347
-348
-349
-383
-424
-455
-484
-512
-501
-516
-556
-593
-621
-655
-681
-677
-688
-711
-725
-754
-735
-726
-750
-758
-782
-788
-769
-762
-765
-792
-814
-810
-805
-809
-817
-817
-805
-792
-775
-781
-759
-719
-703
-661
-648
-622
-595
-547
-528
-494
-444
-423
-403
-411
-363
-292
-216
-182
-176
-147
-90
-19
37
73
89
125
153
190
204
234
263
302
322
372
418
465
474
500
568
619
681
692
653
632
650
692
744
721
705
706
723
756
752
748
777
779
774
777
762
774
764
749
741
716
697
667
628
611
617
618
626
596
548
527
527
546
519
455
444
422
382
341
294
250
238
225
217
214
158
109
68
27
26
21
-12
-55
-99
-145
-164
-157
-174
-231
-268
-306
-332
-337
-353
-366
-394
-407
-416
-414
-410
-430
-451
-458
-462
-469
-498
-544
-568
-568
-576
-579
-563
-592
-612
-606
-602
-588
-608
-611
-591
-594
-604
-599
-616
-622
-613
-591
-587
-586
-598
-610
-593
-565
-524
-481
-450
-436
-470
-456
-385
-383
-391
-353
-310
-297
-312
-328
-302
-280
-227
-149
-121
-122
-122
-101
-71
-25
25
33
23
43
80
115
166
201
256
306
324
349
370
402
430
473
531
548
535
525
518
531
583
599
583
555
535
556
542
557
604
652
653
651
640
577
570
586
585
585
605
578
543
536
559
616
622
583
547
499
465
475
491
471
436
368
346
355
325
324
279
247
243
208
176
155
116
59
56
79
76
50
11
-64
-88
-52
-34
-49
-72
-127
-149
-151
-178
-209
-220
-248
-280
-301
-375
-398
-412
-420
-389
-381
-398
-425
-476
-502
-496
-489
-460
-487
-528
-571
-591
-579
-559
-558
-564
-584
-602
-616
-633
-616
-590
-553
-538
-544
-550
-558
-563
-554
-532
-506
-484
-477
-513
-531
-513
-475
-455
-407
-395
-400
-394
-376
-344
-329
-295
-262
-244
-223
-235
-223
-171
-96
-26
16
15
13
37
64
120
167
230
259
259
266
290
339
380
413
439
438
431
443
462
467
485
527
536
528
514
496
490
522
562
590
557
535
540
559
589
586
610
587
557
551
547
532
535
539
526
524
528
518
487
465
478
503
499
470
410
396
388
363
348
312
301
304
264
254
227
194
180
164
166
130
108
76
45
58
56
54
57
24
-19
-42
-72
-104
-136
-180
-201
-212
-248
-287
-335
-350
-340
-336
-375
-385
-396
-430
-423
-444
-483
-494
-497
-540
-573
-608
-602
-578
-590
-634
-653
-621
-601
-597
-611
-620
-626
-598
-581
-613
-614
-627
-616
-593
-594
-573
-561
-543
-583
-582
-543
-495
-466
-444
-397
-371
-343
-327
-312
-284
-260
-219
-185
-192
-175
-136
-101
-51
-29
1
47
86
96
132
170
210
237
265
289
307
332
357
344
345
369
376
438
457
481
515
538
572
568
556
548
561
576
572
557
533
542
564
580
595
618
630
623
600
602
599
592
586
573
549
539
542
531
502
471
450
449
420
389
374
350
359
364
325
293
307
310
287
236
188
166
120
93
97
72
55
35
5
0
-9
-24
-49
-95
-134
-174
-208
-206
-236
-285
-295
-299
-308
-355
-381
-413
-423
-435
-482
-502
-503
-492
-495
-520
-522
-527
-563
-582
-589
-608
-605
-593
-596
-591
-579
-572
-584
-575
-580
-573
-560
-569
-559
-543
-535
-509
-508
-515
-500
-450
-416
-420
-431
-436
-438
-423
-375
-338
-310
-276
-242
-215
-181
-153
-116
-109
-88
-100
-112
-54
-21
12
6
32
86
108
144
186
227
258
288
321
343
377
400
427
460
456
439
444
466
476
491
519
528
548
559
584
612
626
637
622
626
624
634
627
590
578
578
564
552
508
448
464
495
509
478
436
422
421
381
350
336
326
304
289
278
245
225
202
189
189
165
157
124
73
70
73
111
109
57
-12
-70
-79
-99
-125
-139
-163
-184
-184
-213
-259
-286
-269
-247
-237
-283
-318
-359
-378
-376
-383
-361
-347
-338
-366
-382
-372
-372
-381
-415
-441
-443
-452
-439
-437
-441
-427
-412
-416
-456
-508
-514
-487
-464
-451
-465
-450
-436
-416
-408
-401
-382
-352
-330
-324
-327
-330
-313
-307
-295
-274
-269
-261
-253
-250
-220
-164
-123
-110
-123
-124
-60
-14
-7
-15
-39
-33
8
44
62
79
101
133
162
204
266
269
296
320
323
352
383
373
351
342
321
361
395
426
430
424
453
455
458
458
456
487
507
484
468
455
450
444
420
399
369
361
355
343
350
365
387
381
353
329
334
321
309
297
263
228
210
195
198
187
177
188
188
161
131
129
119
111
114
97
72
32
2
-18
-47
-38
-43
-69
-121
-139
-112
-127
-142
-164
-186
-169
-167
-177
-225
-258
-255
-253
-254
-266
-269
-295
-299
-285
-302
-299
-321
-332
-333
-349
-360
-387
-388
-405
-426
-432
-449
-461
-479
-479
-436
-424
-447
-469
-480
-470
-440
-414
-386
-382
-403
-390
-358
-345
-311
-292
-289
-301
-300
-293
-271
-257
-239
-215
-178
-137
-119
-110
-102
-84
-50
-27
3
1
10
38
69
100
104
120
135
157
185
214
228
226
240
267
317
348
342
332
339
347
348
370
362
341
350
368
390
390
383
358
367
424
447
435
405
377
376
403
398
372
348
325
298
302
319
318
320
322
327
333
332
314
285
257
265
278
271
243
193
187
198
203
202
163
144
135
144
128
124
112
94
87
56
41
-7
-16
-32
-52
-77
-94
-113
-131
-163
-168
-150
-148
-171
-192
-204
-210
-209
-210
-241
-270
-247
-227
-234
-274
-319
-325
-322
-344
-349
-354
-366
-365
-354
-357
-354
-353
-358
-378
-397
-386
-351
-333
-344
-384
-387
-359
-338
-349
-366
-371
-333
-314
-305
-287
-272
-269
-284
-294
-296
-281
-265
-259
-250
-239
-202
-172
-156
-165
-157
-133
-88
-80
-97
-86
-44
0
32
53
54
69
75
89
93
101
122
137
186
193
214
237
247
263
268
287
316
343
354
342
346
392
390
374
373
387
425
427
435
429
421
438
447
451
421
424
447
429
413
406
369
355
355
350
335
320
332
333
321
289
266
280
251
242
227
198
204
173
164
125
105
136
115
89
55
50
54
45
26
9
-7
-24
-33
-53
-78
-100
-129
-180
-204
-230
-224
-216
-219
-229
-244
-258
-264
-275
-304
-304
-289
-287
-308
-345
-379
-374
-359
-362
-386
-398
-390
-392
-386
-388
-379
-360
-372
-387
-375
-382
-389
-353
-356
-374
-371
-366
-361
-364
-353
-342
-324
-316
-320
-315
-283
-229
-228
-241
-243
-217
-182
-168
-174
-161
-147
-126
-110
-84
-60
-36
-39
-40
-37
-11
40
57
74
77
74
71
94
101
133
162
180
201
199
202
236
271
282
296
300
295
297
338
344
356
379
382
390
401
410
408
432
444
440
461
471
464
447
428
427
425
439
428
379
343
313
326
342
324
314
325
312
301
291
255
247
228
199
172
162
143
120
110
110
97
87
67
49
16
7
18
-12
-28
-47
-45
-37
-44
-58
-106
-138
-144
-150
-166
-191
-192
-175
-179
-201
-224
-261
-260
-257
-248
-255
-257
-264
-285
-295
-322
-291
-295
-318
-342
-368
-358
-343
-351
-364
-359
-336
-304
-301
-322
-350
-357
-343
-339
-339
-346
-346
-356
-361
-354
-322
-275
-262
-274
-278
-266
-232
-187
-196
-207
-178
-156
-139
-143
-138
-126
-99
-70
-49
-35
-48
-12
25
49
61
81
115
132
148
156
139
132
122
106
122
168
200
186
177
192
247
294
298
264
257
287
293
299
313
295
292
306
311
313
297
296
317
326
300
284
296
316
337
338
329
312
311
305
285
282
282
288
272
236
244
240
251
230
198
185
181
189
166
146
106
87
92
91
75
59
43
19
14
3
22
22
-7
-45
-87
-114
-92
-51
-66
-83
-109
-145
-167
-160
-175
-198
-198
-210
-245
-252
-251
-244
-218
-222
-238
-253
-261
-247
-262
-268
-240
-237
-245
-262
-267
-274
-264
-234
-227
-229
-230
-241
-242
-263
-269
-240
-228
-222
-227
-211
-207
-215
-215
-212
-208
-226
-222
-209
-212
-205
-193
-163
-123
-118
-119
-140
-138
-126
-124
-87
-84
-67
-72
-73
-64
-51
-17
10
37
52
42
39
49
61
72
90
115
114
96
100
100
124
155
172
179
164
172
186
225
253
258
273
260
263
263
246
260
266
291
300
298
286
268
264
273
279
293
308
299
276
270
276
281
304
299
280
292
289
282
252
209
207
210
218
217
176
149
139
143
163
165
146
115
95
70
65
73
69
45
18
-14
-48
-47
-50
-57
-59
-69
-77
-85
-131
-159
-175
-172
-159
-186
-190
-224
-250
-237
-249
-264
-286
-286
-256
-271
-270
-274
-305
-300
-294
-287
-302
-310
-306
-314
-304
-307
-276
-271
-304
-298
-295
-263
-238
-240
-251
-257
-253
-249
-250
-241
-244
-222
-177
-176
-169
-154
-148
-139
-110
-102
-90
-73
-74
-63
-54
-30
-10
-4
-4
-15
3
27
28
33
18
18
68
79
76
78
94
118
117
109
107
117
150
173
169
156
153
169
184
199
204
210
260
277
271
252
252
282
281
293
282
283
307
295
276
270
279
296
291
279
252
259
296
316
308
293
290
267
233
201
186
210
222
208
180
155
158
178
187
192
183
162
123
86
63
45
53
71
71
26
-3
-18
-18
-20
-60
-80
-57
-70
-90
-125
-143
-125
-132
-169
-196
-205
-210
-212
-260
-269
-267
-239
-218
-236
-283
-313
-306
-286
-275
-300
-308
-289
-279
-294
-325
-323
-288
-255
-282
-300
-314
-337
-317
-308
-320
-323
-304
-291
-286
-295
-278
-251
-235
-239
-232
-219
-203
-213
-218
-193
-173
-128
-130
-113
-102
-89
-34
-12
-26
-31
-20
-1
19
16
23
19
50
96
96
97
108
129
137
148
172
190
207
188
158
177
230
264
278
243
214
230
261
300
324
306
303
317
308
296
283
289
301
314
299
277
274
273
287
298
288
272
249
235
213
204
208
228
208
194
195
201
216
210
198
180
179
166
158
134
132
142
135
104
81
88
78
58
59
56
48
36
17
-9
-41
-61
-67
-82
-98
-102
-110
-110
-114
-125
-135
-138
-144
-172
-172
-206
-236
-225
-241
-271
-266
-267
-279
-270
-277
-282
-268
-257
-230
-234
-230
-214
-242
-246
-260
-265
-261
-257
-255
-282
-298
-285
-268
-249
-242
-233
-235
-218
-189
-194
-196
-179
-173
-158
-130
-129
-116
-119
-129
-139
-123
-96
-90
-81
-81
-81
-39
-26
-8
15
25
18
38
68
44
56
59
41
50
69
84
87
85
103
110
128
143
137
125
133
153
177
218
209
186
167
165
189
191
208
223
209
217
216
202
232
249
271
267
262
243
217
237
240
245
245
244
228
214
236
231
222
225
197
199
223
222
202
154
129
142
135
117
104
87
90
98
98
83
69
61
32
22
29
31
10
-17
-44
-73
-72
-83
-96
-110
-124
-121
-118
-119
-132
-129
-138
-136
-123
-152
-162
-151
-158
-164
-184
-193
-191
-200
-201
-204
-212
-222
-240
-250
-234
-212
-197
-228
-234
-234
-222
-226
-239
-218
-212
-217
-211
-199
-201
-188
-174
-154
-143
-131
-119
-123
-124
-126
-133
-115
-89
-83
-93
-103
-110
-127
-102
-58
-20
-8
-7
-4
6
30
53
63
69
44
29
47
76
94
86
111
116
116
122
121
125
153
152
145
156
135
149
147
150
149
134
134
129
122
110
101
120
145
164
171
134
123
115
122
139
138
138
145
134
148
139
130
133
119
110
106
102
92
98
97
101
129
131
108
106
102
96
102
84
63
58
68
72
68
53
39
43
46
48
39
42
16
-16
-23
-35
-28
-35
-42
-60
-57
-35
-37
-39
-47
-57
-72
-73
-71
-77
-91
-98
-108
-113
-103
-96
-87
-99
-106
-105
-125
-136
-133
-144
-151
-149
-136
-145
-168
-154
-149
-141
-138
-138
-150
-159
-131
-123
-131
-145
-145
-133
-114
-115
-115
-112
-129
-130
-110
-94
-83
-86
-102
-92
-86
-78
-67
-77
-87
-87
-72
-65
-51
-40
-37
-22
-8
11
17
11
14
20
14
26
43
56
68
69
85
91
98
108
116
114
115
110
100
112
132
145
150
141
129
129
130
138
139
130
121
127
139
129
136
146
146
168
154
137
125
114
117
132
141
129
118
106
85
89
105
106
123
116
97
78
72
77
80
96
84
79
74
58
48
46
45
50
47
26
19
23
9
18
26
22
11
-9
-18
-36
-46
-49
-43
-59
-70
-85
-82
-87
-96
-104
-109
-95
-103
-118
-140
-132
-125
-129
-120
-143
-148
-161
-166
-160
-173
-169
-174
-193
-196
-182
-176
-156
-153
-150
-162
-155
-154
-148
-139
-150
-137
-125
-123
-121
-118
-109
-94
-91
-82
-80
-57
-34
-29
-39
-47
-52
-34
-25
-29
-17
-13
-11
-5
-6
-1
17
17
31
38
30
42
42
42
57
66
86
93
89
79
91
104
122
126
124
113
120
128
130
136
134
133
136
143
130
137
151
147
154
158
142
135
125
123
134
130
135
134
129
127
129
126
126
123
122
120
109
88
74
81
92
98
104
87
75
73
64
64
59
49
28
-6
-24
-27
-24
-14
-15
-6
-27
-32
-37
-47
-55
-67
-62
-65
-85
-99
-117
-122
-122
-109
-102
-117
-122
-121
-125
-129
-129
-123
-126
-132
-133
-144
-139
-130
-122
-114
-118
-137
-151
-161
-154
-148
-122
-113
-113
-122
-130
-121
-109
-89
-82
-84
-100
-91
-77
-68
-51
-37
-47
-49
-45
-48
-53
-43
-35
-28
-20
-15
-9
-4
-3
10
29
27
37
42
38
36
35
40
45
52
57
66
67
68
75
88
93
90
83
66
68
64
71
88
92
94
93
93
93
99
106
110
116
105
105
102
89
94
96
101
94
92
76
64
61
73
85
80
67
56
63
60
64
61
56
47
49
45
38
39
28
22
38
50
42
40
42
34
34
37
45
42
20
1
-14
-9
-2
1
3
-11
-24
-24
-22
-24
-31
-21
-28
-36
-35
-38
-40
-43
-47
-59
-71
-67
-66
-80
-69
-70
-72
-71
-81
-78
-73
-68
-65
-74
-89
-87
-77
-87
-98
-109
-114
-105
-92
-94
-106
-113
-108
-108
-103
-96
-87
-73
-71
-67
-62
-57
-51
-50
-52
-52
-45
-43
-40
-32
-38
-34
-22
-24
-17
-11
-10
15
23
11
12
11
9
22
28
26
28
31
23
28
31
46
55
46
38
36
47
57
74
67
72
89
95
89
88
71
67
64
66
76
71
79
71
67
74
74
74
69
65
62
57
65
64
59
48
50
55
60
56
36
37
46
44
42
25
27
29
25
29
25
33
24
14
11
7
9
15
24
25
18
14
9
8
9
11
17
22
13
-1
-6
-1
9
4
-15
-30
-27
-14
-2
-9
-12
-17
-33
-34
-31
-26
-20
-22
-35
-49
-52
-59
-59
-53
-63
-66
-57
-55
-56
-61
-63
-59
-59
-64
-72
-75
-72
-79
-77
-74
-74
-57
-58
-64
-68
-77
-69
-58
-49
-62
-67
-65
-59
-47
-52
-57
-62
-52
-54
-56
-50
-38
-29
-29
-25
-20
-12
-2
-1
6
20
23
20
12
-4
-8
-8
-6
-4
-5
14
28
33
31
30
35
44
45
31
25
21
20
27
39
34
41
46
45
42
42
58
72
75
64
60
69
74
81
86
77
79
68
51
53
61
73
84
77
68
63
61
65
60
57
57
62
56
51
48
56
67
63
62
54
43
43
40
29
13
2
-2
-3
-4
2
-1
-1
8
5
3
-8
-13
-8
-8
-12
-10
-10
-25
-35
-38
-28
-22
-29
-32
-35
-45
-49
-65
-68
-59
-52
-50
-60
-62
-66
-64
-49
-38
-41
-54
-60
-62
-60
-55
-50
-43
-48
-58
-72
-66
-61
-48
-44
-49
-55
-64
-67
-62
-52
-37
-29
-33
-42
-50
-56
-46
-35
-32
-29
-27
-26
-28
-28
-20
-13
-7
-3
-1
-3
-3
-1
1
6
13
18
18
13
8
9
18
25
23
28
27
24
22
22
21
33
46
43
42
36
38
46
41
41
43
41
42
28
18
12
18
33
46
51
44
42
34
45
53
57
61
48
37
27
27
37
40
37
45
46
49
54
48
47
50
59
65
63
49
36
33
29
28
29
22
27
26
18
22
13
15
22
21
14
10
9
6
2
0
0
-5
-19
-23
-30
-17
-5
-15
-17
-25
-25
-25
-28
-29
-31
-34
-39
-44
-49
-56
-58
-53
-57
-59
-60
-56
-49
-48
-45
-51
-51
-48
-51
-60
-62
-53
-51
-55
-58
-63
-60
-56
-56
-55
-47
-45
-44
-45
-51
-50
-45
-42
-39
-37
-42
-45
-48
-50
-38
-26
-22
-25
-25
-18
-8
2
8
7
-6
-7
-5
-1
-5
-5
4
8
11
14
14
18
30
41
43
44
49
47
39
38
42
45
53
50
40
40
42
49
50
51
59
61
59
55
52
54
66
67
66
69
63
62
56
55
54
55
60
53
44
30
40
45
43
43
39
39
41
43
37
30
29
20
15
12
11
10
5
5
6
0
1
6
13
7
5
7
-2
-11
-21
-26
-30
-35
-42
-45
-46
-48
-36
-33
-36
-41
-41
-34
-36
-38
-44
-45
-48
-50
-54
-59
-60
-60
-52
-49
-50
-52
-53
-54
-49
-40
-34
-29
-34
-37
-39
-39
-41
-38
-43
-46
-39
-37
-36
-31
-23
-19
-20
-26
-29
-18
-8
-3
1
10
8
11
15
8
5
9
6
9
8
-2
-3
2
12
17
19
25
26
19
19
23
26
32
36
31
27
22
26
23
17
23
32
32
30
33
31
29
28
26
23
20
24
25
23
22
27
33
35
25
17
23
25
26
31
33
32
32
20
18
19
25
29
32
33
27
19
11
11
6
8
12
12
7
3
4
13
12
13
15
7
6
4
6
0
-2
1
-3
1
-1
2
-4
-1
-1
-3
0
-3
-12
-20
-21
-23
-20
-20
-23
-27
-28
-30
-31
-26
-26
-23
-23
-24
-34
-39
-36
-37
-29
-32
-42
-43
-47
-44
-39
-34
-35
-44
-47
-44
-44
-40
-37
-41
-34
-35
-37
-38
-39
-46
-44
-32
-23
-25
-29
-30
-30
-17
-12
-6
-5
-1
0
1
1
1
-5
-2
5
7
12
11
9
8
16
22
31
29
22
25
24
30
40
47
48
41
37
35
38
43
43
42
36
33
35
37
45
54
52
46
44
37
35
29
29
26
24
30
28
31
28
27
27
22
25
23
25
25
13
16
21
19
19
20
15
3
1
1
-3
2
3
-2
-8
-8
-6
-3
-6
-10
-12
-10
-12
-17
-16
-17
-14
-9
-5
-9
-14
-11
-12
-12
-11
-18
-19
-22
-18
-14
-19
-24
-19
-19
-16
-13
-14
-19
-23
-17
-12
-10
-11
-17
-24
-22
-20
-25
-25
-33
-35
-30
-29
-25
-23
-23
-19
-19
-19
-19
-23
-19
-17
-18
-18
-19
-20
-23
-22
-16
-13
-12
-8
-14
-19
-16
-7
-6
-6
-6
-5
-9
-7
-7
-3
-2
3
8
6
7
10
7
8
14
13
13
17
18
11
10
15
17
14
13
13
10
10
8
8
18
21
20
21
19
19
17
19
20
21
24
19
17
21
25
25
30
22
16
11
14
20
25
27
24
24
22
21
25
29
30
27
23
19
16
15
14
15
17
19
19
17
16
15
19
20
17
18
15
12
12
12
16
19
17
6
-4
-8
-11
-13
-17
-17
-16
-13
-14
-17
-19
-17
-14
-14
-16
-17
-19
-24
-29
-28
-27
-25
-20
-17
-21
-25
-24
-19
-19
-19
-21
-29
-32
-34
-28
-28
-26
-28
-30
-30
-29
-27
-27
-32
-29
-21
-14
-15
-22
-21
-19
-15
-12
-12
-18
-17
-16
-14
-15
-14
-16
-15
-17
-19
-16
-16
-12
-9
-5
-5
-4
-4
-6
-5
2
6
4
8
0
-4
-1
1
6
8
6
8
11
13
15
15
11
13
15
17
15
13
15
14
17
20
16
21
20
17
17
22
26
21
22
22
25
26
31
29
28
26
28
29
26
24
22
23
21
23
22
21
19
