3
1
0
0
-2
-2
0
-2
-1
-2
-3
-2
-3
-3
-3
-3
-4
-3
-2
-2
-3
-3
-3
-2
-1
-1
0
-1
-2
-2
-2
-4
-3
-4
-3
-1
-2
0
1
2
2
2
2
2
1
1
0
-2
-1
-3
-3
-2
-2
-2
-1
0
0
-1
0
0
0
0
1
1
1
1
1
1
1
3
1
2
3
2
2
2
2
3
2
1
1
2
2
1
1
1
2
2
3
3
2
3
2
2
2
1
1
1
1
1
-1
0
1
1
2
2
2
1
1
0
0
1
1
0
0
1
1
0
1
1
0
0
-1
0
-1
-3
-2
-2
-2
-2
1
-1
0
1
1
0
1
0
-1
0
0
-1
1
1
-1
0
1
0
-1
0
-1
-1
-1
-1
0
-1
-1
-2
-2
-3
-3
-3
-1
-2
-2
-1
-3
-4
-3
-6
-4
-5
-6
-3
-3
-3
-2
-1
-2
-2
-1
1
1
-1
0
-1
-2
0
1
1
-1
1
1
1
3
1
0
1
1
1
1
3
0
1
3
4
3
2
3
3
3
2
4
5
4
4
5
4
4
4
4
4
2
0
2
2
1
0
1
1
0
1
1
0
1
-1
1
1
1
1
0
0
1
1
0
1
1
0
1
0
-2
-4
-1
-1
0
1
-1
-1
1
-1
-2
-1
-2
-1
-4
-3
-2
-3
-3
-2
-3
-2
-2
-2
0
-2
-1
1
0
1
1
-1
-1
-2
-2
-1
-3
-3
-2
-4
-2
0
1
1
1
1
-1
-1
-1
-2
-2
0
-1
-1
1
2
0
1
1
2
1
1
2
0
0
0
-1
-1
0
0
1
0
0
-1
0
-1
-1
-2
-2
-2
-1
-2
-2
-2
-1
-1
-1
-2
-2
-2
-2
-1
-2
-1
-1
-2
-1
-1
-2
-2
0
-1
0
1
0
0
1
2
2
1
1
3
1
1
1
2
3
1
3
4
3
4
3
3
3
1
1
3
2
2
2
3
2
2
0
1
1
1
1
1
1
1
-1
2
1
-1
0
1
0
0
1
2
1
-1
-1
-3
-1
-2
0
1
0
1
1
1
1
0
1
0
0
1
-1
0
0
0
0
-1
-1
-1
-2
-2
-1
-1
-1
0
0
-1
1
-1
-1
-1
-1
-1
-3
-1
-2
-3
-1
0
-2
-1
-1
-1
-1
-1
-1
0
1
2
1
1
2
0
-1
-1
0
-1
-3
-1
-2
-3
-2
0
2
2
1
2
3
4
4
3
2
1
0
0
-1
-1
-2
-1
0
0
-1
-1
0
0
2
-1
1
0
-1
-1
-1
-1
-3
-2
-3
-3
-3
-3
-3
-3
-3
-2
-2
-1
0
0
0
0
1
2
2
1
1
-1
-1
-1
-2
-2
-1
-2
-1
-1
0
2
1
1
0
1
0
-1
1
-1
1
0
0
0
1
3
2
3
2
2
3
2
1
3
1
1
3
4
3
4
3
3
4
4
4
3
0
0
-1
-1
1
1
3
5
3
3
2
2
1
2
0
-1
-1
-1
1
3
2
2
3
1
0
0
-1
-3
-3
-3
-2
-1
-2
-4
-3
-2
-2
-3
-2
-1
-3
-2
-4
-4
-3
-4
-3
-2
-3
-2
0
0
0
0
-1
-2
-1
-1
-3
-2
-3
-4
-3
-2
-1
-2
-1
-1
-1
-1
1
-1
0
-1
-1
-1
-2
-1
0
-1
0
0
-1
0
1
1
0
1
2
1
1
1
0
1
3
1
1
2
1
0
2
2
2
2
2
4
5
4
4
3
4
4
4
4
2
2
2
1
1
1
1
1
0
1
0
-1
-1
-2
1
0
-1
1
-1
0
-1
-3
-1
-3
-4
-2
-1
0
0
0
0
-1
0
0
0
1
1
0
-2
-2
-1
-2
-2
-2
-1
0
2
1
2
0
1
0
0
0
-1
-1
-1
-1
-1
-2
-2
1
0
0
0
1
2
1
1
2
0
1
1
1
1
2
1
2
2
0
2
2
0
-2
-1
-1
-2
-2
-1
-1
0
-1
1
0
2
1
-1
-2
-1
-2
-2
-1
-1
0
-1
0
0
0
0
2
0
-1
0
-1
0
-1
-1
-1
0
-1
-2
-2
-3
-3
-2
-1
0
0
0
1
-1
1
0
1
0
-1
-2
-1
1
0
-1
0
0
0
1
1
1
1
-1
-1
1
0
0
0
0
-1
-4
-3
-3
-3
-2
0
-1
-3
0
1
-1
0
0
0
1
0
1
1
2
1
2
3
2
1
0
0
0
0
-1
1
0
1
1
0
2
1
1
-1
1
1
1
2
2
3
4
5
5
5
7
6
8
7
7
7
6
5
4
5
5
2
3
4
3
2
4
3
2
1
0
1
-2
-3
-1
-2
-4
-4
-4
-5
-5
-5
-6
-7
-9
-9
-10
-7
-7
-7
-8
-9
-9
-8
-8
-7
-8
-9
-9
-10
-10
-10
-8
-7
-7
-7
-7
-7
-9
-8
-7
-7
-6
-5
-4
-3
0
1
-2
0
-2
-4
-2
0
2
2
4
5
6
7
8
8
8
9
10
9
8
11
14
14
15
16
15
14
16
16
16
16
16
16
16
18
18
17
18
17
18
19
17
16
17
15
16
16
15
13
12
11
9
8
6
4
1
0
-1
-4
-6
-8
-9
-13
-15
-18
-21
-23
-24
-26
-27
-28
-30
-30
-30
-32
-34
-35
-36
-37
-37
-34
-34
-33
-31
-31
-30
-28
-26
-26
-24
-22
-22
-21
-20
-20
-19
-17
-14
-14
-12
-12
-10
-10
-7
-5
-4
-2
1
3
3
5
7
8
8
11
15
15
17
20
21
26
29
33
35
36
39
40
44
47
48
49
54
56
58
59
62
64
66
70
71
71
70
69
68
66
66
62
58
55
51
45
37
30
20
13
6
-2
-10
-20
-28
-37
-46
-53
-57
-63
-69
-71
-78
-80
-82
-83
-83
-81
-81
-81
-76
-74
-71
-66
-64
-62
-60
-57
-58
-56
-54
-52
-50
-48
-45
-43
-41
-39
-37
-34
-33
-30
-26
-24
-20
-18
-18
-15
-12
-8
-4
0
2
5
6
9
13
15
17
18
21
22
26
27
28
31
31
33
35
36
35
36
37
38
42
45
48
49
51
53
56
57
58
61
65
72
82
93
103
110
112
108
105
104
104
114
122
129
128
121
114
102
90
83
74
67
59
46
26
11
-3
-20
-33
-46
-60
-76
-92
-102
-109
-113
-119
-128
-136
-147
-153
-154
-153
-148
-144
-141
-141
-141
-143
-140
-136
-132
-127
-122
-118
-114
-103
-96
-88
-77
-70
-65
-61
-56
-50
-43
-37
-30
-20
-11
-6
3
9
11
13
15
19
24
27
34
38
39
39
39
38
42
42
42
44
45
45
47
45
46
47
47
49
50
50
50
55
57
59
60
63
63
64
68
71
74
77
79
79
78
81
80
80
80
81
76
69
64
59
56
53
50
48
47
46
44
44
47
46
41
38
43
51
61
71
78
74
69
58
52
57
64
74
77
72
61
46
31
22
18
15
7
-5
-24
-45
-59
-74
-89
-98
-110
-124
-139
-151
-158
-156
-155
-159
-164
-173
-179
-181
-181
-174
-163
-155
-154
-154
-153
-152
-147
-141
-131
-123
-117
-111
-109
-105
-97
-86
-77
-69
-59
-54
-50
-43
-38
-32
-27
-21
-13
-6
5
15
26
32
37
43
44
48
54
62
68
75
80
88
94
101
106
105
103
100
100
102
105
106
109
109
108
109
112
106
103
103
100
98
94
92
89
88
84
85
80
78
74
70
66
63
61
61
62
62
63
65
67
60
55
63
79
99
123
135
143
138
123
109
104
113
128
139
138
126
106
88
68
54
49
44
26
3
-30
-55
-80
-100
-115
-131
-153
-177
-201
-220
-225
-229
-238
-248
-260
-271
-276
-276
-273
-263
-250
-242
-243
-249
-249
-245
-236
-224
-208
-199
-194
-186
-170
-155
-139
-119
-105
-93
-84
-73
-64
-46
-32
-16
0
9
18
26
36
52
66
68
72
75
77
81
90
101
106
108
112
117
123
126
128
129
132
124
128
132
124
125
129
129
123
121
121
122
124
122
121
115
112
103
108
112
116
118
120
114
102
96
93
92
89
89
87
80
77
81
92
101
111
122
126
131
132
127
135
155
179
199
215
207
188
161
142
139
149
150
137
117
95
72
44
31
11
-3
-23
-58
-100
-140
-167
-194
-216
-239
-268
-300
-330
-355
-356
-350
-354
-361
-384
-408
-420
-416
-401
-375
-345
-323
-326
-320
-308
-295
-280
-269
-258
-236
-219
-200
-174
-143
-116
-89
-75
-70
-63
-64
-59
-56
-32
-10
9
28
49
65
74
78
76
83
87
86
95
111
127
142
156
166
178
184
187
192
200
190
182
180
182
188
194
203
202
195
191
196
201
209
203
197
176
163
159
166
178
190
207
206
197
191
176
169
182
183
181
175
160
136
128
135
135
135
127
117
120
130
157
189
211
233
250
235
208
193
186
189
198
201
211
203
130
55
-12
-77
-119
-146
-175
-186
-188
-212
-262
-318
-360
-402
-434
-460
-479
-513
-546
-583
-599
-573
-535
-507
-503
-517
-535
-541
-542
-520
-467
-408
-363
-338
-303
-247
-196
-161
-149
-142
-146
-164
-154
-114
-55
7
51
68
76
66
53
53
42
50
58
63
91
139
196
235
248
233
204
180
169
176
204
230
257
282
291
308
336
364
356
334
316
279
254
259
268
279
280
259
228
215
213
211
212
200
173
135
94
81
96
123
145
148
140
114
99
88
92
92
72
50
21
-1
-14
0
14
34
28
15
-1
-9
4
49
104
216
366
479
509
455
359
245
150
119
230
392
503
471
339
118
-119
-315
-433
-474
-446
-405
-399
-432
-479
-514
-568
-638
-723
-800
-866
-905
-909
-817
-677
-560
-493
-481
-505
-519
-518
-518
-479
-412
-362
-299
-246
-179
-73
13
59
65
61
46
10
-18
20
74
122
142
133
143
167
189
174
129
106
81
38
39
99
184
234
254
269
270
271
261
260
259
268
278
285
318
375
442
479
445
367
328
309
306
332
376
393
378
312
227
185
153
112
65
28
-1
-9
-45
-42
-14
7
-4
-38
-71
-99
-82
-45
-9
19
55
61
30
41
55
77
88
86
76
75
62
85
104
166
213
290
477
681
806
799
715
541
370
222
264
498
765
822
674
360
-27
-406
-725
-891
-946
-927
-972
-1046
-1114
-1092
-1084
-1176
-1368
-1566
-1711
-1796
-1774
-1524
-1120
-728
-492
-403
-391
-409
-393
-333
-198
4
204
363
478
624
809
960
900
726
554
396
283
243
331
483
553
453
271
52
-116
-235
-313
-370
-335
-284
-215
-128
12
169
212
140
14
-22
36
181
393
646
843
900
813
670
594
624
670
678
679
716
717
683
636
568
481
325
83
-100
-157
-153
-137
-177
-248
-351
-464
-536
-527
-409
-254
-182
-221
-256
-220
-160
-11
154
293
358
334
273
262
356
433
496
487
430
366
331
336
453
832
1275
1500
1342
944
487
109
-109
4
618
1315
1504
1020
143
-836
-1562
-2017
-2062
-1713
-1336
-1294
-1629
-2088
-2376
-2502
-2594
-2653
-2579
-2378
-2122
-1925
-1640
-1144
-696
-605
-684
-642
-394
84
583
1033
1351
1477
1220
924
865
1079
1351
1490
1450
1316
1148
877
742
696
653
321
-124
-580
-703
-625
-398
-147
-49
-191
-512
-914
-1118
-838
-371
133
496
698
759
798
786
916
1097
1179
1177
1172
1274
1466
1541
1472
1228
900
622
504
472
636
812
686
285
-194
-619
-810
-762
-634
-443
-374
-467
-663
-843
-857
-732
-546
-400
-252
-93
139
405
562
692
754
652
561
541
645
867
974
966
904
771
858
1388
1948
2150
1793
1108
272
-275
-335
372
1593
2322
1878
454
-1365
-2774
-3224
-2848
-1986
-1226
-1209
-2200
-3531
-4600
-4737
-4190
-3441
-2799
-2354
-2305
-2535
-2663
-2292
-1510
-769
-353
-92
312
818
1387
1817
2052
2165
2114
1885
1714
1882
2052
2018
1553
999
684
526
323
98
-208
-611
-1220
-1884
-2102
-1952
-1624
-1412
-1427
-1546
-1522
-1354
-1088
-562
38
616
949
977
1218
1768
2309
2739
3006
3100
3081
2949
2847
2785
2817
2679
2250
1721
1282
1042
862
668
413
97
-274
-760
-1119
-1207
-1114
-1008
-997
-1024
-936
-786
-640
-393
-208
71
200
337
501
991
1415
1717
1873
1771
1615
1367
1164
1154
1282
1231
1101
948
792
1168
2076
2568
2200
1112
-72
-941
-1019
-483
1006
2407
2332
504
-1917
-3751
-4238
-3506
-2282
-1310
-1334
-2596
-4572
-6015
-6103
-4876
-3394
-2610
-2537
-2939
-3627
-4031
-3790
-2558
-990
-86
9
46
237
566
1070
1570
2163
2523
2573
2217
1996
1958
1900
1535
1018
963
1108
1112
527
-275
-1106
-1802
-2267
-2273
-1642
-900
-661
-1020
-1581
-1975
-1738
-1096
-230
624
1338
1604
1442
1383
1738
2503
3274
3695
3738
3550
3257
2972
2913
2996
3037
2759
2230
1671
1223
979
730
354
-37
-362
-690
-983
-1105
-1056
-955
-946
-1022
-1002
-747
-427
-45
267
446
549
515
575
881
1362
1728
1883
1876
1577
1271
1029
861
966
1070
897
695
616
818
1575
1984
1468
340
-634
-1243
-1073
-358
1011
2355
2084
-27
-2462
-3950
-4087
-3057
-1778
-947
-1286
-2974
-5114
-6305
-5981
-4490
-2971
-2405
-2762
-3448
-4174
-4440
-3754
-2163
-431
441
237
-86
20
405
1069
1931
2719
3121
2889
2229
1765
1654
1740
1603
1435
1370
1207
828
-122
-1159
-1794
-2074
-2173
-1944
-1394
-1081
-1212
-1863
-2486
-2547
-1981
-986
36
877
1319
1249
944
975
1533
2532
3433
3784
3765
3503
3116
2838
2858
3141
3211
2841
2229
1574
1064
725
484
342
102
-213
-582
-962
-1136
-1078
-779
-530
-360
-176
-58
11
91
406
874
1324
1694
1751
1753
1687
1688
1676
1953
2189
2216
2048
1623
1218
889
759
704
878
1669
2467
2427
1394
-39
-1012
-1193
-721
184
1652
2407
1354
-1196
-3340
-4170
-3494
-2168
-1155
-1011
-2217
-4359
-6279
-6657
-5403
-3484
-2314
-2417
-3443
-4571
-5075
-4739
-3490
-1634
-172
35
-692
-1108
-856
-23
1017
2077
2638
2650
2009
1140
857
1060
1356
1375
1334
1069
762
142
-896
-1776
-2039
-1983
-1950
-1787
-1461
-1444
-1802
-2242
-2219
-1601
-701
57
598
875
853
733
878
1558
2498
3308
3632
3480
3122
2889
2818
2906
3115
3205
2875
2239
1633
1211
1118
1137
1023
730
323
-103
-484
-680
-537
-150
251
494
515
512
574
705
889
1370
1862
2208
2423
2388
2273
2082
2105
2176
2327
2296
2033
1687
1098
604
288
282
489
1307
2298
2466
1601
-52
-1196
-1574
-917
125
1521
2511
1678
-801
-3257
-4080
-3470
-2038
-996
-891
-2082
-4246
-6168
-6647
-5356
-3449
-2304
-2563
-3796
-4984
-5524
-4926
-3542
-1735
-377
-162
-1059
-1766
-1473
-540
602
1628
2419
2448
1862
916
327
477
952
1239
1299
1370
956
27
-1143
-2257
-2671
-2223
-1614
-1310
-1126
-1371
-2017
-2511
-2419
-1650
-627
219
458
385
316
537
1062
1867
2801
3263
3226
2859
2495
2511
2907
3259
3278
3072
2508
1809
1266
1049
1067
1135
1076
790
453
71
-125
-191
-96
195
538
854
1121
1285
1253
1231
1286
1415
1866
2457
2855
2958
2797
2410
2088
2070
2250
2420
2404
2137
1486
849
368
255
487
879
1818
2379
1924
404
-1002
-1461
-849
133
1013
1952
1815
40
-2437
-3718
-3407
-2059
-897
-862
-1859
-3682
-5554
-6364
-5600
-3877
-2498
-2419
-3615
-5002
-5666
-5143
-3924
-2405
-1038
-412
-878
-1820
-1953
-1125
46
1052
1850
2164
1870
1091
262
9
274
600
741
844
551
-311
-1344
-2322
-2774
-2497
-1830
-1400
-1414
-1701
-2164
-2410
-2167
-1369
-425
326
672
502
394
684
1298
2109
2952
3284
3133
2822
2555
2516
2797
3253
3378
3136
2617
1895
1245
821
785
868
949
916
627
203
-107
-265
-184
150
633
1144
1472
1537
1454
1392
1698
2039
2434
2914
3201
3115
2812
2596
2455
2596
2598
2558
2251
1904
1289
860
540
474
666
1515
2547
2579
1338
-439
-1454
-1416
-290
938
2053
2247
698
-2029
-3892
-3932
-2469
-800
-365
-1453
-3598
-5611
-6500
-5780
-3955
-2349
-2107
-3388
-5077
-5996
-5489
-3973
-2340
-1225
-863
-1258
-2045
-2238
-1526
-295
677
1067
1060
893
714
496
180
-69
-158
-126
19
106
-134
-804
-1750
-2738
-3151
-2759
-1843
-1194
-1167
-1670
-2269
-2477
-1867
-661
441
1044
951
522
382
941
2016
3189
3902
3858
3226
2559
2264
2603
3258
3648
3596
3036
2208
1416
972
1014
1191
1187
999
675
349
77
4
110
291
573
911
1238
1462
1564
1543
1660
1865
2275
2665
2959
3069
2988
2771
2587
2513
2469
2572
2514
2194
1696
1281
946
760
676
1086
2082
2785
2450
819
-788
-1394
-867
308
1417
2163
1709
-318
-2828
-4013
-3459
-1787
-631
-913
-2507
-4771
-6299
-6341
-4924
-3124
-2278
-2916
-4485
-5905
-6079
-4849
-3131
-1805
-1294
-1391
-1955
-2389
-1997
-1016
64
648
778
733
626
425
182
-62
-305
-399
-367
-148
-121
-610
-1578
-2511
-3061
-3016
-2225
-1377
-1174
-1579
-2189
-2538
-2207
-1118
178
1022
1193
773
401
674
1581
2700
3675
4027
3634
2892
2438
2545
2944
3506
3817
3552
2811
1991
1412
1151
1213
1344
1293
1043
667
268
68
202
459
673
912
1126
1244
1425
1614
1844
2150
2468
2638
2697
2776
2833
2851
2894
2897
2801
2512
2147
1857
1606
1451
1224
1013
765
964
1696
2381
2165
800
-568
-1331
-755
419
1618
2097
1366
-617
-2812
-3566
-2859
-1343
-405
-738
-2503
-4666
-5995
-5820
-4187
-2463
-1915
-2950
-4580
-5830
-5893
-4621
-3000
-1776
-1550
-1875
-2443
-2628
-2264
-1500
-612
-94
143
31
-95
-152
-80
-71
-134
-289
-624
-665
-629
-794
-1180
-1623
-2039
-2310
-2101
-1732
-1524
-1547
-1812
-2026
-1717
-1138
-403
295
547
527
416
643
1153
1831
2533
2961
3058
2807
2532
2516
2791
3111
3317
3244
2889
2368
1887
1665
1597
1586
1605
1543
1295
922
708
719
841
1002
1142
1265
1436
1462
1504
1711
2018
2283
2324
2283
2268
2377
2494
2629
2688
2584
2324
2032
1736
1487
1419
1300
1163
916
680
648
1173
1890
2129
1528
319
-789
-999
-107
1078
1932
1828
607
-1279
-2480
-2562
-1770
-836
-613
-1347
-2842
-4236
-4934
-4613
-3458
-2618
-2779
-3546
-4580
-5284
-4994
-4080
-3110
-2535
-2316
-2435
-2646
-2646
-2480
-2084
-1509
-953
-470
-166
-312
-683
-997
-1231
-1065
-819
-594
-409
-594
-974
-1309
-1520
-1704
-1682
-1438
-1234
-1181
-1239
-1444
-1370
-1029
-621
-130
357
507
441
422
545
964
1604
2204
2547
2582
2404
2164
2067
2219
2529
2878
3010
2779
2276
1819
1631
1730
1985
2166
2152
1804
1417
1290
1330
1531
1889
2122
2043
1888
1754
1819
2093
2343
2456
2387
2172
1940
1852
1934
2077
2182
2062
1863
1623
1321
1128
1072
996
902
835
719
775
1090
1414
1339
974
409
-97
55
613
1124
1330
1091
175
-779
-1348
-1491
-1292
-1026
-1022
-1555
-2337
-3145
-3726
-3800
-3410
-3213
-3329
-3623
-4112
-4459
-4371
-3839
-3247
-2869
-2826
-2985
-3091
-2956
-2667
-2252
-1949
-1740
-1511
-1388
-1215
-1221
-1455
-1696
-1835
-1897
-1667
-1230
-1095
-1197
-1378
-1531
-1573
-1486
-1273
-994
-772
-656
-510
-257
-104
-53
107
284
627
1088
1353
1499
1628
1692
1743
2025
2334
2512
2602
2606
2438
2239
2290
2347
2285
2225
2091
1887
1743
1557
1411
1366
1488
1567
1555
1649
1751
1642
1495
1506
1599
1884
2260
2470
2355
2147
1916
1637
1586
1866
2150
2287
2183
1844
1409
1098
924
954
1124
1213
1192
1102
1095
1019
868
674
468
391
645
876
898
822
511
106
-23
-87
-233
-274
-446
-858
-1325
-1540
-1812
-2150
-2215
-2435
-2888
-3200
-3538
-3773
-3659
-3477
-3316
-3283
-3389
-3511
-3611
-3530
-3346
-3086
-2868
-2765
-2645
-2553
-2371
-2031
-1812
-1816
-1854
-1957
-1976
-1747
-1481
-1381
-1376
-1363
-1387
-1150
-753
-743
-956
-1073
-1018
-649
-84
342
400
90
-85
13
380
1129
1570
1556
1469
1332
1304
1498
1785
2001
2093
2173
2161
2018
1997
1982
1990
2010
2038
2119
1992
1683
1460
1361
1435
1624
1764
1852
1835
1652
1410
1392
1605
1845
2095
2330
2306
2155
1929
1783
1796
1921
2139
2227
2139
1841
1459
1221
1245
1353
1620
1949
2035
1749
1376
1119
965
1174
1397
1344
1413
1380
1042
763
402
-73
-408
-557
-649
-757
-883
-1370
-2248
-2663
-2757
-2940
-2877
-3125
-3610
-3838
-3884
-3749
-3460
-3317
-3512
-3866
-3887
-3648
-3286
-2887
-2847
-2979
-3032
-2876
-2412
-2014
-1936
-1885
-1953
-2029
-1719
-1315
-1188
-1213
-1357
-1463
-1386
-1176
-1006
-940
-854
-937
-940
-789
-780
-660
-338
-61
170
361
351
258
429
804
1142
1487
1670
1523
1458
1582
1721
1931
2141
2120
2031
1999
2106
2157
2086
2037
1922
1856
1872
1861
1741
1599
1563
1608
1802
2047
2014
1794
1621
1536
1644
2019
2337
2362
2170
1932
1842
1902
2133
2239
2160
2037
1787
1542
1484
1584
1824
2160
2339
2237
1831
1337
1014
1055
1368
1588
1635
1491
1106
688
320
-156
-566
-726
-759
-833
-965
-1408
-2207
-2692
-2964
-3155
-3014
-3067
-3437
-3726
-3810
-3755
-3616
-3522
-3563
-3596
-3529
-3433
-3270
-3100
-3046
-2886
-2697
-2461
-2157
-2084
-2160
-2081
-1877
-1639
-1361
-1196
-1287
-1385
-1340
-1232
-1067
-873
-843
-953
-975
-934
-839
-739
-688
-560
-486
-354
-82
65
121
173
270
410
602
843
1034
1162
1281
1354
1459
1574
1604
1653
1780
1919
2036
2070
2029
1976
1891
1894
1939
2013
2005
1957
1811
1694
1767
1956
2105
2159
2059
1864
1776
1745
1883
2126
2324
2318
2111
1918
1842
1846
1910
1981
2050
1923
1666
1572
1734
2079
2284
2218
1846
1368
1164
1262
1343
1480
1617
1362
1074
829
400
-94
-562
-803
-998
-1055
-1061
-1503
-2085
-2477
-3013
-3291
-3242
-3375
-3386
-3273
-3213
-3292
-3485
-3676
-3762
-3593
-3144
-2772
-2676
-2814
-3067
-3097
-2813
-2291
-1789
-1762
-1903
-2062
-2067
-1701
-1303
-1077
-1067
-1138
-1191
-1202
-1101
-1067
-1087
-1006
-904
-694
-431
-548
-763
-827
-782
-487
-103
122
112
191
229
200
375
594
623
817
1140
1325
1472
1475
1338
1317
1515
1765
1962
2048
1963
1773
1686
1746
1888
1972
1952
1942
1799
1622
1634
1657
1667
1878
2025
1938
1795
1624
1466
1505
1798
2089
2233
2225
1927
1610
1565
1686
1871
2018
1965
1896
1967
2127
2233
2125
1987
1696
1621
1793
1782
1892
1985
1714
1426
1161
732
220
-162
-283
-423
-645
-950
-1642
-2176
-2419
-2752
-2962
-3168
-3553
-3751
-3626
-3353
-3222
-3325
-3462
-3702
-3710
-3323
-2960
-2743
-2803
-2929
-2889
-2717
-2392
-2123
-2125
-2085
-2006
-1847
-1559
-1361
-1349
-1416
-1424
-1304
-1132
-986
-1035
-1112
-1040
-1048
-881
-727
-894
-966
-805
-656
-468
-294
-282
-409
-256
91
333
604
750
618
727
1057
1268
1445
1549
1537
1552
1729
1875
1863
1811
1861
1948
2003
2038
2008
1788
1578
1727
1865
1957
2020
1864
1573
1444
1540
1632
1698
1683
1492
1341
1404
1526
1689
1890
1922
1752
1665
1621
1641
1779
1993
2211
2434
2568
2431
2172
1925
1833
2052
2244
2219
2188
2079
1896
1732
1487
953
382
101
43
0
-116
-624
-1514
-2038
-2330
-2578
-2513
-2711
-3214
-3518
-3525
-3375
-3261
-3314
-3494
-3702
-3605
-3339
-3185
-3029
-3083
-3129
-3007
-2775
-2470
-2352
-2440
-2413
-2275
-2121
-1882
-1713
-1650
-1587
-1416
-1222
-1067
-1044
-1171
-1241
-1176
-943
-705
-729
-779
-702
-691
-568
-294
-295
-429
-317
-53
124
366
529
269
214
622
779
938
1237
1015
842
1181
1469
1539
1645
1693
1507
1541
1874
1935
1914
1924
1867
1873
1962
2055
1946
1715
1627
1644
1613
1684
1686
1528
1493
1579
1572
1532
1582
1551
1472
1632
1735
1593
1571
1607
1691
2134
2620
2711
2493
2163
1914
1954
2233
2450
2595
2670
2480
2235
1867
1371
857
499
471
531
420
41
-812
-1577
-1906
-2250
-2325
-2421
-2795
-3106
-3192
-3192
-3281
-3412
-3601
-3677
-3495
-3147
-2977
-2994
-3230
-3432
-3214
-2807
-2394
-2199
-2378
-2488
-2465
-2282
-1968
-1739
-1699
-1701
-1628
-1554
-1458
-1389
-1346
-1334
-1150
-873
-720
-668
-730
-850
-854
-701
-455
-270
-125
18
-9
-61
18
92
137
414
702
865
1002
1023
922
852
1000
1239
1367
1462
1478
1380
1385
1530
1567
1586
1696
1734
1708
1770
1837
1793
1769
1745
1729
1704
1616
1506
1404
1437
1516
1507
1522
1523
1445
1390
1367
1396
1455
1458
1492
1610
1952
2338
2493
2369
2140
1916
1792
2045
2224
2306
2405
2311
2156
1987
1628
1182
755
568
608
507
317
-215
-993
-1408
-1743
-2080
-2207
-2484
-2770
-2854
-2800
-2727
-2901
-3215
-3467
-3504
-3194
-2907
-2840
-2922
-3159
-3157
-2898
-2620
-2311
-2291
-2382
-2306
-2194
-2029
-1921
-1863
-1832
-1693
-1476
-1337
-1274
-1272
-1321
-1281
-1028
-742
-617
-653
-714
-736
-634
-441
-261
-120
-53
100
142
147
287
270
211
396
594
735
903
942
810
769
918
1022
1157
1364
1396
1371
1407
1361
1307
1297
1401
1548
1622
1687
1665
1606
1638
1674
1700
1734
1733
1576
1370
1376
1481
1524
1660
1696
1540
1430
1392
1331
1446
1605
1738
2041
2316
2369
2157
1975
1838
1829
2018
2108
2122
2221
2218
2108
1928
1485
918
531
483
578
606
364
-400
-1165
-1482
-1764
-1885
-1972
-2319
-2575
-2656
-2656
-2691
-2854
-3081
-3298
-3259
-2971
-2799
-2824
-3001
-3166
-3068
-2780
-2483
-2324
-2400
-2486
-2430
-2256
-1957
-1717
-1648
-1681
-1600
-1415
-1321
-1200
-1140
-1187
-1141
-968
-786
-571
-513
-565
-525
-435
-301
-167
-11
92
131
175
181
181
274
307
395
569
608
659
671
659
734
835
908
930
984
1025
1060
1175
1208
1180
1228
1222
1196
1355
1518
1593
1631
1637
1643
1661
1683
1686
1671
1614
1537
1478
1496
1552
1626
1668
1631
1590
1530
1531
1650
1908
2287
2514
2402
2154
1943
1798
1937
2115
2162
2241
2243
2097
1965
1696
1203
737
531
457
398
406
53
-644
-1035
-1407
-1844
-1971
-2226
-2524
-2532
-2451
-2497
-2652
-2900
-3216
-3312
-3045
-2740
-2523
-2544
-2811
-2942
-2908
-2712
-2398
-2223
-2173
-2151
-2175
-2124
-1991
-1925
-1830
-1622
-1395
-1304
-1277
-1327
-1430
-1306
-1057
-850
-705
-652
-676
-627
-461
-294
-219
-180
-108
-7
220
378
321
245
135
176
368
523
635
659
608
601
620
678
738
829
940
1002
1083
1071
985
968
1084
1217
1386
1474
1458
1472
1527
1628
1754
1774
1753
1736
1758
1814
1840
1813
1739
1727
1756
1769
1787
1696
1570
1540
1641
1915
2158
2249
2150
1946
1814
1831
1944
1936
1929
1983
1963
1882
1689
1350
886
523
434
423
380
225
-252
-830
-1174
-1536
-1820
-1977
-2255
-2414
-2374
-2319
-2351
-2519
-2697
-2839
-2829
-2606
-2521
-2524
-2468
-2573
-2546
-2400
-2355
-2328
-2378
-2341
-2153
-1955
-1877
-1873
-1918
-1918
-1697
-1393
-1303
-1274
-1293
-1419
-1315
-1099
-961
-817
-663
-662
-597
-442
-472
-505
-356
-70
142
310
346
138
45
199
331
492
610
502
452
584
764
759
763
702
574
637
904
1068
1049
990
932
925
1055
1263
1346
1322
1380
1458
1556
1688
1691
1545
1505
1638
1727
1787
1850
1757
1619
1692
1784
1765
1716
1659
1655
1870
2192
2350
2229
2014
1878
1809
1976
2019
1921
1990
1983
1912
1819
1480
954
533
399
409
367
323
-99
-668
-943
-1285
-1560
-1733
-2067
-2253
-2169
-2039
-2009
-2232
-2482
-2654
-2599
-2287
-2060
-2054
-2179
-2383
-2412
-2246
-2013
-1900
-2038
-2123
-2113
-2047
-1890
-1744
-1730
-1727
-1580
-1482
-1441
-1411
-1472
-1501
-1379
-1194
-1041
-978
-950
-923
-870
-667
-565
-594
-585
-455
-280
-60
128
144
30
26
155
204
365
475
396
443
561
610
587
514
457
483
671
864
908
907
868
839
935
1145
1301
1307
1358
1433
1506
1632
1728
1716
1632
1633
1649
1658
1668
1677
1666
1708
1815
1811
1773
1690
1647
1856
2155
2366
2343
2126
1952
1859
1912
1975
1949
1977
1985
1937
1903
1624
1157
725
400
303
311
256
-91
-595
-934
-1231
-1515
-1722
-2057
-2316
-2277
-2192
-2071
-2105
-2286
-2584
-2653
-2391
-2163
-2007
-2029
-2225
-2300
-2147
-1916
-1745
-1834
-1940
-1978
-1984
-1799
-1677
-1726
-1782
-1774
-1653
-1448
-1278
-1281
-1416
-1454
-1336
-1150
-843
-705
-821
-821
-708
-530
-299
-215
-152
-53
61
298
401
372
314
231
311
522
651
613
491
458
486
485
584
565
396
476
615
749
832
762
613
507
702
927
1046
1234
1249
1191
1366
1517
1506
1500
1505
1473
1607
1819
1854
1739
1666
1632
1658
1812
1920
1950
1849
1899
2124
2292
2332
2214
2021
1949
2026
2009
2033
2117
2022
1884
1886
1623
1145
735
383
244
235
199
-137
-647
-992
-1402
-1750
-1907
-2241
-2517
-2538
-2483
-2346
-2317
-2524
-2785
-2900
-2750
-2538
-2340
-2329
-2444
-2449
-2326
-2154
-2032
-2042
-2105
-2121
-2013
-1776
-1624
-1637
-1769
-1748
-1610
-1337
-1057
-1029
-1202
-1342
-1345
-1260
-992
-803
-768
-720
-630
-563
-447
-329
-317
-192
88
326
517
583
489
402
432
579
688
750
785
844
938
992
995
947
845
844
1002
1153
1210
1167
1075
1032
1079
1181
1300
1374
1396
1435
1536
1620
1584
1499
1401
1350
1449
1640
1770
1787
1720
1628
1552
1599
1647
1657
1684
1774
1995
2193
2230
2060
1876
1728
1745
1874
1923
1944
1854
1695
1614
1485
1135
683
309
72
-63
-94
-161
-495
-879
-1258
-1676
-1893
-2143
-2504
-2658
-2650
-2565
-2469
-2517
-2726
-2943
-2956
-2824
-2644
-2437
-2437
-2505
-2477
-2383
-2176
-2064
-2131
-2179
-2162
-2022
-1775
-1616
-1659
-1758
-1755
-1662
-1413
-1144
-1125
-1193
-1193
-1199
-1018
-724
-574
-496
-430
-337
-203
-86
-101
-139
-49
160
390
594
734
652
580
563
669
812
862
972
1003
1022
1074
1058
1004
966
986
1090
1201
1295
1325
1221
1183
1165
1205
1362
1414
1527
1589
1587
1563
1516
1477
1439
1455
1525
1574
1577
1596
1582
1561
1527
1519
1533
1539
1607
1737
1858
1955
1958
1845
1745
1650
1626
1703
1742
1796
1844
1771
1656
1440
1080
636
305
96
-8
-62
-213
-522
-850
-1236
-1673
-1960
-2283
-2523
-2513
-2468
-2443
-2464
-2587
-2800
-2976
-2947
-2870
-2789
-2615
-2592
-2554
-2436
-2400
-2341
-2315
-2356
-2265
-2089
-1936
-1808
-1756
-1769
-1752
-1718
-1685
-1522
-1342
-1165
-998
-874
-854
-816
-729
-696
-540
-300
-144
-30
93
167
203
228
207
319
498
663
822
899
908
874
892
931
1032
1085
1038
1024
1037
1094
1142
1121
1061
1062
1096
1183
1300
1397
1434
1417
1392
1415
1442
1484
1572
1555
1574
1628
1667
1645
1569
1489
1431
1489
1555
1660
1720
1649
1566
1523
1526
1538
1655
1790
1881
1909
1829
1658
1477
1379
1382
1413
1523
1585
1437
1242
963
616
260
-88
-355
-541
-630
-702
-873
-1156
-1520
-1997
-2359
-2603
-2790
-2780
-2720
-2676
-2736
-2801
-2884
-3001
-3065
-3051
-2900
-2676
-2499
-2390
-2368
-2320
-2260
-2218
-2158
-2082
-2009
-1923
-1807
-1621
-1460
-1376
-1389
-1401
-1301
-1103
-903
-792
-665
-573
-462
-317
-178
-86
-29
22
113
308
486
552
571
583
617
686
806
914
1028
1027
1006
1052
1009
1008
1024
1038
1083
1148
1228
1305
1308
1288
1278
1247
1260
1305
1391
1460
1504
1504
1452
1486
1495
1491
1531
1540
1523
1575
1616
1632
1604
1561
1486
1471
1486
1499
1544
1496
1452
1380
1375
1434
1462
1532
1538
1478
1340
1170
1033
956
945
924
954
923
809
640
380
66
-251
-576
-781
-953
-1054
-1144
-1332
-1496
-1736
-2028
-2338
-2529
-2690
-2752
-2695
-2605
-2523
-2451
-2466
-2544
-2614
-2681
-2702
-2602
-2458
-2269
-2126
-2026
-1934
-1909
-1939
-2004
-1962
-1901
-1797
-1552
-1339
-1180
-1104
-1132
-1083
-1005
-911
-749
-590
-429
-212
-16
162
325
367
354
307
320
400
561
702
843
907
933
955
938
887
758
759
880
988
1160
1282
1290
1260
1181
1103
1080
1114
1147
1241
1390
1513
1591
1596
1521
1404
1408
1436
1544
1681
1741
1788
1786
1771
1692
1606
1531
1477
1462
1458
1485
1472
1433
1376
1295
1197
1145
1095
1007
996
1146
1214
1210
1039
802
461
-94
-298
-312
223
663
1194
1352
1116
556
-654
-1601
-2182
-1732
-849
76
540
255
-528
-1704
-2804
-3469
-3659
-3272
-2657
-2046
-1690
-1712
-2195
-2865
-3381
-3832
-3839
-3690
-3463
-3034
-2394
-1846
-1618
-1651
-2055
-2419
-2573
-2468
-1962
-1171
-330
322
784
1080
1077
854
552
297
223
443
939
1677
2260
2404
2104
1280
311
-643
-1164
-1223
-905
-396
-46
104
-132
-598
-1118
-1551
-1731
-1558
-1007
-196
591
1270
1599
1684
1523
1354
1451
1740
2277
2809
3334
3603
3538
3135
2588
2120
1748
1604
1608
1690
1639
1435
1186
847
515
314
213
181
426
776
1178
1615
2261
3507
4684
5328
5001
4193
3258
2399
2136
2602
4224
5339
5082
3579
1259
-1027
-3119
-4418
-4796
-4628
-4577
-4954
-5028
-5083
-5170
-5541
-6429
-7269
-7787
-7401
-6076
-4046
-1955
-480
368
277
-16
-11
322
1066
1880
2815
3572
3914
3784
3353
2730
1518
54
-1288
-2253
-2554
-2398
-2099
-2072
-2643
-3843
-5052
-5737
-5916
-5463
-4637
-3526
-2246
-1066
-38
646
905
859
833
1090
1904
3265
4669
5685
5924
5298
4238
2950
1821
1184
936
835
752
543
144
-297
-964
-1749
-2501
-3184
-3498
-3253
-2493
-1390
-245
519
992
1265
1401
1719
2208
2744
3328
3894
4350
4853
5115
5164
4892
4275
3404
2608
2074
1836
1833
1701
1483
1060
544
5
-363
-612
-685
-335
642
1875
2822
3261
3096
2407
1220
402
331
1169
2290
2726
2529
1492
-272
-2190
-3853
-4938
-5589
-6172
-6573
-6329
-5642
-4989
-4590
-4692
-5314
-6061
-6508
-6197
-4846
-2993
-1171
389
1376
1899
2180
2062
1898
1873
1721
1620
1776
2134
2586
2660
1975
785
-736
-2393
-3558
-3792
-3611
-3463
-3443
-3750
-4090
-4304
-4326
-4072
-3389
-2759
-2386
-1704
-798
305
1469
2401
3033
3353
3352
3410
3740
4181
4562
4709
4363
3798
3184
2439
1795
1165
433
-266
-1031
-1543
-1491
-1280
-1144
-1050
-1137
-1296
-1271
-1036
-388
416
1091
1708
2318
2963
3641
4288
4604
4696
4472
4182
4016
3947
3997
3943
3763
3444
3007
2544
2081
1525
1029
910
1534
2079
2437
2409
1731
612
-686
-1581
-1681
-793
30
288
175
-746
-2082
-3284
-4504
-5128
-5345
-5782
-5745
-4981
-4084
-3124
-2607
-2782
-3235
-3994
-4605
-4296
-3280
-2006
-547
601
1421
2166
2328
2229
2129
1287
271
-509
-993
-870
-361
-90
-193
-647
-1779
-2900
-3584
-4119
-4478
-4717
-4993
-4960
-4466
-3695
-2734
-1641
-954
-848
-822
-711
-209
771
1772
2729
3537
3883
4140
4425
4518
4415
3924
3021
2122
1424
996
938
980
804
403
-316
-1039
-1363
-1641
-1809
-1664
-1458
-1113
-485
218
948
1662
1997
2139
2415
2733
3249
3930
4440
4866
4944
4651
4507
4207
3919
3679
3248
2813
2362
1965
1581
1279
1088
1109
1930
2514
2661
2554
1671
569
-470
-1143
-1048
-90
934
1154
956
139
-1174
-2302
-3689
-4703
-5160
-5872
-5983
-5326
-4419
-3295
-2568
-2579
-2876
-3572
-4274
-4161
-3509
-2552
-1255
-128
960
2186
2885
3106
3061
2181
907
-214
-1090
-1332
-1193
-1066
-945
-1050
-1483
-1893
-2476
-3309
-4104
-5107
-6062
-6369
-6144
-5228
-3687
-2249
-1272
-599
-438
-398
-157
72
583
1209
1836
2790
3912
4896
5707
5778
5025
3853
2402
1128
412
89
3
196
264
238
154
-195
-673
-1330
-1991
-2423
-2427
-2096
-959
619
1354
2179
2872
3299
3425
3557
3809
4005
4479
4262
4181
4762
5097
4880
4414
4125
3685
2674
1691
1180
1120
1164
1704
2429
3056
3327
2476
1221
12
-969
-1454
-1063
-305
-66
-43
-451
-1344
-1816
-2600
-3421
-4039
-4996
-5533
-5388
-4666
-3515
-2414
-1900
-1663
-1796
-2231
-2200
-2051
-1984
-1468
-1023
-483
632
1763
2657
3158
2808
1808
506
-966
-1904
-2408
-2908
-3183
-3221
-3189
-2807
-2285
-2080
-2165
-2883
-4083
-5114
-5803
-5697
-4804
-3617
-2158
-677
352
1141
1729
1945
1764
1401
900
766
1117
1700
2815
3590
4019
4019
3125
2151
997
-271
-1270
-2012
-2347
-2182
-1687
-1047
-173
405
477
472
143
-229
-217
-147
305
1122
1946
2985
4068
4859
5384
5543
5080
4680
4159
3584
3247
3128
3285
2988
3125
3009
3108
2866
2501
2868
3222
3224
2759
2621
1722
1040
468
-3
583
1169
1029
711
233
-820
-2006
-3161
-4381
-4893
-5616
-6210
-5535
-5055
-4018
-3005
-2635
-2345
-2359
-2689
-2651
-2266
-2069
-1496
-694
-15
1105
2136
2821
3442
3332
2333
1560
303
-1207
-1852
-3071
-3296
-3910
-3968
-3845
-3546
-3046
-3341
-3063
-4067
-4402
-5212
-5697
-4971
-4530
-3645
-2209
-987
445
1724
2419
2958
3032
2677
1973
1746
1538
1876
2263
2592
3013
2943
2546
1900
934
-321
-1281
-2352
-3088
-3205
-3046
-2424
-1417
-732
147
785
1088
1138
1060
1036
1051
1314
1690
2522
3345
4230
4970
5348
5522
5392
4876
4194
3391
2696
2208
1792
1755
2009
2205
2663
3111
3661
4406
4314
4033
3494
2519
1735
1110
863
1212
1742
1566
1392
1034
-207
-986
-2265
-3856
-4711
-5919
-6511
-6120
-5714
-4737
-3679
-3248
-2788
-2467
-2492
-2177
-1810
-1830
-1291
-748
-253
957
1932
2692
3494
3430
2914
2304
1207
24
-1079
-2484
-3540
-4231
-4889
-4801
-4527
-4346
-4065
-4205
-4609
-4767
-4736
-4581
-4355
-4239
-3959
-3506
-2768
-1404
153
1723
3230
3901
3915
3778
3190
2534
1935
1254
906
736
617
878
974
905
578
-279
-1138
-1861
-2600
-2940
-3015
-3060
-2609
-1761
-706
667
1935
2751
3282
3360
3219
3120
3074
3067
3064
3227
3603
4235
4652
5166
5297
4719
3984
2878
1918
1279
812
841
1140
1988
2998
3737
4503
4643
4426
3635
2543
1793
1221
1302
1053
813
841
190
-97
-822
-1895
-2612
-3780
-4747
-5238
-5460
-5089
-4547
-4167
-3643
-2883
-2323
-1714
-1074
-766
-289
74
189
773
1533
2085
2594
2650
2390
2058
1309
425
-394
-1422
-2498
-3470
-4404
-4938
-5131
-5327
-5405
-5325
-5396
-5296
-4945
-4718
-4184
-3584
-2997
-2604
-1972
-1250
-608
392
1165
1917
2861
3482
3569
3550
3089
2230
1493
732
103
-207
-571
-916
-1316
-1628
-1698
-1721
-1840
-1962
-2024
-2196
-2142
-1901
-1394
-584
225
968
1881
2855
3578
4252
4578
4517
4379
3941
3580
3479
3507
3692
3750
3757
3707
3498
3089
2673
2116
1525
1243
1394
2008
2802
3381
3985
4113
3892
3670
3086
2819
2662
2308
1551
1279
702
19
-225
-1279
-2047
-2902
-4021
-4418
-4776
-4795
-4420
-4236
-3965
-3316
-2576
-1913
-1113
-826
-672
-184
60
615
1571
2176
2670
2897
2698
2537
2194
1430
499
-685
-2037
-3118
-4049
-4643
-4849
-5098
-5344
-5403
-5338
-5157
-4810
-4580
-4494
-4304
-4235
-3949
-3204
-2292
-1312
-492
394
1141
1932
2752
3089
3374
3122
2429
1726
1061
645
200
-174
-569
-1043
-1278
-1477
-1551
-1621
-1912
-2211
-2483
-2540
-2321
-1991
-1545
-1052
-413
357
1346
2383
3197
3847
4117
4084
3940
3690
3529
3430
3319
3381
3523
3584
3796
3943
3726
3353
2731
1901
1647
1470
1890
2845
3232
4007
4351
4311
4328
4079
3584
3081
2576
1327
684
164
-693
-703
-1524
-2267
-2494
-3473
-3818
-3969
-4254
-4253
-4224
-4190
-3761
-2722
-1979
-946
-45
329
958
1224
1531
2051
2187
2171
2227
2070
1819
1736
1242
541
-364
-1656
-2667
-3545
-4337
-4709
-5012
-5208
-5129
-5015
-4838
-4430
-4208
-4177
-3990
-3868
-3650
-3121
-2370
-1655
-853
-71
634
1373
1956
2365
2485
2341
1864
1269
653
164
-208
-694
-1085
-1310
-1611
-1756
-1692
-1739
-1794
-1712
-1724
-1666
-1428
-1194
-886
-483
-102
379
1053
1728
2423
3060
3397
3608
3664
3526
3478
3313
3037
2915
2633
2555
2664
2703
2853
2787
2676
2540
2476
2862
3180
3479
3822
3883
3889
3721
3629
3327
3140
2840
1809
1200
320
-584
-939
-1835
-2388
-2710
-3329
-3425
-3392
-3234
-3011
-2933
-2958
-2812
-2290
-1873
-992
-26
667
1571
2138
2463
2855
2912
2762
2531
2073
1667
1323
710
29
-596
-1536
-2387
-3195
-4049
-4514
-4829
-5099
-5144
-5032
-4956
-4677
-4400
-4103
-3647
-3411
-3096
-2682
-2317
-1742
-1067
-338
304
947
1488
1859
2242
2179
2011
1683
987
464
-224
-811
-1178
-1625
-1937
-2115
-2186
-2213
-2048
-1805
-1560
-1173
-891
-566
-281
-74
256
466
724
1055
1431
1904
2378
2783
3137
3397
3337
3211
3051
2631
2374
2051
1631
1561
1427
1401
1804
2270
2587
3319
3621
3543
3993
3686
3514
3645
3175
2953
2911
2584
2035
1883
1207
363
-59
-1350
-2010
-2329
-3082
-3013
-2979
-2966
-2591
-2297
-2077
-1680
-1241
-1189
-795
-326
110
1172
1906
2542
3214
3348
3337
3261
2893
2378
1818
784
-291
-1141
-2078
-2654
-3087
-3599
-3996
-4400
-4827
-4954
-4932
-4969
-4832
-4735
-4702
-4345
-3897
-3404
-2647
-2032
-1471
-926
-448
52
619
1000
1222
1354
1308
1241
1048
754
403
-120
-770
-1356
-1917
-2207
-2371
-2550
-2581
-2488
-2301
-1930
-1398
-903
-471
-145
99
354
633
953
1292
1501
1762
2102
2518
2954
3451
3770
3731
3627
3297
2830
2419
1935
1491
1199
1063
1185
1539
2260
2907
3353
3651
3566
3451
3360
3088
2737
2463
2163
1519
1213
1043
651
614
19
-692
-1154
-1790
-2039
-2102
-2028
-1862
-1642
-1374
-1075
-469
-107
155
450
461
787
1263
1731
2367
2809
3066
3178
3006
2718
2313
1649
624
-489
-1572
-2507
-3084
-3548
-3768
-3940
-4185
-4338
-4363
-4266
-4137
-4015
-3993
-4030
-3852
-3512
-3135
-2530
-1962
-1549
-1077
-638
-232
237
572
719
666
583
325
-5
-350
-804
-1217
-1643
-2054
-2338
-2499
-2542
-2541
-2412
-2218
-1956
-1574
-1150
-697
-271
92
466
760
1068
1390
1601
1766
1973
2241
2454
2771
3003
3105
3132
2919
2665
2281
1905
1500
1202
1088
1055
1377
1782
2186
2607
2772
2867
2908
2829
2648
2392
2127
1549
1037
634
115
-55
-257
-643
-837
-1085
-1274
-1369
-1364
-1262
-1109
-875
-660
-228
276
682
1072
1306
1484
1738
2003
2337
2714
2983
3185
3332
3307
3173
2903
2302
1508
507
-520
-1545
-2506
-3252
-3964
-4386
-4585
-4596
-4361
-4031
-3607
-3427
-3236
-3050
-3033
-2735
-2551
-2320
-1970
-1682
-1178
-703
-198
247
571
760
677
599
379
-38
-560
-1179
-1714
-2237
-2577
-2724
-2770
-2669
-2604
-2466
-2250
-2016
-1700
-1342
-980
-663
-291
112
501
912
1249
1541
1797
1984
2158
2415
2573
2673
2744
2591
2413
2207
1787
1461
1323
1062
994
1181
1294
1531
1750
1725
1755
1777
1545
1333
1238
940
682
408
-72
-310
-465
-695
-792
-801
-881
-841
-621
-559
-304
39
166
445
769
1043
1463
1739
1921
2181
2370
2527
2759
2922
3027
3189
3098
2989
2913
2578
2139
1620
1011
260
-568
-1341
-2243
-3013
-3593
-4065
-4289
-4256
-4017
-3784
-3350
-2842
-2437
-1899
-1653
-1475
-1175
-1172
-1060
-920
-835
-591
-405
-249
-49
184
185
36
-152
-678
-1132
-1706
-2412
-2889
-3329
-3576
-3614
-3500
-3124
-2636
-2160
-1672
-1078
-652
-278
157
422
715
1008
1237
1504
1747
1987
2226
2400
2480
2528
2556
2479
2372
2128
1779
1546
1261
978
906
940
986
1022
960
920
965
940
708
570
381
7
-152
-453
-747
-817
-1059
-1224
-1320
-1357
-1238
-1091
-882
-642
-247
71
300
648
951
1244
1583
1790
2057
2346
2595
2855
3032
3208
3304
3417
3456
3382
3302
3019
2668
2158
1467
823
78
-686
-1326
-1961
-2525
-2835
-3059
-3314
-3248
-3163
-3139
-2793
-2522
-2190
-1725
-1401
-1028
-692
-467
-302
-99
-57
-55
3
-120
-234
-352
-586
-773
-1059
-1374
-1624
-1908
-2252
-2623
-2916
-3253
-3504
-3548
-3461
-3092
-2564
-1969
-1203
-469
126
726
1197
1501
1815
1956
2038
2156
2106
2157
2187
2153
2103
2048
1965
1856
1816
1611
1429
1247
974
877
656
350
223
-86
-409
-636
-864
-1005
-1056
-1193
-1436
-1495
-1600
-1665
-1574
-1590
-1522
-1416
-1385
-1154
-712
-272
197
695
1070
1448
1894
2198
2451
2722
2749
2771
2856
2907
3080
3249
3312
3387
3360
3228
3150
2837
2337
1807
1117
425
-197
-839
-1362
-1747
-2172
-2506
-2565
-2645
-2553
-2351
-2266
-2003
-1728
-1466
-1122
-724
-326
18
287
467
601
681
617
513
333
8
-290
-660
-1055
-1358
-1730
-2093
-2383
-2674
-2918
-3090
-3223
-3260
-3200
-3072
-2796
-2349
-1862
-1245
-581
31
669
1281
1781
2158
2421
2520
2554
2585
2489
2366
2255
2044
1841
1709
1504
1347
1232
1001
817
620
223
-123
-333
-787
-1186
-1441
-1938
-2214
-2471
-2888
-2943
-2903
-2911
-2740
-2449
-2137
-1751
-1250
-881
-450
25
226
562
861
1057
1405
1693
1860
2089
2370
2535
2750
3028
3138
3247
3260
3050
2944
2802
2552
2279
1987
1661
1309
979
600
217
-101
-520
-915
-1199
-1464
-1585
-1557
-1545
-1377
-1079
-772
-418
-21
326
559
738
802
817
805
678
538
439
263
84
-88
-359
-645
-953
-1323
-1655
-1950
-2278
-2574
-2764
-2838
-2798
-2678
-2461
-2181
-1909
-1595
-1204
-769
-329
144
610
1002
1381
1737
2040
2364
2561
2551
2450
2255
1931
1600
1339
1010
758
591
353
304
279
83
-83
-321
-775
-1173
-1587
-2071
-2445
-2757
-3148
-3381
-3433
-3533
-3409
-3250
-3083
-2695
-2343
-1943
-1425
-887
-434
-17
377
641
892
1101
1224
1371
1455
1610
1843
2039
2322
2603
2816
3002
3166
3141
3087
2979
2577
2152
1745
1154
662
312
-161
-442
-551
-777
-792
-636
-629
-448
-245
-171
89
318
449
619
807
892
1012
1131
1102
1175
1200
1051
923
741
416
142
-202
-602
-853
-1193
-1483
-1634
-1846
-1953
-1964
-1971
-1947
-1813
-1631
-1477
-1196
-857
-472
-65
277
678
1047
1326
1582
1809
1924
2003
2023
1994
1963
1947
1842
1669
1482
1200
972
695
368
79
-253
-622
-1094
-1502
-1883
-2311
-2677
-3035
-3374
-3648
-3864
-4026
-4008
-3823
-3626
-3359
-3020
-2657
-2217
-1700
-1232
-807
-427
-119
127
361
547
685
886
1047
1210
1432
1668
1874
2071
2208
2272
2301
2248
2015
1807
1533
1117
781
430
72
-151
-320
-441
-414
-286
-196
10
317
512
820
1151
1335
1546
1739
1809
1888
1910
1816
1703
1567
1321
1096
904
687
478
218
-36
-325
-626
-887
-1129
-1393
-1607
-1709
-1751
-1700
-1544
-1270
-964
-611
-222
200
647
1002
1316
1553
1759
1906
1976
2033
1985
1885
1811
1686
1548
1427
1296
1158
1058
918
716
588
332
-14
-373
-831
-1307
-1796
-2272
-2750
-3136
-3487
-3776
-3919
-3991
-3949
-3821
-3671
-3439
-3128
-2815
-2483
-2100
-1662
-1367
-1046
-752
-551
-343
-247
-110
27
111
226
345
508
646
893
1013
1079
1195
1156
1162
983
841
671
415
131
-58
-182
-385
-344
-264
-182
147
421
715
1167
1455
1708
1967
2147
2196
2307
2313
2145
2109
1971
1746
1642
1488
1285
1111
882
569
299
-27
-377
-654
-936
-1130
-1186
-1262
-1310
-1167
-997
-789
-383
24
485
933
1370
1728
2046
2333
2517
2645
2640
2621
2570
2427
2217
2052
1842
1629
1417
1174
983
769
535
231
-95
-421
-818
-1217
-1648
-2059
-2454
-2829
-3170
-3525
-3699
-3824
-3915
-3869
-3736
-3526
-3251
-2922
-2586
-2214
-1851
-1614
-1337
-1066
-924
-803
-768
-793
-798
-793
-781
-733
-668
-583
-549
-519
-460
-448
-421
-406
-401
-375
-318
-303
-264
-163
-140
-82
68
150
331
535
681
866
1068
1260
1461
1712
1883
2036
2167
2204
2184
2150
2054
1903
1703
1414
1153
929
700
500
376
285
189
133
91
78
41
-13
18
57
98
264
431
630
916
1244
1560
1879
2183
2417
2611
2717
2733
2735
2666
2511
2375
2207
1973
1794
1605
1409
1207
1000
769
497
265
-63
-423
-793
-1198
-1598
-1940
-2262
-2570
-2846
-3024
-3129
-3130
-3064
-2965
-2846
-2788
-2672
-2550
-2380
-2207
-2039
-1861
-1661
-1542
-1462
-1458
-1456
-1458
-1497
-1528
-1567
-1575
-1616
-1597
-1575
-1507
-1432
-1343
-1211
-1093
-960
-785
-605
-491
-368
-229
-98
67
227
381
543
711
817
962
1115
1144
1207
1295
1346
1355
1377
1340
1254
1162
1083
996
958
913
847
814
770
747
747
722
687
711
737
738
793
842
906
1021
1165
1281
1431
1603
1702
1814
1929
2030
2133
2226
2272
2332
2316
2253
2229
2122
2017
1933
1776
1596
1421
1275
1070
876
663
437
236
-30
-295
-529
-790
-1050
-1250
-1402
-1603
-1769
-1913
-2058
-2125
-2217
-2252
-2242
-2233
-2160
-2044
-1942
-1872
-1844
-1849
-1893
-1978
-2095
-2217
-2313
-2395
-2432
-2399
-2369
-2263
-2137
-2027
-1903
-1732
-1560
-1446
-1288
-1104
-910
-737
-565
-409
-229
-53
91
253
386
467
527
625
696
753
832
870
870
853
819
783
712
627
634
607
585
606
670
694
733
766
804
849
889
950
1012
1128
1227
1314
1410
1432
1480
1504
1486
1471
1417
1350
1314
1304
1291
1368
1466
1544
1651
1714
1757
1803
1759
1681
1603
1533
1405
1288
1160
1047
960
883
843
780
755
724
628
502
381
188
-35
-293
-557
-831
-1101
-1357
-1587
-1763
-1922
-2019
-2073
-2099
-2117
-2120
-2151
-2120
-2050
-2038
-2017
-1958
-1945
-1921
-1880
-1851
-1830
-1799
-1784
-1720
-1650
-1604
-1530
-1442
-1332
-1227
-1115
-1042
-981
-914
-871
-830
-751
-649
-500
-344
-175
18
212
432
622
779
905
982
1026
1034
1030
986
928
867
797
747
660
615
570
539
541
563
591
582
593
594
591
618
607
596
580
596
578
585
686
754
796
867
953
1027
1124
1199
1287
1344
1377
1381
1354
1288
1277
1218
1126
1089
993
881
824
792
746
741
695
661
667
623
638
684
682
662
627
537
452
319
155
-48
-280
-496
-726
-918
-1120
-1240
-1371
-1497
-1570
-1594
-1600
-1605
-1581
-1582
-1602
-1636
-1687
-1658
-1640
-1640
-1594
-1523
-1449
-1330
-1226
-1148
-1038
-956
-899
-836
-770
-698
-624
-571
-484
-411
-352
-272
-203
-97
-1
98
238
357
451
537
603
616
604
624
596
540
534
503
437
438
417
368
350
306
254
224
171
111
58
-7
-44
-67
-130
-196
-177
-203
-175
-94
-52
45
159
285
370
507
630
727
833
942
1023
1082
1100
1061
1046
1023
960
908
864
779
750
750
740
744
758
744
739
770
770
784
809
792
741
708
649
536
441
346
207
53
-96
-241
-376
-527
-677
-775
-877
-964
-997
-1046
-1103
-1179
-1220
-1247
-1274
-1273
-1283
-1263
-1234
-1208
-1122
-1002
-914
-771
-620
-509
-373
-297
-262
-243
-228
-209
-208
-196
-172
-139
-109
-45
0
34
90
106
128
207
261
254
233
233
228
203
202
210
224
241
269
300
316
322
264
163
57
-77
-214
-317
-447
-514
-556
-640
-651
-634
-613
-565
-477
-406
-315
-196
-123
-71
31
123
195
308
412
511
634
714
789
876
913
945
994
1001
996
1006
989
927
894
860
820
816
827
800
754
712
660
612
545
472
427
358
270
199
119
66
9
-68
-102
-136
-175
-211
-287
-355
-411
-463
-513
-532
-578
-607
-640
-656
-643
-656
-661
-643
-606
-561
-510
-461
-378
-335
-288
-225
-188
-171
-163
-182
-199
-231
-238
-253
-267
-273
-251
-181
-177
-124
-72
-49
14
60
98
124
137
110
117
85
44
15
-35
-90
-155
-206
-269
-340
-454
-560
-654
-751
-812
-838
-885
-886
-883
-876
-812
-748
-659
-577
-468
-364
-248
-128
-47
76
163
241
343
429
537
672
766
865
978
1058
1092
1121
1121
1066
1013
954
906
877
841
804
747
730
719
718
686
634
611
539
502
467
425
387
372
348
341
334
304
254
199
132
30
-50
-123
-227
-316
-374
-432
-486
-529
-529
-526
-492
-454
-384
-310
-295
-235
-193
-169
-124
-116
-100
-108
-133
-148
-170
-200
-238
-262
-302
-324
-307
-307
-284
-237
-200
-152
-102
-76
-72
-26
-52
-50
-68
-114
-153
-198
-259
-323
-402
-480
-517
-613
-652
-671
-743
-800
-831
-851
-895
-928
-957
-926
-876
-882
-817
-759
-704
-593
-465
-332
-177
-45
125
313
464
620
736
833
903
965
1020
1039
1044
1053
1037
1022
1006
979
931
852
794
736
646
579
513
455
432
386
317
299
301
292
318
326
334
346
381
404
422
446
418
369
311
234
113
-4
-129
-240
-327
-390
-450
-461
-453
-415
-338
-293
-240
-145
-106
-78
-55
-60
-37
-47
-56
-59
-63
-63
-8
-7
22
79
104
146
169
197
211
194
154
127
101
71
-22
-111
-171
-248
-315
-370
-421
-466
-536
-600
-643
-695
-737
-781
-824
-869
-884
-914
-945
-919
-929
-943
-930
-937
-894
-828
-755
-647
-562
-473
-372
-226
-112
31
179
283
387
469
539
616
656
679
690
685
672
633
609
622
625
597
557
524
481
447
399
362
336
279
249
221
231
277
290
333
389
406
434
471
505
494
460
444
375
300
235
139
41
-33
-96
-157
-190
-194
-164
-176
-197
-139
-109
-70
-26
-23
-15
10
25
40
62
97
118
147
196
251
329
380
427
482
482
494
498
478
461
395
314
216
92
16
-87
-189
-270
-371
-440
-478
-521
-519
-569
-596
-617
-659
-675
-718
-730
-760
-767
-776
-747
-711
-654
-596
-559
-502
-433
-388
-352
-311
-268
-204
-150
-84
1
37
102
187
210
245
272
272
248
191
139
102
76
51
40
28
11
-1
0
18
12
2
4
-10
-16
18
28
49
72
75
119
145
160
183
176
183
200
187
179
140
116
110
56
2
-19
-76
-125
-128
-139
-151
-117
-77
-22
52
118
172
250
312
384
440
496
577
596
614
657
687
696
724
725
722
750
723
677
639
581
494
385
280
159
25
-79
-168
-243
-315
-363
-383
-422
-447
-431
-434
-437
-447
-419
-381
-366
-384
-376
-364
-370
-384
-387
-382
-390
-387
-395
-359
-323
-311
-301
-280
-270
-273
-285
-265
-239
-232
-199
-209
-228
-223
-187
-160
-155
-151
-166
-196
-200
-157
-125
-130
-106
-70
-77
-64
-27
-6
-21
-30
-36
-39
-25
-37
-22
-6
-17
-31
-29
-18
-7
1
-2
-13
-26
-35
-38
-58
-72
-96
-108
-89
-64
-9
28
60
96
145
199
279
348
420
490
516
587
632
661
713
735
726
751
770
788
784
764
728
672
637
600
566
501
453
386
300
233
152
105
47
-48
-72
-92
-110
-121
-106
-91
-98
-108
-123
-132
-150
-161
-196
-231
-253
-297
-309
-341
-358
-387
-418
-437
-459
-475
-480
-487
-526
-521
-505
-527
-514
-499
-510
-477
-480
-480
-466
-461
-416
-376
-342
-295
-270
-266
-225
-241
-224
-195
-198
-193
-190
-173
-152
-141
-129
-108
-105
-110
-109
-108
-108
-136
-140
-160
-169
-168
-148
-137
-129
-103
-74
-57
-48
-21
4
19
44
104
132
185
255
313
355
411
471
513
553
601
654
695
697
709
753
765
777
780
755
757
746
705
695
634
597
571
552
516
485
483
440
413
386
349
295
247
187
144
91
77
73
34
13
-18
-75
-136
-169
-205
-249
-298
-337
-347
-356
-379
-384
-410
-436
-470
-490
-500
-541
-549
-540
-547
-558
-540
-506
-499
-471
-456
-450
-444
-463
-447
-429
-411
-405
-381
-348
-337
-307
-289
-283
-292
-282
-277
-299
-325
-339
-352
-345
-359
-353
-341
-326
-307
-315
-304
-282
-254
-257
-240
-232
-230
-223
-211
-181
-135
-94
-49
-9
33
107
177
221
287
292
332
390
411
471
517
565
634
674
722
768
779
812
833
840
833
837
832
821
841
825
806
783
761
761
744
729
718
667
607
551
478
423
369
304
244
185
145
98
67
42
10
-24
-49
-79
-142
-159
-221
-263
-316
-359
-377
-419
-422
-443
-464
-460
-474
-469
-453
-489
-486
-501
-514
-533
-529
-519
-523
-519
-535
-524
-528
-507
-536
-539
-536
-545
-542
-543
-572
-567
-570
-574
-575
-578
-589
-618
-620
-620
-581
-565
-540
-526
-499
-442
-427
-393
-355
-326
-284
-270
-249
-212
-200
-159
-93
-22
36
100
179
248
303
360
406
445
500
504
567
651
686
724
774
828
872
891
914
916
919
950
971
967
937
943
953
926
923
918
897
878
828
809
785
731
685
598
558
503
440
381
321
265
190
137
86
42
-34
-63
-111
-169
-197
-253
-314
-331
-357
-405
-409
-416
-444
-453
-451
-447
-460
-497
-504
-524
-496
-499
-517
-504
-528
-541
-567
-556
-545
-561
-566
-556
-553
-552
-572
-594
-624
-623
-649
-653
-648
-643
-657
-671
-677
-673
-646
-618
-562
-526
-510
-491
-433
-412
-374
-337
-303
-265
-240
-182
-157
-117
-86
-55
-18
34
71
128
168
193
239
264
322
365
419
444
444
481
544
581
613
648
685
731
749
807
830
855
859
870
900
906
911
891
876
865
854
831
766
705
655
580
549
519
464
416
350
294
236
199
168
98
51
36
0
-40
-62
-90
-128
-175
-217
-210
-230
-272
-293
-301
-330
-339
-347
-333
-343
-380
-404
-445
-431
-410
-393
-398
-411
-406
-415
-431
-447
-453
-489
-536
-539
-534
-528
-520
-509
-515
-530
-529
-531
-532
-543
-541
-534
-514
-492
-475
-435
-416
-388
-354
-341
-311
-272
-253
-240
-193
-178
-155
-117
-98
-77
-70
-50
-22
22
78
122
130
148
197
231
254
313
384
405
449
487
501
551
592
623
652
674
682
687
705
718
719
714
713
692
678
664
655
608
585
570
560
531
470
434
376
317
279
256
234
196
154
129
120
107
85
68
31
-19
-63
-109
-139
-177
-190
-231
-250
-268
-298
-296
-322
-339
-369
-363
-349
-361
-366
-351
-339
-364
-381
-373
-374
-414
-413
-427
-429
-413
-430
-430
-423
-432
-425
-424
-441
-433
-427
-430
-431
-433
-431
-441
-438
-413
-394
-374
-349
-327
-291
-275
-268
-250
-233
-200
-171
-145
-103
-62
-26
9
44
80
90
119
134
158
175
217
221
234
271
294
306
322
347
373
411
423
425
432
468
481
525
567
583
590
582
580
567
562
538
520
494
470
439
438
438
389
336
319
315
268
245
228
197
158
107
75
36
17
-15
-32
-60
-80
-84
-140
-140
-158
-170
-142
-122
-111
-97
-91
-94
-100
-119
-131
-166
-188
-211
-214
-227
-233
-243
-252
-260
-260
-248
-230
-238
-247
-262
-292
-302
-316
-314
-303
-314
-336
-337
-323
-321
-339
-316
-295
-307
-310
-295
-272
-256
-269
-260
-231
-211
-211
-207
-194
-185
-163
-135
-102
-82
-70
-72
-74
-62
-26
-11
19
53
58
54
67
87
102
104
119
167
162
195
227
248
265
294
313
326
330
361
392
369
352
350
334
340
334
350
349
368
349
311
345
316
294
269
264
247
229
185
148
116
49
-5
-23
-37
-66
-85
-74
-52
-25
13
43
68
34
18
13
7
-7
-46
-65
-84
-115
-129
-127
-111
-114
-117
-117
-114
-115
-101
-115
-129
-104
-121
-142
-154
-154
-170
-192
-201
-189
-188
-211
-204
-196
-205
-187
-145
-163
-167
-142
-130
-122
-113
-92
-92
-90
-80
-81
-91
-98
-112
-124
-120
-117
-116
-92
-82
-93
-86
-69
-74
-83
-84
-80
-65
-50
-51
-32
11
23
31
36
65
81
75
92
136
165
189
197
183
196
185
203
214
188
191
185
151
157
161
157
153
155
150
129
126
121
103
92
93
66
50
49
19
2
14
11
-8
-1
5
27
69
81
76
95
90
93
100
61
67
55
37
15
10
14
5
-1
10
5
-12
-16
-20
-21
-13
16
23
21
-1
-41
-62
-61
-66
-61
-65
-92
-87
-68
-57
-47
-34
-64
-71
-67
-74
-64
-82
-113
-114
-127
-144
-115
-136
-151
-148
-148
-138
-137
-125
-115
-112
-130
-135
-134
-139
-145
-134
-113
-76
-72
-69
-52
-28
-1
-8
-9
-7
10
23
51
57
38
38
52
62
85
79
85
100
60
75
76
52
47
36
26
35
44
28
30
4
-22
-18
4
-10
-21
-11
0
-21
-39
-31
-3
-8
-8
10
18
34
53
76
87
107
126
116
118
141
130
127
126
130
130
152
186
184
179
181
170
162
156
153
112
120
109
78
80
82
68
66
60
74
96
101
118
110
114
90
67
35
12
-15
-39
-55
-70
-65
-58
-54
-57
-56
-70
-104
-135
-142
-175
-185
-214
-229
-234
-257
-260
-263
-273
-255
-263
-265
-241
-221
-207
-205
-195
-175
-158
-135
-129
-95
-83
-76
-52
-56
-43
-36
-46
-62
-40
-36
-48
-45
-63
-85
-90
-82
-80
-68
-76
-80
-70
-49
-36
-28
-18
-14
-7
-5
15
50
59
70
123
164
169
209
236
226
240
252
256
240
221
221
230
207
207
233
220
230
221
223
226
224
226
204
194
176
152
132
115
97
84
96
95
112
139
137
135
131
110
103
94
77
71
57
23
1
-31
-43
-71
-103
-110
-126
-166
-177
-167
-181
-210
-226
-230
-225
-222
-242
-254
-261
-261
-262
-256
-244
-235
-220
-218
-175
-161
-172
-167
-159
-150
-129
-139
-131
-103
-87
-75
-71
-63
-96
-102
-113
-110
-113
-127
-121
-110
-76
-60
-41
-20
-20
-26
-9
-5
4
23
46
60
51
83
91
98
110
111
116
121
135
141
147
153
153
151
143
154
170
155
165
162
163
177
173
152
171
180
172
185
179
197
208
216
201
181
169
179
152
123
139
137
115
115
94
83
60
28
40
20
1
19
19
14
18
-5
-12
-23
-44
-56
-68
-65
-62
-82
-105
-111
-105
-121
-114
-105
-109
-120
-138
-126
-163
-185
-198
-184
-182
-178
-183
-168
-156
-169
-154
-162
-167
-172
-158
-134
-145
-141
-127
-126
-131
-151
-142
-120
-122
-122
-104
-93
-92
-93
-83
-66
-69
-78
-66
-54
-54
-38
-15
10
12
36
28
33
38
37
54
71
100
92
102
126
132
128
146
159
149
150
166
211
219
208
212
199
190
187
175
178
153
144
129
129
134
122
131
135
127
123
131
141
128
132
113
88
84
71
71
67
57
59
60
63
51
61
60
35
17
1
-7
-7
-43
-74
-73
-107
-120
-121
-116
-151
-166
-171
-166
-165
-148
-139
-166
-179
-188
-186
-162
-144
-154
-136
-128
-124
-101
-102
-89
-78
-89
-74
-86
-86
-101
-112
-97
-108
-117
-133
-128
-119
-120
-108
-108
-129
-154
-139
-126
-125
-107
-100
-80
-51
-48
-15
24
45
54
84
89
85
76
92
100
90
99
107
90
95
106
88
98
87
91
85
110
129
134
125
116
110
94
93
93
106
121
117
120
135
131
147
162
145
151
182
171
143
147
147
129
111
106
116
96
73
56
64
62
60
53
64
75
76
65
51
54
50
44
44
27
16
23
1
-5
0
-13
-15
-30
-48
-38
-58
-77
-88
-73
-76
-82
-82
-91
-106
-98
-103
-128
-143
-157
-184
-190
-208
-236
-234
-229
-221
-221
-203
-188
-173
-192
-195
-182
-167
-195
-211
-180
-179
-191
-202
-190
-191
-186
-174
-140
-124
-118
-106
-108
-97
-74
-49
-51
-39
-39
-41
-37
-29
3
10
7
29
47
78
89
94
115
136
141
149
179
168
192
217
213
229
222
219
223
216
214
223
220
227
229
244
226
217
223
223
224
214
196
181
185
179
152
156
150
122
119
98
107
128
121
106
110
104
84
102
100
71
53
72
68
29
2
-14
-54
-69
-81
-89
-78
-101
-128
-128
-129
-130
-146
-147
-152
-165
-175
-180
-200
-234
-249
-244
-202
-191
-187
-146
-136
-141
-132
-128
-129
-130
-138
-145
-145
-152
-142
-167
-180
-163
-177
-183
-178
-159
-142
-151
-132
-109
-97
-83
-53
-52
-38
-43
-48
-13
-27
-11
-5
-13
18
14
39
59
51
71
100
103
108
130
141
135
147
155
157
154
148
126
115
127
133
146
159
185
170
171
182
179
170
172
192
185
159
153
184
182
153
150
168
165
162
152
171
167
125
118
120
103
93
90
74
70
33
13
1
-5
-28
-32
-65
-95
-108
-118
-111
-112
-126
-159
-160
-162
-153
-146
-151
-134
-151
-159
-140
-158
-172
-172
-183
-180
-171
-169
-173
-184
-185
-175
-149
-163
-180
-182
-179
-192
-196
-178
-170
-156
-149
-133
-122
-98
-109
-105
-78
-63
-70
-64
-45
-26
-28
-34
-7
11
19
18
38
56
58
55
65
75
59
58
70
80
79
76
80
90
101
99
112
121
121
126
118
133
146
147
148
154
163
166
160
179
200
183
180
185
185
186
194
201
205
209
187
186
162
133
117
104
98
126
120
119
114
86
81
80
81
64
53
30
10
-1
-10
-17
-33
-52
-54
-54
-74
-99
-99
-107
-111
-104
-119
-135
-143
-156
-172
-171
-161
-167
-191
-186
-181
-188
-180
-199
-197
-218
-230
-227
-224
-225
-226
-224
-223
-215
-192
-167
-141
-147
-147
-134
-119
-91
-74
-64
-65
-64
-59
-37
-16
3
12
6
12
40
39
49
34
38
36
34
35
45
67
71
79
78
109
123
118
137
137
147
152
139
153
158
147
140
166
161
173
185
169
194
195
181
182
164
165
156
152
153
146
150
144
139
146
142
149
132
117
112
82
97
91
73
82
69
57
48
41
17
-8
-4
-1
-18
-18
-34
-52
-54
-71
-54
-53
-61
-67
-96
-86
-81
-97
-109
-110
-127
-163
-172
-173
-166
-167
-174
-190
-201
-196
-206
-202
-189
-171
-184
-177
-176
-153
-161
-167
-151
-152
-132
-144
-142
-112
-122
-134
-111
-106
-103
-90
-78
-78
-66
-66
-74
-61
-52
-45
-42
-40
-30
-9
3
-4
-13
8
2
-10
8
37
40
35
70
96
110
144
159
170
154
160
169
148
151
156
157
154
169
178
178
181
176
180
188
179
169
165
158
160
155
167
164
142
145
127
121
131
121
111
120
114
100
100
92
85
71
80
66
45
34
17
6
-6
-3
-14
-19
-36
-54
-59
-71
-96
-112
-108
-115
-137
-132
-141
-157
-143
-146
-145
-158
-162
-154
-142
-150
-149
-142
-156
-154
-149
-135
-138
-122
-120
-116
-100
-104
-100
-100
-102
-106
-110
-109
-104
-99
-104
-107
-110
-97
-77
-78
-66
-55
-66
-63
-34
-11
-13
-3
8
10
14
13
27
36
52
57
66
71
82
85
96
96
98
113
112
120
122
137
140
119
101
103
109
112
116
110
98
98
101
106
112
107
111
103
81
87
91
90
70
63
63
62
75
64
60
49
40
42
42
45
35
29
10
-3
-13
-12
-17
-20
-25
-37
-34
-41
-45
-54
-66
-67
-66
-73
-80
-79
-75
-65
-68
-73
-75
-66
-66
-65
-73
-74
-73
-79
-81
-90
-92
-101
-95
-89
-91
-73
-72
-65
-56
-53
-51
-52
-44
-39
-29
-30
-44
-49
-41
-51
-49
-43
-47
-34
-25
-18
-14
-1
4
12
27
35
53
46
47
52
47
50
50
58
64
62
64
62
70
73
82
89
86
76
81
73
75
69
70
84
71
71
62
71
66
66
66
64
69
64
68
84
80
64
59
62
68
61
60
48
30
15
0
-5
-4
-9
-11
-4
-2
-12
-19
-22
-20
-25
-28
-26
-27
-36
-59
-60
-55
-65
-74
-69
-67
-65
-73
-60
-53
-59
-46
-52
-65
-62
-70
-79
-84
-78
-89
-101
-96
-88
-96
-89
-79
-85
-74
-69
-67
-58
-60
-53
-55
-50
-38
-41
-28
-17
-21
-20
-24
-24
-15
-12
-10
-3
-9
3
14
15
23
34
37
34
36
40
30
37
32
30
46
48
47
46
43
54
64
66
77
82
87
91
110
122
119
110
105
92
76
76
70
67
58
53
65
62
55
42
41
26
16
18
9
7
-4
-1
-4
-8
-10
-14
-21
-24
-22
-29
-14
-10
-24
-34
-21
-23
-31
-25
-27
-32
-44
-39
-31
-29
-23
-27
-21
-23
-32
-37
-39
-34
-32
-22
-8
-8
-7
-9
-16
-8
-12
-13
-21
-30
-33
-31
-27
-22
-24
-19
-15
-7
-4
-13
-15
-19
-24
-27
-34
-30
-33
-41
-48
-52
-51
-51
-49
-36
-41
-42
-42
-32
-31
-31
-36
-27
-14
-20
-14
-6
-10
0
11
-1
12
20
8
-7
0
17
22
28
32
30
29
32
22
35
36
30
26
22
26
28
26
21
30
38
31
47
57
51
57
62
53
47
49
48
49
40
46
47
43
24
35
43
33
37
31
20
23
34
32
27
27
26
17
12
18
33
21
8
14
4
1
6
3
-1
-2
0
2
5
7
-3
-7
-13
-14
-17
-14
-22
-20
-27
-32
-41
-41
-37
-43
-46
-50
-54
-59
-55
-58
-47
-50
-53
-45
-39
-40
-41
-42
-51
-56
-58
-53
-57
-54
-49
-46
-26
-26
-21
-20
-18
-19
-13
-10
-14
-12
-9
-17
-17
-10
-3
-3
-12
3
7
8
22
22
20
14
22
27
21
35
34
18
18
31
31
23
14
20
25
19
15
22
13
7
19
26
35
33
29
28
24
27
24
19
24
22
15
18
24
25
31
33
36
29
32
43
36
40
35
35
31
27
22
14
13
4
8
20
20
16
16
26
27
23
14
-1
3
5
4
-2
-9
-18
-21
-15
-14
-5
-4
-10
-17
-22
-22
-28
-26
-26
-29
-33
-37
-38
-31
-40
-51
-48
-49
-51
-43
-48
-48
-43
-49
-38
-34
-36
-37
-37
-33
-36
-26
-24
-28
-26
-28
-30
-38
-41
-40
-31
-27
-22
-23
-21
-13
1
1
3
2
-2
-4
-5
-3
-1
-1
-6
1
9
17
23
31
40
41
40
41
49
53
43
42
45
40
36
35
44
39
36
37
40
54
57
50
43
48
46
40
37
42
52
55
54
54
59
49
41
40
24
27
29
25
24
23
17
9
10
13
12
4
-2
-6
-7
-14
-25
-29
-39
-48
-60
-62
-53
-55
-52
-42
-44
-42
-48
-47
-45
-51
-55
-52
-55
-62
-53
-50
-54
-55
-51
-49
-50
-50
-42
-36
-38
-36
-31
-34
-37
-33
-36
-34
-35
-37
-27
-22
-18
-12
-15
-13
-2
8
6
8
11
10
17
19
13
7
14
17
18
22
31
29
25
25
25
27
20
25
25
27
31
36
40
42
44
44
45
46
43
44
49
55
49
52
54
50
53
47
42
44
45
48
49
53
56
55
49
37
39
33
30
29
27
26
19
20
22
16
12
11
6
4
1
9
-3
-10
-16
-24
-31
-44
-44
-39
-37
-38
-37
-39
-52
-59
-53
-57
-55
-57
-60
-65
-66
-65
-63
-55
-57
-58
-54
-56
-58
-59
-46
-40
-36
-37
-38
-26
-25
-25
-21
-16
-12
-14
-17
-16
-17
-11
-9
-2
-7
-9
-3
-9
-11
-6
1
3
12
18
11
6
7
21
17
22
25
24
24
26
32
37
35
30
36
36
38
43
43
38
40
40
40
40
39
37
40
39
34
31
38
42
39
34
41
44
39
35
31
35
26
22
19
19
11
5
6
3
-4
1
9
2
-1
-6
-4
-9
-9
-7
-7
-15
-17
-13
-18
-24
-28
-31
-30
-35
-36
-36
-39
-42
-48
-43
-36
-43
-41
-38
-36
-34
-38
-34
-36
-35
-36
-38
-35
-36
-39
-34
-30
-31
-25
-22
-23
-22
-24
-19
-14
-12
-11
-4
-8
-8
-7
-8
-10
-13
-13
-6
6
7
12
15
16
22
25
29
26
24
20
22
24
27
32
36
35
32
31
28
25
29
34
38
42
42
45
49
46
42
37
33
36
38
41
34
31
31
28
29
26
24
18
12
11
6
4
1
3
2
1
0
-9
-7
-12
-15
-9
-11
-17
-17
-10
-12
-13
-12
-10
-13
-16
-13
-13
-12
-17
-22
-20
-20
-25
-27
-22
-22
-27
-30
-29
-23
-25
-23
-19
-20
-23
-27
-29
-30
-35
-37
-31
-27
-28
-23
-24
-22
-17
-9
-12
-12
-11
-4
-2
2
6
3
-6
-9
-9
-5
-5
-6
-6
-13
-11
-7
-4
-8
-7
-4
-5
0
4
3
3
8
10
17
21
18
17
16
18
25
24
30
27
25
32
33
31
30
30
31
29
24
21
16
22
21
25
28
22
18
18
16
21
22
17
22
21
19
23
25
22
21
22
22
20
20
17
15
13
12
11
7
3
4
-1
-6
-7
-9
-15
-15
-11
-8
-15
-20
-21
-24
-27
-33
-35
-35
-38
-36
-31
-31
-26
-25
-27
-29
-30
-32
-29
-21
-22
-20
-18
-21
-23
-24
-24
-26
-25
-20
-24
-22
-20
-23
-22
-21
-19
-22
-24
-21
-18
-12
-9
-7
-7
-5
-4
-5
-5
-2
1
4
3
11
11
11
12
12
14
14
18
16
18
16
11
15
18
23
29
24
25
25
17
21
25
21
16
23
24
23
25
24
24
24
26
28
27
20
16
17
22
20
17
17
13
17
12
12
18
17
12
8
9
11
11
8
4
2
-1
-3
0
-5
-7
-7
-7
-9
-8
-4
-7
-10
-5
-3
-9
-7
-7
-9
-11
-11
-18
-23
-19
-18
-18
-16
-13
-10
-12
-13
-16
-19
-24
-25
-22
-14
-13
-16
-16
-14
-16
-22
-19
-14
-18
-24
-23
-22
-20
-17
-14
-10
-11
-9
-5
-2
0
-1
0
2
1
-2
-2
3
0
2
5
8
11
9
5
7
5
5
7
6
11
8
10
8
13
13
12
13
11
14
13
11
14
13
13
7
7
7
10
11
10
10
6
6
8
8
14
17
9
11
13
13
11
11
12
6
4
5
3
2
1
-2
1
5
6
3
0
-5
-9
-8
-6
-1
0
2
-1
0
2
-3
-4
-2
-4
-6
-6
-6
-8
-9
-11
-8
-7
-13
-10
-10
-17
-17
-20
-14
-11
-7
-7
-6
-5
-7
-11
-10
-3
-6
-6
-3
-4
-8
-10
-12
-9
-9
-7
-2
-1
-9
-11
-9
-8
-8
-2
2
-1
-7
-5
-4
-2
-1
2
5
3
2
3
4
8
11
6
8
9
7
6
9
8
11
15
15
18
16
14
13
15
11
14
15
11
15
17
13
10
6
5
6
6
10
7
5
7
6
2
4
7
4
4
6
5
5
7
8
5
0
-5
0
-4
-4
2
3
-4
-3
-2
-3
