-1
-1
1
1
-1
0
2
0
2
-2
-2
-3
-4
-4
-5
-4
-5
-6
-6
-7
-6
-7
-4
-2
-5
1
1
2
2
0
-2
1
4
0
0
6
-1
-2
-2
-6
-7
-11
-11
-8
-7
-6
-4
-6
-3
1
-6
-4
-2
-2
-1
3
6
8
8
5
5
1
1
4
1
3
4
7
8
5
8
5
7
5
4
2
-3
-2
2
-1
7
9
5
4
5
9
8
8
4
5
9
6
6
8
4
-3
-2
3
3
2
6
-1
0
2
-4
-4
-7
-9
-8
-15
-15
-14
-12
-15
-10
-8
-7
1
1
7
8
6
4
1
4
6
2
3
11
6
6
8
5
7
6
1
2
2
4
-1
-3
5
3
0
3
-2
-4
-4
-7
-8
-5
-8
-9
-9
-10
-6
-10
-5
1
1
-1
-2
-2
-2
-4
0
-4
-5
1
-4
-4
-3
-5
-5
-7
-8
-6
-9
-14
-8
-12
-15
-8
-7
-10
-5
-8
-6
2
1
0
5
3
1
3
3
3
3
0
4
0
-4
-2
-2
5
5
6
7
3
6
8
11
15
12
10
9
10
13
7
6
10
6
8
13
17
16
17
15
8
11
12
11
14
13
18
14
14
13
6
11
9
5
8
3
3
-1
-8
-5
-6
-6
-4
-5
-10
-10
-13
-10
-5
-10
-8
-13
-16
-12
-10
-11
-12
-16
-18
-14
-17
-15
-14
-14
-8
-9
-10
-6
-3
-5
-3
-5
-3
-2
-8
-6
-5
-5
-5
-6
-7
-5
-7
-6
-4
-2
-7
-5
5
7
6
5
1
-3
-2
-3
-1
2
8
13
15
15
15
17
15
17
15
14
13
10
11
10
10
9
2
7
8
7
12
6
5
1
4
3
5
8
3
1
0
-1
1
-1
-3
-1
-3
-9
-9
-5
-7
-5
1
1
3
2
0
-1
-5
-5
-8
-10
-11
-9
-6
-6
-8
-10
-13
-12
-9
-7
-7
-5
-7
-13
-14
-10
-7
-6
-4
-2
-1
-5
-7
-5
-5
-6
-5
-4
1
2
4
2
-2
2
1
-2
1
2
2
3
6
7
4
5
5
6
6
8
5
4
7
2
3
6
4
6
3
1
1
-1
-2
0
0
1
3
2
3
3
4
3
2
-2
-3
1
1
2
7
13
13
11
7
10
11
6
7
6
9
13
13
14
17
10
7
7
4
6
10
5
1
1
1
-2
-1
1
-3
0
1
1
3
1
0
0
-2
0
1
1
-1
2
1
-1
0
-6
-12
-7
-13
-17
-17
-15
-15
-18
-12
-14
-9
-10
-10
-11
-13
-9
-11
-10
-10
-13
-14
-16
-16
-14
-11
-7
-6
-7
-5
-6
-4
-6
-13
-16
-16
-16
-15
-12
-9
-9
-5
-2
-2
0
-1
0
-2
-5
-3
2
6
7
6
4
7
5
5
9
18
19
14
17
20
17
19
18
18
16
11
13
13
16
16
16
11
13
19
19
19
25
26
25
23
15
16
15
10
10
16
16
14
7
9
8
10
7
6
9
3
1
6
6
6
11
8
11
9
3
0
-2
-7
-11
-7
-14
-18
-18
-21
-20
-19
-20
-25
-24
-24
-23
-25
-23
-21
-23
-24
-22
-21
-19
-22
-27
-28
-32
-30
-34
-31
-30
-31
-28
-32
-31
-33
-35
-29
-27
-25
-24
-21
-17
-13
-9
-9
-9
-8
-7
-6
-8
-7
-3
-1
4
5
12
13
16
20
15
17
15
10
14
18
25
33
34
39
41
41
40
41
45
40
43
42
39
45
46
44
45
44
41
43
37
39
39
37
36
37
38
36
37
39
34
36
33
32
28
26
22
18
20
14
8
7
8
4
4
1
0
-2
-7
-9
-8
-15
-24
-28
-34
-39
-48
-49
-54
-58
-62
-65
-65
-66
-69
-71
-75
-78
-75
-81
-79
-71
-74
-68
-67
-67
-63
-61
-54
-46
-45
-43
-42
-41
-36
-37
-36
-35
-36
-36
-36
-33
-26
-27
-22
-15
-13
-7
-3
-1
2
-1
10
14
21
30
32
30
36
40
46
54
61
65
63
72
76
74
77
79
83
87
85
87
85
80
79
78
81
76
77
77
70
68
63
60
65
64
61
67
69
72
76
83
79
71
66
58
61
66
69
77
72
65
59
44
33
18
7
-2
-14
-27
-38
-48
-65
-86
-98
-118
-135
-142
-150
-158
-167
-184
-190
-192
-196
-193
-194
-192
-186
-177
-173
-161
-149
-136
-120
-101
-81
-67
-61
-56
-51
-54
-52
-50
-42
-33
-30
-25
-20
-20
-26
-30
-32
-32
-25
-16
-12
0
14
19
30
41
47
45
49
58
74
90
111
129
138
142
142
147
150
146
150
151
155
150
149
147
140
130
122
118
114
116
119
117
118
119
123
115
105
101
99
110
119
137
154
157
155
152
153
145
150
160
169
158
139
118
81
54
27
9
-24
-50
-79
-119
-148
-185
-222
-258
-283
-309
-341
-356
-373
-384
-385
-388
-382
-381
-373
-367
-358
-333
-309
-288
-261
-239
-205
-163
-130
-98
-74
-57
-55
-55
-48
-42
-37
-27
-23
-16
-12
-11
-23
-38
-42
-49
-37
-19
0
20
48
66
71
89
96
113
143
168
193
212
223
236
250
253
261
269
261
264
265
263
259
254
253
245
233
214
200
191
194
193
191
192
186
178
170
168
182
187
202
209
211
228
228
224
241
262
278
296
280
261
245
214
181
142
113
76
28
-24
-83
-150
-210
-276
-345
-413
-455
-491
-529
-566
-584
-601
-621
-626
-638
-639
-629
-616
-580
-524
-473
-417
-379
-351
-320
-289
-253
-231
-213
-177
-144
-123
-103
-93
-107
-121
-129
-141
-133
-115
-108
-97
-100
-98
-93
-99
-74
-56
-20
20
69
107
157
198
215
231
238
257
279
311
351
381
404
402
390
380
363
348
344
348
340
340
333
332
339
332
324
312
298
279
276
278
278
286
306
317
336
347
335
342
350
382
400
430
484
556
622
627
587
505
426
347
290
293
344
353
280
157
3
-154
-302
-443
-543
-621
-688
-753
-808
-837
-866
-895
-949
-1021
-1063
-1080
-1045
-990
-877
-746
-616
-515
-453
-442
-430
-407
-410
-383
-324
-224
-131
-56
-28
-58
-121
-216
-305
-357
-365
-345
-330
-322
-317
-285
-283
-287
-290
-305
-299
-280
-229
-139
-6
112
191
227
242
262
289
339
395
432
469
515
531
528
514
472
418
374
351
360
388
401
427
409
388
373
366
376
420
449
437
450
467
490
542
607
646
692
700
683
670
679
708
754
797
809
866
979
1113
1157
1084
926
744
585
470
487
638
777
765
492
133
-224
-520
-733
-885
-942
-972
-1056
-1200
-1291
-1358
-1431
-1572
-1723
-1863
-1931
-1886
-1743
-1534
-1321
-1140
-1052
-1066
-1066
-984
-850
-682
-550
-441
-281
-152
23
261
460
466
256
-37
-287
-329
-239
-36
233
356
196
-150
-511
-807
-896
-868
-832
-713
-557
-397
-270
-216
-225
-289
-379
-440
-342
-22
405
690
807
833
766
659
663
765
870
975
1002
919
837
854
902
860
768
635
457
368
392
458
616
757
738
587
461
457
535
699
862
946
1008
1079
1064
1077
1130
1169
1161
1115
1141
1168
1209
1427
1718
1910
1787
1378
879
552
437
414
698
1142
1367
1015
256
-461
-1089
-1462
-1634
-1673
-1542
-1525
-1751
-2086
-2334
-2508
-2765
-3002
-3137
-3156
-2907
-2533
-2171
-1861
-1653
-1539
-1617
-1708
-1557
-1133
-625
-245
10
131
168
114
22
145
367
575
641
651
540
445
342
92
-58
-187
-211
-247
-320
-504
-690
-833
-1131
-1300
-1376
-1198
-962
-808
-685
-620
-522
-462
-426
-265
35
286
464
593
695
884
1061
1160
1207
1305
1398
1422
1430
1402
1418
1407
1300
1158
1091
1114
1046
919
880
898
882
864
863
845
797
823
899
948
1063
1264
1384
1451
1488
1533
1574
1614
1662
1631
1675
1673
1673
2025
2573
2939
2697
2064
1295
798
674
884
1541
2269
2274
1170
-421
-1633
-2168
-2200
-2120
-1925
-1918
-2332
-3200
-4058
-4364
-4212
-4082
-4106
-4069
-3955
-3658
-3305
-3056
-2787
-2516
-2291
-2136
-1842
-1187
-414
93
36
-301
-486
-281
42
553
1214
1593
1348
509
-62
-290
-183
-125
-221
-221
-363
-747
-1310
-1605
-1770
-1854
-1990
-2231
-2158
-1919
-1560
-1436
-1504
-1529
-1490
-1289
-932
-407
159
601
636
491
616
1118
1693
2095
2394
2455
2320
2163
2073
2157
2355
2515
2320
2039
1779
1592
1544
1390
1171
1025
998
1007
1027
1044
1108
1037
751
645
862
1382
1846
2019
1989
1794
1717
1734
1919
2328
2646
2703
2491
2036
1955
2781
3748
4061
3152
1840
869
574
837
1543
2791
3427
2420
-98
-2145
-2779
-2276
-1424
-1031
-1093
-2006
-3606
-5180
-5560
-4653
-3544
-3079
-3419
-4038
-4515
-4539
-4218
-3622
-2799
-2062
-1741
-1838
-1763
-1239
-656
-496
-731
-576
80
785
966
699
438
3
-569
-800
-194
626
832
-16
-1444
-2473
-2678
-2161
-1559
-1199
-1181
-1778
-2768
-3337
-3057
-1976
-871
-585
-944
-1298
-1318
-990
-452
455
1296
1600
1514
1393
1635
2246
2747
2845
2755
2741
2816
2800
2784
2699
2510
2205
1775
1450
1542
1868
1841
1323
775
471
497
743
1023
1210
1263
1101
701
551
883
1475
1909
2070
2089
2065
2153
2185
2135
2194
2251
2211
2105
2107
2357
3161
3825
3814
2633
1287
497
630
1357
2153
2991
3196
1996
-520
-2418
-2677
-1731
-691
-642
-1204
-2615
-4362
-5730
-5708
-4334
-2931
-2672
-3587
-4636
-5384
-5283
-4447
-3274
-2226
-1719
-1759
-2283
-2464
-1931
-956
-223
-67
17
282
622
712
480
356
112
-64
-77
249
574
128
-863
-1969
-2555
-2504
-2031
-1473
-1425
-2082
-2878
-3371
-3313
-2510
-1514
-807
-806
-1334
-1696
-1361
-328
762
1483
1865
1803
1413
1475
2067
2924
3531
3584
3232
2744
2511
2482
2568
2738
2625
2146
1657
1256
1018
939
935
986
808
743
579
481
394
568
772
925
1135
1386
1767
1894
2032
2003
2245
2495
2615
2724
2656
2727
2413
2336
2437
2418
3023
3871
4497
3735
1902
523
356
1399
2328
2967
3206
2592
294
-2499
-3187
-1911
-91
124
-988
-2707
-4513
-5766
-6029
-4610
-2814
-2350
-3680
-5365
-6208
-5983
-4658
-3256
-2299
-2246
-2587
-3046
-3224
-2509
-1209
-1
193
-425
-831
-433
140
176
-63
-126
9
-30
-181
-197
-328
-964
-1982
-2619
-2537
-1945
-1434
-1518
-2336
-3244
-3330
-2852
-1929
-1187
-783
-794
-1236
-1530
-1107
292
1601
2062
1816
1615
1647
1939
2569
3356
3905
3795
3148
2492
2322
2618
2936
3063
2792
2214
1593
1209
1080
1085
1171
1337
1300
951
691
580
785
902
1028
1168
1466
1686
1848
2015
2180
2370
2507
2778
2895
2990
2881
2779
2667
2635
2748
2886
2822
2797
3434
3939
3592
2074
777
735
1605
2167
2220
2273
2025
543
-1805
-2703
-1883
-621
-670
-2106
-3579
-4775
-5509
-5654
-4699
-3465
-3317
-4561
-6028
-6451
-5891
-4678
-3451
-2867
-3055
-3607
-3827
-3409
-2561
-1457
-542
-272
-760
-1311
-1089
-248
208
9
-402
-361
-175
-284
-509
-838
-1199
-1682
-2102
-2201
-1776
-1409
-1600
-2234
-2856
-2784
-2089
-1168
-677
-651
-751
-846
-661
-120
924
1813
2157
1945
1741
1924
2409
2940
3193
3259
3183
2843
2526
2591
2825
2952
2733
2370
1912
1486
1407
1549
1730
1803
1663
1513
1382
1227
1094
1277
1570
1856
2051
2298
2641
2578
2413
2392
2840
3201
3371
3355
3383
3294
2969
2799
2709
2886
2910
2581
2136
2537
3529
3879
2737
969
13
504
1609
2080
1978
1609
673
-1397
-3045
-2841
-1399
-482
-1548
-3587
-5319
-6033
-5762
-4837
-3739
-3544
-4701
-6386
-7060
-6435
-5142
-3811
-3147
-3360
-4166
-4510
-3930
-2690
-1463
-928
-810
-926
-1173
-1217
-824
-188
119
27
-133
-18
44
-122
-607
-1187
-1692
-1965
-1657
-1174
-1134
-1701
-2413
-2621
-2341
-1728
-1135
-677
-553
-1008
-1380
-1084
-116
959
1559
1722
1595
1485
1643
2046
2586
3051
3314
3245
3075
2885
2917
3088
3198
2977
2543
2290
2303
2340
2305
2295
2235
2146
2010
1874
1868
2117
2270
2362
2350
2392
2455
2584
2836
3044
3219
3350
3332
3311
3188
3173
3154
3176
3023
2752
2489
2258
2131
1884
2467
3334
3615
2174
34
-924
-152
1519
2168
1725
779
-290
-1804
-2915
-2509
-1283
-554
-1685
-3508
-5120
-5765
-5234
-4309
-3376
-3414
-4778
-6440
-6713
-5689
-4584
-3826
-3530
-3572
-4083
-4365
-4036
-3007
-1700
-1271
-1288
-1407
-1441
-1463
-1088
-453
-238
-420
-835
-842
-494
-242
-482
-920
-1249
-1710
-1841
-1497
-1106
-1271
-1814
-2239
-2235
-1676
-1167
-847
-653
-701
-1012
-1143
-495
444
1166
1464
1475
1337
1327
1643
2048
2708
3265
3333
3044
2890
2940
2953
3129
3255
3156
2980
2776
2556
2370
2400
2359
2435
2565
2535
2301
2150
2318
2525
2620
2607
2785
2924
2963
2939
2858
3024
3204
3163
2977
2881
2822
2682
2522
2286
2023
1815
1628
1468
1265
1435
1876
2126
1606
561
-439
-620
214
1125
1388
849
-70
-1195
-1897
-1931
-1649
-1403
-1682
-2443
-3270
-3838
-4041
-4106
-4068
-3960
-4229
-4757
-4851
-4662
-4488
-4276
-4250
-4113
-3802
-3315
-2976
-2931
-3146
-3475
-3519
-2854
-1936
-1353
-1299
-1797
-2499
-2841
-2673
-2062
-1171
-686
-921
-1750
-2331
-2417
-1910
-1148
-708
-719
-957
-1178
-1222
-863
-300
180
421
381
218
193
449
883
1229
1542
1763
1743
1695
1741
1879
2226
2605
2724
2550
2454
2477
2489
2646
2751
2803
2875
2839
2766
2791
2904
3066
3115
3141
3157
3166
3266
3355
3290
3219
3148
3088
3180
3160
3045
2972
2873
2616
2358
2280
2257
2143
2045
1758
1356
1138
919
794
846
809
680
733
954
970
697
397
33
50
440
564
464
428
203
-207
-486
-706
-1054
-1535
-1795
-2069
-2309
-2350
-2869
-3731
-3987
-4058
-4308
-4366
-4478
-4772
-4887
-4763
-4556
-4343
-4142
-4290
-4635
-4624
-4380
-4061
-3516
-3096
-3124
-3168
-3185
-3046
-2770
-2581
-2602
-2519
-2155
-1852
-1724
-1586
-1524
-1567
-1569
-1415
-1057
-634
-405
-423
-338
-52
274
470
578
680
785
969
1407
1833
2090
2061
1964
1959
2220
2770
3187
3319
3154
2842
2763
3010
3443
3713
3633
3540
3277
3112
3249
3427
3679
3725
3481
3222
3182
3344
3476
3430
3339
3224
3073
3038
3098
3040
2992
2832
2604
2382
2152
2133
2155
2168
2067
1757
1417
1113
919
906
1331
1846
1985
1557
934
173
-173
377
847
939
934
481
-188
-635
-858
-1137
-1572
-1965
-2238
-2569
-2647
-3011
-3846
-4303
-4475
-4862
-4959
-4739
-4818
-5070
-5176
-5115
-4930
-4706
-4684
-4981
-4892
-4467
-4372
-4111
-3722
-3586
-3484
-3286
-3067
-2850
-2823
-2811
-2800
-2472
-1823
-1458
-1465
-1667
-1991
-2061
-1593
-811
-243
-172
-431
-656
-593
-177
490
886
1032
1036
880
1083
1554
1947
2036
2040
2141
2103
2286
2703
2884
3036
3071
2822
2755
2989
3280
3498
3578
3607
3478
3343
3385
3415
3571
3755
3648
3417
3326
3300
3451
3618
3655
3546
3330
3156
3037
3076
3166
3226
3143
2921
2608
2348
2195
2191
2170
2036
1721
1377
1118
940
1165
1677
1948
1594
958
198
-182
95
373
404
475
473
34
-539
-941
-1451
-2018
-2425
-2503
-2522
-2469
-2834
-4014
-4729
-4754
-4961
-5057
-4887
-5005
-5326
-5495
-5388
-5016
-4636
-4630
-5103
-5193
-4677
-4269
-3885
-3522
-3595
-3765
-3609
-3148
-2559
-2257
-2440
-2754
-2640
-2011
-1458
-1084
-981
-1326
-1619
-1424
-783
-59
271
82
-194
-145
136
440
815
1124
1189
1106
1192
1452
1733
1936
1930
2005
2246
2361
2460
2543
2666
2792
2906
3047
3078
3118
3183
3410
3625
3722
3704
3613
3580
3595
3644
3767
3906
3891
3756
3620
3542
3527
3478
3384
3272
3175
3071
2870
2791
2829
2818
2633
2371
2114
1875
1695
1566
1476
1244
975
752
799
1220
1608
1371
821
133
-425
-290
157
343
364
267
-119
-564
-987
-1347
-1849
-2465
-2653
-2573
-2503
-2615
-3585
-4671
-4909
-4929
-5036
-4982
-5010
-5306
-5431
-5250
-4880
-4590
-4618
-5042
-5223
-4707
-4076
-3719
-3493
-3395
-3489
-3402
-3025
-2459
-2048
-2159
-2459
-2353
-1797
-1283
-988
-901
-996
-1105
-1055
-746
-175
219
74
-67
50
289
585
682
724
925
1063
1167
1379
1638
1793
1737
1754
1978
2133
2306
2508
2639
2823
2948
2960
2980
3069
3136
3250
3483
3697
3724
3604
3530
3520
3476
3503
3470
3455
3556
3505
3342
3279
3257
3150
3034
2956
2884
2727
2537
2353
2335
2400
2337
2206
1954
1664
1322
1191
1121
1031
933
994
1366
1703
1559
1000
296
-244
-69
369
555
641
631
274
-290
-756
-1124
-1587
-2066
-2230
-2249
-2277
-2450
-3319
-4305
-4530
-4621
-4871
-4812
-4766
-4991
-5120
-4922
-4574
-4360
-4432
-4902
-5105
-4538
-3895
-3655
-3505
-3510
-3620
-3460
-2983
-2379
-2014
-2143
-2445
-2350
-1850
-1340
-1144
-1210
-1414
-1538
-1307
-800
-302
27
-169
-421
-228
133
448
646
726
685
662
865
1238
1505
1521
1341
1293
1608
1933
2088
2230
2336
2362
2416
2577
2831
2970
2872
2839
2995
3266
3478
3542
3585
3521
3396
3312
3318
3364
3466
3417
3294
3342
3232
3015
2884
2864
2706
2543
2483
2393
2326
2243
2167
2047
1932
1591
1235
1132
1077
1052
1028
975
1234
1585
1715
1402
965
518
338
687
1021
1019
986
897
494
19
-397
-794
-1331
-1597
-1622
-1782
-1900
-2444
-3588
-4131
-4071
-4286
-4534
-4648
-4899
-5133
-4929
-4498
-4195
-4145
-4542
-5044
-4877
-4183
-3679
-3506
-3503
-3692
-3778
-3437
-2870
-2421
-2404
-2786
-2867
-2411
-1850
-1464
-1427
-1663
-1845
-1771
-1293
-644
-295
-381
-658
-643
-316
36
198
296
403
480
654
1042
1397
1375
1255
1355
1600
1934
2241
2348
2356
2463
2455
2491
2682
2875
2911
2910
3093
3219
3331
3487
3542
3552
3504
3468
3403
3430
3503
3476
3429
3397
3190
2927
2865
2821
2712
2622
2420
2264
2207
2135
2052
1894
1702
1474
1223
1042
1013
1018
1038
936
887
1230
1689
1821
1551
1093
625
596
1101
1305
1154
1168
951
522
185
-224
-752
-1213
-1497
-1605
-1745
-1830
-2480
-3595
-3998
-3992
-4298
-4545
-4649
-4959
-5116
-4820
-4437
-4227
-4331
-4793
-5108
-4816
-4108
-3737
-3708
-3732
-3912
-3896
-3482
-2898
-2570
-2761
-3005
-2837
-2320
-1818
-1610
-1802
-2031
-2094
-1893
-1279
-705
-392
-486
-714
-493
-30
261
443
584
720
894
1181
1537
1812
1752
1609
1684
2013
2404
2593
2670
2752
2826
2743
2733
2858
2914
2856
2923
3078
3142
3237
3248
3197
3203
3205
3133
3109
3165
3180
3137
3201
3156
3014
2886
2732
2611
2541
2425
2199
2021
1893
1799
1801
1690
1520
1325
1078
910
884
884
782
621
627
1034
1617
1792
1408
772
264
466
1162
1438
1356
1238
906
488
188
-64
-454
-993
-1413
-1665
-1701
-1671
-2336
-3309
-3616
-3729
-4227
-4511
-4506
-4705
-4800
-4594
-4327
-4129
-4334
-4888
-5114
-4620
-3953
-3736
-3696
-3618
-3765
-3829
-3465
-2908
-2623
-2920
-3219
-2918
-2348
-1834
-1656
-1809
-1886
-1896
-1621
-1003
-382
-102
-316
-390
19
469
663
661
720
929
1096
1400
1805
1990
1851
1749
1893
2180
2521
2575
2460
2479
2553
2458
2422
2636
2681
2457
2387
2547
2726
2838
2882
2894
2905
2853
2777
2772
2835
2987
2957
2904
2964
2839
2681
2465
2287
2201
2107
2002
1895
1777
1727
1644
1454
1339
1250
1166
1131
1044
892
814
724
706
1085
1687
1917
1583
992
415
385
1023
1462
1382
1316
1125
659
371
146
-262
-904
-1476
-1653
-1644
-1522
-1926
-3018
-3630
-3798
-4229
-4442
-4256
-4328
-4644
-4658
-4359
-4179
-4343
-4810
-5088
-4726
-3956
-3590
-3602
-3590
-3744
-3896
-3540
-2804
-2378
-2579
-2907
-2792
-2337
-1816
-1596
-1637
-1709
-1731
-1515
-929
-297
-72
-312
-459
-113
356
663
837
1020
1111
1154
1310
1643
1965
1956
1822
1909
2227
2419
2351
2349
2527
2674
2633
2564
2685
2732
2526
2448
2621
2765
2808
2735
2798
2939
2874
2723
2581
2582
2652
2692
2828
2949
2823
2527
2279
2213
2191
2126
2021
1912
1777
1682
1604
1521
1429
1238
1104
1086
1100
957
812
708
742
1106
1594
1685
1245
633
179
422
1101
1307
1173
1124
857
486
238
23
-487
-1218
-1736
-1844
-1646
-1593
-2279
-3392
-3845
-4024
-4509
-4541
-4331
-4477
-4649
-4472
-4155
-3982
-4235
-4686
-4869
-4382
-3674
-3472
-3457
-3537
-3784
-3820
-3297
-2538
-2314
-2640
-2940
-2833
-2211
-1648
-1396
-1426
-1652
-1788
-1622
-989
-195
124
-82
-176
169
525
709
880
1045
1125
1206
1481
1889
2144
2044
1851
1975
2298
2436
2322
2371
2521
2514
2518
2582
2632
2568
2364
2293
2462
2635
2606
2516
2594
2725
2704
2598
2563
2576
2570
2590
2691
2805
2751
2536
2403
2291
2123
2018
1985
1981
1871
1691
1595
1454
1262
1093
1000
974
941
784
635
506
559
960
1485
1608
1215
532
59
288
902
1150
1146
1118
841
449
232
75
-347
-1077
-1637
-1624
-1431
-1453
-2152
-3201
-3635
-3830
-4184
-4158
-3975
-4167
-4481
-4390
-3999
-3750
-4008
-4549
-4767
-4253
-3603
-3301
-3205
-3274
-3567
-3718
-3176
-2392
-2195
-2600
-3003
-2824
-2183
-1578
-1255
-1276
-1468
-1739
-1643
-900
-145
101
-45
-154
147
512
760
990
1125
1097
1039
1327
1916
2219
2029
1824
1810
1929
2105
2214
2241
2341
2322
2201
2327
2493
2385
2090
1976
2121
2257
2336
2414
2415
2362
2332
2265
2330
2364
2308
2311
2353
2504
2551
2401
2337
2212
1997
1869
1830
1808
1645
1531
1507
1432
1248
1104
983
897
817
672
576
562
521
607
1059
1451
1328
865
405
236
659
1081
1182
1180
1071
763
400
216
-28
-634
-1273
-1453
-1355
-1209
-1447
-2405
-3208
-3435
-3741
-3952
-3736
-3675
-4059
-4254
-3981
-3651
-3606
-3943
-4379
-4367
-3855
-3442
-3265
-3093
-3157
-3475
-3312
-2677
-2235
-2255
-2623
-2767
-2431
-1930
-1490
-1262
-1282
-1561
-1696
-1279
-571
-122
-161
-272
-7
362
624
904
1074
1023
896
1016
1450
1894
2050
1860
1791
1946
2051
2051
2205
2321
2176
2066
2194
2355
2321
2137
1938
1960
2174
2248
2261
2286
2253
2131
2096
2301
2439
2318
2182
2133
2258
2320
2318
2334
2221
2008
1801
1781
1821
1756
1576
1393
1286
1180
1053
1017
1012
861
674
536
540
525
500
789
1225
1399
1112
624
249
337
731
918
1032
1155
897
469
268
137
-269
-936
-1303
-1277
-1152
-1159
-1797
-2704
-3126
-3399
-3794
-3665
-3444
-3800
-4167
-4049
-3648
-3376
-3528
-3957
-4213
-4033
-3675
-3415
-3047
-2891
-3238
-3377
-2947
-2385
-2175
-2371
-2551
-2486
-2125
-1734
-1389
-1132
-1290
-1510
-1398
-832
-257
-166
-273
-188
126
437
694
1067
1227
943
750
1022
1498
1788
1797
1779
1882
1926
1856
1867
2029
2078
1866
1822
2094
2261
2081
1878
1901
2001
2008
2016
2085
2080
2077
2046
2139
2348
2276
2044
1891
1981
2134
2134
2168
2174
2034
1879
1785
1784
1734
1577
1413
1337
1252
1167
1128
1031
931
710
561
530
548
433
499
850
1212
1224
820
432
229
452
774
942
1105
1115
810
554
458
141
-421
-973
-1196
-1100
-993
-1141
-1791
-2559
-2957
-3276
-3436
-3290
-3397
-3881
-4088
-3806
-3462
-3314
-3483
-3829
-4013
-3860
-3515
-3146
-2780
-2799
-3124
-3087
-2624
-2190
-2076
-2261
-2357
-2188
-1892
-1504
-1141
-985
-1198
-1338
-1028
-434
-81
-59
-54
-5
192
587
971
1335
1361
979
848
1143
1556
1717
1745
1872
1896
1747
1813
1950
2002
1967
1859
1820
1975
2075
1892
1854
1957
1968
1854
1827
1878
1904
1859
1901
2044
2051
1920
1714
1702
1823
1838
1812
1812
1749
1685
1657
1600
1514
1345
1137
986
1047
1028
880
802
722
583
481
436
444
280
115
142
394
844
1085
882
517
139
8
317
692
795
933
857
630
483
149
-273
-709
-1121
-1213
-1197
-1259
-1585
-2248
-2645
-2876
-3191
-3344
-3443
-3643
-3754
-3642
-3426
-3278
-3222
-3315
-3548
-3552
-3351
-3187
-2940
-2691
-2610
-2490
-2289
-2140
-2027
-2002
-1991
-1832
-1589
-1254
-1008
-887
-825
-786
-614
-397
-172
-8
130
301
504
755
1027
1288
1363
1275
1274
1295
1410
1572
1774
1890
1916
1878
1769
1827
2023
2057
1956
1939
1886
1861
1957
2055
2067
2000
1751
1564
1654
1843
1884
1902
1863
1736
1668
1663
1756
1844
1660
1428
1332
1351
1502
1533
1411
1255
1122
932
810
790
771
593
439
461
467
373
234
-16
-138
-145
-167
79
402
617
598
388
135
-43
110
394
476
617
766
624
490
311
-108
-579
-1005
-1294
-1356
-1299
-1328
-1816
-2305
-2518
-2845
-3180
-3238
-3238
-3423
-3475
-3388
-3236
-2967
-2893
-3060
-3209
-3139
-3075
-2974
-2588
-2232
-2166
-2247
-2186
-1956
-1713
-1600
-1495
-1332
-1230
-1102
-849
-482
-206
-184
-235
-147
64
261
415
712
1007
1104
1205
1399
1534
1484
1334
1236
1407
1731
1939
2052
2117
2010
1794
1766
1954
2080
1967
1810
1783
1818
1857
1828
1659
1501
1332
1284
1468
1715
1778
1595
1412
1341
1335
1381
1494
1512
1318
1115
1076
1157
1249
1143
962
774
596
560
523
531
495
305
104
102
148
24
-129
-230
-277
-342
-336
-148
148
337
290
157
64
-61
-85
124
342
545
667
589
462
217
-213
-646
-893
-1001
-1050
-1051
-1100
-1441
-1827
-2089
-2352
-2495
-2600
-2781
-2916
-2887
-2756
-2514
-2268
-2217
-2403
-2631
-2642
-2493
-2304
-2035
-1859
-1791
-1655
-1546
-1380
-1152
-1081
-1238
-1313
-1220
-974
-584
-365
-240
-234
-317
-227
-20
205
354
400
504
678
1030
1379
1439
1333
1140
1018
1054
1301
1568
1746
1822
1696
1601
1561
1500
1506
1520
1490
1540
1589
1580
1626
1517
1318
1094
972
1024
1130
1235
1337
1204
1192
1260
1260
1292
1043
852
731
804
1009
1193
1332
1120
738
278
-19
-69
25
202
262
339
270
95
-15
-98
-124
-111
-68
119
248
513
860
1114
1053
663
-6
-683
-765
-294
680
1735
2128
1579
508
-613
-1418
-1674
-1578
-1182
-736
-515
-532
-775
-958
-1448
-2420
-3507
-4149
-4203
-3770
-3020
-2131
-1539
-1619
-2264
-2917
-3206
-3438
-3413
-3006
-2091
-1128
-502
-123
142
-52
-812
-1483
-1400
-729
169
1132
1905
2265
1924
1347
890
790
456
-135
-156
501
1487
2053
2243
1937
750
-823
-2024
-2063
-1136
-131
685
1141
1149
471
-455
-792
-694
-491
-209
481
1540
2365
2604
2394
2007
1445
953
1104
1746
2538
2948
2914
2764
2321
1628
884
325
41
-231
-204
171
557
679
362
-85
-620
-1247
-1728
-1634
-888
-2
766
1352
1659
1536
971
681
631
1254
2820
4354
5540
5241
3908
2411
1374
897
732
1648
2881
3031
1968
-64
-1819
-3495
-5086
-6170
-6239
-5517
-5461
-5539
-4880
-4143
-4097
-5241
-6224
-6329
-5797
-4829
-3063
-436
1481
1831
1577
1375
1543
1336
1233
1893
2786
3208
3232
3732
4106
3167
1360
-513
-1728
-2452
-2717
-2113
-1184
-918
-1806
-2944
-3371
-3636
-3814
-3833
-3505
-2856
-2218
-1061
480
1819
2342
1930
1449
1001
1104
1894
2977
4089
4599
4515
4106
3365
2642
1928
1365
834
394
361
507
655
379
-193
-913
-1737
-2199
-2199
-1694
-984
-346
189
609
829
776
600
530
534
668
1129
1882
2713
3312
3530
3271
2576
1558
735
356
616
1086
1593
1883
1786
1209
659
24
-371
-678
-299
1090
2320
3058
2833
2145
1057
-209
-1059
-1023
724
1885
1715
879
-609
-2157
-3615
-4856
-5489
-5460
-5554
-6004
-5402
-3920
-2989
-2870
-3557
-4363
-4731
-4640
-4027
-2303
-38
1467
2200
2683
3136
3282
2805
2065
1616
1598
1538
1887
2749
3268
2825
1396
-456
-1860
-2969
-3924
-3812
-3037
-2501
-2499
-2810
-3130
-3260
-3246
-3290
-2812
-1737
-925
-151
941
1762
2484
3000
3028
2923
3106
3381
3514
3923
4101
4016
3530
3356
2613
1890
1453
473
-397
-1065
-1260
-1446
-1363
-1079
-1226
-1370
-1608
-1904
-1824
-1344
-1072
-638
111
620
1078
1686
2302
2657
2918
2968
2679
2516
2329
2260
2436
2524
2440
2207
1925
1631
1255
994
535
53
-183
324
1664
2421
2772
2115
817
-214
-964
-1460
-1147
429
1087
886
451
-670
-1317
-2383
-3891
-5003
-5143
-5582
-5916
-4808
-3444
-2529
-2024
-2604
-3145
-3177
-3505
-3652
-2668
-976
206
1114
2187
3119
3792
3545
2762
1887
1247
371
-130
271
1080
1296
1145
615
-247
-1294
-2534
-3481
-4152
-4579
-4852
-4494
-3526
-2472
-1351
-845
-781
-850
-1071
-994
-451
555
1818
2940
3683
4182
4690
4786
4528
4160
3469
2747
2103
1734
1739
1864
1822
1358
577
-347
-1129
-1756
-2290
-2525
-2543
-2428
-2254
-1581
-849
-171
149
77
-62
17
325
893
1671
2458
3031
3220
3311
3384
3319
2910
2330
1749
1288
1023
756
1044
1334
1354
961
479
119
475
1251
1486
1759
1333
506
-55
-244
-238
474
1556
1470
759
-63
-1259
-2047
-2628
-3594
-4402
-4781
-5418
-5603
-4740
-3517
-2668
-2469
-2830
-3204
-3201
-2992
-2586
-1517
-266
337
682
1605
2957
3917
4158
3759
2788
1692
630
-60
165
590
413
-127
-642
-1158
-1530
-1859
-2522
-3414
-4468
-5505
-5725
-4828
-3343
-1916
-817
-220
22
182
395
968
1747
2315
2573
2932
3666
4497
5163
5426
5212
4453
3345
2285
1405
907
469
-130
-710
-1078
-1242
-1280
-1345
-1541
-1864
-2462
-3024
-3245
-2846
-1984
-952
7
737
1172
1588
1934
2311
2844
3012
2918
2766
2669
2781
3016
2967
2718
2366
1714
1018
563
300
142
-99
-626
-1014
-813
266
1326
2029
2193
1542
609
90
-423
-422
509
1290
1304
1151
691
71
-343
-1130
-2797
-4091
-4978
-5776
-5596
-4643
-3478
-2630
-2218
-2284
-2609
-2508
-2268
-2063
-1768
-1397
-920
-97
1247
2492
3525
4190
3867
3056
2355
1490
745
379
224
-713
-1120
-1258
-1178
-1308
-1438
-1623
-2527
-3569
-4704
-5523
-5185
-4392
-3558
-2598
-1271
-260
707
1682
2266
2637
2761
2423
2136
2528
3258
3921
4409
4594
4394
3823
3206
2494
1603
661
-458
-1632
-2185
-2385
-2390
-1962
-1561
-1719
-1915
-1764
-1788
-1689
-1308
-1067
-829
-340
330
1164
2269
3213
3769
3960
4025
3702
3282
2909
2443
1910
1436
1268
1044
1283
1502
1178
909
497
-361
-1021
-1167
-462
598
1318
1794
1669
1451
1473
1127
604
773
1188
839
387
89
-494
-800
-1167
-2540
-3631
-4274
-5101
-5487
-5245
-4624
-4048
-3529
-3141
-3044
-2614
-1958
-1535
-1190
-648
-179
281
1283
2257
2868
3514
3825
3447
3008
2671
2243
1840
1091
-30
-1171
-1839
-2214
-2634
-2639
-2676
-3118
-3586
-3873
-4173
-4247
-3948
-3718
-3473
-2702
-1601
-202
1335
2391
3092
3513
3697
3820
4007
4009
3943
3833
3438
2931
2667
2442
2165
1549
820
134
-750
-1593
-2279
-2925
-3436
-3810
-3920
-3682
-2961
-2029
-1004
-144
279
449
559
787
1158
1490
1978
2568
3099
3594
4083
4303
4295
3932
3158
2386
1707
1168
834
440
57
-214
-424
-482
-461
-158
848
1716
1967
2074
1596
929
941
657
206
522
1141
1123
943
765
146
-249
-918
-2336
-3592
-4553
-5277
-5753
-5750
-5068
-4384
-3682
-2938
-2462
-1990
-1447
-1040
-865
-639
-282
-62
618
1569
2281
3132
3827
3996
3857
3426
2904
2093
1054
-82
-1359
-2336
-2688
-2886
-3021
-2929
-3056
-3602
-3888
-4042
-4108
-3652
-3233
-2903
-2407
-1712
-771
414
1590
2592
3384
3978
4385
4621
4687
4516
3983
3151
2315
1670
1248
1163
941
543
95
-560
-1359
-2008
-2619
-3138
-3590
-3925
-3841
-3390
-2579
-1605
-566
214
714
1224
1611
2074
2488
2792
3070
3259
3460
3430
3546
3768
3615
3236
2788
2328
1749
1275
661
-170
-807
-1228
-1537
-1490
-930
200
1421
1955
2302
2214
1788
1794
1276
568
556
948
835
606
563
-6
-431
-750
-1903
-2871
-3636
-4512
-5174
-5643
-5447
-5155
-4748
-3994
-3499
-2834
-1929
-1004
-408
158
671
799
1200
1845
2201
2697
3217
3382
3423
3236
3105
2702
1997
1097
-182
-1351
-2083
-2715
-3240
-3556
-3777
-4202
-4408
-4426
-4323
-3757
-3235
-2739
-2135
-1453
-650
164
965
1718
2357
2857
3448
4004
4352
4508
4392
3886
3223
2556
1811
1170
556
-207
-866
-1463
-1966
-2236
-2447
-2596
-2708
-2824
-2754
-2554
-2231
-1636
-951
-333
290
988
1572
2233
2782
3135
3473
3726
3846
3791
3712
3510
3175
2755
2224
1915
1532
1182
934
381
22
-278
-701
-891
-706
296
1069
1649
2157
1844
1856
1757
1250
961
925
952
399
6
-261
-815
-824
-1232
-2204
-3094
-3946
-4572
-5143
-5274
-5104
-5014
-4497
-3912
-3319
-2412
-1442
-522
-15
480
933
1172
1765
2232
2554
2897
2983
3009
2864
2665
2481
1959
1308
324
-892
-1844
-2428
-2905
-3423
-3794
-4278
-4710
-4736
-4687
-4256
-3534
-2920
-2429
-1830
-1078
-371
526
1370
1967
2597
3115
3564
3989
4247
4255
3817
3318
2820
2219
1635
1145
565
-197
-937
-1649
-2167
-2489
-2643
-2747
-2622
-2386
-2212
-1768
-1319
-735
-104
379
865
1288
1839
2428
2965
3406
3806
3903
3823
3741
3572
3269
2973
2591
1984
1480
1030
506
237
-67
-470
-594
-711
-783
-311
616
1104
1449
1686
1427
1599
1734
1369
1316
1368
1096
471
2
-569
-1155
-1454
-2110
-2975
-3615
-4204
-4518
-4568
-4740
-4610
-4483
-4288
-3820
-3177
-2400
-1513
-561
173
621
1315
1878
2294
2665
2830
2771
2756
2777
2475
2225
2103
1593
869
53
-878
-1671
-2175
-2704
-3294
-3763
-4316
-4737
-4760
-4540
-3964
-3312
-2685
-2012
-1273
-468
365
1288
2015
2502
2831
3102
3519
3876
3987
3836
3464
2907
2368
1879
1338
742
61
-735
-1479
-2099
-2467
-2647
-2855
-2884
-2820
-2691
-2283
-1733
-1168
-510
192
805
1361
1881
2328
2838
3219
3419
3532
3592
3576
3523
3432
3102
2818
2380
1782
1253
732
372
9
-388
-673
-852
-951
-791
-165
546
945
1366
1466
1409
1635
1580
1383
1293
1243
1028
529
166
-406
-999
-1426
-2206
-2988
-3656
-4187
-4498
-4701
-4700
-4629
-4373
-3926
-3556
-2925
-2233
-1529
-776
-193
444
1011
1689
2372
2672
2969
3053
2929
2797
2625
2433
1948
1372
708
-247
-992
-1398
-1836
-2317
-2629
-3169
-3836
-4035
-4120
-4094
-3647
-3152
-2677
-2021
-1102
-391
452
1429
1931
2397
2731
2967
3291
3499
3464
3125
2738
2282
1765
1401
978
542
-66
-650
-1032
-1610
-1912
-1989
-2259
-2448
-2498
-2437
-2148
-1637
-1069
-438
224
853
1436
2050
2539
2956
3244
3301
3336
3177
3045
3024
2783
2523
2239
1867
1547
1234
835
515
278
-113
-457
-642
-823
-570
134
648
1058
1428
1444
1460
1698
1571
1297
1142
877
455
-96
-439
-937
-1398
-1869
-2578
-3251
-3899
-4149
-4344
-4504
-4402
-4395
-4053
-3527
-3062
-2337
-1672
-1046
-511
-103
441
1008
1666
2213
2449
2608
2630
2621
2542
2293
1921
1334
648
-97
-902
-1356
-1721
-2279
-2547
-2957
-3402
-3650
-3739
-3730
-3578
-3160
-2760
-2229
-1346
-557
312
1174
1869
2475
2873
3253
3505
3625
3596
3242
2885
2453
1881
1481
1070
697
183
-307
-659
-1183
-1485
-1690
-1904
-1974
-2037
-1947
-1773
-1436
-943
-582
-58
481
934
1589
2158
2682
3134
3426
3533
3442
3317
3105
2835
2518
2161
1820
1380
1039
727
324
123
-119
-550
-643
-740
-793
-360
306
710
1032
1326
1288
1416
1574
1360
1151
998
620
177
-223
-722
-1297
-1690
-2211
-2835
-3393
-3889
-4111
-4317
-4439
-4448
-4371
-3993
-3509
-2896
-2104
-1403
-770
-286
121
529
1022
1611
2004
2233
2363
2439
2484
2409
2221
1751
1158
539
-265
-853
-1229
-1767
-2114
-2512
-3071
-3374
-3599
-3664
-3522
-3181
-2787
-2397
-1606
-1002
-197
783
1295
1944
2370
2566
2925
3099
3175
3128
2922
2595
2146
1827
1427
1073
664
140
-291
-834
-1249
-1449
-1701
-1782
-1803
-1756
-1618
-1427
-1043
-601
-148
284
645
1079
1580
2117
2662
3146
3449
3519
3478
3324
3102
2910
2513
2104
1773
1327
960
713
487
268
-7
-318
-500
-577
-485
-81
423
734
940
1091
1106
1161
1156
1005
861
641
310
-169
-601
-1086
-1658
-1999
-2481
-2961
-3277
-3585
-3710
-3778
-3790
-3744
-3649
-3341
-3021
-2603
-1939
-1323
-687
-154
321
860
1237
1563
1827
1856
1805
1821
1773
1690
1501
1135
646
63
-514
-1010
-1491
-1934
-2368
-2809
-3115
-3341
-3381
-3247
-2925
-2665
-2365
-1857
-1352
-697
98
775
1429
1951
2286
2547
2818
2908
2770
2664
2327
1931
1583
1172
917
602
215
-63
-426
-703
-873
-1138
-1321
-1359
-1377
-1299
-1108
-843
-530
-117
320
704
1153
1603
2101
2552
2901
3195
3330
3380
3328
3175
2962
2640
2260
1862
1440
1073
769
456
272
85
-170
-321
-374
-410
-254
25
376
693
860
983
1022
1094
1030
920
756
459
237
-167
-706
-1118
-1749
-2273
-2692
-3134
-3481
-3750
-3886
-4013
-3919
-3850
-3694
-3295
-2984
-2572
-1939
-1447
-924
-404
29
540
976
1356
1687
1833
1819
1789
1715
1567
1440
1170
773
434
-55
-629
-926
-1445
-2071
-2374
-2811
-3158
-3113
-2933
-2728
-2281
-1775
-1505
-933
-289
129
790
1279
1596
1996
2271
2492
2650
2766
2610
2367
2124
1644
1342
998
640
386
14
-337
-569
-821
-1007
-1081
-1121
-1033
-959
-886
-720
-394
-51
273
709
1060
1479
2052
2453
2844
3149
3238
3302
3213
3072
2845
2551
2229
1830
1470
1033
714
460
229
107
-80
-281
-332
-422
-441
-267
-83
165
322
375
450
593
648
575
456
201
-106
-432
-856
-1236
-1717
-2236
-2592
-3027
-3301
-3436
-3569
-3663
-3628
-3592
-3503
-3165
-2822
-2469
-1963
-1502
-1084
-555
-157
233
642
922
1222
1459
1607
1695
1614
1527
1346
1040
754
390
-34
-414
-847
-1205
-1494
-1904
-2176
-2414
-2552
-2484
-2285
-2034
-1619
-1148
-753
-291
220
597
1025
1452
1635
1858
2154
2301
2381
2471
2341
2117
1867
1480
1148
880
525
238
-46
-338
-516
-709
-719
-690
-701
-635
-523
-358
-159
117
356
561
927
1325
1720
2187
2500
2699
2840
2855
2800
2668
2545
2327
1992
1730
1425
1110
834
560
327
90
-150
-309
-312
-318
-294
-263
-178
-103
-40
147
281
323
266
213
93
17
-99
-344
-553
-905
-1412
-1804
-2152
-2474
-2701
-2932
-3120
-3277
-3380
-3379
-3274
-3075
-2909
-2624
-2260
-1934
-1420
-978
-585
-91
249
511
873
1057
1214
1337
1256
1187
1113
928
765
559
236
-88
-482
-833
-1132
-1403
-1692
-1924
-2140
-2187
-2063
-1911
-1629
-1320
-1020
-635
-194
262
734
1146
1470
1708
1931
2191
2342
2397
2353
2239
2035
1719
1459
1164
887
589
281
3
-188
-272
-284
-266
-254
-229
-266
-226
-114
57
312
501
738
1048
1370
1713
2074
2418
2606
2686
2722
2705
2665
2488
2256
1989
1599
1260
948
689
414
180
-90
-315
-370
-466
-524
-486
-479
-451
-408
-356
-295
-284
-318
-401
-468
-557
-633
-771
-972
-1204
-1485
-1729
-1859
-1983
-2095
-2244
-2411
-2496
-2580
-2625
-2623
-2548
-2453
-2359
-2143
-1875
-1604
-1240
-954
-640
-329
-94
171
352
542
631
593
565
475
339
174
-18
-231
-420
-588
-760
-894
-1024
-1173
-1258
-1276
-1248
-1086
-902
-686
-414
-115
203
529
925
1200
1432
1705
1811
1891
2010
1974
1947
1867
1690
1554
1370
1178
965
788
559
279
43
-145
-196
-226
-192
-24
121
256
498
770
965
1118
1320
1474
1681
1877
2021
2239
2316
2302
2314
2230
2122
2031
1813
1579
1360
1077
797
527
297
98
-144
-309
-481
-613
-692
-725
-761
-832
-912
-1039
-1088
-1152
-1250
-1286
-1326
-1407
-1486
-1460
-1460
-1500
-1540
-1600
-1637
-1659
-1656
-1638
-1618
-1610
-1666
-1640
-1679
-1682
-1676
-1709
-1657
-1607
-1495
-1380
-1249
-1075
-894
-746
-589
-422
-331
-227
-235
-251
-234
-281
-262
-270
-304
-327
-365
-378
-312
-236
-126
-15
107
234
341
460
558
715
807
896
985
1075
1165
1178
1173
1134
1108
1120
1101
1095
1061
919
876
823
744
776
783
826
900
893
871
896
981
1116
1302
1429
1540
1673
1792
1922
1980
1970
1975
1962
1831
1768
1727
1623
1528
1403
1263
1131
1047
921
727
544
322
37
-189
-414
-670
-917
-1151
-1329
-1479
-1627
-1670
-1693
-1793
-1794
-1847
-1836
-1786
-1725
-1661
-1644
-1646
-1632
-1614
-1567
-1470
-1466
-1482
-1404
-1361
-1323
-1213
-1173
-1171
-1183
-1219
-1237
-1233
-1260
-1311
-1349
-1377
-1416
-1377
-1312
-1263
-1149
-1016
-899
-744
-599
-476
-299
-172
-29
77
153
295
420
551
623
664
718
731
793
826
856
905
944
933
960
1002
968
973
934
915
922
964
981
927
930
897
903
945
974
1048
1113
1190
1293
1425
1505
1619
1718
1740
1717
1692
1693
1680
1708
1696
1644
1564
1490
1410
1346
1229
1106
934
739
560
394
247
75
-103
-306
-504
-629
-702
-734
-751
-753
-777
-807
-801
-770
-750
-748
-714
-700
-726
-722
-754
-799
-890
-1008
-1135
-1264
-1391
-1473
-1549
-1683
-1753
-1780
-1846
-1789
-1775
-1762
-1735
-1679
-1588
-1507
-1380
-1310
-1221
-1142
-1050
-957
-911
-841
-737
-684
-559
-430
-371
-269
-178
-132
-18
35
60
69
59
54
68
81
78
58
-4
62
111
135
236
325
395
490
580
684
811
927
1083
1205
1364
1472
1539
1585
1558
1551
1561
1546
1502
1425
1347
1285
1250
1199
1157
1120
1075
1010
933
868
829
810
762
687
638
598
546
505
457
405
347
360
396
469
492
472
477
451
434
352
283
183
24
-91
-268
-358
-413
-483
-509
-553
-600
-642
-664
-750
-751
-782
-871
-930
-1000
-988
-993
-994
-1087
-1172
-1229
-1272
-1256
-1201
-1194
-1202
-1191
-1171
-1110
-1070
-977
-989
-994
-970
-923
-845
-802
-767
-740
-741
-761
-710
-682
-671
-639
-598
-538
-420
-329
-195
-37
34
96
147
192
223
258
314
307
350
381
400
456
526
613
639
690
735
782
860
968
985
992
1031
997
1013
1021
1026
1029
1004
964
892
819
702
597
489
465
430
384
396
339
307
303
283
243
222
214
160
129
146
160
161
197
274
345
388
431
455
523
542
575
610
616
622
549
506
443
321
179
27
-158
-232
-291
-391
-379
-367
-352
-306
-302
-279
-271
-298
-269
-297
-320
-357
-391
-419
-505
-581
-670
-735
-791
-813
-852
-913
-950
-961
-931
-893
-898
-938
-984
-992
-1002
-995
-923
-902
-895
-845
-803
-760
-728
-668
-590
-526
-453
-332
-249
-152
-57
54
144
156
180
190
183
145
119
82
70
42
36
112
214
307
386
456
551
605
631
626
653
658
622
657
697
756
753
723
683
636
586
535
485
433
360
291
267
219
205
163
159
211
229
244
254
254
269
321
337
407
478
544
609
602
664
757
787
825
877
837
814
784
745
679
605
522
397
281
117
-5
-100
-187
-268
-270
-308
-310
-244
-203
-231
-217
-228
-306
-331
-385
-451
-533
-594
-655
-692
-724
-742
-758
-802
-847
-889
-921
-939
-961
-986
-991
-1033
-1068
-1067
-1047
-1001
-996
-937
-889
-820
-732
-696
-598
-533
-459
-377
-285
-173
-72
-30
16
50
84
125
148
120
86
48
-36
-65
-55
-17
26
76
124
165
224
302
368
423
467
488
517
524
540
577
617
605
625
632
644
640
620
560
518
512
462
430
421
389
358
360
330
333
356
415
449
484
548
577
622
661
707
800
826
872
945
928
925
942
927
937
926
884
784
633
526
415
281
166
26
-70
-189
-350
-442
-518
-558
-560
-538
-571
-544
-551
-589
-618
-669
-704
-765
-790
-856
-913
-897
-903
-923
-937
-960
-990
-1023
-1001
-1006
-1024
-1012
-1029
-1036
-993
-924
-914
-875
-823
-797
-744
-688
-616
-557
-459
-450
-398
-343
-290
-204
-201
-110
-85
-70
-43
4
58
50
58
31
-7
22
61
72
102
173
237
313
412
474
491
540
535
543
576
597
640
621
626
651
688
715
727
745
712
679
671
711
698
688
682
656
644
635
692
692
707
799
858
906
977
1017
1031
1026
1002
978
998
987
972
926
832
756
728
658
597
539
406
284
188
90
-68
-150
-224
-330
-413
-481
-554
-577
-642
-700
-715
-735
-751
-791
-782
-834
-903
-972
-1010
-1056
-1125
-1143
-1159
-1167
-1163
-1173
-1212
-1207
-1209
-1248
-1251
-1213
-1173
-1171
-1108
-1007
-970
-910
-817
-757
-703
-610
-527
-468
-455
-396
-362
-281
-213
-193
-157
-112
-82
-12
96
129
158
138
150
157
134
129
145
140
144
181
220
270
345
420
475
500
549
573
551
597
603
630
705
742
839
918
926
1000
1000
1003
1002
916
916
895
876
875
847
867
829
833
855
856
887
858
909
925
907
919
871
835
802
771
799
741
700
641
575
558
499
459
376
328
254
158
59
-24
-145
-281
-387
-494
-592
-650
-718
-772
-859
-914
-940
-974
-985
-1031
-1076
-1111
-1165
-1203
-1226
-1212
-1207
-1226
-1231
-1214
-1189
-1151
-1114
-1084
-1058
-1035
-1010
-940
-891
-823
-779
-762
-706
-671
-622
-568
-507
-434
-418
-405
-335
-265
-171
-141
-119
-104
-70
-20
23
81
102
122
86
93
108
129
155
144
152
157
178
174
240
278
337
422
452
520
565
617
683
713
728
742
731
756
804
854
876
900
944
939
974
982
945
930
915
935
955
951
943
910
883
893
871
898
892
855
888
867
817
823
752
698
671
616
585
555
515
395
301
244
168
78
-31
-117
-238
-340
-418
-509
-577
-626
-682
-754
-798
-831
-865
-918
-945
-1042
-1091
-1129
-1147
-1112
-1148
-1145
-1136
-1115
-1120
-1100
-1029
-997
-975
-944
-883
-883
-818
-757
-788
-760
-746
-767
-743
-697
-673
-591
-554
-535
-500
-488
-431
-404
-371
-324
-314
-261
-249
-259
-219
-183
-113
-44
9
60
28
43
109
151
200
235
294
308
369
407
478
540
553
573
615
626
680
712
758
808
823
856
861
909
954
954
978
1000
1030
1069
1064
1062
1045
1029
1002
994
1029
1031
1014
1000
964
923
878
825
743
713
671
607
590
551
512
479
440
375
301
237
146
88
6
-56
-122
-239
-367
-417
-482
-604
-663
-754
-785
-823
-795
-821
-887
-912
-942
-960
-961
-989
-1028
-1064
-1105
-1092
-1113
-1153
-1145
-1146
-1107
-1061
-1000
-946
-915
-904
-902
-864
-844
-823
-779
-738
-722
-705
-643
-608
-579
-516
-492
-430
-332
-234
-167
-124
-85
-28
35
61
153
204
199
215
238
255
297
283
325
373
398
411
426
454
500
494
532
566
569
603
602
681
701
703
690
713
741
801
852
913
959
961
980
968
1000
959
936
884
881
884
877
914
824
793
760
717
697
668
625
601
554
524
473
426
358
310
259
200
203
166
147
101
72
45
19
-80
-146
-201
-273
-357
-465
-472
-537
-602
-627
-663
-708
-765
-793
-828
-910
-991
-1059
-1105
-1143
-1159
-1204
-1231
-1207
-1211
-1212
-1214
-1153
-1082
-1051
-981
-909
-898
-865
-873
-818
-771
-720
-634
-628
-545
-481
-419
-349
-285
-251
-218
-160
-106
-81
-18
14
65
119
129
162
162
211
241
252
304
347
376
387
387
449
485
479
544
585
595
656
636
670
701
665
737
740
780
810
790
791
790
806
837
868
899
886
862
872
861
879
837
793
767
750
793
753
743
721
714
691
623
598
567
520
499
426
369
307
253
203
161
174
115
53
29
-1
-63
-110
-187
-256
-313
-420
-470
-522
-588
-661
-700
-757
-816
-832
-855
-892
-935
-950
-978
-975
-987
-1022
-1043
-1111
-1160
-1146
-1138
-1097
-1098
-1041
-960
-973
-937
-903
-839
-792
-777
-704
-708
-674
-617
-598
-520
-475
-399
-315
-255
-208
-197
-146
-109
-83
-30
23
54
118
133
155
203
228
253
256
309
344
378
364
393
429
427
480
467
501
545
574
617
665
688
706
719
771
775
778
830
812
847
844
865
870
873
900
886
894
935
944
925
894
871
855
825
820
804
772
697
639
628
567
541
483
444
404
346
345
299
268
229
173
90
45
-12
-73
-95
-144
-201
-249
-304
-380
-466
-482
-539
-581
-624
-706
-711
-752
-790
-829
-873
-936
-931
-975
-1008
-975
-1050
-1063
-1082
-1108
-1091
-1119
-1064
-1072
-1079
-1027
-1016
-946
-899
-864
-830
-769
-705
-678
-614
-548
-510
-443
-392
-383
-315
-287
-234
-148
-141
-71
-56
-53
14
55
91
119
149
146
189
222
246
295
282
304
332
370
372
420
452
497
502
526
547
553
592
573
620
653
708
742
783
821
840
876
864
889
901
910
866
894
894
881
885
890
887
835
818
830
801
754
746
707
690
647
665
601
591
537
438
406
303
250
163
112
77
0
-55
-96
-132
-145
-230
-296
-362
-464
-470
-542
-597
-609
-717
-771
-785
-806
-816
-846
-829
-873
-909
-887
-959
-855
-935
-1002
-990
-952
-1023
-1048
-946
-931
-889
-873
-914
-785
-742
-702
-655
-620
-567
-557
-551
-484
-424
-367
-331
-285
-214
-138
-164
-115
-52
-37
-15
36
82
97
66
114
132
183
232
236
311
394
387
407
417
380
398
389
396
403
425
436
441
435
451
480
550
572
642
711
726
820
811
833
830
847
866
831
824
789
792
758
736
723
735
662
654
617
594
576
537
524
479
472
436
361
318
223
128
86
35
-2
-40
-68
-103
-189
-218
-229
-283
-336
-357
-378
-445
-473
-498
-534
-599
-670
-669
-699
-701
-753
-764
-736
-790
-795
-799
-790
-783
-802
-835
-813
-808
-833
-790
-783
-719
-662
-661
-585
-557
-520
-442
-362
-320
-291
-286
-275
-237
-204
-145
-126
-101
-41
-23
27
92
148
219
251
230
236
222
218
251
258
287
299
300
307
324
346
361
362
376
356
367
408
400
393
388
367
388
383
393
449
416
398
440
448
495
501
491
535
538
567
510
499
509
479
475
460
495
469
426
441
396
370
412
361
323
295
287
231
198
181
175
138
90
50
-3
-24
-118
-135
-187
-202
-229
-279
-296
-329
-338
-390
-371
-367
-369
-401
-421
-463
-520
-557
-572
-564
-580
-597
-622
-632
-615
-606
-577
-531
-556
-557
-530
-510
-513
-526
-479
-486
-478
-467
-471
-436
-402
-362
-345
-318
-285
-269
-203
-155
-89
-68
-15
16
40
45
76
79
88
137
148
162
203
210
227
259
204
257
239
211
221
188
194
166
175
246
281
307
331
304
303
288
321
332
364
382
402
402
420
435
424
458
425
427
417
384
407
416
431
445
424
388
402
370
377
366
320
317
274
306
312
246
245
200
136
155
120
112
106
76
22
-5
-97
-149
-147
-196
-196
-234
-233
-219
-218
-224
-202
-204
-239
-277
-303
-292
-326
-376
-419
-459
-452
-467
-438
-434
-483
-464
-458
-447
-421
-396
-375
-377
-389
-384
-374
-415
-447
-442
-421
-401
-368
-279
-282
-232
-169
-189
-135
-118
-75
-36
-33
-21
-11
-1
20
25
14
29
4
-3
37
38
44
60
55
37
35
67
65
65
106
119
102
125
135
143
162
202
194
224
227
224
298
340
348
328
363
366
385
374
402
418
362
399
354
378
380
380
376
355
379
350
362
374
386
364
352
332
310
267
233
257
175
167
168
141
153
168
152
143
164
72
84
35
-8
-26
-89
-88
-118
-120
-159
-138
-171
-205
-159
-203
-200
-229
-250
-214
-303
-298
-356
-389
-387
-398
-364
-384
-382
-353
-393
-402
-385
-394
-410
-417
-417
-390
-382
-374
-369
-370
-354
-343
-319
-282
-263
-248
-287
-281
-250
-255
-214
-187
-200
-207
-192
-190
-180
-182
-146
-151
-134
-121
-98
-65
-88
-94
-77
-54
-2
47
101
127
118
128
136
164
194
249
269
300
283
261
286
289
312
339
360
390
418
452
454
447
430
423
420
450
414
387
391
371
410
435
458
447
457
459
437
404
391
359
326
289
264
270
249
264
217
216
218
121
105
116
76
43
13
-2
-17
-49
-63
-49
-70
-102
-145
-184
-182
-225
-225
-284
-346
-321
-365
-330
-319
-313
-317
-355
-358
-376
-412
-446
-468
-439
-463
-488
-494
-495
-507
-503
-446
-458
-423
-381
-377
-349
-319
-326
-296
-309
-283
-275
-312
-262
-251
-238
-241
-218
-173
-169
-161
-126
-101
-87
-89
-104
-110
-60
-31
2
50
69
108
109
123
165
200
236
256
285
292
294
312
297
277
339
367
379
414
446
510
502
540
508
495
519
489
522
531
495
458
462
442
420
384
362
357
313
303
286
271
245
247
253
254
251
228
187
141
152
117
69
54
-8
-30
-49
-64
-70
-119
-142
-169
-195
-208
-221
-238
-268
-304
-332
-303
-309
-343
-381
-384
-367
-377
-383
-407
-422
-460
-440
-419
-410
-391
-386
-374
-381
-357
-359
-346
-327
-334
-290
-287
-278
-285
-298
-258
-220
-218
-167
-165
-166
-137
-151
-139
-115
-98
-56
-36
-16
-30
-50
-51
-19
-27
19
48
55
85
83
78
107
103
107
148
129
196
212
234
303
309
322
311
316
350
395
411
445
431
407
415
392
412
418
411
414
425
459
443
432
436
352
319
308
275
274
246
237
245
204
209
223
170
155
173
171
153
146
148
125
92
27
12
-25
-86
-100
-153
-176
-214
-232
-221
-266
-312
-336
-368
-367
-355
-377
-355
-410
-417
-438
-463
-460
-467
-427
-411
-362
-370
-376
-377
-377
-350
-324
-327
-307
-337
-341
-332
-314
-318
-290
-211
-191
-205
-198
-193
-237
-221
-212
-156
-136
-132
-122
-92
-100
-110
-93
-96
-63
-41
-6
20
65
95
107
162
160
217
243
226
206
173
161
207
215
200
228
229
205
244
260
270
343
322
356
388
409
426
385
435
407
404
437
400
415
377
372
391
347
355
333
333
349
318
343
313
282
262
238
220
190
185
171
127
92
62
78
50
18
-26
-51
-84
-114
-116
-107
-94
-137
-172
-184
-186
-225
-247
-265
-284
-305
-334
-326
-326
-327
-365
-372
-395
-403
-386
-401
-399
-404
-430
-415
-392
-402
-350
-345
-329
-294
-307
-256
-216
-239
-203
-189
-204
-208
-225
-224
-192
-167
-132
-65
-50
8
-10
-51
-21
-28
-45
-12
25
49
37
41
16
17
62
85
70
52
73
58
100
104
153
182
198
217
219
219
167
156
144
170
220
269
287
299
316
311
331
330
327
313
310
286
296
290
240
224
230
235
248
243
232
250
226
207
227
237
206
222
210
196
191
161
134
120
102
78
66
42
21
10
30
9
-14
-26
-44
-64
-79
-118
-148
-164
-172
-167
-170
-169
-204
-239
-240
-263
-267
-260
-298
-296
-302
-303
-332
-344
-341
-338
-337
-336
-314
-289
-303
-282
-302
-291
-264
-275
-258
-238
-236
-240
-263
-271
-208
-191
-183
-126
-117
-112
-75
-56
-68
-58
-70
-56
-31
-9
11
0
55
47
41
82
67
95
155
200
211
184
219
201
186
198
200
208
185
234
266
273
322
330
323
328
367
358
353
362
353
333
311
308
266
259
267
249
247
217
207
182
149
177
151
109
132
141
120
127
122
70
43
27
-9
-51
-19
-71
-133
-138
-163
-156
-184
-173
-188
-226
-219
-211
-209
-214
-238
-253
-252
-261
-253
-248
-271
-336
-325
-325
-305
-299
-282
-256
-273
-236
-193
-175
-186
-186
-168
-177
-153
-106
-110
-87
-70
-68
-31
-60
-29
-23
-32
7
14
17
-12
12
-23
-54
-34
-4
0
-2
40
24
10
41
16
-5
7
12
15
48
88
75
51
56
18
23
24
60
104
111
151
153
132
161
189
172
178
195
186
173
194
193
187
178
189
175
208
225
256
240
247
262
259
274
267
269
230
235
191
172
167
194
171
155
153
74
52
12
3
-21
-7
6
-4
10
3
-1
5
-13
-47
-59
-96
-104
-115
-108
-126
-106
-123
-110
-89
-108
-152
-214
-177
-190
-204
-207
-203
-220
-206
-223
-239
-230
-235
-235
-188
-172
-175
-157
-188
-189
-155
-162
-149
-147
-140
-147
-138
-117
-104
-92
-121
-102
-131
-148
-126
-105
-97
-120
-102
-100
-114
-120
-140
-140
-163
-137
-79
-37
-4
14
-4
15
25
3
8
4
24
42
55
77
118
148
138
134
154
189
190
175
182
181
190
174
180
186
182
228
235
230
260
249
258
264
261
252
221
217
244
260
252
241
201
176
144
128
109
81
62
40
32
29
42
50
35
24
29
29
11
37
14
11
3
-35
-66
-44
-64
-49
-73
-109
-118
-131
-124
-163
-162
-170
-175
-179
-188
-175
-170
-186
-222
-232
-205
-177
-142
-131
-109
-128
-149
-133
-125
-131
-120
-150
-166
-164
-155
-145
-115
-118
-107
-95
-85
-83
-46
-45
-38
-26
-38
-24
-33
-19
-42
-57
-36
-55
-43
-24
-38
14
-17
12
24
57
96
80
108
144
129
152
186
158
137
105
104
102
112
137
152
171
158
193
163
138
164
147
185
191
206
210
197
173
142
148
139
129
126
100
92
100
94
80
102
80
70
75
69
12
-21
-3
-1
-29
-39
-27
-58
-58
-51
-52
-60
-62
-75
-94
-143
-108
-140
-149
-156
-189
-192
-212
-226
-226
-213
-204
-209
-198
-204
-246
-237
-209
-176
-199
-179
-151
-140
-119
-91
-100
-96
-110
-72
-37
-9
25
-11
-26
-14
-49
-53
-48
-69
-54
-41
-73
-34
-24
-36
-20
7
17
31
39
43
92
30
20
13
18
28
15
43
70
86
95
89
123
109
114
115
125
155
150
151
110
102
131
153
140
180
163
170
147
140
162
174
195
176
203
228
216
225
246
239
256
228
238
222
187
178
181
166
156
143
126
120
103
119
89
62
23
10
17
9
-12
-52
-43
-60
-87
-107
-138
-133
-164
-196
-196
-194
-210
-208
-212
-206
-202
-231
-247
-260
-284
-262
-299
-311
-342
-370
-340
-328
-279
-277
-306
-281
-264
-220
-206
-215
-204
-219
-219
-178
-168
-171
-137
-132
-107
-98
-69
-53
-43
-23
-6
18
40
42
58
70
81
63
66
80
97
105
144
152
183
187
170
169
155
185
174
165
192
211
177
203
216
205
271
252
287
314
278
287
227
186
194
189
210
207
185
187
177
146
141
136
132
140
111
113
115
129
88
70
70
61
90
79
25
16
-12
-27
-33
-35
-13
-54
-77
-104
-107
-85
-119
-94
-125
-185
-198
-218
-196
-250
-261
-272
-267
-234
-225
-193
-207
-207
-189
-179
-166
-157
-155
-182
-167
-183
-187
-191
-171
-159
-199
-152
-133
-131
-135
-126
-109
-100
-93
-108
-101
-54
-62
-65
-28
-8
14
39
30
59
80
63
88
89
91
105
105
107
119
120
90
105
117
118
131
137
117
126
131
145
142
119
127
86
99
128
114
109
125
146
138
135
179
188
183
198
168
184
160
138
157
122
116
90
69
64
68
58
49
39
24
26
6
30
29
-15
13
-6
-8
-15
-47
-53
-79
-81
-101
-95
-87
-108
-90
-78
-80
-75
-83
-92
-78
-78
-99
-111
-124
-121
-140
-126
-108
-120
-99
-81
-62
-55
-83
-71
-71
-88
-68
-64
-61
-87
-98
-84
-82
-59
-48
-66
-49
-69
-66
-52
-57
-45
-69
-31
-54
-31
-12
-12
-9
-33
-27
-32
-23
-20
-25
-10
-13
-50
-18
-19
-32
2
9
42
53
19
19
23
25
22
35
40
53
78
65
89
66
74
68
57
85
89
70
72
84
98
85
102
129
97
114
96
85
113
117
111
112
105
93
106
102
82
84
90
48
33
63
43
31
32
41
25
43
69
20
15
0
-22
-30
-32
-10
-17
-18
-17
-26
-27
-17
0
3
-13
-4
-22
-48
-17
-32
-46
-55
-69
-74
-68
-61
-88
-97
-100
-111
-94
-83
-101
-91
-78
-94
-97
-69
-90
-99
-78
-86
-80
-86
-66
-61
-49
-55
-52
-60
-56
-22
-25
-21
-32
-25
-15
-15
-11
-33
-36
-34
-27
-27
-6
12
10
-12
5
24
22
14
4
3
12
2
17
51
28
33
33
42
56
67
80
48
39
42
22
33
49
29
64
57
79
95
80
86
64
55
49
67
70
89
100
68
60
55
46
48
44
71
79
52
80
60
42
47
11
5
-11
-8
-26
-29
-35
-33
-29
-53
-52
-69
-64
-63
-81
-70
-72
-89
-88
-98
-98
-67
-66
-50
-49
-65
-55
-48
-58
-55
-74
-91
-100
-97
-84
-94
-73
-61
-43
-27
-30
-21
-22
-15
0
5
24
32
40
39
28
40
17
30
41
28
26
29
35
41
33
30
39
34
24
49
65
64
65
48
56
48
32
18
2
29
21
15
31
21
25
45
34
53
62
58
47
63
63
45
29
21
17
13
31
26
18
34
46
32
68
55
58
77
54
42
43
51
36
19
35
23
2
26
23
22
10
12
-8
-12
-19
-31
-32
-47
-34
-32
-22
-23
-40
-37
-30
-39
-49
-46
-66
-60
-88
-89
-94
-86
-81
-95
-67
-77
-80
-81
-88
-88
-97
-118
-116
-127
-133
-110
-136
-119
-126
-114
-70
-65
-58
-31
-46
-32
-24
-24
-7
-11
-11
-25
-12
-18
-26
-20
-18
9
11
37
59
40
54
51
47
68
101
77
96
96
81
96
95
102
106
100
99
99
102
112
117
106
107
124
122
109
118
120
101
98
95
76
74
77
57
59
66
42
47
57
48
61
42
39
30
12
13
0
-4
-11
-20
-35
-40
-40
-44
-46
-42
-32
-32
-29
-36
-56
-57
-67
-69
-74
-70
-72
-82
-83
-86
-66
-74
-76
-63
-62
-62
-56
-70
-88
-99
-86
-82
-77
-62
-68
-70
-63
-56
-64
-61
-65
-71
-56
-64
-70
-54
-49
-37
-31
-27
-12
7
8
5
0
0
4
2
18
17
16
15
10
16
15
33
18
11
11
17
29
36
51
42
40
50
61
58
52
43
37
31
31
27
30
35
32
29
45
47
28
40
41
43
27
40
38
30
33
22
37
32
39
60
58
69
66
59
62
53
43
43
22
41
47
44
59
53
53
62
35
37
34
17
11
-6
-8
-13
-25
-28
-19
-9
0
-17
-31
-31
-39
-34
-45
-48
-36
-58
-49
-47
-57
-73
-75
-85
-108
-101
-80
-95
-104
-96
-111
-124
-112
-99
-100
-105
-94
-85
-81
-71
-72
-64
-58
-49
-63
-49
-34
-42
-36
-50
-40
-46
-44
-24
-9
-8
-3
12
29
30
43
61
57
61
73
69
91
86
87
114
116
121
115
115
106
88
91
84
86
102
104
106
115
127
103
109
121
91
90
97
77
70
67
62
52
54
56
29
40
34
15
33
28
13
4
2
7
-3
-5
-6
-23
-23
-26
-35
-31
-38
-51
-51
-65
-56
-60
-70
-71
-66
-67
-81
-77
-59
-62
-73
-65
-63
-63
-71
-58
-48
-52
-61
-63
-65
-71
-73
-72
-65
-48
-43
-39
-34
-33
-50
-60
-47
-52
-52
-48
-49
-46
-47
-35
-38
-39
-38
-46
-52
-54
-39
-40
-38
-10
-4
6
10
17
22
16
27
16
15
13
18
31
31
49
59
49
47
63
59
59
63
58
70
70
63
51
58
55
49
67
74
72
79
86
75
74
58
75
79
75
80
68
54
46
42
38
39
33
28
23
24
20
11
10
-5
-10
-4
-14
-13
-30
-35
-42
-46
-31
-31
-40
-28
-28
-36
-41
-39
-43
-51
-61
-65
-53
-51
-38
-38
-35
-38
-56
-58
-58
-59
-58
-50
-44
-25
-24
-30
-30
-44
-32
-36
-39
-27
-37
-34
-39
-40
-48
-47
-34
-28
-7
-4
3
2
-5
5
7
1
14
14
17
16
6
4
-4
2
6
20
19
21
25
31
49
50
45
51
42
39
40
40
44
49
41
41
40
36
35
36
44
43
27
31
29
25
37
38
34
32
32
25
21
14
31
29
24
19
-5
-12
-17
-16
-7
-13
-8
-1
-9
-1
6
13
16
9
-3
-7
-22
-9
-11
0
-7
-19
-9
-10
-7
-11
-9
-14
-11
-11
-8
-6
-8
-15
-21
-32
-33
-32
-33
-24
-20
-45
-35
-37
-39
-36
-53
-51
-50
-36
-29
-36
-29
-41
-51
-41
-44
-34
-28
-36
-40
-38
-32
-27
-19
-22
-30
-23
-17
-32
-16
-14
-13
-5
9
22
17
15
24
26
28
29
40
45
44
63
56
62
67
48
56
41
45
45
31
28
31
36
49
44
46
45
43
51
54
47
47
40
40
37
23
40
37
25
37
38
33
32
24
19
10
10
5
-3
3
-9
-11
-12
-15
-12
-16
-9
-5
-4
1
-10
-20
-20
-22
-22
-36
-31
-16
-28
-26
-23
-27
-22
-16
-8
-3
-11
-11
-22
-29
-32
-40
-47
-46
-49
-43
-35
-42
-41
-47
-42
-42
-50
-45
-38
-39
-38
-42
-47
-41
-40
-36
-26
-29
-26
-21
-31
-22
-30
-41
-28
-32
-26
-25
-30
-27
-33
-37
-24
-24
-26
-18
-25
-16
-8
-5
7
11
20
18
20
18
12
19
31
30
39
51
46
43
46
33
34
32
35
49
47
61
59
66
65
59
74
71
62
64
67
62
70
64
67
69
62
68
72
75
69
60
50
53
40
47
45
35
40
33
30
33
20
10
4
-3
1
-7
-3
-4
-16
-5
-11
-22
-9
-10
-25
-25
-24
-29
-32
-34
-32
-42
-47
-37
-34
-34
-27
-46
-53
-69
-72
-74
-83
-89
-82
-80
-89
-87
-93
-75
-77
-69
-57
-59
-59
-59
-52
-46
-47
-53
-63
-66
-67
-63
-57
-40
-30
-22
-16
-21
-21
-20
-18
-18
-2
0
2
7
12
17
16
13
20
28
22
23
35
25
16
33
27
38
44
56
62
62
72
64
66
66
69
69
56
49
55
50
48
48
49
46
46
48
43
46
43
37
51
57
58
53
50
58
62
58
57
63
47
41
23
18
23
12
16
15
13
4
3
6
-2
-7
-8
-6
-8
-7
-7
-16
-26
-30
-30
-32
-30
-24
-24
-31
-35
-40
-41
-48
-43
-44
-39
-42
-50
-49
-53
-47
-57
-51
-50
-55
-40
-43
-43
-40
-47
-38
-34
-30
-21
-29
-31
-26
-38
-30
-30
-32
-21
-24
-18
-7
-19
-23
-14
-22
-20
-14
-11
-14
-14
-16
-14
-18
-18
-9
-10
-1
-2
-4
0
5
16
20
28
20
19
21
25
19
26
26
25
25
23
23
16
21
14
10
12
20
25
29
21
23
32
35
34
36
36
29
33
29
20
27
24
25
28
30
32
21
30
35
25
27
14
18
17
13
16
15
13
10
9
14
13
13
15
6
9
9
1
-6
-8
-7
-4
0
-2
-4
-6
2
7
-1
-5
-16
-10
-12
-19
-16
-21
-28
-25
-25
-28
-27
-24
-21
-25
-28
-37
-38
-30
-32
-29
-24
-19
-17
-19
-16
-12
-14
-14
-7
-9
-8
-8
1
1
-7
3
3
-8
-9
-3
-1
-2
7
4
7
9
12
11
7
21
19
15
14
14
9
11
18
15
15
10
-2
0
2
0
-7
-5
-1
-3
7
12
17
14
17
20
15
12
9
5
-2
-1
-5
-7
-7
-6
-11
-5
-9
-12
-2
-5
-5
-4
-3
-4
-1
3
3
4
11
10
8
4
6
-4
-16
-9
-9
-10
-16
-17
-12
-19
-18
-19
-20
-14
-13
-15
-12
-22
-23
-23
-25
-22
-27
-12
-6
-9
-2
-3
-9
-16
-19
-17
-12
-11
-13
-14
-11
-5
-3
2
6
4
11
2
6
7
1
3
10
10
12
11
8
14
4
6
7
10
21
27
29
31
33
36
43
44
43
43
39
33
31
27
22
24
23
20
22
23
20
16
17
18
19
22
26
26
32
26
28
30
16
19
18
24
25
20
18
0
0
-1
0
1
-3
2
-5
-4
-7
-9
-15
-19
-19
-21
-11
-15
-13
-16
-26
-30
-34
-32
-28
-31
-35
-43
-45
-42
-43
-42
-32
-37
-43
-43
-39
-34
-38
-39
-35
-37
-38
-38
-37
-41
-49
-49
-49
-41
-38
-43
-33
-32
-25
-25
-24
-14
-17
-11
-8
-5
-4
-9
-9
-6
-9
-8
-6
1
6
11
13
16
14
12
22
19
27
31
31
28
28
30
31
30
31
33
31
32
37
41
41
36
42
34
40
54
43
46
40
38
37
43
42
45
42
33
32
27
31
34
37
34
29
23
15
12
13
7
12
17
19
23
25
23
17
13
16
20
13
20
13
8
-1
-2
-2
-6
1
-8
-9
-13
-15
-19
-24
-27
-21
-21
-24
-21
-22
-20
-26
-25
-21
-29
-25
-29
-29
-30
-36
-38
-44
-45
-42
-44
-44
-57
-58
-48
-44
-40
-43
-53
-42
-44
-40
-33
-28
-27
-32
-33
-34
-30
-31
-24
-19
-14
-10
-6
-1
0
-3
-6
-3
-2
-7
-3
0
-1
0
7
0
7
12
17
18
17
24
22
21
18
20
23
23
28
24
21
37
37
37
43
37
41
46
43
54
47
46
45
33
25
23
20
12
16
16
11
12
10
5
0
4
7
11
8
17
21
18
16
16
15
9
13
5
-2
-4
-7
-14
-22
-16
-13
-15
-9
-2
-5
-11
-13
-20
-21
-15
-11
-3
-1
-5
-8
-14
-13
-6
-8
-18
-12
-12
-16
-9
-6
-2
-4
-7
-10
-5
-3
-1
0
-3
-3
-2
0
3
5
5
-2
0
-7
-13
-10
-17
-14
-12
-16
-10
-9
-5
-8
-11
-10
-15
-11
-7
-6
-9
-6
-3
-7
-12
-10
-9
-14
-13
-14
-10
-13
-17
-15
-12
-12
-5
3
14
14
9
13
16
16
15
13
14
13
10
13
10
8
9
8
12
13
16
23
26
33
33
26
27
28
31
34
27
27
22
14
10
8
9
12
10
8
8
11
5
-2
2
1
