-5
-2
-4
-4
-4
-7
-8
-8
-8
-6
-3
0
-4
-1
-3
-3
-1
2
7
3
5
6
0
0
-1
-2
-4
0
1
-2
-4
-6
0
-6
-6
-1
-3
-4
-5
-5
-5
-5
-3
4
5
7
7
9
4
1
1
-1
-1
1
1
2
0
-6
-8
-8
-6
-4
5
4
4
7
3
1
2
0
4
4
4
6
1
0
-2
1
3
7
7
9
9
11
10
7
7
9
6
2
1
4
0
-6
-4
-3
-3
-2
1
1
2
5
5
1
1
-3
-5
-8
-6
-4
-5
0
0
-3
-5
-5
-5
-5
-2
-1
-3
0
-1
-3
-2
0
-2
-3
1
-1
-3
-6
-5
-5
-3
0
-2
1
-2
0
2
2
3
5
2
1
1
0
-5
-3
-3
-1
8
9
10
10
6
4
7
7
8
10
9
7
2
7
6
-1
0
1
-1
3
5
3
4
4
5
6
9
5
3
2
-2
2
3
2
-2
-5
-8
-7
-8
-3
-2
-7
-5
-5
-6
-7
-11
-11
-9
-11
-7
-11
-11
-10
-15
-14
-16
-18
-16
-18
-14
-9
-8
-6
-6
-7
-7
-7
-11
-11
-5
-2
5
7
3
4
1
2
9
8
16
16
12
12
9
9
7
11
12
7
10
8
8
5
7
10
8
7
10
11
11
13
11
7
7
6
6
3
3
1
-1
-1
-1
-2
-2
1
-1
-2
-1
-1
3
3
3
3
2
-1
-3
-7
-8
-6
-10
-6
-5
-4
-4
-5
-11
-10
-9
-7
-1
0
-1
-1
-5
-5
-6
-4
-3
-4
-2
3
1
-5
-3
0
-2
2
3
6
5
5
8
10
5
2
1
4
4
2
2
-4
-8
-7
-6
-6
-3
-4
-5
-1
-3
-4
0
-2
0
3
4
2
3
2
-2
-3
-3
-2
-1
-2
1
0
-6
-10
-10
-7
-5
-4
0
1
0
0
1
0
3
-1
-3
6
3
3
4
-4
-3
-4
-4
-1
0
-1
0
-3
-3
0
1
3
2
2
2
2
2
3
9
7
7
12
10
9
10
11
10
13
10
11
9
11
12
10
13
10
10
10
8
6
9
10
9
4
4
5
1
-2
-1
0
0
0
2
-2
-1
0
-3
-5
-3
-7
-10
-6
-4
-4
-13
-11
-14
-11
-12
-10
-9
-13
-17
-21
-21
-18
-20
-19
-17
-17
-16
-17
-13
-12
-17
-16
-18
-15
-13
-12
-6
-5
-7
-6
-3
0
1
0
1
6
4
2
3
6
6
2
4
7
5
6
7
9
14
10
13
14
14
12
13
16
15
17
18
17
21
19
16
18
23
19
17
19
14
12
7
12
13
15
13
11
9
5
5
2
-1
-1
2
-3
-2
-2
-4
-2
-4
-6
-3
-4
-7
-11
-14
-10
-9
-8
-7
-10
-13
-18
-21
-21
-24
-23
-22
-21
-17
-17
-20
-17
-17
-17
-15
-10
-9
-11
-11
-7
-7
-7
-2
-4
-3
-5
-3
-8
-10
-9
-8
-7
-6
-1
-4
-5
-9
-7
-7
-6
-3
3
4
4
8
4
8
7
7
7
6
7
9
10
16
22
19
18
19
19
16
17
12
10
13
12
21
19
20
20
21
23
24
27
28
31
32
38
39
40
36
32
33
27
26
27
27
24
19
16
10
9
5
1
0
-2
-8
-13
-19
-22
-25
-27
-33
-30
-29
-30
-29
-31
-33
-37
-38
-38
-41
-39
-35
-41
-41
-42
-44
-46
-47
-46
-45
-45
-42
-43
-47
-48
-44
-41
-41
-41
-33
-30
-28
-21
-19
-16
-15
-9
-6
-3
2
1
5
10
16
23
26
22
21
18
14
13
14
12
18
19
20
22
23
26
30
31
38
43
46
48
59
64
60
65
68
78
83
91
90
96
96
92
99
96
92
89
84
79
74
65
59
46
36
32
16
9
1
-6
-14
-19
-22
-31
-36
-43
-47
-50
-54
-60
-64
-69
-74
-75
-81
-87
-90
-95
-100
-102
-111
-118
-125
-133
-136
-138
-137
-135
-137
-130
-120
-108
-91
-79
-68
-56
-48
-42
-33
-25
-16
2
11
18
20
25
25
22
21
16
8
7
10
13
23
27
20
17
16
13
12
17
27
33
39
50
56
59
67
72
78
81
90
94
98
108
113
115
118
124
124
127
126
128
130
133
132
134
136
134
137
136
138
140
130
121
100
83
67
55
52
48
31
14
0
-22
-35
-47
-52
-62
-74
-85
-103
-105
-112
-124
-121
-132
-144
-152
-167
-172
-178
-176
-166
-162
-169
-163
-161
-162
-149
-140
-122
-118
-124
-130
-128
-117
-101
-88
-74
-86
-101
-87
-68
-50
-43
-44
-41
-55
-64
-49
-41
-42
-40
-39
-38
-28
-15
1
14
37
47
51
53
48
55
64
74
75
73
63
66
79
92
96
90
81
71
67
74
89
105
121
134
142
143
143
148
145
141
143
138
135
133
146
150
152
146
144
153
160
166
169
174
179
190
206
229
241
228
201
170
127
95
90
90
89
72
40
-5
-57
-92
-117
-140
-155
-178
-209
-230
-242
-244
-249
-254
-259
-284
-304
-311
-305
-292
-271
-254
-258
-282
-302
-303
-285
-264
-233
-210
-215
-214
-216
-207
-184
-159
-134
-119
-108
-100
-81
-67
-47
-13
-6
4
12
16
24
33
50
59
55
47
36
31
27
20
18
15
3
3
11
21
29
31
38
36
40
45
54
76
96
116
128
137
149
163
177
193
206
201
208
208
197
195
198
190
187
186
176
173
174
173
175
189
181
177
183
180
178
181
178
172
171
166
159
149
151
155
162
172
166
169
164
178
211
234
236
216
165
100
57
35
33
45
35
-1
-51
-108
-164
-202
-224
-240
-260
-290
-322
-360
-364
-348
-332
-332
-355
-392
-413
-416
-406
-362
-330
-307
-323
-354
-364
-361
-350
-320
-297
-288
-301
-316
-321
-292
-245
-207
-169
-156
-158
-150
-131
-109
-76
-49
-33
-27
-33
-9
26
35
52
69
60
40
31
37
49
52
68
71
65
62
64
85
100
116
131
119
107
110
130
158
185
223
245
245
245
255
269
276
274
274
267
266
263
269
275
277
269
255
243
224
206
204
217
232
237
231
223
215
214
214
216
216
211
205
181
163
172
171
175
172
156
152
144
137
159
194
238
258
256
242
186
122
75
45
67
81
65
35
-46
-111
-179
-239
-280
-311
-347
-394
-435
-451
-434
-439
-430
-447
-480
-541
-587
-597
-592
-556
-524
-516
-540
-544
-529
-520
-486
-452
-430
-431
-436
-444
-441
-397
-334
-283
-246
-206
-169
-133
-93
-47
-14
10
30
40
47
97
143
181
192
177
160
143
129
140
158
180
192
183
185
187
200
227
241
231
215
199
176
171
196
227
246
257
248
239
241
251
255
272
264
262
240
222
233
243
251
262
265
251
244
227
257
284
330
319
320
330
311
322
329
329
333
299
274
259
249
259
254
255
241
222
192
171
161
139
138
137
151
197
245
283
280
233
181
98
36
29
38
60
29
-19
-105
-202
-297
-390
-458
-511
-584
-640
-681
-715
-712
-722
-729
-744
-785
-817
-843
-842
-823
-780
-750
-708
-699
-684
-649
-613
-536
-489
-447
-431
-424
-431
-411
-351
-285
-221
-145
-98
-47
25
65
130
190
219
201
186
178
201
245
290
318
335
327
300
294
284
286
268
244
216
193
198
209
225
267
267
243
232
222
226
253
294
322
316
323
313
315
342
348
365
331
307
292
283
320
367
394
415
386
352
348
347
369
395
383
361
318
290
293
281
302
309
300
267
243
223
197
190
173
169
124
78
38
15
13
-10
0
-17
4
30
81
151
202
197
158
96
-13
-93
-87
-39
28
24
-7
-103
-216
-322
-428
-509
-571
-644
-719
-784
-834
-835
-836
-819
-836
-869
-916
-953
-967
-924
-822
-740
-690
-661
-642
-627
-575
-523
-477
-412
-375
-365
-353
-313
-228
-157
-59
28
103
184
225
287
319
357
350
316
260
243
276
322
386
441
443
406
365
312
275
260
266
272
284
285
295
307
338
371
377
383
358
313
280
304
310
339
388
412
370
348
316
289
276
297
303
298
279
259
252
230
275
296
277
270
225
198
198
193
226
218
210
206
211
178
182
208
180
160
108
69
9
-10
-33
-46
-42
-65
-88
-100
-72
-82
-82
-62
-17
37
139
249
292
268
206
148
75
73
116
207
222
200
100
-8
-136
-258
-352
-469
-570
-696
-813
-940
-951
-947
-929
-926
-985
-1036
-1085
-1130
-1112
-1039
-958
-875
-836
-828
-767
-682
-555
-445
-351
-291
-306
-288
-230
-99
29
189
346
419
495
507
535
556
559
538
491
441
418
416
490
549
571
581
543
457
367
306
279
271
290
311
311
344
371
405
440
411
358
329
240
230
243
277
302
282
281
219
183
153
105
71
6
2
-53
-70
-74
-36
14
16
26
10
18
10
54
77
92
114
96
83
72
97
134
153
174
146
149
100
103
85
64
72
31
-11
-50
-51
-82
-70
-47
-23
-45
-28
-7
67
167
304
443
465
446
369
280
250
287
325
394
407
352
200
91
-42
-185
-306
-439
-579
-752
-885
-986
-1005
-994
-1012
-1098
-1190
-1281
-1381
-1399
-1358
-1257
-1108
-998
-907
-807
-645
-482
-316
-197
-113
-25
31
109
267
472
647
814
923
918
896
876
847
823
787
746
634
523
488
508
526
513
436
282
158
7
-51
-66
-21
34
6
-9
-44
-48
7
66
78
119
110
80
84
107
178
174
179
102
23
-53
-95
-32
-59
-51
-61
-166
-230
-269
-202
-151
-158
-117
-91
-80
-77
-57
35
38
100
91
108
109
132
188
249
274
302
283
188
171
142
171
175
185
142
80
51
39
34
81
80
78
102
149
325
546
724
846
815
702
581
482
554
673
889
982
907
683
444
199
-28
-192
-334
-498
-717
-926
-1077
-1073
-1077
-1085
-1194
-1409
-1634
-1805
-1880
-1792
-1538
-1305
-1130
-1016
-926
-824
-662
-493
-372
-257
-174
-93
83
375
709
1046
1183
1162
1005
807
711
716
799
909
931
823
676
487
343
255
187
-11
-238
-419
-559
-553
-415
-311
-302
-343
-517
-680
-704
-566
-329
-149
12
93
80
130
194
277
352
353
232
79
63
155
275
413
465
366
104
-94
-260
-268
-145
-28
75
-8
-87
-196
-261
-193
-108
-32
61
56
228
312
489
598
744
702
575
506
477
566
668
784
775
683
586
486
424
424
380
479
517
743
1102
1408
1496
1353
1025
653
438
492
808
1229
1504
1304
874
293
-273
-702
-938
-1120
-1233
-1320
-1484
-1713
-1778
-1825
-2032
-2420
-2857
-3218
-3304
-3026
-2522
-1948
-1421
-1221
-1353
-1527
-1476
-1220
-830
-326
150
511
781
1061
1417
1729
1927
1911
1665
1399
1309
1426
1701
1859
1946
1607
983
282
-160
-404
-415
-333
-442
-624
-770
-944
-1141
-1110
-1097
-1211
-1336
-1357
-1219
-832
-315
27
125
129
3
-126
39
466
884
1187
1251
1052
759
646
594
514
557
509
346
162
87
109
52
-21
-330
-686
-945
-955
-748
-372
58
281
252
68
-3
68
479
868
1285
1492
1572
1548
1503
1569
1732
1737
1691
1435
1206
1072
1164
1311
1640
2116
2395
2257
1703
1139
604
494
751
1199
1685
2021
1511
469
-526
-1212
-1679
-1755
-1683
-1660
-1831
-2194
-2838
-3452
-3646
-3825
-4158
-4271
-4167
-3872
-3343
-2825
-2486
-2310
-2308
-2478
-2615
-2124
-1112
-85
762
1206
1265
1086
926
1018
1389
1943
2377
2415
2252
2149
2114
1923
1633
1167
559
4
-352
-514
-504
-293
-511
-1151
-1829
-2332
-2563
-2292
-1622
-1127
-824
-732
-954
-1147
-977
-491
2
535
959
1186
1388
1594
1715
1709
1730
1647
1465
1466
1562
1677
1714
1459
806
229
-189
-403
-354
-235
-282
-548
-927
-1234
-1280
-916
-462
-103
151
228
228
465
857
1408
1740
2112
2284
2308
2460
2624
2717
2846
2645
2325
2008
1809
1921
2511
3207
3615
3176
2136
907
-52
-159
523
1575
2448
2263
791
-1091
-2484
-2978
-2685
-1926
-1470
-1691
-2433
-3475
-4472
-4748
-4422
-4196
-4102
-4091
-4066
-3872
-3536
-3147
-2855
-2693
-2686
-2685
-2210
-1140
6
716
862
425
-111
-266
22
881
1808
2399
2256
1530
845
323
295
542
620
408
-21
-446
-998
-1218
-1255
-1358
-1532
-1757
-1920
-1810
-1237
-799
-654
-566
-564
-521
-220
450
1198
1891
2248
2221
2072
2119
2342
2635
2996
3134
2996
2754
2453
2196
2100
2057
1756
1226
706
443
254
225
183
-44
-324
-700
-1034
-953
-664
-275
-96
-141
-23
101
355
743
1080
1354
1556
1672
1747
1973
2246
2272
2201
1946
1700
1636
1745
2433
3262
3548
2865
1496
321
-304
-15
1205
2161
2661
1882
-300
-2537
-3528
-3327
-2410
-1452
-1266
-2073
-3479
-4839
-5736
-5547
-4423
-3708
-3664
-3928
-4232
-4233
-3838
-3359
-2798
-2318
-2066
-1892
-1393
-357
656
954
653
86
-233
-80
673
1823
2580
2544
1607
286
-634
-550
290
990
1174
679
-538
-1874
-2537
-2470
-1839
-1041
-933
-1456
-2017
-2178
-2045
-1549
-829
-398
-63
214
449
924
1590
2167
2346
2314
2444
2783
3284
3718
3870
3659
3172
2667
2407
2586
3004
3176
2777
1791
804
227
155
542
1006
1047
576
-278
-1014
-1160
-499
395
856
914
649
329
149
520
1194
1761
2142
2116
1803
1780
1930
2113
2055
2015
1604
1234
1420
2124
2910
3144
2395
800
-534
-899
-293
1075
2329
2528
1106
-1404
-3565
-4284
-3379
-1920
-964
-1318
-2809
-4825
-6301
-6521
-5448
-3947
-3209
-3588
-4485
-5200
-5159
-4344
-3148
-2197
-1741
-1780
-1877
-1483
-446
696
1272
1150
605
297
511
1211
1945
2353
2147
1299
228
-300
-118
452
711
375
-580
-1417
-1910
-1957
-1709
-1272
-1203
-1673
-2274
-2491
-2157
-1339
-586
-270
-326
-373
-253
215
1013
1935
2489
2524
2307
2156
2350
2927
3561
3891
3851
3552
3104
2751
2700
2985
3107
2946
2447
1812
1251
1024
1084
1190
1250
1177
857
380
123
225
632
1130
1379
1513
1353
1054
849
1042
1692
2276
2700
2769
2093
1586
1275
1239
1397
1770
1845
1720
2374
2886
2386
1279
214
-636
-888
153
1313
1777
1748
-60
-2898
-4637
-4126
-2968
-1924
-1621
-2784
-4809
-6395
-7017
-6621
-5023
-3602
-3767
-4993
-6093
-6220
-5378
-3897
-2580
-1828
-1929
-2406
-2513
-1787
-202
1418
2078
1618
941
575
617
1181
2075
2557
2161
1556
778
193
320
632
513
-330
-979
-1410
-1745
-1575
-1313
-1285
-1518
-1631
-1857
-1802
-1068
-386
-260
-348
-150
-40
526
1545
2190
2447
2493
2324
1984
2163
2778
3395
3707
3693
3379
2845
2520
2428
2507
2622
2713
2642
2121
1471
1109
1014
1184
1576
1898
1723
1257
802
340
518
1345
2217
2717
2661
2052
1113
597
1003
1756
2693
3309
3034
1976
948
386
415
1137
1738
1927
2275
2518
2239
1078
-231
-801
-718
232
1376
1505
1193
-240
-2398
-4205
-4087
-2777
-1691
-1768
-3178
-5121
-6550
-6753
-6185
-5047
-3932
-4103
-5294
-6525
-6580
-5418
-3688
-2383
-1952
-2311
-2762
-2636
-1797
-283
1224
1891
1608
720
163
340
1047
1913
2464
2174
1517
644
-22
-170
10
356
191
-404
-916
-1458
-1775
-1731
-1499
-1319
-1117
-910
-887
-838
-622
-458
-432
-70
509
990
1528
1930
1997
1886
1867
2014
2343
2828
3134
3103
2814
2520
2251
2189
2298
2486
2543
2369
2041
1699
1347
1170
1279
1587
1926
2123
1916
1487
1033
856
1102
1817
2701
3191
3036
2397
1728
1340
1726
2448
3161
3575
3181
2485
1562
1068
1109
1406
1582
1868
2581
3154
2848
1244
-448
-1275
-808
857
2066
1853
733
-1380
-3604
-4504
-3346
-1785
-1039
-2076
-4501
-6843
-7364
-6244
-4729
-3664
-3866
-5251
-6757
-7253
-6510
-4653
-2866
-2188
-2572
-3580
-3955
-3222
-1555
54
971
1054
380
-197
-247
203
913
1579
1749
1207
874
691
554
489
333
0
-385
-438
-352
-583
-631
-707
-1161
-1084
-626
-284
-48
181
-168
-515
-295
309
942
1659
2026
1622
1262
1220
1301
1897
2677
2992
2912
2484
1950
1806
2090
2469
2737
2841
2625
2263
1942
1715
1696
1844
1959
1948
2107
2246
2112
1854
1606
1628
1630
1842
2237
2465
2534
2360
1983
1649
1612
1927
2279
2567
2676
2398
1839
1349
1094
1053
1315
1568
2031
2626
3042
2231
562
-778
-959
179
1867
2248
1284
-561
-2561
-3712
-3215
-1860
-995
-1534
-3425
-5647
-6763
-6195
-4826
-3610
-3488
-4719
-6390
-7200
-6759
-5239
-3538
-2783
-2934
-3668
-4260
-3998
-2844
-1379
-412
-170
-422
-816
-953
-720
-350
56
325
314
174
173
208
134
129
297
366
275
100
-208
-419
-195
176
466
674
586
342
396
627
795
1019
1241
1406
1512
1645
1752
1857
1921
1888
1793
1859
2155
2346
2322
2146
1935
1858
1876
2125
2452
2702
2772
2604
2317
2123
2076
2087
2275
2702
3097
3214
2997
2418
1807
1522
1621
2048
2591
2742
2309
1496
777
461
724
1375
1837
1817
1383
534
-11
28
401
899
1077
784
346
448
988
1516
1447
679
-359
-873
-349
700
1247
994
-162
-1757
-2667
-2516
-1806
-1304
-1712
-3012
-4361
-4998
-4691
-4024
-3626
-3983
-5018
-5849
-5973
-5300
-4299
-3747
-3799
-4137
-4343
-4070
-3316
-2455
-1957
-1796
-1771
-1647
-1424
-1234
-1033
-906
-768
-511
-327
-168
-94
-222
-219
33
374
568
435
264
291
436
735
1182
1398
1303
1204
1121
1286
1576
1767
1831
1846
1886
1809
1800
1951
2030
1918
1877
1949
2046
2130
2140
2143
2174
2093
2020
2036
2181
2376
2512
2565
2435
2155
1871
1699
1849
2297
2624
2679
2393
1854
1423
1416
1837
2392
2665
2427
1681
964
680
907
1451
1911
1888
1372
746
278
247
594
1076
1271
993
424
-34
121
878
1700
1817
1063
-212
-1282
-1303
-495
300
770
419
-944
-2309
-2840
-2750
-2230
-1756
-2043
-2753
-3403
-3853
-3974
-3751
-3586
-3917
-4364
-4582
-4605
-4321
-4022
-4025
-4108
-4177
-4072
-3600
-2960
-2619
-2729
-3141
-3402
-3316
-2879
-2086
-1456
-1328
-1645
-2059
-2082
-1599
-925
-278
118
101
-176
-362
-253
166
782
1360
1776
1958
1779
1445
1423
1756
2160
2564
2768
2701
2469
2286
2210
2444
2751
2831
2711
2559
2293
1998
1945
2046
2171
2252
2162
1944
1821
1887
1975
2029
2050
1870
1645
1628
1813
2077
2375
2403
2204
1915
1691
1799
2139
2430
2444
2187
1764
1418
1421
1693
1944
1974
1701
1211
843
842
968
1115
1167
953
519
473
799
1244
1492
1429
882
231
9
-160
-80
481
723
325
-189
-875
-1739
-2221
-2298
-2248
-2037
-2105
-2628
-3354
-3965
-4455
-4809
-4832
-4788
-4812
-4818
-4870
-4920
-4789
-4747
-4748
-4521
-4224
-3966
-3739
-3520
-3430
-3398
-3256
-2975
-2648
-2262
-2092
-2116
-2036
-1978
-1822
-1322
-655
-198
-12
-125
-251
-247
1
624
1305
1746
1869
1803
1668
1634
1851
2216
2563
2910
3026
2782
2660
2681
2664
2821
3078
3017
2869
2723
2529
2316
2230
2234
2331
2523
2441
2129
1864
1838
1949
2197
2361
2297
2028
1731
1854
2234
2578
2721
2589
2239
1901
1842
2089
2401
2494
2280
1935
1607
1466
1489
1524
1618
1567
1291
963
836
756
626
520
635
1050
1323
1422
1225
826
360
343
376
221
483
533
178
-208
-563
-1187
-1713
-2068
-2439
-2538
-2583
-2847
-3354
-3736
-4220
-4785
-4971
-5080
-5143
-5054
-5001
-4981
-4875
-4908
-4938
-4707
-4382
-3989
-3704
-3488
-3315
-3224
-2964
-2550
-2186
-1943
-1901
-1964
-1791
-1627
-1500
-1167
-772
-485
-364
-176
-5
3
-15
183
581
972
1360
1574
1517
1512
1614
1710
2031
2421
2593
2545
2710
2709
2529
2595
2672
2671
2676
2698
2587
2468
2367
2121
1921
1947
1914
1872
1994
2117
2088
1987
1901
1889
1880
1949
2124
2253
2347
2449
2481
2439
2355
2311
2374
2430
2462
2432
2338
2156
1903
1767
1689
1586
1504
1374
1220
1094
959
790
640
553
588
918
1286
1427
1232
800
383
395
464
277
418
467
176
-156
-410
-891
-1426
-1884
-2335
-2458
-2467
-2663
-3034
-3412
-3923
-4612
-5052
-5161
-5110
-4883
-4754
-4812
-4873
-5005
-5024
-4694
-4234
-3811
-3516
-3409
-3343
-3191
-2884
-2511
-2221
-2026
-1977
-1900
-1595
-1516
-1577
-1418
-1184
-939
-560
-180
36
-17
-195
-168
130
590
1110
1472
1493
1403
1336
1455
1807
2239
2428
2540
2698
2692
2574
2562
2620
2598
2659
2775
2811
2586
2272
2078
1987
2043
2107
2054
1974
1933
1887
1947
2035
1946
1725
1626
1732
1986
2240
2390
2389
2236
2120
2172
2359
2482
2467
2344
2126
1877
1679
1593
1606
1700
1639
1432
1138
785
531
475
619
620
878
1207
1307
1270
1050
798
711
960
887
774
931
765
353
143
-159
-683
-1123
-1605
-1977
-2056
-2257
-2652
-3058
-3389
-3970
-4595
-4903
-5036
-5015
-4794
-4618
-4598
-4705
-4956
-5034
-4757
-4304
-3858
-3527
-3351
-3296
-3284
-3036
-2657
-2381
-2213
-2136
-1971
-1730
-1597
-1610
-1547
-1417
-1228
-850
-289
8
-109
-227
-226
27
549
1117
1501
1569
1535
1457
1639
2090
2534
2842
3083
3085
2876
2705
2719
2825
2915
3093
3069
2868
2559
2197
2030
2066
2065
1976
1814
1670
1583
1558
1652
1707
1625
1494
1412
1388
1451
1557
1700
1855
1905
1845
1856
1922
1927
1902
1811
1723
1641
1556
1526
1472
1456
1423
1254
1007
749
578
541
615
761
1124
1535
1682
1520
1246
1004
997
1356
1268
1178
1346
1116
686
480
158
-359
-746
-1249
-1598
-1697
-1953
-2423
-2827
-3156
-3785
-4347
-4719
-5027
-5007
-4764
-4722
-4702
-4708
-4898
-4921
-4691
-4365
-4082
-3786
-3595
-3454
-3284
-3029
-2785
-2619
-2502
-2373
-2143
-1891
-1805
-1756
-1681
-1606
-1320
-903
-483
-243
-121
-27
82
364
678
1056
1383
1658
1779
1887
2067
2229
2419
2649
2893
3051
3086
3003
2912
2916
2979
3041
3026
2879
2564
2267
2208
2162
2133
2067
1878
1689
1537
1518
1651
1682
1655
1553
1395
1388
1457
1402
1382
1493
1540
1597
1609
1556
1484
1398
1303
1291
1267
1212
1128
1027
988
990
1081
918
671
580
507
548
740
1140
1601
1865
1826
1596
1349
1295
1538
1594
1601
1773
1611
1138
693
273
-260
-559
-848
-1290
-1691
-2072
-2571
-2954
-3099
-3486
-4048
-4493
-4930
-5112
-4860
-4670
-4583
-4598
-4814
-4925
-4761
-4499
-4228
-3948
-3695
-3519
-3280
-2988
-2821
-2739
-2676
-2601
-2316
-1880
-1670
-1644
-1647
-1646
-1463
-1101
-708
-384
-187
43
325
587
820
1003
1244
1563
1907
2165
2445
2598
2594
2703
2883
3019
3036
3062
3023
2982
3111
3088
2929
2746
2487
2270
2252
2289
2081
1897
1736
1490
1449
1535
1566
1588
1512
1270
1220
1315
1448
1464
1403
1336
1323
1404
1522
1538
1455
1324
1195
1164
1119
1102
1014
995
995
1021
1062
963
791
561
497
527
802
1300
1721
1845
1658
1373
1162
1375
1597
1528
1723
1772
1402
1150
874
252
-210
-466
-927
-1301
-1576
-2011
-2472
-2742
-3092
-3726
-4178
-4579
-4930
-4833
-4588
-4480
-4428
-4525
-4709
-4638
-4403
-4196
-4036
-3902
-3717
-3527
-3182
-2789
-2627
-2624
-2694
-2642
-2352
-2008
-1720
-1541
-1471
-1475
-1405
-1147
-790
-502
-201
50
343
576
749
922
1068
1350
1690
2029
2329
2448
2428
2540
2708
2834
2890
2902
2812
2741
2759
2842
2835
2642
2311
2031
1965
1940
1822
1669
1570
1395
1371
1441
1474
1466
1359
1316
1352
1457
1547
1531
1432
1361
1384
1509
1644
1724
1674
1569
1515
1484
1393
1242
1118
1069
1090
1158
1191
1034
725
397
259
321
704
1294
1632
1676
1477
1151
934
1256
1497
1500
1714
1707
1346
1014
833
377
-17
-302
-798
-1159
-1371
-1785
-2210
-2420
-2789
-3398
-3841
-4280
-4653
-4594
-4382
-4322
-4240
-4331
-4518
-4482
-4303
-4158
-3999
-3759
-3568
-3388
-3096
-2830
-2716
-2680
-2689
-2542
-2252
-1977
-1775
-1594
-1551
-1481
-1335
-1121
-869
-726
-562
-348
39
386
639
812
874
1003
1302
1739
2095
2230
2299
2274
2308
2436
2561
2645
2666
2609
2501
2524
2547
2473
2241
2013
1934
1867
1832
1781
1659
1499
1351
1338
1409
1480
1502
1398
1352
1362
1357
1438
1509
1525
1472
1413
1466
1507
1549
1636
1563
1478
1373
1222
1138
1113
1123
1127
1081
968
828
652
553
560
595
921
1263
1515
1553
1336
1147
1172
1409
1433
1535
1692
1468
1141
881
527
187
-32
-538
-1017
-1231
-1572
-1916
-2144
-2320
-2844
-3360
-3785
-4251
-4352
-4206
-4196
-4095
-3971
-4098
-4133
-4038
-4033
-3963
-3764
-3559
-3292
-2951
-2762
-2729
-2695
-2701
-2676
-2405
-2058
-1907
-1758
-1714
-1636
-1553
-1377
-1155
-1017
-839
-639
-401
-111
243
434
552
638
883
1180
1612
1936
2054
2188
2250
2259
2349
2546
2583
2616
2594
2532
2505
2485
2324
2156
2125
2058
1966
1905
1784
1615
1481
1417
1468
1583
1650
1587
1544
1441
1330
1350
1450
1529
1574
1546
1432
1431
1460
1456
1484
1533
1407
1267
1123
1030
929
906
883
808
769
668
589
460
395
467
786
1141
1364
1299
1111
996
1100
1240
1282
1547
1517
1185
959
730
423
190
-64
-604
-989
-1286
-1718
-1941
-1956
-2261
-2770
-3197
-3751
-4089
-4069
-3995
-3892
-3746
-3793
-3979
-3945
-3878
-3821
-3609
-3483
-3360
-3104
-2901
-2764
-2685
-2670
-2656
-2551
-2235
-2025
-1812
-1619
-1626
-1631
-1507
-1297
-1082
-787
-598
-471
-332
-142
76
316
630
872
1076
1301
1459
1669
1891
2155
2284
2336
2518
2572
2530
2502
2345
2251
2189
2079
2087
2063
1950
1798
1715
1658
1501
1387
1314
1229
1325
1418
1397
1426
1451
1306
1245
1349
1435
1419
1370
1357
1388
1427
1474
1560
1560
1493
1406
1277
1204
1169
1011
937
888
866
817
760
772
674
657
840
1131
1415
1485
1306
1169
1151
1243
1313
1512
1576
1299
1027
804
569
392
126
-420
-903
-1188
-1503
-1615
-1646
-1926
-2440
-3011
-3448
-3786
-3807
-3743
-3775
-3741
-3754
-3866
-3801
-3755
-3735
-3636
-3572
-3399
-3176
-2948
-2863
-2835
-2688
-2676
-2624
-2355
-2162
-2034
-1896
-1813
-1738
-1614
-1458
-1236
-950
-731
-567
-420
-306
-184
55
377
684
1025
1267
1433
1604
1754
1913
2070
2157
2230
2374
2457
2481
2455
2352
2177
2015
1958
1965
1983
1930
1816
1709
1598
1451
1363
1301
1218
1217
1234
1266
1336
1331
1272
1321
1394
1402
1406
1370
1347
1353
1311
1362
1481
1487
1458
1425
1406
1311
1229
1150
1019
1042
972
978
1015
928
804
635
554
715
990
1156
1142
920
725
621
667
687
685
720
577
383
215
-95
-444
-810
-1191
-1456
-1510
-1607
-1769
-1950
-2275
-2623
-2957
-3104
-3280
-3325
-3338
-3391
-3335
-3280
-3330
-3301
-3179
-3121
-3038
-2927
-2812
-2752
-2674
-2584
-2450
-2364
-2325
-2248
-2090
-1880
-1667
-1515
-1459
-1364
-1233
-1086
-866
-621
-536
-493
-305
-91
149
370
524
676
882
1159
1438
1747
1940
1968
2030
2118
2200
2349
2494
2437
2338
2270
2103
2088
2138
2058
1899
1785
1687
1612
1682
1670
1603
1516
1352
1229
1244
1285
1224
1186
1144
1072
1060
1157
1205
1208
1186
1097
1113
1170
1172
1194
1141
1027
946
917
875
793
735
644
619
587
510
456
413
295
283
305
300
280
258
184
134
78
-38
-103
-66
-48
-17
-44
-208
-399
-638
-780
-881
-994
-1103
-1299
-1471
-1600
-1715
-1783
-1855
-2033
-2153
-2174
-2287
-2330
-2274
-2186
-2147
-2101
-2117
-2126
-2134
-2120
-2094
-2030
-1967
-1948
-1980
-1867
-1861
-1890
-1882
-1779
-1476
-1267
-1190
-1469
-1740
-1697
-1372
-891
-368
-71
-64
-381
-574
-615
-168
508
950
1230
1130
911
797
945
1294
1686
1940
2051
1954
1772
1611
1607
1758
1900
2032
1971
1716
1502
1418
1445
1579
1649
1556
1424
1301
1201
1261
1366
1358
1386
1332
1235
1117
1062
1020
952
961
995
1031
1089
1039
856
646
461
409
483
634
692
665
573
381
241
210
214
249
336
316
258
151
156
53
-148
-397
-492
-299
84
340
365
48
-434
-757
-692
-281
478
658
159
-506
-855
-562
-207
124
-58
-678
-1188
-1386
-997
-406
-140
-517
-1615
-2503
-3028
-2731
-2282
-1856
-1880
-2369
-2950
-3725
-4068
-4209
-4095
-3647
-3285
-2871
-2539
-2278
-2036
-1876
-1627
-1519
-1311
-954
-289
624
1652
2446
2800
2599
2215
1942
2091
2464
3007
3356
3180
2839
2361
2694
2976
2870
1986
427
-799
-1226
-610
514
940
897
-456
-1804
-2870
-2976
-2101
-1383
-612
-610
-670
-331
47
699
943
947
673
551
1182
2057
3058
3579
3332
2650
1684
1202
1085
1377
1634
1578
1112
284
-131
-420
-536
-739
-1142
-1546
-1819
-1487
-936
-54
563
680
359
47
-95
1575
4101
6346
6869
5896
4109
2866
2331
3127
4628
5971
5581
3558
1358
-249
-883
-1802
-3048
-4670
-6251
-7193
-7280
-6301
-5170
-5118
-6420
-8523
-9556
-9229
-7643
-5262
-3141
-1540
-889
-772
-399
550
1801
2584
2893
3105
3756
4908
6067
6845
6843
5534
3366
1283
202
186
782
1068
595
-650
-2440
-4012
-4857
-5078
-5167
-5420
-5646
-5397
-4447
-3076
-1745
-896
-954
-1331
-1322
-331
1628
3685
5405
6249
6174
5494
4914
4783
4916
4852
4560
3850
3220
2617
2122
1443
546
-897
-2614
-3905
-4468
-4245
-3656
-3257
-3182
-3442
-3693
-3695
-3283
-2439
-1569
-702
178
1129
2266
3369
4261
4665
4557
4249
4053
4113
4480
4896
4925
4427
3591
2660
1761
1137
521
-124
-747
-1265
-1406
-23
1913
2785
2844
1663
-198
-1440
-1961
-1082
591
2088
2652
1587
396
-614
-1447
-2716
-3814
-5315
-6380
-6527
-6094
-4328
-2761
-2606
-4018
-5530
-6727
-7069
-6222
-4022
-2318
-371
522
1246
1885
3146
3910
3633
2619
1772
1702
2316
3292
4445
5218
4482
2510
-121
-1571
-2622
-3255
-3511
-3459
-3805
-3902
-3789
-3557
-3400
-3323
-3778
-4499
-4446
-3397
-1808
89
2268
3546
3948
3964
4013
3950
4156
4312
4434
4539
4577
4535
4399
4031
3169
1690
-138
-1722
-2848
-3390
-3277
-2923
-2750
-2694
-2747
-2982
-3042
-3022
-2844
-2417
-1615
-372
962
2134
3205
3929
4184
4176
4078
3825
3734
3767
3937
4326
4430
4197
3617
2639
1714
791
-60
-529
-875
-1098
-472
1539
2852
3476
3306
1997
417
-476
-861
185
1659
2761
2739
1993
1390
895
-639
-2263
-3898
-5776
-6868
-6851
-5909
-4336
-3097
-3067
-3873
-5038
-6076
-6563
-6069
-4588
-2764
-1366
-91
1388
2578
3434
4138
4112
3434
2396
1359
1152
1704
2543
2856
2370
1367
67
-1407
-2674
-3460
-4141
-5144
-5922
-6308
-5768
-4598
-3439
-2557
-2129
-2176
-2298
-2080
-1256
166
1631
2795
3725
4628
5423
6066
6252
5921
5173
3967
2830
2233
1985
2149
2198
1635
523
-756
-2184
-3437
-4186
-4422
-4495
-4330
-3781
-3170
-2423
-1422
-604
-196
65
341
852
1497
2231
3144
4044
4677
4929
4905
4681
4485
3828
3084
2499
1997
1440
1082
826
618
360
189
34
799
2483
3398
3849
3717
2784
1715
1131
1085
2023
2916
3650
2965
1689
1038
442
-1060
-2413
-4147
-6054
-7243
-7510
-6788
-5270
-3964
-3775
-4463
-5444
-5958
-5837
-5239
-3948
-2371
-1082
237
1728
3176
4595
5381
4990
3968
2863
1959
1607
1429
1546
1394
575
-342
-1357
-2469
-3330
-4148
-5324
-6300
-7071
-7362
-7023
-5955
-4757
-3420
-2445
-1766
-1129
-293
763
1930
2993
3897
4640
5482
6383
7077
7339
7048
6285
5166
3982
3057
2391
1556
750
-604
-1970
-2822
-3620
-4203
-4401
-4543
-4862
-5232
-5108
-4662
-3896
-2868
-1818
-731
482
1624
2548
3392
4068
4554
4709
4829
4947
5148
5004
4989
4978
4573
3881
2778
1532
538
-445
-1137
-1624
-1818
-1958
-1423
453
2150
3030
3481
2938
1765
1278
1168
1917
3083
3907
3900
2986
2317
2327
1515
169
-1418
-3468
-5416
-6618
-6841
-6183
-4968
-4429
-4771
-5240
-5316
-5105
-4674
-4244
-3570
-2940
-2511
-1463
215
2378
4428
5434
5349
4809
4070
3164
2241
1637
1084
274
-767
-1367
-1682
-1763
-2117
-2977
-4366
-5860
-6824
-7554
-7283
-6475
-5535
-4596
-3794
-2260
-1102
182
2183
2603
3102
3982
4333
4312
5039
6158
6041
5622
6120
5843
4851
4380
3726
1480
-353
-1708
-3397
-4692
-4549
-4288
-4570
-4043
-3640
-3751
-3364
-2889
-2714
-2368
-1591
-846
201
1785
3455
4636
5467
6116
6084
5771
5310
4682
4033
3558
3095
2666
2164
1819
1470
744
-24
-710
-1497
-2171
-2350
-1775
-338
1431
2580
3359
3702
3551
3522
3364
3680
4080
3776
3276
2276
1472
1472
977
-174
-1474
-3109
-4964
-6280
-6866
-6784
-6471
-6526
-6752
-6751
-6357
-5321
-4314
-3392
-2390
-1654
-1317
-553
739
2239
3824
4781
5085
5128
4907
4514
3988
3202
2198
750
-949
-2387
-3215
-3702
-3982
-4452
-5272
-5950
-6485
-6761
-6550
-6091
-5627
-5148
-4533
-3532
-1974
-127
1794
3386
4268
5025
5547
5836
6162
6217
6074
5809
5147
4585
4227
3529
2761
1708
49
-1628
-2923
-4210
-5234
-5665
-5982
-6269
-6188
-5657
-4724
-3399
-2013
-862
-117
503
1139
1700
2453
3531
4492
5293
5891
6362
6733
6772
6353
5601
4460
3237
2081
1173
524
90
-219
-829
-1041
-1227
-1307
-981
-160
1073
1766
2266
2881
2930
3308
3657
3759
4106
3887
3492
2892
2198
1922
1380
41
-1484
-3134
-4766
-5915
-6393
-6534
-6539
-6472
-6637
-6672
-6141
-5293
-4323
-3411
-2642
-1864
-1251
-445
761
2122
3344
4106
4293
4338
4316
4271
3985
3267
2190
795
-942
-2547
-3585
-4221
-4718
-5162
-5686
-6003
-6013
-5919
-5719
-5365
-5020
-4827
-4365
-3389
-1945
-212
1524
3032
4151
4944
5702
6248
6341
6099
5414
4610
3831
3244
2855
2500
1747
711
-540
-2034
-3130
-3984
-4965
-5692
-6267
-6622
-6429
-5642
-4325
-2704
-1203
-144
738
1454
2158
2955
3678
4301
4806
5219
5584
6018
6352
6438
6198
5470
4565
3390
2204
1334
448
-511
-1100
-1581
-1934
-1746
-1319
-596
245
1241
2286
2790
3467
4127
4286
4425
4363
4467
4117
3721
3530
2713
1995
1327
-50
-1528
-2990
-4286
-5404
-6325
-6737
-6996
-7173
-7121
-6951
-6560
-5751
-4690
-3631
-2691
-1484
-504
239
1247
2266
3068
3684
4087
4306
4433
4481
4197
3456
2457
1122
-397
-1993
-3328
-4278
-5055
-5700
-6003
-6187
-6240
-6071
-5988
-5792
-5529
-5027
-4308
-3458
-2234
-840
607
2056
3393
4485
5444
6153
6342
6093
5635
5058
4258
3556
2765
2014
1194
199
-614
-1444
-2342
-3203
-4203
-5159
-5895
-6210
-6073
-5405
-4262
-3115
-1838
-783
260
1445
2284
3095
3747
4224
4502
4718
5229
5725
5882
6079
6119
5565
4826
4077
2998
1909
837
-295
-1054
-1532
-1665
-1469
-1246
-572
110
801
1790
2373
3033
3413
3544
3873
3848
4120
4208
3760
3504
2799
1962
1119
-37
-1234
-2575
-3807
-4888
-5733
-6052
-6131
-6071
-6075
-6104
-5750
-5298
-4523
-3294
-2226
-1185
-181
639
1497
2383
3068
3540
3693
3606
3485
3319
3061
2548
1830
794
-545
-2014
-3321
-4210
-4973
-5505
-5965
-6266
-6240
-6196
-5918
-5458
-5023
-4630
-4261
-3629
-2649
-1507
39
1493
2742
3881
4667
5247
5677
5768
5613
5081
4318
3402
2386
1559
774
52
-704
-1430
-2140
-2922
-3481
-3972
-4546
-4913
-5028
-4810
-4195
-3292
-2109
-898
249
1383
2388
3169
3878
4432
4685
4812
5005
5051
5064
5115
5150
5091
4766
4226
3477
2577
1473
332
-653
-1300
-1757
-1799
-1515
-806
-92
891
2006
2774
3344
3603
3588
3522
3385
3299
3318
3018
2835
2470
1763
1101
372
-585
-1676
-2734
-3565
-4457
-5010
-5232
-5384
-5548
-5558
-5300
-4984
-4315
-3333
-2513
-1704
-773
-13
679
1331
1872
2210
2298
2331
2335
2209
2016
1643
1026
155
-762
-1743
-2683
-3334
-3853
-4458
-4905
-5318
-5445
-5294
-5034
-4631
-4204
-3828
-3375
-2898
-2075
-1019
-7
1115
2029
2714
3332
3824
4179
4423
4390
4037
3406
2700
1929
1270
693
185
-409
-1104
-1676
-2065
-2464
-2720
-2974
-3179
-3252
-3152
-2735
-2071
-1268
-422
383
1006
1573
2208
2849
3492
3892
4146
4209
4108
4041
4042
4052
3988
3870
3425
2787
2117
1605
1114
592
288
227
109
181
514
1077
1738
2299
2774
3142
3234
3215
3088
2768
2550
2238
1583
857
307
-216
-860
-1562
-2203
-2789
-3383
-3884
-4054
-4084
-4177
-4237
-4274
-4172
-3746
-3233
-2560
-1781
-978
-226
380
973
1588
2022
2206
2192
2091
1808
1462
1094
577
42
-650
-1280
-2007
-2815
-3393
-3985
-4574
-4989
-5341
-5419
-5361
-5141
-4702
-4276
-3725
-3109
-2455
-1634
-781
111
867
1590
2335
2952
3503
3830
4015
4041
3740
3311
2827
2195
1503
859
183
-428
-930
-1385
-1793
-2208
-2566
-2765
-2898
-2970
-2712
-2234
-1853
-1332
-661
0
596
1123
1763
2380
2944
3622
4102
4371
4555
4455
4266
4120
3982
3867
3505
3113
2705
2172
1717
1396
1323
1038
817
825
733
946
1250
1576
1834
2072
2174
1977
1751
1609
1388
974
446
-37
-474
-924
-1270
-1592
-1994
-2394
-2786
-3118
-3263
-3179
-3051
-2952
-2845
-2612
-2319
-1940
-1423
-892
-400
-29
271
543
797
1031
1182
1170
1100
931
625
213
-253
-787
-1316
-1894
-2536
-3071
-3499
-3811
-4067
-4301
-4337
-4353
-4253
-3941
-3508
-3026
-2477
-1897
-1429
-864
-224
293
831
1311
1712
2076
2383
2571
2703
2667
2481
2261
1744
1270
847
308
-111
-463
-858
-1205
-1530
-1778
-1958
-2017
-1941
-1789
-1609
-1271
-822
-475
-49
520
1038
1520
2083
2622
3031
3459
3870
4123
4184
4180
4032
3719
3406
3154
2931
2602
2331
2164
1882
1723
1702
1662
1654
1459
1230
1099
852
941
1095
1072
1098
1011
791
491
134
-153
-616
-1151
-1576
-1810
-1863
-1892
-1780
-1682
-1729
-1772
-1795
-1817
-1751
-1680
-1544
-1330
-1096
-732
-363
7
332
581
705
629
538
454
250
-28
-326
-728
-1149
-1636
-2017
-2284
-2551
-2737
-3004
-3344
-3553
-3694
-3843
-3826
-3631
-3465
-3219
-2807
-2273
-1632
-1008
-456
-4
310
533
833
1142
1393
1600
1687
1704
1557
1457
1426
1211
965
652
265
-140
-469
-629
-733
-798
-858
-899
-967
-974
-844
-669
-415
-148
23
277
717
1119
1528
1904
2182
2446
2626
2788
2984
3096
3098
3004
2851
2586
2371
2172
2053
2037
1888
1806
1751
1692
1784
1902
1979
1997
1834
1523
1156
822
592
384
138
-74
-313
-575
-738
-747
-829
-976
-1194
-1487
-1675
-1741
-1713
-1483
-1268
-1041
-818
-638
-324
-45
156
221
261
275
192
202
290
365
396
251
0
-247
-614
-1011
-1394
-1858
-2351
-2839
-3183
-3379
-3436
-3405
-3347
-3310
-3293
-3216
-3014
-2712
-2364
-1977
-1600
-1225
-697
-137
481
1022
1436
1640
1583
1471
1348
1189
983
806
556
324
78
-50
-124
-204
-274
-382
-571
-744
-793
-875
-830
-671
-583
-487
-289
-15
385
765
1161
1541
1840
2073
2312
2523
2641
2658
2573
2388
2188
1992
1764
1592
1473
1307
1119
996
883
910
983
1035
1081
1084
1072
1061
1090
1065
1015
919
737
530
302
166
68
-70
-181
-348
-563
-736
-779
-814
-817
-774
-877
-1001
-1092
-1064
-971
-823
-567
-371
-138
74
319
593
721
747
617
410
115
-124
-290
-424
-520
-635
-787
-914
-984
-1114
-1392
-1730
-2097
-2569
-2948
-3142
-3117
-2962
-2745
-2459
-2171
-1870
-1529
-1064
-691
-353
-49
169
361
546
742
925
1033
970
797
547
305
110
-115
-381
-563
-689
-837
-874
-818
-789
-761
-726
-639
-499
-310
-53
285
572
831
1142
1428
1755
2121
2437
2712
2921
3056
3181
3164
3073
2905
2677
2326
1933
1611
1279
991
711
584
456
304
241
115
-97
-238
-443
-697
-827
-948
-1021
-1076
-1039
-923
-870
-743
-610
-458
-331
-199
-73
-18
-39
-7
18
-16
52
122
195
243
262
287
310
323
316
232
74
-45
-127
-242
-334
-392
-589
-875
-1095
-1273
-1435
-1497
-1473
-1417
-1298
-1127
-919
-713
-548
-479
-574
-800
-1048
-1221
-1328
-1367
-1244
-1040
-801
-589
-291
1
200
366
429
318
128
-12
-224
-402
-506
-585
-696
-836
-874
-841
-830
-778
-657
-494
-284
3
329
576
798
944
1062
1169
1248
1380
1452
1553
1792
1968
2106
2311
2354
2327
2310
2245
2143
2023
1841
1664
1361
998
682
334
49
-235
-513
-806
-1004
-1165
-1307
-1303
-1198
-1002
-838
-681
-542
-446
-300
-155
-46
58
135
139
121
154
230
241
272
344
339
248
161
69
-74
-231
-342
-399
-532
-624
-636
-682
-738
-758
-818
-846
-797
-762
-719
-637
-474
-336
-165
-37
110
171
140
183
163
85
58
-19
-122
-226
-314
-357
-489
-679
-878
-1106
-1352
-1508
-1648
-1730
-1691
-1581
-1368
-1059
-620
-320
-90
91
245
398
538
636
745
829
833
876
883
914
1033
1072
1059
1053
1044
977
887
852
779
618
474
317
219
198
237
365
480
695
913
1129
1341
1496
1598
1611
1560
1443
1235
934
693
410
32
-201
-470
-691
-836
-979
-1056
-1149
-1258
-1374
-1503
-1498
-1454
-1391
-1230
-1027
-780
-533
-244
-3
199
353
449
548
700
813
840
822
749
556
288
77
-158
-377
-588
-763
-855
-921
-1011
-990
-1040
-1152
-1219
-1249
-1191
-1055
-797
-505
-152
191
510
763
956
1155
1308
1280
1254
1117
990
757
536
308
20
-251
-521
-739
-979
-1104
-1220
-1309
-1380
-1334
-1303
-1142
-908
-638
-303
51
409
695
947
1170
1363
1506
1513
1495
1467
1355
1287
1268
1228
1153
1051
887
670
476
283
0
-294
-539
-794
-1025
-1167
-1124
-1017
-886
-708
-556
-310
-79
148
386
541
690
779
756
732
704
599
439
228
52
-126
-209
-243
-279
-321
-387
-508
-606
-682
-761
-834
-905
-914
-871
-793
-610
-477
-353
-241
-150
-91
-54
34
69
145
168
207
213
128
75
-81
-280
-472
-596
-738
-802
-742
-668
-606
-514
-427
-433
-360
-200
-82
72
241
435
549
657
805
940
967
949
888
727
621
562
493
450
427
413
357
267
221
189
111
87
118
100
119
218
357
481
602
747
806
850
911
944
933
850
799
661
530
406
262
94
-135
-288
-499
-702
-835
-905
-1015
-1159
-1267
-1377
-1413
-1372
-1263
-1132
-986
-807
-584
-374
-157
55
184
285
363
405
374
382
329
302
251
166
123
26
-19
-12
-60
-151
-198
-290
-372
-453
-493
-518
-592
-626
-605
-592
-507
-364
-252
-111
-7
43
85
90
124
139
112
114
65
30
-32
-93
-122
-117
-135
-193
-231
-261
-279
-254
-203
-124
-45
33
210
391
575
722
906
1013
1127
1191
1269
1293
1274
1265
1184
1114
1078
998
913
828
705
586
469
379
298
193
36
-79
-192
-275
-302
-272
-238
-239
-170
-153
-142
-108
-116
-108
-119
-147
-229
-354
-411
-500
-571
-622
-645
-660
-734
-743
-789
-893
-986
-1082
-1118
-1135
-1092
-1013
-924
-792
-667
-541
-378
-247
-111
17
97
218
340
394
469
570
551
595
592
563
510
485
480
413
338
196
77
-32
-133
-226
-311
-421
-488
-575
-574
-543
-494
-380
-271
-204
-214
-179
-172
-168
-141
-133
-105
-107
-112
-51
1
110
208
268
289
290
253
197
186
172
225
220
245
285
346
443
513
616
695
703
743
772
772
791
792
767
744
688
641
649
658
660
636
627
524
411
267
104
-7
-162
-267
-371
-512
-561
-547
-523
-509
-520
-492
-477
-467
-511
-496
-487
-560
-617
-657
-663
-651
-654
-631
-566
-487
-411
-335
-226
-189
-198
-232
-290
-297
-254
-190
-81
63
144
226
283
363
445
459
460
467
456
442
462
512
476
460
445
391
356
299
205
137
59
-11
-54
-146
-175
-209
-241
-262
-303
-383
-446
-502
-502
-439
-375
-296
-215
-169
-114
-115
-88
-81
-120
-132
-152
-163
-142
-85
4
84
93
151
146
103
37
-6
16
-3
-23
40
77
144
171
177
184
153
189
170
184
250
281
321
339
347
366
362
347
292
217
175
137
76
61
11
-90
-181
-341
-491
-617
-735
-754
-695
-630
-538
-438
-379
-359
-326
-286
-258
-266
-281
-243
-204
-195
-112
33
147
273
361
412
471
506
467
466
450
470
463
423
440
475
492
532
598
649
685
663
625
589
507
478
457
414
407
368
304
278
245
216
155
122
75
47
-32
-101
-127
-192
-216
-289
-367
-463
-536
-631
-678
-668
-666
-657
-656
-642
-628
-598
-596
-565
-553
-560
-533
-503
-469
-431
-409
-386
-311
-257
-259
-251
-274
-324
-346
-331
-274
-221
-150
-126
-39
-24
14
79
85
109
118
179
206
223
261
275
281
212
197
206
198
183
168
91
18
9
-35
-47
-56
-70
-73
-54
-60
-54
-61
-63
-5
58
104
165
219
189
194
217
220
272
334
419
481
543
623
672
733
810
888
887
886
809
696
641
523
468
462
437
436
437
419
402
355
266
213
160
104
99
55
-8
-37
-80
-124
-162
-186
-180
-212
-289
-292
-343
-342
-357
-419
-449
-498
-572
-627
-684
-745
-789
-808
-826
-816
-776
-768
-758
-741
-732
-726
-689
-662
-637
-598
-532
-517
-448
-378
-312
-291
-235
-148
-152
-101
-97
-134
-152
-158
-155
-158
-119
-90
-54
-13
50
107
131
160
178
204
194
259
311
347
408
442
482
466
441
395
367
346
281
282
253
216
194
175
185
201
175
189
207
186
230
270
299
321
349
390
387
415
452
504
560
601
658
709
743
765
806
786
758
715
614
523
421
315
289
245
158
117
86
66
19
-35
-103
-183
-260
-293
-331
-327
-307
-312
-292
-289
-279
-209
-188
-177
-156
-186
-192
-197
-228
-253
-336
-400
-507
-575
-621
-680
-711
-710
-702
-709
-666
-668
-661
-700
-722
-728
-725
-701
-655
-624
-584
-549
-493
-429
-416
-384
-349
-326
-340
-323
-318
-290
-284
-255
-198
-132
-58
-27
43
65
106
102
110
181
253
326
390
440
426
415
405
381
417
451
460
517
502
468
460
425
412
402
394
398
382
373
391
437
434
478
525
560
591
616
646
655
657
691
731
745
767
732
704
699
668
654
622
544
463
362
275
166
68
2
-51
-97
-129
-148
-202
-236
-263
-295
-296
-291
-305
-317
-289
-238
-242
-243
-222
-205
-211
-189
-153
-135
-157
-249
-292
-354
-466
-536
-586
-673
-716
-790
-834
-878
-933
-925
-973
-1026
-994
-1026
-1045
-995
-980
-928
-876
-796
-717
-642
-524
-462
-388
-287
-197
-137
-115
-99
-90
-105
-97
-67
-43
17
59
105
146
176
203
233
277
335
372
381
397
433
473
474
526
586
611
652
691
690
706
712
729
727
738
754
722
700
695
683
633
620
603
523
487
496
494
502
482
495
510
478
476
498
474
469
496
480
472
444
457
417
410
420
354
318
270
249
207
164
99
61
-4
-48
-88
-161
-188
-210
-244
-324
-362
-364
-383
-411
-382
-384
-430
-437
-464
-515
-524
-513
-525
-571
-601
-621
-745
-853
-915
-1006
-1083
-1154
-1176
-1177
-1178
-1138
-1089
-1050
-985
-955
-920
-895
-847
-836
-833
-817
-724
-621
-534
-389
-261
-201
-162
-114
-104
-30
21
43
52
111
153
190
299
363
404
406
410
417
455
478
524
561
560
591
615
639
669
765
810
859
886
909
926
923
943
878
812
799
715
665
606
544
478
450
445
435
410
414
436
463
498
499
498
490
467
460
507
519
577
608
628
660
658
639
607
550
491
430
369
257
152
90
40
-68
-101
-134
-231
-269
-364
-424
-495
-570
-593
-599
-592
-611
-627
-643
-695
-670
-642
-639
-643
-646
-670
-735
-783
-835
-916
-973
-1007
-1060
-1069
-1087
-1125
-1132
-1152
-1106
-1081
-1074
-1018
-1013
-959
-931
-884
-832
-756
-646
-540
-442
-308
-198
-148
-78
-15
40
114
148
186
203
210
247
280
354
405
465
525
538
540
547
525
494
496
506
493
515
554
613
698
712
732
731
733
734
729
717
667
680
661
674
681
686
681
674
702
698
709
686
663
640
603
652
692
717
748
778
727
693
682
653
647
608
574
534
478
396
325
240
169
79
14
-78
-149
-234
-337
-397
-428
-497
-557
-626
-673
-659
-672
-714
-728
-745
-733
-691
-704
-683
-658
-659
-711
-739
-756
-804
-829
-824
-822
-866
-875
-898
-920
-959
-976
-955
-967
-933
-887
-849
-786
-764
-734
-694
-651
-542
-448
-363
-321
-246
-195
-119
-32
27
97
135
175
166
170
149
174
227
238
292
315
341
347
323
323
300
297
300
315
331
348
360
393
461
489
527
550
602
637
675
751
769
787
810
849
853
854
838
802
797
785
788
761
765
761
737
713
720
733
706
698
683
674
655
587
551
549
532
484
430
318
254
193
105
133
100
-18
-106
-194
-244
-310
-375
-396
-473
-559
-624
-637
-684
-704
-737
-775
-798
-854
-860
-875
-864
-882
-878
-878
-862
-821
-807
-790
-783
-755
-769
-800
-764
-766
-793
-776
-772
-801
-753
-725
-689
-620
-559
-474
-417
-358
-320
-309
-277
-250
-247
-209
-164
-125
-92
-22
48
107
135
165
191
184
212
242
228
265
301
303
310
324
359
370
375
378
417
428
402
407
450
504
558
568
597
635
631
669
681
739
772
784
818
837
859
860
862
856
878
866
824
793
748
702
683
645
620
594
563
487
458
421
351
332
280
254
221
160
122
61
11
-76
-165
-238
-305
-340
-400
-419
-432
-474
-529
-571
-570
-613
-639
-632
-685
-709
-729
-775
-796
-788
-776
-782
-792
-799
-754
-713
-659
-616
-602
-581
-611
-628
-644
-638
-610
-585
-562
-561
-543
-522
-496
-458
-446
-422
-393
-363
-340
-319
-296
-221
-212
-204
-171
-126
-91
-70
-58
2
70
106
128
149
179
170
205
223
256
305
322
341
383
402
418
476
515
555
559
541
532
526
545
555
579
617
667
660
701
725
718
726
698
704
693
693
676
674
696
646
615
561
517
509
469
468
459
403
371
355
327
271
245
242
208
174
89
45
-4
-77
-102
-139
-157
-203
-284
-300
-331
-384
-404
-398
-405
-447
-496
-550
-589
-616
-640
-660
-663
-638
-649
-628
-580
-560
-524
-546
-522
-497
-493
-501
-490
-467
-475
-477
-447
-400
-383
-372
-398
-407
-411
-394
-368
-348
-299
-286
-277
-250
-203
-169
-175
-174
-146
-112
-85
-49
-33
-43
-41
-11
-50
-14
39
39
82
106
109
141
174
215
211
255
276
260
290
285
291
289
306
304
322
355
404
451
481
482
501
520
494
497
498
493
512
526
520
535
516
502
491
475
463
463
458
418
419
404
391
361
352
302
268
270
275
292
246
213
182
124
47
15
-22
-43
-74
-85
-84
-142
-142
-165
-178
-225
-266
-278
-342
-323
-350
-366
-370
-390
-400
-386
-381
-372
-371
-381
-374
-387
-406
-401
-396
-353
-373
-355
-346
-386
-339
-370
-368
-321
-336
-345
-320
-290
-245
-246
-271
-271
-278
-316
-323
-333
-305
-299
-278
-239
-196
-169
-119
-90
-91
-118
-130
-160
-193
-151
-164
-137
-95
-82
-70
-45
-10
10
26
53
108
148
168
169
189
217
224
262
280
273
289
292
287
314
352
392
398
408
409
394
412
409
430
428
393
425
446
477
492
491
465
476
489
463
466
437
389
362
335
336
332
315
301
274
241
229
215
179
180
126
61
85
77
48
37
-14
-37
-64
-100
-95
-121
-151
-155
-171
-222
-191
-182
-216
-246
-232
-269
-287
-246
-261
-240
-255
-290
-316
-310
-323
-324
-320
-300
-308
-310
-338
-374
-376
-386
-376
-397
-413
-440
-458
-455
-456
-474
-468
-534
-539
-521
-535
-487
-452
-425
-413
-400
-405
-381
-356
-351
-306
-275
-248
-220
-154
-120
-89
-51
-4
39
52
83
109
105
157
184
202
240
230
262
273
284
327
312
329
371
371
404
477
518
527
553
555
584
606
605
638
634
611
620
602
598
614
617
586
568
553
525
486
471
465
430
406
376
321
268
253
232
215
216
199
170
148
121
119
92
100
46
-4
-23
-72
-65
-74
-95
-109
-141
-196
-233
-241
-292
-334
-368
-394
-388
-406
-406
-410
-448
-457
-470
-453
-473
-477
-481
-500
-502
-489
-496
-491
-515
-550
-547
-568
-551
-538
-534
-510
-507
-525
-501
-489
-491
-476
-454
-456
-466
-418
-355
-312
-255
-203
-193
-151
-123
-97
-93
-105
-63
-49
-10
8
57
58
79
111
142
171
227
206
186
216
214
240
266
300
333
368
411
454
452
483
483
500
519
580
607
582
581
605
621
608
610
648
627
600
583
544
546
524
503
490
472
443
442
456
443
402
344
291
251
232
223
209
190
152
128
115
85
61
32
-18
-22
-28
-45
-69
-93
-138
-210
-214
-248
-294
-331
-370
-418
-447
-455
-479
-464
-512
-526
-493
-512
-527
-548
-563
-581
-562
-570
-541
-519
-539
-536
-531
-534
-521
-523
-531
-514
-521
-520
-519
-502
-451
-459
-430
-387
-394
-352
-291
-288
-279
-258
-257
-238
-191
-146
-72
-3
2
8
43
87
118
142
167
204
236
234
267
311
319
359
377
410
428
423
463
472
476
499
527
549
533
576
600
576
604
630
623
682
690
662
662
620
588
565
540
532
508
456
445
386
369
327
279
290
260
231
218
180
153
124
85
41
4
-19
-67
-91
-132
-168
-206
-235
-217
-250
-252
-257
-311
-315
-344
-407
-393
-408
-420
-438
-435
-450
-441
-472
-504
-521
-545
-557
-544
-483
-479
-440
-414
-403
-395
-378
-362
-359
-350
-381
-406
-397
-377
-354
-338
-314
-279
-288
-309
-289
-304
-324
-302
-291
-262
-249
-244
-189
-149
-148
-125
-68
-55
1
32
70
97
125
127
151
210
248
271
281
342
361
385
422
449
448
464
463
455
474
478
493
483
494
504
535
553
566
572
578
553
573
559
549
562
526
505
498
475
427
419
372
327
302
252
219
183
149
87
40
-2
-19
-25
-53
-89
-128
-176
-209
-220
-233
-226
-247
-266
-267
-276
-306
-323
-310
-328
-324
-329
-372
-409
-403
-410
-439
-413
-391
-417
-408
-376
-374
-413
-386
-378
-380
-316
-322
-365
-376
-340
-307
-336
-296
-227
-254
-203
-228
-193
-181
-218
-196
-202
-205
-173
-180
-168
-140
-143
-137
-185
-179
-140
-120
-113
-47
-6
18
37
24
85
125
164
186
217
278
307
305
322
344
334
310
340
362
370
368
384
386
417
436
439
447
460
470
448
433
415
442
402
424
445
425
421
425
400
400
391
313
329
335
310
287
256
234
186
134
89
72
25
-9
-40
-94
-122
-144
-151
-146
-146
-194
-219
-216
-281
-274
-253
-296
-283
-292
-296
-307
-325
-364
-388
-427
-441
-462
-444
-436
-426
-390
-332
-302
-309
-292
-300
-278
-260
-258
-226
-179
-151
-188
-205
-222
-257
-243
-200
-159
-122
-94
-75
-78
-100
-111
-134
-125
-118
-114
-101
-73
-68
-79
-54
-68
-95
-99
-112
-103
-100
-72
-16
-2
18
36
39
60
93
99
111
133
148
157
137
131
166
155
160
204
239
225
271
299
309
342
338
315
298
306
314
301
317
377
388
397
398
359
344
351
375
386
399
407
383
371
367
312
250
244
241
220
224
168
130
89
1
-13
-45
-75
-79
-101
-114
-94
-110
-118
-143
-132
-143
-153
-112
-121
-142
-151
-227
-245
-263
-322
-303
-292
-275
-295
-283
-282
-276
-267
-296
-284
-252
-253
-231
-217
-199
-201
-197
-214
-252
-276
-293
-267
-252
-215
-180
-175
-177
-141
-142
-144
-128
-134
-167
-172
-169
-144
-116
-122
-96
-106
-96
-53
-33
-43
-37
-29
-21
1
18
30
5
19
2
19
66
66
91
96
115
135
141
173
177
203
236
249
272
286
289
248
239
267
287
286
274
288
267
254
229
186
225
221
206
215
227
232
234
240
229
222
193
193
163
147
153
114
60
50
53
37
-2
-15
-15
-5
17
32
35
12
-20
-70
-78
-74
-90
-75
-94
-106
-139
-151
-166
-174
-157
-144
-156
-136
-153
-173
-167
-161
-143
-146
-157
-165
-154
-159
-175
-170
-179
-189
-200
-224
-212
-203
-200
-157
-180
-172
-164
-166
-162
-170
-158
-165
-166
-201
-203
-163
-137
-113
-99
-80
-52
-72
-99
-73
-51
-72
-56
-24
-1
15
6
9
31
31
47
85
76
89
83
105
122
120
119
142
173
176
215
210
220
234
235
237
236
236
256
263
256
275
238
239
259
235
230
236
222
210
228
226
227
196
167
171
156
171
129
115
138
117
88
80
73
66
49
36
24
0
-35
-64
-42
-65
-39
-59
-101
-126
-123
-121
-149
-154
-158
-160
-169
-180
-185
-197
-190
-170
-168
-183
-181
-199
-204
-212
-207
-151
-178
-175
-154
-161
-153
-161
-171
-161
-137
-165
-177
-180
-175
-203
-199
-186
-200
-203
-189
-158
-151
-132
-111
-110
-122
-117
-104
-89
-66
-43
-44
-28
-26
-30
-34
7
32
47
69
50
55
82
85
49
85
97
117
164
159
176
215
232
186
227
221
182
188
196
211
203
196
206
205
214
222
229
220
198
235
191
173
216
217
184
173
182
164
131
120
145
152
125
116
149
138
118
105
64
50
47
40
17
19
-14
-57
-83
-57
-48
-44
-69
-94
-110
-99
-100
-114
-87
-108
-124
-120
-127
-132
-130
-146
-122
-161
-160
-140
-174
-177
-202
-204
-231
-240
-227
-231
-249
-259
-212
-226
-232
-252
-225
-233
-247
-216
-215
-234
-194
-157
-158
-110
-102
-98
-81
-82
-51
-45
-49
-2
10
-3
30
43
56
49
64
79
82
119
123
125
162
168
140
119
121
137
102
84
70
95
106
98
118
150
164
168
196
226
218
211
217
224
213
193
192
188
162
133
125
116
114
120
112
134
127
102
77
64
72
67
73
54
30
27
22
12
28
20
14
18
20
28
23
-6
-19
-20
-23
-36
-37
-37
-51
-51
-55
-60
-68
-67
-88
-113
-92
-95
-121
-126
-123
-87
-76
-73
-91
-104
-109
-107
-107
-97
-128
-116
-121
-128
-107
-124
-132
-164
-119
-114
-125
-123
-122
-139
-141
-128
-148
-153
-138
-112
-101
-70
-96
-91
-86
-85
-67
-43
-29
-18
2
5
30
12
-25
-21
-16
-14
14
15
21
36
9
15
21
21
17
11
66
66
82
94
81
92
94
108
114
140
162
164
185
211
219
201
186
199
180
162
172
126
134
107
103
103
96
79
73
83
85
102
53
47
76
73
102
101
48
53
53
45
54
81
81
48
38
14
41
29
-4
13
5
-6
-14
-18
-40
-44
-32
-51
-84
-80
-98
-98
-118
-114
-78
-94
-98
-110
-125
-123
-143
-149
-131
-117
-121
-138
-121
-106
-92
-96
-107
-117
-130
-120
-105
-91
-67
-85
-84
-83
-78
-73
-97
-85
-82
-81
-82
-70
-31
-36
-47
-33
-22
-18
-10
-35
-37
-71
-68
-44
-47
4
13
7
12
-3
25
24
26
33
35
40
72
75
78
55
51
85
87
71
101
115
108
92
81
116
83
80
99
67
49
44
72
66
80
107
97
102
99
87
98
89
60
64
46
66
77
65
62
50
52
44
26
30
32
11
31
7
15
10
-10
-17
-32
-22
-36
-63
-58
-53
-71
-66
-34
-36
-62
-45
-15
-21
-15
1
4
-12
-18
-22
-33
-38
-36
-19
-26
-13
-44
-50
-54
-48
-14
-10
6
5
13
13
9
-37
-33
-37
-38
-34
-26
-7
-24
10
14
-6
0
-18
-33
-43
-31
-23
-19
-10
-23
-36
-48
-52
-70
-62
-51
-64
-45
-42
-59
-56
-46
-55
-57
-39
-37
-26
-12
-24
-20
-27
-2
-4
12
20
21
36
40
22
15
31
-5
1
-3
-32
-24
-14
-15
-4
7
45
58
68
64
61
67
59
73
78
82
83
94
76
89
95
93
106
89
103
93
88
92
69
46
48
52
47
51
54
49
36
51
57
53
52
35
44
0
2
22
17
-33
-49
-53
-74
-46
-55
-59
-38
-35
-37
-23
-27
-24
-67
-72
-66
-68
-66
-57
-76
-58
-68
-96
-80
-81
-97
-95
-81
-98
-86
-97
-81
-61
-94
-91
-66
-63
-58
-62
-71
-68
-60
-87
-70
-45
-61
-51
-54
-47
-24
-16
1
27
32
24
37
65
82
76
94
72
49
50
36
40
34
47
39
26
37
40
52
51
72
69
73
64
73
59
46
56
52
44
31
24
-1
16
30
28
37
46
39
19
52
60
51
59
65
66
54
47
51
40
36
25
12
-6
-13
-21
-21
-26
-15
-29
-34
-35
1
4
-10
26
23
31
39
25
7
6
-20
-35
-33
-37
-55
-50
-54
-51
-35
-40
-17
-14
-19
-45
-56
-54
-63
-56
-55
-48
-50
-41
-30
-34
-20
-14
-26
-9
-16
-19
-21
-22
-35
-48
-48
-45
-35
-20
-25
-23
-5
-5
-9
-16
-21
-23
-18
-25
-19
-12
-3
-10
5
7
16
47
51
48
26
17
35
23
15
14
20
19
12
43
47
39
35
26
29
21
19
31
29
15
15
31
34
42
33
26
24
35
44
43
46
46
47
34
30
18
36
41
30
29
25
11
6
0
-13
-13
-11
-13
-28
-11
-22
-45
-42
-45
-62
-42
-36
-18
-11
-8
6
-13
-21
-12
2
-16
-19
-21
-37
-25
-18
-23
-34
-49
-49
-60
-55
-56
-61
-48
-29
-23
-10
-4
-4
-15
-42
-32
-11
0
-13
-23
-29
-13
-11
1
12
0
0
1
8
25
56
56
64
53
47
43
33
22
24
10
20
15
12
33
5
-1
5
-2
7
10
17
17
6
17
18
13
21
26
16
22
5
16
23
23
8
9
24
19
12
20
19
9
9
1
0
-4
4
2
11
3
-12
-9
-2
-1
-5
-2
3
-5
-13
-10
-9
0
-17
-25
-23
-19
-11
5
-6
-14
-10
-6
-17
-30
-29
-34
-21
-14
-16
-23
-28
-23
-23
-18
-2
8
11
0
-20
-15
-8
-22
-19
-11
-10
0
0
-5
13
4
11
23
23
19
14
10
-2
9
0
1
19
10
31
53
31
18
26
24
25
23
15
9
8
15
16
14
18
1
-1
-1
-13
13
-6
-10
-21
-34
-33
-16
-19
-10
-27
-33
-30
-34
-29
-34
-15
-5
-15
-4
1
-2
6
-2
3
2
4
4
4
10
17
14
10
16
10
0
-9
-25
-33
-35
-38
-26
-12
-10
-9
-16
-21
-22
-22
-18
-9
1
9
19
21
29
22
23
18
18
13
14
6
2
12
22
24
22
29
27
14
2
1
-12
1
6
1
6
2
-1
-2
-13
-12
-4
-15
-11
8
8
6
16
11
9
28
24
35
44
34
45
26
9
25
27
24
15
20
4
-3
5
-8
-13
-9
-16
-25
-12
-11
2
-3
-17
-8
-4
4
12
15
7
-7
-13
-24
-35
-32
-35
-31
-15
-29
-39
-42
-38
-26
-34
-26
-28
-33
-29
-8
-10
-15
-10
-6
-4
-11
-13
-16
-19
-9
-3
19
30
30
30
28
38
31
9
5
24
15
11
9
-10
-18
-22
-14
-6
4
9
-5
-1
-1
-5
3
13
5
7
-1
-7
-1
-4
1
-3
-5
0
4
16
16
11
29
28
18
29
41
28
23
20
14
20
17
16
6
0
2
24
22
19
18
19
11
20
30
33
40
21
11
11
-3
-11
-9
-6
-11
-2
-2
-19
-22
-37
-41
-41
-22
-13
-20
-16
-20
-25
-35
-28
-21
-32
-27
-23
-30
-20
-25
-32
-36
-50
-44
-47
-43
-29
-33
-30
-23
-20
-16
-19
-6
-17
-31
-14
-12
-21
-15
-9
-11
-14
-12
9
16
13
16
19
20
18
19
18
27
26
25
22
20
33
38
33
34
41
36
37
40
35
26
29
33
36
44
45
42
38
40
31
34
40
36
40
44
34
23
12
12
13
11
8
11
6
4
3
-4
-9
-16
-21
-9
-2
-5
-1
-4
-1
-4
-9
-9
-20
-12
-10
-13
-11
-11
-10
-11
-16
-16
-18
-26
-12
-16
-14
-17
-18
-15
-23
-22
-24
-31
-32
-37
-40
-41
-56
-54
-63
-45
-35
-37
-28
-36
-50
-42
-30
-35
-37
-38
-29
-25
-9
-4
-9
-6
-3
-7
-2
-3
7
5
-7
2
14
7
19
19
6
16
17
8
3
17
22
16
22
22
16
26
29
25
30
33
25
30
30
21
17
20
18
11
19
14
15
20
24
18
16
14
9
19
25
20
25
31
24
8
14
19
16
11
16
15
12
18
11
9
-1
7
3
4
3
5
-3
-6
3
-1
4
7
10
5
10
14
3
7
7
2
-1
-4
-8
-9
-16
-15
-10
-11
-11
-2
-8
-7
-11
-10
-1
-5
-8
-4
-5
-6
-8
-14
-24
-27
-34
-31
-26
-32
-24
-29
-27
-17
-23
-20
-21
-28
-25
-22
-16
-11
-19
-13
-14
-14
-9
-15
-13
-12
-5
-5
