-1
0
3
3
4
0
0
-1
-1
1
3
2
1
1
2
3
4
5
5
3
0
-1
1
2
0
2
1
0
1
3
3
2
4
1
0
1
2
1
-1
0
-1
-3
-1
-1
0
0
-2
-2
-2
-3
-2
-1
-1
-2
-3
-3
-1
-3
-2
-4
-2
-2
-5
-3
-3
-2
0
3
1
-1
-2
-4
-2
1
2
1
0
-1
-2
1
1
1
2
-3
-2
-1
0
1
3
3
2
1
2
2
1
2
2
1
1
2
-1
-3
-2
0
1
1
1
-1
1
0
-2
-2
-2
-3
0
0
1
1
0
-1
0
-1
-1
0
0
0
0
1
1
1
1
1
0
0
1
0
-1
1
1
3
3
2
3
2
1
0
0
2
0
-1
-1
-2
-1
0
0
0
0
1
1
2
2
1
1
0
1
3
1
0
3
4
2
2
3
1
-2
-1
-2
-2
-2
-1
0
1
1
2
2
1
2
2
1
3
0
-2
-1
-1
-1
0
1
2
-1
-1
-1
-1
0
-2
-1
-2
-4
-4
-1
-1
0
1
-2
0
-1
-2
-3
-2
-1
-4
-4
-2
-2
-3
-2
-2
-2
-2
-4
-2
-2
-3
-4
-3
-4
-2
-1
-3
-3
-4
-4
-2
-1
-1
-2
-6
-4
-3
-1
1
2
2
-1
-1
-1
-1
2
0
0
1
1
2
1
2
1
2
3
4
4
3
3
2
3
4
3
3
3
1
3
4
3
5
5
3
4
4
3
3
4
3
1
0
0
1
1
0
1
0
0
0
-1
-1
-3
1
-1
1
0
-1
-1
-1
-3
-1
1
0
2
2
2
2
0
-1
-2
-2
-4
-1
0
-1
0
0
-2
0
-2
-3
0
0
0
1
1
0
1
0
0
2
-1
0
0
-1
-2
-1
-1
-1
2
2
4
1
0
2
1
2
2
1
0
0
-3
-3
-2
-5
-2
-3
-2
-2
2
0
-1
0
-3
-1
1
2
1
0
-1
-2
-1
0
0
-1
-1
-1
-1
0
2
2
0
0
0
-2
-3
0
-1
-2
-3
-3
-2
-2
-1
-1
0
-1
-1
2
2
2
3
1
2
3
2
3
1
0
-1
-2
1
0
2
1
0
1
0
1
1
0
-2
-2
-3
-1
-1
1
1
1
-1
-1
-2
0
0
1
0
2
2
2
1
1
3
2
0
1
0
0
-1
0
1
0
1
0
1
-1
-3
-1
0
1
2
1
0
-1
-1
-1
0
0
0
0
-3
-2
-1
0
-2
-2
-2
-2
-3
-2
-2
-3
-2
-5
-2
-2
-2
-1
-3
-1
-1
-1
-1
-1
-1
-1
-1
-3
-1
-2
-2
2
3
3
6
5
3
4
3
4
5
4
5
4
3
1
4
4
3
3
1
3
3
3
4
1
0
-1
-2
1
3
1
1
0
1
-1
1
1
-1
0
-2
-3
-1
-2
0
-1
-3
-2
-2
-4
-4
-3
-5
-6
-5
-4
-2
-3
-3
-4
-4
-3
-3
-2
-4
-3
-4
-5
-2
-1
-1
-1
1
1
1
2
1
1
-1
-1
0
1
1
2
3
3
3
4
3
2
4
2
3
4
4
5
5
5
5
7
7
4
6
4
3
5
5
6
6
6
5
4
5
5
4
5
5
4
4
0
3
1
0
1
0
1
1
-1
-1
0
-2
-2
-4
-4
-6
-7
-6
-7
-5
-5
-7
-6
-6
-7
-7
-8
-6
-5
-6
-6
-5
-6
-4
-5
-6
-4
-8
-9
-8
-9
-7
-6
-7
-7
-7
-10
-10
-7
-7
-9
-8
-7
-8
-7
-7
-5
-6
-6
-4
-3
-5
-3
-3
-4
-3
-2
0
-2
-2
0
0
1
2
2
2
1
2
2
4
4
5
6
7
10
8
10
10
12
11
12
15
14
17
15
16
16
16
17
17
19
20
19
18
20
20
20
21
19
18
17
17
16
16
17
16
16
16
14
13
14
11
11
10
7
4
3
3
3
0
-2
-4
-4
-5
-5
-3
-5
-8
-9
-12
-12
-11
-12
-13
-16
-18
-17
-18
-17
-17
-18
-18
-19
-21
-22
-24
-27
-26
-25
-23
-23
-24
-27
-28
-29
-27
-25
-26
-25
-24
-25
-23
-23
-23
-23
-21
-19
-17
-18
-17
-18
-18
-15
-12
-11
-9
-8
-8
-6
-4
-2
0
2
3
4
5
5
6
6
6
8
10
9
11
12
15
19
20
22
25
27
28
31
32
35
36
36
37
37
36
37
39
37
39
39
40
40
40
40
40
38
38
37
36
36
35
34
32
27
27
27
25
24
21
18
15
13
11
10
9
7
3
1
-3
-6
-7
-13
-16
-18
-23
-26
-30
-34
-38
-42
-45
-51
-55
-57
-62
-64
-69
-71
-70
-71
-69
-67
-64
-65
-64
-60
-58
-57
-54
-52
-47
-44
-41
-37
-36
-34
-35
-32
-30
-28
-26
-23
-20
-16
-14
-10
-7
-4
-1
0
3
6
10
11
14
18
21
26
32
33
37
42
43
48
52
54
55
59
57
59
58
62
65
65
69
70
70
71
72
72
72
73
75
74
77
77
76
74
70
66
63
61
61
58
58
54
51
50
46
40
37
32
26
21
17
10
5
-3
-10
-17
-22
-28
-34
-40
-51
-59
-68
-78
-89
-96
-101
-111
-115
-119
-123
-128
-129
-131
-131
-127
-128
-125
-119
-116
-112
-106
-100
-97
-91
-84
-81
-73
-70
-66
-59
-55
-51
-50
-46
-41
-39
-32
-28
-23
-15
-13
-10
-4
2
4
10
15
21
26
31
37
47
51
57
62
66
70
73
79
83
86
93
98
102
105
109
111
112
115
118
118
116
116
114
112
115
113
112
112
108
109
109
108
110
111
110
107
106
107
106
104
99
96
93
90
88
83
77
67
56
46
35
24
12
2
-12
-28
-41
-56
-63
-74
-81
-91
-104
-119
-134
-145
-157
-164
-176
-189
-200
-212
-216
-218
-219
-222
-225
-226
-222
-217
-207
-195
-185
-175
-164
-152
-142
-130
-116
-108
-102
-93
-85
-80
-72
-70
-66
-61
-56
-50
-46
-40
-31
-24
-16
-4
4
16
20
24
35
42
50
61
71
78
89
92
101
106
115
125
130
139
148
152
159
167
163
156
152
155
154
155
156
156
155
155
158
159
159
156
158
159
160
158
153
145
141
134
130
127
122
114
108
104
100
100
95
92
89
84
88
88
89
93
91
90
81
69
56
44
21
5
-9
-26
-43
-64
-90
-114
-137
-155
-165
-170
-182
-187
-194
-202
-214
-225
-240
-254
-265
-276
-282
-283
-280
-281
-278
-274
-275
-273
-264
-255
-241
-223
-203
-187
-168
-155
-146
-133
-115
-109
-101
-95
-91
-91
-91
-88
-81
-74
-71
-68
-67
-59
-46
-34
-18
-1
14
26
32
46
60
69
81
91
107
118
134
147
158
165
165
167
164
168
182
196
205
217
224
230
235
238
242
242
241
236
222
223
220
216
221
214
212
207
209
206
205
202
196
182
179
172
161
153
145
142
133
122
114
102
91
78
70
64
53
50
43
41
40
43
56
66
80
82
77
57
35
11
-13
-41
-60
-85
-111
-144
-176
-212
-252
-275
-299
-313
-314
-325
-332
-349
-364
-372
-382
-387
-398
-400
-398
-396
-386
-383
-373
-368
-360
-345
-326
-307
-282
-253
-226
-202
-174
-151
-129
-115
-108
-98
-94
-85
-80
-79
-75
-68
-74
-68
-64
-53
-32
-12
11
32
49
75
103
127
154
178
195
207
224
235
253
268
276
282
285
285
291
291
291
297
295
296
292
290
284
285
287
291
285
274
262
255
255
253
255
253
244
241
237
230
226
225
226
213
214
202
194
193
185
179
168
151
125
113
95
77
62
45
29
8
-2
-7
-7
2
15
27
37
42
57
78
90
87
71
46
5
-35
-65
-91
-117
-163
-222
-297
-361
-420
-465
-500
-522
-533
-550
-560
-576
-602
-619
-632
-641
-638
-620
-602
-581
-543
-502
-462
-420
-374
-331
-296
-262
-214
-162
-120
-81
-66
-56
-49
-37
-18
3
10
15
11
-13
-17
-18
-13
-10
-8
-8
5
28
61
99
122
149
170
191
231
272
305
336
359
375
381
380
393
404
395
383
370
360
341
327
330
335
328
326
325
308
303
312
317
329
341
316
309
298
309
318
316
310
284
275
265
276
295
310
310
295
275
250
231
224
207
184
152
105
55
14
-16
-35
-70
-95
-122
-153
-167
-155
-165
-170
-175
-162
-148
-110
-59
-6
22
24
0
-66
-115
-157
-180
-196
-210
-253
-321
-393
-476
-564
-638
-690
-741
-796
-819
-845
-873
-865
-842
-819
-797
-777
-737
-688
-620
-525
-420
-323
-239
-175
-99
-19
55
106
145
180
198
230
247
257
263
236
194
155
105
51
-3
-31
-53
-49
-46
-43
-25
-7
29
76
121
170
223
280
361
430
511
570
601
619
622
634
645
667
649
641
614
571
537
510
489
434
375
318
275
241
222
193
174
163
128
129
142
160
171
189
204
196
222
223
235
259
277
286
278
268
218
165
120
64
32
4
-57
-105
-147
-199
-234
-263
-276
-281
-291
-315
-334
-338
-341
-302
-256
-202
-138
-87
-37
-5
31
27
11
-16
-60
-63
-75
-105
-164
-254
-371
-502
-632
-751
-840
-901
-937
-970
-996
-1027
-1035
-1050
-1039
-1002
-955
-881
-794
-694
-540
-372
-219
-78
31
104
157
233
303
368
452
534
564
582
527
469
382
295
202
137
85
50
34
25
4
-35
-76
-133
-152
-128
-64
28
162
300
407
492
577
642
704
779
868
923
980
1006
1022
1013
992
935
852
747
629
497
403
335
246
170
63
-55
-158
-223
-264
-249
-215
-174
-168
-131
-95
-48
49
129
198
268
318
347
359
386
402
402
369
335
269
228
178
99
52
-34
-141
-240
-293
-398
-441
-482
-514
-497
-430
-323
-200
-38
33
78
70
41
-43
-46
-15
53
59
-9
-174
-420
-647
-871
-993
-1065
-1114
-1158
-1238
-1330
-1448
-1536
-1584
-1587
-1535
-1424
-1277
-1084
-834
-574
-370
-227
-109
-33
66
209
419
614
841
888
854
744
601
455
408
401
338
342
266
121
-28
-135
-285
-349
-351
-367
-292
-192
-59
18
116
191
247
393
609
864
1110
1368
1468
1466
1484
1455
1418
1446
1491
1423
1305
1153
923
710
532
330
154
39
-127
-269
-349
-375
-388
-429
-430
-447
-427
-292
-145
37
230
374
414
436
502
579
687
828
889
916
845
714
577
407
315
199
105
-33
-205
-424
-564
-713
-798
-824
-742
-608
-443
-272
-254
-343
-423
-475
-439
-257
-40
63
23
-196
-557
-942
-1199
-1289
-1244
-1170
-1142
-1260
-1492
-1755
-1975
-2052
-2023
-1858
-1671
-1486
-1358
-1206
-1018
-813
-593
-377
-108
158
408
657
819
943
999
896
811
765
772
755
803
723
528
294
29
-246
-402
-426
-454
-435
-419
-434
-418
-356
-284
-169
43
269
517
848
1136
1361
1560
1697
1734
1792
1906
2020
2096
2143
2036
1808
1563
1309
1070
898
714
476
232
-4
-233
-402
-503
-580
-647
-669
-678
-653
-519
-305
-117
60
194
282
404
617
799
937
1082
1163
1057
969
914
811
720
630
474
277
52
-186
-398
-635
-790
-1007
-1023
-969
-703
-431
-315
-451
-693
-946
-962
-769
-358
33
116
-199
-910
-1546
-1964
-1979
-1668
-1271
-1110
-1267
-1728
-2282
-2619
-2629
-2366
-2005
-1593
-1385
-1304
-1299
-1267
-1027
-698
-313
39
410
681
851
948
956
912
932
903
898
943
860
691
404
76
-210
-359
-384
-455
-498
-634
-873
-1038
-1067
-959
-667
-282
36
215
385
564
747
1157
1664
2086
2407
2609
2640
2644
2694
2731
2759
2745
2641
2380
2107
1775
1471
1198
885
613
311
49
-121
-226
-256
-317
-470
-581
-563
-436
-142
199
474
566
644
697
762
1040
1303
1579
1632
1560
1339
1138
860
714
576
417
206
-9
-355
-710
-1033
-1405
-1644
-1782
-1747
-1601
-1174
-803
-705
-904
-1288
-1609
-1609
-1143
-538
-81
-71
-676
-1588
-2409
-2776
-2662
-2236
-1795
-1762
-2134
-2756
-3373
-3652
-3489
-3011
-2530
-2148
-2017
-1999
-2058
-1799
-1343
-791
-165
393
806
1054
1219
1246
1265
1407
1512
1503
1580
1476
1193
827
373
-7
-168
-213
-294
-385
-550
-870
-1175
-1205
-968
-618
-207
149
286
384
545
760
1218
1872
2425
2798
3007
3102
3073
3056
3149
3205
3194
3147
2947
2623
2295
1920
1461
1077
824
552
354
240
24
-216
-427
-599
-679
-584
-336
-33
304
593
833
890
1037
1199
1417
1684
1909
2034
1995
1870
1670
1372
1137
918
638
353
35
-319
-673
-944
-1303
-1621
-1781
-1726
-1464
-1103
-790
-894
-1161
-1623
-1785
-1468
-940
-399
-245
-636
-1403
-2242
-2759
-2729
-2483
-2229
-2252
-2607
-3197
-3704
-3838
-3653
-3316
-2991
-2882
-2857
-2750
-2526
-2161
-1774
-1250
-829
-413
12
434
739
998
1078
1117
1162
1465
1664
1643
1460
962
392
-57
-166
-161
34
-39
-439
-944
-1309
-1454
-1295
-752
-246
-46
-4
-21
39
379
1035
1692
2226
2666
2794
2827
2923
3055
3150
3227
3215
3047
2849
2608
2318
1895
1559
1153
722
467
313
233
86
48
-103
-263
-254
-171
16
315
567
767
1031
1282
1527
1709
1932
2053
2201
2465
2629
2707
2703
2363
1930
1547
1253
1079
816
572
198
-226
-686
-1147
-1433
-1554
-1426
-1123
-606
-352
-571
-1098
-1541
-1624
-1324
-713
-284
-267
-819
-1766
-2659
-3099
-2970
-2619
-2396
-2519
-3119
-3889
-4382
-4438
-4070
-3559
-3256
-3165
-3255
-3265
-3108
-2704
-2157
-1556
-1005
-545
-129
205
486
656
727
771
890
1173
1387
1347
1044
525
-44
-435
-485
-327
-262
-429
-873
-1410
-1694
-1644
-1277
-731
-333
-164
-204
-117
139
633
1358
1953
2314
2557
2715
2837
3049
3290
3451
3383
3210
2960
2684
2539
2360
2044
1636
1183
702
363
212
166
61
23
-54
-158
-117
-16
220
515
932
1234
1533
1792
2089
2330
2527
2723
2782
2936
3008
3040
3024
2800
2374
1874
1432
1131
957
776
586
90
-397
-976
-1098
-812
-179
418
429
-241
-1082
-1490
-1253
-418
255
339
-413
-1529
-2662
-3229
-3007
-2416
-2084
-2360
-3184
-4227
-4880
-4898
-4425
-3836
-3494
-3692
-4062
-4187
-4034
-3555
-2874
-2340
-2054
-1822
-1381
-846
-268
153
253
161
129
327
687
1087
1239
846
137
-449
-785
-781
-476
-316
-624
-1218
-1792
-2098
-1924
-1331
-824
-557
-411
-453
-330
159
895
1585
2115
2415
2539
2648
2942
3368
3663
3908
3768
3370
2967
2755
2623
2611
2538
2185
1693
1107
662
361
358
439
476
373
298
181
136
267
509
856
1287
1680
1907
2090
2154
2210
2369
2622
2879
3160
3285
3148
2764
2371
1909
1671
1560
1466
1192
737
132
-453
-827
-1050
-906
-636
-150
111
86
-525
-1106
-1300
-1075
-437
125
136
-523
-1509
-2543
-3042
-2993
-2607
-2349
-2462
-3024
-3959
-4686
-4881
-4550
-4017
-3616
-3636
-3858
-4069
-4046
-3753
-3311
-2718
-2294
-1743
-1178
-790
-585
-551
-483
-364
-74
335
647
694
485
-101
-643
-871
-837
-594
-379
-478
-972
-1556
-1872
-1784
-1299
-765
-437
-351
-390
-341
-46
578
1214
1744
2074
2275
2418
2647
3076
3530
3837
3908
3740
3397
3139
3008
2966
2884
2712
2332
1804
1376
991
804
764
845
869
805
730
568
521
659
1009
1418
1861
2040
2138
2147
2224
2390
2658
2896
3031
2993
2774
2433
2059
1760
1599
1525
1337
1044
600
162
-260
-579
-755
-895
-828
-512
-108
140
-23
-658
-1185
-1319
-802
-50
412
120
-796
-1938
-2733
-2883
-2560
-2159
-2225
-2676
-3566
-4377
-4831
-4771
-4390
-3954
-3744
-4033
-4380
-4591
-4437
-3952
-3294
-2750
-2483
-2131
-1764
-1320
-972
-826
-801
-634
-301
83
362
267
19
-438
-677
-659
-558
-492
-581
-841
-1237
-1525
-1569
-1351
-921
-496
-323
-382
-407
-264
186
867
1543
1926
2103
2252
2475
2916
3399
3786
3968
3935
3765
3552
3404
3326
3252
3130
2965
2636
2260
1885
1593
1466
1406
1431
1397
1278
1137
1007
968
1094
1322
1616
1961
2099
2127
2121
2075
2155
2356
2546
2665
2688
2533
2254
1918
1554
1307
1185
1134
1006
638
155
-451
-956
-1132
-1053
-849
-631
-595
-574
-592
-611
-682
-787
-815
-714
-493
-261
-380
-914
-1593
-2291
-2638
-2501
-2304
-2428
-2838
-3435
-4116
-4422
-4296
-4155
-4037
-4031
-4243
-4379
-4378
-4298
-4098
-3785
-3350
-2912
-2501
-2145
-1966
-1835
-1686
-1409
-979
-630
-414
-377
-520
-677
-760
-703
-570
-460
-353
-395
-470
-549
-618
-603
-390
-132
86
205
257
352
515
812
1218
1594
1908
2174
2419
2683
2995
3278
3495
3617
3669
3701
3655
3633
3561
3314
3057
2782
2570
2415
2307
2193
1942
1697
1480
1394
1395
1430
1452
1403
1379
1394
1480
1659
1844
1930
1962
1910
1926
1997
2149
2209
2096
1861
1539
1252
1098
1111
1151
1009
618
151
-299
-547
-542
-351
-248
-318
-471
-605
-533
-400
-270
-336
-572
-820
-899
-818
-805
-926
-1304
-1866
-2335
-2540
-2614
-2660
-2747
-2999
-3331
-3446
-3495
-3582
-3599
-3672
-3833
-3884
-3785
-3709
-3590
-3487
-3488
-3408
-3217
-2874
-2585
-2298
-2167
-2106
-2047
-1929
-1674
-1364
-1151
-1036
-1024
-1121
-1029
-877
-737
-542
-330
-288
-291
-174
-94
36
295
520
680
892
1021
1112
1258
1508
1740
1968
2212
2456
2630
2781
2882
2840
2859
2822
2822
2877
2927
2876
2714
2472
2343
2264
2304
2388
2388
2264
2036
1917
1888
1945
2012
2076
2033
1991
1933
1911
1931
1960
2018
2041
2057
2091
2061
1956
1802
1610
1482
1323
1315
1278
1188
991
665
387
169
65
69
99
78
-26
0
93
57
8
-140
-382
-542
-416
-361
-410
-464
-782
-1218
-1459
-1613
-1930
-2222
-2466
-2782
-2939
-2835
-2879
-3166
-3487
-3939
-4248
-4197
-3964
-3789
-3772
-3862
-4044
-4093
-3868
-3550
-3241
-3004
-2892
-2750
-2487
-2205
-1989
-1876
-1862
-1834
-1683
-1452
-1165
-1013
-1037
-1063
-1003
-823
-551
-332
-179
-170
-137
9
209
536
773
942
1050
1153
1377
1634
1920
2116
2249
2382
2531
2747
2922
2981
2982
2968
2888
2908
2980
2896
2765
2670
2569
2537
2507
2468
2422
2315
2277
2303
2400
2478
2437
2383
2292
2193
2226
2314
2435
2515
2518
2425
2262
2130
2082
2122
2038
1918
1702
1417
1171
996
890
761
590
386
174
-16
-92
-93
48
240
291
192
9
-240
-363
-213
-132
-249
-361
-671
-1084
-1232
-1305
-1648
-2079
-2439
-2824
-3022
-2888
-2911
-3240
-3634
-4159
-4591
-4642
-4436
-4308
-4250
-4261
-4352
-4331
-4170
-3985
-3771
-3513
-3289
-3008
-2663
-2330
-2104
-1994
-2018
-1916
-1692
-1440
-1216
-1051
-1041
-1053
-1006
-910
-718
-503
-367
-319
-189
-108
-36
111
338
589
856
1121
1282
1414
1545
1681
1923
2310
2701
2945
3098
3074
2931
2866
2916
3057
3246
3367
3251
3044
2792
2563
2513
2619
2752
2755
2642
2386
2154
2074
2140
2254
2407
2431
2328
2191
2099
2098
2137
2270
2319
2268
2211
2042
1862
1736
1622
1461
1382
1330
1094
845
580
314
126
115
179
317
512
571
359
142
-7
-195
-32
190
139
52
-258
-720
-1036
-1180
-1373
-1642
-1921
-2244
-2601
-2721
-2808
-3068
-3310
-3681
-4070
-4230
-4217
-4227
-4254
-4262
-4308
-4249
-4057
-3877
-3758
-3683
-3609
-3411
-2994
-2614
-2241
-2033
-2008
-1969
-1921
-1741
-1499
-1282
-1107
-914
-869
-789
-699
-723
-743
-632
-408
-293
-50
143
87
113
209
290
571
954
1191
1364
1560
1690
1748
2002
2354
2575
2762
2886
2894
2825
2795
2882
2967
3070
3068
2916
2700
2570
2465
2420
2517
2565
2465
2281
2215
2163
2151
2240
2252
2224
2220
2188
2123
2134
2181
2160
2096
2122
2068
1962
1942
1822
1680
1500
1273
1061
928
813
710
624
464
436
462
524
523
416
236
43
37
136
92
86
-46
-460
-710
-896
-1192
-1556
-1874
-2127
-2373
-2353
-2395
-2806
-3199
-3540
-3930
-3974
-3846
-3877
-4014
-4181
-4320
-4350
-4174
-3971
-3899
-3845
-3748
-3567
-3247
-2886
-2551
-2392
-2301
-2176
-1966
-1816
-1615
-1446
-1323
-1139
-941
-767
-708
-633
-663
-630
-455
-277
-173
-11
37
76
226
399
531
724
1001
1177
1350
1549
1699
1864
2159
2415
2646
2868
2896
2855
2841
2910
2994
3087
3078
2974
2880
2754
2688
2651
2595
2549
2522
2464
2320
2189
2094
1997
1993
2042
2080
2104
2044
1893
1848
1911
1979
2079
2094
1960
1786
1635
1555
1509
1492
1344
1088
872
672
642
756
949
1070
986
730
532
386
393
589
606
483
302
-86
-432
-620
-790
-1190
-1654
-1928
-2268
-2402
-2289
-2507
-2921
-3320
-3802
-4079
-4036
-3917
-3979
-4015
-4112
-4300
-4302
-4141
-4108
-4081
-3908
-3796
-3604
-3277
-2991
-2799
-2655
-2539
-2405
-2140
-1889
-1726
-1529
-1420
-1333
-1178
-1034
-927
-843
-757
-673
-558
-378
-246
-180
51
215
316
495
617
755
893
1132
1345
1554
1778
1893
2054
2219
2441
2708
2881
2986
3035
3043
3044
3060
3071
3046
3029
2941
2831
2693
2605
2517
2440
2427
2388
2284
2233
2188
2078
2063
2093
2052
1964
1893
1805
1812
1864
1901
1886
1837
1744
1630
1633
1655
1596
1456
1274
1042
909
1025
1303
1500
1432
1093
714
465
571
892
1000
965
707
186
-178
-334
-521
-915
-1304
-1589
-1942
-2005
-1939
-2318
-2796
-3237
-3713
-3936
-3801
-3744
-3889
-4008
-4170
-4298
-4253
-4146
-4193
-4250
-4198
-4074
-3830
-3479
-3247
-3184
-3049
-2940
-2795
-2590
-2335
-2138
-1972
-1725
-1548
-1391
-1271
-1223
-1179
-1080
-944
-790
-661
-531
-436
-299
-156
-16
172
329
532
749
970
1177
1335
1505
1680
1853
2062
2257
2435
2623
2797
2890
2987
3034
3062
3085
3094
3148
3144
3036
2892
2746
2593
2580
2674
2680
2573
2449
2259
2102
2077
2134
2128
2129
2052
1935
1836
1812
1836
1819
1889
1922
1810
1752
1700
1526
1419
1403
1386
1433
1678
1847
1697
1495
1261
967
929
1205
1264
1226
1222
719
265
128
-111
-515
-866
-1168
-1577
-1731
-1694
-2038
-2440
-2812
-3349
-3672
-3582
-3552
-3676
-3794
-3915
-4081
-4095
-3996
-4064
-4174
-4197
-4135
-3962
-3714
-3502
-3397
-3373
-3232
-3027
-2899
-2744
-2529
-2334
-2129
-1912
-1743
-1654
-1610
-1468
-1357
-1235
-1054
-985
-913
-719
-516
-368
-248
-187
-182
27
371
621
832
960
977
1006
1196
1460
1710
1938
2073
2210
2351
2487
2556
2573
2610
2741
2876
2992
3088
3028
2883
2733
2660
2713
2779
2780
2799
2713
2566
2429
2257
2164
2096
2111
2168
2153
2093
1951
1812
1724
1748
1810
1868
1908
1819
1631
1486
1438
1481
1725
2076
2203
2046
1751
1429
1213
1407
1588
1591
1608
1218
641
347
186
-177
-569
-866
-1200
-1471
-1435
-1594
-2092
-2476
-2938
-3361
-3364
-3235
-3335
-3526
-3666
-3841
-3913
-3763
-3761
-3887
-3916
-3861
-3740
-3572
-3396
-3376
-3401
-3319
-3081
-2944
-2863
-2751
-2681
-2527
-2282
-2005
-1846
-1865
-1848
-1863
-1733
-1425
-1211
-1080
-943
-832
-807
-641
-403
-321
-196
60
198
389
655
740
766
852
1005
1143
1397
1600
1718
1892
2008
2048
2102
2186
2228
2372
2560
2680
2732
2682
2640
2645
2717
2731
2685
2689
2666
2661
2692
2677
2583
2449
2304
2172
2132
2150
2191
2169
2078
1949
1761
1644
1602
1606
1656
1729
1711
1612
1663
1835
1969
1991
1887
1730
1539
1585
1759
1694
1705
1583
1106
765
677
484
7
-427
-758
-1127
-1161
-1089
-1499
-2002
-2465
-3076
-3309
-3168
-3131
-3318
-3466
-3581
-3740
-3674
-3531
-3624
-3785
-3741
-3641
-3504
-3271
-3149
-3198
-3248
-3162
-3025
-2850
-2684
-2560
-2449
-2409
-2243
-2091
-1998
-1879
-1823
-1733
-1565
-1471
-1366
-1212
-1084
-920
-766
-667
-632
-506
-297
-95
160
381
364
464
636
733
893
1159
1308
1324
1488
1678
1794
1928
2026
1961
1993
2124
2294
2454
2548
2577
2510
2463
2479
2503
2596
2669
2700
2653
2586
2549
2439
2387
2427
2416
2322
2247
2134
2054
2014
1979
1891
1743
1640
1539
1526
1557
1657
1889
2119
2197
2011
1791
1591
1570
1908
2033
2106
2035
1506
1079
903
775
369
-87
-406
-838
-941
-769
-1029
-1558
-2044
-2656
-3018
-2938
-2861
-2974
-3140
-3355
-3572
-3502
-3391
-3420
-3514
-3594
-3602
-3455
-3261
-3129
-3104
-3220
-3236
-3052
-2853
-2781
-2694
-2654
-2680
-2554
-2247
-2100
-2054
-1904
-1861
-1860
-1688
-1591
-1526
-1287
-1086
-950
-761
-662
-715
-691
-369
-107
67
346
434
454
612
797
896
996
1128
1232
1458
1683
1809
1752
1695
1693
1753
1983
2194
2272
2283
2252
2229
2295
2407
2527
2564
2587
2648
2683
2682
2643
2632
2564
2481
2415
2416
2404
2374
2260
2132
2019
1919
1720
1599
1599
1587
1577
1749
2032
2106
2055
1862
1715
1620
1824
2031
2087
2192
1885
1401
1205
1003
600
171
-199
-545
-793
-722
-836
-1300
-1669
-2262
-2734
-2732
-2653
-2796
-2918
-3094
-3320
-3338
-3262
-3286
-3403
-3398
-3460
-3413
-3147
-2977
-2953
-3008
-3029
-2882
-2739
-2727
-2704
-2643
-2657
-2603
-2385
-2179
-2147
-2109
-2093
-2027
-1853
-1727
-1694
-1540
-1365
-1240
-994
-804
-718
-705
-617
-481
-297
-10
250
352
492
632
618
722
857
918
1032
1279
1433
1503
1588
1549
1466
1550
1677
1782
1876
1932
1995
1968
1965
1996
2056
2187
2342
2510
2559
2531
2484
2477
2435
2510
2555
2502
2436
2293
2218
2186
2159
2063
1956
1879
1756
1675
1656
1844
2186
2310
2229
2057
1833
1680
1901
2171
2212
2230
1865
1441
1268
1178
957
460
37
-385
-674
-481
-524
-936
-1449
-2074
-2575
-2642
-2461
-2483
-2660
-2947
-3195
-3290
-3173
-3158
-3283
-3328
-3355
-3265
-3079
-2893
-2868
-3011
-3054
-2909
-2778
-2670
-2603
-2605
-2661
-2569
-2319
-2126
-2060
-2060
-2063
-2062
-1923
-1842
-1743
-1568
-1453
-1353
-1219
-1070
-990
-986
-811
-520
-312
-130
11
39
153
356
511
659
767
847
966
1148
1355
1443
1491
1483
1503
1650
1786
1856
1901
1935
1920
1932
2036
2142
2116
2091
2112
2190
2311
2404
2392
2417
2349
2250
2325
2404
2410
2393
2321
2225
2117
2019
1891
1811
1854
1826
1980
2342
2427
2304
2164
2050
1993
2159
2346
2332
2352
2033
1616
1478
1346
954
517
197
-184
-400
-311
-471
-948
-1345
-1901
-2337
-2367
-2355
-2495
-2566
-2747
-3041
-3072
-2991
-3101
-3248
-3306
-3379
-3232
-3043
-2996
-2949
-2962
-3037
-2946
-2730
-2638
-2588
-2534
-2566
-2550
-2412
-2269
-2185
-2063
-1965
-1905
-1802
-1767
-1773
-1735
-1561
-1345
-1091
-887
-882
-936
-846
-691
-517
-217
38
134
200
325
430
522
626
683
799
994
1208
1385
1505
1484
1363
1383
1499
1671
1844
1941
1969
1876
1764
1805
1825
1932
2102
2164
2256
2226
2169
2168
2152
2231
2259
2177
2146
2127
2071
2098
2111
2035
1968
1811
1760
1867
2146
2435
2514
2407
2193
2018
2020
2268
2407
2446
2390
2050
1789
1600
1366
1011
592
252
-159
-306
-220
-504
-1013
-1439
-1999
-2354
-2317
-2303
-2392
-2554
-2812
-3100
-3069
-2925
-3021
-3127
-3146
-3238
-3193
-3001
-2908
-2885
-2933
-2931
-2753
-2579
-2508
-2487
-2455
-2442
-2372
-2168
-2005
-1947
-1893
-1914
-1882
-1694
-1646
-1669
-1509
-1336
-1187
-998
-859
-850
-793
-683
-578
-348
-134
-86
-25
137
259
373
543
611
627
762
969
1161
1324
1381
1383
1376
1436
1513
1557
1603
1612
1702
1815
1883
1901
1870
1819
1864
1927
2048
2200
2212
2147
2101
2089
2085
2130
2155
2129
2065
2048
1995
1929
1840
1744
1761
1931
2297
2572
2578
2371
2164
2023
2079
2325
2467
2505
2299
1819
1567
1408
1115
801
522
207
-104
-199
-254
-573
-985
-1520
-2068
-2234
-2235
-2344
-2457
-2526
-2777
-3031
-2971
-2978
-3147
-3176
-3258
-3252
-3025
-2872
-2822
-2854
-2892
-2987
-2856
-2657
-2599
-2547
-2537
-2524
-2391
-2172
-2113
-2034
-1907
-1858
-1731
-1571
-1497
-1465
-1402
-1333
-1134
-857
-710
-700
-767
-701
-568
-405
-228
-180
-144
-80
57
332
537
592
546
560
708
880
1111
1263
1256
1201
1247
1384
1523
1626
1644
1693
1772
1879
1967
1992
1970
1968
2026
2155
2295
2336
2376
2330
2306
2361
2339
2323
2301
2225
2194
2171
2181
2101
2046
2083
2141
2422
2630
2624
2486
2337
2224
2262
2484
2583
2575
2436
2072
1784
1618
1328
918
551
172
-185
-183
-261
-641
-1050
-1576
-2173
-2372
-2305
-2338
-2395
-2570
-2915
-3170
-3158
-3225
-3349
-3352
-3438
-3476
-3309
-3159
-3107
-3063
-3174
-3221
-3045
-2839
-2700
-2596
-2558
-2628
-2556
-2366
-2199
-2050
-1978
-2006
-1915
-1731
-1560
-1469
-1379
-1330
-1212
-955
-717
-561
-544
-521
-436
-227
-15
85
125
96
133
288
502
697
755
729
734
793
982
1160
1217
1258
1342
1400
1497
1634
1681
1679
1646
1688
1826
1977
2034
1966
1948
1977
2056
2163
2324
2390
2286
2265
2327
2393
2389
2367
2302
2154
2085
2031
1996
2064
2165
2308
2470
2522
2425
2293
2207
2246
2429
2528
2586
2487
2174
1873
1628
1431
1087
738
399
96
15
-74
-365
-762
-1300
-1839
-2083
-2174
-2164
-2208
-2358
-2627
-2930
-3067
-3188
-3291
-3385
-3484
-3510
-3378
-3244
-3150
-3084
-3188
-3337
-3295
-3076
-2839
-2632
-2564
-2640
-2633
-2517
-2439
-2251
-2100
-2073
-2071
-1934
-1704
-1590
-1494
-1412
-1374
-1208
-969
-757
-578
-436
-430
-350
-140
22
179
289
300
277
435
592
758
891
962
895
1008
1205
1273
1360
1440
1397
1397
1528
1611
1700
1726
1710
1734
1857
1901
1954
2063
2077
2123
2188
2326
2402
2478
2486
2438
2483
2476
2438
2378
2337
2228
2150
2144
2194
2272
2404
2522
2562
2477
2370
2281
2238
2332
2348
2358
2340
2127
1933
1719
1425
1062
650
335
77
24
-16
-239
-538
-1001
-1549
-1887
-2041
-2110
-2146
-2224
-2465
-2739
-2959
-3152
-3316
-3393
-3518
-3647
-3603
-3528
-3403
-3274
-3342
-3463
-3459
-3445
-3302
-3034
-2892
-2869
-2828
-2769
-2665
-2464
-2298
-2280
-2256
-2209
-2055
-1781
-1512
-1369
-1279
-1148
-993
-811
-618
-476
-372
-254
-121
31
219
349
378
439
561
759
891
983
1050
1119
1245
1345
1479
1580
1604
1596
1560
1609
1698
1757
1785
1778
1729
1713
1771
1879
1991
2066
2096
2160
2304
2400
2466
2503
2454
2407
2396
2389
2453
2492
2454
2341
2249
2187
2076
2068
2120
2224
2340
2349
2308
2206
2082
1950
1974
2001
2047
1951
1694
1456
1242
1022
777
543
252
-33
-200
-335
-511
-724
-1081
-1488
-1749
-1920
-2025
-2072
-2181
-2453
-2724
-2843
-2957
-3031
-3092
-3229
-3372
-3511
-3551
-3492
-3461
-3449
-3451
-3448
-3369
-3251
-3110
-3025
-3025
-3003
-2957
-2788
-2544
-2402
-2317
-2268
-2209
-2055
-1886
-1654
-1454
-1281
-1149
-1013
-822
-609
-485
-275
-167
72
275
283
434
424
589
699
941
1190
1458
1544
1571
1292
1381
1441
1618
1851
2033
1960
2066
2656
2845
2712
1925
1434
837
751
904
1468
2018
2237
1566
613
117
3
497
1144
2082
2635
2861
2543
1993
1703
1662
1898
2220
2654
3315
4162
4984
5441
5271
4582
3633
2987
3124
3950
4863
5085
4040
2422
830
-547
-1441
-1952
-2273
-2640
-2907
-3078
-3248
-3391
-4020
-4990
-5790
-6223
-6037
-5322
-4259
-3193
-2146
-1409
-1218
-1251
-1432
-1442
-1129
-485
327
1066
1543
1522
1352
1023
317
-564
-1463
-2126
-2400
-2342
-2082
-2029
-2368
-3230
-4231
-5055
-5527
-5528
-5108
-4355
-3585
-2880
-2473
-2247
-2078
-1961
-1671
-1204
-612
284
1140
2030
2767
3073
3040
2715
2387
2133
2128
2331
2432
2480
2222
1836
1321
647
77
-428
-748
-890
-848
-547
-241
82
211
174
148
192
545
1109
1742
2368
2885
3239
3435
3722
3947
4095
4124
3937
4028
4187
4361
4394
4383
4231
4300
5286
5665
5531
4965
3998
2736
2272
2160
2180
2468
2045
506
-578
-1645
-3137
-4035
-4784
-5438
-5467
-5325
-5101
-4415
-3710
-3850
-4055
-4298
-4622
-3991
-2844
-1639
96
1260
1544
1735
2018
1845
1630
1351
778
625
688
543
635
574
-247
-1566
-2960
-4134
-4972
-5436
-5680
-5518
-5480
-5703
-5872
-5914
-5819
-5595
-5264
-4909
-3966
-2864
-1689
-315
966
1727
2282
2539
2591
2830
3153
3231
3353
3376
3031
2789
2356
1679
1014
115
-771
-1340
-1682
-2044
-2085
-2040
-2146
-2019
-1799
-1574
-1054
-506
-71
696
1468
2148
2896
3665
4254
4658
4984
5122
5152
5096
5057
5068
4897
4766
4507
3994
3516
2932
2249
1685
1257
782
707
1028
1578
2812
3538
3571
3326
2686
1863
2004
2268
2422
2720
2392
1459
834
254
-867
-1657
-2605
-3847
-4467
-4697
-4483
-3784
-3255
-3416
-3798
-4206
-4477
-4114
-3509
-2683
-1645
-920
-349
394
1015
1389
1439
1072
495
-162
-454
-581
-513
-405
-779
-1417
-2148
-2971
-3690
-4407
-5055
-5517
-6118
-6253
-6052
-5612
-4769
-4261
-3942
-3678
-3430
-3139
-2459
-1616
-714
378
1310
2004
2686
3187
3243
2987
2536
2036
1819
1723
1930
2247
2149
1683
964
12
-828
-1266
-1671
-1770
-1659
-1403
-883
-190
548
1061
1325
1358
1483
1660
2104
2861
3623
4356
4950
5266
5428
5315
5021
4675
4262
3836
3507
3289
3052
3034
2802
2683
2662
3001
3547
3680
3628
3345
2615
2179
2298
2003
1698
1695
1157
131
-237
-844
-1627
-2273
-3128
-3957
-4342
-4407
-4177
-3635
-3048
-2725
-2773
-2892
-2583
-2121
-1856
-1392
-868
-398
366
1206
1879
2355
2250
1386
307
-569
-1053
-1262
-1351
-1341
-1593
-2180
-2690
-3171
-3810
-4400
-5138
-5945
-6496
-6493
-5870
-4987
-4228
-3681
-3421
-3439
-3048
-2337
-1669
-969
-369
3
510
1188
1946
2770
3142
2827
2295
1653
947
532
253
80
-21
-159
-331
-391
-553
-936
-1280
-1721
-1988
-1852
-1311
-404
614
1475
2024
2250
2427
2604
2876
3254
3573
3844
4131
4371
4549
4754
4830
4634
4152
3598
3070
2554
2158
1910
1615
1647
1785
2188
3338
3934
3800
3673
3092
2459
2779
2800
2632
2650
2115
1180
680
213
-364
-830
-1732
-2773
-3325
-3703
-3706
-3212
-2977
-2890
-2690
-2679
-2293
-1544
-1058
-704
-460
-383
-110
527
1294
1988
2255
1944
1343
500
-212
-660
-1120
-1572
-2083
-2729
-3197
-3344
-3607
-3923
-4498
-5280
-5975
-6314
-6325
-5885
-5143
-4642
-4204
-3844
-3151
-2472
-1498
-808
-275
-10
252
514
1078
1737
2158
2200
2124
1853
1471
1340
985
505
-94
-829
-1306
-1447
-1398
-1163
-1049
-1045
-1170
-1184
-1098
-809
-264
237
797
1289
1814
2351
2892
3294
3538
3725
3808
3916
4038
4311
4472
4346
4054
3741
3315
3062
2858
2501
2124
1650
1388
1541
2286
3456
4122
4286
4190
3578
3103
3319
3144
2843
2549
1743
882
442
-160
-756
-1126
-1925
-2842
-3134
-3259
-3125
-2666
-2656
-2703
-2607
-2560
-2197
-1371
-600
29
477
560
795
1173
1300
1435
1356
955
502
9
-386
-640
-1048
-1694
-2310
-3057
-3651
-4012
-4348
-4669
-5015
-5453
-5710
-5770
-5611
-5077
-4637
-4207
-3649
-3263
-2762
-1906
-1237
-574
27
369
759
1160
1458
1670
1690
1374
1070
842
528
432
270
-70
-426
-918
-1360
-1537
-1790
-2020
-2034
-2016
-1731
-1201
-716
-139
483
684
990
1521
1818
2271
2751
2991
3226
3477
3522
3750
3960
3863
3865
3712
3331
3102
2889
2501
2290
1941
1549
1468
1597
1912
2679
3644
4150
4365
4518
4373
4266
4359
4078
3582
2968
2124
1413
965
493
-27
-479
-1236
-2048
-2398
-2626
-2778
-2755
-2921
-3095
-2965
-2578
-1932
-1155
-430
51
277
343
567
855
1011
1046
892
650
472
147
-165
-465
-1140
-2025
-2843
-3552
-3985
-4185
-4409
-4616
-4751
-5103
-5322
-5330
-5316
-5214
-4996
-4630
-4212
-3317
-2387
-1491
-814
-261
27
205
554
924
1131
1340
1351
1129
1170
1124
991
793
412
-101
-634
-1020
-1282
-1391
-1591
-1845
-1841
-1834
-1521
-1000
-558
-176
179
394
712
1199
1566
1989
2171
2265
2527
2793
3127
3481
3603
3538
3390
3144
2921
2841
2631
2200
1846
1516
1333
1472
1750
2201
2890
3563
4069
4367
4561
4505
4377
4396
4134
3665
3279
2578
1834
1226
534
-154
-681
-1235
-1866
-2068
-2165
-2421
-2554
-2703
-2811
-2688
-2317
-1778
-1090
-421
126
540
844
1080
1255
1248
1143
944
691
484
220
-116
-454
-1015
-1608
-2260
-3030
-3707
-4269
-4742
-5105
-5299
-5381
-5406
-5327
-5226
-4991
-4810
-4589
-4257
-3762
-2900
-2021
-1242
-463
145
506
969
1362
1516
1616
1511
1108
863
764
632
558
423
104
-211
-651
-995
-1172
-1464
-1837
-2052
-2067
-1917
-1537
-1054
-593
-207
138
529
1043
1512
1893
2088
2123
2270
2365
2661
3025
3318
3456
3580
3485
3393
3362
3037
2630
2091
1425
1111
1076
1266
1873
2470
2981
3598
4128
4284
4477
4415
4150
3930
3387
2858
2601
2050
1432
885
201
-392
-757
-1150
-1406
-1382
-1666
-1956
-2140
-2350
-2265
-2056
-1820
-1266
-679
-144
501
994
1317
1481
1321
1027
778
390
91
-96
-423
-715
-1010
-1443
-1869
-2367
-2958
-3532
-4018
-4547
-4909
-5103
-5292
-5280
-5130
-4980
-4702
-4271
-3895
-3513
-2934
-2422
-1943
-1322
-800
-328
203
703
1027
1331
1470
1460
1417
1245
988
726
429
-10
-448
-711
-1015
-1298
-1527
-1702
-1852
-1859
-1734
-1676
-1518
-1340
-1174
-906
-522
-38
437
913
1409
1877
2250
2614
2974
3163
3305
3372
3377
3446
3437
3270
3159
2998
2606
2286
2201
2091
2141
2414
2667
3115
3685
3872
4013
4125
3963
3870
3684
3207
2806
2272
1510
858
262
-312
-763
-1002
-1196
-1215
-1160
-1165
-1171
-1237
-1363
-1385
-1370
-1205
-904
-498
28
486
786
1048
1286
1344
1273
1058
708
312
-237
-715
-1051
-1446
-1804
-2179
-2578
-2946
-3239
-3444
-3735
-3900
-4142
-4490
-4606
-4560
-4567
-4293
-3879
-3615
-3183
-2571
-2154
-1670
-1052
-754
-454
-60
145
275
449
461
391
291
191
-59
-164
-319
-541
-664
-846
-1067
-1270
-1473
-1653
-1777
-1736
-1654
-1556
-1436
-1315
-1159
-832
-337
184
754
1242
1526
1767
2009
2287
2588
2819
2927
2963
3060
3157
3182
3243
3110
2937
2717
2392
2318
2357
2377
2629
2965
3384
3827
4011
4099
4045
3877
3647
3290
2822
2327
1784
1091
421
-73
-672
-1154
-1422
-1695
-1731
-1520
-1405
-1237
-1097
-1088
-990
-851
-631
-269
121
475
815
1060
1212
1381
1485
1412
1245
893
486
89
-411
-787
-1099
-1534
-1984
-2371
-2747
-2991
-3172
-3472
-3635
-3862
-4195
-4304
-4461
-4472
-4152
-3871
-3607
-3204
-2795
-2387
-1882
-1363
-1022
-588
-312
-185
137
408
529
543
469
246
-17
-176
-355
-593
-722
-928
-1129
-1304
-1412
-1483
-1499
-1431
-1454
-1479
-1439
-1405
-1320
-1090
-747
-286
221
675
1069
1507
1878
2096
2285
2464
2631
2718
2790
2883
2923
2893
2835
2833
2989
3047
3075
3216
3188
3216
3351
3458
3658
3762
3639
3464
3274
2988
2666
2343
1856
1350
828
243
-239
-692
-1163
-1482
-1689
-1758
-1592
-1266
-919
-517
-267
-80
196
332
482
717
890
1014
1241
1385
1526
1600
1451
1212
913
459
46
-369
-865
-1274
-1711
-2132
-2441
-2772
-3155
-3466
-3822
-4089
-4308
-4495
-4579
-4522
-4377
-4228
-3841
-3414
-2926
-2330
-1814
-1301
-759
-408
-48
294
461
587
600
579
457
386
305
102
-139
-481
-773
-1039
-1321
-1605
-1810
-1934
-2046
-2087
-2034
-1876
-1753
-1704
-1516
-1264
-965
-525
-18
584
1158
1575
1983
2352
2561
2720
2864
2921
2945
2930
2891
2907
2858
2756
2710
2667
2634
2577
2560
2578
2621
2654
2630
2548
2334
2018
1638
1294
1121
896
665
527
291
85
-76
-203
-291
-304
-294
-273
-55
160
324
609
796
1001
1195
1305
1410
1483
1488
1394
1309
1164
929
760
613
461
151
-218
-548
-914
-1200
-1435
-1646
-1945
-2167
-2407
-2692
-2757
-2870
-3088
-3107
-3135
-3143
-3103
-2996
-2824
-2691
-2443
-2196
-1912
-1543
-1245
-972
-733
-566
-544
-595
-605
-680
-695
-700
-778
-776
-766
-884
-993
-1040
-1083
-1172
-1219
-1265
-1382
-1389
-1388
-1317
-1045
-788
-557
-313
-100
34
291
580
764
962
1147
1291
1501
1658
1842
2010
2006
1944
1914
1992
2063
2200
2350
2363
2413
2507
2456
2434
2419
2238
2070
1939
1726
1538
1444
1226
954
725
443
223
150
-9
-76
-35
-36
-17
22
101
264
410
574
821
995
1148
1328
1464
1626
1818
1858
1852
1816
1579
1297
920
523
219
-99
-442
-750
-938
-1165
-1344
-1496
-1697
-1832
-2025
-2217
-2332
-2435
-2492
-2488
-2443
-2339
-2197
-2138
-2043
-1901
-1825
-1726
-1648
-1618
-1543
-1410
-1251
-1032
-900
-882
-937
-1037
-1132
-1221
-1298
-1390
-1429
-1410
-1397
-1367
-1283
-1168
-1064
-949
-802
-638
-488
-306
-92
135
347
542
643
704
723
693
684
685
688
745
787
788
886
1094
1217
1342
1564
1662
1722
1870
1898
1919
2002
1825
1661
1598
1340
1065
910
663
434
380
259
211
306
274
284
385
362
356
428
455
533
651
816
1015
1229
1443
1643
1799
1865
1910
1901
1868
1806
1686
1568
1372
1113
929
750
433
100
-174
-529
-836
-1052
-1216
-1387
-1472
-1476
-1438
-1373
-1308
-1234
-1237
-1203
-1162
-1137
-1058
-954
-886
-857
-855
-890
-892
-883
-918
-1000
-1134
-1331
-1554
-1735
-1884
-1990
-2093
-2168
-2229
-2223
-2102
-1927
-1687
-1459
-1236
-1010
-699
-357
-53
241
455
592
770
875
922
984
973
861
756
687
593
482
343
239
98
-29
-99
-181
-163
-88
-62
11
133
212
243
323
305
210
158
42
-10
23
17
9
23
71
121
202
335
438
517
623
763
939
1114
1285
1399
1389
1392
1355
1382
1475
1539
1604
1664
1715
1783
1822
1839
1786
1661
1457
1218
1026
818
606
474
391
265
108
6
-144
-310
-435
-551
-615
-658
-606
-479
-340
-189
-23
70
23
-75
-151
-251
-364
-487
-632
-772
-1012
-1274
-1446
-1630
-1864
-2094
-2287
-2457
-2480
-2478
-2413
-2166
-1912
-1688
-1405
-1112
-879
-576
-295
17
380
680
924
1138
1278
1306
1239
1103
953
769
592
442
333
246
179
104
-8
-197
-420
-631
-851
-1044
-1154
-1267
-1394
-1455
-1457
-1370
-1298
-1192
-1056
-973
-903
-782
-638
-533
-413
-318
-184
-37
60
223
472
737
1004
1198
1323
1427
1536
1602
1664
1749
1705
1651
1662
1654
1624
1606
1561
1408
1325
1287
1208
1246
1213
1081
943
783
611
483
433
410
355
296
262
263
309
348
366
397
376
364
440
451
451
417
333
237
149
-23
-226
-367
-593
-828
-1127
-1414
-1569
-1709
-1839
-1882
-1844
-1820
-1703
-1577
-1401
-1179
-984
-736
-435
-177
90
332
520
665
724
713
696
733
737
747
791
809
788
670
511
354
111
-193
-401
-649
-892
-964
-1083
-1275
-1408
-1568
-1795
-1980
-2061
-2103
-2151
-2137
-2136
-2042
-1855
-1668
-1454
-1189
-999
-807
-646
-485
-221
32
192
351
546
670
816
1019
1265
1481
1644
1737
1843
1903
1931
1944
1934
1841
1693
1548
1370
1292
1178
1023
911
753
605
548
507
480
426
440
415
377
396
442
516
598
670
709
755
787
795
813
811
765
659
529
433
347
254
105
-74
-262
-445
-636
-822
-961
-1075
-1144
-1190
-1144
-1036
-902
-774
-638
-501
-390
-226
-75
9
116
236
347
502
680
758
803
789
729
629
550
544
444
354
204
-1
-142
-372
-677
-928
-1223
-1524
-1770
-1953
-2063
-2065
-2109
-2165
-2137
-2131
-2175
-2187
-2144
-2145
-2096
-1992
-1844
-1621
-1382
-1161
-909
-710
-519
-274
-56
147
345
479
617
724
835
1010
1156
1297
1436
1516
1563
1636
1644
1618
1590
1547
1444
1304
1121
977
866
758
697
631
621
671
684
705
799
879
934
967
972
943
922
891
863
824
776
738
715
698
616
541
443
319
224
154
102
14
-35
-63
-73
-52
-1
-2
30
82
99
92
72
92
132
156
171
210
235
235
244
263
263
327
353
372
444
416
282
196
64
-151
-329
-492
-711
-872
-993
-1158
-1249
-1360
-1493
-1547
-1600
-1768
-1954
-2053
-2191
-2266
-2254
-2287
-2289
-2208
-2190
-2107
-1924
-1827
-1748
-1648
-1580
-1464
-1281
-1070
-889
-737
-543
-351
-200
-55
134
303
422
556
707
850
1030
1160
1306
1450
1505
1500
1484
1451
1407
1348
1328
1292
1208
1166
1110
1055
1017
977
869
850
812
784
823
798
819
879
870
860
863
796
753
720
661
661
678
655
701
776
807
842
873
911
955
1009
1061
1098
1087
1023
971
890
787
701
610
503
435
401
354
310
261
231
169
108
107
19
-105
-183
-290
-392
-475
-553
-646
-718
-777
-881
-955
-1103
-1268
-1374
-1487
-1621
-1774
-1848
-1930
-2001
-2089
-2119
-2170
-2250
-2209
-2185
-2132
-2077
-2032
-1930
-1784
-1677
-1588
-1453
-1352
-1297
-1249
-1144
-1054
-940
-771
-630
-415
-235
-105
45
178
300
452
591
640
696
776
886
996
1065
1120
1167
1156
1129
1125
1129
1114
1087
1076
1077
1084
1034
990
946
858
804
768
735
712
697
697
734
766
789
826
831
849
895
969
1018
1081
1156
1232
1307
1363
1400
1430
1457
1458
1425
1366
1295
1211
1153
1108
1052
979
908
784
639
508
440
344
219
100
-47
-212
-289
-388
-506
-572
-649
-765
-844
-886
-939
-956
-1003
-1146
-1311
-1378
-1522
-1599
-1659
-1763
-1878
-1940
-1937
-1900
-1822
-1737
-1667
-1639
-1620
-1603
-1495
-1407
-1389
-1327
-1315
-1290
-1241
-1191
-1127
-1052
-1013
-1007
-927
-825
-692
-559
-452
-377
-307
-217
-145
-66
34
84
174
311
392
483
583
662
722
778
828
872
922
970
1024
1064
1052
1000
935
823
716
664
650
624
593
580
570
591
688
776
832
915
979
1050
1182
1325
1408
1493
1526
1545
1608
1653
1675
1678
1681
1677
1630
1571
1522
1450
1383
1261
1106
991
858
702
489
327
184
-46
-213
-369
-521
-589
-660
-753
-804
-833
-877
-912
-973
-1040
-1095
-1153
-1197
-1242
-1306
-1346
-1402
-1494
-1481
-1452
-1470
-1439
-1412
-1427
-1420
-1417
-1382
-1324
-1297
-1260
-1238
-1199
-1186
-1146
-1054
-997
-927
-942
-928
-870
-799
-739
-645
-581
-562
-517
-445
-384
-320
-263
-273
-264
-207
-136
-39
29
89
127
168
213
276
372
451
530
572
609
666
693
735
788
787
798
791
783
844
892
897
900
910
862
894
956
989
1051
1075
1105
1192
1303
1373
1451
1480
1483
1493
1504
1520
1516
1507
1484
1442
1399
1331
1249
1173
1091
982
812
665
495
367
256
132
43
-80
-171
-244
-373
-511
-608
-736
-868
-929
-990
-1026
-1035
-1072
-1128
-1153
-1163
-1199
-1216
-1213
-1233
-1233
-1232
-1230
-1224
-1211
-1198
-1171
-1172
-1192
-1197
-1170
-1124
-1082
-1001
-985
-979
-929
-880
-830
-743
-713
-711
-687
-665
-619
-562
-553
-540
-489
-464
-442
-435
-419
-396
-371
-355
-333
-319
-267
-202
-142
-56
7
107
176
254
372
427
472
514
580
658
760
821
830
867
895
885
872
889
904
899
904
966
1107
1207
1240
1255
1296
1320
1315
1384
1400
1411
1424
1394
1384
1369
1323
1251
1209
1124
1068
1036
956
890
828
719
642
558
454
343
241
128
-16
-158
-312
-380
-475
-582
-656
-749
-856
-935
-982
-979
-985
-977
-922
-863
-848
-836
-832
-854
-900
-908
-901
-918
-908
-931
-949
-927
-912
-871
-811
-801
-779
-741
-747
-704
-651
-614
-574
-555
-553
-545
-517
-521
-505
-500
-535
-548
-572
-562
-528
-531
-551
-597
-610
-595
-534
-469
-461
-436
-425
-384
-319
-236
-176
-111
-26
31
120
239
318
344
382
466
544
622
715
769
807
889
957
1041
1090
1105
1127
1134
1145
1154
1179
1195
1216
1214
1230
1255
1247
1220
1173
1094
1025
997
983
997
979
901
791
754
695
616
582
501
349
179
41
-78
-151
-247
-350
-399
-435
-495
-525
-540
-551
-575
-608
-628
-697
-755
-760
-755
-720
-702
-715
-702
-697
-691
-608
-601
-625
-591
-580
-591
-567
-542
-544
-508
-462
-445
-383
-353
-337
-299
-299
-285
-277
-291
-341
-329
-314
-308
-326
-365
-357
-385
-387
-371
-400
-439
-486
-550
-620
-615
-627
-634
-635
-675
-627
-582
-556
-515
-461
-421
-354
-239
-125
-26
98
206
321
439
554
650
739
804
866
902
971
996
996
1036
1047
1043
1017
999
975
945
927
939
912
912
938
962
961
926
860
802
766
690
614
555
448
343
262
210
184
138
89
24
-7
-24
-62
-84
-106
-143
-178
-202
-225
-271
-330
-375
-417
-457
-492
-545
-566
-564
-552
-511
-448
-418
-415
-400
-383
-331
-333
-330
-320
-333
-319
-300
-298
-315
-294
-288
-269
-229
-185
-155
-132
-114
-77
-62
-92
-87
-121
-153
-195
-269
-317
-375
-443
-484
-520
-604
-674
-737
-786
-797
-795
-796
-796
-798
-774
-714
-677
-582
-491
-408
-326
-224
-100
-9
72
172
281
354
459
562
663
699
721
760
760
757
793
804
807
782
758
762
749
728
713
691
655
630
607
593
564
532
484
427
372
319
284
257
233
219
210
220
228
264
296
301
286
280
257
219
193
149
97
34
-29
-85
-126
-164
-160
-200
-188
-158
-181
-160
-186
-184
-129
-149
-159
-122
-123
-127
-131
-131
-122
-124
-99
-84
-48
-47
-63
-66
-84
-88
-52
-33
-47
-72
-102
-133
-193
-218
-281
-359
-412
-515
-590
-656
-736
-771
-806
-856
-867
-874
-905
-887
-890
-840
-806
-816
-798
-771
-688
-562
-463
-374
-272
-205
-103
19
127
233
319
358
394
495
563
568
567
540
521
528
555
571
572
550
497
479
474
463
463
416
405
373
354
325
315
299
255
245
214
242
288
326
346
358
352
317
294
287
269
225
191
174
147
148
162
153
134
101
67
63
59
59
91
102
111
138
159
161
134
134
133
158
174
175
152
99
81
82
87
105
102
105
107
76
76
50
35
-4
-54
-68
-116
-172
-217
-271
-303
-347
-367
-398
-453
-489
-539
-592
-677
-706
-748
-807
-833
-858
-890
-904
-847
-783
-737
-674
-602
-559
-511
-425
-314
-239
-197
-187
-126
-74
-59
-48
-6
104
213
377
499
552
560
515
469
437
345
272
237
180
96
49
27
-74
-85
-44
-9
38
59
81
125
165
197
210
213
214
241
262
305
363
395
370
318
274
236
224
200
188
194
214
196
198
225
315
361
359
342
339
337
330
340
354
394
399
435
447
424
431
447
393
340
283
194
189
187
193
192
169
165
123
58
11
-31
-76
-138
-197
-212
-254
-298
-294
-295
-339
-385
-443
-481
-493
-553
-588
-612
-649
-677
-646
-641
-643
-676
-690
-682
-626
-587
-596
-604
-638
-630
-584
-500
-404
-340
-264
-199
-133
-85
-54
-33
-22
19
58
93
104
131
151
145
143
127
110
82
82
84
80
68
70
60
76
84
91
106
88
120
132
121
129
162
152
154
169
164
168
189
221
230
225
247
247
262
298
292
311
304
315
320
312
352
400
445
486
505
524
547
525
506
502
496
505
489
490
477
468
438
440
410
361
341
271
216
189
172
158
130
80
48
-4
-28
-78
-90
-75
-101
-131
-127
-177
-239
-295
-358
-386
-420
-468
-527
-542
-564
-589
-623
-662
-671
-654
-646
-638
-602
-585
-565
-581
-584
-547
-541
-524
-495
-435
-390
-352
-316
-272
-259
-238
-238
-270
-263
-248
-242
-231
-204
-205
-207
-223
-242
-245
-226
-215
-217
-174
-174
-160
-129
-89
-19
26
36
8
37
80
86
102
130
125
136
166
213
302
385
415
420
471
511
534
540
574
608
612
608
631
674
688
678
696
728
795
809
801
788
772
739
676
616
567
516
472
436
404
393
338
284
261
222
183
181
172
120
59
12
-43
-46
-48
-51
-46
-108
-171
-196
-208
-220
-241
-262
-309
-373
-396
-400
-409
-403
-397
-421
-453
-469
-478
-519
-531
-563
-600
-607
-646
-664
-660
-660
-633
-599
-587
-570
-545
-538
-535
-542
-525
-535
-539
-508
-503
-489
-478
-498
-489
-469
-429
-404
-361
-332
-313
-280
-264
-245
-221
-203
-188
-109
-71
-45
-4
36
85
153
222
258
277
317
360
432
474
504
558
566
570
617
628
644
674
668
666
709
722
731
758
757
762
744
724
707
730
730
703
678
636
605
554
514
483
441
367
324
316
282
228
201
183
176
193
173
158
135
82
29
-2
8
9
-27
-25
-20
-18
-23
-65
-81
-110
-158
-199
-228
-234
-250
-266
-302
-344
-382
-422
-444
-452
-475
-519
-548
-578
-599
-614
-655
-658
-645
-631
-610
-591
-586
-591
-606
-622
-612
-612
-611
-623
-623
-605
-603
-588
-539
-519
-524
-484
-493
-468
-461
-446
-400
-368
-367
-359
-290
-254
-208
-150
-92
-47
7
71
123
196
232
286
355
433
457
518
573
599
618
623
645
652
683
710
748
786
804
818
796
801
805
776
764
740
741
741
737
720
693
648
601
592
564
507
457
405
365
319
318
333
304
264
206
142
92
57
33
5
-38
-69
-100
-149
-157
-172
-211
-223
-250
-279
-293
-349
-360
-362
-424
-443
-455
-486
-516
-540
-539
-554
-523
-535
-563
-580
-602
-621
-617
-627
-634
-631
-636
-630
-626
-622
-645
-652
-646
-623
-596
-576
-534
-524
-482
-458
-438
-390
-374
-373
-339
-276
-257
-233
-212
-157
-121
-72
-33
7
31
41
98
134
193
223
236
249
290
361
422
476
500
497
477
473
521
587
656
686
719
716
713
758
778
816
827
789
737
713
703
681
657
623
595
578
590
602
570
531
504
478
443
412
392
362
316
281
265
246
211
212
212
172
129
93
61
16
-4
-31
-72
-128
-161
-184
-231
-255
-272
-330
-380
-406
-415
-436
-484
-531
-549
-568
-579
-571
-600
-599
-612
-628
-652
-683
-715
-759
-775
-747
-744
-763
-767
-786
-772
-763
-743
-690
-656
-633
-607
-585
-567
-556
-525
-474
-438
-407
-387
-371
-323
-278
-222
-180
-162
-134
-95
-65
-15
31
41
79
113
162
225
253
293
339
391
443
477
523
565
600
623
665
685
682
699
717
705
732
746
750
755
736
715
709
722
713
740
696
649
632
628
602
591
582
523
480
451
420
400
374
346
342
305
272
270
237
207
170
131
122
87
73
49
-6
-50
-51
-64
-114
-145
-168
-202
-257
-294
-305
-345
-352
-335
-357
-397
-423
-447
-490
-506
-536
-573
-598
-593
-612
-643
-642
-655
-662
-644
-650
-643
-660
-683
-678
-699
-688
-618
-605
-612
-613
-593
-581
-491
-396
-385
-338
-327
-310
-294
-249
-230
-208
-178
-159
-136
-98
-48
-11
35
49
78
96
128
147
158
242
276
319
356
360
393
435
429
460
501
481
489
509
542
568
572
567
583
567
555
544
571
557
476
464
472
458
472
494
509
470
399
397
356
334
307
322
324
302
308
304
271
234
207
142
113
98
99
100
99
61
43
26
-7
-17
-48
-65
-97
-105
-111
-129
-151
-181
-205
-220
-269
-292
-300
-331
-365
-357
-399
-444
-469
-490
-517
-538
-551
-583
-562
-559
-545
-517
-507
-518
-521
-531
-508
-480
-477
-452
-420
-414
-390
-331
-311
-264
-233
-218
-187
-170
-149
-130
-104
-103
-70
-61
-38
-7
15
25
17
48
65
101
157
186
209
228
256
290
321
350
376
394
402
398
392
435
452
468
458
448
425
423
451
457
452
419
377
369
364
344
347
316
275
256
236
234
235
225
181
139
129
131
162
165
156
132
103
87
93
92
87
74
41
18
0
-3
-10
-14
-30
-64
-85
-98
-101
-108
-145
-153
-158
-190
-190
-219
-258
-279
-296
-337
-367
-363
-364
-350
-367
-380
-372
-378
-372
-357
-345
-363
-375
-373
-373
-345
-351
-346
-353
-336
-295
-250
-232
-232
-193
-180
-135
-99
-101
-100
-128
-168
-106
-55
-18
-17
-34
-34
-55
-56
-35
25
56
42
77
110
96
134
180
197
216
231
234
252
303
315
355
366
367
369
361
360
347
339
292
287
275
280
323
345
337
309
293
258
236
247
228
230
236
218
216
205
178
173
163
158
137
130
141
131
125
115
82
59
46
46
40
26
0
-17
-47
-108
-111
-108
-130
-138
-153
-166
-173
-186
-174
-175
-185
-194
-206
-220
-239
-252
-277
-302
-306
-277
-247
-264
-262
-278
-309
-278
-279
-269
-272
-291
-284
-277
-247
-233
-224
-221
-199
-223
-243
-205
-187
-202
-191
-166
-166
-161
-150
-122
-106
-137
-139
-113
-108
-102
-92
-52
-29
-45
-18
27
33
67
91
116
124
144
168
164
212
244
258
263
276
298
289
288
275
273
227
211
231
255
288
283
284
272
238
247
271
246
263
239
204
221
191
193
217
205
207
229
206
194
171
184
173
151
139
119
110
94
53
54
39
6
30
21
-10
-33
-62
-51
-61
-77
-60
-63
-85
-99
-90
-83
-106
-101
-105
-105
-107
-128
-110
-94
-98
-130
-151
-159
-187
-188
-178
-191
-212
-220
-224
-232
-220
-222
-221
-246
-243
-221
-233
-278
-256
-254
-253
-240
-221
-195
-200
-207
-207
-185
-178
-173
-167
-136
-124
-135
-141
-118
-80
-77
-51
-29
-33
-3
-8
0
37
42
43
32
64
86
102
115
132
156
146
154
137
138
124
133
137
161
169
160
189
177
170
148
187
189
195
211
215
197
216
249
237
243
229
211
181
180
197
209
206
196
166
163
162
157
176
173
145
124
112
101
109
94
91
94
98
109
120
123
103
70
70
38
31
47
35
21
-10
-39
-68
-84
-62
-68
-101
-101
-132
-168
-185
-185
-198
-196
-228
-241
-255
-241
-237
-263
-274
-290
-292
-308
-307
-293
-288
-265
-256
-263
-249
-258
-272
-276
-278
-281
-278
-262
-262
-224
-191
-166
-160
-151
-139
-150
-129
-78
-44
-34
-31
-42
-34
-30
1
11
26
7
-18
-11
-13
-2
55
87
111
121
107
139
156
161
185
219
206
211
235
242
262
275
286
278
270
270
261
251
240
243
262
272
252
263
243
207
212
206
188
167
171
193
201
208
216
210
188
173
164
138
132
134
114
105
112
116
101
80
79
86
45
-16
-21
-26
-30
-65
-113
-148
-170
-190
-196
-188
-195
-202
-233
-247
-222
-229
-219
-213
-236
-226
-227
-219
-238
-238
-203
-196
-191
-183
-172
-185
-204
-206
-199
-194
-182
-170
-161
-161
-140
-143
-154
-149
-148
-134
-121
-120
-94
-79
-73
-70
-63
-58
-57
-18
-6
-9
-7
10
8
26
0
-6
21
42
57
51
87
66
57
55
78
94
101
136
147
146
159
186
189
200
202
202
204
198
202
179
165
182
206
213
221
244
253
233
213
230
202
177
126
117
136
147
164
145
153
143
145
146
143
129
108
105
99
59
42
18
-15
-19
-34
-34
-37
-52
-50
-77
-123
-154
-176
-172
-178
-171
-172
-176
-204
-208
-199
-201
-207
-217
-221
-216
-197
-200
-188
-198
-197
-188
-176
-189
-209
-199
-214
-233
-226
-214
-204
-202
-206
-211
-205
-188
-169
-143
-137
-137
-149
-145
-141
-136
-135
-127
-99
-88
-35
-43
-25
5
1
19
31
42
53
77
81
81
110
124
128
162
191
201
203
231
250
249
248
265
259
257
245
233
211
197
223
232
254
274
269
263
252
255
260
255
258
254
253
216
196
200
170
166
171
156
143
126
100
104
111
100
81
86
84
70
67
48
39
3
-14
-39
-53
-46
-72
-83
-111
-123
-137
-164
-161
-157
-173
-187
-196
-198
-204
-224
-223
-246
-291
-287
-287
-278
-246
-227
-232
-240
-245
-248
-276
-299
-284
-283
-271
-246
-226
-199
-206
-218
-196
-175
-176
-169
-139
-120
-109
-108
-70
-47
-46
-33
-28
-20
-21
-26
-35
-28
2
22
45
85
102
111
96
93
127
146
154
171
153
157
186
196
198
191
177
146
108
116
138
154
154
181
160
137
119
133
146
152
175
158
155
142
147
168
187
176
172
175
160
173
163
167
175
158
155
154
142
134
150
136
143
125
112
104
98
69
19
28
26
1
-24
-39
-37
-43
-44
-62
-70
-66
-110
-118
-116
-102
-126
-140
-145
-189
-183
-180
-183
-172
-182
-202
-223
-235
-262
-273
-273
-269
-276
-269
-244
-244
-261
-270
-270
-293
-275
-255
-238
-184
-159
-122
-116
-125
-119
-120
-103
-96
-102
-90
-53
-25
3
35
51
57
62
49
57
57
60
67
81
115
135
128
148
159
132
137
155
164
172
183
181
220
229
193
225
213
198
228
224
245
214
191
182
193
210
220
215
209
202
212
218
214
209
195
182
141
147
117
74
65
42
38
40
48
35
22
22
-18
-21
-32
-71
-60
-56
-69
-60
-77
-102
-80
-105
-133
-138
-156
-159
-162
-144
-156
-156
-164
-171
-144
-147
-171
-181
-192
-208
-221
-217
-218
-226
-232
-238
-243
-215
-186
-179
-178
-172
-171
-188
-183
-163
-139
-144
-108
-100
-98
-90
-76
-72
-85
-81
-95
-87
-78
-48
-28
-18
2
-12
-28
-15
1
2
18
46
43
33
43
54
64
74
83
85
103
144
189
197
202
225
213
225
227
220
202
199
209
240
246
231
238
237
247
244
250
242
249
254
251
250
235
221
188
172
178
161
156
156
125
110
120
108
98
65
60
59
37
30
29
12
14
-11
-46
-42
-76
-105
-108
-109
-112
-108
-136
-152
-170
-185
-200
-200
-190
-216
-247
-265
-265
-269
-279
-273
-258
-254
-276
-254
-224
-208
-197
-226
-222
-244
-238
-217
-214
-212
-229
-221
-210
-180
-141
-133
-151
-127
-114
-114
-64
-59
-68
-62
-60
-41
-32
-14
-6
19
35
24
24
42
53
73
95
127
136
157
161
151
168
159
165
193
205
207
197
219
231
249
263
250
228
207
227
234
258
266
265
232
209
206
196
190
171
179
154
133
149
140
116
114
101
81
64
55
30
30
49
40
42
15
6
-1
-19
-24
-19
-18
-43
-50
-50
-43
-64
-95
-94
-111
-116
-115
-98
-99
-122
-149
-159
-156
-156
-156
-161
-152
-152
-164
-167
-170
-187
-195
-197
-197
-207
-201
-200
-199
-169
-158
-163
-158
-163
-164
-155
-144
-118
-131
-145
-136
-130
-129
-120
-115
-108
-80
-71
-65
-30
-19
-21
-17
-8
11
3
12
23
44
59
77
89
104
96
108
104
103
126
121
137
144
150
141
143
161
170
169
167
177
168
145
160
167
154
180
191
192
211
203
197
189
182
177
150
136
112
95
88
84
87
92
92
72
74
67
46
51
43
44
49
25
17
16
-6
-20
-18
-8
7
-7
-36
-56
-72
-79
-66
-51
-63
-87
-91
-104
-110
-112
-129
-130
-140
-131
-140
-134
-122
-116
-118
-137
-167
-172
-163
-163
-148
-142
-138
-160
-165
-147
-148
-151
-133
-114
-101
-107
-92
-81
-95
-93
-84
-75
-66
-74
-74
-60
-61
-53
-33
-15
-9
-3
12
28
25
38
52
59
66
83
91
96
101
96
110
92
87
111
117
104
97
96
105
109
94
113
121
118
123
120
122
114
105
106
117
117
104
98
107
101
98
86
61
54
62
74
67
65
63
40
41
38
30
18
19
16
21
12
4
9
4
2
0
-13
-35
-51
-55
-41
-40
-55
-59
-64
-76
-91
-89
-93
-98
-95
-95
-97
-107
-103
-110
-107
-100
-116
-123
-121
-124
-121
-115
-121
-113
-122
-129
-128
-109
-93
-95
-85
-95
-96
-82
-69
-48
-54
-51
-25
-18
6
23
25
32
22
24
19
19
44
44
46
60
52
53
68
80
71
74
85
71
79
94
87
93
95
87
90
92
83
77
73
62
64
70
62
73
86
96
102
113
120
128
134
132
111
100
77
63
58
50
58
47
45
46
41
35
32
32
44
49
42
16
-5
-26
-29
-25
-22
-16
-41
-45
-57
-79
-73
-69
-67
-64
-54
-72
-75
-67
-70
-81
-73
-78
-92
-95
-95
-85
-87
-87
-83
-85
-83
-84
-78
-80
-92
-90
-85
-90
-90
-77
-87
-85
-82
-81
-66
-57
-58
-54
-52
-55
-31
-16
-25
-17
-19
-29
-36
-27
-17
-10
-8
-3
-6
-2
2
2
1
-4
11
15
17
20
23
28
19
14
25
30
37
50
64
68
68
78
69
62
81
80
80
86
82
88
94
99
89
92
106
102
97
87
85
79
80
84
93
99
91
89
78
81
75
63
70
67
64
68
61
58
54
55
52
50
40
32
24
9
-1
-5
-4
-13
-5
-3
-10
-17
-23
-33
-38
-45
-49
-60
-59
-58
-64
-69
-84
-94
-95
-94
-101
-97
-103
-108
-106
-99
-101
-104
-112
-118
-113
-110
-100
-104
-109
-102
-114
-111
-111
-110
-110
-101
-79
-86
-73
-69
-68
-71
-67
-63
-50
-44
-36
-26
-11
0
13
19
19
28
26
21
15
20
32
45
55
68
73
74
66
53
57
66
72
67
84
88
77
87
96
94
99
104
111
100
81
59
47
58
66
78
74
64
59
62
46
42
53
42
34
24
17
18
21
17
23
31
26
37
42
39
37
32
21
15
14
6
1
-7
-16
-11
-1
5
0
-9
-17
-25
-27
-25
-24
-30
-33
-33
-35
-30
-21
-26
-27
-38
-34
-40
-39
-38
-51
-47
-47
-46
-39
-24
-25
-20
-18
-32
-36
-50
-54
-38
-36
-31
-31
-41
-47
-44
-44
-36
-38
-41
-47
-43
-39
-30
-18
-27
-18
-27
-35
-27
-21
-3
5
0
5
-1
3
17
11
3
-2
-3
-12
-17
-12
-5
-8
-13
-10
11
28
27
30
34
31
41
48
46
43
39
40
42
46
47
38
18
28
31
30
39
45
36
33
36
38
48
52
56
54
41
35
29
17
17
22
21
18
22
32
40
38
26
26
28
38
39
32
29
14
4
5
9
0
-11
-22
-28
-30
-31
-28
-28
-29
-34
-37
-44
-54
-54
-51
-42
-40
-49
-52
-50
-61
-60
-62
-62
-63
-67
-63
-60
-59
-69
-76
-79
-74
-65
-52
-41
-39
-30
-32
-44
-39
-35
-35
-26
-15
-15
-11
-9
-5
2
6
14
5
1
7
9
4
11
19
22
26
39
32
28
37
44
59
55
59
58
48
41
45
47
46
40
49
51
41
41
42
45
46
49
54
55
54
51
45
49
55
43
45
48
45
47
50
47
39
37
41
54
57
52
51
39
35
31
27
25
18
12
7
4
4
3
3
-9
-10
-24
-37
-41
-47
-48
-53
-47
-50
-48
-47
-42
-47
-53
-58
-68
-75
-75
-76
-83
-84
-78
-73
-68
-59
-63
-59
-56
-58
-67
-68
-65
-69
-72
-61
-50
-42
-38
-35
-27
-27
-20
-18
-16
-19
-23
-16
-14
-9
-10
-5
-4
-6
-4
-1
8
16
14
17
30
25
35
43
43
46
39
43
46
47
41
47
49
57
60
54
62
61
60
65
64
63
65
63
59
53
47
43
43
46
46
50
47
41
40
30
25
20
14
4
12
13
7
2
3
4
-2
-2
-4
-9
-20
-19
-21
-26
-23
-19
-18
-21
-13
-13
-12
-17
-27
-31
-36
-37
-35
-23
-18
-14
-20
-21
-17
-21
-19
-18
-17
-17
-18
-27
-32
-30
-31
-34
-36
-36
-40
-34
-39
-35
-26
-20
-21
-29
-28
-20
-18
-19
-10
-14
-24
-25
-28
-25
-20
-17
-16
-21
-25
-26
-30
-22
-14
-22
-25
-26
-17
-5
4
3
-2
-5
-3
7
13
23
26
22
24
25
26
30
37
48
46
52
58
49
48
50
48
42
43
48
50
47
52
60
58
59
46
42
38
32
37
33
29
30
30
30
36
30
21
19
24
22
23
21
22
24
13
5
3
0
-3
-6
-14
-22
-22
-19
-9
-13
-12
-19
-28
-34
-31
-19
-13
-10
-9
-17
-29
-36
-39
-41
-38
-41
-44
-42
-47
-49
-48
-47
-46
-48
-50
-58
-55
-57
-51
-35
-36
-29
-29
-30
-31
-32
-32
-38
-37
-35
-36
-35
-36
-40
-41
-36
-29
-21
-15
-8
-1
3
-2
-1
1
11
15
16
22
22
22
24
26
31
41
37
44
47
41
44
50
54
53
56
59
57
53
60
54
44
38
34
28
27
27
24
31
27
34
39
40
42
40
42
32
26
23
22
17
8
13
7
4
16
13
12
8
0
-6
-12
-13
-14
-19
-18
-19
-24
-24
-22
-20
-21
-18
-21
-32
-28
-33
-35
-36
-34
-37
-41
-38
-44
-34
-33
-32
-32
-31
-30
-28
-30
-35
-30
-35
-33
-34
-39
-42
-39
-34
-25
-18
-23
-24
-21
-20
-18
-13
-7
-4
-7
-5
-4
-11
-4
0
5
7
11
9
12
18
16
12
10
14
16
23
29
26
33
37
37
40
33
32
28
26
28
32
33
34
35
38
42
36
38
36
31
30
22
29
34
25
24
18
16
23
20
17
12
4
1
6
12
8
11
14
6
2
2
6
4
3
3
-10
-14
-8
-9
-9
-7
-10
-13
-11
-17
-20
-20
-17
-19
-16
-14
-19
-19
-21
-24
-22
-23
-23
-25
-23
-19
-23
-28
-21
-20
-23
-28
-23
-23
-29
-23
-24
-25
-29
-30
-28
-23
-16
-19
-19
-23
-23
-15
-7
-9
-3
-8
-15
-18
-14
-15
-8
3
2
8
9
7
12
13
13
14
16
11
6
6
9
4
6
9
15
17
13
12
11
14
14
18
19
23
24
23
23
21
25
16
16
21
26
23
18
20
19
21
24
25
25
19
8
3
5
5
7
3
-2
-3
-6
-2
1
0
4
5
2
-1
1
4
0
2
5
1
-1
-3
-4
-2
-9
-14
-9
-9
-6
-4
-7
-12
-14
-17
-18
-17
-20
-19
-26
-23
-20
-18
-10
-5
0
3
4
1
0
-4
5
4
6
8
10
12
7
4
3
5
2
0
-3
-4
-6
-9
-3
-1
-6
-10
-13
-14
-12
-6
1
1
1
-1
-10
-7
-5
-1
-4
-4
2
2
5
12
13
8
4
0
-2
0
5
5
1
-2
-6
-5
-2
1
4
4
4
6
6
11
14
11
7
4
3
1
7
11
12
14
8
5
2
0
2
5
6
0
-6
-8
-8
-10
-9
-13
-11
-6
-6
-6
-8
-10
-9
-8
-15
-18
-14
-19
-12
-7
-9
-11
-6
-4
-5
-5
-11
-11
-15
-12
-7
-3
-3
-7
-6
-4
-2
-3
-6
-5
-3
0
0
3
1
2
4
8
14
11
9
6
6
4
1
2
0
2
-1
3
1
1
-1
-4
-3
-2
3
5
7
9
7
11
17
18
23
23
22
19
16
14
13
13
11
7
10
10
11
16
14
14
15
16
20
16
13
9
9
8
7
5
3
4
9
16
16
15
10
3
0
3
3
-2
0
2
2
2
5
2
-2
0
-5
-7
-7
-12
-12
-15
-16
-21
-18
-15
-15
-13
-15
-14
-17
-18
-17
-11
-16
-13
-10
-16
-18
-19
-19
-19
-16
-18
-16
-12
-13
-14
-12
-13
-18
-21
-21
-18
-19
-17
-15
-18
-15
-16
-15
-15
-11
-11
-9
-3
-3
0
1
4
5
4
0
2
3
3
6
3
4
3
4
3
7
10
11
12
12
14
16
18
18
20
20
16
18
18
18
16
18
24
24
27
25
29
31
29
25
16
17
17
15
17
18
19
17
12
11
13
11
9
8
0
-1
-2
0
1
4
3
-3
-4
-3
-2
-1
-1
-5
-8
-7
-2
0
0
-7
-15
-16
-13
-16
-16
-20
-17
-19
-22
-22
-20
-19
-17
-15
-15
-17
-21
-20
-18
-20
-13
-14
-17
-17
-14
-12
-14
-13
-13
-14
-12
-8
-5
-1
-4
-4
-6
-3
-5
-8
-10
-10
-9
-12
-7
-3
0
-1
-1
0
-1
-4
1
7
8
7
4
2
3
1
6
10
9
6
3
3
2
4
9
12
15
14
12
9
7
9
14
15
11
14
11
7
10
8
12
10
12
15
15
17
14
9
7
7
4
6
8
9
5
11
15
14
16
17
14
15
18
17
16
15
12
11
11
11
10
13
10
11
9
5
0
-2
1
-2
-4
-2
-1
4
2
-5
-9
-12
-13
-12
-9
-7
-8
