-1
-8
-6
-10
-10
-7
-4
-3
-7
-5
-5
-6
-11
-9
-11
-9
-7
-8
-1
0
2
2
-2
1
0
0
2
-1
-3
-5
-6
-3
3
5
4
8
8
8
8
4
3
4
9
12
12
10
7
9
11
11
13
12
8
5
5
7
4
1
2
2
6
1
2
4
4
8
13
12
11
8
1
-2
-1
1
-2
-2
2
3
2
0
-3
-4
-5
-6
-3
-1
-5
-5
-5
-7
-16
-17
-16
-20
-13
-7
-5
-4
-7
-8
-3
-4
-2
-1
-3
1
2
3
3
2
0
-3
-5
-2
0
2
2
4
3
0
2
2
3
5
5
5
5
3
7
9
3
4
5
3
6
10
10
5
6
4
0
-1
-1
-4
-4
-1
-1
-2
-1
-6
-8
-3
-9
-12
-8
-10
-8
-3
-1
-3
-11
-8
-6
-1
-3
0
-2
-1
-1
-4
-4
-4
-4
0
5
0
1
2
0
2
6
3
2
2
2
6
8
2
2
5
8
6
4
2
1
2
2
6
7
1
-1
-5
-4
-7
-3
-2
-4
-2
1
1
3
1
0
-1
-8
-4
-1
0
-1
-3
-8
-14
-12
-5
-1
0
2
0
-2
1
2
-5
-4
-2
-5
-2
1
6
5
2
2
-2
-3
-4
-3
-3
1
-1
-4
-1
-2
1
0
1
4
2
4
6
3
6
5
5
3
6
5
-1
1
2
9
10
11
9
8
7
7
6
6
5
3
1
-3
0
-5
-8
-4
-4
0
3
6
7
9
7
7
7
2
-2
0
-2
-1
2
1
0
5
3
0
1
1
-1
0
2
4
1
-2
-2
0
3
0
1
0
2
1
-2
-3
-5
-5
-4
-2
1
-3
-2
-2
-7
-4
-4
0
4
5
1
-3
-6
-7
-9
-9
-3
-3
-6
-7
-6
-6
-2
-2
-4
-5
-6
-4
-3
-1
-3
-2
1
1
2
4
6
7
7
6
6
3
3
0
-3
-3
0
3
1
4
6
6
3
-2
-4
-2
3
0
-2
-1
0
-3
0
0
-5
-2
0
-2
-5
-4
-8
-7
-7
-8
-12
-13
-15
-9
-11
-8
-6
-8
-10
-9
-5
-5
-6
-9
-5
-6
-6
-2
0
2
3
3
4
5
9
10
9
14
12
8
5
0
0
0
3
6
8
8
11
7
8
8
6
9
8
11
10
12
13
13
16
16
16
19
16
9
8
11
6
6
8
2
2
1
0
2
2
-1
-4
-5
-4
-4
-4
0
-4
-3
-3
-3
-4
-5
-7
-9
-8
-13
-11
-11
-12
-5
-2
-2
-5
-3
-6
-2
1
-3
-1
-6
-11
-9
-9
-9
-7
-6
-7
-6
-8
-10
-8
-13
-15
-12
-10
-7
-3
-6
-7
0
-3
-6
-4
-8
-7
-7
-9
-7
-4
-9
-10
-4
-2
3
5
5
1
-2
-1
-2
-2
-1
5
4
5
7
3
0
4
6
6
13
15
14
16
12
15
14
13
13
11
12
9
13
9
9
12
12
10
13
14
11
11
8
5
8
8
6
9
10
7
2
4
7
4
5
5
6
4
6
3
-2
-3
-8
-11
-11
-12
-7
-7
-3
-1
-2
0
-4
-3
-1
0
-3
-5
-2
-2
-3
-6
-12
-16
-14
-12
-8
-2
-5
-10
-7
-8
-7
-7
-11
-10
-13
-12
-6
-8
-11
-12
-12
-14
-14
-8
-4
-6
-11
-12
-13
-15
-12
-7
-3
-5
-4
-6
-7
-2
-4
-8
-4
-4
-5
-5
3
2
4
9
8
5
3
1
0
1
2
6
4
3
5
6
11
13
11
16
15
18
20
17
14
13
10
9
13
18
19
17
19
22
20
24
25
22
21
18
23
23
26
27
21
18
13
16
19
20
20
17
13
8
4
2
3
-2
-4
-6
-4
-7
-7
-11
-15
-14
-19
-19
-15
-20
-21
-26
-33
-33
-36
-36
-37
-37
-38
-34
-32
-30
-24
-27
-33
-32
-29
-30
-28
-28
-27
-25
-23
-22
-21
-21
-20
-22
-18
-18
-18
-13
-15
-8
-6
-12
-10
-11
-12
-5
7
7
7
12
4
6
8
8
15
15
16
21
24
23
21
27
22
28
35
36
43
39
38
35
33
32
25
25
27
30
33
33
38
36
35
32
34
38
37
38
39
38
39
39
40
41
39
36
31
30
31
35
34
28
25
13
3
-2
-3
-4
-2
-5
-10
-13
-18
-20
-26
-30
-35
-39
-43
-50
-47
-49
-49
-50
-58
-65
-72
-70
-67
-62
-63
-61
-65
-72
-76
-76
-76
-75
-69
-63
-58
-53
-48
-46
-49
-39
-36
-36
-31
-20
-15
-12
-9
-15
-12
-8
-8
-1
7
12
11
14
15
11
17
16
17
18
19
26
31
30
39
42
40
43
44
53
57
64
65
60
58
59
58
63
58
60
59
60
67
72
73
73
70
67
71
80
81
81
79
72
71
69
68
69
68
62
68
71
64
61
61
52
46
38
33
35
28
23
17
-2
-16
-17
-25
-34
-39
-47
-60
-68
-70
-81
-88
-102
-123
-135
-145
-153
-157
-165
-172
-178
-189
-191
-194
-193
-186
-174
-156
-143
-123
-112
-107
-94
-92
-82
-70
-64
-56
-45
-43
-40
-41
-34
-24
-13
-6
-4
-5
-7
1
6
15
17
15
22
30
45
56
69
80
80
84
90
94
101
110
111
124
127
132
136
143
141
139
141
137
136
145
138
137
142
137
133
132
127
124
121
122
120
127
127
120
124
129
131
146
157
154
157
149
131
114
103
96
94
93
80
61
36
7
-19
-27
-34
-40
-57
-78
-99
-126
-146
-159
-170
-187
-205
-236
-254
-273
-291
-295
-296
-302
-305
-309
-317
-318
-324
-312
-302
-286
-266
-256
-233
-224
-206
-181
-159
-145
-131
-116
-111
-94
-75
-63
-52
-44
-38
-30
-22
-13
-1
14
17
23
26
32
45
63
70
82
99
100
114
122
128
129
135
147
155
171
186
204
212
219
219
219
215
214
221
219
220
217
214
209
209
207
201
215
212
198
193
188
176
185
186
181
188
180
175
171
178
176
177
185
187
182
178
180
175
156
139
129
121
128
127
125
106
65
15
-29
-67
-93
-106
-122
-150
-182
-224
-248
-275
-305
-325
-346
-377
-398
-416
-444
-466
-473
-478
-479
-475
-467
-461
-453
-453
-444
-437
-439
-415
-386
-333
-283
-238
-206
-189
-181
-181
-159
-141
-111
-73
-59
-31
-23
-23
-14
-9
-6
-1
-1
12
16
32
49
62
85
90
103
103
115
130
145
173
191
212
225
232
241
263
284
298
311
305
300
306
318
327
335
340
330
330
330
344
357
354
357
347
341
333
328
324
327
321
309
302
300
287
285
283
275
267
241
215
205
180
163
160
159
165
186
192
183
166
134
113
115
95
68
47
-1
-52
-98
-137
-161
-205
-258
-308
-347
-400
-436
-462
-495
-508
-535
-576
-622
-661
-692
-706
-710
-712
-707
-687
-667
-654
-640
-623
-603
-577
-548
-505
-456
-385
-323
-266
-210
-202
-193
-185
-163
-122
-94
-62
-50
-56
-54
-47
-18
2
0
-1
-4
-1
17
42
46
56
67
81
122
151
184
212
232
240
258
293
318
340
370
391
401
431
453
475
483
489
487
485
491
490
501
512
522
521
509
522
512
481
483
484
464
445
433
417
419
392
364
333
285
273
268
252
245
231
186
174
152
131
118
86
70
48
22
12
39
57
65
56
53
43
36
34
45
47
42
-14
-60
-97
-151
-185
-240
-285
-341
-427
-496
-583
-626
-633
-648
-671
-715
-774
-836
-886
-894
-873
-875
-852
-828
-836
-806
-761
-722
-688
-671
-654
-619
-584
-513
-414
-324
-267
-247
-230
-232
-213
-169
-127
-99
-70
-74
-76
-76
-82
-51
-26
-11
-8
-3
24
39
68
109
174
242
258
300
340
387
446
484
517
556
581
598
616
619
634
658
662
638
642
644
627
613
641
654
651
652
619
603
609
608
608
596
559
492
463
452
434
448
449
429
400
381
362
382
372
349
327
284
244
220
212
180
131
76
36
1
-44
-59
-67
-68
-56
-60
-12
-7
4
17
17
41
29
19
7
-24
-72
-131
-168
-194
-226
-264
-347
-461
-583
-716
-791
-821
-849
-876
-943
-998
-1062
-1162
-1223
-1272
-1264
-1256
-1262
-1244
-1230
-1205
-1118
-1029
-965
-860
-783
-707
-622
-491
-415
-329
-272
-249
-240
-206
-149
-104
-53
-18
-1
28
59
40
87
109
140
163
184
228
258
311
368
422
483
546
564
576
636
694
736
802
843
838
847
841
839
836
849
882
867
866
841
825
806
788
783
771
776
753
736
753
750
737
716
698
649
602
574
529
541
534
538
542
504
492
454
406
351
305
277
261
238
225
179
100
33
-4
-63
-95
-135
-192
-214
-280
-284
-306
-288
-254
-266
-250
-205
-163
-168
-148
-128
-178
-223
-275
-349
-417
-447
-492
-530
-577
-685
-803
-924
-1044
-1156
-1237
-1264
-1304
-1342
-1389
-1488
-1523
-1573
-1634
-1631
-1601
-1546
-1505
-1459
-1348
-1199
-1082
-920
-749
-618
-482
-366
-292
-195
-69
57
136
178
202
257
317
375
410
409
391
363
346
357
396
438
427
433
477
532
595
639
661
683
710
751
801
849
960
1021
1042
1040
1057
1079
1061
1085
1089
1088
1081
1067
1047
1037
1021
986
918
865
861
821
779
775
730
693
685
628
610
595
542
532
554
561
533
529
474
400
355
305
267
217
162
103
47
18
-46
-103
-158
-227
-301
-408
-472
-487
-547
-605
-615
-675
-665
-652
-630
-560
-501
-468
-439
-427
-420
-364
-327
-289
-304
-337
-416
-428
-447
-465
-500
-570
-744
-919
-1065
-1222
-1301
-1380
-1470
-1521
-1571
-1631
-1649
-1694
-1690
-1646
-1585
-1546
-1478
-1409
-1296
-1114
-931
-764
-607
-441
-319
-141
0
136
228
301
369
414
498
576
645
669
705
697
640
597
527
470
506
541
584
653
681
678
686
729
756
873
927
1007
1048
1108
1183
1231
1311
1321
1314
1268
1252
1238
1263
1293
1244
1174
1086
1022
968
951
941
851
733
605
552
506
470
440
414
329
253
261
198
194
165
141
145
126
126
76
37
-2
-27
-73
-117
-193
-277
-320
-413
-494
-490
-492
-527
-556
-608
-661
-733
-776
-776
-730
-699
-675
-550
-490
-438
-327
-270
-219
-222
-231
-200
-124
-65
-49
-60
-116
-138
-135
-253
-381
-505
-658
-833
-1034
-1195
-1296
-1375
-1491
-1630
-1699
-1815
-1905
-1960
-1957
-1963
-1954
-1885
-1782
-1593
-1277
-1023
-782
-552
-347
-228
-98
58
169
389
638
820
977
1105
1167
1177
1185
1193
1163
1145
1081
1029
1043
1066
1075
1054
1063
986
936
949
902
912
976
1037
1110
1137
1232
1356
1394
1400
1371
1355
1325
1317
1232
1150
1084
1044
991
926
838
693
555
382
273
207
195
126
22
-71
-127
-166
-200
-257
-318
-314
-350
-351
-334
-347
-363
-319
-304
-287
-237
-202
-204
-221
-235
-316
-343
-398
-402
-408
-434
-480
-585
-639
-597
-604
-652
-712
-721
-684
-634
-528
-401
-249
-216
-209
-156
-80
1
157
242
273
290
250
161
136
29
-126
-254
-425
-615
-787
-979
-1181
-1312
-1475
-1654
-1768
-1804
-1889
-1970
-2013
-1956
-1931
-1805
-1640
-1444
-1219
-967
-697
-412
-156
25
222
370
640
865
1089
1393
1587
1648
1669
1608
1475
1422
1330
1277
1228
1201
1102
1026
917
841
696
485
321
216
151
181
266
392
563
550
555
581
595
598
747
866
972
1120
1012
931
889
807
754
686
616
580
511
386
310
160
19
-122
-229
-189
-178
-158
-154
-288
-460
-636
-719
-704
-543
-337
-146
-78
-160
-222
-163
-111
51
221
323
265
178
114
-8
82
98
158
106
-70
-221
-383
-417
-382
-151
71
199
169
141
58
61
126
222
436
631
639
504
350
149
70
22
-230
-368
-554
-793
-1057
-1266
-1462
-1662
-1792
-2082
-2297
-2377
-2416
-2379
-2349
-2282
-2213
-2154
-2055
-1814
-1398
-920
-509
-199
19
191
396
506
824
1155
1376
1623
1653
1586
1480
1456
1384
1285
1216
1103
938
756
592
504
410
277
112
-41
-78
-107
-81
-13
109
202
290
438
578
738
952
1109
1229
1297
1335
1384
1371
1360
1373
1362
1319
1205
1058
920
704
455
205
-3
-187
-324
-428
-481
-553
-720
-857
-1027
-1096
-1001
-820
-547
-333
-365
-449
-503
-580
-412
-126
133
438
581
542
498
411
264
276
397
392
437
443
210
146
226
215
337
440
373
387
407
202
223
425
367
336
240
-35
-2
0
-226
-444
-547
-877
-1322
-1574
-1839
-1855
-1707
-1815
-1976
-2171
-2392
-2556
-2596
-2456
-2170
-1753
-1531
-1394
-1200
-1047
-763
-484
-201
232
632
803
939
1111
1123
1117
1154
1104
1138
1339
1362
1165
941
678
366
154
76
123
136
129
-49
-359
-574
-656
-604
-406
-44
233
436
554
543
568
751
1019
1247
1444
1665
1765
1702
1617
1500
1384
1353
1329
1305
1202
1036
766
398
75
-191
-234
-247
-249
-304
-427
-587
-824
-1001
-922
-744
-458
-216
-110
-15
3
51
68
442
645
791
1043
1005
1030
1207
1171
922
891
740
430
587
712
845
1026
860
463
194
187
81
193
424
601
604
165
-470
-753
-834
-772
-642
-867
-1141
-1512
-2079
-2634
-2718
-2503
-2448
-2339
-2533
-2832
-2850
-2917
-2936
-2687
-2226
-1909
-1700
-1498
-1417
-1093
-757
-548
-214
231
604
783
837
907
970
1012
970
985
1087
1098
953
585
189
-53
-219
-336
-342
-264
-247
-347
-503
-704
-702
-501
-230
58
264
454
557
655
821
1119
1493
1777
1957
2050
2122
2160
2177
2117
2126
2151
2102
2006
1838
1713
1418
1131
827
553
499
449
437
333
116
-140
-396
-487
-361
-82
214
353
453
304
213
302
463
724
958
1153
1056
1050
1139
1112
1250
1151
878
541
300
425
686
1105
1058
868
409
-79
-276
-305
38
322
366
-69
-694
-1029
-1363
-1410
-1454
-1685
-1973
-2342
-2733
-3162
-3306
-3292
-3405
-3468
-3540
-3581
-3499
-3439
-3383
-3314
-3086
-2705
-2293
-1864
-1366
-902
-663
-541
-290
-37
412
919
1118
1204
1171
1065
855
866
989
1017
1020
678
176
-238
-449
-547
-626
-514
-435
-499
-617
-712
-696
-522
-243
-10
193
426
702
915
1157
1430
1640
1879
2175
2360
2555
2684
2742
2635
2585
2586
2548
2481
2297
2097
1860
1620
1408
1249
1132
1025
923
770
537
377
320
409
546
721
841
842
794
770
884
1055
1274
1456
1532
1456
1278
973
981
1154
1270
1343
1217
899
349
140
210
333
574
549
329
7
-177
-489
-639
-436
-331
-289
-588
-990
-1323
-1607
-1902
-2257
-2470
-2591
-2716
-3083
-3499
-3791
-4014
-4242
-4363
-4300
-4121
-3910
-3790
-3802
-3740
-3474
-3141
-2689
-2117
-1613
-1149
-801
-624
-518
-293
126
432
751
1006
1100
1049
909
648
524
632
654
555
310
-63
-445
-702
-837
-825
-599
-437
-339
-373
-360
-289
-117
181
509
884
1163
1456
1670
1868
2170
2530
2782
2910
3009
3022
3047
3051
2994
2907
2806
2734
2562
2313
2133
1924
1812
1692
1626
1566
1504
1352
1240
1112
1005
1124
1295
1483
1589
1565
1434
1286
1325
1407
1674
1987
2046
1943
1645
1378
1099
1175
1313
1191
1061
544
215
35
174
449
397
382
11
-331
-633
-892
-678
-510
-354
-654
-1197
-1556
-1877
-2048
-2327
-2525
-2853
-3203
-3525
-3970
-4270
-4453
-4597
-4746
-4702
-4601
-4467
-4382
-4293
-4288
-4189
-3770
-3353
-2789
-2342
-1911
-1608
-1312
-993
-602
-78
252
425
337
380
386
620
866
893
747
291
-142
-497
-525
-390
-183
-190
-474
-758
-976
-854
-465
-11
342
508
488
450
687
1075
1672
2164
2470
2497
2465
2575
2755
3069
3321
3397
3356
3208
2973
2811
2737
2639
2536
2419
2292
2089
1892
1703
1534
1471
1501
1649
1744
1764
1677
1532
1395
1442
1664
1996
2248
2276
2136
1890
1724
1712
1904
2056
2057
1869
1439
1156
956
811
830
705
395
186
161
147
163
192
-1
-277
-612
-934
-887
-643
-463
-660
-1065
-1544
-1981
-2318
-2551
-2621
-2825
-3068
-3555
-4098
-4499
-4683
-4723
-4735
-4719
-4757
-4839
-4884
-4779
-4615
-4299
-3802
-3344
-2933
-2674
-2397
-2128
-1744
-1270
-701
-207
79
121
-52
-69
62
333
632
803
693
320
-180
-527
-560
-392
-112
58
-84
-350
-518
-497
-220
219
724
1013
1107
1098
1099
1311
1743
2228
2617
2818
2891
2890
2866
2951
3128
3321
3394
3357
3161
2862
2626
2422
2335
2339
2298
2146
1946
1670
1384
1321
1373
1634
1884
1923
1849
1562
1407
1463
1715
2068
2286
2307
2107
1824
1647
1636
1803
1963
1913
1710
1335
968
665
670
618
518
526
422
431
232
217
54
-230
-406
-663
-645
-496
-274
-564
-996
-1432
-1874
-2133
-2326
-2353
-2621
-2954
-3446
-3983
-4292
-4331
-4322
-4388
-4462
-4735
-4912
-4996
-4861
-4556
-4209
-3841
-3577
-3297
-3004
-2599
-2236
-1816
-1464
-1098
-660
-366
-167
-140
-124
-151
13
232
378
483
332
27
-326
-525
-516
-323
-27
48
-103
-340
-418
-257
68
582
885
941
973
1012
1192
1638
2076
2425
2641
2714
2740
2743
2876
3012
3126
3277
3277
3122
2943
2764
2599
2498
2414
2292
2147
2049
1979
1866
1777
1726
1732
1768
1846
1874
1857
1846
1796
1707
1767
1902
1963
2016
1984
1846
1720
1577
1474
1417
1305
1212
994
713
405
145
24
75
159
231
311
163
-72
-244
-378
-468
-490
-374
-210
-222
-442
-768
-1164
-1469
-1669
-1795
-1946
-2145
-2538
-2986
-3309
-3600
-3734
-3842
-3987
-4178
-4427
-4662
-4708
-4613
-4434
-4168
-3984
-3816
-3635
-3451
-3147
-2780
-2411
-2088
-1795
-1447
-1171
-984
-883
-847
-745
-558
-329
-85
72
35
-131
-278
-267
-160
0
66
89
50
32
152
424
709
887
976
1011
1025
1214
1502
1845
2099
2225
2285
2330
2529
2766
2958
3068
3091
3069
3116
3200
3239
3226
3117
2941
2772
2670
2663
2583
2486
2351
2181
2040
1948
1955
1938
1945
1916
1904
1889
1816
1731
1694
1690
1613
1548
1496
1411
1339
1287
1194
1064
936
732
564
346
149
38
-27
18
89
106
50
45
-144
-307
-413
-640
-676
-658
-725
-798
-982
-1390
-1764
-1977
-2144
-2167
-2205
-2362
-2737
-3165
-3431
-3582
-3619
-3554
-3513
-3586
-3721
-3874
-3983
-3976
-3860
-3734
-3583
-3425
-3336
-3269
-3111
-2904
-2730
-2425
-2348
-2189
-1754
-1636
-1690
-1800
-1751
-1496
-1199
-1033
-871
-358
-198
-381
-502
-373
50
409
623
771
838
934
1022
1109
1442
1747
1925
2016
2114
2301
2408
2435
2468
2546
2702
2830
2923
2978
2951
2912
2806
2760
2793
2866
2889
2847
2761
2618
2602
2548
2530
2544
2527
2548
2597
2546
2481
2463
2380
2364
2356
2304
2230
2127
2022
1809
1679
1583
1479
1392
1269
1089
900
742
561
401
272
146
102
131
181
243
170
-35
-243
-430
-433
-272
-231
-275
-351
-613
-881
-1030
-1218
-1405
-1630
-1884
-2106
-2429
-2636
-2888
-3286
-3530
-3774
-4113
-4276
-4367
-4425
-4417
-4348
-4271
-4296
-4291
-4284
-4214
-4003
-3719
-3548
-3310
-3120
-3048
-2885
-2680
-2447
-2224
-2088
-1974
-1831
-1631
-1467
-1258
-1074
-970
-797
-610
-387
-161
92
279
367
484
716
961
1169
1386
1508
1646
1878
2124
2333
2524
2675
2726
2795
2905
3077
3242
3371
3364
3247
3138
3131
3118
3080
3074
3061
2998
2926
2870
2822
2783
2742
2696
2673
2710
2755
2808
2794
2717
2690
2643
2572
2560
2469
2421
2368
2241
2070
1865
1661
1452
1388
1289
1195
1031
816
620
507
551
674
769
608
418
159
-159
-204
-94
-110
-75
-83
-363
-630
-891
-1256
-1503
-1757
-1880
-2024
-2267
-2466
-2895
-3416
-3741
-4075
-4394
-4449
-4481
-4644
-4758
-4767
-4747
-4773
-4742
-4679
-4720
-4516
-4196
-3970
-3658
-3418
-3334
-3236
-3022
-2729
-2450
-2197
-2012
-1893
-1791
-1613
-1455
-1343
-1159
-1019
-871
-547
-235
-5
73
89
165
306
599
919
1143
1295
1395
1444
1702
1936
2075
2268
2403
2473
2584
2826
3006
3041
3082
3087
3021
3014
3046
3038
3171
3197
3145
3116
3018
2901
2866
2898
2881
2896
2933
2912
2882
2854
2876
2887
2854
2850
2783
2749
2733
2693
2591
2465
2395
2301
2147
1999
1848
1653
1460
1309
1213
1155
1178
1230
1149
977
750
557
347
283
389
337
194
138
-58
-317
-516
-852
-1190
-1571
-1847
-1982
-2191
-2422
-2809
-3365
-3774
-4047
-4329
-4445
-4470
-4591
-4682
-4687
-4637
-4638
-4677
-4734
-4761
-4606
-4318
-4068
-3850
-3727
-3715
-3686
-3478
-3117
-2785
-2527
-2351
-2220
-2122
-1950
-1762
-1593
-1446
-1317
-1142
-871
-616
-452
-352
-355
-286
-139
192
509
774
972
1025
1159
1373
1563
1661
1751
1916
2123
2302
2507
2611
2625
2649
2697
2733
2863
3014
2976
2939
2968
3009
3037
3045
2988
2951
2915
2932
2964
3013
3061
3069
3024
2983
2968
2920
2865
2849
2852
2847
2839
2828
2720
2609
2478
2326
2199
2053
1913
1695
1529
1428
1334
1340
1411
1493
1447
1184
908
651
479
531
585
556
533
344
42
-282
-622
-979
-1303
-1495
-1620
-1840
-2229
-2663
-3206
-3615
-3828
-4077
-4182
-4285
-4436
-4515
-4457
-4375
-4380
-4431
-4541
-4617
-4477
-4153
-3847
-3687
-3578
-3561
-3564
-3376
-3047
-2748
-2572
-2427
-2306
-2143
-1924
-1725
-1612
-1586
-1493
-1334
-1077
-764
-569
-501
-558
-555
-399
-201
59
305
484
637
822
991
1187
1301
1388
1507
1668
1929
2132
2317
2389
2432
2482
2534
2608
2652
2702
2731
2810
2864
2880
2830
2772
2694
2682
2730
2786
2786
2762
2717
2713
2750
2750
2759
2642
2591
2523
2503
2570
2640
2599
2406
2258
2171
2099
2014
1937
1791
1671
1555
1542
1505
1527
1669
1680
1543
1309
1145
909
836
987
959
930
931
699
299
-4
-388
-863
-1158
-1263
-1380
-1665
-2014
-2599
-3191
-3525
-3807
-4028
-4078
-4153
-4265
-4305
-4255
-4256
-4363
-4423
-4468
-4426
-4164
-3819
-3598
-3485
-3415
-3391
-3278
-3012
-2729
-2620
-2468
-2318
-2163
-1973
-1808
-1735
-1702
-1628
-1480
-1209
-929
-807
-809
-786
-786
-629
-350
-114
52
164
257
396
601
811
921
1058
1247
1430
1667
1871
1999
2063
2106
2235
2331
2448
2549
2540
2575
2654
2791
2835
2880
2851
2712
2608
2590
2631
2653
2603
2572
2560
2568
2588
2511
2400
2316
2287
2320
2365
2388
2352
2238
2138
2000
1881
1760
1656
1559
1508
1601
1688
1745
1884
1999
1903
1736
1589
1375
1316
1472
1458
1434
1479
1279
992
709
320
-190
-628
-805
-909
-1064
-1363
-1878
-2576
-3094
-3408
-3726
-3840
-3945
-4136
-4237
-4181
-4134
-4203
-4351
-4443
-4476
-4276
-3916
-3717
-3558
-3547
-3644
-3616
-3369
-3029
-2772
-2660
-2549
-2463
-2303
-2092
-1980
-1882
-1835
-1724
-1462
-1159
-901
-818
-889
-883
-821
-612
-365
-188
-40
119
257
390
554
648
708
891
1081
1300
1587
1735
1787
1879
1929
1965
2076
2188
2230
2344
2487
2593
2729
2779
2725
2655
2701
2733
2760
2821
2842
2787
2784
2845
2832
2783
2707
2575
2455
2408
2442
2430
2376
2392
2304
2177
2123
1985
1797
1646
1575
1549
1602
1681
1840
2015
2016
1843
1632
1457
1377
1579
1623
1623
1706
1493
1264
1064
720
235
-241
-582
-641
-817
-1131
-1537
-2226
-2773
-3179
-3516
-3718
-3800
-4044
-4217
-4169
-4077
-4126
-4293
-4458
-4665
-4518
-4191
-3919
-3722
-3681
-3773
-3784
-3572
-3233
-2948
-2815
-2702
-2618
-2492
-2263
-2088
-1964
-1875
-1749
-1501
-1215
-909
-774
-862
-869
-782
-654
-397
-132
-8
58
180
355
470
587
703
739
836
1087
1332
1478
1535
1533
1536
1655
1768
1845
1877
1962
2050
2166
2273
2391
2359
2336
2431
2497
2610
2691
2756
2720
2776
2845
2920
2928
2853
2758
2568
2532
2576
2556
2537
2463
2342
2290
2288
2266
2231
2077
1878
1859
1886
1968
2238
2494
2463
2165
1954
1695
1619
1804
1757
1737
1815
1742
1529
1311
884
296
-146
-317
-395
-620
-866
-1434
-2210
-2709
-3068
-3450
-3646
-3748
-3942
-4026
-3970
-3932
-4068
-4256
-4405
-4495
-4349
-4027
-3864
-3771
-3732
-3803
-3747
-3530
-3271
-3190
-3135
-2941
-2732
-2539
-2332
-2302
-2344
-2230
-1985
-1689
-1338
-1107
-1133
-1107
-946
-756
-557
-392
-366
-248
-107
80
310
467
535
579
725
871
999
1093
1172
1172
1284
1445
1491
1545
1538
1504
1473
1573
1733
1781
1856
1938
2000
2041
2148
2204
2220
2289
2383
2513
2685
2798
2876
2848
2821
2797
2720
2670
2630
2589
2541
2577
2517
2475
2394
2217
2099
2020
2025
2047
2173
2381
2562
2611
2438
2231
1987
1894
1980
1961
2050
2170
2074
1920
1705
1262
721
284
-58
-180
-296
-566
-979
-1626
-2130
-2559
-2996
-3215
-3424
-3653
-3774
-3759
-3785
-3887
-4037
-4293
-4472
-4384
-4088
-3830
-3631
-3548
-3673
-3694
-3599
-3371
-3234
-3137
-2947
-2794
-2594
-2337
-2191
-2155
-2158
-2066
-1828
-1496
-1191
-1120
-1106
-1125
-1073
-823
-539
-368
-217
-148
-69
100
231
340
349
348
459
634
790
922
950
960
997
1075
1234
1270
1246
1236
1267
1347
1442
1574
1611
1646
1728
1835
1956
2034
2050
2033
2140
2341
2477
2562
2565
2510
2453
2456
2540
2537
2464
2402
2316
2270
2330
2338
2206
2066
1965
1896
1959
2187
2435
2626
2598
2389
2207
2063
2081
2300
2323
2405
2490
2364
2197
1967
1506
977
609
329
269
178
-77
-584
-1292
-1790
-2220
-2634
-2867
-3084
-3320
-3418
-3392
-3380
-3492
-3678
-3868
-4056
-3971
-3763
-3639
-3577
-3567
-3611
-3564
-3397
-3265
-3168
-3120
-2997
-2855
-2678
-2458
-2352
-2369
-2335
-2155
-1909
-1652
-1443
-1317
-1331
-1254
-1046
-888
-663
-484
-402
-306
-120
54
241
323
314
311
347
564
753
761
827
810
726
836
973
995
994
999
970
1062
1236
1287
1279
1324
1326
1420
1573
1687
1764
1842
1955
2069
2268
2411
2475
2497
2462
2466
2451
2421
2391
2372
2352
2358
2413
2413
2365
2278
2198
2179
2373
2682
2821
2737
2556
2339
2243
2370
2382
2419
2520
2424
2330
2233
1940
1395
930
637
518
486
333
-43
-676
-1217
-1658
-2068
-2322
-2547
-2891
-3042
-2979
-2933
-2988
-3175
-3506
-3789
-3765
-3550
-3342
-3273
-3291
-3488
-3546
-3402
-3238
-3117
-3119
-3062
-2955
-2717
-2443
-2359
-2368
-2384
-2314
-2080
-1785
-1480
-1406
-1447
-1375
-1257
-1082
-842
-715
-632
-506
-352
-127
116
209
167
177
182
328
505
589
579
532
492
553
654
703
745
717
750
827
914
1011
982
919
968
1120
1291
1435
1506
1520
1501
1566
1736
1926
2102
2207
2252
2315
2372
2390
2324
2193
2164
2220
2285
2400
2441
2354
2254
2218
2287
2507
2722
2742
2640
2517
2389
2400
2528
2477
2499
2509
2457
2380
2240
1846
1334
931
682
638
594
422
-85
-695
-1181
-1527
-1807
-2074
-2443
-2809
-2960
-2841
-2726
-2757
-2922
-3313
-3558
-3491
-3276
-3111
-3060
-3157
-3280
-3263
-3113
-2928
-2946
-3010
-3047
-2932
-2634
-2396
-2297
-2360
-2468
-2408
-2182
-1837
-1515
-1445
-1454
-1486
-1325
-1109
-960
-827
-735
-654
-499
-272
-69
-2
-33
-11
160
366
504
608
542
488
505
576
697
777
713
596
649
747
812
921
908
824
905
1087
1253
1427
1497
1479
1517
1706
1844
2001
2103
2119
2226
2306
2423
2478
2420
2320
2295
2266
2333
2409
2421
2357
2286
2265
2386
2605
2692
2650
2432
2277
2187
2277
2393
2394
2434
2316
2186
2098
1886
1476
1094
751
589
588
490
302
-212
-747
-1137
-1556
-1799
-2042
-2395
-2740
-2814
-2777
-2748
-2742
-2918
-3223
-3398
-3355
-3229
-3073
-3012
-3081
-3179
-3104
-2972
-2822
-2779
-2860
-2868
-2731
-2570
-2411
-2271
-2262
-2285
-2177
-1988
-1717
-1563
-1551
-1494
-1424
-1279
-1091
-902
-836
-741
-643
-495
-258
-117
-67
14
171
357
521
615
635
579
564
636
765
895
937
880
810
827
906
974
995
958
917
915
1017
1137
1214
1203
1157
1160
1271
1499
1684
1803
1841
1898
2000
2139
2228
2242
2207
2141
2120
2151
2249
2289
2274
2285
2270
2372
2559
2670
2634
2486
2337
2258
2306
2372
2356
2445
2410
2269
2205
2031
1591
1188
824
637
623
476
294
-100
-536
-871
-1176
-1456
-1768
-2111
-2375
-2521
-2567
-2549
-2610
-2758
-2990
-3131
-3080
-3043
-3029
-3055
-3124
-3213
-3167
-3006
-2903
-2841
-2820
-2873
-2857
-2689
-2568
-2501
-2482
-2438
-2303
-2166
-1937
-1783
-1733
-1729
-1676
-1569
-1364
-1197
-1041
-903
-819
-686
-485
-333
-222
-122
-36
192
442
633
697
669
622
615
746
907
1053
1076
1062
1047
1081
1121
1074
1037
959
977
1068
1222
1363
1382
1384
1414
1477
1599
1708
1821
1865
1907
2014
2144
2167
2191
2167
2094
2027
2051
2102
2160
2183
2143
2143
2175
2271
2394
2516
2465
2322
2171
2058
2055
2075
2051
2078
2077
2014
1897
1655
1299
926
636
470
406
294
75
-258
-606
-903
-1228
-1493
-1776
-2086
-2284
-2420
-2387
-2412
-2540
-2682
-2891
-3019
-3012
-2920
-2909
-2902
-2945
-3012
-2967
-2865
-2741
-2687
-2707
-2731
-2722
-2643
-2557
-2431
-2317
-2303
-2280
-2155
-1978
-1770
-1622
-1588
-1586
-1547
-1420
-1217
-928
-726
-575
-478
-368
-229
-125
-85
-43
61
288
559
797
971
943
872
857
980
1124
1198
1266
1242
1202
1205
1191
1106
1063
993
984
1127
1342
1487
1497
1472
1426
1469
1583
1710
1815
1887
1956
2000
2052
2117
2110
2040
1999
2005
2056
2119
2169
2138
2068
2020
1986
2031
2075
2163
2137
1954
1789
1635
1530
1514
1504
1478
1487
1415
1317
1117
853
581
287
73
-12
-68
-249
-436
-712
-996
-1288
-1532
-1693
-1925
-2089
-2204
-2257
-2297
-2296
-2367
-2469
-2577
-2685
-2676
-2665
-2663
-2650
-2626
-2619
-2547
-2418
-2398
-2446
-2543
-2621
-2549
-2456
-2323
-2219
-2123
-2054
-1985
-1816
-1660
-1561
-1537
-1485
-1346
-1212
-1057
-904
-802
-737
-626
-493
-287
-33
96
162
225
346
482
688
838
945
1028
1114
1178
1289
1402
1395
1368
1303
1299
1320
1361
1350
1374
1412
1403
1337
1393
1480
1537
1605
1700
1793
1857
1897
1895
1859
1812
1725
1699
1758
1813
1856
1821
1844
1791
1709
1671
1628
1644
1623
1579
1552
1520
1472
1415
1338
1225
1104
979
957
965
977
996
1017
903
741
524
265
65
-118
-213
-268
-354
-461
-695
-924
-1097
-1376
-1589
-1724
-1893
-2010
-1999
-1984
-2072
-2146
-2188
-2319
-2395
-2365
-2330
-2289
-2272
-2227
-2206
-2259
-2311
-2368
-2432
-2462
-2492
-2403
-2261
-2147
-2027
-1977
-1956
-1957
-1883
-1819
-1677
-1488
-1279
-1105
-984
-831
-789
-732
-605
-468
-367
-163
31
170
366
526
584
689
773
831
970
1049
1168
1275
1360
1398
1411
1423
1430
1454
1447
1507
1532
1569
1616
1648
1690
1706
1739
1770
1841
1880
1869
1838
1795
1744
1743
1710
1686
1667
1716
1955
2013
2020
1672
1251
909
744
778
945
1375
1480
1231
511
-199
-305
179
1043
1763
1856
1216
408
-362
-370
599
2027
3190
3465
2608
1112
-152
-792
-728
-73
677
1028
820
88
-750
-1493
-2210
-2896
-3441
-3730
-3679
-3363
-2927
-2557
-2688
-3320
-4242
-5000
-5299
-5124
-4482
-3534
-2652
-2145
-2069
-2302
-2679
-2978
-2935
-2369
-1463
-493
313
905
1186
1216
944
659
714
866
1222
1780
2415
2853
2776
2193
1369
750
342
112
213
317
201
-107
-444
-754
-1103
-1454
-1970
-2289
-2157
-1828
-1391
-897
-486
-413
-524
-473
-285
229
917
1583
2275
2785
3001
3145
3167
3093
3038
2916
2883
2915
2914
2810
2527
2126
1666
1243
897
743
627
473
322
58
-202
-261
-36
240
692
1384
2882
4593
5491
5581
4777
3545
2654
2339
2876
4767
7100
7453
6033
3851
774
-1752
-3220
-4001
-3698
-3225
-3745
-4658
-4704
-4743
-5630
-7081
-8884
-9772
-9362
-8446
-6470
-3752
-1942
-1716
-2290
-2657
-2298
-1534
-684
680
2666
3930
4553
5083
5282
5153
3987
1970
861
745
836
963
1326
1149
-144
-2089
-4173
-5300
-5562
-5904
-5964
-5277
-4260
-3630
-3275
-2818
-2447
-2313
-2520
-2486
-1445
356
2205
3695
5069
5526
5117
4385
3806
3784
3954
3841
3684
3696
3693
3382
2776
1788
425
-979
-2324
-2913
-2689
-2206
-1741
-1595
-1747
-1951
-2062
-2157
-1776
-955
-271
507
1505
2493
3521
4288
4648
4736
4742
4650
4676
4990
5164
5358
5239
4776
4352
3782
3140
3537
4680
4915
4758
3889
1758
180
-638
-1474
-723
1279
1806
866
-365
-2584
-4515
-5314
-6357
-6924
-6917
-7179
-7110
-6077
-4483
-3642
-3962
-4943
-6017
-6497
-6147
-4631
-2316
110
1698
1787
1858
2543
2680
2532
2124
1561
1221
1159
1627
2490
3323
2922
990
-1410
-3332
-4512
-5230
-5216
-4646
-4244
-4120
-4329
-4424
-4132
-4350
-4900
-4941
-4281
-3082
-1264
810
2464
3572
3739
3242
3069
3275
3782
4200
4415
4715
4651
4255
3969
3539
2684
1350
-250
-1621
-2245
-2399
-2297
-1963
-1840
-1982
-2251
-2514
-2337
-1873
-1414
-851
-111
846
2097
3366
4436
5297
5588
5429
5343
5421
5547
5856
5999
5603
5215
4716
4088
3647
3254
2739
3254
4058
3765
3582
2814
822
-350
-1322
-2246
-1395
277
767
527
118
-1735
-3218
-4047
-5598
-6301
-6506
-6567
-5830
-4491
-2699
-1704
-1807
-2407
-3779
-4996
-5396
-4596
-3197
-1432
182
1170
2398
3198
3039
2655
1639
279
-831
-1307
-831
53
728
858
226
-853
-2052
-3287
-4604
-5347
-5801
-6180
-5846
-5164
-4113
-2967
-2437
-2228
-2097
-2169
-2176
-1527
-615
430
1864
2925
3927
4934
5187
5063
4438
3310
2094
1223
931
929
1140
1166
743
141
-679
-1467
-2187
-2723
-3123
-3483
-3184
-2379
-1373
-50
1050
1594
1879
2023
2103
2414
3042
3807
4625
5395
6009
6580
6865
6728
6011
4828
3904
2931
2359
2393
2332
2417
2989
4152
4353
4012
3410
1260
-317
-1228
-2248
-1623
187
1642
1724
1534
534
-1264
-1906
-3295
-5116
-6046
-6872
-6803
-5943
-4080
-2059
-1260
-1145
-2282
-3681
-4587
-5052
-4728
-4029
-2755
-1398
197
2325
3742
4605
4454
2894
790
-1124
-2030
-2142
-1710
-807
-207
84
-51
-568
-1518
-2862
-4206
-5975
-7196
-7325
-6946
-5497
-3619
-2243
-1274
-785
-1109
-1190
-808
-1270
-1154
150
1045
1912
3489
4916
5566
5581
4554
3095
2469
1560
293
-233
-348
-578
-852
-544
-197
24
4
-938
-2071
-2416
-2401
-2257
-1517
-378
929
2331
3173
3867
4487
4962
4524
4111
3915
4157
4713
4935
5882
5724
5564
4698
4088
3158
2007
1733
434
48
70
1137
3102
3800
4630
3840
2282
1231
-372
-723
-201
1232
1994
1818
1713
344
-149
-947
-2991
-4150
-5687
-6752
-7111
-6638
-4890
-3527
-2679
-2607
-3281
-3673
-3992
-3956
-3774
-3254
-2517
-1915
-355
1450
3004
4402
4611
3858
2587
1025
-235
-1167
-1615
-1891
-2078
-2107
-1885
-1668
-1792
-2235
-3235
-4740
-6227
-7266
-7392
-6864
-5928
-4474
-3050
-1690
-503
473
971
1220
1255
831
926
1228
1797
2755
3529
4169
4506
4432
3739
2909
1944
523
-721
-1635
-2253
-2411
-2097
-1312
-612
-161
45
48
-89
-344
-417
-395
-160
537
1533
2931
4331
5338
6141
6282
5919
5539
5077
4580
4283
4065
3727
3682
3385
3082
2995
2657
2299
2416
3452
3902
4150
4104
2908
2160
1408
429
571
1522
2265
2006
1744
809
-680
-1155
-2541
-4217
-5253
-6508
-7013
-7080
-6150
-4604
-3776
-3039
-2922
-3116
-3092
-3062
-2869
-2988
-2472
-2223
-1482
389
1951
3532
4494
4479
3657
2182
806
-489
-1545
-2504
-3433
-3859
-3887
-3418
-2866
-2703
-2850
-3855
-5159
-6429
-7312
-7356
-6967
-6246
-5082
-3851
-2268
-537
818
1956
2651
2583
2168
1923
1838
2016
2571
3059
3572
4121
4348
4361
4047
3045
1622
-206
-1906
-2775
-3165
-2864
-2124
-1576
-905
-220
280
541
587
427
-15
-339
-87
672
1910
3359
4816
5700
6057
6213
5970
5501
5096
4354
3637
3111
2595
2398
2574
2678
2547
2474
2873
4076
4706
4975
4793
3443
2506
1683
657
810
1941
2596
2234
1908
1153
139
-228
-1730
-3338
-4641
-6398
-7165
-7336
-6604
-5299
-4612
-3844
-3342
-3018
-2417
-1789
-1426
-1500
-1679
-1974
-1662
-279
1095
2491
3594
3834
3720
3057
2350
1571
84
-1722
-3490
-4787
-5377
-5185
-4719
-4280
-3980
-4272
-4901
-5368
-5805
-6260
-6651
-7045
-6892
-6088
-4859
-2756
-537
1405
2768
3423
3916
3897
3797
3574
3114
2629
2187
2117
2297
2806
3233
2918
2275
1285
-113
-1120
-1913
-2539
-3000
-3294
-3021
-2340
-1388
-292
562
1137
1466
1797
1991
2376
3080
3375
3765
4129
4507
5223
5859
6084
6062
5694
4947
4188
3423
2653
2106
1424
815
667
1151
2788
3897
4381
4748
3996
3337
2809
2175
2060
2326
2538
1780
1418
959
171
366
-584
-1691
-2673
-4354
-5054
-5710
-5818
-5222
-5291
-5029
-4655
-4128
-3206
-2264
-1434
-1365
-1243
-1246
-1077
51
757
1263
1803
1853
2034
1943
1919
1783
748
-608
-2129
-3365
-4200
-4649
-4918
-5391
-5685
-6209
-6620
-6261
-5972
-5785
-5759
-5995
-5992
-5600
-4655
-3374
-2027
-707
395
1339
2176
3171
3926
4058
4074
3708
3222
3061
2801
2748
2671
2234
1675
1175
754
279
-249
-973
-1648
-2092
-2304
-2096
-1537
-1091
-741
-466
-207
376
991
1788
2544
3095
3477
3855
4457
4947
5391
5614
5347
4872
4442
4030
3740
3450
3045
2599
2040
1695
1573
2133
3331
4052
4459
4476
3916
3716
3560
2992
2780
3165
2985
2210
1683
846
91
-181
-1093
-2105
-3025
-4182
-5068
-5684
-5757
-5519
-5379
-5025
-4713
-4115
-3323
-2550
-1859
-1437
-1010
-958
-736
-21
504
960
1409
1650
1755
1835
1870
1466
726
-281
-1654
-2859
-3816
-4413
-4904
-5509
-5722
-6029
-6254
-5970
-5879
-5847
-5832
-5949
-5857
-5226
-4153
-3082
-1725
-444
531
1670
2637
3578
4267
4568
4640
4243
3863
3553
3221
3027
2563
1866
1141
396
-255
-879
-1283
-1851
-2439
-2642
-2956
-2927
-2572
-2405
-2093
-1819
-1452
-898
-286
740
1672
2570
3527
4305
5095
5695
6140
6189
5851
5533
4984
4540
4319
3936
3657
3251
2937
2761
2576
3317
4059
4182
4368
3938
3333
3153
2721
2240
2286
2464
2010
1498
1023
253
-76
-717
-1764
-2521
-3618
-4432
-4689
-4846
-4540
-4346
-4318
-4115
-3835
-3329
-2744
-2163
-1734
-1525
-1417
-1262
-591
48
347
727
812
839
1084
1161
1173
784
-88
-1108
-2136
-2917
-3452
-3851
-4435
-4990
-5304
-5660
-5572
-5385
-5418
-5319
-5522
-5667
-5221
-4608
-3740
-2665
-1572
-586
407
1519
2408
3226
3613
3581
3424
3003
2826
2807
2647
2528
2062
1384
712
27
-506
-973
-1413
-1819
-2012
-2005
-1872
-1586
-1413
-1352
-1271
-1286
-1204
-748
-105
676
1519
2364
3388
4304
5052
5701
5847
5551
5234
4747
4192
3997
3702
3393
3173
3027
3086
2985
3070
3646
4057
4022
4032
3910
3507
3480
3320
2797
2973
3075
2528
2021
1295
467
-270
-1165
-1848
-2519
-3261
-3775
-4072
-4344
-4403
-4192
-4234
-4134
-3785
-3591
-3175
-2688
-2277
-1822
-1614
-1310
-684
-159
209
751
1150
1255
1398
1368
1049
587
-233
-1110
-1821
-2545
-3100
-3584
-4032
-4464
-4865
-5311
-5525
-5565
-5723
-5858
-5826
-5674
-5258
-4654
-3927
-2975
-1962
-923
131
1207
2086
2598
2938
3019
2931
2980
2961
3025
3033
2979
2728
2189
1647
958
73
-712
-1469
-1949
-2132
-2159
-1965
-1857
-1685
-1698
-1661
-1521
-1458
-1068
-765
-198
630
1415
2630
3795
4783
5519
5781
5906
5649
5305
4947
4385
4000
3555
3347
3349
3355
3603
3604
3786
4173
4044
4050
3905
3692
3474
3099
2880
2618
2707
2607
1987
1464
602
-238
-931
-1765
-2253
-2935
-3626
-3933
-4236
-4234
-4083
-3963
-3812
-3761
-3471
-3242
-2862
-2304
-1941
-1610
-1398
-1036
-481
-7
553
1091
1311
1484
1429
1237
914
281
-424
-1226
-2052
-2685
-3125
-3616
-4059
-4382
-4858
-5304
-5589
-5818
-6043
-6075
-6040
-5796
-5168
-4451
-3413
-2273
-1304
-239
695
1345
2003
2367
2578
2765
2803
2900
2924
2924
2734
2321
1827
1225
599
-62
-654
-1091
-1701
-2087
-2262
-2496
-2434
-2448
-2436
-2287
-2215
-1858
-1348
-682
174
1058
2030
2942
3989
4941
5545
6047
6160
6067
5827
5382
5194
4761
4470
4346
4060
4011
3854
3795
4004
4127
4131
3923
3777
3447
2966
2658
2142
1987
1867
1398
1088
414
-178
-559
-1118
-1440
-1896
-2500
-2993
-3405
-3422
-3389
-3169
-2865
-2798
-2534
-2465
-2389
-2083
-1995
-1850
-1751
-1686
-1224
-771
-110
438
766
1103
1008
884
671
227
-215
-934
-1548
-2175
-2899
-3281
-3810
-4307
-4612
-5027
-5260
-5415
-5550
-5548
-5664
-5565
-5301
-4949
-4333
-3647
-2607
-1523
-465
573
1304
1933
2287
2464
2676
2700
2682
2585
2324
1993
1496
1063
649
108
-292
-715
-1105
-1371
-1704
-1774
-1864
-2133
-2289
-2468
-2473
-2352
-1992
-1341
-682
179
1150
2205
3372
4312
5174
5704
5893
6065
5934
5701
5454
5067
4635
4250
3996
3815
3639
3494
3378
3409
3494
3469
3402
3202
2999
2709
2369
2184
2057
1932
1591
1167
669
265
-123
-420
-630
-1095
-1558
-2078
-2399
-2427
-2487
-2465
-2485
-2543
-2445
-2370
-2147
-1902
-1836
-1892
-2101
-2037
-1728
-1273
-663
-169
299
648
727
822
676
314
-203
-997
-1632
-2173
-2640
-2934
-3322
-3718
-4181
-4570
-4774
-4928
-4963
-5008
-5120
-5007
-4820
-4469
-3773
-3017
-2280
-1579
-813
-69
609
1223
1546
1677
1918
1892
1885
2026
1811
1592
1165
623
307
-69
-352
-662
-1013
-1285
-1647
-1838
-2005
-2214
-2324
-2486
-2435
-2295
-1946
-1279
-625
283
1323
2267
3227
4092
4862
5274
5382
5491
5412
5143
4990
4813
4559
4294
4161
3964
3716
3609
3426
3306
3211
3239
3299
3156
3159
3084
2773
2743
2598
2374
2181
1846
1428
881
529
118
-340
-713
-1312
-1666
-2035
-2292
-2184
-2331
-2360
-2308
-2356
-2283
-2198
-2084
-2132
-2248
-2184
-2124
-1788
-1418
-1067
-469
-156
128
480
537
616
497
18
-511
-1051
-1533
-2001
-2464
-2930
-3489
-4000
-4352
-4564
-4723
-4925
-4989
-5136
-5287
-5088
-4754
-4380
-3742
-3087
-2472
-1749
-1020
-285
355
792
1092
1336
1470
1630
1698
1610
1451
1148
798
536
431
366
173
-29
-329
-627
-909
-1121
-1351
-1690
-1918
-2101
-2129
-1798
-1294
-643
123
917
1837
2755
3616
4459
5022
5174
5211
5086
4894
4673
4472
4313
4100
3951
3878
3827
3803
3909
3942
3834
3813
3653
3352
3145
2854
2509
2253
1984
1675
1482
1347
1068
790
442
-55
-383
-851
-1311
-1499
-1849
-2014
-2001
-1977
-1896
-1821
-1667
-1576
-1450
-1408
-1513
-1501
-1577
-1673
-1523
-1445
-1260
-990
-758
-446
-105
60
118
71
-284
-750
-1176
-1653
-2207
-2732
-3261
-3766
-4118
-4314
-4364
-4309
-4395
-4437
-4420
-4434
-4292
-3971
-3630
-3262
-2804
-2278
-1688
-1039
-367
111
506
792
981
1187
1274
1284
1087
767
519
217
103
26
-71
-119
-362
-449
-530
-720
-785
-1076
-1435
-1732
-1903
-1802
-1504
-1018
-458
136
742
1439
2228
2999
3699
4263
4566
4726
4887
4825
4782
4689
4403
4221
3958
3760
3721
3704
3768
3780
3751
3797
3842
3788
3605
3374
2957
2479
2101
1698
1399
1249
957
694
442
134
-89
-449
-765
-1065
-1396
-1656
-1809
-1826
-1832
-1708
-1571
-1536
-1352
-1222
-1236
-1194
-1208
-1268
-1247
-1254
-1201
-1118
-973
-784
-592
-414
-333
-380
-548
-859
-1259
-1780
-2347
-2888
-3428
-3828
-4041
-4159
-4135
-4061
-4037
-3969
-3882
-3829
-3695
-3528
-3346
-3068
-2757
-2302
-1786
-1225
-676
-229
160
449
678
841
870
824
634
377
189
25
-30
-96
-148
-283
-421
-411
-459
-470
-545
-825
-1148
-1417
-1598
-1480
-1227
-790
-302
226
796
1379
2196
2903
3453
3874
4040
4235
4314
4379
4488
4419
4230
3990
3730
3532
3386
3312
3205
2989
2927
2929
2966
3130
3196
3145
2982
2637
2286
2051
1833
1623
1434
1144
947
774
602
522
388
105
-270
-609
-924
-1142
-1194
-1280
-1312
-1351
-1466
-1540
-1671
-1734
-1822
-1830
-1902
-2016
-1958
-1810
-1707
-1494
-1254
-1093
-952
-907
-910
-972
-1109
-1318
-1625
-1967
-2264
-2549
-2771
-2986
-3133
-3219
-3357
-3418
-3409
-3427
-3418
-3400
-3314
-3226
-3113
-2851
-2516
-2116
-1641
-1172
-742
-343
48
400
593
734
786
686
623
598
515
404
347
302
213
209
216
144
3
-305
-594
-814
-1064
-1143
-1140
-1077
-861
-528
-72
493
1164
1798
2365
2817
3117
3399
3648
3862
3962
4016
3997
3929
3916
3800
3731
3594
3419
3254
3074
2983
2928
2937
2851
2719
2557
2299
2023
1747
1455
1197
1036
899
764
716
651
589
484
366
188
-24
-220
-399
-501
-615
-724
-819
-926
-1001
-1096
-1192
-1320
-1454
-1606
-1773
-1814
-1928
-1996
-1853
-1742
-1639
-1456
-1336
-1304
-1242
-1279
-1398
-1540
-1803
-2104
-2381
-2649
-2928
-3149
-3335
-3454
-3506
-3485
-3384
-3253
-3166
-2974
-2794
-2561
-2347
-2080
-1731
-1453
-1129
-763
-442
-154
190
380
523
617
669
673
626
652
626
513
380
269
184
56
-40
-148
-392
-654
-877
-1018
-1079
-1075
-996
-777
-467
-122
346
875
1432
1984
2455
2841
3200
3529
3756
3971
4115
4168
4113
4033
3973
3831
3708
3573
3426
3325
3187
3052
2963
2770
2461
2177
1863
1582
1275
970
688
392
181
-40
-212
-334
-418
-418
-361
-262
-129
-25
-7
32
74
40
-12
-106
-232
-329
-506
-732
-906
-1126
-1359
-1523
-1687
-1839
-1924
-1997
-2033
-2030
-2013
-2080
-2138
-2242
-2368
-2465
-2582
-2717
-2775
-2818
-2880
-2897
-2903
-2889
-2770
-2620
-2424
-2128
-1876
-1633
-1403
-1147
-919
-767
-600
-528
-492
-366
-287
-139
10
77
121
106
74
110
81
63
54
-21
-106
-110
-128
-175
-194
-267
-317
-357
-370
-356
-330
-225
-59
136
440
820
1157
1579
1959
2252
2596
2832
3046
3259
3424
3487
3500
3449
3379
3291
3130
2905
2650
2378
2101
1825
1531
1323
1086
833
588
397
237
97
14
-55
-58
37
105
156
223
334
479
629
860
1031
1149
1208
1207
1128
978
828
582
336
71
-234
-502
-863
-1205
-1524
-1839
-2070
-2291
-2460
-2513
-2520
-2525
-2405
-2354
-2331
-2202
-2129
-1980
-1846
-1627
-1436
-1341
-1193
-1091
-1031
-915
-841
-884
-877
-987
-1059
-1081
-1158
-1156
-1132
-1137
-1123
-1112
-1086
-1019
-1007
-991
-924
-874
-825
-725
-579
-477
-363
-197
15
254
430
567
666
659
590
507
356
198
14
-146
-252
-292
-303
-267
-188
-94
102
300
530
778
969
1211
1383
1501
1626
1717
1770
1924
2051
2127
2195
2246
2274
2285
2254
2229
2154
2045
1956
1862
1792
1668
1549
1365
1171
963
759
581
482
374
267
238
199
259
316
446
498
550
579
586
646
628
602
522
404
226
-8
-191
-418
-720
-994
-1253
-1490
-1594
-1590
-1634
-1634
-1611
-1628
-1600
-1577
-1511
-1450
-1447
-1475
-1535
-1544
-1528
-1471
-1369
-1357
-1343
-1354
-1340
-1294
-1229
-1159
-1126
-1039
-981
-926
-823
-756
-701
-718
-688
-686
-694
-668
-605
-534
-469
-450
-427
-358
-295
-209
-130
-102
-119
-107
-93
-143
-161
-217
-323
-433
-547
-558
-585
-611
-569
-503
-433
-261
-14
274
575
838
1055
1239
1415
1577
1704
1798
1897
1973
2048
2148
2234
2262
2295
2264
2222
2124
2006
1897
1730
1588
1462
1328
1217
1138
1048
987
910
839
752
709
698
689
713
725
737
709
649
659
609
579
535
472
389
307
238
103
2
-163
-403
-660
-896
-1081
-1212
-1281
-1346
-1362
-1387
-1356
-1298
-1273
-1243
-1240
-1247
-1299
-1345
-1363
-1357
-1358
-1337
-1321
-1313
-1274
-1230
-1243
-1260
-1232
-1198
-1174
-1091
-956
-874
-834
-739
-682
-628
-583
-607
-588
-635
-675
-710
-725
-725
-756
-726
-699
-667
-669
-646
-604
-629
-589
-610
-698
-781
-912
-1016
-1059
-1049
-1032
-905
-728
-535
-260
71
388
698
992
1231
1404
1608
1756
1842
1923
1952
1973
1944
1954
1989
2010
1964
1980
1973
1941
1893
1834
1782
1668
1542
1413
1288
1167
1076
1022
986
1008
1023
1060
1121
1165
1271
1295
1275
1236
1097
1016
878
748
683
590
512
423
383
329
218
62
-107
-374
-646
-842
-1011
-1160
-1238
-1270
-1289
-1275
-1208
-1137
-1087
-1029
-1026
-1073
-1069
-1093
-1131
-1116
-1178
-1200
-1218
-1292
-1315
-1277
-1253
-1222
-1151
-1116
-1113
-1093
-1094
-1080
-1077
-1075
-1096
-1109
-1096
-1093
-1091
-1143
-1143
-1174
-1189
-1135
-1111
-1084
-1043
-1007
-1003
-981
-926
-894
-892
-889
-844
-853
-852
-835
-811
-776
-696
-534
-323
-57
180
481
740
999
1262
1465
1648
1809
1932
1971
2054
2085
2050
2104
2078
2046
2076
2088
2116
2113
2110
2096
2059
1961
1849
1722
1565
1428
1285
1147
1076
1039
1030
1017
1056
1103
1134
1164
1118
1063
933
807
671
500
361
205
30
-83
-162
-161
-100
-165
-236
-328
-462
-616
-745
-852
-1018
-1070
-1176
-1241
-1230
-1223
-1130
-1088
-1078
-1019
-1010
-1024
-1008
-1039
-1107
-1147
-1321
-1397
-1393
-1435
-1462
-1460
-1394
-1320
-1284
-1224
-1132
-1112
-1084
-1092
-1053
-1016
-963
-951
-961
-931
-947
-927
-893
-906
-883
-881
-899
-874
-862
-805
-779
-768
-714
-712
-726
-734
-711
-655
-566
-463
-365
-243
-103
91
337
558
791
1014
1228
1413
1615
1818
1971
2095
2153
2202
2209
2192
2124
2016
1937
1875
1826
1768
1725
1701
1694
1653
1596
1503
1356
1203
1022
891
787
719
681
654
684
750
780
873
927
935
907
858
751
644
517
365
243
84
-26
-119
-195
-250
-300
-347
-411
-525
-627
-731
-836
-889
-969
-1069
-1143
-1220
-1269
-1270
-1226
-1193
-1161
-1143
-1100
-1041
-1033
-1037
-1078
-1135
-1199
-1234
-1248
-1264
-1232
-1183
-1128
-1065
-999
-970
-933
-915
-871
-876
-887
-898
-912
-923
-961
-960
-946
-961
-1014
-949
-891
-831
-799
-759
-691
-647
-621
-637
-599
-580
-540
-500
-447
-357
-259
-118
53
255
456
645
840
1021
1208
1341
1468
1620
1755
1844
1939
2012
2043
2037
1983
1964
1912
1841
1756
1661
1600
1535
1429
1389
1371
1287
1220
1100
1015
916
828
736
666
650
607
597
648
694
721
764
722
699
632
527
456
371
306
212
94
-1
-112
-212
-295
-376
-453
-551
-642
-737
-840
-963
-1103
-1209
-1298
-1402
-1441
-1434
-1399
-1341
-1255
-1172
-1101
-1054
-1039
-1004
-984
-1013
-988
-1006
-1019
-1006
-1017
-1031
-1041
-994
-1010
-957
-898
-865
-808
-788
-804
-813
-782
-800
-780
-765
-788
-837
-834
-826
-766
-665
-599
-552
-475
-372
-299
-230
-211
-201
-221
-196
-138
-54
53
153
212
302
430
542
685
816
950
1058
1187
1293
1389
1447
1502
1575
1613
1666
1664
1675
1642
1561
1543
1497
1470
1420
1374
1359
1323
1243
1217
1166
1056
989
893
804
739
687
670
662
698
694
660
658
630
575
514
472
389
317
244
194
128
13
-102
-219
-321
-395
-465
-553
-619
-680
-736
-798
-902
-960
-1062
-1149
-1178
-1191
-1198
-1191
-1169
-1124
-1086
-1077
-1080
-1101
-1052
-1057
-1046
-1044
-1068
-1029
-1017
-1038
-981
-955
-980
-965
-963
-937
-941
-924
-922
-930
-922
-923
-901
-893
-877
-860
-825
-829
-790
-747
-686
-605
-545
-435
-368
-282
-214
-147
-103
-46
11
12
48
93
179
254
373
541
699
830
961
1107
1172
1259
1306
1363
1425
1514
1589
1606
1639
1650
1655
1652
1636
1622
1582
1542
1515
1474
1355
1286
1219
1189
1161
1108
1069
991
905
796
751
685
635
604
590
546
528
506
450
430
409
402
343
268
179
61
-44
-97
-195
-329
-413
-494
-567
-650
-721
-789
-882
-992
-1073
-1165
-1208
-1253
-1314
-1285
-1252
-1246
-1226
-1189
-1208
-1204
-1181
-1187
-1181
-1202
-1200
-1178
-1165
-1120
-1052
-1000
-945
-932
-910
-885
-896
-924
-923
-914
-922
-900
-893
-874
-875
-843
-818
-774
-698
-587
-486
-417
-355
-310
-272
-213
-117
-59
-12
38
86
163
220
267
352
405
517
627
701
850
986
1115
1167
1219
1271
1300
1351
1381
1425
1465
1455
1429
1392
1352
1344
1341
1306
1303
1305
1281
1222
1185
1128
1045
972
898
856
821
787
762
724
656
651
603
575
574
540
542
512
490
502
524
453
369
260
188
97
-17
-101
-225
-333
-450
-544
-594
-696
-753
-835
-913
-982
-1068
-1135
-1184
-1254
-1317
-1291
-1289
-1253
-1165
-1092
-1032
-1005
-959
-943
-915
-882
-916
-912
-889
-890
-858
-806
-779
-775
-743
-729
-749
-743
-777
-809
-806
-832
-839
-839
-804
-796
-764
-729
-717
-654
-600
-525
-472
-390
-295
-232
-176
-105
-43
49
139
222
283
317
403
492
566
681
746
827
882
910
978
1006
1010
1013
1007
1035
1072
1074
1137
1200
1183
1209
1262
1268
1245
1239
1201
1174
1150
1113
1098
1078
1046
1036
1050
1023
990
972
900
819
785
715
653
613
563
513
464
385
318
258
192
122
61
-18
-121
-240
-366
-417
-510
-583
-655
-706
-757
-776
-835
-876
-910
-959
-1001
-1029
-1034
-1071
-1081
-1073
-1031
-986
-923
-901
-848
-839
-844
-825
-853
-875
-871
-871
-861
-851
-866
-877
-878
-835
-812
-783
-776
-749
-760
-815
-804
-767
-783
-770
-732
-677
-657
-575
-487
-431
-376
-302
-183
-106
-63
-2
50
93
141
194
255
306
350
406
488
544
611
676
742
833
888
981
1024
1045
1062
1101
1114
1121
1183
1196
1234
1256
1303
1307
1314
1305
1279
1262
1221
1200
1168
1130
1056
991
927
852
790
737
681
588
543
476
431
366
296
241
138
111
96
62
59
-4
-73
-93
-170
-239
-319
-410
-476
-531
-540
-590
-621
-666
-727
-806
-844
-866
-904
-968
-1006
-1001
-1062
-1081
-1071
-1077
-1058
-1028
-999
-966
-888
-864
-871
-835
-810
-787
-748
-713
-704
-658
-613
-567
-541
-542
-544
-569
-597
-589
-599
-586
-563
-542
-496
-468
-450
-436
-414
-377
-322
-255
-199
-118
-74
-31
22
47
57
103
183
239
357
444
475
563
646
737
828
870
934
950
984
1032
1061
1054
999
1030
1035
1072
1148
1159
1167
1142
1115
1143
1125
1082
1081
1004
979
957
896
872
840
745
684
655
600
558
503
475
383
344
293
255
250
260
210
160
125
56
12
-70
-171
-262
-342
-436
-486
-519
-567
-604
-631
-711
-770
-805
-871
-899
-921
-920
-972
-953
-947
-937
-891
-912
-915
-887
-846
-844
-807
-744
-706
-700
-687
-653
-619
-616
-596
-596
-589
-604
-609
-602
-589
-571
-592
-624
-632
-660
-667
-631
-647
-618
-596
-577
-550
-527
-439
-372
-298
-234
-175
-110
-70
15
104
134
177
243
285
347
407
490
559
602
671
691
774
823
870
928
934
949
985
1020
1012
1047
1045
1044
1071
1084
1101
1135
1165
1122
1087
1034
985
931
878
830
797
761
729
723
698
676
642
585
537
460
396
371
311
257
204
173
128
91
119
83
17
-70
-155
-220
-304
-376
-436
-510
-589
-636
-661
-674
-668
-722
-782
-800
-802
-818
-793
-789
-810
-808
-837
-830
-802
-783
-738
-711
-710
-703
-686
-648
-644
-611
-630
-671
-683
-701
-705
-680
-651
-675
-650
-672
-701
-693
-698
-676
-667
-616
-589
-535
-475
-462
-413
-406
-355
-316
-196
-59
-23
76
124
163
205
240
297
330
338
384
439
474
553
649
691
717
718
747
753
804
826
847
883
889
924
918
947
949
970
979
964
967
928
945
936
856
776
694
630
600
599
588
554
521
496
447
442
449
379
318
282
254
239
225
191
157
94
-1
-43
-52
-68
-86
-101
-161
-231
-288
-314
-374
-417
-437
-494
-510
-524
-537
-538
-554
-591
-612
-659
-625
-653
-677
-656
-683
-670
-661
-606
-597
-573
-565
-565
-544
-545
-523
-513
-542
-585
-619
-660
-684
-680
-681
-691
-672
-642
-652
-650
-613
-577
-545
-519
-486
-477
-428
-387
-362
-303
-260
-179
-129
-73
6
73
133
165
199
238
272
275
328
350
388
415
461
512
546
593
624
652
662
691
737
733
744
765
788
853
850
853
864
865
912
919
888
824
770
714
684
667
647
633
611
561
535
503
420
377
336
320
322
306
284
279
212
210
201
136
96
47
30
-3
-33
-31
-32
-110
-159
-230
-298
-332
-386
-413
-416
-407
-426
-453
-460
-462
-482
-535
-529
-541
-562
-543
-586
-580
-614
-671
-646
-662
-651
-602
-574
-598
-615
-651
-695
-699
-728
-739
-778
-770
-784
-739
-710
-682
-647
-658
-629
-603
-554
-497
-484
-451
-428
-389
-319
-260
-185
-114
-90
4
82
142
216
241
267
274
312
294
328
410
451
474
485
503
525
531
568
619
668
700
730
765
794
843
838
795
769
759
744
755
767
764
739
709
668
672
676
610
607
558
556
532
508
507
456
397
377
360
330
316
302
269
211
168
120
116
85
73
68
51
36
-17
-55
-78
-153
-206
-302
-322
-361
-399
-394
-401
-439
-464
-479
-493
-490
-496
-500
-520
-567
-567
-605
-644
-607
-614
-619
-617
-612
-621
-588
-600
-614
-642
-673
-688
-724
-721
-702
-693
-680
-662
-639
-641
-627
-591
-590
-559
-538
-486
-442
-428
-373
-324
-280
-224
-190
-142
-51
12
53
117
146
152
171
196
192
175
191
220
269
343
417
489
553
598
660
645
669
694
715
740
746
779
758
749
773
776
773
778
781
772
793
793
799
789
783
766
738
704
666
617
596
592
530
501
469
422
389
329
329
310
267
242
206
141
77
49
-14
-30
-45
-110
-125
-182
-255
-308
-369
-400
-436
-465
-465
-432
-419
-434
-440
-500
-536
-600
-624
-642
-667
-686
-678
-679
-692
-700
-724
-766
-773
-743
-753
-744
-757
-756
-795
-779
-777
-825
-782
-765
-736
-667
-659
-620
-599
-566
-537
-466
-407
-409
-355
-287
-246
-208
-128
-116
-106
-69
6
47
130
137
193
217
221
255
247
286
305
388
435
471
537
584
628
686
720
775
792
816
866
854
869
881
856
884
911
894
865
893
873
855
842
822
796
771
736
693
673
625
595
578
530
496
473
416
352
343
337
264
227
213
162
120
84
30
-12
-63
-104
-153
-195
-243
-292
-325
-323
-369
-386
-398
-424
-469
-504
-525
-561
-588
-644
-650
-645
-676
-682
-703
-731
-710
-717
-756
-770
-786
-809
-793
-815
-799
-799
-774
-743
-758
-725
-679
-707
-731
-708
-697
-653
-631
-595
-518
-483
-443
-437
-398
-340
-312
-273
-237
-215
-154
-91
-53
-40
30
57
101
184
210
248
244
259
281
346
417
466
512
516
591
627
646
700
702
728
758
780
786
786
794
818
829
824
831
837
848
842
858
842
811
810
796
777
754
729
671
610
591
565
509
483
465
432
406
354
335
300
252
218
174
157
105
37
21
-28
-83
-118
-203
-231
-281
-318
-321
-304
-325
-330
-358
-435
-480
-508
-535
-545
-565
-602
-622
-692
-751
-760
-765
-792
-801
-808
-796
-752
-726
-710
-729
-743
-775
-787
-775
-759
-756
-751
-712
-722
-702
-700
-678
-604
-554
-481
-434
-410
-362
-335
-302
-276
-237
-216
-157
-98
-36
20
43
70
106
156
214
269
294
332
358
358
367
400
441
468
515
582
605
612
650
672
667
689
705
694
698
761
778
790
809
793
774
774
737
712
718
674
642
644
647
612
587
550
489
474
430
419
395
328
295
226
186
171
171
131
108
81
47
25
-36
-82
-93
-141
-155
-165
-218
-247
-284
-294
-317
-309
-303
-351
-392
-426
-455
-484
-486
-496
-503
-531
-569
-591
-636
-625
-646
-671
-651
-641
-615
-634
-617
-589
-616
-625
-587
-591
-586
-598
-603
-554
-536
-514
-504
-496
-454
-400
-384
-310
-267
-245
-229
-178
-161
-153
-132
-116
-46
-27
4
31
59
71
81
125
174
221
218
225
300
334
333
364
410
420
469
510
528
572
606
571
611
607
608
638
631
648
661
686
646
650
647
649
620
619
647
595
582
546
498
453
394
363
350
366
342
334
314
290
266
239
231
203
152
80
41
20
-4
0
-12
-46
-93
-161
-170
-195
-232
-248
-234
-247
-285
-314
-334
-355
-407
-413
-437
-452
-442
-484
-470
-466
-486
-512
-560
-553
-561
-600
-598
-578
-558
-570
-570
-546
-566
-598
-595
-612
-590
-576
-559
-521
-465
-437
-427
-429
-401
-349
-350
-289
-272
-277
-260
-208
-182
-135
-95
-100
-60
-20
36
70
104
150
191
192
227
233
248
274
293
363
409
401
401
422
447
463
501
535
556
583
577
590
576
579
609
587
616
638
643
632
602
592
577
541
493
514
505
481
473
472
455
422
389
376
357
313
276
256
238
219
207
176
99
38
12
-26
-29
-61
-87
-94
-110
-121
-155
-189
-214
-251
-297
-317
-326
-333
-352
-368
-396
-451
-461
-499
-485
-480
-505
-495
-531
-537
-530
-516
-561
-567
-553
-562
-543
-526
-526
-530
-531
-520
-507
-493
-489
-459
-437
-389
-373
-355
-309
-322
-310
-295
-263
-250
-236
-179
-136
-114
-98
-87
-57
-36
-28
-22
1
35
38
99
141
180
258
297
341
391
372
404
422
419
454
448
442
480
479
456
471
498
494
485
500
515
508
500
509
522
484
458
456
458
430
422
440
437
425
410
395
385
378
349
332
325
322
323
264
237
203
141
108
83
89
83
36
-14
-36
-89
-109
-123
-127
-136
-172
-190
-201
-237
-227
-230
-272
-284
-300
-381
-388
-408
-416
-427
-441
-449
-457
-451
-499
-517
-520
-546
-543
-534
-510
-501
-508
-521
-485
-466
-483
-456
-416
-433
-402
-399
-381
-355
-367
-351
-320
-261
-286
-269
-230
-190
-156
-148
-93
-80
-60
-41
-46
-26
10
38
58
85
156
179
179
207
254
278
273
326
346
360
354
373
375
386
429
445
461
478
495
490
492
482
467
492
501
500
508
490
471
450
495
484
451
435
417
346
358
357
354
382
351
333
286
232
206
182
174
189
166
119
81
71
37
11
-36
-27
-37
-44
-63
-78
-89
-154
-168
-185
-221
-244
-275
-293
-292
-298
-317
-361
-362
-378
-377
-386
-404
-418
-433
-440
-433
-419
-410
-443
-492
-521
-530
-506
-505
-471
-443
-443
-454
-435
-431
-437
-399
-382
-383
-357
-329
-351
-363
-333
-325
-284
-243
-230
-188
-160
-138
-98
-70
-50
-27
6
19
72
101
97
138
157
205
242
238
260
249
291
329
357
403
379
399
427
426
446
452
460
482
474
503
509
469
478
452
451
446
484
498
504
476
439
426
387
391
401
395
392
377
321
286
265
279
267
254
268
246
196
170
125
57
58
38
27
14
-8
-38
-50
-82
-139
-149
-161
-197
-190
-197
-255
-263
-266
-294
-314
-332
-367
-406
-412
-440
-438
-430
-451
-450
-417
-393
-381
-391
-416
-423
-387
-427
-426
-404
-407
-390
-433
-421
-409
-418
-449
-418
-393
-399
-382
-330
-313
-287
-264
-258
-226
-199
-144
-95
-103
-89
-94
-72
-53
3
56
68
70
78
117
126
186
216
241
242
276
307
315
341
339
364
331
360
327
347
369
386
416
418
429
394
386
418
429
422
426
408
430
437
412
388
370
337
307
299
284
289
283
267
257
241
183
179
164
129
99
101
61
25
45
31
58
10
-42
-58
-53
-109
-115
-85
-97
-105
-152
-174
-217
-249
-238
-251
-241
-233
-223
-232
-233
-226
-243
-273
-323
-349
-348
-328
-331
-320
-329
-299
-302
-302
-286
-292
-290
-320
-313
-293
-303
-311
-318
-356
-368
-353
-315
-315
-259
-191
-207
-214
-208
-207
-171
-116
-90
-93
-50
-38
-29
-8
-3
5
-7
2
36
42
81
95
109
136
142
189
201
218
236
258
269
292
313
307
348
324
325
350
371
359
364
374
368
381
369
372
343
347
371
379
366
404
357
279
297
252
219
215
221
225
205
198
203
164
149
111
44
59
48
56
90
107
55
8
-15
-66
-102
-123
-134
-121
-154
-123
-121
-146
-145
-141
-163
-182
-195
-213
-206
-231
-228
-232
-271
-297
-313
-337
-304
-314
-315
-324
-346
-321
-328
-311
-296
-324
-335
-339
-340
-331
-316
-326
-300
-319
-297
-265
-285
-253
-221
-208
-212
-189
-172
-194
-173
-129
-103
-75
-52
-42
-64
-51
-29
5
25
55
90
119
160
174
193
185
181
198
218
263
286
279
273
282
255
264
302
316
359
347
363
355
350
334
298
298
272
246
280
321
337
338
341
324
317
303
284
308
273
231
231
239
215
224
204
183
165
144
141
104
96
53
51
37
44
19
-27
-64
-68
-70
-79
-84
-125
-144
-193
-225
-247
-212
-235
-237
-218
-208
-230
-250
-257
-289
-301
-297
-323
-323
-336
-360
-338
-323
-336
-342
-358
-371
-368
-370
-356
-349
-326
-373
-366
-347
-349
-328
-309
-285
-268
-204
-184
-147
-128
-121
-116
-107
-63
-31
-46
-27
-29
-11
22
18
37
68
78
112
170
173
170
177
213
213
219
226
204
215
220
249
301
293
299
284
290
290
275
309
304
319
334
354
348
330
335
312
295
288
276
270
267
257
259
263
246
248
230
213
222
204
184
188
172
162
138
122
86
78
65
51
55
44
36
13
9
-36
-28
-34
-77
-73
-98
-131
-146
-196
-234
-216
-251
-304
-324
-316
-310
-297
-303
-314
-360
-400
-390
-354
-338
-310
-317
-360
-358
-360
-364
-376
-346
-331
-336
-314
-307
-312
-294
-257
-248
-241
-225
-214
-188
-155
-121
-104
-90
-85
-75
-51
-35
-15
-11
-35
5
33
83
144
165
163
179
202
222
228
243
245
240
266
242
218
214
231
204
247
270
276
312
295
279
268
271
304
302
299
314
274
274
262
240
232
208
213
217
225
233
240
226
222
207
197
184
147
156
187
177
151
108
67
59
63
54
64
61
37
-7
-27
-22
-25
-11
-48
-76
-67
-65
-70
-45
-49
-104
-145
-171
-193
-197
-253
-240
-276
-264
-234
-250
-272
-288
-287
-290
-297
-304
-310
-349
-349
-371
-370
-381
-396
-387
-339
-334
-329
-318
-329
-330
-340
-325
-298
-298
-297
-287
-243
-181
-155
-135
-133
-161
-162
-150
-129
-68
-39
-18
29
21
43
61
100
99
93
132
146
189
257
232
229
234
215
233
256
283
286
282
299
324
338
344
357
375
393
376
366
371
344
346
333
341
325
301
280
315
337
352
356
341
309
272
272
257
249
254
205
175
180
145
117
121
136
110
65
53
55
18
-12
-27
-63
-82
-120
-149
-163
-188
-194
-176
-160
-173
-194
-243
-267
-312
-312
-309
-302
-297
-311
-336
-342
-342
-370
-364
-375
-353
-322
-292
-262
-288
-311
-310
-332
-334
-311
-294
-274
-270
-256
-233
-233
-215
-182
-178
-150
-133
-149
-120
-89
-88
-103
-65
-43
-28
-2
15
61
58
51
86
114
111
84
43
50
77
115
137
166
168
174
204
190
209
192
197
208
256
304
303
308
285
300
312
271
277
265
259
270
255
294
285
324
293
286
297
279
296
282
265
265
252
188
185
169
184
180
163
166
143
108
88
110
70
42
20
-24
-27
-34
-80
-105
-126
-130
-178
-185
-189
-203
-238
-259
-260
-253
-280
-292
-233
-243
-266
-296
-283
-297
-295
-285
-305
-303
-332
-344
-333
-343
-317
-296
-279
-274
-237
-208
-223
-190
-211
-236
-230
-238
-211
-167
-144
-134
-127
-138
-124
-121
-84
-82
-74
-51
-25
9
28
33
56
68
80
111
114
117
120
126
158
143
150
174
163
162
181
208
208
255
229
226
239
225
236
262
282
270
265
241
256
227
245
268
289
312
284
270
270
277
293
270
235
217
216
207
207
207
188
131
124
117
113
112
117
113
76
43
14
-34
-60
-51
-70
-61
-67
-34
-42
-36
-64
-167
-194
-228
-233
-208
-190
-173
-176
-203
-202
-220
-198
-219
-241
-245
-269
-262
-266
-299
-293
-289
-319
-314
-303
-312
-294
-296
-260
-211
-192
-220
-218
-202
-218
-210
-196
-177
-175
-139
-122
-123
-113
-79
-67
-76
-41
-31
-17
7
16
2
0
46
22
41
57
68
81
91
129
130
151
166
144
155
175
168
206
244
213
228
245
230
220
225
247
254
244
213
235
244
251
253
244
240
241
267
266
286
255
226
193
173
171
168
179
155
153
158
134
145
134
96
99
95
89
66
65
76
43
8
-35
-66
-82
-73
-73
-96
-90
-126
-174
-164
-167
-199
-206
-220
-214
-203
-192
-188
-203
-242
-264
-267
-274
-277
-255
-277
-295
-248
-243
-253
-244
-245
-247
-245
-230
-233
-192
-192
-193
-163
-181
-196
-209
-190
-159
-160
-117
-93
-93
-78
-74
-32
-26
-16
23
16
50
57
69
83
94
73
52
73
74
135
146
131
147
134
142
164
166
170
145
135
130
147
125
166
165
158
171
158
165
170
170
194
195
173
203
176
201
212
239
253
222
204
190
200
184
121
93
79
74
87
103
94
89
108
128
102
74
69
45
34
18
-1
-10
-35
-24
-1
-19
-1
-2
-43
-52
-40
-50
-39
-43
-51
-52
-74
-70
-73
-80
-105
-105
-141
-131
-157
-188
-191
-186
-149
-176
-181
-184
-206
-215
-208
-206
-191
-186
-179
-158
-183
-173
-187
-197
-173
-180
-171
-189
-166
-147
-141
-102
-94
-131
-111
-132
-164
-172
-112
-116
-118
-87
-93
-99
-92
-33
-22
-22
-12
9
18
30
61
66
78
111
110
90
162
202
206
223
204
203
200
210
185
180
188
224
233
248
258
262
201
178
189
165
203
215
225
194
225
201
164
160
133
124
125
139
141
135
118
87
66
57
25
33
18
4
-4
-21
7
-5
-18
-59
-57
-60
-104
-101
-105
-105
-95
-104
-122
-138
-155
-157
-156
-168
-163
-162
-165
-193
-193
-196
-219
-195
-197
-166
-146
-175
-181
-178
-167
-164
-132
-98
-101
-83
-90
-131
-106
-110
-91
-60
-86
-69
-49
-51
0
6
-33
-48
-68
-53
-35
9
38
37
43
42
40
38
45
62
58
87
110
112
125
134
148
144
130
108
112
103
114
131
128
123
106
102
105
125
118
107
115
96
107
84
103
120
93
75
76
81
46
46
49
70
60
63
73
93
86
56
62
38
34
31
34
41
31
17
-15
-27
-37
-16
-16
-12
-8
-21
-23
-32
-38
-32
-25
-1
24
12
-8
-24
-27
-49
-49
-57
-78
-68
-73
-80
-82
-91
-110
-109
-81
-62
-93
-102
-111
-118
-116
-126
-110
-135
-147
-147
-166
-149
-126
-120
-140
-121
-103
-127
-112
-105
-69
-66
-68
-87
-91
-79
-110
-123
-124
-131
-111
-100
-74
-30
-13
-15
-8
12
31
48
36
53
52
42
53
51
95
92
95
110
117
132
154
165
172
171
165
149
154
147
148
148
161
176
182
180
159
147
138
135
134
147
145
142
144
139
131
114
83
63
63
75
78
93
86
69
47
9
-1
2
-14
25
12
6
7
-28
-38
-59
-67
-73
-92
-79
-70
-76
-60
-69
-87
-114
-122
-131
-108
-78
-72
-116
-152
-149
-156
-153
-143
-129
-132
-132
-112
-97
-86
-94
-105
-134
-144
-145
-139
-110
-83
-67
-77
-75
-99
-105
-115
-98
-88
-60
-45
-55
-51
-36
-5
-35
3
13
9
21
36
72
78
61
50
40
50
64
86
96
87
88
79
85
107
114
122
99
93
109
109
116
127
121
101
101
101
113
124
120
122
123
112
87
96
80
85
88
77
73
49
49
36
26
15
26
19
32
45
22
48
1
-16
-10
-13
-6
0
5
0
13
-20
-4
-4
-26
-61
-60
-49
-40
-49
-55
-41
-61
-71
-97
-89
-95
-109
-106
-110
-93
-100
-89
-85
-87
-94
-107
-101
-96
-90
-74
-58
-59
-72
-71
-78
-89
-88
-85
-84
-80
-58
-79
-95
-68
-90
-87
-58
-35
-37
-36
-28
-19
-6
-10
-3
2
-6
-14
0
5
20
21
18
40
37
48
56
42
46
50
51
67
57
76
79
86
95
92
88
84
94
101
107
115
109
98
109
115
96
91
95
81
82
98
106
109
104
91
75
66
73
70
78
70
54
50
43
33
19
16
14
16
11
20
20
14
-2
10
12
1
-27
-40
-26
-42
-46
-50
-62
-75
-110
-110
-90
-89
-86
-84
-99
-108
-104
-113
-96
-100
-106
-115
-123
-112
-118
-111
-110
-120
-121
-105
-104
-94
-85
-91
-98
-101
-92
-94
-88
-64
-68
-68
-72
-56
-45
-49
-29
-11
4
22
17
29
44
40
41
56
45
53
52
58
70
66
61
60
81
85
88
91
86
96
109
104
116
126
124
126
120
134
124
112
123
126
122
111
112
108
94
102
101
94
105
103
77
68
57
39
36
30
37
33
37
32
23
17
13
19
4
-4
4
-3
-5
-14
-18
-13
-14
-28
-51
-50
-62
-65
-46
-41
-54
-73
-87
-104
-120
-106
-105
-120
-115
-104
-103
-111
-83
-77
-88
-91
-100
-98
-100
-90
-80
-74
-73
-91
-107
-120
-108
-99
-83
-73
-67
-65
-65
-57
-58
-59
-72
-68
-68
-52
-33
-29
-32
-34
-39
-36
-22
-14
-4
9
17
25
36
41
45
36
43
43
28
35
33
34
45
38
40
41
43
62
80
83
88
84
82
76
75
93
83
82
95
83
98
93
95
95
90
88
82
92
100
100
101
95
77
74
74
72
61
65
59
64
73
68
52
47
45
49
49
44
38
30
19
5
0
1
-17
-31
-23
-39
-44
-41
-45
-60
-65
-67
-78
-84
-77
-68
-79
-68
-63
-58
-59
-82
-82
-78
-77
-86
-70
-72
-99
-91
-88
-80
-87
-101
-95
-100
-93
-76
-66
-63
-72
-57
-48
-41
-30
-37
-46
-36
-30
-46
-36
-28
-31
-29
-31
-21
-4
-9
2
2
3
1
-8
-8
-11
1
3
8
17
15
20
30
30
44
37
47
55
59
73
87
90
82
76
65
59
64
73
77
83
84
91
87
86
79
76
79
81
76
58
55
44
46
47
33
27
34
38
37
41
46
37
35
33
41
35
30
26
16
-4
-8
1
-7
-21
-21
-33
-27
-23
-32
-33
-43
-66
-69
-75
-62
-38
-59
-55
-41
-52
-56
-55
-60
-68
-65
-72
-61
-40
-41
-34
-40
-31
-27
-37
-36
-34
-42
-38
-32
-35
-33
-29
-23
-16
-26
-8
2
8
16
7
-2
-8
-14
-13
-10
-1
-6
-8
-9
-5
4
10
11
2
10
0
-2
13
23
11
38
40
35
39
29
34
35
23
4
-5
13
21
21
29
19
14
13
14
31
41
33
41
34
25
33
35
31
23
33
32
24
34
28
23
29
29
20
26
22
22
26
14
10
6
2
9
-2
2
-8
-15
-19
-11
-7
-15
-8
-14
-12
-8
-22
-18
-13
-11
-6
-10
-15
-23
-26
-34
-37
-36
-39
-49
-65
-62
-69
-64
-55
-47
-37
-42
-34
-52
-56
-47
-54
-44
-40
-29
-23
-20
-18
-29
-27
-33
-31
-42
-28
-20
-25
-15
6
1
4
2
-21
-17
-5
8
12
11
14
8
16
26
30
38
36
33
31
37
28
38
47
36
37
39
31
41
44
56
62
51
46
39
39
40
45
41
48
57
42
49
48
47
33
35
41
28
33
43
49
42
42
42
33
29
30
33
33
35
31
24
13
-1
-1
-3
-14
-11
0
-7
-1
-5
2
-7
-23
-21
-30
-26
-28
-13
-15
-19
-9
-39
-44
-45
-52
-48
-51
-54
-72
-75
-62
-64
-70
-62
-66
-56
-50
-57
-44
-38
-49
-57
-69
-65
-75
-73
-61
-62
-50
-32
-16
-15
-15
-29
-25
-22
-29
-14
-10
-5
-8
-11
-6
3
8
7
22
27
10
18
24
23
29
43
52
50
56
63
53
40
53
49
45
50
39
30
37
39
30
40
39
40
35
25
25
24
21
17
25
22
22
24
29
33
21
15
8
12
12
21
27
19
20
16
11
7
4
9
9
12
7
2
8
2
-1
5
-6
-1
4
-4
-10
-22
-21
-20
-12
-7
-1
-4
-2
5
4
-5
-10
-13
-6
-14
-17
-11
-12
-12
-17
-22
-32
-29
-28
-32
-23
-16
-23
-28
-30
-37
-37
-47
-45
-31
-28
-25
-17
-14
-13
-22
-18
-12
-22
-7
-11
-4
-3
-16
-2
-9
-4
-8
-15
-8
-15
8
5
-3
5
-3
2
1
7
7
1
10
4
8
11
12
9
10
13
6
14
14
15
17
15
25
28
22
18
22
22
21
22
25
14
17
25
19
20
25
29
22
24
25
21
24
19
11
13
10
10
14
25
28
18
18
7
3
-6
-9
-2
-3
-1
-1
-6
-14
-11
-23
-22
-13
-14
-17
-13
-12
-16
-16
-21
-24
-25
-20
-25
-18
-12
-18
-19
-26
-35
-38
-37
-33
-29
-26
-30
-26
-27
-29
-31
-22
-27
-27
-27
-20
-18
-20
-20
-14
-13
-12
-10
-9
-3
-3
6
6
9
10
4
12
11
17
18
24
32
36
36
35
31
28
33
33
35
34
36
28
29
28
24
24
19
24
28
29
27
32
29
25
34
25
22
15
7
0
8
10
4
12
5
6
6
11
5
0
3
2
-1
3
-10
-24
-26
-32
-34
-27
-21
-21
-13
-14
-18
-14
-20
-21
-22
-23
-13
-13
-15
-14
-15
-18
-12
-19
-8
-7
-8
-7
-14
-4
1
1
5
8
11
8
-3
-1
-4
-3
-3
4
6
-2
-12
-11
-1
-6
-15
-9
-10
-6
-5
-10
-14
-19
-19
-20
-15
-10
-8
-12
-12
-13
-12
-12
-2
1
6
8
0
6
2
3
6
11
15
12
8
8
9
5
16
14
9
16
20
17
18
17
14
15
14
13
21
21
20
27
20
20
20
23
17
9
12
15
18
27
32
33
24
13
12
-2
-4
3
-1
7
3
0
1
1
-7
-13
-15
-17
-11
-8
-6
-2
3
-5
-6
-5
-15
-12
-9
-11
-5
-8
-18
-21
-26
-24
-18
-20
-17
-4
-6
-11
-8
-11
-24
-21
-16
-13
-10
-21
-20
-22
-21
-25
-25
-26
-20
-14
-23
-17
-20
-16
-9
-10
-8
-10
-13
-15
-14
-4
-5
-3
-7
-8
-6
-4
-2
-1
3
-1
1
9
10
17
13
8
2
-2
1
6
14
17
12
8
-1
3
8
15
20
18
20
19
22
27
31
27
24
24
24
20
25
28
30
28
27
25
25
22
16
12
11
10
8
7
5
12
7
4
3
4
2
7
7
13
9
3
3
5
2
4
15
2
-5
-12
-16
-18
-8
-3
-9
-5
-11
-17
-10
-15
-25
-23
-25
-18
-21
-20
-21
-16
-17
-23
-14
-17
-25
-21
-20
-13
-11
-17
-14
-18
-15
-17
-16
-14
-12
-10
-7
-6
-6
-8
-15
-18
-26
-21
-7
-10
-5
-2
-6
-1
0
-1
1
6
9
9
17
16
7
6
3
0
0
-1
-5
4
11
18
21
20
15
13
16
18
15
20
21
15
21
18
19
16
13
13
16
24
21
19
25
22
26
21
14
19
18
14
17
14
14
16
17
16
13
9
5
12
8
5
5
-1
-3
-4
-4
-3
-1
0
-1
-11
-14
-21
-27
-25
-23
-18
-12
-10
-17
-12
-13
-15
-13
-13
-15
-18
-14
-16
-19
-19
-25
-27
-19
-23
-15
-14
-15
-20
-27
-27
-35
-36
-31
-26
-21
-14
-16
-4
-4
-1
2
-9
-11
-9
-6
-9
4
11
10
6
9
7
5
4
6
8
9
15
16
18
19
16
7
14
15
21
20
19
23
26
22
21
23
22
23
19
17
15
17
14
19
21
14
12
8
1
2
0
3
6
3
3
4
1
-1
-13
-8
-5
-7
-8
-6
-11
-6
-8
-14
-7
-9
-5
-4
-1
-5
-5
-9
-7
-3
-5
-5
-9
-9
-3
-7
-11
-13
-10
-8
