3
2
2
1
3
2
1
-3
0
1
-2
2
2
-2
-2
-2
-2
-1
0
2
-3
-3
-4
-4
-5
-6
-6
-5
-5
-8
-6
-4
-5
-3
-2
-2
-3
-4
-4
-1
-3
-2
-1
-6
-5
-7
-2
-2
-2
-2
1
-2
-1
1
0
-1
-3
-2
-2
-4
-5
-2
-2
-1
2
2
3
2
1
2
2
-1
-2
-2
-5
0
1
1
2
0
-1
0
3
2
3
3
2
1
1
1
0
-1
-1
1
2
3
3
7
7
6
7
7
6
6
4
2
0
0
5
3
5
5
5
5
6
9
8
5
3
3
4
2
2
-1
-1
-1
1
3
2
2
2
6
8
6
10
6
-1
2
2
1
0
0
0
-2
-2
-3
-1
-5
-7
-6
-4
-7
-4
1
-2
-6
-5
-4
-9
-4
-3
-8
-10
-10
-11
-10
-8
-4
-3
-7
-3
2
1
-1
-1
-2
-5
-7
-7
-5
-6
-2
-1
-4
-2
-3
-2
2
1
-3
-2
-3
-2
4
0
-2
-1
-5
-4
-2
-1
2
0
0
0
-1
-1
2
3
3
2
-1
0
-1
-2
-1
-4
-1
-1
-1
0
-2
-3
-1
-1
0
4
2
1
0
3
2
1
2
2
2
3
6
4
2
1
3
4
4
6
10
11
12
15
13
7
8
6
2
4
3
3
5
6
6
8
7
5
4
2
2
2
5
4
3
4
1
-1
-1
0
2
2
2
3
2
0
4
5
2
1
-2
-5
-8
-6
-4
-6
-3
-3
-2
1
-1
-2
-2
-6
-8
-5
-7
-8
-7
-7
-10
-9
-6
-7
-9
-8
-7
-2
-1
-2
-3
-1
-1
-3
-3
-2
-1
-3
-7
-6
-6
-9
-3
-3
-3
-1
-1
0
-2
-1
-4
-2
-2
0
0
0
1
1
2
0
-1
-1
0
-2
-3
0
-1
0
6
5
3
5
4
4
4
3
3
0
-1
0
3
1
1
1
1
1
0
-1
-2
0
-1
1
4
2
0
2
1
0
0
-1
-3
-3
1
0
4
5
3
3
0
-2
1
2
-4
0
3
1
-1
1
1
-1
-1
-4
-3
-1
-1
-1
3
3
1
3
3
2
2
1
2
1
-1
-1
1
1
7
8
5
6
6
7
4
5
7
5
7
7
2
5
5
3
2
5
4
1
1
1
3
2
1
3
2
0
3
0
-5
-4
-4
-3
-3
-1
-3
-4
-2
-2
-2
1
-1
-3
-1
-1
-3
-4
-2
0
-1
-1
-2
1
-4
-5
-3
-6
-3
-2
-2
-2
-2
-5
-6
-6
-5
-4
-3
0
-1
-2
1
-1
-4
-4
-3
-1
2
1
3
5
2
-1
-3
-4
-4
-3
-1
-1
-3
-4
-7
-4
-6
-4
-2
-3
-7
-5
-5
-7
-1
-4
-6
-3
-2
-3
-1
1
-4
-6
-6
-6
-7
-3
-1
-1
-2
-1
3
4
4
1
1
-3
-2
-3
0
1
0
-2
-1
6
5
6
4
3
3
4
6
10
13
10
8
7
5
10
9
6
7
3
5
6
7
10
9
8
8
10
9
5
4
6
1
-1
5
7
4
10
12
9
9
6
3
5
5
0
-1
1
-1
-2
-2
0
-1
-3
-3
-2
1
-1
1
-1
-1
0
1
1
0
2
-1
-4
-4
-5
-2
-2
-4
-5
-5
-7
-4
-2
0
-3
-2
-2
-5
-6
-6
-8
-7
-5
-6
-6
-7
-8
-5
-3
-3
-4
-5
-7
-8
-5
-6
-3
-3
-7
-5
-6
-8
-5
-4
-5
-5
-7
-4
-3
-2
-1
-1
0
-3
-5
-3
-5
-4
-4
-4
-1
0
-2
-2
1
2
1
2
2
-1
-1
-4
-4
0
-4
-2
0
1
-2
-3
1
-2
-1
-1
0
2
2
1
2
4
1
3
3
3
5
7
5
5
7
5
5
5
5
4
5
7
7
7
9
11
10
7
9
8
3
3
3
3
1
2
2
6
8
7
8
4
7
5
8
10
3
4
3
-1
0
1
0
-1
-1
-4
-1
-1
-2
-2
1
1
-1
-1
1
2
-2
-1
-1
-3
-2
0
0
1
-2
1
0
-4
0
1
-1
0
-2
-1
0
-1
-5
-3
-7
-9
-7
-1
2
0
1
3
-1
-4
-3
-4
-4
-6
-6
1
1
1
-1
-5
-5
-3
-3
1
12
15
19
28
28
20
17
12
3
-1
-8
-21
-33
-39
-52
-62
-64
-65
-66
-62
-58
-51
-38
-24
-4
13
24
34
40
46
50
54
59
60
54
45
40
34
22
17
14
6
-3
-14
-21
-24
-30
-37
-41
-44
-42
-43
-37
-28
-21
-14
-5
3
10
16
22
28
29
35
37
38
37
40
45
42
45
46
41
34
29
19
8
0
-9
-18
-26
-36
-42
-39
-38
-37
-37
-32
-27
-20
-6
-2
2
13
11
15
24
26
31
32
32
27
26
24
18
11
2
-7
-13
-18
-29
-31
-34
-40
-44
-46
-42
-39
-35
-33
-31
-26
-16
-11
-5
9
14
17
20
23
24
21
19
18
13
10
8
5
1
0
-2
-3
-1
-6
-6
0
0
-1
4
3
3
1
1
3
4
4
0
-1
2
5
9
21
24
24
27
23
16
12
13
8
0
-2
-7
-11
-11
-10
-9
-6
-8
-8
-3
-3
-6
-9
-8
-10
-13
-10
-7
-6
-3
-4
1
3
5
7
13
15
8
9
6
1
-1
-3
-4
-7
-10
-12
-10
-13
-20
-21
-17
-19
-18
-16
-16
-15
-9
-4
0
6
8
8
6
11
14
15
18
18
13
12
11
8
6
3
1
1
2
4
-1
2
4
-1
-3
-4
-5
-9
-6
-3
1
2
-3
1
2
1
3
7
11
10
11
15
11
13
14
11
12
11
4
-2
-4
-4
-5
-8
-9
-5
-11
-11
-11
-13
-8
-6
-5
0
0
-1
-1
-4
-8
-8
-6
-7
-3
-4
-2
-2
1
-1
2
3
5
8
5
5
3
3
0
-2
0
-2
-2
0
-7
-3
-3
-4
-14
-6
-3
-11
5
-7
4
9
0
12
9
7
22
7
8
10
4
6
-7
-3
4
-16
-8
-12
-11
-5
-9
-4
-5
-3
-3
-7
-7
-5
-8
-9
-10
-5
-2
-2
2
2
6
8
11
14
17
15
12
8
10
11
7
6
10
6
2
6
3
-5
-7
-6
-9
-12
-6
-8
-9
-5
-11
-10
-7
-7
-2
2
3
8
11
12
18
20
21
19
21
19
15
13
10
4
5
1
-5
-6
-11
-17
-10
-10
-10
-7
-13
-10
-5
-5
-6
-4
-2
-2
-3
7
9
5
8
7
4
2
1
0
0
2
1
-3
-5
-6
-12
-13
-16
-24
-23
-21
-18
-17
-14
-10
-7
-8
-4
-7
-6
-5
-10
-6
0
3
8
9
16
13
9
20
18
18
16
2
-3
-6
-17
-14
-11
-15
-12
-10
-4
3
2
6
5
9
11
9
15
19
8
13
17
9
14
13
6
6
5
4
9
6
7
2
-2
-2
-8
-10
-12
-15
-17
-12
-15
-13
-7
2
0
1
8
4
5
8
4
2
6
0
-2
-2
-1
-5
0
-5
-11
-2
-1
-8
-10
-6
-10
-10
-3
1
5
1
1
-2
0
2
1
4
6
5
9
12
17
21
16
16
16
5
5
7
1
3
-1
-2
-3
-4
-1
-3
1
3
-2
-1
-2
-3
4
-2
1
3
0
2
6
9
8
8
11
8
4
5
-4
2
-1
-10
-2
-11
-14
-15
-16
-14
-18
-16
-13
-11
-5
-4
-9
0
-3
-5
2
-4
-8
-6
-7
-8
-10
-5
-3
-10
-3
-2
-5
-5
-9
-2
5
3
8
8
1
5
2
-5
2
-4
-12
-21
-22
-19
-24
-22
-18
-17
-10
-8
-4
12
14
18
27
24
25
24
19
24
26
23
22
16
18
11
9
15
12
10
9
0
-2
-2
-4
-3
-6
-5
-4
-10
-6
1
3
13
13
11
15
15
15
13
7
8
-1
-3
2
-2
2
6
2
4
8
8
7
0
0
-3
-13
-8
-15
-19
-13
-19
-17
-9
-11
-6
-9
-3
3
1
14
14
8
14
6
-5
-4
-8
-16
-15
-16
-19
-20
-22
-24
-20
-18
-14
-11
-11
-8
-11
-10
-6
-7
-7
0
-5
-9
-2
-5
-6
-2
-4
-5
-5
-9
-2
1
0
4
-1
3
7
3
9
14
10
15
16
9
12
9
8
12
2
3
3
-4
3
2
4
10
8
6
11
10
16
20
11
15
7
-4
6
2
1
15
2
1
7
-2
8
7
2
12
6
3
13
8
9
15
14
16
15
19
18
21
22
20
19
15
5
0
-5
-11
-10
-12
-15
-17
-17
-14
-13
-13
-9
-7
-9
-8
-10
-12
-11
-14
-13
-14
-23
-25
-23
-23
-21
-18
-18
-22
-24
-29
-37
-34
-32
-32
-34
-34
-37
-43
-42
-40
-31
-22
-17
-9
-4
-7
7
11
12
17
8
8
9
6
13
15
11
24
18
13
19
11
12
17
14
17
18
10
14
13
17
26
29
30
25
28
35
25
28
34
24
26
31
36
41
39
37
35
30
31
26
29
34
31
34
30
27
33
34
39
54
57
63
69
63
62
65
60
51
46
38
23
8
0
-13
-23
-38
-56
-72
-84
-96
-106
-114
-122
-130
-138
-140
-138
-136
-128
-122
-117
-99
-84
-70
-50
-37
-24
-18
-16
-12
-12
-16
-19
-23
-31
-40
-49
-59
-67
-72
-74
-75
-76
-75
-66
-59
-45
-36
-22
-5
2
20
39
46
63
74
79
87
94
101
96
97
101
98
92
93
90
89
94
95
92
89
84
75
76
73
61
54
48
39
42
47
49
55
71
81
108
151
204
275
342
394
426
440
446
423
378
336
252
144
12
-144
-291
-437
-571
-685
-784
-851
-880
-867
-808
-698
-566
-432
-268
-110
41
197
340
440
539
578
590
605
556
506
415
255
101
-87
-282
-417
-587
-732
-848
-976
-1024
-1038
-1000
-896
-797
-669
-502
-363
-192
3
158
299
408
490
551
611
643
657
680
671
638
594
550
495
434
352
260
143
4
-123
-246
-363
-449
-534
-605
-614
-586
-516
-380
-209
-37
150
347
511
708
889
1019
1128
1185
1182
1154
1088
1012
911
771
667
659
715
777
804
834
796
661
554
509
484
410
166
-172
-506
-834
-1163
-1495
-1702
-1883
-2121
-2280
-2278
-2121
-1812
-1471
-1136
-733
-385
-29
338
667
1033
1292
1317
1335
1330
1275
1235
1090
934
725
342
-70
-551
-1047
-1447
-1968
-2422
-2701
-2994
-3143
-3115
-2974
-2597
-2208
-1819
-1272
-754
-203
367
839
1281
1637
1801
1885
1980
2011
1984
1906
1791
1631
1457
1268
1036
817
561
246
-167
-629
-966
-1318
-1651
-1863
-2000
-2061
-1999
-1813
-1401
-867
-278
345
967
1574
2146
2686
3086
3364
3565
3561
3460
3301
3070
2797
2397
1901
1424
934
775
1023
1233
1401
1579
1567
1452
1352
1318
1556
1716
1383
716
-42
-722
-1385
-2161
-2730
-3209
-3904
-4521
-4847
-4701
-4167
-3656
-3110
-2485
-1881
-1252
-590
160
1011
1604
1832
1928
2062
2163
2267
2294
2216
1993
1481
833
282
-161
-625
-1300
-2110
-2924
-3652
-4214
-4505
-4439
-4174
-3971
-3822
-3457
-2862
-2186
-1452
-816
-299
146
476
807
1239
1779
2160
2362
2484
2632
2856
2993
3027
2981
2737
2169
1442
674
-41
-772
-1572
-2318
-2961
-3470
-3761
-3747
-3482
-3002
-2334
-1605
-797
185
1210
2188
3058
3734
4193
4464
4556
4609
4564
4310
3885
3325
2690
2027
1457
885
393
80
166
458
658
1018
1413
1573
1653
1677
1866
2152
2002
1479
864
236
-472
-1374
-2116
-2636
-3318
-4092
-4623
-4779
-4576
-4322
-4053
-3530
-2952
-2373
-1751
-1067
-226
551
981
1286
1685
1993
2285
2405
2412
2390
2176
1761
1308
937
540
-61
-765
-1328
-1805
-2226
-2610
-2856
-2928
-3065
-3287
-3331
-3221
-3081
-2985
-2931
-2740
-2454
-2205
-1825
-1279
-594
180
818
1532
2333
3068
3610
4031
4338
4359
4067
3510
2804
1983
1073
10
-1082
-1996
-2824
-3559
-3979
-4138
-4059
-3762
-3272
-2535
-1584
-589
399
1375
2269
3041
3648
4056
4361
4484
4436
4216
3824
3475
3049
2475
2053
1622
1162
866
944
1322
1599
1879
2162
2205
2142
2070
2019
2110
1935
1364
623
-149
-856
-1703
-2559
-3188
-3860
-4656
-5158
-5405
-5330
-4960
-4627
-4136
-3474
-2756
-1996
-1190
-240
684
1313
1738
2129
2454
2702
2812
2796
2789
2556
2162
1707
1261
848
379
-245
-857
-1367
-1887
-2350
-2645
-2833
-3022
-3237
-3497
-3638
-3601
-3511
-3430
-3257
-2923
-2568
-2245
-1709
-996
-224
556
1262
2017
2732
3305
3778
4129
4301
4221
3913
3401
2699
1861
949
-83
-1108
-2090
-2958
-3606
-4042
-4225
-4191
-3903
-3373
-2681
-1788
-801
209
1201
2162
2987
3685
4242
4579
4713
4664
4479
4223
3909
3444
2953
2463
1892
1338
1005
1187
1510
1631
1850
1992
1927
1852
1787
1899
2065
1776
1110
327
-288
-897
-1768
-2501
-3090
-3893
-4677
-5182
-5328
-5027
-4766
-4548
-4055
-3483
-2835
-2131
-1354
-420
414
906
1357
1930
2462
2896
3177
3364
3387
3143
2741
2276
1886
1483
795
-16
-733
-1362
-1964
-2434
-2651
-2793
-3067
-3362
-3574
-3609
-3470
-3444
-3430
-3285
-3109
-2890
-2599
-2174
-1565
-1011
-544
72
754
1532
2268
2822
3295
3657
3793
3700
3511
3188
2620
1756
738
-234
-1156
-1994
-2713
-3234
-3594
-3845
-3867
-3612
-3082
-2312
-1445
-544
400
1344
2229
3019
3739
4280
4587
4681
4601
4413
4108
3690
3205
2665
2063
1453
1193
1405
1625
1735
1974
2120
2136
2071
2067
2248
2255
1851
1158
439
-78
-752
-1638
-2253
-2857
-3787
-4570
-5120
-5273
-5094
-5041
-4859
-4418
-3962
-3352
-2597
-1697
-594
328
968
1694
2498
3134
3565
3813
3929
3819
3490
2973
2479
2020
1379
564
-190
-754
-1206
-1595
-1830
-1908
-2061
-2324
-2536
-2650
-2633
-2593
-2733
-2946
-3101
-3226
-3335
-3285
-3023
-2621
-2246
-1887
-1356
-587
210
978
1752
2444
3039
3420
3630
3769
3672
3253
2586
1782
904
-7
-936
-1767
-2531
-3206
-3686
-3867
-3799
-3460
-2868
-2211
-1427
-482
495
1415
2289
3004
3545
3926
4104
4174
4100
3835
3526
3146
2738
2251
1890
1967
2124
2135
2262
2379
2344
2233
2064
2157
2237
1902
1398
831
339
-179
-954
-1625
-2201
-3063
-3926
-4555
-4909
-4952
-5004
-5027
-4728
-4255
-3743
-3063
-2210
-1213
-324
317
961
1685
2353
2811
3098
3317
3362
3168
2856
2569
2330
1951
1403
886
444
58
-282
-534
-686
-840
-1028
-1289
-1494
-1569
-1737
-2067
-2409
-2694
-2949
-3185
-3394
-3437
-3390
-3330
-3219
-2952
-2415
-1803
-1170
-429
368
1149
1799
2393
2929
3293
3407
3331
3036
2613
2070
1379
619
-140
-868
-1559
-2058
-2320
-2415
-2341
-2162
-1866
-1421
-889
-279
363
1005
1592
2094
2517
2908
3149
3190
3111
2976
2752
2494
2178
1933
1992
2069
2034
2108
2142
2091
1996
1873
1938
1956
1740
1402
979
592
206
-367
-906
-1352
-1911
-2493
-2963
-3238
-3313
-3466
-3581
-3525
-3448
-3325
-3076
-2703
-2201
-1691
-1238
-766
-218
370
896
1354
1760
2066
2191
2211
2186
2062
1858
1534
1162
777
440
131
-163
-346
-492
-632
-724
-801
-803
-802
-894
-996
-1080
-1198
-1415
-1640
-1879
-2073
-2218
-2354
-2404
-2361
-2232
-2121
-1951
-1610
-1230
-831
-341
181
683
1107
1401
1561
1602
1553
1442
1187
934
601
250
22
-152
-152
-42
53
202
401
541
733
934
1125
1376
1557
1692
1793
1851
1870
1844
1771
1682
1520
1287
1140
958
785
621
462
383
339
269
177
120
-29
-145
-143
-155
-135
-133
-118
-133
-176
-112
-19
-32
-74
-144
-257
-328
-362
-453
-544
-638
-781
-853
-861
-809
-732
-662
-572
-458
-308
-80
132
293
463
574
593
570
576
552
440
298
135
19
-173
-379
-509
-600
-753
-890
-961
-958
-900
-846
-775
-744
-739
-759
-786
-859
-934
-1056
-1178
-1331
-1477
-1522
-1511
-1432
-1314
-1153
-981
-802
-545
-294
-95
44
183
276
309
320
380
471
499
537
599
706
836
942
1049
1166
1194
1158
1120
1106
1094
1074
1020
922
842
816
832
851
914
943
881
755
669
611
556
441
299
111
-81
-298
-514
-630
-732
-828
-904
-938
-878
-747
-572
-331
-63
197
387
559
762
918
935
852
726
573
414
264
171
137
85
-9
-9
85
238
403
572
790
941
994
1027
1069
1014
858
592
248
-100
-430
-752
-1039
-1251
-1390
-1438
-1416
-1308
-1083
-853
-656
-447
-286
-172
-138
-178
-285
-446
-690
-919
-1133
-1311
-1409
-1479
-1518
-1476
-1410
-1306
-1096
-901
-741
-569
-394
-228
-63
70
224
349
441
484
537
612
668
711
681
652
608
549
512
532
586
655
697
712
773
901
1044
1136
1199
1208
1113
911
693
483
246
-21
-312
-611
-831
-1044
-1216
-1332
-1377
-1329
-1308
-1245
-1055
-802
-579
-313
2
261
508
715
870
988
1011
923
768
608
436
254
96
52
42
15
49
183
361
537
741
921
1107
1205
1219
1172
1113
994
788
560
321
69
-166
-370
-546
-628
-643
-621
-563
-459
-365
-249
-122
19
135
178
138
49
-102
-296
-491
-646
-810
-999
-1156
-1293
-1400
-1417
-1367
-1299
-1149
-981
-815
-598
-338
-56
205
423
617
805
931
1004
1064
1079
1026
908
791
682
545
420
308
254
219
180
159
149
159
201
238
241
240
212
148
48
-37
-92
-197
-341
-476
-628
-743
-877
-967
-1024
-1097
-1134
-1104
-1036
-933
-773
-595
-391
-171
21
147
319
408
456
439
357
256
85
-48
-172
-268
-307
-351
-358
-303
-196
-35
155
372
591
820
998
1094
1171
1200
1130
1002
888
719
517
309
134
29
-92
-158
-195
-188
-162
-120
-60
5
82
77
71
60
-29
-149
-291
-408
-515
-602
-732
-850
-870
-870
-778
-646
-493
-303
-151
-25
162
354
498
624
740
839
897
934
983
1010
984
906
790
653
522
396
257
179
81
-23
-106
-183
-208
-212
-197
-147
-102
-57
-13
18
31
56
57
4
-84
-184
-301
-444
-571
-702
-841
-983
-1058
-1088
-1097
-1058
-985
-889
-746
-622
-500
-350
-226
-128
-24
23
51
105
121
85
19
-10
-34
-23
6
92
168
242
350
483
638
746
848
920
936
883
782
675
560
436
282
160
25
-106
-209
-267
-260
-213
-181
-143
-90
-93
-50
-61
-109
-136
-195
-310
-400
-447
-467
-489
-521
-495
-435
-346
-246
-110
65
156
210
309
424
489
525
570
591
588
578
609
625
615
600
570
527
483
401
353
267
185
128
68
43
54
57
48
62
49
19
5
-33
-78
-124
-196
-275
-385
-513
-608
-688
-770
-819
-888
-949
-954
-941
-937
-913
-852
-781
-724
-613
-477
-394
-335
-283
-221
-173
-158
-155
-180
-244
-260
-255
-217
-145
-67
12
114
239
373
486
628
733
808
885
876
824
771
696
627
524
456
396
300
262
277
282
317
369
388
415
457
477
466
396
324
250
104
-52
-169
-291
-379
-462
-492
-472
-452
-426
-318
-174
-62
62
149
200
260
339
403
446
462
479
478
496
523
541
547
484
429
380
341
298
251
224
210
183
145
119
83
42
11
-42
-110
-187
-256
-345
-415
-516
-615
-691
-780
-858
-895
-933
-954
-936
-940
-914
-832
-742
-665
-615
-529
-490
-484
-476
-460
-463
-506
-517
-580
-655
-685
-723
-693
-658
-616
-496
-392
-227
-93
18
190
279
368
475
557
587
626
650
661
615
572
522
476
423
320
257
255
290
313
393
469
491
545
581
603
602
598
576
475
346
217
112
0
-75
-107
-149
-176
-161
-87
15
133
273
416
549
670
771
877
941
970
970
960
920
841
757
706
680
602
540
481
393
331
271
253
199
146
96
7
-84
-188
-244
-311
-393
-453
-502
-568
-629
-665
-722
-801
-874
-928
-965
-994
-1015
-1022
-1062
-1061
-1027
-965
-879
-788
-727
-656
-599
-570
-527
-479
-445
-437
-436
-433
-472
-538
-573
-630
-665
-662
-623
-570
-496
-392
-265
-153
-10
116
218
351
433
488
496
505
494
426
392
333
262
249
179
179
207
235
267
320
388
475
519
532
611
598
530
428
335
248
138
36
-68
-94
-146
-180
-137
-46
73
162
330
471
583
701
787
860
933
999
1005
1007
1028
1051
1079
1089
1105
1080
1003
918
880
803
671
562
474
367
238
120
38
-36
-84
-153
-224
-302
-366
-382
-404
-441
-499
-597
-729
-857
-954
-1027
-1105
-1170
-1210
-1205
-1169
-1129
-1045
-950
-901
-840
-778
-729
-712
-702
-697
-703
-730
-737
-759
-779
-759
-734
-723
-679
-606
-530
-405
-301
-253
-170
-99
-48
51
132
166
185
154
170
208
161
152
155
126
133
140
196
285
344
398
454
515
564
611
637
652
642
606
551
457
363
283
214
144
79
60
49
66
136
228
303
386
486
574
632
685
732
753
715
713
747
763
799
822
888
895
882
853
818
748
672
607
476
422
361
313
258
220
189
123
65
-16
-93
-146
-246
-338
-428
-534
-622
-724
-810
-849
-884
-902
-921
-903
-876
-859
-813
-771
-748
-730
-701
-721
-725
-698
-717
-712
-685
-637
-585
-551
-512
-454
-391
-355
-305
-240
-182
-176
-179
-150
-155
-160
-158
-140
-113
-116
-117
-104
-96
-90
-65
-72
-55
-23
-20
-2
53
118
167
200
230
279
314
311
331
360
343
292
258
242
235
206
175
172
182
201
225
299
350
350
339
380
425
482
550
604
677
685
669
677
701
699
650
639
627
594
583
553
506
491
481
409
364
345
283
207
117
51
-8
-63
-110
-124
-164
-223
-283
-323
-368
-416
-419
-467
-483
-485
-496
-501
-493
-486
-471
-459
-466
-468
-484
-508
-551
-605
-588
-564
-559
-518
-484
-432
-407
-396
-383
-367
-376
-371
-327
-261
-220
-170
-73
-49
-2
55
53
51
72
92
89
61
45
38
47
54
29
18
6
-4
-2
15
11
27
23
20
36
68
98
96
100
87
121
144
159
190
192
184
195
220
274
348
390
459
508
564
641
700
701
693
708
701
670
649
636
622
597
532
478
428
369
299
249
207
143
87
59
31
13
-1
-70
-129
-185
-243
-260
-265
-267
-281
-294
-311
-325
-339
-376
-419
-428
-451
-507
-538
-535
-558
-580
-587
-594
-604
-633
-651
-663
-652
-661
-655
-629
-610
-615
-582
-542
-509
-457
-430
-371
-294
-221
-164
-107
-67
-35
22
102
148
174
218
246
225
222
241
257
251
255
254
232
202
188
211
207
219
219
226
234
224
251
251
238
265
279
255
238
230
215
213
219
211
248
277
310
352
369
424
446
451
516
538
534
530
503
475
452
454
463
461
453
447
393
367
363
319
293
264
239
167
106
56
18
-26
-63
-48
-80
-104
-119
-151
-173
-203
-212
-243
-266
-278
-299
-316
-312
-343
-394
-455
-493
-534
-556
-565
-594
-553
-540
-539
-519
-530
-530
-499
-501
-499
-445
-434
-422
-400
-360
-356
-340
-310
-315
-308
-276
-263
-263
-232
-209
-198
-165
-137
-96
-53
-57
-62
-23
-9
-20
25
74
116
125
141
179
198
205
234
244
237
272
255
225
191
165
126
105
116
111
135
135
133
147
172
167
177
211
221
232
224
234
237
263
297
339
361
380
401
422
449
478
488
486
480
471
458
432
415
347
300
277
242
219
204
167
120
89
52
46
49
14
-32
-44
-54
-70
-102
-137
-158
-180
-219
-250
-247
-259
-258
-262
-270
-285
-305
-299
-324
-339
-312
-296
-274
-245
-223
-218
-210
-213
-223
-231
-257
-270
-301
-335
-336
-319
-293
-263
-245
-216
-192
-173
-143
-125
-128
-110
-106
-75
-17
27
80
115
135
118
119
141
132
133
98
74
43
45
51
24
25
40
35
50
87
86
86
54
43
39
44
44
33
46
9
-3
12
21
28
57
82
103
145
152
179
208
225
230
232
193
176
170
152
147
139
156
128
116
106
93
70
50
59
60
52
60
72
74
66
43
44
33
-8
-11
-44
-89
-144
-191
-256
-284
-310
-333
-324
-330
-316
-295
-267
-226
-197
-154
-106
-63
-41
-33
-34
-67
-51
-44
-54
-59
-52
-63
-95
-83
-99
-125
-127
-130
-121
-131
-126
-77
-34
-17
48
84
87
82
115
155
166
186
163
147
168
180
209
221
221
225
206
244
300
332
361
378
361
332
327
290
231
187
171
133
81
51
32
-10
-40
-27
-32
-20
-25
-38
-61
-55
-25
-30
-16
-26
-57
-41
-42
-37
-36
-34
-68
-74
-55
-55
-57
-63
-75
-83
-61
-65
-9
24
26
37
48
56
64
57
0
-21
-69
-103
-147
-206
-245
-280
-352
-394
-344
-337
-329
-304
-279
-263
-233
-179
-122
-74
-47
-47
-36
-14
-15
-46
-69
-88
-111
-150
-190
-219
-258
-269
-263
-232
-204
-160
-112
-62
-15
11
45
74
82
84
81
74
79
61
53
73
76
91
144
199
263
273
283
273
286
302
307
309
279
267
271
289
324
324
302
262
252
243
202
172
166
128
66
15
-21
-31
-54
-66
-54
-21
-8
9
23
36
56
56
38
12
18
-1
-22
-39
-58
-83
-106
-122
-117
-63
-49
-21
21
41
95
110
107
124
109
52
25
-25
-81
-119
-151
-156
-157
-148
-163
-180
-145
-119
-124
-102
-64
-50
-11
21
33
55
51
32
-17
-1
-31
-53
-80
-134
-141
-163
-207
-242
-238
-242
-232
-184
-145
-133
-146
-133
-110
-95
-86
-70
-34
-12
-18
-43
-61
-85
-98
-121
-111
-84
-95
-98
-86
-35
-5
33
77
80
108
139
138
151
180
154
154
163
137
121
129
109
81
52
46
28
-13
-21
-8
-18
17
49
74
69
51
62
69
77
62
48
30
31
7
0
-9
-6
9
15
46
71
23
36
77
76
134
155
183
217
186
175
182
125
72
41
14
16
31
33
45
42
61
53
61
56
69
77
84
88
77
121
130
122
93
47
13
-24
-26
-33
-53
-63
-79
-107
-108
-115
-130
-117
-117
-107
-77
-33
32
70
59
53
29
-5
-25
-57
-70
-93
-133
-168
-208
-226
-202
-223
-233
-211
-185
-159
-132
-91
-65
-2
10
2
9
-21
-73
-115
-117
-159
-160
-165
-164
-154
-147
-117
-108
-106
-106
-75
-70
-60
-75
-93
-88
-107
-108
-71
-47
-56
-96
-95
-97
-112
-114
-101
-59
-22
-14
6
40
43
33
70
95
129
150
178
204
188
209
223
231
189
180
190
164
174
154
131
139
149
162
190
234
243
213
195
180
168
175
169
183
211
177
147
116
83
59
19
2
28
21
46
72
97
90
81
81
95
124
123
118
103
98
65
37
8
-17
-43
-76
-97
-132
-163
-168
-133
-132
-111
-90
-75
-52
-45
-20
-2
-3
28
36
24
12
-22
-54
-77
-73
-87
-84
-62
-78
-98
-135
-163
-188
-198
-187
-182
-156
-170
-173
-151
-141
-97
-114
-116
-126
-158
-191
-229
-260
-293
-304
-319
-322
-292
-262
-231
-196
-154
-120
-84
-50
-31
-13
0
10
16
47
49
64
77
61
71
84
77
68
90
116
145
137
189
197
168
172
146
139
155
194
172
174
167
164
175
129
136
100
102
93
104
143
138
150
169
195
204
193
176
168
129
89
85
86
69
32
-3
-36
-61
-75
-81
-67
-63
-36
-22
-8
16
6
11
13
12
12
20
37
40
69
73
76
29
29
0
-6
-48
-32
-71
-71
-109
-44
-97
3
629
500
533
329
-208
-595
-765
-563
-335
15
176
-163
-556
-656
-869
-983
-598
-630
-528
-242
-56
67
154
425
428
316
345
259
154
54
17
1
17
113
113
23
24
5
-279
-317
-265
-333
-236
-73
95
166
281
354
395
432
484
461
394
402
333
272
237
257
216
157
233
202
163
182
124
54
5
34
65
99
153
173
137
115
150
79
24
21
9
-43
-16
7
-57
-44
-13
-44
-42
-5
-11
-48
-97
-110
-126
-166
-190
-224
-279
-355
-402
-450
-474
-466
-453
-463
-424
-342
-298
-251
-202
-216
-245
-203
-154
-126
-151
-109
-117
-178
-175
-179
-161
-200
-79
-78
-156
-101
-123
-244
-175
-89
-108
-39
-11
12
56
206
389
554
736
924
1006
1075
1174
1239
1207
1178
1083
818
548
278
-1
-308
-580
-874
-1212
-1470
-1526
-1550
-1475
-1339
-1156
-961
-740
-482
-275
-33
175
373
536
690
827
935
918
909
861
734
623
513
352
189
89
-126
-304
-352
-457
-614
-718
-763
-798
-838
-789
-708
-636
-492
-296
-102
107
368
548
676
819
905
888
856
810
602
702
1108
1336
1743
2298
2519
2603
2754
2884
2916
2809
2477
1786
1019
317
-631
-1567
-2333
-3225
-4165
-4819
-5187
-5278
-5112
-4705
-4161
-3524
-2630
-1661
-685
350
1334
2113
2644
3132
3597
3822
3947
3942
3643
3263
2923
2431
1871
1403
747
-33
-738
-1360
-1955
-2549
-3096
-3579
-4033
-4322
-4338
-4238
-3976
-3605
-3114
-2622
-2003
-1125
-378
240
985
1646
2101
2604
3152
3418
3502
3529
3258
2758
2420
1955
1199
471
-293
-1149
-2003
-2578
-3031
-3498
-3746
-3836
-3929
-3822
-3397
-2369
-513
1151
2477
4118
5310
6047
6961
7770
8259
8405
7768
6164
4519
3431
1732
-369
-1861
-3723
-5785
-6954
-7647
-7890
-7438
-7004
-6764
-6153
-4823
-3271
-1850
-346
1023
1966
2757
3601
4594
5523
6166
6389
6038
5736
5714
5233
4397
3537
2162
322
-1403
-2926
-4228
-5275
-6263
-7334
-8021
-7980
-7623
-6972
-5815
-4503
-3314
-2076
-581
1046
2556
3984
4924
5238
5567
5881
5796
5489
5258
4722
3580
2513
1650
453
-583
-1429
-2782
-4139
-4825
-5453
-6197
-6331
-6106
-6270
-6137
-5336
-4516
-3461
-1909
-600
346
1545
2763
3500
4128
4832
4921
4542
4186
3777
4027
5123
5539
5462
5731
5435
4692
4272
4061
3729
2978
1566
-533
-2121
-2941
-4289
-5683
-6517
-7681
-8566
-8443
-7834
-6531
-4644
-3104
-1908
-338
1772
3797
5464
6773
7434
7605
7377
7034
6837
6476
5649
4304
2522
1020
-2
-1186
-2436
-3601
-5032
-6520
-7584
-8118
-8043
-7586
-7157
-6805
-5867
-4267
-2492
-482
1577
3149
4275
5253
6022
6523
6955
6900
5772
4443
3553
2422
1236
499
-427
-1841
-2916
-3509
-4249
-4440
-4035
-4471
-5278
-5120
-4909
-5032
-4398
-3518
-3354
-3046
-2117
-1483
-670
937
1929
2098
2736
3404
3468
3602
3823
3561
3750
4998
5653
5734
6484
6578
5503
4702
4188
3368
2276
792
-1436
-3590
-4654
-5848
-7377
-7811
-8029
-8587
-8290
-7182
-5580
-3501
-1400
137
1408
3263
5094
6185
7110
7824
7821
7333
6755
6321
5833
5132
4056
2360
689
-518
-1978
-3610
-4876
-6090
-7440
-8531
-8970
-8838
-8156
-7007
-5807
-4371
-2435
-422
1456
3348
4924
5990
6587
6808
6846
6720
6340
5426
4286
3203
2030
932
-59
-1081
-1993
-2892
-3886
-4685
-5124
-5360
-5549
-5597
-5426
-5009
-4332
-3553
-2700
-1715
-827
-10
741
1353
2023
2503
2573
2598
2591
2391
2201
2075
1734
1352
1204
1420
2611
4340
5155
5546
5734
4836
3763
3183
2441
1477
291
-1711
-3932
-4944
-5105
-5700
-5926
-5824
-6346
-6339
-5287
-3953
-2270
-567
404
888
1667
3041
4274
5113
5684
5566
5062
4752
4620
4586
4472
3841
2402
724
-488
-1514
-2642
-3579
-4690
-6098
-7174
-7661
-7449
-6553
-5375
-4370
-3386
-2103
-619
1065
2852
4147
4927
5411
5562
5623
5697
5490
4824
3808
2613
1552
820
257
-484
-1237
-2096
-3089
-3669
-4013
-4279
-4241
-4360
-4758
-4751
-4295
-3774
-3086
-2237
-1692
-1266
-508
143
683
1451
2032
2129
2174
2425
2582
2654
2752
2538
1958
1658
2307
3814
4857
5195
5471
4885
3639
3034
2592
2063
1612
328
-2057
-3753
-4097
-4807
-5569
-5511
-6162
-7037
-6436
-5374
-4009
-1780
24
794
1514
2809
4272
5481
6458
6720
6155
5584
5049
4485
4251
3977
2905
1051
-630
-1857
-3105
-4113
-4905
-6137
-7382
-8058
-8268
-7634
-6120
-4592
-3406
-2208
-872
653
2472
4237
5405
5956
6015
5754
5505
5247
4913
4287
3015
1568
543
-362
-1142
-1579
-2175
-3261
-4163
-4654
-5182
-5161
-4586
-4563
-4650
-4116
-3554
-2926
-1743
-581
-91
328
968
1188
1434
2206
2524
2262
2416
2649
2462
2644
3081
2691
1950
1802
2497
3888
4959
5206
4905
3828
2455
1494
852
613
437
-864
-3042
-4059
-4047
-4555
-4687
-4565
-5617
-6058
-5181
-4473
-2979
-633
678
1270
2145
3328
4722
6068
6764
6497
5778
5163
4365
3451
2758
1831
198
-1826
-3377
-4370
-5145
-5548
-6136
-7072
-7331
-7034
-6487
-5112
-3301
-1759
-271
1093
2303
3819
5354
6243
6601
6501
5887
5201
4413
3206
2180
1240
-396
-1799
-2426
-3182
-3651
-3310
-3363
-3768
-3348
-2964
-3097
-2436
-1626
-1735
-1591
-1038
-1058
-965
-211
131
-203
-90
197
-68
97
891
1009
795
1288
1452
1091
1435
1733
1078
904
2266
4016
5077
5743
5847
4748
3399
2669
1663
812
766
-558
-3311
-4262
-4034
-4974
-5170
-4615
-5573
-5784
-4414
-3629
-2107
472
1833
2474
3432
4356
5249
6073
6406
5929
4939
4064
3195
2087
1215
532
-821
-2661
-3942
-4956
-5989
-6192
-6315
-6975
-6941
-6386
-5893
-4415
-2278
-562
1143
2780
3885
4829
5958
6776
6539
5519
4486
3331
1879
833
33
-1305
-2434
-2982
-3942
-4218
-3134
-2748
-2875
-2309
-2268
-2568
-1869
-1308
-1308
-995
-739
-949
-844
-191
271
395
483
387
33
-101
54
97
29
198
264
196
466
817
793
705
554
875
2889
5340
6394
6756
6756
5479
4027
3304
2196
1362
885
-1506
-4110
-4328
-4594
-5409
-5037
-5183
-5721
-4467
-3112
-1889
594
2511
3442
4212
4531
5022
5667
5628
5191
4386
3225
2319
1393
196
-561
-1188
-2542
-3939
-4855
-5825
-6311
-6064
-6168
-6216
-5472
-4723
-3525
-1518
218
1733
3115
3760
4111
4692
5234
5317
4482
3032
1644
486
-381
-973
-1388
-1810
-2299
-2801
-2965
-2587
-1943
-1567
-1747
-2082
-2092
-1898
-1609
-1095
-696
-631
-441
-70
31
203
476
118
-623
-994
-1301
-1597
-1326
-870
-690
-256
493
849
1061
1410
1379
967
1223
3143
5514
6608
7084
7067
5559
3944
3221
1810
725
736
-1364
-4162
-4176
-4375
-5519
-4830
-4745
-5772
-4594
-3126
-2559
-135
2222
3064
4082
4682
4898
5459
5663
5360
4677
3486
2490
1390
-99
-828
-1159
-2497
-3791
-4540
-5818
-6421
-5812
-5717
-5722
-4760
-4214
-3520
-1421
482
1855
3476
4288
4230
4506
4787
4609
4027
2641
891
-263
-1139
-1870
-1888
-1918
-2529
-2542
-2289
-2539
-1946
-1012
-1426
-1781
-1252
-1295
-1024
307
750
580
1120
1404
903
608
484
-363
-1382
-1644
-1886
-2223
-1702
-933
-834
-431
560
802
672
955
693
188
1797
4909
6602
7127
7681
6816
4719
3907
3040
1029
710
-192
-3967
-5337
-4463
-5700
-6036
-5099
-6017
-5835
-3746
-2884
-1338
1583
3149
3936
4488
4750
5188
5252
4883
4509
3514
2266
1555
221
-1354
-1464
-1727
-3352
-4203
-4742
-6037
-6013
-5198
-5235
-4527
-3213
-2709
-1635
363
1980
3305
4275
4297
3916
3746
3680
3089
1646
90
-982
-1734
-1983
-1550
-1202
-1138
-1296
-1821
-2081
-1770
-1363
-1216
-1298
-1220
-763
-230
426
1330
1757
1674
1599
1060
96
-581
-1411
-2464
-3030
-3073
-2746
-2102
-1284
-344
414
832
1150
1190
853
704
636
781
3043
6338
7620
7850
8192
6718
4650
4115
2422
291
65
-2010
-5496
-5589
-5351
-6459
-5739
-5564
-6495
-5224
-3628
-2856
-541
1518
2764
4158
4336
4594
5590
5533
5266
5229
3861
2620
2085
259
-1382
-1374
-2107
-3624
-4197
-5133
-6086
-5489
-4827
-4630
-3614
-2680
-2096
-677
929
2243
3403
3751
3539
3198
2748
2636
2208
682
-629
-1153
-2016
-2259
-1713
-1886
-1862
-1511
-1822
-1801
-1039
-618
-474
-36
463
820
1241
1705
1673
1108
453
-258
-1308
-2162
-2652
-3341
-3735
-3444
-2844
-2063
-1074
-316
153
555
764
857
1033
1007
1735
4329
7144
8715
9088
8422
6416
4394
3378
1777
579
275
-2244
-5412
-5748
-5978
-6689
-5938
-6252
-7219
-6032
-4594
-3448
-747
1762
3544
4802
5213
5784
6039
5671
5580
4769
3168
2452
1539
-137
-866
-1170
-2237
-2999
-3635
-5041
-5856
-5593
-5532
-5375
-4441
-3442
-2257
-766
710
2392
3799
4463
4555
3905
2909
2350
1398
-120
-842
-906
-1065
-849
-461
-695
-1069
-882
-1020
-1761
-1487
-754
-1032
-965
149
792
1125
1756
1538
383
-314
-967
-2385
-3349
-3307
-3534
-3779
-2791
-1667
-1028
266
1340
1277
1138
1375
1020
437
671
1174
2852
6156
8725
9115
8850
7675
4675
2751
1593
-149
-478
-1293
-4049
-5424
-5591
-6305
-6007
-5982
-6889
-6434
-5485
-4461
-1789
901
3061
5357
5918
5939
6482
5934
5109
4645
3219
1633
808
-85
-868
-908
-947
-1679
-2715
-3958
-5377
-6139
-6061
-5981
-5565
-4679
-3493
-1868
63
2145
3946
4715
4645
4186
2883
1764
1200
47
-1185
-1324
-985
-800
16
579
-194
-782
-922
-1883
-2427
-1769
-1534
-1505
-566
366
938
1854
2299
1477
-10
-1242
-2337
-3649
-4199
-3900
-3764
-3180
-1731
-734
-216
697
1119
848
846
965
742
818
1242
2454
5340
8559
9988
9498
8018
5122
2399
885
-873
-1380
-1072
-2664
-4208
-4087
-4519
-4700
-4430
-5921
-6936
-6103
-5316
-3351
-52
2333
4834
6640
6778
7004
6720
5493
4548
3261
1499
665
242
-259
-230
-30
-452
-1312
-2667
-4629
-6161
-6766
-6810
-6261
-5223
-3915
-2039
-96
1928
3920
4826
4668
4002
2471
762
7
-664
-1037
-481
190
777
1309
1160
125
-1209
-2474
-3400
-3944
-3805
-2751
-1702
-651
890
1934
1988
1923
1161
-704
-2170
-3136
-4229
-4323
-3630
-3242
-2498
-1444
-641
33
284
59
-250
-482
-303
232
556
1681
4615
7814
10040
10315
9230
6872
3281
1206
-113
-1266
-552
-429
-2380
-3091
-2991
-4033
-4209
-5030
-7354
-7935
-7081
-5596
-2252
1036
3988
6694
7000
6607
6703
5589
4227
3495
1955
708
1017
1313
1309
1731
1424
-39
-1675
-3614
-5887
-7337
-7753
-7440
-6034
-4129
-1960
410
2097
3325
4169
3824
2671
1595
135
-933
-666
-415
39
1079
1669
1912
1860
1134
-257
-1923
-3298
-4107
-4282
-3345
-1637
-206
995
1981
2138
1522
613
-827
-2356
-3266
-3635
-3554
-2995
-2180
-1471
-1124
-1018
-837
-700
-667
-588
-513
-402
99
1037
1780
3332
6324
9114
10128
9264
7476
4088
940
129
-536
-702
643
540
-1193
-1870
-2876
-4405
-4889
-6355
-8191
-8306
-7280
-4472
-498
2601
5664
7293
6339
5326
4230
2388
1684
1722
1132
1094
1776
2416
2866
2724
1600
-483
-3107
-5657
-7464
-8129
-7553
-5845
-3643
-1712
184
1611
2263
2620
2613
1643
325
-489
-1230
-1057
141
1404
2789
3666
3464
2642
1296
-676
-2352
-3407
-3941
-3618
-2649
-1277
204
1059
1178
857
-4
-1022
-1647
-2260
-2790
-2502
-1867
-1409
-833
-609
-1027
-1445
-1787
-2167
-2095
-1415
-698
-68
588
1158
1620
2231
4284
7270
9124
8840
7483
5041
1573
314
669
711
1976
2729
886
-926
-2175
-4402
-5612
-6377
-7999
-8353
-7289
-5314
-1443
2137
4512
6433
5930
4182
3184
1565
258
744
1391
2013
3125
3695
3987
3918
2619
613
-1817
-4579
-6438
-7096
-6869
-5439
-3254
-1405
153
1197
1138
908
976
814
309
-94
-566
-844
-217
1000
2038
2678
2839
1918
455
-505
-1604
-2508
-2137
-1644
-1527
-666
245
331
378
223
-642
-1574
-2066
-2123
-2043
-1939
-1420
-1079
-1037
-705
-930
-1774
-2024
-1889
-2011
-1637
-956
-600
-102
489
912
1534
3417
6293
8671
8866
7616
5297
1792
301
744
1026
2108
3032
1804
136
-1462
-3720
-4834
-5839
-7502
-7935
-7524
-6081
-2417
1108
3538
5699
5581
3877
3071
1940
625
915
1624
1997
2934
3512
3328
3228
2223
215
-1829
-4156
-5986
-6062
-5253
-4165
-2586
-1598
-1036
-243
-61
-54
515
729
512
438
213
35
587
1031
1032
1099
675
-325
-896
-741
-676
-509
59
270
-95
-21
196
-98
-335
-632
-1206
-1718
-2040
-2006
-1715
-1699
-1571
-1431
-1706
-1653
-1232
-1316
-1387
-956
-834
-668
-120
184
205
439
600
1540
4049
7022
8881
8766
7108
3716
313
-644
-207
744
2223
2455
1242
193
-1532
-3222
-3834
-5254
-6655
-6664
-6369
-4570
-955
1600
3596
4961
3939
2675
2124
972
507
1190
1805
2428
3105
3223
3096
2579
1120
-427
-1989
-3963
-5314
-5081
-4170
-2938
-1501
-1084
-1133
-1076
-1190
-1132
-700
-282
238
690
1022
1356
1446
1232
848
153
-702
-1347
-1478
-1140
-749
-337
268
562
594
861
713
205
-56
-543
-1319
-1700
-2103
-2482
-2525
-2626
-2517
-1922
-1581
-1393
-866
-483
-228
208
323
30
-49
-123
-195
-16
572
2311
5318
8063
8813
8086
5698
1755
-428
-695
-582
786
2062
1247
232
-886
-2796
-3332
-3770
-5029
-5382
-5049
-4224
-1839
518
2155
3698
3534
2180
1437
953
621
1185
2231
2859
3284
3195
2387
1682
677
-773
-1808
-2704
-3977
-4284
-3346
-2413
-1186
-216
-380
-1135
-1941
-2516
-2335
-1482
-506
528
1139
1458
1714
1448
1162
1018
247
-527
-643
-722
-542
49
321
404
208
-194
-281
-314
-478
-247
-12
-348
-664
-1167
-2073
-2769
-3352
-3724
-3323
-2416
-1433
-358
512
890
1129
1305
1028
509
-17
-394
-265
869
3212
6223
8188
8152
6897
3928
556
-686
-833
-324
1278
1708
640
-365
-2163
-3635
-3933
-4609
-4857
-4225
-3744
-2356
-188
1103
2474
3162
2194
1235
524
-74
114
1012
2288
3476
3978
3447
2237
819
-531
-1437
-1822
-2191
-2888
-3100
-2671
-1982
-949
-174
-204
-797
-1697
-2505
-2483
-1889
-1139
-108
703
777
641
462
-186
-434
-224
-247
344
1259
1341
1280
1289
550
-117
-274
-434
-294
28
94
180
-16
-742
-1291
-1915
-3006
-3744
-4053
-4178
-3313
-1783
-510
730
1551
1512
1418
1397
1068
848
768
965
2255
4435
6159
6647
6175
4471
2192
901
272
36
719
1041
521
19
-1166
-2473
-3010
-3751
-4013
-3117
-2346
-1263
415
834
982
1411
973
726
932
567
135
100
75
472
1352
1834
1798
1356
399
-605
-1124
-1294
-1210
-1091
-1235
-1222
-804
-425
-52
-44
-706
-1211
-1427
-1399
-779
-199
-327
-720
-1110
-1516
-1617
-1274
-827
-524
-121
500
967
1278
1361
1116
795
618
528
636
853
800
734
554
79
-395
-815
-1376
-2053
-2708
-3375
-3588
-3099
-2337
-1325
-397
-37
-6
-18
-21
291
945
1378
1972
3039
3656
3685
3521
2826
1983
2046
2220
2041
1960
1199
282
78
-162
-187
231
-212
-736
-654
-894
-720
212
650
672
723
386
281
576
611
365
-19
-542
-1127
-1363
-1337
-1262
-1081
-1077
-1199
-1051
-694
-357
-47
12
-337
-602
-603
-599
-529
-334
-253
-186
70
178
116
35
-477
-1238
-1570
-1779
-1852
-1370
-912
-689
-309
0
235
586
638
424
448
407
363
620
690
540
452
141
-201
-254
-517
-969
-1265
-1689
-2145
-2044
-1590
-1105
-451
30
-6
-253
-556
-682
-214
849
2181
3106
3374
3280
2803
2465
2633
2593
2612
2737
2098
1333
942
486
573
892
637
291
-276
-1151
-1186
-703
-702
-555
-604
-1033
-893
-413
36
522
586
213
-6
-132
-345
-498
-779
-1066
-1086
-904
-648
-434
-329
-346
-186
74
186
254
76
-408
-804
-1164
-1197
-786
-521
-312
53
72
-373
-877
-1436
-1934
-2114
-1971
-1623
-1233
-839
-324
222
582
749
678
511
442
645
895
852
727
587
379
354
242
-349
-956
-1322
-1646
-1719
-1532
-1385
-1137
-781
-587
-605
-658
-594
-131
954
1942
2472
2841
2764
2565
3062
3429
3613
4018
3489
2454
1875
992
372
535
279
51
241
-205
-557
-404
-738
-1043
-1333
-1906
-1829
-1359
-1161
-868
-584
-558
-231
367
710
771
471
-223
-739
-799
-726
-711
-649
-623
-567
-244
286
700
749
435
-68
-744
-1356
-1525
-1396
-1124
-726
-496
-633
-809
-1025
-1265
-1340
-1482
-1737
-1759
-1506
-1042
-469
-26
283
382
328
415
544
632
714
707
597
556
648
654
477
-11
-748
-1348
-1612
-1554
-1273
-997
-867
-688
-465
-338
-156
79
301
801
1352
1579
1967
2304
2457
3135
3757
4032
4391
4100
3227
2553
1645
794
562
159
-182
-106
-277
-346
-134
-471
-863
-1144
-1694
-1884
-1657
-1598
-1481
-1304
-1376
-1066
-327
327
782
820
264
-293
-546
-608
-466
-330
-373
-274
-95
125
521
668
414
95
-295
-850
-1133
-1114
-1122
-882
-436
-491
-743
-975
-1396
-1634
-1542
-1540
-1539
-1271
-963
-536
-132
104
236
226
246
254
203
231
215
213
369
536
757
802
367
-226
-738
-1239
-1553
-1588
-1548
-1395
-1173
-946
-568
-55
395
960
1489
1398
1182
1262
1266
1641
2592
3190
3745
4155
3808
3439
3055
2165
1470
803
-153
-553
-534
-517
-32
230
-263
-744
-1374
-1924
-1839
-1555
-1300
-1072
-1109
-1016
-623
-251
105
414
434
207
-41
-217
-247
-175
-196
-205
-60
-51
-62
103
-31
-338
-386
-559
-708
-638
-876
-1036
-767
-720
-875
-940
-1102
-1187
-1052
-967
-1003
-1038
-1136
-1026
-676
-335
-13
364
550
530
557
409
12
-228
-241
14
501
772
821
671
286
-143
-561
-1010
-1251
-1328
-1327
-1143
-926
-651
-175
410
1213
1975
2044
1632
1259
945
1174
2082
2821
3369
3721
3429
3037
2720
2102
1612
1119
237
-350
-557
-795
-476
-111
-417
-778
-1332
-1857
-1738
-1513
-1357
-1095
-1016
-978
-555
18
427
549
369
76
-199
-268
-216
-211
-219
-241
-193
-131
-111
-145
-250
-369
-459
-635
-816
-964
-1165
-1286
-1287
-1206
-1069
-1053
-1117
-1107
-1179
-1284
-1210
-1123
-1151
-1039
-821
-579
-265
63
333
685
826
703
536
224
1
56
284
435
473
341
196
46
-182
-412
-689
-914
-1005
-1001
-856
-454
-56
417
1201
1813
1924
1904
1682
1414
1812
2381
2890
3599
3595
3063
2724
2100
1482
1248
717
134
-75
-456
-549
-212
-227
-328
-527
-1043
-1343
-1457
-1570
-1396
-1194
-1128
-820
-422
72
505
558
495
286
-10
-97
-190
-296
-228
-271
-262
-94
-116
-248
-313
-470
-567
-490
-567
-698
-829
-1116
-1475
-1684
-1681
-1540
-1232
-961
-851
-894
-1050
-1095
-970
-827
-713
-546
-382
-148
230
553
718
707
476
206
101
71
43
-13
-181
-314
-295
-265
-264
-381
-575
-696
-726
-623
-423
-136
182
607
1204
1646
1796
1880
1719
1523
1820
2159
2581
3243
3301
3018
2754
2034
1358
962
297
-102
-167
-506
-528
-337
-495
-515
-536
-796
-843
-966
-1252
-1315
-1350
-1331
-998
-640
-295
37
171
194
238
202
104
62
-49
-159
-182
-248
-403
-495
-630
-707
-487
-315
-217
-128
-390
-783
-1098
-1513
-1750
-1727
-1635
-1378
-1056
-878
-765
-775
-845
-755
-594
-423
-180
43
204
418
587
633
653
626
499
475
382
78
-123
-235
-378
-359
-281
-361
-515
-630
-719
-680
-460
-201
74
370
866
1399
1742
1991
2031
1792
1722
1889
2018
2427
2844
2824
2831
2570
1931
1528
1009
291
-113
-484
-800
-681
-654
-713
-617
-756
-873
-740
-767
-815
-854
-1056
-1044
-841
-595
-189
0
13
108
109
186
412
428
300
271
10
-364
-477
-665
-863
-802
-782
-778
-554
-542
-659
-587
-837
-1233
-1399
-1648
-1689
-1430
-1359
-1257
-1090
-1140
-1093
-809
-644
-386
-52
76
243
358
330
361
382
333
405
498
354
151
-79
-283
-255
-110
-122
-180
-341
-622
-637
-532
-406
-141
79
382
890
1239
1534
1808
1783
1924
2234
2199
2325
2554
2390
2368
2413
2060
1796
1461
790
340
-102
-570
-695
-805
-944
-1002
-1133
-1197
-1045
-923
-855
-712
-722
-852
-833
-568
-216
51
252
316
395
507
538
524
470
289
112
45
-75
-229
-442
-637
-759
-846
-852
-810
-861
-910
-964
-1070
-1149
-1246
-1312
-1341
-1355
-1333
-1309
-1257
-1040
-789
-613
-352
-173
-43
178
365
527
602
518
426
300
191
205
166
77
52
34
64
132
97
-33
-209
-334
-348
-210
-2
133
253
447
674
941
1253
1484
1669
1874
2053
2184
2299
2281
2139
2005
1784
1560
1304
957
640
318
-91
-434
-652
-895
-1119
-1299
-1477
-1487
-1316
-1107
-918
-794
-789
-822
-784
-602
-324
-129
-24
95
214
308
469
516
404
365
283
139
33
-149
-384
-593
-734
-752
-733
-831
-884
-900
-1000
-1010
-977
-1070
-1049
-875
-798
-752
-770
-944
-981
-868
-756
-519
-308
-141
99
319
452
494
354
186
77
24
71
143
164
140
178
206
201
210
185
167
186
262
383
480
529
522
493
540
669
811
1071
1368
1628
1891
2017
2031
2025
1941
1787
1643
1411
1145
941
671
411
225
-110
-418
-606
-892
-1097
-1111
-1115
-1031
-834
-763
-714
-700
-798
-783
-682
-541
-381
-213
-126
-65
78
175
178
128
78
1
-62
-110
-224
-295
-348
-405
-410
-463
-588
-695
-864
-1033
-1050
-1020
-938
-747
-570
-467
-491
-656
-854
-973
-1024
-969
-789
-612
-451
-287
-104
63
158
180
134
73
35
36
60
75
126
220
278
271
298
375
428
539
683
723
702
671
556
519
567
575
643
769
872
1104
1321
1437
1562
1524
1385
1337
1205
1033
958
859
688
541
400
165
-58
-263
-498
-659
-747
-796
-772
-724
-608
-526
-529
-566
-691
-795
-797
-745
-617
-449
-333
-205
-86
-84
-101
-196
-348
-416
-431
-362
-266
-246
-227
-201
-239
-354
-457
-594
-752
-832
-834
-770
-620
-407
-252
-236
-328
-457
-528
-548
-549
-515
-447
-339
-182
-24
71
160
275
319
332
357
320
264
302
421
545
630
646
571
490
528
639
713
801
823
777
795
780
737
671
542
460
490
474
567
788
830
815
835
769
693
708
686
628
602
504
368
229
88
-101
-261
-427
-592
-716
-807
-839
-821
-830
-875
-925
-958
-974
-920
-809
-752
-675
-541
-428
-391
-323
-322
-373
-387
-396
-363
-264
-165
-84
-18
23
65
104
54
-61
-220
-391
-545
-569
-482
-422
-342
-316
-309
-311
-405
-465
-444
-412
-329
-244
-168
-91
-56
-18
75
179
306
453
450
421
483
534
686
819
746
674
636
571
635
671
611
597
564
543
626
630
513
372
207
35
17
46
85
195
241
299
323
326
353
381
386
393
372
254
226
217
108
-16
-124
-227
-305
-400
-516
-586
-625
-668
-680
-712
-796
-881
-905
-873
-741
-562
-452
-364
-284
-256
-222
-151
-137
-96
-16
86
183
246
296
375
436
437
384
252
45
-135
-203
-202
-190
-202
-277
-376
-419
-424
-421
-390
-352
-273
-106
21
64
81
61
25
61
165
241
297
388
468
584
703
742
717
673
568
449
401
329
249
276
298
369
483
427
289
137
-35
-101
-88
-107
-74
-1
-10
30
88
119
142
184
212
235
257
206
195
194
177
144
61
-88
-258
-382
-483
-515
-531
-570
-615
-680
-759
-862
-963
-993
-956
-834
-632
-470
-385
-341
-340
-306
-212
-88
54
168
229
279
340
371
450
473
394
275
148
4
-60
-53
-66
-147
-281
-385
-480
-556
-535
-483
-436
-288
-170
-19
115
154
181
198
184
245
293
293
382
510
594
692
756
714
701
666
595
518
373
230
147
154
219
304
321
227
121
-1
-92
-85
-23
2
10
17
30
58
98
159
178
225
268
306
330
352
357
333
307
225
117
-1
-120
-212
-277
-311
-336
-391
-418
-468
-575
-688
-773
-814
-777
-627
-498
-401
-297
-249
-199
-112
-36
88
198
213
192
173
195
267
318
327
276
144
61
-24
-29
-16
-103
-214
-346
-493
-539
-536
-543
-495
-477
-430
-313
-198
-107
8
43
60
103
97
137
209
282
362
408
425
414
421
425
431
405
325
182
48
-5
22
54
94
50
-76
-165
-205
-203
-178
-150
-138
-120
-101
-70
15
63
89
153
192
238
261
259
250
243
281
295
267
213
125
33
-43
-125
-157
-174
-224
-264
-289
-338
-383
-391
-364
-324
-243
-135
-95
-92
-79
-19
39
118
200
248
271
272
309
295
279
270
207
171
140
99
92
87
21
-57
-128
-221
-307
-373
-405
-394
-393
-353
-298
-255
-199
-120
-70
-8
53
63
74
100
95
107
135
172
237
294
300
310
294
207
164
94
84
93
95
111
119
77
26
-7
-50
-65
-62
-61
-7
12
17
59
58
63
70
64
81
134
155
169
211
237
222
211
197
158
74
-19
-126
-210
-247
-278
-273
-269
-264
-280
-292
-288
-228
-177
-191
-172
-157
-163
-131
-41
44
72
119
130
90
110
116
78
28
-3
-45
-59
-33
-45
-60
-92
-144
-208
-232
-249
-265
-298
-350
-338
-321
-318
-275
-282
-284
-230
-171
-132
-53
8
5
62
108
118
157
197
235
257
255
272
250
241
249
270
294
308
316
263
244
245
206
172
144
118
96
122
158
177
217
228
223
213
198
166
158
180
196
198
243
242
199
194
124
41
-7
-85
-153
-205
-255
-254
-252
-257
-244
-210
-217
-252
-256
-323
-365
-386
-341
-258
-170
-36
1
44
84
62
53
23
-25
-73
-105
-95
-90
-74
-101
-87
-99
-109
-81
-101
-95
-143
-148
-184
-215
-199
-243
-226
-231
-235
-231
-211
-156
-121
4
57
107
172
145
156
176
192
164
196
183
143
200
217
288
299
278
251
223
235
207
217
191
170
130
119
135
127
148
113
97
89
104
111
107
115
113
104
85
81
73
54
65
37
-2
-40
-68
-96
-133
-140
-157
-148
-142
-177
-183
-190
-202
-171
-187
-202
-172
-182
-154
-72
-36
20
50
53
62
51
23
9
-6
-38
-41
-34
-62
-82
-95
-149
-170
-170
-146
-116
-86
-65
-63
-44
-67
-119
-112
-149
-225
-234
-235
-211
-184
-122
-66
-17
51
61
77
77
78
62
47
30
46
120
158
218
250
273
273
255
253
207
228
226
190
171
142
135
119
123
104
103
106
75
69
97
59
27
21
-3
32
33
50
94
97
70
50
19
-43
-86
-137
-157
-185
-194
-146
-130
-121
-115
-160
-187
-165
-104
-88
-55
-14
-5
-1
-4
37
13
-13
-29
-41
-43
-21
28
24
20
-13
-20
-29
-45
-33
-65
-47
-16
-22
23
45
50
19
-17
-27
-66
-74
-105
-114
-111
-87
-54
-61
-4
-10
24
44
42
58
17
35
28
61
126
152
188
151
177
206
211
239
232
226
183
190
141
112
91
35
17
-32
-29
-24
-43
-22
-67
-88
-114
-122
-111
-133
-129
-126
-120
-117
-125
-127
-136
-133
-143
-157
-173
-193
-199
-208
-160
-139
-118
-110
-109
-90
-96
-43
-15
17
44
52
73
45
12
-1
-22
-12
-24
0
1
4
17
-28
-5
-2
11
9
31
49
55
55
27
48
47
56
87
74
85
69
52
23
12
14
24
64
57
83
55
35
30
4
25
52
99
151
161
166
155
165
176
178
197
193
173
151
144
156
161
119
49
23
-16
-54
-37
-43
-47
-65
-82
-73
-103
-105
-97
-88
-93
-111
-126
-158
-190
-216
-220
-206
-158
-176
-189
-152
-147
-99
-80
-73
-70
-90
-66
-55
-33
-23
6
78
120
147
165
125
109
73
56
71
67
70
55
51
51
47
42
47
39
6
-7
-31
-56
-55
-39
-39
-58
-44
-42
-47
-33
-13
8
9
45
21
16
34
-3
6
-16
-36
-57
-61
-45
-7
41
81
83
73
41
54
64
85
97
94
104
83
107
100
80
39
-29
-62
-76
-55
-53
-41
-44
-80
-71
-78
-81
-100
-101
-85
-84
-71
-89
-128
-168
-160
-163
-180
-155
-161
-138
-109
-78
-36
-18
-11
-29
-30
-9
6
23
35
63
94
150
181
190
199
206
251
259
265
241
199
175
117
63
30
12
-20
-11
-3
-7
13
-10
-9
-13
-30
-25
-21
-33
-31
-14
8
45
74
78
118
111
92
72
36
-7
-34
-31
-15
46
103
111
117
99
78
43
42
23
-3
5
7
31
61
62
43
25
3
-24
-43
-51
-94
-123
-159
-172
-172
-195
-181
-194
-195
-188
-170
-161
-150
-140
-188
-228
-264
-259
-252
-234
-197
-162
-138
-161
-181
-200
-218
-160
-151
-96
-35
-24
51
95
131
135
146
117
130
186
201
226
229
200
166
139
122
87
63
51
29
17
21
37
18
50
46
36
31
-8
-2
-25
-6
35
65
114
145
162
172
155
152
138
127
115
120
111
128
144
138
156
127
127
106
71
53
22
35
45
60
71
75
67
40
38
22
-10
-36
-99
-119
-131
-153
-168
-171
-188
-189
-183
-174
-168
-176
-141
-129
-133
-146
-158
-169
-162
-119
-92
-53
-57
-53
-52
-91
-86
-72
-48
-11
7
26
43
78
117
124
143
159
177
183
209
242
235
244
231
215
189
130
90
41
30
14
-6
-26
-24
-36
-99
-73
-74
-77
-91
-117
-128
-130
-111
-74
-11
25
45
47
26
14
11
21
8
-16
-21
-52
-59
-39
-47
-51
-74
-114
-143
-155
-152
-134
-92
-72
-79
-68
-73
-82
-76
-84
-125
-144
-163
-188
-157
-142
-137
-150
-127
-129
-109
-84
-87
-77
-81
-53
-63
-74
-72
-65
-32
10
51
71
56
53
44
54
76
86
99
93
120
143
172
203
213
229
235
260
295
336
341
364
356
352
355
347
317
251
220
175
140
126
90
65
53
23
1
-25
-59
-88
-116
-133
-122
-104
-76
-52
-26
-27
-4
2
-6
-6
-27
-29
-36
-40
-51
-59
-76
-81
-73
-106
-119
-135
-140
-141
-125
-101
-90
-113
-130
-136
-123
-109
-102
-105
-109
-121
-135
-133
-147
-120
-127
-139
-123
-124
-105
-79
-45
-25
-12
1
2
20
1
-4
-2
-21
2
3
14
33
45
60
78
91
72
77
61
42
45
54
73
70
72
93
107
129
146
157
146
130
135
103
52
16
-17
-43
-76
-79
-91
-115
-149
-154
-165
-194
-208
-243
-211
-171
-139
-83
-42
0
-2
-2
8
22
8
8
39
52
80
106
104
99
113
107
94
91
46
7
-2
-11
-2
21
21
37
32
43
40
21
26
25
45
45
59
72
47
47
48
30
19
8
-8
5
18
39
69
73
73
85
92
96
85
103
85
56
52
41
38
47
51
35
34
37
25
40
47
45
66
74
60
56
57
39
70
69
83
86
65
33
9
-31
-80
-102
-137
-131
-137
-134
-119
-161
-188
-201
-234
-228
-226
-225
-218
-193
-166
-153
-117
-113
-110
-73
-40
-27
-26
-7
0
2
18
6
-2
-27
-30
-40
-46
-39
-34
-12
-7
16
31
35
37
47
44
32
51
59
49
53
58
42
28
20
24
12
11
7
5
28
24
37
38
20
25
8
-8
21
10
20
31
16
16
22
29
31
35
46
24
21
33
43
47
71
62
59
54
46
68
48
25
12
18
31
17
26
22
1
-18
-22
-34
-55
-45
-53
-75
-77
-92
-115
-120
-114
-96
-68
-53
-38
-11
-6
4
21
42
64
93
118
133
142
151
147
140
127
106
110
94
88
81
84
79
86
106
105
90
72
56
32
27
13
9
12
11
11
2
-18
-5
2
-15
-5
-33
-47
-63
-60
-60
-57
-9
-28
-31
-29
-59
-52
-32
-27
-17
-23
-37
-54
-41
-59
-63
-51
-54
-34
-53
-31
-21
-29
-38
-49
-49
-74
-58
-65
-67
-79
-72
-49
-65
-47
-23
-34
-38
-50
-76
-99
-98
-97
-94
-92
-93
-106
-134
-127
-108
-108
-77
-83
-78
-58
-81
-57
-56
-46
-24
-14
-7
18
45
52
77
80
48
70
82
59
87
81
74
64
44
61
64
74
91
101
86
78
88
90
86
73
43
20
20
4
10
26
27
25
7
7
21
17
14
18
-4
-20
-54
-53
-13
-12
18
29
30
13
15
6
4
4
-1
17
26
29
62
60
46
47
28
2
-17
-13
-29
8
12
12
40
55
61
83
106
76
78
63
24
16
-9
13
24
27
47
45
52
55
59
56
54
38
-10
-12
11
38
65
57
79
73
57
66
64
65
58
64
46
35
40
38
26
9
-16
-22
-32
-74
-65
-66
-93
-81
-94
-109
-97
-104
-95
-107
-111
-111
-137
-132
-152
-133
-128
-129
-105
-113
-112
-104
-99
-103
-101
-83
-80
-78
-64
-44
-36
-53
-65
-66
-64
-67
-58
-58
-75
-62
-55
-29
-11
-2
0
-6
-2
-21
-8
-1
3
12
15
34
28
21
10
-3
-17
-38
-49
-51
-49
-36
-25
-28
-28
-23
-12
16
0
1
30
4
38
56
85
102
115
144
153
162
168
178
173
180
181
183
166
153
169
157
166
179
164
173
156
171
160
143
154
132
133
110
118
102
64
60
61
71
59
60
51
25
19
16
20
15
14
-1
-29
-33
-74
-89
-103
-109
-112
-127
-120
-137
-126
-146
-157
-143
-164
-165
-171
-160
-167
-173
-151
-163
-162
-162
-162
-140
-126
-93
-93
-105
-111
-127
-130
-133
-137
-145
-149
-170
-168
-151
-127
-113
-107
-87
-89
-101
-80
-53
-50
-2
27
40
73
86
103
113
125
115
118
113
114
124
137
136
146
149
130
141
133
128
110
107
92
91
79
88
93
78
83
95
104
106
94
87
69
50
49
45
40
34
30
34
34
43
39
11
-11
-19
-30
-33
-42
-46
-37
-31
-31
-34
-36
-50
-63
-66
-70
-92
-87
-93
-77
-56
-38
-17
-6
-2
-3
14
11
13
11
3
3
-22
-49
-32
-27
-37
-30
-28
-32
-46
-59
-64
-70
-67
-30
-23
-27
1
-15
-7
1
23
48
62
108
109
108
113
131
133
154
167
138
124
111
96
90
83
70
34
22
13
4
19
11
28
13
7
19
24
42
30
26
3
-21
-40
-59
-77
-82
-80
-92
-88
-85
-82
-102
-116
-113
-113
-123
-132
-137
-157
-177
-169
-158
-145
-133
-115
-122
-140
-132
-120
-133
-114
-106
-78
-54
-40
-20
-9
-5
-19
8
21
39
62
82
77
88
100
90
82
77
54
38
40
28
19
23
24
19
43
66
84
105
110
118
130
131
142
160
174
175
177
193
194
190
166
143
113
97
69
51
50
32
24
34
33
28
37
-2
-17
-30
-50
-54
-55
-59
-56
-31
-19
-26
-51
-54
-55
-60
-77
-75
-78
-102
-101
-86
-92
-119
-127
-123
-125
-131
-126
-104
-110
-128
-130
-128
-127
-125
-134
-123
-112
-107
-89
-87
-93
-65
-73
-54
-18
-12
6
3
34
50
42
72
89
91
98
113
94
77
66
56
62
45
39
22
18
28
22
44
52
62
92
96
107
122
128
146
146
148
123
97
101
78
91
113
120
110
107
96
74
48
35
39
28
18
6
4
-5
-15
-18
-20
-30
-42
-52
-45
-37
-24
-16
-9
-24
-28
-31
-38
-58
-56
-59
-61
-72
-83
-82
-108
-95
-101
-94
-111
-122
-103
-124
-129
-116
-100
-105
-109
-116
-130
-126
-136
-139
-127
-114
-82
-63
-44
-39
-30
-11
8
11
20
33
22
12
6
9
34
27
17
23
29
30
16
20
5
-3
-7
-6
10
33
60
62
64
76
93
102
126
138
144
148
154
176
175
183
175
152
143
121
117
98
100
95
67
74
72
44
43
28
6
12
9
1
-16
-29
-26
-34
-18
-1
7
-12
-26
-19
-23
-10
-8
-12
-12
-22
-33
-42
-47
-51
-67
-78
-89
-88
-109
-90
-65
-56
-64
-67
-68
-91
-92
-98
-95
-89
-86
-91
-80
-94
-71
-55
-36
-11
0
4
-29
-39
-37
-33
-24
-15
-19
-19
-17
-9
-14
-18
-13
-18
-21
-31
-32
-2
0
12
19
16
24
31
53
43
36
28
19
29
51
81
96
98
97
84
70
87
97
64
58
37
7
17
30
15
21
25
19
24
22
40
54
55
43
28
37
50
47
28
7
-10
-40
-40
-31
-13
-18
-28
-15
-16
-13
-16
-21
-37
-69
-84
-93
-101
-102
-95
-95
-89
-75
-71
-65
-58
-37
-29
-8
-21
-31
-28
-58
-53
-43
-31
-26
-8
3
14
32
32
54
65
54
51
59
52
43
37
39
45
32
22
33
26
35
58
73
73
66
68
69
60
59
58
63
54
48
42
39
58
48
39
27
29
19
3
6
-7
-15
-11
-6
-8
-17
-13
-9
-22
-20
-14
-6
-16
-20
-2
-25
-23
-21
-23
-37
-43
-40
-51
-53
-38
-39
-63
-54
-45
-62
-72
-77
-99
-102
-102
-97
-91
-68
-60
-55
-49
-43
-62
-67
-44
-46
-30
-35
-21
-22
-5
-2
-8
6
0
-4
-4
-6
3
6
10
38
44
53
53
41
52
64
62
59
48
30
13
12
25
38
49
59
54
67
64
56
62
82
93
83
73
88
97
92
87
98
101
95
