2
1
1
3
5
4
2
2
2
2
3
4
0
-1
2
2
0
1
3
0
0
-1
1
1
2
2
1
2
3
2
2
2
2
1
2
1
3
2
-1
-1
2
2
2
3
3
3
3
3
3
4
1
-1
-3
-1
-2
-2
-2
-1
-1
-1
2
3
0
0
-1
0
0
0
-3
-3
-4
-4
-2
-4
-3
-4
-2
-1
-2
-1
-1
-2
-1
-4
-2
-3
-3
-6
-4
-2
-3
-4
-3
0
0
0
-2
-2
-1
3
0
-1
-2
-3
-4
-5
-3
-3
-1
-2
-2
-2
-2
0
1
2
1
-1
-3
-3
0
3
1
0
-2
0
0
0
3
1
-2
1
2
3
4
0
3
3
0
1
0
1
-1
-2
-1
-1
-1
0
-1
-2
2
0
0
1
-2
-2
-2
1
3
2
1
-2
-1
1
1
0
0
0
2
2
3
3
3
2
3
3
3
2
2
4
3
3
0
1
1
0
1
2
5
4
2
5
3
1
0
3
3
4
1
-2
1
3
2
1
1
-1
0
-1
0
-2
-2
-1
-2
-1
-1
-2
-3
0
-2
-2
-3
-3
-1
-1
-1
-2
-3
-2
-2
-1
1
-1
-1
2
1
2
1
0
1
2
1
-3
0
-1
0
1
-1
-3
-3
1
1
1
-1
-4
-1
-3
-2
-2
-1
-2
-3
-2
-1
-1
1
-2
0
-1
-2
-1
-1
-1
-3
-4
-4
-2
-1
-1
-3
-5
-4
-2
-1
-2
-4
-5
-6
-4
-3
0
1
-1
-2
0
3
2
7
3
1
0
1
1
1
2
2
4
4
5
6
6
5
4
5
3
5
5
6
4
5
5
4
3
2
3
3
1
1
3
4
2
3
3
0
-1
0
0
-2
-2
-2
-1
-1
-2
-2
-1
-1
-1
-4
-6
-6
-4
-3
-3
-1
-1
2
1
-1
-1
1
3
3
4
4
2
1
-1
0
2
2
2
0
-3
-3
0
0
0
0
1
1
0
1
-1
2
4
3
4
4
3
-1
-3
-1
0
0
0
-1
0
1
-2
1
-1
0
-1
-2
-2
-1
-1
-3
-3
-3
-5
-5
-5
-4
-2
-1
-1
-1
1
2
1
-1
-1
-2
-2
-4
-4
-3
-4
-3
-5
-6
-5
-3
-3
-4
-5
-4
-4
-4
-3
-3
-4
-4
-7
-5
-2
-2
-3
-3
-2
0
2
2
2
1
0
0
1
1
0
1
1
1
2
1
3
3
5
6
6
6
5
8
9
10
7
6
7
7
8
7
7
6
6
6
8
6
6
7
7
6
5
6
4
3
3
2
3
0
-3
0
2
1
-1
3
3
1
0
0
3
2
1
-1
-2
-1
-4
-3
-3
-4
-5
-5
-3
-1
-2
-3
-4
-5
-5
-6
-5
-6
-6
-5
-5
-6
-4
-5
-9
-10
-9
-9
-10
-8
-8
-6
-5
-7
-7
-8
-8
-9
-7
-7
-8
-9
-7
-5
-7
-7
-7
-4
-3
-3
-5
-2
-3
-2
-2
-3
-4
-3
-3
-4
-2
-1
0
1
2
2
2
1
0
3
3
0
4
3
3
5
6
6
7
9
9
11
12
12
12
11
11
13
14
15
14
14
15
14
14
13
12
13
14
12
13
10
12
15
11
11
13
13
12
12
11
11
13
12
9
8
8
6
7
6
5
3
1
2
1
-1
-3
-4
-4
-5
-6
-7
-10
-12
-13
-13
-12
-12
-13
-15
-15
-16
-17
-18
-19
-18
-22
-21
-21
-21
-21
-23
-23
-22
-24
-25
-26
-25
-24
-23
-24
-22
-22
-23
-22
-21
-19
-16
-17
-16
-13
-11
-10
-10
-11
-8
-5
-6
-2
-1
-2
-1
1
4
7
5
4
6
12
14
14
17
18
18
19
21
22
21
20
21
23
27
28
28
28
31
32
33
33
34
34
30
30
31
33
33
34
32
30
30
31
32
33
29
27
26
26
24
27
26
22
20
17
13
12
9
7
8
6
5
2
3
4
2
-3
-1
-3
-4
-8
-13
-14
-14
-17
-20
-22
-24
-26
-30
-35
-39
-43
-48
-49
-51
-54
-58
-59
-59
-58
-62
-65
-68
-71
-69
-70
-69
-68
-69
-67
-64
-60
-57
-56
-54
-47
-43
-42
-39
-36
-32
-26
-23
-17
-14
-10
-5
-4
2
8
13
16
20
27
29
33
38
39
43
46
48
53
54
55
60
62
62
65
67
66
67
67
66
65
65
63
62
63
61
59
59
58
59
56
54
55
54
51
48
47
45
42
38
38
39
37
41
41
37
36
34
33
32
31
30
30
33
33
31
27
24
21
19
21
19
11
4
1
-5
-10
-16
-22
-29
-38
-42
-51
-59
-64
-69
-77
-79
-87
-96
-102
-109
-114
-120
-124
-131
-133
-137
-135
-133
-135
-135
-131
-127
-123
-118
-114
-106
-103
-94
-88
-83
-80
-73
-70
-62
-55
-51
-43
-37
-28
-21
-13
-6
-2
6
16
22
30
36
40
47
56
61
65
68
70
77
82
85
90
94
99
101
103
106
108
112
110
115
117
110
111
110
108
107
105
105
101
99
98
94
92
91
88
85
82
82
78
77
77
71
68
61
61
57
49
42
36
35
30
25
23
18
14
9
11
10
11
12
10
11
12
10
9
6
2
1
-4
-9
-15
-20
-29
-41
-52
-63
-77
-86
-95
-107
-116
-118
-123
-133
-138
-148
-149
-150
-154
-151
-155
-155
-152
-150
-145
-142
-142
-147
-147
-143
-143
-142
-139
-127
-120
-113
-107
-105
-97
-88
-77
-73
-66
-61
-50
-44
-41
-31
-22
-13
-2
9
18
27
38
47
56
66
74
80
81
85
88
92
93
98
100
103
100
105
107
117
115
124
111
142
167
106
169
118
120
133
101
135
115
180
119
108
138
50
113
80
71
110
52
101
61
73
90
51
86
59
60
78
65
74
64
66
68
53
65
48
46
33
15
12
-2
-9
-11
-26
-33
-32
-35
-38
-45
-38
-41
-37
-19
-7
10
23
33
42
41
38
31
28
27
18
7
-2
-22
-41
-67
-97
-128
-160
-187
-211
-221
-227
-233
-234
-233
-232
-228
-229
-226
-223
-223
-218
-212
-208
-197
-186
-180
-169
-160
-151
-139
-135
-126
-112
-101
-88
-75
-64
-56
-50
-49
-43
-30
-24
-19
-5
5
7
21
37
42
56
70
79
90
97
109
119
131
137
139
137
138
138
145
132
132
138
129
130
128
128
140
143
145
148
143
144
143
139
136
138
138
137
142
136
140
130
126
126
131
110
146
211
129
164
102
64
58
22
46
27
125
91
19
70
-28
-4
-11
-40
25
-35
32
6
30
58
14
50
10
9
-10
-19
-19
-34
-30
-29
-36
-9
-24
-17
-28
-13
-3
3
20
36
51
44
48
49
52
42
33
18
-20
-44
-82
-134
-162
-218
-270
-316
-364
-393
-423
-438
-457
-456
-449
-437
-425
-399
-370
-353
-317
-279
-254
-211
-170
-139
-91
-52
-10
27
62
93
123
151
154
163
173
170
164
156
137
110
84
73
52
34
18
-4
-13
-16
-11
-8
1
3
11
33
56
58
79
100
119
147
159
176
185
188
189
188
188
195
189
183
175
166
147
132
119
124
116
78
80
67
52
55
61
80
72
61
73
78
82
81
76
76
87
104
107
121
118
121
114
87
83
77
75
84
64
66
54
49
51
37
29
25
23
10
14
10
-13
-25
-44
-41
-32
-21
-22
-11
-3
-10
-9
-4
18
45
60
77
98
127
149
162
175
168
182
172
143
105
59
-2
-77
-139
-213
-281
-358
-434
-495
-548
-599
-631
-659
-670
-653
-622
-583
-548
-497
-449
-391
-326
-275
-215
-161
-94
-30
32
72
126
176
225
250
273
277
259
252
242
212
185
132
84
36
-23
-55
-113
-150
-193
-203
-198
-198
-181
-166
-152
-114
-93
-35
13
42
95
118
156
185
215
254
268
292
313
305
320
303
284
266
233
203
169
134
93
58
33
18
5
-11
-15
-22
-29
-20
-6
12
24
42
50
73
92
126
168
195
230
272
292
315
338
354
378
394
383
375
363
330
310
283
262
222
204
143
91
60
17
-7
-12
-22
-18
-2
10
14
47
93
115
157
216
225
253
309
305
289
297
249
187
147
59
-60
-148
-263
-422
-533
-636
-772
-874
-949
-1043
-1072
-1067
-1083
-1069
-1008
-940
-857
-726
-639
-544
-430
-340
-251
-114
-2
93
188
247
294
367
419
421
418
422
356
312
236
134
43
-82
-202
-334
-436
-545
-625
-684
-724
-730
-722
-705
-638
-543
-457
-342
-217
-107
22
141
247
335
409
476
494
554
568
572
582
571
530
519
472
410
372
326
267
209
149
70
9
-31
-57
-62
-51
-48
-14
40
74
128
219
298
387
471
569
629
725
805
834
872
882
872
855
845
792
771
732
693
619
537
467
382
314
273
219
165
110
47
14
8
18
-4
25
53
95
195
288
385
490
572
612
640
667
638
584
491
332
161
-38
-291
-540
-776
-1068
-1316
-1528
-1719
-1858
-1939
-2023
-2026
-1982
-1915
-1809
-1661
-1487
-1308
-1095
-921
-742
-548
-379
-208
-28
111
236
377
463
527
605
617
586
527
408
263
130
-53
-266
-496
-732
-951
-1139
-1283
-1392
-1472
-1490
-1492
-1422
-1288
-1137
-908
-650
-422
-147
111
350
593
774
940
1082
1174
1245
1286
1305
1266
1202
1134
1008
857
713
576
421
283
142
8
-67
-103
-142
-194
-204
-187
-162
-94
-14
122
258
422
629
803
1024
1252
1391
1556
1667
1752
1808
1890
1900
1861
1801
1673
1515
1392
1243
1015
848
652
440
279
165
7
-94
-83
-106
-98
-23
-27
11
155
335
503
748
978
1112
1260
1375
1344
1269
1170
985
736
443
51
-432
-847
-1283
-1788
-2229
-2629
-3039
-3338
-3531
-3677
-3666
-3600
-3474
-3281
-2980
-2663
-2337
-1954
-1568
-1214
-838
-489
-141
191
554
845
1083
1293
1428
1529
1545
1459
1289
1021
646
282
-158
-642
-1081
-1541
-2024
-2452
-2698
-2952
-3049
-3001
-2922
-2738
-2408
-2092
-1656
-1117
-642
-156
301
761
1183
1595
1955
2168
2370
2498
2385
2333
2261
2064
1843
1578
1295
946
663
329
-14
-279
-536
-747
-862
-907
-911
-839
-753
-604
-377
-117
202
585
981
1370
1736
2101
2461
2774
3026
3234
3365
3435
3473
3366
3205
3038
2766
2419
1962
1537
1017
551
180
-237
-571
-751
-898
-1026
-951
-818
-731
-412
-76
165
697
1258
1750
2359
2906
3169
3234
3224
2985
2628
2328
1764
1046
358
-554
-1560
-2313
-3027
-3727
-4297
-4796
-5305
-5566
-5571
-5515
-5241
-4834
-4482
-4074
-3564
-3009
-2294
-1603
-1010
-466
146
670
1214
1906
2441
2821
3072
3188
3180
3085
2805
2327
1701
971
94
-774
-1631
-2445
-3042
-3571
-4097
-4351
-4474
-4451
-4193
-3775
-3333
-2846
-2223
-1555
-842
-55
631
1264
1851
2294
2720
3133
3413
3558
3586
3414
3141
2811
2392
1881
1296
683
-13
-695
-1274
-1753
-2080
-2341
-2512
-2562
-2453
-2227
-1877
-1322
-816
-346
212
725
1244
1838
2245
2656
3005
3199
3415
3597
3758
3682
3686
3517
3259
3010
2643
2167
1703
1190
577
-43
-518
-969
-1380
-1602
-1745
-1791
-1676
-1466
-1231
-857
-456
85
581
1310
2042
2728
3568
4116
4326
4372
4134
3727
3205
2614
1895
1100
181
-874
-1909
-2784
-3650
-4423
-4990
-5611
-5924
-6196
-6218
-6044
-5680
-5221
-4601
-4143
-3391
-2701
-1969
-962
-335
719
1193
2022
2675
3207
4035
4156
4490
4383
4218
4030
3375
2745
1941
769
-173
-1356
-2303
-2975
-3650
-4034
-4625
-4633
-4704
-4556
-3888
-3607
-2943
-2149
-1547
-830
28
938
1665
2349
2989
3275
3722
4095
4188
4294
4147
3760
3148
2607
1986
1203
500
-384
-1328
-2029
-2679
-3198
-3534
-3614
-3696
-3595
-3222
-2843
-2298
-1691
-1079
-424
178
770
1419
2056
2691
3170
3469
3689
3805
3874
3855
3720
3451
3011
2480
1848
1243
633
-14
-580
-1172
-1710
-2035
-2265
-2485
-2449
-2348
-2310
-1990
-1608
-1257
-692
-20
471
1039
1806
2554
3358
4360
5023
5130
5144
4732
4057
3369
2597
1751
943
154
-1060
-2309
-3244
-4079
-4720
-5270
-5992
-6505
-6717
-6698
-6370
-5772
-5013
-4286
-3459
-2524
-1626
-523
546
1390
2270
2846
3351
3940
4488
4971
5219
5235
4929
4473
4021
3246
2444
1614
418
-727
-1824
-2873
-3604
-4061
-4408
-4716
-4684
-4484
-4169
-3522
-2726
-2053
-1250
-463
173
998
1853
2650
3387
4035
4451
4681
4964
4976
4643
4234
3464
2429
1414
308
-683
-1676
-2555
-3375
-3947
-4244
-4478
-4395
-4226
-3986
-3622
-3307
-2914
-2284
-1656
-980
-213
564
1292
2057
2820
3434
3933
4266
4217
4087
3826
3372
2871
2312
1717
994
316
-241
-836
-1259
-1706
-2118
-2576
-2849
-3076
-3163
-2918
-2661
-2168
-1735
-1074
-435
210
1011
1797
2603
3482
4439
5249
5662
5575
5182
4353
3712
2845
1911
1218
447
-216
-1385
-2496
-3338
-4312
-4982
-5812
-6669
-7221
-7458
-7268
-6751
-5816
-4634
-3521
-2291
-1104
-54
1026
1875
2599
3155
3488
3980
4408
4964
5537
5712
5690
5425
4901
4044
2907
1681
352
-1007
-2295
-3388
-4178
-4569
-4726
-4607
-4357
-3894
-3327
-2776
-2214
-1709
-1253
-733
-38
804
1754
2781
3829
4748
5499
6019
6120
5941
5513
4653
3497
2281
1013
-188
-1175
-1959
-2620
-3135
-3546
-3971
-4252
-4473
-4689
-4769
-4718
-4455
-3875
-3105
-2150
-1037
106
1281
2384
3183
3765
4015
3966
3774
3442
3017
2631
2256
1948
1642
1297
821
293
-426
-1172
-1937
-2813
-3363
-3748
-4069
-3911
-3517
-3161
-2395
-1552
-906
-193
490
810
1177
1773
2089
2461
3290
4143
5065
6041
6286
5826
4997
3931
2622
1306
331
-461
-1137
-1864
-3014
-4014
-4744
-5338
-5900
-6569
-7332
-7761
-7631
-6988
-5830
-4263
-2712
-1452
-255
673
1487
2325
2875
3177
3409
3609
3973
4685
5428
5917
6040
5738
4862
3692
2400
934
-479
-1788
-3046
-3947
-4238
-4109
-3703
-3303
-3025
-2929
-2917
-2823
-2657
-2294
-1802
-1073
-57
1122
2520
3958
5127
5904
6222
5964
5345
4662
3907
3093
2320
1585
878
311
-187
-795
-1415
-2165
-3149
-4146
-4963
-5459
-5561
-5220
-4632
-3737
-2612
-1476
-406
587
1262
1734
2102
2331
2608
2987
3387
3737
3882
3747
3500
3064
2490
1757
882
-47
-983
-1768
-2252
-2646
-2803
-2757
-2822
-2928
-2983
-2985
-2825
-2152
-1470
-856
-187
297
761
1377
1917
2331
2826
3108
3357
4017
4942
5429
5573
4949
3708
2445
1304
87
-726
-983
-1387
-2236
-3303
-4495
-5498
-5934
-6458
-7138
-7553
-7544
-7031
-5842
-4272
-2763
-1410
-477
-2
348
750
1202
1820
2330
2787
3395
4285
5243
5996
6175
5542
4383
3008
1438
115
-789
-1471
-1981
-2229
-2336
-2306
-2027
-2048
-2615
-3295
-3925
-4268
-4040
-3198
-1996
-563
912
2226
3346
4203
4741
4874
4625
4189
3789
3571
3667
3942
4019
3775
3206
2252
1035
-249
-1529
-2719
-3743
-4502
-4798
-4642
-4069
-3380
-2846
-2520
-2284
-1994
-1650
-1101
-426
298
1120
2075
2931
3661
4274
4472
4150
3579
2786
2038
1671
1468
1170
907
668
125
-441
-1063
-1881
-2729
-3195
-3579
-3658
-3341
-2753
-1899
-1022
-369
-102
137
378
555
737
964
1404
2027
2911
4055
5501
6449
6428
5287
3543
1923
701
-119
-635
-380
-71
-428
-1547
-3036
-4354
-5443
-6453
-7720
-8586
-8553
-7770
-6315
-4445
-2734
-1675
-1289
-1395
-1672
-1519
-988
-136
917
2095
3315
4713
6001
6794
6509
5279
3589
1984
829
267
163
295
335
86
-415
-1094
-1851
-2730
-3879
-4940
-5433
-5176
-4086
-2459
-960
122
820
1186
1369
1624
1953
2324
2870
3557
4281
5065
5837
6169
5766
4781
3465
2099
983
219
-361
-802
-1249
-1794
-2380
-2950
-3381
-3871
-4229
-4304
-4121
-3516
-2463
-1227
-183
584
978
1151
1434
1905
2370
2847
3278
3513
3708
3933
3889
3588
3047
2219
1170
306
-260
-807
-1058
-1238
-1711
-2023
-2098
-2256
-2420
-2407
-2662
-2692
-2182
-1713
-984
-15
595
784
1179
1745
2881
4715
5926
5905
4869
3469
2368
2158
2276
2397
2767
2599
1386
-561
-2639
-4215
-5026
-5817
-6989
-7813
-7935
-7381
-6068
-4723
-4208
-4325
-4808
-5331
-5026
-3983
-2734
-1145
502
1667
2566
3563
4501
5142
5198
4412
3412
2961
2961
3317
3673
3386
2437
1233
44
-788
-1453
-2242
-2976
-3469
-3695
-3568
-3006
-2452
-2156
-2231
-2692
-2768
-2040
-801
648
1957
2689
2976
3341
3676
4052
4383
4313
3988
3773
3609
3427
3410
3078
2194
972
-294
-1321
-1862
-2061
-2220
-2362
-2454
-2575
-2501
-2155
-1791
-1610
-1519
-1462
-1179
-458
493
1417
2085
2379
2320
2140
2061
2116
2202
2263
2116
1837
1621
1521
1501
1205
608
-174
-942
-1322
-1257
-1011
-750
-429
-471
-687
-705
-826
-792
-517
-399
-260
370
1343
2782
4313
4726
4062
2944
1724
909
938
1659
2846
3748
3115
1348
-232
-1446
-2463
-3315
-4191
-4741
-4931
-5169
-5079
-4123
-3135
-3265
-4380
-5769
-6485
-6043
-4944
-3696
-2418
-1484
-1193
-922
-264
530
1116
1149
697
430
797
1664
2760
3585
3416
2565
1779
1204
929
1074
1252
1265
1086
742
629
807
676
-33
-977
-1521
-1569
-1218
-571
173
635
473
-32
-504
-677
-533
-343
-171
205
665
1068
1453
1600
1310
891
515
202
95
263
569
940
1177
1033
768
646
539
390
320
397
547
731
855
910
891
782
476
108
-200
-435
-498
-333
-74
43
67
30
-20
-18
-30
-86
-94
-71
-9
124
508
904
1062
1075
1045
914
819
770
706
906
1303
1783
2691
3777
4105
3619
2554
1252
646
648
955
2036
3503
3803
2663
869
-935
-2040
-2632
-3524
-3989
-3695
-3561
-3647
-3445
-3156
-3274
-3833
-5089
-6331
-6460
-5841
-4779
-3285
-2164
-1830
-1731
-1618
-1429
-931
-430
-41
481
906
1232
2098
3116
3398
2892
2030
1424
1465
1822
2146
2596
2813
2386
1628
981
459
135
-289
-854
-1024
-806
-492
-113
174
-141
-865
-1452
-1698
-1602
-1188
-685
-225
128
239
227
414
571
359
93
-3
123
453
775
973
1044
839
418
126
205
379
556
758
877
933
974
976
941
804
446
103
7
81
147
269
398
377
264
61
-87
-144
-236
-371
-483
-534
-452
-281
-36
265
361
239
70
89
171
248
398
599
889
1493
2482
3461
3818
3375
2382
1637
1443
1443
1869
3101
4410
4573
3395
1518
53
-506
-1042
-2033
-2505
-2395
-2394
-2430
-2378
-2562
-3029
-3917
-5238
-6018
-5802
-5224
-4420
-3329
-2811
-2851
-2854
-2653
-2304
-1814
-1445
-983
-165
493
896
1448
2110
2193
1809
1288
1149
1654
2259
2611
2859
2868
2475
1930
1421
1032
733
435
248
388
626
714
811
699
63
-746
-1315
-1423
-1058
-667
-469
-315
-254
-399
-514
-356
-354
-458
-538
-553
-371
-124
-51
-9
-21
-259
-536
-513
-168
144
324
402
485
498
487
477
645
760
683
549
489
633
795
783
669
534
337
127
70
38
-42
-141
-346
-592
-634
-689
-654
-330
-203
-372
-379
-317
-366
-161
20
-62
395
1528
2504
3010
2914
2058
1398
1599
1695
1848
2879
4122
4488
3922
2498
1016
659
535
-415
-1004
-856
-974
-1038
-1032
-1560
-2214
-2877
-3985
-4783
-4514
-4147
-3850
-3254
-3072
-3484
-3697
-3668
-3452
-2896
-2517
-2233
-1358
-432
-86
84
241
274
317
419
682
1419
2126
2338
2485
2593
2420
2222
2019
1737
1728
1867
1874
2187
2529
2288
1966
1710
1115
498
156
-67
-65
140
108
17
10
-311
-828
-1117
-1160
-1187
-1091
-937
-840
-734
-755
-906
-987
-1028
-1106
-1134
-916
-551
-299
-188
-96
-21
-52
-108
2
193
347
416
389
354
366
287
234
272
302
291
236
231
195
24
-232
-375
-493
-666
-785
-741
-507
-219
-44
-80
-102
-277
-628
-707
-422
299
1543
2451
2294
1565
860
724
1229
1549
1584
2251
3281
3415
2728
1778
982
780
559
-313
-652
35
389
303
67
-800
-1878
-2511
-2989
-2993
-2466
-2471
-2848
-2707
-2540
-2897
-3146
-3125
-3205
-3023
-2629
-2095
-922
49
-47
-510
-711
-722
-409
215
906
1491
1868
1915
2064
2501
2472
2076
1775
1532
1540
1981
2491
3086
3275
2617
1722
1300
1132
900
820
779
615
504
348
112
150
-76
-712
-1088
-1036
-979
-811
-471
-438
-639
-959
-1279
-1238
-985
-1009
-1059
-967
-911
-875
-754
-660
-550
-494
-715
-747
-465
-235
-127
-98
-152
-202
-120
38
290
589
586
330
148
39
-64
-75
11
-41
-253
-319
-263
-171
4
10
-250
-396
-441
-178
818
1664
1453
622
-73
15
775
1141
1223
2092
2880
2388
1261
304
165
721
618
-357
-467
240
543
620
310
-852
-2070
-2642
-2711
-1967
-1051
-1238
-1843
-1789
-1934
-2510
-2606
-2491
-2659
-2844
-2895
-2304
-901
-22
-424
-1018
-1212
-1301
-1005
-262
469
910
985
875
1256
1932
2123
1847
1654
1481
1404
1711
2362
3014
3025
2344
1826
1966
2335
2447
2335
2047
1641
1367
1306
1277
1276
839
160
-109
-40
-70
-187
-226
-479
-820
-1058
-1084
-890
-716
-801
-982
-981
-896
-1058
-1115
-1058
-1036
-969
-856
-640
-402
-330
-508
-600
-561
-488
-425
-270
-67
166
403
530
654
585
257
-59
-166
-155
-86
-27
-142
-270
-306
-335
-235
-44
-40
282
1064
1217
443
-418
-806
-316
688
787
820
1802
2405
1663
413
-549
-600
-93
-358
-1165
-768
171
442
410
-240
-1598
-2630
-2991
-2744
-1723
-906
-1283
-1668
-1418
-1577
-1977
-1900
-1863
-2011
-2124
-2244
-1673
-463
-56
-779
-1392
-1598
-1370
-507
486
1027
926
244
-269
214
1029
1406
1625
1733
1604
1532
1655
2021
2454
2284
1466
1115
1587
2300
2888
3112
2755
2143
1708
1492
1663
1957
1796
1353
1131
1020
787
553
286
-46
-356
-685
-836
-519
-176
-133
-304
-583
-940
-1206
-1246
-1117
-863
-735
-749
-677
-508
-487
-540
-638
-761
-817
-741
-652
-344
112
249
178
88
-3
16
193
288
220
177
66
-108
-207
-248
-293
-302
-271
-72
737
1614
1646
773
-331
-784
-204
510
732
1394
2352
2340
1340
78
-597
-268
-52
-955
-1763
-1201
-437
-19
57
-856
-2311
-3341
-3690
-3063
-1708
-1175
-1766
-2148
-2175
-2425
-2423
-2017
-1701
-1619
-1820
-1994
-1181
-12
11
-807
-1528
-1854
-1504
-502
613
1286
1254
412
-288
-128
219
558
1071
1362
1367
1368
1475
1814
2113
1684
829
659
1250
1797
2252
2488
2278
1958
1615
1436
1626
1861
1665
1445
1644
1864
1745
1432
1024
596
229
-18
52
302
319
34
-165
-194
-220
-284
-427
-510
-521
-544
-441
-128
1
-263
-630
-805
-671
-417
-281
-332
-299
-292
-403
-319
11
109
-65
-168
-140
67
279
266
160
28
-263
-459
-159
768
1808
2008
1164
90
-396
30
768
938
953
1586
2005
1511
636
-159
-344
-23
-542
-1770
-1909
-1043
-524
-379
-851
-2223
-3361
-3812
-3557
-2447
-1355
-1542
-2243
-2349
-2467
-2657
-2402
-2122
-1941
-1720
-1863
-1661
-486
301
-149
-831
-1396
-1652
-1188
-312
454
892
719
50
-174
106
308
594
949
1015
965
997
1244
1754
1961
1379
755
826
1311
1840
2196
2239
2014
1596
1177
1005
1153
1239
1222
1225
1256
1284
1192
991
805
638
418
341
483
604
534
358
176
83
101
54
47
248
417
486
682
766
617
400
82
-85
-17
75
143
214
163
-54
-273
-391
-448
-506
-605
-750
-777
-527
-328
-321
-267
-347
-577
-272
754
1647
1647
780
-239
-222
886
1459
1165
1398
2134
2142
1467
482
-197
240
387
-787
-1707
-1313
-877
-738
-660
-1616
-3026
-3952
-4374
-3726
-2323
-1788
-2498
-2968
-2944
-3042
-2796
-2181
-1870
-1766
-1909
-2171
-1343
-27
204
-345
-780
-983
-699
12
626
1043
1081
443
-131
114
509
481
551
762
845
993
1015
914
1031
974
468
451
1123
1573
1646
1701
1562
1372
1306
1159
1246
1601
1492
1123
1148
1301
1182
929
646
439
446
503
526
680
676
363
137
84
72
53
14
25
244
371
276
411
631
550
408
415
514
682
756
665
732
854
730
525
450
334
180
72
-52
-144
-167
-314
-528
-576
-687
-834
-287
804
1074
374
-520
-859
-179
819
779
562
1376
1932
1367
487
-89
124
800
366
-1048
-1386
-652
-415
-364
-585
-1732
-2886
-3481
-3584
-2681
-1597
-1814
-2787
-3139
-3327
-3601
-3124
-2406
-2019
-1947
-2396
-2574
-1574
-602
-783
-1241
-1379
-1274
-630
262
888
1325
1175
334
31
613
1026
1224
1472
1380
1349
1548
1532
1474
1396
796
231
636
1331
1587
1658
1335
752
640
657
700
1056
1305
1007
739
855
951
1058
1077
621
207
206
246
568
1077
1014
528
160
12
135
429
531
546
667
668
487
481
548
503
459
347
264
457
705
744
730
694
600
512
503
389
253
170
119
223
362
177
-261
-432
-239
411
1019
725
-360
-1132
-1046
-243
534
475
264
797
1102
438
-421
-740
-225
259
-427
-1734
-1813
-773
-207
-333
-890
-1887
-2771
-3271
-3172
-2236
-1339
-1421
-2104
-2364
-2518
-2790
-2669
-2330
-1998
-1904
-2253
-2267
-1490
-908
-1216
-1738
-1730
-1385
-911
-506
-149
289
500
342
346
720
992
969
1064
1424
1801
2033
2229
2302
2096
1657
1221
1319
1977
2358
2165
1791
1461
1251
1140
1015
1019
1105
882
538
480
658
793
717
407
113
24
80
237
519
703
537
241
109
223
379
475
503
573
698
753
724
727
715
604
533
569
657
685
684
614
532
509
380
244
248
141
-48
-60
76
213
277
173
169
735
1405
1203
254
-807
-984
-718
-9
455
986
2109
1805
465
-1303
-2004
-1558
-840
-296
-691
-361
-250
-1431
-2509
-3150
-3410
-3266
-3205
-3136
-2733
-2409
-3145
-4103
-3988
-3616
-3259
-2787
-2393
-1864
-1279
-1269
-1565
-1526
-1660
-2113
-1678
-459
689
1424
1282
596
-79
-463
-599
108
1522
2219
2241
2062
1635
1414
1263
1129
1411
2020
2407
2451
2607
2468
1854
1302
1015
1180
1793
2015
1911
1794
1264
366
-242
-300
-95
320
593
512
477
198
-419
-662
-349
92
430
752
855
865
848
711
863
1129
1344
1497
1764
1956
1693
1444
1086
1041
1341
1366
1349
1224
975
493
98
261
292
248
54
-490
-637
-661
-594
399
2131
2865
1811
40
-1098
-1207
-23
1181
2163
4125
4671
2032
-1314
-3343
-2926
-1169
157
18
-652
-1046
-3460
-5832
-6016
-5156
-4148
-3899
-4334
-4825
-4893
-5092
-5795
-5495
-4893
-4920
-4161
-2664
-1442
-819
-798
-1533
-2041
-1649
-644
1263
3289
3646
2753
1873
1381
1305
1936
3135
3863
4151
3315
1863
1495
1493
1178
1105
1567
1797
1523
1065
216
-468
-579
-863
-910
-363
-5
-68
-139
-365
-1069
-1330
-1010
-552
198
770
793
688
334
-143
-12
842
1573
2008
2316
2341
2226
1972
1784
2005
2433
2582
2466
2509
2577
2462
2258
1864
1575
1485
1282
1062
1109
1237
1006
693
363
89
130
180
157
190
256
82
-237
-281
-488
-337
665
2351
3276
2922
1386
-434
-757
-13
1001
2177
3980
4554
2484
-571
-2835
-3101
-1538
-370
-349
-644
-1472
-3651
-5988
-6350
-5444
-4420
-4064
-4622
-4998
-4961
-5429
-6112
-5972
-5151
-4502
-3727
-2802
-1999
-1489
-1610
-2222
-2405
-1790
-600
1050
2379
2578
1956
1202
509
656
1450
2639
3797
4076
3108
1814
1236
909
818
1223
1646
2021
2190
1393
165
-629
-1234
-1561
-1149
-358
69
199
-138
-1211
-2061
-2205
-1883
-976
189
892
1014
630
-125
-523
-98
879
1945
2872
3384
3305
2898
2430
2294
2746
3346
3722
3929
3742
3266
2831
2486
2299
2186
2086
1789
1538
1241
650
487
328
273
105
123
212
58
98
-220
-480
-395
-279
-155
371
2059
3419
3410
2619
969
-12
116
1097
2108
3752
5383
4093
1136
-1545
-3200
-2733
-935
134
18
-565
-2408
-5460
-6805
-6292
-5212
-4047
-3797
-4711
-5261
-5450
-6122
-6259
-5494
-4747
-4060
-3148
-2567
-2094
-1527
-1639
-2258
-2189
-1498
-231
1428
2200
1935
1413
742
99
176
1083
2235
3122
2844
1757
631
189
62
205
876
1510
1943
1481
305
-719
-1272
-1285
-1097
-636
-17
292
311
-358
-1181
-1556
-1488
-931
-71
726
1197
1159
612
23
-98
519
1482
2486
2920
3022
2791
2359
2061
2135
2644
3084
3473
3395
3193
2893
2522
2108
1681
1552
1416
1436
1271
970
653
368
-30
-389
-302
-143
242
552
573
131
-143
-193
-139
958
3130
4436
4376
3291
1344
108
436
1801
3201
5384
6453
4387
1089
-1767
-3090
-2209
-217
603
370
-423
-2862
-5899
-7109
-6703
-5572
-4233
-4038
-4906
-5390
-5860
-6538
-6393
-5640
-4874
-3944
-2973
-2309
-1634
-1110
-1444
-1901
-1829
-1329
18
1865
2761
2711
2040
936
102
247
1128
2295
3213
2869
1786
500
-279
-591
-216
387
1025
1450
683
-312
-1099
-1817
-1904
-1579
-1314
-675
226
356
-556
-1400
-2084
-2316
-1309
-13
973
1811
1718
530
-256
-238
314
1531
2859
3545
3596
3121
2150
1448
1662
2167
2792
3327
3318
3005
2549
1861
1209
759
716
889
1106
1096
1092
848
508
-282
-714
-807
-347
543
1007
1217
855
409
60
1028
2849
4046
4553
3903
2573
1333
1098
1696
3489
6174
6526
4251
1301
-1379
-2592
-1903
-466
353
559
-719
-3925
-6374
-6695
-6300
-5362
-4551
-4882
-5590
-5857
-6336
-6551
-5857
-5186
-4840
-4309
-3565
-2805
-1637
-829
-949
-1254
-1424
-1118
60
1496
2571
3159
2909
1787
856
543
890
1996
2929
2860
2316
1534
183
-688
-648
-350
325
1031
611
-180
-686
-1619
-2325
-2157
-1844
-1261
-340
-137
-699
-1076
-1454
-1961
-1498
-511
280
1206
1727
1224
786
795
883
1381
2239
2969
3485
3786
3420
2642
2247
2103
2233
2602
2969
3257
3258
2629
1698
758
152
137
370
825
972
1072
504
-213
-910
-1223
-828
-180
555
802
791
723
1292
2473
2971
3336
3014
2128
1590
1519
1970
3500
5659
5869
3910
1441
-1131
-2499
-1850
-634
183
702
-545
-3584
-6014
-6756
-6579
-5465
-4282
-4239
-5002
-5768
-6718
-6860
-5787
-4673
-4010
-3613
-3454
-3051
-2017
-770
-80
119
-224
-478
-64
807
2039
3400
3839
3092
1809
765
415
1192
2109
2332
2360
1779
506
-682
-1038
-861
-539
-188
-453
-1070
-1302
-1608
-2030
-2023
-2000
-2110
-1881
-1398
-1123
-858
-557
-706
-899
-642
-291
313
1234
1844
2000
2021
1909
1927
2272
2956
3527
3790
3683
3199
2786
2646
2702
2889
3088
2997
2849
2401
1835
1436
1180
893
643
600
604
866
908
715
363
16
-200
-156
213
490
775
1189
1838
2903
3428
3449
2673
1778
1166
901
1435
2928
5081
5628
3974
1250
-1556
-3115
-3058
-2236
-1112
-153
-767
-3120
-5583
-6776
-7023
-6478
-5641
-5205
-4957
-4955
-5543
-5821
-5384
-4798
-4292
-3811
-3270
-2516
-1487
-377
311
586
397
132
276
820
1768
2944
3687
3567
2667
1634
744
671
939
1243
1507
1322
659
-642
-1347
-1514
-1588
-1332
-1324
-1765
-2135
-2238
-2421
-2434
-2032
-1935
-2128
-1927
-1726
-1482
-805
-291
-127
234
591
745
1203
1791
2130
2434
2763
2808
2882
3330
3643
3759
3701
3391
2979
2679
2614
2718
2938
3101
2919
2380
1630
1009
608
526
666
1032
1091
1092
998
616
327
322
742
838
1150
1237
1141
1991
3483
4414
4625
4250
3015
1783
1234
1256
2116
4378
5831
5025
3027
316
-2360
-3453
-3253
-2729
-1714
-1121
-2352
-4394
-5876
-6888
-7239
-6810
-6626
-6552
-6107
-5882
-5638
-4953
-4352
-4137
-3944
-3938
-3688
-2512
-716
905
1908
2110
1511
927
720
1062
2319
3776
4373
3985
2858
1630
807
567
432
631
593
91
-709
-1731
-2077
-2161
-2237
-2602
-3018
-3308
-3651
-3595
-3413
-3128
-2477
-2010
-2202
-2278
-2030
-1716
-1099
-283
310
835
1576
1895
1997
2490
2723
2783
3188
3449
3464
3959
4340
4112
3752
3242
2588
2212
2171
2253
2499
2808
2550
1734
850
303
-176
-293
194
757
1351
1626
1303
858
703
758
787
1192
1739
2024
2928
4015
4919
5571
5501
4395
3058
2111
1396
1799
3457
5127
5604
4567
2134
-668
-2589
-3561
-3733
-3160
-2633
-2808
-3668
-4823
-5661
-6101
-6318
-6633
-7057
-7234
-6892
-5960
-4670
-3426
-2503
-2284
-2764
-3170
-2956
-1962
-178
1551
2422
2632
2448
1852
1396
1511
1966
2361
2541
2149
1477
954
446
-33
-561
-1062
-1808
-2559
-3198
-3449
-3159
-2996
-3161
-3354
-3744
-4169
-4041
-3725
-3233
-2388
-1641
-1399
-1114
-627
-225
362
1004
1331
1654
2252
2681
3019
3462
3615
3527
3390
3153
2917
2888
2987
2820
2517
2088
1459
959
734
783
895
1041
858
449
101
-93
59
416
926
1289
1418
1587
1693
1857
2438
2774
2801
2704
2348
2198
2780
4330
5683
6473
6596
5139
3260
1860
817
844
2348
4026
4268
3264
1200
-1396
-3137
-3978
-4699
-4800
-4440
-4652
-5164
-5392
-5291
-5021
-4736
-5092
-5827
-6146
-5910
-5066
-3583
-1851
-456
272
222
-102
-76
417
1320
2087
2233
1996
1724
1350
1176
1386
1539
1277
475
-883
-2271
-3071
-3107
-2825
-2719
-2837
-3350
-4023
-4688
-4779
-4221
-3724
-3265
-2881
-2894
-2736
-1941
-1150
-360
439
820
754
897
1164
1418
2029
2683
2797
2701
2619
2397
2322
2253
1848
1351
973
729
694
921
1083
927
506
-141
-713
-822
-388
403
1176
1596
1605
1387
1069
922
1294
1819
2577
3117
3353
3456
3398
3378
3150
3127
3068
2827
2688
2691
3179
4232
4945
5072
4670
3655
2353
1031
331
310
1122
2034
2054
1318
235
-1098
-2250
-3111
-3932
-4439
-4824
-5119
-5159
-4712
-3925
-3150
-2839
-3244
-3967
-4627
-4822
-4411
-3286
-1834
-473
489
882
956
1211
1410
1534
1560
1192
592
158
-31
68
504
967
881
239
-816
-2239
-3316
-4094
-4315
-4276
-4008
-3602
-3461
-3152
-3026
-2824
-2635
-2752
-2774
-2741
-2439
-1680
-804
86
869
1414
1724
1796
1814
1607
1391
1312
1194
1258
1616
2016
2261
2281
1828
1137
618
137
-160
-125
57
151
137
69
150
381
858
1213
1415
1626
1715
1658
1619
1706
1955
2331
2693
3138
3489
3863
3865
3513
2938
2424
1888
1779
2234
3361
4745
5443
5701
4793
3606
2117
899
364
534
1399
1654
1298
710
-169
-1122
-1858
-2763
-3698
-4437
-5143
-5788
-5903
-5207
-4281
-3251
-2635
-2511
-2823
-3192
-3631
-3899
-3438
-2461
-1232
-90
884
1650
2235
2429
2258
1723
984
320
-297
-682
-642
-357
-229
-303
-412
-1001
-1771
-2443
-3221
-3802
-4088
-4233
-4344
-4152
-3642
-3107
-2305
-1553
-1055
-673
-614
-789
-926
-804
-433
109
691
1210
1694
2106
2217
2081
1811
1404
1002
687
486
422
557
629
562
508
418
284
161
49
-96
-174
-182
-161
-25
262
624
1050
1544
2037
2381
2601
2607
2442
2381
2345
2422
2577
2925
3219
3448
3435
3317
3141
3204
3452
4157
4579
4824
4820
4274
3546
2750
2353
1936
1931
1900
1361
675
-158
-1013
-1865
-2707
-3621
-4416
-4992
-5340
-5476
-5100
-4542
-3965
-3577
-3379
-3299
-3201
-2964
-2725
-2318
-1810
-1234
-568
232
1076
1894
2523
2680
2346
1538
712
23
-401
-653
-799
-917
-1120
-1389
-1748
-2061
-2461
-2872
-3436
-4041
-4431
-4526
-4338
-4069
-3641
-3132
-2627
-1990
-1325
-631
36
437
528
353
126
175
513
1008
1572
2070
2313
2259
1894
1369
1035
820
598
277
50
-30
22
189
232
109
-98
-390
-598
-533
-118
407
726
915
867
802
905
1340
2033
2543
2980
2992
2917
2861
2774
2970
2981
3068
3011
2883
2698
2922
3408
4230
5021
5502
5298
4523
3772
2710
2202
2008
1959
1729
1078
214
-511
-1020
-1494
-1927
-2841
-3790
-4706
-5401
-5674
-5457
-5025
-4348
-3765
-3366
-3006
-2740
-2198
-1732
-1361
-955
-783
-604
-183
369
1135
1937
2421
2586
2285
1838
1229
505
-110
-733
-1331
-1854
-2224
-2527
-2538
-2660
-2711
-2934
-3202
-3380
-3571
-3624
-3756
-3792
-3665
-3344
-2854
-2045
-1241
-522
123
469
612
703
671
611
567
572
628
701
962
1133
1187
1197
1119
905
660
440
278
270
270
239
179
15
-246
-467
-351
-12
419
891
1338
1560
1617
1429
1391
1477
1658
1915
2017
2313
2577
2824
3004
3054
3191
2993
2833
2602
2645
2963
3614
4399
4841
4976
4397
3783
3087
2811
2732
2646
2493
1648
481
-597
-1428
-2085
-2400
-2894
-3409
-3951
-4467
-4871
-4966
-4818
-4484
-4118
-3773
-3377
-3013
-2406
-1882
-1353
-840
-414
-15
384
862
1308
1792
2096
2166
1960
1638
1326
874
461
-23
-621
-1164
-1612
-2066
-2379
-2586
-2813
-3026
-3157
-3244
-3245
-3244
-3211
-3252
-3287
-3046
-2740
-2186
-1539
-989
-500
-134
128
244
369
437
477
533
585
636
640
584
544
543
522
527
528
510
388
289
221
148
196
162
134
-57
-342
-404
-271
135
608
1008
1278
1474
1642
1676
1764
1981
2097
2260
2372
2355
2486
2610
2764
2914
3024
3021
2861
3004
3260
3921
4419
4742
4675
4200
3621
2887
2616
2435
2271
1994
1212
241
-635
-1543
-2320
-2840
-3376
-3849
-4203
-4607
-4883
-4928
-4817
-4490
-4080
-3572
-3149
-2784
-2274
-1770
-1163
-506
-105
221
519
801
1138
1532
1893
2127
1996
1747
1372
983
693
341
-90
-499
-1008
-1528
-1926
-2310
-2541
-2735
-2815
-2837
-2803
-2742
-2709
-2674
-2622
-2558
-2379
-2000
-1563
-1107
-708
-409
-262
-200
-140
-83
59
281
582
762
868
796
587
358
119
57
95
145
207
338
409
395
351
246
76
-82
-189
-235
-69
145
405
630
910
1228
1533
1882
2124
2290
2375
2427
2429
2428
2467
2457
2524
2614
2845
2955
3093
3204
3324
3789
4105
4411
4451
4164
3678
3080
2659
2388
2102
1783
1085
181
-596
-1398
-2199
-2847
-3359
-3737
-3979
-4226
-4418
-4588
-4647
-4405
-4099
-3733
-3331
-3047
-2665
-2310
-1977
-1503
-1050
-622
-234
79
421
819
1180
1358
1320
1200
935
682
520
293
34
-214
-626
-1031
-1394
-1705
-2057
-2341
-2409
-2427
-2356
-2331
-2385
-2423
-2261
-2061
-1846
-1554
-1237
-869
-566
-327
-242
-196
-201
-139
-108
1
315
597
834
959
1048
979
822
638
487
455
538
583
551
484
339
183
15
-95
-157
-154
38
339
644
901
1139
1381
1583
1835
2028
2166
2296
2320
2296
2292
2339
2397
2486
2716
2926
3160
3289
3396
3486
3523
3613
3645
3660
3405
3246
2933
2737
2524
2145
1781
1143
549
-133
-686
-1319
-1915
-2502
-3111
-3423
-3794
-3975
-4012
-4003
-3780
-3743
-3623
-3433
-3258
-2881
-2625
-2294
-1948
-1674
-1486
-1320
-975
-707
-288
102
355
360
280
318
290
315
168
-113
-364
-701
-993
-1155
-1210
-1342
-1679
-2078
-2392
-2569
-2541
-2357
-2113
-1998
-1938
-1886
-1726
-1364
-904
-444
-151
-49
-117
-224
-272
-223
-111
-10
144
339
546
627
654
754
812
853
758
582
604
663
678
660
518
260
-50
-330
-383
-141
220
562
857
1035
1248
1586
1994
2408
2665
2711
2690
2589
2542
2454
2329
2410
2496
2674
2871
3021
3215
3329
3410
3436
3552
3653
3552
3366
3037
2724
2396
2145
1832
1431
981
406
-99
-528
-874
-1301
-1874
-2318
-2609
-2841
-2966
-3125
-3306
-3419
-3380
-3338
-3429
-3350
-3168
-2998
-2750
-2441
-2208
-1940
-1623
-1357
-1079
-709
-435
-340
-345
-368
-361
-286
-182
-198
-335
-495
-664
-846
-917
-1027
-1240
-1451
-1648
-1794
-1986
-2090
-2221
-2300
-2278
-2254
-1978
-1599
-1174
-861
-658
-526
-533
-442
-261
-48
81
165
274
323
514
624
631
742
800
875
873
779
668
575
595
595
481
284
118
-84
-215
-124
61
366
660
887
1006
1136
1430
1694
2001
2252
2462
2643
2734
2780
2651
2650
2801
2904
3034
3065
2929
2872
2945
3029
3086
3125
3113
2998
2859
2675
2423
2136
1766
1421
1104
774
435
89
-241
-564
-895
-1280
-1642
-1926
-2068
-2169
-2311
-2461
-2649
-2788
-2896
-2972
-2943
-2908
-2942
-2845
-2681
-2422
-2148
-1922
-1677
-1463
-1269
-1105
-937
-872
-805
-760
-827
-909
-939
-967
-866
-794
-782
-924
-1135
-1273
-1415
-1508
-1512
-1402
-1468
-1585
-1727
-1765
-1701
-1500
-1125
-812
-545
-433
-437
-474
-411
-277
-158
4
65
101
205
337
455
520
554
597
628
675
626
514
465
426
314
159
17
-130
-151
52
274
544
822
1033
1218
1450
1709
1828
1962
2111
2232
2323
2389
2381
2442
2569
2687
2756
2791
2748
2671
2604
2582
2638
2645
2673
2583
2383
2239
2129
2070
1972
1758
1469
1225
1060
941
776
482
77
-307
-536
-689
-842
-1015
-1277
-1549
-1739
-1939
-2092
-2233
-2421
-2576
-2678
-2749
-2843
-2886
-2796
-2647
-2394
-2139
-1963
-1830
-1681
-1571
-1449
-1290
-1184
-1204
-1308
-1398
-1451
-1361
-1205
-1115
-1044
-979
-1023
-1115
-1183
-1275
-1337
-1424
-1413
-1260
-1077
-949
-929
-896
-791
-689
-546
-408
-334
-284
-136
-39
32
110
97
105
114
143
209
307
434
511
538
507
392
269
215
201
193
191
71
-20
54
245
525
816
1063
1282
1447
1607
1728
1830
1946
2017
2077
2154
2280
2382
2482
2601
2702
2804
2813
2682
2625
2615
2609
2564
2510
2465
2306
2161
2025
1869
1744
1522
1255
1095
1079
1062
882
622
278
-43
-242
-438
-619
-729
-888
-1143
-1395
-1611
-1777
-1942
-2133
-2349
-2544
-2599
-2554
-2529
-2448
-2356
-2379
-2323
-2279
-2229
-2109
-2000
-1857
-1761
-1675
-1640
-1689
-1733
-1674
-1547
-1457
-1396
-1380
-1331
-1214
-1143
-1201
-1308
-1392
-1465
-1414
-1231
-1006
-900
-852
-778
-656
-441
-287
-241
-215
-154
-109
-87
12
108
172
311
373
404
441
483
490
536
576
566
517
489
402
230
124
68
76
100
219
409
632
848
1007
1156
1396
1632
1851
1964
2016
2091
2107
2158
2245
2340
2455
2583
2642
2691
2769
2759
2800
2785
2744
2769
2766
2703
2551
2367
2171
1947
1757
1594
1404
1221
1073
919
748
478
181
-55
-272
-435
-648
-878
-1069
-1234
-1410
-1508
-1636
-1813
-1975
-2180
-2324
-2425
-2440
-2453
-2467
-2453
-2442
-2400
-2309
-2285
-2248
-2165
-2108
-2076
-2062
-2043
-1989
-1981
-2033
-2128
-2195
-2137
-2015
-1845
-1657
-1528
-1460
-1487
-1540
-1512
-1450
-1284
-1101
-1039
-965
-850
-689
-508
-377
-228
-109
35
140
128
131
165
233
332
413
436
533
634
658
585
495
494
456
400
397
353
251
191
152
228
440
638
808
945
1051
1228
1447
1692
1878
2012
2158
2284
2396
2578
2728
2800
2762
2718
2762
2812
2854
2881
2912
2936
2976
2953
2860
2749
2645
2501
2303
2108
1880
1616
1374
1209
1058
905
693
442
270
56
-146
-331
-543
-736
-965
-1107
-1204
-1268
-1386
-1580
-1758
-1863
-1964
-2030
-2066
-2129
-2159
-2257
-2420
-2488
-2477
-2428
-2405
-2350
-2302
-2344
-2405
-2414
-2419
-2383
-2326
-2264
-2254
-2297
-2237
-2215
-2142
-2060
-1955
-1852
-1726
-1542
-1431
-1300
-1206
-1162
-1107
-1033
-902
-729
-526
-300
-155
-68
7
41
34
57
49
72
202
339
392
423
444
482
485
485
473
413
361
289
246
230
260
345
427
549
717
880
1057
1190
1426
1637
1796
1888
2028
2223
2384
2553
2680
2744
2786
2864
2936
2974
2939
2886
2870
2878
2881
2834
2767
2718
2627
2539
2413
2241
2033
1846
1625
1455
1298
1086
869
660
507
328
142
-48
-239
-442
-669
-888
-1042
-1129
-1218
-1333
-1473
-1611
-1747
-1820
-1898
-1942
-1997
-2089
-2183
-2294
-2404
-2488
-2480
-2473
-2434
-2398
-2394
-2431
-2465
-2492
-2466
-2395
-2300
-2211
-2209
-2171
-2128
-2112
-2101
-2022
-1895
-1759
-1606
-1486
-1410
-1286
-1135
-1040
-1013
-950
-861
-755
-540
-356
-216
-123
-77
-50
-67
-2
91
179
212
278
318
365
440
430
423
451
446
449
452
540
619
705
808
862
966
1114
1290
1447
1602
1722
1828
1937
2064
2194
2340
2478
2630
2772
2871
2944
3033
3037
2980
2950
2870
2843
2852
2807
2733
2626
2460
2308
2165
2043
1929
1810
1646
1431
1209
986
746
518
291
54
-127
-274
-415
-648
-902
-1090
-1215
-1320
-1408
-1512
-1651
-1694
-1733
-1752
-1823
-1921
-2052
-2138
-2202
-2267
-2335
-2424
-2423
-2362
-2272
-2205
-2178
-2212
-2250
-2264
-2179
-2118
-2087
-1989
-1970
-1939
-1875
-1880
-1866
-1835
-1768
-1748
-1688
-1554
-1405
-1300
-1231
-1110
-1040
-950
-821
-751
-679
-590
-503
-394
-259
-152
-108
-57
41
132
217
279
318
337
434
479
538
618
631
620
589
617
704
806
897
1041
1233
1435
1585
1693
1778
1886
2000
2080
2223
2333
2438
2543
2643
2739
2759
2809
2834
2833
2831
2783
2733
2704
2695
2626
2483
2313
2159
1944
1761
1641
1446
1286
1165
997
893
776
579
407
161
-67
-212
-336
-479
-633
-827
-952
-1056
-1241
-1354
-1417
-1424
-1477
-1570
-1591
-1654
-1727
-1789
-1826
-1885
-1939
-1958
-2015
-2062
-2120
-2140
-2146
-2142
-2129
-2123
-2097
-2039
-1982
-1931
-1886
-1854
-1761
-1700
-1721
-1732
-1739
-1745
-1733
-1731
-1716
-1670
-1571
-1420
-1286
-1131
-1020
-937
-857
-770
-679
-592
-513
-458
-374
-337
-272
-197
-135
-4
144
281
360
413
459
474
547
643
696
752
755
788
911
1042
1158
1277
1398
1556
1722
1876
2016
2098
2207
2318
2464
2615
2712
2759
2796
2806
2832
2828
2789
2783
2739
2685
2597
2513
2467
2357
2233
2056
1870
1699
1503
1346
1165
933
774
661
530
368
187
11
-140
-279
-412
-549
-667
-792
-926
-1031
-1126
-1218
-1328
-1429
-1472
-1517
-1562
-1631
-1722
-1777
-1798
-1841
-1842
-1866
-1956
-2011
-2041
-2008
-1983
-2011
-2042
-2072
-2035
-1961
-1892
-1864
-1850
-1823
-1796
-1695
-1637
-1656
-1664
-1632
-1578
-1587
-1585
-1534
-1456
-1315
-1209
-1131
-1004
-878
-775
-736
-680
-578
-461
-333
-255
-192
-130
-47
29
84
132
221
297
371
488
593
678
695
706
766
836
936
1029
1104
1192
1290
1421
1544
1666
1800
1932
1986
2046
2178
2318
2440
2516
2570
2570
2589
2629
2597
2586
2562
2519
2431
2331
2270
2200
2049
1880
1735
1581
1511
1398
1239
1103
958
826
669
523
378
236
95
-36
-173
-331
-460
-561
-633
-733
-867
-970
-1058
-1155
-1243
-1325
-1403
-1481
-1584
-1659
-1714
-1738
-1795
-1848
-1845
-1821
-1866
-1875
-1908
-1954
-1932
-1878
-1812
-1798
-1793
-1776
-1727
-1731
-1721
-1752
-1746
-1710
-1687
-1656
-1622
-1581
-1548
-1470
-1411
-1382
-1300
-1178
-1065
-952
-858
-789
-717
-638
-538
-436
-353
-267
-178
-95
-27
53
108
159
215
310
379
465
569
646
690
693
685
734
796
838
905
938
1023
1140
1264
1378
1511
1635
1760
1886
1974
2037
2066
2158
2202
2262
2305
2297
2260
2211
2192
2178
2157
2103
2028
1958
1891
1831
1717
1571
1441
1314
1204
1078
939
838
722
609
565
475
377
292
163
39
-57
-147
-273
-386
-473
-565
-678
-797
-874
-922
-965
-1072
-1181
-1257
-1321
-1379
-1459
-1551
-1608
-1664
-1676
-1685
-1709
-1734
-1756
-1708
-1699
-1713
-1698
-1685
-1697
-1680
-1702
-1724
-1689
-1642
-1631
-1607
-1575
-1530
-1478
-1416
-1363
-1347
-1266
-1181
-1119
-1007
-882
-803
-707
-646
-586
-531
-498
-423
-312
-197
-143
-91
-41
6
57
74
78
176
335
415
467
510
574
600
611
645
674
733
806
891
992
1118
1224
1296
1394
1495
1582
1675
1726
1800
1875
1922
1945
1949
1935
1934
1920
1898
1874
1863
1809
1769
1756
1703
1642
1552
1440
1403
1339
1224
1108
959
833
731
680
609
543
471
367
271
171
99
-12
-132
-220
-334
-452
-537
-631
-716
-776
-873
-956
-1000
-1045
-1131
-1211
-1281
-1372
-1371
-1381
-1421
-1426
-1460
-1488
-1458
-1473
-1482
-1480
-1489
-1466
-1486
-1459
-1429
-1459
-1445
-1438
-1383
-1350
-1333
-1309
-1268
-1185
-1127
-1103
-1051
-970
-882
-829
-813
-772
-710
-642
-603
-553
-541
-468
-387
-289
-207
-215
-185
-139
-93
-45
-5
47
84
109
154
200
266
333
387
446
554
640
743
871
938
1003
1058
1152
1212
1256
1299
1380
1450
1488
1568
1627
1694
1721
1732
1754
1771
1743
1749
1723
1658
1615
1591
1565
1520
1460
1360
1297
1253
1207
1142
1048
945
854
744
700
654
590
507
403
298
188
107
-16
-146
-243
-328
-426
-482
-593
-683
-737
-814
-826
-913
-1001
-1078
-1149
-1185
-1238
-1303
-1368
-1389
-1407
-1397
-1404
-1393
-1384
-1423
-1422
-1415
-1406
-1392
-1389
-1390
-1390
-1357
-1308
-1283
-1258
-1215
-1140
-1069
-995
-936
-911
-874
-819
-758
-733
-708
-653
-617
-615
-618
-560
-506
-475
-432
-382
-346
-305
-256
-222
-161
-126
-86
-40
1
32
66
132
206
317
384
445
560
672
743
815
923
1008
1093
1201
1300
1368
1422
1470
1519
1585
1616
1652
1695
1719
1788
1803
1783
1744
1716
1710
1694
1651
1585
1516
1453
1400
1315
1222
1165
1093
1018
927
833
754
669
579
477
417
320
180
91
36
-57
-161
-246
-324
-415
-529
-637
-725
-778
-870
-940
-966
-1033
-1084
-1126
-1157
-1190
-1235
-1273
-1306
-1349
-1398
-1404
-1367
-1332
-1330
-1404
-1444
-1381
-1319
-1276
-1271
-1248
-1212
-1201
-1130
-1059
-1059
-1007
-973
-944
-881
-843
-814
-793
-750
-716
-701
-670
-626
-577
-589
-591
-552
-514
-471
-431
-394
-360
-291
-252
-205
-142
-119
-116
-50
28
103
144
218
327
410
481
567
661
743
842
955
1028
1103
1176
1282
1408
1483
1540
1585
1629
1656
1713
1730
1754
1779
1780
1772
1765
1743
1738
1745
1686
1604
1526
1447
1391
1341
1256
1154
1061
986
890
808
700
597
521
424
356
295
202
115
7
-93
-153
-226
-346
-495
-571
-636
-733
-830
-902
-961
-993
-1055
-1141
-1179
-1208
-1246
-1333
-1390
-1395
-1405
-1424
-1432
-1417
-1386
-1387
-1388
-1398
-1401
-1365
-1337
-1318
-1288
-1259
-1210
-1165
-1126
-1064
-1005
-964
-956
-958
-917
-859
-829
-824
-838
-798
-727
-665
-637
-648
-662
-648
-620
-564
-515
-505
-459
-345
-269
-240
-210
-157
-66
7
82
126
180
274
388
518
619
710
773
866
1002
1085
1149
1231
1286
1381
1480
1566
1615
1647
1699
1722
1747
1763
1834
1884
1882
1856
1824
1810
1793
1739
1669
1634
1571
1485
1421
1350
1267
1224
1136
1033
960
883
812
706
577
457
399
337
223
120
20
-67
-137
-223
-313
-422
-509
-605
-709
-750
-798
-856
-924
-1011
-1093
-1168
-1221
-1266
-1321
-1359
-1358
-1361
-1361
-1364
-1362
-1342
-1331
-1337
-1339
-1321
-1286
-1256
-1292
-1272
-1204
-1181
-1163
-1167
-1142
-1079
-1051
-1060
-1082
-1046
-982
-953
-944
-940
-942
-907
-861
-850
-825
-809
-778
-753
-720
-681
-615
-531
-491
-409
-340
-286
-220
-143
-68
4
86
159
255
365
461
538
599
715
850
977
1057
1071
1148
1250
1318
1386
1476
1527
1548
1604
1671
1705
1750
1781
1797
1798
1774
1760
1757
1724
1686
1612
1523
1483
1448
1381
1299
1212
1142
1071
1003
922
831
720
623
554
486
411
312
192
117
50
-6
-73
-164
-217
-297
-376
-467
-550
-625
-683
-776
-858
-915
-954
-989
-1034
-1092
-1142
-1124
-1180
-1220
-1225
-1237
-1239
-1235
-1212
-1236
-1252
-1209
-1179
-1139
-1137
-1157
-1149
-1113
-1072
-1059
-1033
-1000
-961
-928
-906
-885
-877
-845
-798
-769
-737
-724
-693
-669
-682
-670
-596
-539
-507
-507
-509
-451
-369
-266
-207
-164
-140
-87
-20
63
157
190
223
319
410
467
527
636
734
817
854
890
960
1036
1114
1160
1235
1296
1365
1422
1467
1524
1563
1563
1530
1535
1530
1534
1506
1466
1443
1426
1387
1332
1274
1218
1163
1133
1067
975
883
798
737
670
596
518
450
383
322
249
168
64
-12
-64
-141
-231
-317
-373
-413
-485
-581
-673
-747
-833
-880
-926
-940
-982
-1079
-1134
-1172
-1178
-1225
-1249
-1260
-1278
-1284
-1336
-1333
-1306
-1283
-1281
-1269
-1222
-1209
-1191
-1172
-1134
-1107
-1085
-1052
-1047
-994
-955
-934
-903
-867
-822
-785
-746
-700
-630
-596
-577
-521
-475
-419
-359
-303
-242
-169
-92
-29
33
91
140
192
262
319
386
454
496
568
623
665
738
808
854
908
963
1006
1083
1140
1212
1228
1236
1291
1336
1388
1418
1440
1443
1449
1456
1450
1441
1421
1383
1343
1309
1290
1251
1187
1099
1087
1082
1013
924
839
758
695
608
501
440
394
316
209
167
118
62
-20
-78
-138
-206
-247
-326
-384
-481
-559
-637
-687
-737
-823
-901
-955
-997
-1052
-1097
-1133
-1166
-1168
-1191
-1234
-1259
-1256
-1234
-1248
-1276
-1285
-1267
-1237
-1212
-1224
-1204
-1167
-1129
-1075
-1039
-1007
-998
-968
-898
-855
-820
-787
-731
-676
-663
-628
-604
-575
-522
-496
-470
-435
-375
-318
-266
-201
-165
-97
-10
43
98
138
185
226
283
359
434
509
538
563
624
672
710
747
790
868
915
945
1015
1086
1137
1157
1185
1242
1264
1289
1309
1337
1356
1332
1321
1317
1326
1314
1289
1258
1251
1217
1180
1135
1073
1047
990
923
856
815
784
733
670
587
529
462
362
259
200
144
56
-40
-117
-153
-216
-292
-393
-506
-562
-595
-627
-707
-784
-840
-873
-915
-965
-1011
-1073
-1111
-1127
-1166
-1217
-1251
-1241
-1229
-1247
-1258
-1255
-1236
-1213
-1213
-1214
-1212
-1200
-1184
-1150
-1151
-1128
-1075
-1044
-989
-939
-921
-907
-859
-771
-679
-632
-626
-608
-505
-430
-393
-350
-285
-219
-162
-88
-41
24
84
129
199
275
323
385
438
488
532
598
651
703
749
794
830
819
852
924
995
1009
1030
1046
1104
1155
1196
1211
1210
1237
1255
1273
1266
1255
1232
1216
1194
1170
1152
1104
1031
1020
1007
979
939
909
866
803
732
645
601
530
429
334
283
238
169
123
81
29
-38
-107
-185
-219
-304
-393
-459
-514
-518
-553
-641
-714
-769
-824
-819
-857
-936
-964
-1010
-1022
-1027
-1042
-1066
-1085
-1106
-1102
-1112
-1106
-1084
-1098
-1081
-1059
-1033
-1010
-989
-993
-967
-956
-927
-889
-875
-854
-833
-818
-792
-723
-656
-623
-584
-554
-525
-458
-389
-351
-306
-288
-248
-161
-115
-75
-17
73
127
200
251
272
349
401
456
508
552
605
640
683
724
770
781
819
870
909
961
970
1006
1064
1091
1112
1116
1121
1118
1134
1164
1155
1167
1180
1152
1117
1093
1073
1022
986
945
932
895
843
790
713
659
610
586
515
430
368
289
229
202
136
41
-21
-85
-148
-177
-219
-265
-345
-391
-435
-478
-541
-594
-647
-734
-797
-835
-832
-856
-887
-886
-911
-926
-924
-924
-919
-926
-932
-954
-964
-984
-985
-979
-954
-925
-904
-873
-863
-828
-786
-763
-734
-718
-718
-720
-709
-698
-661
-631
-609
-585
-556
-481
-442
-412
-393
-359
-288
-234
-208
-155
-89
-47
4
76
98
125
195
259
305
326
372
423
474
551
581
592
645
693
729
736
751
780
816
891
938
956
977
1020
1040
1067
1067
1017
1022
1022
1032
1050
1030
1032
1034
997
966
920
895
851
833
773
706
645
605
566
480
415
362
351
297
228
150
111
68
14
-53
-130
-206
-260
-332
-364
-398
-450
-505
-556
-561
-576
-590
-660
-699
-740
-769
-772
-783
-772
-776
-813
-847
-851
-865
-885
-878
-869
-859
-854
-848
-834
-821
-828
-854
-823
-777
-772
-760
-737
-711
-671
-665
-660
-642
-599
-568
-560
-519
-491
-407
-362
-330
-311
-263
-207
-156
-123
-74
-18
4
54
70
149
188
221
261
320
357
388
454
499
536
540
568
624
690
692
733
773
808
826
835
862
881
928
942
954
942
945
968
949
919
902
883
849
848
849
838
783
708
665
651
650
587
512
476
457
416
361
296
249
212
149
101
30
-8
-33
-59
-97
-135
-177
-231
-287
-317
-364
-462
-474
-496
-529
-552
-548
-599
-634
-645
-644
-627
-630
-603
-617
-643
-670
-678
-693
-690
-709
-698
-679
-701
-686
-672
-638
-625
-625
-630
-646
-653
-646
-621
-592
-591
-594
-580
-544
-504
-492
-490
-473
-418
-367
-328
-306
-303
-272
-207
-164
-121
-108
-92
-80
-33
38
89
120
150
191
249
300
300
336
379
420
434
460
503
544
570
581
608
657
693
698
680
715
749
767
796
780
786
796
767
739
737
728
735
728
733
720
694
684
645
612
582
532
504
459
438
428
372
312
302
268
190
141
95
68
76
39
-43
-87
-112
-131
-159
-200
-257
-312
-358
-380
-379
-386
-419
-439
-445
-481
-523
-544
-542
-569
-588
-589
-616
-618
-613
-616
-613
-610
-627
-665
-662
-649
-638
-637
-635
-643
-644
-637
-615
-561
-525
-502
-520
-527
-496
-481
-457
-477
-524
-502
-461
-389
-355
-344
-273
-207
-168
-138
-98
-68
-39
-3
34
97
133
157
197
236
280
314
372
399
415
442
482
543
602
622
632
642
676
696
710
729
707
727
758
762
748
750
725
697
702
705
684
671
627
587
597
591
565
535
503
467
435
404
361
315
301
261
217
196
166
141
90
20
14
19
-13
-55
-131
-160
-149
-181
-249
-283
-299
-310
-307
-298
-312
-344
-372
-394
-391
-404
-424
-465
-485
-496
-516
-533
-533
-491
-470
-496
-514
-533
-502
-504
-536
-570
-602
-574
-579
-547
-557
-591
-593
-579
-560
-542
-524
-485
-467
-450
-441
-442
-422
-422
-398
-386
-374
-342
-284
-263
-252
-223
-183
-136
-116
-83
-65
-17
46
111
185
222
242
282
308
334
388
403
453
525
550
568
580
593
630
661
698
740
738
738
738
743
739
728
697
685
688
686
691
717
711
665
629
623
615
574
532
509
480
458
450
407
379
326
246
216
196
175
141
108
90
37
-13
-66
-97
-99
-153
-202
-235
-258
-233
-249
-305
-297
-294
-322
-357
-379
-396
-391
-406
-433
-447
-471
-492
-528
-547
-554
-580
-631
-632
-631
-618
-599
-621
-648
-659
-628
-622
-640
-654
-643
-623
-619
-621
-587
-570
-560
-564
-555
-524
-479
-448
-422
-401
-382
-340
-305
-263
-225
-200
-194
-116
-61
-46
7
30
81
136
161
180
235
296
340
402
452
483
493
514
544
565
587
602
615
646
662
657
647
683
722
738
741
739
714
675
671
641
644
653
632
647
622
596
591
583
533
501
474
431
399
362
335
293
267
241
211
178
148
129
112
110
56
4
-20
-53
-92
-104
-124
-149
-164
-191
-215
-245
-269
-293
-326
-369
-403
-426
-415
-438
-473
-474
-474
-504
-530
-518
-521
-574
-610
-620
-587
-599
-614
-607
-629
-612
-605
-614
-622
-602
-566
-551
-535
-507
-508
-496
-490
-477
-461
-447
-426
-427
-381
-350
-322
-272
-224
-181
-160
-120
-66
-37
8
30
31
69
126
162
193
214
244
291
345
398
444
469
475
497
516
538
556
579
603
642
622
626
637
649
663
656
652
651
650
632
634
620
607
589
599
576
537
507
465
440
395
377
351
325
303
272
249
228
191
160
130
96
51
-5
-19
-43
-68
-90
-101
-115
-140
-185
-234
-269
-275
-291
-326
-337
-375
-394
-407
-437
-450
-455
-476
-497
-523
-542
-526
-528
-534
-525
-554
-546
-547
-513
-504
-542
-523
-512
-506
-494
-521
-556
-534
-508
-481
-460
-438
-414
-370
-352
-333
-322
-329
-324
-308
-279
-235
-182
-152
-113
-92
-75
-64
-20
14
41
90
145
186
227
288
299
320
347
355
375
386
398
429
465
491
505
525
536
529
553
557
556
585
562
586
619
622
616
609
598
580
566
538
547
567
552
525
499
459
436
400
360
318
299
291
265
251
221
199
164
106
83
62
53
12
13
-21
-96
-106
-129
-157
-187
-199
-222
-260
-279
-280
-280
-293
-322
-378
-393
-393
-433
-452
-485
-502
-507
-494
-514
-539
-538
-544
-556
-549
-543
-580
-573
-577
-565
-533
-529
-512
-487
-478
-473
-470
-476
-473
-459
-416
-386
-358
-323
-301
-282
-285
-258
-227
-206
-187
-165
-125
-91
-57
-20
0
20
57
80
88
128
179
213
254
266
295
342
365
368
392
407
437
483
493
478
488
514
535
558
572
581
585
604
601
588
578
572
595
594
550
531
514
493
495
488
472
429
406
404
390
374
367
366
325
286
261
252
229
185
139
111
88
51
35
14
-7
-47
-98
-115
-131
-171
-194
-209
-218
-226
-254
-294
-309
-333
-366
-399
-444
-421
-431
-455
-465
-476
-498
-484
-472
-502
-510
-535
-546
-537
-530
-531
-551
-543
-540
-539
-514
-520
-537
-541
-520
-487
-466
-473
-463
-434
-429
-416
-409
-377
-350
-309
-258
-221
-202
-185
-165
-131
-91
-80
-31
25
29
39
78
120
163
183
191
248
276
295
339
389
417
444
465
482
528
526
520
528
542
554
593
609
590
618
651
641
658
650
659
650
627
616
616
587
559
539
517
493
457
436
398
392
371
339
308
268
256
237
212
175
111
52
9
-12
-27
-47
-81
-122
-157
-191
-212
-225
-244
-282
-322
-365
-379
-392
-431
-444
-456
-464
-491
-492
-495
-514
-526
-537
-551
-562
-559
-552
-545
-557
-536
-533
-517
-496
-483
-461
-464
-458
-448
-458
-419
-404
-369
-350
-336
-312
-323
-296
-264
-214
-190
-183
-169
-175
-168
-115
-48
-18
-21
-25
2
43
76
101
128
138
141
169
217
259
276
291
295
309
306
350
379
403
423
442
468
466
456
480
517
526
527
517
491
489
486
481
477
482
479
467
448
429
415
416
386
335
357
355
348
322
268
246
213
177
157
142
118
118
104
68
67
73
56
32
-30
-59
-75
-100
-148
-163
-151
-165
-192
-262
-305
-337
-349
-347
-352
-361
-373
-404
-420
-383
-360
-374
-376
-395
-423
-432
-459
-468
-456
-461
-454
-436
-421
-421
-410
-417
-398
-397
-385
-383
-387
-351
-353
-335
-324
-304
-292
-262
-247
-233
-214
-185
-171
-167
-141
-122
-83
-38
-28
-1
20
25
58
69
100
128
156
185
238
281
310
314
308
327
365
377
379
396
400
406
440
472
484
485
475
518
542
552
560
501
473
475
486
502
505
483
438
422
419
409
391
363
326
303
306
319
310
288
244
196
156
137
118
65
4
-17
-40
-40
-51
-69
-82
-130
-149
-166
-174
-195
-241
-270
-298
-311
-306
-329
-337
-369
-389
-395
-429
-457
-464
-465
-453
-453
-476
-464
-490
-496
-480
-446
-425
-453
-472
-468
-442
-418
-410
-408
-416
-399
-353
-320
-305
-305
-301
-298
-261
-219
-212
-204
-201
-190
-165
-143
-112
-88
-85
-40
1
18
40
68
81
116
145
150
158
175
211
248
277
288
280
260
273
353
404
439
436
407
394
416
444
453
423
425
414
413
455
479
475
431
427
430
463
483
464
423
389
365
377
382
365
360
331
307
307
309
270
232
200
164
158
163
150
118
94
29
-4
-26
-56
-68
-106
-158
-172
-179
-197
-196
-197
-230
-264
-287
-315
-345
-330
-335
-377
-403
-444
-451
-422
-398
-421
-459
-481
-496
-464
-435
-427
-423
-428
-435
-441
-436
-442
-426
-413
-399
-373
-362
-359
-368
-361
-334
-290
-275
-263
-238
-208
-189
-186
-185
-178
-145
-108
-57
-26
-12
-7
22
58
89
116
138
143
153
176
192
216
219
233
261
286
313
332
335
365
389
407
433
416
411
426
448
479
488
441
398
394
393
419
460
462
441
410
392
415
426
401
372
321
301
312
296
265
219
185
192
205
169
130
84
48
50
36
35
7
-29
-77
-93
-86
-106
-123
-143
-158
-185
-213
-232
-251
-292
-295
-281
-282
-302
-336
-317
-341
-352
-343
-354
-345
-353
-377
-372
-357
-369
-399
-421
-398
-372
-357
-366
-365
-351
-315
-299
-284
-280
-317
-303
-292
-280
-256
-241
-222
-195
-159
-141
-142
-132
-106
-79
-40
-11
-15
-21
-9
27
94
112
97
92
116
154
175
221
220
207
214
248
312
338
316
283
280
316
358
369
346
315
282
289
321
348
337
317
303
303
323
321
328
311
291
297
289
287
297
289
270
237
221
221
219
203
186
185
185
174
130
115
116
99
72
47
38
0
-14
-35
-54
-56
-61
-89
-90
-103
-125
-144
-187
-206
-236
-244
-273
-275
-260
-260
-252
-282
-291
-304
-315
-324
-336
-365
-382
-396
-394
-377
-371
-381
-391
-403
-381
-339
-334
-337
-340
-326
-309
-271
-263
-275
-270
-253
-239
-189
-161
-155
-153
-142
-102
-83
-74
-64
-44
-34
5
53
42
19
22
68
108
132
134
116
112
111
155
174
184
204
221
258
284
308
316
303
292
310
337
367
366
337
349
347
366
373
362
347
340
371
379
381
345
313
286
284
300
290
257
217
236
261
247
226
193
159
169
191
217
173
105
57
27
31
33
12
-19
-38
-35
-34
-48
-90
-124
-150
-164
-158
-157
-178
-233
-259
-274
-267
-251
-279
-299
-313
-328
-311
-309
-323
-356
-377
-365
-339
-327
-350
-371
-361
-348
-320
-318
-332
-349
-347
-315
-290
-289
-306
-305
-282
-238
-216
-211
-212
-234
-210
-174
-135
-105
-104
-106
-96
-45
-15
-7
11
33
32
52
91
117
129
141
149
149
162
180
182
196
222
256
264
260
277
292
298
312
331
337
338
317
306
318
333
336
341
330
313
329
340
356
334
316
310
300
273
243
249
240
229
212
192
198
174
163
142
115
91
76
93
89
76
62
28
-1
10
21
-3
-40
-52
-70
-84
-103
-126
-144
-165
-181
-191
-212
-223
-242
-253
-238
-237
-247
-283
-302
-317
-320
-305
-312
-315
-319
-314
-315
-289
-283
-307
-312
-309
-303
-282
-271
-279
-307
-308
-278
-243
-239
-250
-270
-250
-205
-180
-167
-153
-153
-147
-112
-103
-88
-67
-56
-30
4
15
13
-1
12
65
125
168
152
128
114
157
210
232
233
204
170
180
224
234
248
259
244
255
272
277
292
278
265
294
327
336
325
309
298
291
310
301
251
224
214
206
238
245
227
232
235
236
250
215
165
145
161
160
147
128
94
69
73
60
43
21
-50
-63
-62
-64
-43
-45
-55
-94
-119
-124
-132
-145
-156
-159
-195
-183
-189
-215
-253
-263
-233
-209
-212
-234
-276
-318
-318
-300
-267
-270
-277
-262
-246
-240
-232
-251
-265
-269
-253
-233
-230
-242
-258
-259
-239
-207
-208
-216
-200
-175
-151
-134
-105
-109
-97
-94
-85
-72
-70
-60
-38
-6
5
37
40
52
76
98
122
126
146
156
173
198
202
206
212
212
226
219
215
225
228
236
253
275
262
246
205
213
231
250
274
277
251
241
264
264
247
215
193
168
180
202
198
170
150
140
136
124
125
107
71
73
62
52
47
27
-2
-33
-26
-22
-32
-38
-51
-70
-70
-76
-84
-92
-117
-125
-148
-158
-150
-152
-147
-166
-173
-155
-132
-131
-152
-188
-184
-197
-214
-206
-217
-217
-234
-250
-227
-200
-204
-239
-254
-243
-221
-217
-199
-204
-222
-217
-219
-179
-177
-217
-202
-197
-188
-165
-140
-128
-131
-125
-105
-81
-52
-42
-27
-34
-32
15
52
78
84
89
102
109
144
171
194
199
180
172
185
212
248
274
273
283
281
291
327
332
326
304
286
278
279
294
291
292
278
263
284
279
268
248
217
183
197
204
180
161
131
116
118
121
106
87
84
70
55
45
14
-2
-30
-62
-53
-59
-75
-81
-103
-102
-123
-155
-159
-156
-178
-186
-172
-177
-187
-205
-219
-213
-208
-207
-226
-260
-264
-247
-226
-216
-241
-261
-270
-250
-235
-218
-233
-285
-264
-261
-230
-218
-214
-223
-242
-227
-180
-155
-183
-197
-200
-163
-137
-111
-85
-111
-130
-106
-63
-25
9
6
8
21
55
92
111
115
95
100
133
161
188
180
203
210
223
236
228
220
224
224
235
248
221
214
207
219
252
263
254
219
212
225
245
272
271
250
223
202
202
208
187
162
153
156
157
152
144
119
95
84
81
58
41
33
3
-12
-19
-1
-7
-20
-22
-41
-52
-45
-45
-67
-96
-95
-97
-98
-114
-150
-147
-132
-137
-160
-169
-187
-186
-166
-176
-195
-211
-236
-242
-209
-203
-237
-252
-256
-231
-190
-195
-203
-216
-226
-209
-182
-177
-182
-204
-213
-176
-169
-146
-152
-141
-129
-106
-67
-49
-55
-68
-67
-60
-22
5
8
-7
-24
-19
21
48
70
60
59
97
118
140
152
154
154
143
152
162
157
165
170
168
173
209
212
208
203
200
219
226
234
228
222
187
166
187
200
200
195
174
170
164
161
162
156
160
136
122
113
118
111
118
101
68
47
45
52
34
32
4
-6
-13
-30
-36
-42
-47
-55
-41
-46
-58
-90
-103
-103
-114
-107
-138
-142
-125
-146
-168
-178
-180
-174
-149
-137
-153
-158
-166
-160
-161
-161
-183
-198
-189
-191
-176
-160
-158
-152
-153
-134
-100
-70
-89
-138
-147
-131
-95
-66
-57
-76
-89
-74
-40
-24
-39
-50
-61
-36
4
29
25
17
5
-5
12
26
31
33
62
82
83
59
46
55
73
86
75
58
59
72
77
106
121
117
128
136
149
149
148
141
119
115
114
133
158
149
128
137
132
136
142
128
115
98
82
86
78
70
75
54
68
95
89
74
46
32
39
41
24
-2
-14
-20
-10
-10
-26
-40
-58
-59
-44
-46
-60
-84
-99
-89
-87
-95
-111
-125
-119
-117
-110
-96
-108
-117
-114
-105
-96
-98
-115
-115
-121
-113
-91
-81
-101
-115
-112
-98
-80
-74
-58
-64
-67
-74
-78
-77
-69
-59
-60
-53
-39
-38
-36
-25
-35
-28
-36
-35
-17
-4
11
16
26
19
31
59
70
72
78
65
71
102
118
100
91
86
93
111
125
135
118
132
157
143
139
113
118
115
117
137
133
105
77
66
81
111
108
94
69
53
47
59
57
39
16
-1
6
20
35
20
-9
-16
-8
-4
-8
-10
-21
-24
-27
-32
-25
-41
-62
-57
-55
-57
-74
-82
-84
-98
-90
-97
-105
-95
-92
-82
-90
-105
-110
-110
-104
-106
-99
-100
-106
-126
-119
-96
-81
-83
-90
-112
-117
-80
-62
-80
-93
-85
-71
-53
-40
-42
-69
-74
-50
-24
-15
-27
-32
-14
8
11
9
1
-2
18
33
38
12
-1
14
34
65
73
66
58
79
101
115
112
94
81
76
86
97
108
98
97
94
100
124
128
124
107
116
137
151
149
132
113
115
113
119
114
100
87
56
67
73
70
65
46
44
77
86
64
39
18
3
16
25
18
-8
-31
-48
-55
-36
-37
-55
-68
-78
-84
-88
-94
-108
-108
-116
-116
-102
-124
-131
-111
-112
-115
-121
-125
-118
-106
-97
-91
-98
-105
-101
-90
-94
-87
-97
-108
-107
-105
-80
-69
-53
-51
-58
-58
-52
-45
-48
-40
-36
-24
-19
-14
-29
-25
-8
-14
-12
-8
2
24
31
38
45
47
43
51
56
50
46
48
60
60
58
44
57
66
55
60
49
48
53
64
74
84
78
65
58
66
90
81
78
77
64
74
80
76
80
71
56
54
56
63
62
62
56
55
60
62
58
46
37
33
28
27
20
3
2
8
15
22
13
1
-4
2
12
11
-3
-18
-34
-36
-20
-23
-27
-43
-38
-27
-19
-20
-34
-54
-64
-78
-77
-67
-70
-83
-79
-76
-79
-66
-69
-74
-77
-75
-71
-68
-67
-77
-76
-70
-70
-79
-77
-67
-65
-63
-59
-58
-61
-54
-58
-53
-38
-44
-53
-50
-43
-30
-23
-16
-18
-25
-10
-8
3
7
4
2
4
20
29
29
35
34
32
50
51
54
55
59
72
75
75
59
53
72
84
93
89
75
74
90
92
91
84
70
66
72
82
84
73
60
56
63
64
63
55
50
46
47
38
38
45
30
24
9
1
4
11
16
5
-10
-15
-10
7
15
-4
-16
-18
-18
-8
-15
-33
-34
-13
-7
-6
-22
-39
-55
-53
-34
-46
-58
-70
-82
-81
-78
-83
-80
-94
-102
-94
-102
-103
-103
-102
-92
-80
-62
-65
-78
-83
-86
-74
-48
-32
-49
-57
-52
-40
-31
-31
-30
-32
-23
-3
14
20
10
-2
5
29
44
38
33
26
30
53
71
73
61
59
71
86
89
88
76
71
71
63
69
73
74
80
87
85
81
73
74
78
82
67
54
45
42
42
39
40
19
2
5
10
15
20
11
-6
-6
-1
2
5
-1
-8
-18
-15
-12
-9
-8
-25
-32
-34
-40
-45
-44
-41
-42
-40
-32
-38
-36
-35
-41
-36
-32
-40
-49
-59
-58
-53
-52
-52
-49
-51
-53
-39
-33
-34
-45
-54
-54
-47
-43
-38
-41
-40
-37
-42
-42
-35
-31
-35
-34
-30
-31
-31
-25
-19
-20
-19
-20
-16
-7
-3
6
-1
-2
-3
12
23
32
29
31
25
28
44
46
43
31
35
37
42
56
48
46
50
65
80
72
63
60
63
80
83
75
65
45
43
56
70
75
72
59
54
56
49
57
57
50
48
40
44
47
43
32
26
17
18
17
12
4
-3
-4
-2
2
-1
-17
-32
-33
-23
-19
-30
-40
-49
-51
-52
-46
-47
-61
-64
-64
-59
-53
-55
-62
-72
-59
-49
-51
-63
-65
-61
-51
-53
-57
-60
-67
-57
-45
-41
-51
-56
-53
-45
-40
-49
-50
-56
-64
-45
-29
-22
-30
-36
-24
-11
-5
-4
-11
-18
-10
-5
-4
-5
-11
-13
-6
-3
-1
-4
-10
-4
8
15
19
16
23
33
32
27
25
32
32
34
39
40
39
41
46
55
55
61
61
68
67
64
58
55
51
51
66
76
76
70
61
56
59
54
51
42
35
37
40
36
31
28
35
41
32
17
19
25
23
23
17
5
-7
-5
6
10
3
-3
-10
-20
-20
-20
-32
-33
-37
-41
-40
-47
-51
-53
-46
-44
-48
-53
-56
-65
-61
-49
-47
-54
-64
-67
-58
-47
-39
-44
-52
-46
-44
-45
-37
-39
-37
-35
-33
-18
-17
-18
-22
-30
-18
-10
-7
-14
-22
-22
-12
-1
3
5
-3
-7
-2
10
17
13
10
7
4
15
14
12
4
-1
13
33
40
34
23
8
13
32
39
32
25
20
29
32
41
41
43
40
45
50
41
42
46
47
42
41
35
19
17
25
37
46
37
24
27
31
33
40
33
22
19
21
19
20
22
12
3
5
7
10
1
-13
-14
-14
-7
-7
-11
-21
-34
-30
-26
-23
-32
-44
-56
-55
-44
-43
-48
-49
-47
-44
-30
-33
-38
-47
-52
-40
-30
-15
-16
-31
-40
-40
-38
-28
-28
-31
-31
-26
-19
-14
-9
-19
-23
-9
-5
-11
-19
-18
-11
-4
-4
-2
-8
-8
3
11
17
13
4
1
9
22
26
15
11
11
11
16
19
10
10
12
16
29
32
27
35
36
35
31
23
28
25
31
36
35
29
31
44
46
46
49
44
40
41
41
35
29
31
29
20
20
21
15
21
23
21
14
5
2
-4
6
3
-5
-4
-11
-19
-15
-18
-22
-22
-21
-25
-24
-27
-30
-29
-38
-37
-41
-38
-38
-42
-39
-36
-36
-39
-35
-36
-43
-46
-40
-34
-33
-35
-39
-33
-27
-17
-23
-25
-19
-18
-18
-16
-16
-21
-18
-15
-4
0
-5
-8
-4
8
15
5
-5
-9
-5
0
9
15
3
-12
-9
4
16
23
16
13
10
17
23
23
24
16
12
18
18
16
18
19
18
22
21
15
19
24
28
34
28
18
20
23
30
34
31
27
26
29
24
26
25
25
20
19
16
12
18
19
18
23
19
13
11
15
21
19
10
5
10
7
2
1
-2
-3
2
6
9
0
-13
-14
-16
-12
-14
-16
-18
-16
-20
-25
-24
-27
-27
-27
-26
-24
-19
-19
-24
-27
-35
-32
-21
-20
-30
-42
-40
-28
-23
-28
-32
-38
-38
-27
-16
-14
-24
-29
-27
-19
-15
-11
-16
-22
-19
-16
-7
0
-9
-12
-8
0
7
1
-5
-4
0
4
7
3
2
2
4
14
22
22
24
25
22
24
25
23
17
13
21
24
30
30
27
33
36
43
36
29
27
27
27
33
33
27
26
35
41
38
36
38
37
31
35
28
22
23
27
28
22
22
16
13
16
11
1
-5
-5
1
-1
-2
-4
-6
-3
-6
-10
-11
-16
-23
-25
-25
-19
-25
-36
-35
-37
-33
-29
-36
-43
-47
-48
-42
-38
-38
-44
-53
-54
-47
-43
-39
-37
-49
-48
-38
-36
-32
-36
-34
-34
-30
-22
-23
-26
-25
-24
-16
-8
-8
-15
-16
-13
-8
1
9
6
4
7
7
14
14
11
11
10
15
19
20
20
14
19
31
30
26
28
29
27
27
26
26
26
29
26
26
29
32
32
32
29
24
23
25
29
26
26
27
29
31
34
34
30
34
32
21
19
20
25
29
25
24
25
22
23
19
13
8
5
6
10
16
8
-5
-11
-8
-6
-2
-2
-8
-13
-17
-19
-13
-14
-21
-25
-27
-24
-22
-21
-21
-31
-33
-25
-26
-24
-29
-34
-37
-32
-27
-29
-33
-37
-34
-28
-27
-22
-27
-32
-28
-22
-22
-21
-23
-22
-16
-11
-8
-15
-19
-15
-11
-6
-2
-5
-6
-7
-3
0
2
5
1
-2
3
8
10
4
1
0
1
5
4
4
3
4
6
12
17
17
13
17
23
19
20
21
22
22
18
13
15
20
22
20
27
30
28
27
