0
0
2
2
2
7
2
-2
-4
-3
0
-1
-1
-1
-3
3
0
-5
-4
-2
2
-1
-2
-3
-4
-11
-13
-9
-4
-3
-6
0
-4
-2
-3
-9
-7
-5
-2
-3
-2
-2
-6
-7
-9
-7
-2
-4
-5
-3
-6
-3
1
-6
-2
1
2
1
0
-3
-6
-6
-7
-3
-3
1
-2
-2
-3
-1
2
-1
0
2
3
3
0
-2
-3
-5
-4
-6
-1
3
2
1
1
2
6
6
3
5
5
5
2
0
-1
1
1
2
4
8
9
5
8
6
5
5
1
3
4
2
0
3
3
3
-1
0
1
4
5
5
8
7
7
10
4
4
8
3
1
2
-1
-1
0
0
3
4
5
7
5
6
0
1
-1
1
2
0
0
3
1
0
1
-3
-3
-2
1
-1
1
3
-1
0
-3
-6
-3
0
0
2
0
-3
-4
-7
-4
-1
0
3
0
-2
-2
-7
-7
-8
-3
-4
-3
0
-2
-4
-4
-6
-5
-3
-2
1
0
-1
-3
-2
-1
-5
-3
0
-1
-4
-2
-5
-9
-7
-4
-2
-1
1
3
2
2
-2
-2
-3
-4
-3
-2
-1
1
1
-1
0
-1
0
-2
2
1
3
-3
-4
-2
-2
0
2
4
4
7
3
3
3
0
2
3
2
2
3
1
1
-3
0
0
3
2
3
5
7
6
2
0
-1
-4
-5
-3
-1
-1
-4
0
1
3
0
1
5
3
3
0
1
-4
-3
-4
-2
4
6
4
-2
-1
-2
-1
-1
-3
0
2
-2
0
1
-1
-3
-3
-1
2
6
4
1
1
4
-2
-3
0
2
4
3
0
-1
-1
-4
-3
-2
2
1
4
3
3
6
-3
-4
-3
-4
-1
0
-2
0
-2
-4
-6
-3
1
-2
0
0
1
1
0
-4
-5
-3
2
4
4
5
3
-3
-2
0
-1
0
0
2
1
1
-2
-4
0
-2
0
4
4
4
3
0
-1
-2
-2
2
1
4
5
2
2
1
0
-1
-4
1
1
-5
-4
-7
-6
-4
-2
2
5
3
1
-2
-1
-3
-6
-2
-5
-2
1
-3
-2
-2
-4
-8
-4
3
0
-2
1
3
0
2
-1
-1
0
0
4
1
-1
0
-1
0
-3
5
4
1
1
1
6
4
2
4
5
3
4
7
3
3
5
3
1
2
1
2
-1
2
6
6
3
4
4
2
0
-2
-1
0
-3
-4
-2
-4
0
2
-2
2
2
-1
-2
-1
-3
-1
-4
-1
0
-1
2
0
1
0
-1
-3
-5
-4
1
1
6
2
2
2
-2
-1
-3
3
3
0
3
4
3
2
1
0
2
2
0
0
-1
-6
-6
-6
-2
2
2
1
0
-4
-3
-4
-4
-7
-6
-4
-4
-4
-10
-7
-7
-8
-7
-2
0
-1
-3
-3
-1
0
-2
-4
1
2
-1
-2
-1
-1
-2
-1
-1
0
1
4
1
1
1
1
-1
0
-3
-3
2
6
4
1
4
0
2
0
-1
1
-2
-1
-1
2
2
1
-1
2
2
1
1
0
0
1
-2
-4
-4
-4
0
-1
-3
1
-1
-3
-3
-3
-4
-1
3
4
4
5
2
0
1
-2
1
1
0
2
5
4
1
2
2
0
3
7
7
5
5
5
2
1
7
9
7
10
11
10
4
3
4
3
5
11
12
10
14
9
3
3
1
2
6
7
7
7
2
2
1
0
-2
-1
2
1
-1
-2
-9
-11
-10
-6
-6
-5
-1
-4
-8
-12
-16
-18
-17
-16
-13
-10
-8
-9
-14
-18
-19
-20
-19
-17
-13
-11
-15
-19
-17
-18
-16
-12
-8
-7
-6
-6
-7
-11
-8
-7
-5
-1
1
4
7
6
5
4
-1
0
2
5
6
8
9
6
3
2
5
10
9
12
16
16
12
13
14
9
14
17
13
16
18
17
13
13
16
15
14
17
21
23
21
17
17
13
15
20
15
18
20
20
21
19
16
12
12
14
17
20
18
15
16
11
10
12
12
9
9
12
8
3
-2
-4
-7
-6
-4
-4
-5
-8
-12
-18
-22
-21
-21
-19
-19
-22
-23
-25
-35
-37
-42
-42
-39
-41
-39
-41
-47
-51
-58
-57
-56
-54
-53
-51
-48
-48
-48
-45
-43
-39
-33
-27
-20
-20
-18
-19
-21
-17
-12
-12
-8
-5
-8
-2
1
3
3
5
11
13
19
22
20
22
25
25
27
34
33
36
36
37
38
42
46
48
50
55
59
57
58
62
58
54
56
58
55
51
55
54
50
50
49
49
49
50
49
46
49
49
47
47
46
44
43
42
40
39
33
30
26
19
16
13
13
9
-1
0
-3
-13
-18
-24
-28
-31
-41
-49
-53
-57
-58
-65
-67
-72
-78
-86
-93
-97
-98
-110
-112
-114
-113
-112
-108
-104
-101
-100
-98
-95
-92
-86
-81
-74
-70
-64
-56
-49
-48
-40
-37
-34
-29
-24
-19
-17
-11
-7
-6
0
9
11
14
16
21
25
26
28
35
38
43
48
52
54
57
58
61
63
67
74
77
79
83
87
86
85
89
89
91
92
91
88
87
85
79
76
79
84
90
87
87
83
73
71
66
62
66
67
65
55
51
50
49
47
50
57
60
59
56
55
47
39
32
26
19
12
1
-18
-33
-46
-64
-77
-87
-92
-95
-101
-107
-113
-117
-130
-138
-141
-146
-144
-144
-150
-152
-155
-162
-161
-158
-156
-148
-145
-144
-134
-130
-124
-116
-109
-101
-92
-81
-75
-67
-58
-51
-46
-39
-27
-15
-4
4
12
19
27
33
31
30
40
38
36
39
45
41
42
49
48
54
63
62
64
71
75
77
74
77
74
75
84
88
90
97
100
97
97
98
108
108
107
109
112
117
110
106
101
98
96
91
91
98
94
89
85
81
84
78
73
72
67
62
55
43
35
26
23
17
7
7
0
-10
-14
-20
-21
-23
-28
-23
-29
-28
-14
-13
-12
-9
-3
-5
-4
-5
-9
-9
-13
-20
-16
-16
-30
-43
-55
-75
-103
-122
-139
-151
-166
-179
-176
-180
-180
-177
-173
-181
-175
-165
-159
-155
-145
-136
-138
-127
-118
-120
-118
-112
-118
-111
-99
-100
-95
-82
-73
-61
-44
-31
-24
-11
2
4
11
22
33
43
48
56
69
71
77
87
88
102
107
105
108
102
95
93
90
92
96
92
80
74
73
76
66
71
78
86
99
99
103
111
99
131
160
132
148
110
98
61
56
44
81
91
59
80
50
56
32
36
40
33
33
37
53
67
71
62
63
65
50
59
46
48
46
53
55
53
45
38
23
9
5
-9
-17
-32
-42
-50
-64
-77
-89
-91
-86
-86
-77
-63
-49
-35
-11
14
38
61
72
84
91
89
86
77
67
46
22
-10
-43
-80
-122
-172
-218
-259
-301
-325
-343
-351
-350
-341
-329
-322
-322
-309
-295
-268
-243
-212
-175
-153
-128
-103
-81
-58
-34
-16
3
27
42
52
64
68
73
81
92
95
103
108
106
106
98
87
82
82
72
64
66
69
65
59
57
50
53
46
43
58
67
70
77
76
76
72
68
58
69
79
85
92
99
98
90
102
97
95
109
124
133
137
144
137
129
127
111
115
110
111
104
93
93
89
91
93
94
100
118
107
102
90
80
60
50
42
38
47
49
44
36
30
23
15
-1
0
2
-1
-9
-28
-28
-52
-70
-75
-84
-75
-76
-70
-75
-80
-71
-76
-58
-25
5
49
94
123
139
147
141
143
144
131
111
95
54
0
-61
-137
-209
-277
-343
-396
-421
-442
-468
-487
-501
-511
-499
-472
-458
-423
-378
-338
-295
-252
-204
-156
-110
-65
-15
38
83
116
133
141
151
157
164
181
190
193
184
173
162
130
103
76
39
19
9
-16
-33
-49
-86
-113
-106
-114
-98
-81
-62
-28
0
18
37
64
73
94
117
141
159
169
155
137
132
127
131
129
123
125
125
125
121
119
119
101
80
71
63
76
76
66
67
56
44
54
73
91
108
140
156
180
194
203
208
205
214
210
212
206
192
168
147
130
114
107
100
90
77
61
53
43
44
41
35
20
28
35
25
28
18
-4
-16
-5
-1
21
66
115
157
200
230
255
282
275
265
258
249
197
128
50
-45
-146
-249
-363
-471
-561
-646
-709
-759
-785
-795
-806
-807
-773
-709
-651
-577
-502
-441
-377
-299
-225
-142
-76
-9
75
131
177
217
237
242
247
252
250
260
239
170
104
23
-56
-128
-198
-277
-343
-385
-428
-479
-485
-498
-509
-494
-486
-416
-339
-270
-209
-129
-66
-7
82
163
234
302
352
392
409
407
411
397
375
343
330
297
231
186
148
106
70
53
66
87
88
95
109
117
111
152
199
228
289
354
382
438
490
528
575
590
615
620
634
625
614
594
547
489
431
391
347
312
277
214
162
123
73
42
36
32
24
29
36
46
54
52
68
130
207
276
376
480
555
623
665
671
681
659
613
533
403
241
60
-159
-414
-641
-886
-1122
-1314
-1482
-1587
-1625
-1670
-1664
-1612
-1569
-1487
-1344
-1218
-1068
-890
-745
-594
-433
-283
-132
7
126
234
363
469
536
588
578
504
411
298
138
9
-157
-364
-567
-782
-966
-1103
-1229
-1283
-1331
-1346
-1304
-1247
-1120
-980
-859
-719
-571
-410
-227
-9
206
379
527
669
740
813
902
925
945
945
901
856
787
658
559
429
298
174
102
48
-9
-54
-61
-64
-17
36
89
235
374
503
674
814
922
1034
1132
1197
1291
1387
1406
1433
1440
1414
1370
1310
1219
1128
1034
959
855
765
631
478
374
275
166
80
43
-7
-35
-30
15
32
52
97
139
250
413
592
849
1036
1158
1306
1363
1340
1344
1313
1181
1023
770
401
20
-406
-910
-1271
-1676
-2112
-2464
-2817
-3126
-3307
-3372
-3389
-3277
-3096
-2878
-2591
-2242
-1905
-1567
-1216
-939
-643
-272
36
306
578
783
881
974
990
1013
1056
945
737
483
130
-229
-551
-946
-1341
-1675
-2019
-2316
-2525
-2677
-2727
-2752
-2751
-2582
-2231
-1846
-1411
-916
-507
-136
220
561
925
1340
1621
1767
1920
1942
1883
1849
1677
1459
1273
1056
888
686
501
288
105
-70
-203
-243
-296
-236
-149
-46
72
239
395
609
851
1135
1490
1786
2088
2307
2506
2698
2787
2842
2859
2771
2693
2566
2349
2084
1787
1402
981
626
347
186
32
-43
-171
-252
-240
-263
-170
-40
83
260
504
656
772
914
925
1028
1183
1456
1831
2206
2424
2550
2448
2251
2052
1796
1430
1006
466
-234
-793
-1509
-2221
-2884
-3636
-4375
-4915
-5309
-5422
-5310
-5134
-4987
-4635
-4200
-3723
-3109
-2414
-1800
-1178
-583
-143
286
692
1061
1276
1441
1575
1716
1734
1639
1517
1225
688
166
-356
-884
-1358
-1890
-2389
-2857
-3375
-3826
-4034
-4171
-4195
-4013
-3694
-3284
-2757
-2126
-1463
-882
-199
495
971
1599
2107
2494
2818
2925
2861
2779
2544
2216
1965
1663
1279
920
597
221
-109
-369
-576
-802
-893
-881
-798
-636
-457
-292
-88
170
452
850
1298
1794
2203
2584
2907
3118
3376
3534
3552
3499
3352
3166
2888
2513
2068
1641
1163
657
218
-64
-275
-461
-552
-581
-541
-461
-286
-83
189
420
754
1077
1244
1483
1581
1636
1923
2265
2705
3270
3512
3568
3581
3256
2817
2351
1793
1227
473
-413
-1299
-2141
-2909
-3638
-4287
-4809
-5244
-5539
-5567
-5420
-5161
-4809
-4484
-4067
-3538
-2900
-2134
-1345
-621
-44
474
961
1397
1822
2256
2585
2738
2747
2653
2299
1909
1499
837
82
-572
-1235
-1847
-2384
-2960
-3436
-3779
-4153
-4410
-4345
-4236
-3956
-3531
-3169
-2735
-2075
-1379
-664
182
846
1469
2082
2552
2882
3189
3227
2995
2716
2250
1692
1275
757
122
-484
-1091
-1533
-1833
-2014
-2068
-1903
-1790
-1659
-1405
-1074
-650
-242
132
432
814
1246
1694
2080
2455
2739
2985
3196
3348
3384
3420
3337
3038
2717
2271
1822
1327
850
323
-155
-524
-835
-1043
-1196
-1213
-1187
-997
-729
-440
53
534
816
1240
1588
1816
2214
2559
2755
3169
3635
4053
4547
4673
4653
4438
3811
3096
2359
1636
874
-39
-1170
-2170
-3015
-3830
-4401
-4765
-5153
-5515
-5735
-5736
-5523
-5045
-4544
-4067
-3358
-2675
-1967
-1037
-111
689
1444
2097
2586
3185
3656
3940
4084
4028
3641
3143
2550
1826
1089
190
-792
-1610
-2340
-2997
-3388
-3700
-3923
-4227
-4420
-4461
-4278
-3955
-3672
-3289
-2739
-2299
-1702
-848
-46
746
1528
2151
2592
3105
3411
3496
3444
3078
2394
1641
898
36
-733
-1486
-2316
-2982
-3417
-3828
-3894
-3684
-3413
-2992
-2533
-2014
-1417
-707
-67
518
1091
1599
1979
2381
2748
2995
3167
3247
3233
3175
3130
3019
2760
2364
1876
1245
675
39
-553
-1045
-1422
-1678
-1900
-1815
-1694
-1457
-1010
-619
-323
160
776
1173
1656
2121
2369
2807
3255
3434
3790
4337
4871
5316
5545
5485
5105
4396
3509
2466
1520
752
-139
-1327
-2391
-3156
-3877
-4394
-4771
-5056
-5301
-5593
-5759
-5526
-4951
-4374
-3829
-3128
-2394
-1647
-704
369
1393
2218
2818
3326
3827
4343
4602
4742
4574
4081
3393
2554
1747
1020
188
-946
-1924
-2776
-3381
-3738
-3992
-4123
-4198
-4297
-4346
-4020
-3633
-3242
-2731
-2180
-1740
-1050
-103
618
1505
2141
2505
2812
3209
3281
3218
3153
2555
1859
1084
133
-843
-1549
-2398
-3257
-3887
-4344
-4558
-4533
-4483
-4236
-3715
-3212
-2634
-1814
-865
-42
726
1280
1803
2270
2723
3105
3452
3783
3796
3692
3475
3052
2486
1969
1308
582
-70
-742
-1347
-1756
-2113
-2357
-2337
-2123
-1816
-1428
-964
-647
-235
159
442
848
1357
1804
2304
2771
3218
3721
4068
4612
5627
6281
6477
6607
6005
4895
3814
2372
1183
523
-526
-1967
-2966
-3687
-4353
-4759
-5093
-5544
-5911
-6386
-6594
-6157
-5225
-4206
-3296
-2257
-1199
16
1185
2230
3214
3930
4048
4174
4404
4466
4565
4517
4113
3601
3111
2433
1723
1011
-66
-1470
-2854
-4071
-4904
-5334
-5477
-5403
-5152
-4680
-4013
-3109
-2118
-1270
-676
-311
77
611
1283
2032
2719
3211
3649
4030
4284
4469
4392
3879
2859
1463
-25
-1402
-2595
-3657
-4463
-5085
-5523
-5499
-5151
-4633
-4086
-3520
-3073
-2746
-2306
-1739
-1007
-176
683
1582
2600
3528
4287
4867
5100
4879
4326
3631
2817
1859
979
98
-778
-1360
-1824
-2105
-2245
-2486
-2822
-3129
-3367
-3419
-3185
-2848
-2422
-1769
-955
18
1124
2303
3185
3958
4472
4437
4515
4611
4227
4066
3997
3716
4534
5396
5234
5286
4685
2949
1455
-377
-1996
-2263
-2812
-3954
-4483
-4793
-4821
-4468
-4626
-4626
-4597
-5282
-5633
-5035
-3962
-2587
-1433
-591
449
1619
2670
3503
4100
4276
3921
3301
2915
3182
3466
3461
3362
2962
2372
1766
1007
91
-1094
-2353
-3763
-4902
-5050
-4484
-3880
-3132
-2349
-1909
-1402
-921
-491
-231
-185
-276
-116
470
1537
3010
4119
4848
5220
5001
4510
3953
2937
1625
101
-1383
-2488
-3098
-3122
-2945
-2839
-3002
-3226
-3513
-3862
-4110
-4161
-4365
-4331
-3711
-2687
-1227
473
1957
3050
3773
4032
4037
3766
3324
2785
2102
1477
1206
1149
1216
1229
867
329
-525
-1562
-2534
-3362
-4135
-4635
-4680
-4388
-3556
-2375
-1292
-308
349
673
947
1218
1570
1938
2283
2722
3259
3741
4293
4736
4663
4902
5703
5723
5350
4703
3165
1489
-174
-1849
-2163
-1792
-1953
-2448
-3313
-4114
-4507
-5221
-6199
-6529
-6837
-7185
-6559
-5033
-2883
-775
341
754
1136
1464
1873
2112
2385
2870
3210
3700
4464
5579
6257
6069
5102
3455
1802
365
-906
-2041
-2796
-3118
-3333
-3205
-2399
-1449
-1243
-1514
-2223
-3098
-3455
-3397
-2759
-1694
-483
888
2432
3958
5089
5723
5362
4530
3423
2443
2000
1880
2132
2166
1951
1481
985
-9
-1268
-2717
-4320
-5506
-6089
-5984
-5305
-4328
-3206
-2257
-1585
-905
-376
-61
234
456
840
1529
2270
3259
4093
4489
4462
4067
3263
2337
1431
369
-527
-1267
-1648
-1757
-1819
-2085
-2464
-3072
-3691
-3984
-4160
-3757
-3144
-2549
-1569
-575
251
1310
1818
1958
2143
1987
2037
2358
2799
3169
4341
6008
6785
6714
5994
4328
2375
354
-1454
-1619
-1092
-1314
-2068
-2873
-3611
-4226
-5209
-6659
-7651
-8230
-8487
-7644
-5642
-3218
-1268
-268
-91
79
584
961
1256
1821
2448
3498
4869
6283
7322
7570
6512
4651
2531
849
-10
-479
-938
-1361
-1230
-1132
-1253
-1416
-2017
-3123
-4419
-5482
-5597
-4464
-2717
-1177
335
1240
1867
2591
2793
2864
3073
2919
2988
3682
4406
5326
5940
5263
4244
3020
1444
272
-1102
-2353
-3101
-3591
-3785
-3594
-3325
-3344
-3663
-4392
-4607
-4273
-3587
-2399
-1285
-192
1120
2174
2924
3707
3919
3653
3254
2949
3045
3344
3452
3141
2541
1628
676
-242
-1196
-1915
-2573
-3138
-3251
-3120
-2797
-2407
-2461
-2797
-3018
-2881
-2307
-1362
-336
618
1232
1541
1800
2161
2410
2969
4725
6215
6418
6001
5124
3888
3069
1736
1057
1812
1736
412
-1282
-3079
-4243
-5100
-6797
-8289
-8631
-8594
-7947
-6479
-5133
-4227
-3896
-4387
-4740
-4014
-2747
-1344
91
1479
3145
4980
6354
6916
6749
5769
4487
3550
3073
3197
3587
3272
2426
1641
690
-429
-1443
-2382
-3491
-4421
-4825
-4409
-3347
-2388
-2067
-2234
-2763
-2883
-2155
-1258
43
1438
2532
3606
4458
5014
5444
5361
4572
3777
3440
3439
3590
3451
2833
1906
665
-637
-1859
-2753
-3237
-3601
-3729
-3534
-3087
-2536
-2239
-2291
-2344
-2192
-1741
-968
109
1170
2013
2642
3027
3324
3415
3349
3087
2682
2480
2406
2293
2179
1803
1078
418
-300
-1013
-1653
-2226
-2473
-2604
-2665
-2314
-1902
-1718
-1476
-1488
-1477
-1302
-1006
-591
-97
407
1156
2740
4433
5006
4640
3831
2544
1768
1512
1836
3425
4230
3206
1550
-189
-1543
-2384
-3637
-4891
-5355
-5652
-5651
-4673
-3634
-3332
-3822
-5299
-6580
-6631
-5743
-4445
-3100
-2128
-1582
-750
167
679
1034
930
493
449
825
1893
3317
3848
3316
2301
1407
981
1147
1630
1823
1811
1888
1840
2014
2188
1757
1080
61
-1012
-1127
-576
235
1131
1520
1465
1219
674
175
-112
-244
-437
-313
32
325
608
615
359
-235
-923
-1503
-1657
-1410
-900
-401
14
355
504
418
344
657
814
954
1283
1562
1855
2093
2030
1773
1260
780
598
433
486
720
828
609
276
-35
-294
-563
-935
-1266
-1450
-1465
-1215
-728
-406
-184
-121
-258
-78
205
422
709
882
1047
1599
3037
4386
4382
3614
2472
1571
1729
1806
2408
4010
4511
3645
2373
1108
308
-436
-2022
-3520
-3912
-3698
-3159
-2547
-2761
-3796
-5016
-6346
-6930
-6404
-5628
-5119
-4598
-4202
-3616
-2590
-2068
-2170
-2629
-3100
-2575
-972
648
1929
2779
2598
1838
1526
1537
1545
1613
1638
1749
2471
3488
4072
3946
2903
1385
492
330
695
1278
1617
1664
1304
856
750
645
254
-522
-1120
-1125
-679
-11
328
58
-720
-1383
-1650
-1397
-1075
-1108
-1211
-1360
-1336
-1050
-733
-614
-905
-1168
-873
-185
723
1503
1727
1580
1441
1459
1665
1851
1822
1661
1559
1578
1829
2005
1779
1376
832
419
324
431
485
233
-150
-607
-859
-854
-1096
-1321
-1433
-1348
-874
-285
358
774
755
499
372
1118
2699
3653
3400
2745
2267
2553
3136
3059
3447
4121
3707
2809
2128
1965
2123
1253
-603
-1768
-1835
-1566
-1330
-1478
-2560
-4110
-5328
-5958
-5655
-4808
-4565
-4775
-4800
-4577
-3806
-2762
-2548
-3258
-3903
-3980
-2955
-1275
-4
679
881
570
201
511
1000
1082
988
819
990
1704
2463
2718
2303
1357
423
386
1007
1728
2143
2128
1770
1385
1104
1012
1031
782
310
29
149
503
754
440
-359
-1171
-1392
-1151
-803
-507
-689
-1164
-1440
-1544
-1478
-1444
-1653
-1853
-1844
-1524
-756
26
327
326
269
354
751
1256
1496
1559
1441
1370
1622
1771
1724
1561
1189
804
676
739
859
830
550
132
-127
-194
-233
-385
-659
-903
-999
-853
-538
-272
-128
39
-52
0
771
2312
3226
2725
2074
1875
2459
3245
3184
3382
4147
3910
2954
2255
2001
2034
1359
-304
-1200
-599
216
584
470
-751
-2612
-4023
-4748
-4447
-3554
-3398
-3773
-3699
-3298
-2734
-1914
-2061
-3360
-4428
-4532
-3515
-1898
-858
-721
-844
-1185
-1339
-803
-172
-14
-98
-96
358
1212
1886
1806
1269
618
251
701
1464
2110
2396
2305
2053
1983
2050
2160
2206
1724
1275
1273
1477
1427
936
141
-833
-1412
-1328
-943
-552
-563
-1186
-1711
-1909
-2001
-1934
-2137
-2343
-2242
-1837
-1308
-849
-518
-570
-913
-998
-701
-200
353
641
778
965
1266
1467
1419
1213
1022
849
760
747
778
823
793
512
175
128
106
-128
-357
-530
-497
-314
-89
98
41
-11
19
-125
84
1161
2515
2713
1859
1290
1253
2219
2916
2607
2890
3533
3266
2574
2271
2231
2088
854
-1064
-1491
-343
697
1248
1056
-409
-2094
-2952
-3062
-2414
-1866
-2478
-3360
-3330
-2666
-1851
-1061
-1568
-2955
-3828
-3756
-2498
-1021
-706
-1238
-1735
-2174
-2030
-1108
-503
-548
-740
-723
-33
1107
1643
1384
863
99
-164
601
1664
2214
2175
1819
1365
1311
1620
1987
2207
1972
1559
1749
2183
2178
1710
846
-79
-792
-917
-509
-133
-161
-700
-1321
-1590
-1707
-1745
-1831
-1930
-1732
-1395
-971
-601
-497
-670
-957
-1183
-1115
-734
-368
-119
38
113
353
656
664
532
394
339
480
575
749
1030
1033
763
385
262
211
-62
-362
-560
-594
-320
-147
-148
-167
-242
-336
-359
477
1917
2042
856
47
-54
1159
2331
2398
2858
3304
2569
1706
1771
2206
2411
1225
-950
-1549
-398
950
1812
1548
-63
-2062
-3125
-2780
-1455
-627
-1225
-2594
-3100
-2539
-1512
-506
-849
-2411
-3678
-3626
-2188
-406
136
-465
-1398
-2171
-2121
-1064
-31
99
-539
-1125
-822
216
1019
1119
899
212
-411
84
1224
2113
2370
1950
1184
790
907
1292
1808
1948
1685
1658
1902
2020
2000
1717
1137
611
314
356
661
802
462
-15
-520
-957
-1229
-1406
-1394
-1107
-944
-843
-792
-925
-1054
-1248
-1388
-1226
-954
-748
-502
-292
-210
-186
-196
-318
-439
-432
-209
111
360
580
738
759
705
495
414
555
461
169
-136
-292
-235
-177
-352
-448
-474
-549
46
1146
1489
696
-311
-880
-270
932
1152
1712
2467
2055
1276
1101
1653
2270
1726
-154
-1376
-825
277
1292
1659
529
-1608
-3128
-3130
-1769
-314
-405
-1784
-2746
-2847
-2217
-879
-197
-1075
-2509
-3256
-2533
-794
264
-36
-1023
-2030
-2525
-1673
-109
751
663
-113
-641
-370
40
295
704
750
167
-46
507
1381
2066
2026
1452
1104
1012
1068
1494
1945
2060
2107
2041
1759
1491
1409
1549
1603
1327
823
561
678
675
581
597
244
-444
-1026
-1172
-874
-472
-303
-477
-776
-1031
-1102
-909
-640
-660
-761
-828
-679
-243
140
378
418
180
-87
-192
-48
53
131
150
188
224
308
422
471
518
282
-140
-359
-476
-499
-476
-487
-528
-148
883
1521
875
-202
-773
-402
600
709
846
1730
1883
959
446
859
1495
1418
-126
-1642
-1171
-94
569
888
306
-1321
-3098
-3538
-2501
-950
-576
-1858
-2981
-3147
-2844
-1920
-1017
-1188
-2032
-2672
-2388
-1016
295
288
-552
-1441
-2227
-1943
-506
737
1029
599
-41
-38
399
446
490
826
763
447
787
1299
1575
1607
1196
816
808
748
962
1697
2082
2027
1986
1772
1348
902
744
1029
1512
1764
1484
1139
743
469
653
861
573
-37
-503
-531
43
532
544
178
-499
-1044
-864
-256
391
629
120
-379
-444
-167
284
532
384
1
-167
5
358
516
436
178
-171
-363
-225
142
359
230
-144
-407
-438
-388
-452
-352
-282
303
1389
1716
867
-17
-490
-320
575
782
968
1782
1575
323
-172
263
793
420
-1322
-2628
-1929
-667
5
237
-429
-2432
-4281
-4379
-2968
-1040
-470
-1692
-2750
-2956
-2802
-1889
-870
-1323
-2520
-3010
-2336
-687
616
548
-176
-1086
-2082
-1923
-316
976
1184
626
71
68
174
-71
108
703
707
512
890
1499
1787
1672
1192
935
991
936
938
1366
1821
1970
1983
1563
752
94
-37
521
1286
1490
1187
647
-25
-341
-3
641
754
323
-131
-37
558
1085
1168
776
20
-447
-92
836
1778
2043
1772
1144
531
507
885
1281
1269
887
584
559
693
684
534
141
-371
-777
-762
-527
-237
-151
-437
-815
-1075
-1215
-1256
-1047
-159
1157
1468
547
-317
-495
377
1312
1304
1731
2443
1813
439
76
875
1627
680
-1662
-2734
-1992
-1081
-433
-142
-882
-3053
-5018
-5137
-3623
-1929
-1688
-2527
-3111
-3378
-3409
-2191
-764
-1018
-2095
-2562
-1901
-544
306
330
264
-297
-1534
-1644
-258
948
1210
827
388
339
198
-94
203
737
510
242
741
1012
866
647
514
632
718
654
768
1278
1385
1363
1758
1966
1524
794
531
650
1228
1751
1874
1486
382
-624
-510
177
478
351
148
0
-60
149
567
1001
677
-168
-652
-213
646
1404
1762
1610
1156
720
791
1290
1689
1656
1393
1202
1192
1235
1379
1410
1165
616
146
87
128
-16
-203
-292
-468
-794
-1101
-1159
-489
510
763
68
-794
-1275
-695
294
461
862
1735
1495
55
-546
209
1245
1162
-627
-2003
-1590
-818
-511
-47
-86
-1834
-3786
-4398
-3472
-1728
-1128
-2026
-2943
-3343
-3849
-3311
-1877
-1604
-2237
-2766
-2622
-1771
-883
-525
-347
-454
-1266
-1652
-612
464
648
579
453
495
505
307
492
1067
1135
1017
1432
1799
1437
857
860
1111
1234
1091
953
981
791
535
734
1283
1152
349
-91
-58
262
779
1264
1276
502
-491
-622
27
497
449
166
28
-42
-94
386
990
941
196
-277
72
791
1189
1355
1418
1210
761
630
991
1316
1387
1193
1136
1180
1098
1066
1219
1158
863
645
745
748
540
372
382
385
39
-421
-510
8
723
853
228
-548
-972
-664
77
512
884
1241
824
-489
-1176
-460
669
654
-790
-2135
-2128
-1400
-778
-254
-263
-1746
-3607
-4224
-3245
-1597
-829
-1304
-2162
-2690
-3087
-2729
-1482
-952
-1678
-2353
-2220
-1443
-790
-684
-795
-931
-1521
-2052
-1337
-5
425
247
207
376
621
496
396
688
780
717
1310
2127
2128
1486
1078
1113
1434
1647
1554
1647
1382
703
557
1099
1414
1186
600
-49
-226
115
552
912
708
-285
-1001
-721
-144
178
849
947
271
-426
-770
-314
291
215
-171
469
1177
799
394
337
409
545
560
699
1067
1104
763
840
1252
1430
1460
1530
1203
680
510
773
978
846
689
920
1023
923
427
456
1771
2242
1432
190
-483
-545
-255
129
1542
3617
3178
373
-2212
-3229
-2268
-860
-274
-382
-1050
-2984
-4716
-4274
-3329
-3184
-3491
-4070
-4521
-4186
-3574
-3279
-3257
-3624
-4251
-3558
-1998
-998
-388
-450
-1282
-1840
-1290
168
1811
2500
1874
1082
793
934
1731
2675
2923
2422
1893
1895
2640
3181
2656
1731
1077
829
1152
1811
2153
1845
819
-487
-1198
-765
79
407
-9
-843
-1648
-1869
-1615
-1237
-963
-954
-1253
-1488
-1360
-1148
-692
-318
-276
-105
315
818
1220
1408
1356
1358
1631
1943
2226
2460
2603
2592
2371
2150
2071
2123
1896
1357
1035
935
820
726
765
669
206
-376
-597
-507
-311
-165
-174
-249
-349
-465
596
2463
2745
1828
918
118
195
1136
2067
4171
5753
3783
146
-1584
-1545
-415
486
348
-134
-1135
-3731
-5596
-4716
-3535
-3931
-5170
-6100
-6111
-5542
-5425
-5551
-5193
-5004
-5352
-4684
-3091
-1887
-1494
-1744
-1956
-1399
-273
1070
2171
2442
1875
1396
1545
2260
3289
4082
4078
3201
2123
1868
2361
3028
3082
2778
2311
1545
691
421
670
699
352
-363
-565
-316
-437
-890
-1179
-1409
-1605
-1703
-1481
-1178
-735
-883
-1171
-1154
-717
-277
50
305
275
393
720
991
1545
2172
2372
2257
2138
2210
2400
2734
2872
2805
2552
2179
1762
1654
1665
1628
1474
1186
927
678
487
323
131
-224
-409
-431
-436
-242
-42
-31
-197
-259
-262
69
872
2298
3082
2749
1715
604
197
738
1681
3119
4896
4571
2049
-351
-1513
-1423
-337
-68
-335
-866
-2682
-4941
-5499
-4756
-4211
-4282
-4824
-5435
-5589
-5877
-6186
-5705
-4772
-4435
-4428
-3851
-3064
-2447
-2325
-2213
-1774
-793
112
792
1402
1563
1300
970
1079
1918
3077
3671
3338
2420
1595
1284
1586
2274
2694
2782
2083
802
71
37
235
593
681
154
-370
-976
-1780
-1763
-1056
-896
-883
-1022
-1340
-1313
-966
-802
-467
78
143
262
701
1220
1609
1757
1749
1900
2358
2809
3141
3256
3076
2739
2436
2371
2735
3062
2993
2537
1793
1077
488
251
257
404
457
16
-640
-1059
-971
-948
-795
-411
-68
117
160
121
366
761
981
2327
3594
3577
3089
2229
1379
1520
2194
3212
5055
5318
3150
764
-658
-1129
-524
-16
-58
-525
-2288
-4811
-5773
-5129
-4529
-4463
-4932
-5614
-5929
-6241
-6545
-5910
-4809
-4471
-4464
-3862
-3067
-2372
-2044
-1985
-1669
-1009
-310
520
1516
2008
1626
963
473
811
1780
2677
2966
2604
1737
886
394
651
1182
1307
1448
864
-75
-450
-431
-482
-153
-48
-480
-651
-984
-1384
-953
-708
-849
-643
-762
-882
-461
-218
-143
277
495
340
373
710
1134
1605
1887
1953
1961
2100
2313
2542
2805
2892
2555
2230
2171
2229
2109
1888
1515
917
334
107
273
412
373
153
-308
-751
-691
-704
-592
-90
260
449
813
904
914
1270
2102
3499
4353
4155
3340
2589
2114
2250
3191
5071
6590
5606
2961
547
-734
-846
-282
184
429
-497
-3020
-5370
-5885
-5401
-5143
-5402
-5817
-6071
-6286
-6672
-6722
-5967
-5315
-5198
-4931
-4071
-2923
-1964
-1680
-1669
-1442
-878
-78
848
1788
2362
2370
1914
1372
1376
2015
2691
2803
2376
1860
1310
661
447
452
680
584
-71
-593
-709
-749
-844
-847
-1049
-1066
-1372
-1808
-1712
-1225
-1001
-852
-1023
-1178
-902
-527
-126
596
949
727
491
426
904
1904
2549
2641
2645
2244
1873
1903
2356
2787
3040
2652
1847
1342
1147
1234
1353
1053
569
232
-42
-196
-43
156
-14
-303
-736
-830
-447
-131
202
527
677
662
887
1144
2331
4091
4516
4097
3485
2549
2059
2528
3366
5147
6922
5852
3301
1206
-419
-873
-323
32
483
131
-2419
-5097
-5818
-5770
-5444
-5189
-5455
-5613
-5713
-6490
-6753
-5790
-5046
-4909
-4699
-4125
-3064
-1861
-1395
-1228
-793
-642
-445
374
1519
2644
3137
2677
1946
1541
1410
1767
2138
2316
2302
1901
884
334
291
81
122
-123
-697
-1105
-1140
-1573
-1415
-1122
-1453
-1969
-2494
-2544
-1819
-1164
-924
-836
-1140
-1404
-1180
-519
428
1393
1526
1126
845
785
1151
1885
2662
3128
2908
2459
2186
2277
2515
2747
2644
2077
1569
1400
1281
1210
1128
768
196
-390
-670
-483
-114
-105
-373
-793
-1046
-1045
-642
39
669
1206
1106
708
929
2084
3655
4370
4529
3973
3123
2478
2317
3076
5082
6707
6025
3846
1484
-316
-1041
-895
-499
329
50
-2191
-4641
-5821
-6174
-5925
-5771
-5887
-5646
-5610
-6268
-6449
-5510
-4647
-4487
-4524
-4193
-3098
-1709
-641
256
786
651
310
382
1237
2702
3667
3695
3037
2140
1526
1383
1510
1871
2097
1596
566
-142
-481
-676
-1028
-1548
-2113
-2439
-2486
-2368
-1710
-1023
-1182
-2229
-3034
-3195
-2702
-1759
-607
243
504
170
-275
-97
491
1164
1750
2006
2025
2158
2454
2609
2735
2816
2537
2297
2372
2469
2544
2710
2446
1653
892
573
642
785
873
773
233
-629
-1251
-1242
-596
-154
-11
-68
-312
-545
-453
35
667
1246
1299
1240
1704
3010
4134
4575
4556
3806
2711
2060
2132
3098
5173
6201
5262
3272
831
-1101
-1805
-1931
-1444
-465
-927
-2946
-4734
-5751
-6166
-6149
-6277
-6252
-5797
-5768
-6086
-5627
-4580
-3944
-3969
-4188
-3891
-2804
-1345
193
1533
2114
1967
1411
897
1275
2416
3373
3694
3518
2996
2344
1683
1011
617
287
-239
-815
-955
-815
-822
-1154
-2197
-3262
-3799
-3881
-3715
-2617
-1448
-1262
-1689
-2413
-2909
-2577
-1852
-906
393
1319
1458
1320
1251
1568
2084
2518
2593
2985
3367
3378
3689
3666
3551
3086
2421
1723
1788
1893
2224
2179
1623
858
224
-325
-422
-255
-310
-249
-635
-909
-774
-307
10
141
-87
-113
-130
107
699
1415
2080
2289
2401
3010
3872
4317
4550
4257
3424
2724
2441
2623
4023
5495
5131
3719
1745
-331
-1715
-2357
-2615
-2179
-2130
-3213
-4424
-5218
-5681
-5940
-6417
-6967
-6941
-6606
-6379
-5589
-4292
-3140
-2597
-2750
-2967
-2559
-1635
-410
1168
2460
3113
3198
2832
2476
2756
3092
3090
2843
2442
2145
1963
1640
1233
600
-637
-2052
-2952
-3247
-3046
-2507
-2388
-2968
-3705
-4477
-5102
-4783
-3854
-2998
-2282
-1963
-1920
-1642
-1173
-663
106
881
1475
2057
2580
3187
3807
4035
3845
3601
3389
3198
3410
3698
3751
3657
3271
2589
1957
1552
1249
963
559
90
-65
-167
-184
-132
-245
-345
-554
-861
-955
-611
68
755
1020
1197
1321
1207
1004
1239
1656
2009
2645
3674
4640
5067
5038
4383
3445
2469
1854
2052
3382
4638
4715
3838
2267
406
-1162
-2466
-3195
-3005
-3073
-3672
-4072
-4248
-4541
-4896
-5572
-6412
-6837
-6927
-6822
-5921
-4377
-2932
-1906
-1535
-1596
-1662
-1500
-991
60
1274
2211
2830
3199
3392
3561
3545
3114
2410
1510
710
332
304
541
676
130
-1024
-2389
-3793
-4552
-4838
-4834
-4498
-4057
-4042
-3888
-3654
-3720
-3394
-3217
-3155
-2681
-1929
-1073
82
1088
1734
2400
2679
2590
2745
2965
3199
3503
3638
3799
4025
3934
3651
3207
2516
1816
1372
1117
1115
1138
752
273
-119
-432
-573
-660
-587
-381
-341
-261
-25
271
665
1078
1401
1703
1888
2052
2102
2216
2321
2473
2751
3272
4147
4920
5128
4956
4390
3417
2456
1790
1678
2535
3392
3346
3036
2279
1035
-320
-1753
-3146
-3780
-4225
-4839
-4811
-4328
-4013
-4012
-4424
-4998
-5424
-5908
-6295
-5986
-5011
-3811
-2533
-1498
-632
86
377
420
692
973
1072
1297
1609
2115
2814
3296
3334
3071
2456
1498
336
-714
-1329
-1436
-1526
-1878
-2185
-2438
-2904
-3624
-4224
-4658
-4773
-4887
-4971
-4563
-3784
-3117
-2584
-2089
-1727
-1364
-997
-619
42
879
1585
2250
2875
3250
3434
3570
3577
3465
3468
3345
2941
2581
2285
1919
1672
1503
1325
1027
521
163
-413
-806
-956
-1100
-975
-695
-498
-82
351
468
823
1053
1219
1471
1872
2044
2367
2504
2567
2892
3186
3700
4638
5367
5483
5027
4284
3630
2956
2553
2359
2908
3282
2961
2439
1911
1068
-164
-1508
-2966
-3930
-4710
-5608
-5822
-5472
-5223
-4936
-4806
-4888
-4851
-5002
-5459
-5286
-4434
-3433
-2362
-1067
101
1346
2243
2700
3207
3426
3109
2627
2479
2264
2390
2634
2556
2281
1839
951
-15
-1073
-2168
-3105
-3816
-4741
-5288
-5294
-5197
-4954
-4522
-4186
-4076
-3958
-4119
-3938
-3293
-2485
-1610
-518
483
1262
2058
2477
2751
3070
3027
2845
2809
2687
2464
2420
2069
1645
1320
862
402
36
-327
-859
-1445
-1863
-2020
-1924
-1565
-968
-310
116
428
580
666
999
1531
2052
2520
2968
3261
3512
3698
3840
4011
3969
3692
3241
2670
2027
1649
1431
1575
2393
3316
3585
3538
3075
2102
1010
124
-131
463
1370
1548
1584
1475
938
-4
-1022
-2031
-2589
-3147
-4051
-4464
-4286
-3918
-3513
-3021
-2618
-2375
-2540
-2993
-3065
-2544
-2121
-1843
-1490
-833
1
942
1794
2592
2891
2278
1322
605
128
-21
-162
-391
-502
-605
-856
-1043
-1219
-1628
-2181
-2960
-3812
-4374
-4370
-4013
-3660
-3216
-2644
-2048
-1533
-1103
-610
-241
-234
-377
-299
-59
401
911
1293
1661
1793
1606
1491
1480
1347
1058
585
-130
-663
-850
-843
-588
-171
99
223
222
210
372
498
521
561
561
673
962
1410
1989
2505
2756
2830
2941
3010
2877
2603
2177
1831
1531
1466
1606
2035
2367
2417
2121
1914
2131
2682
3075
3370
3391
2947
2186
1420
1204
1517
2114
2092
1805
1282
683
-161
-1182
-2286
-3233
-4073
-4945
-5228
-4798
-4028
-3468
-3287
-3289
-3421
-3507
-3356
-2760
-1827
-1082
-652
-484
-252
369
1253
2007
2480
2564
2145
1453
834
318
-44
-477
-1064
-1554
-1772
-1739
-1736
-1988
-2520
-3251
-3857
-4188
-4042
-3543
-2933
-2665
-2569
-2391
-1913
-1190
-487
231
747
964
983
1062
1280
1446
1351
1082
747
554
479
531
746
862
631
211
-287
-669
-892
-1017
-932
-913
-820
-627
-347
149
725
1153
1470
1571
1498
1501
1582
1759
1889
2063
2167
2369
2595
2822
2900
2819
2594
2132
1733
1400
1318
1212
1338
1515
1728
2128
2671
3383
3740
4059
3808
3287
2777
2389
2224
2116
2102
1727
1239
573
148
-377
-855
-1615
-2609
-3597
-4546
-4989
-5064
-4784
-4272
-3891
-3689
-3419
-3093
-2591
-1963
-1366
-789
-399
-194
45
436
937
1253
1446
1475
1391
1288
1111
722
241
-474
-1225
-1924
-2310
-2559
-2726
-2908
-3212
-3595
-3862
-3877
-3737
-3450
-2985
-2521
-2069
-1652
-1276
-800
-431
-149
208
588
936
1312
1618
1770
1713
1487
1134
763
520
318
221
145
46
-84
-243
-398
-543
-644
-705
-693
-643
-474
-297
-127
69
277
539
902
1314
1697
2033
2289
2328
2295
2299
2277
2373
2489
2638
2704
2649
2514
2382
2242
2018
1840
1667
1525
1649
1962
2551
3212
3534
3576
3203
2719
2193
1905
1798
1829
1740
1363
849
128
-491
-1010
-1429
-1895
-2482
-3044
-3608
-4009
-4109
-3936
-3605
-3297
-2941
-2587
-2279
-1781
-1252
-861
-440
-159
-14
194
450
763
1005
1100
1071
897
651
406
87
-345
-767
-1106
-1513
-2095
-2585
-2905
-3222
-3504
-3541
-3472
-3420
-3305
-3149
-2899
-2526
-2139
-1781
-1291
-837
-397
-15
217
357
561
810
919
993
1098
1109
984
791
521
378
243
93
-100
-154
-107
-223
-330
-441
-466
-488
-471
-231
128
474
681
816
852
836
981
1298
1719
2226
2557
2592
2503
2453
2347
2371
2488
2446
2350
2189
2029
1876
1843
1796
1712
1586
1568
1702
1905
2402
2732
2932
2805
2434
2086
1839
1691
1590
1480
1205
744
98
-290
-749
-1112
-1542
-1985
-2363
-2813
-3051
-3200
-3229
-3068
-3056
-3070
-2782
-2527
-2158
-1562
-1010
-555
-204
-22
156
362
441
493
535
525
452
431
517
419
179
-216
-658
-1101
-1506
-1945
-2222
-2532
-2964
-3305
-3470
-3392
-3205
-2919
-2688
-2414
-2134
-1716
-1291
-872
-493
-291
-271
-248
-42
184
403
640
792
765
724
671
695
846
966
841
697
428
37
-128
-234
-330
-401
-440
-333
-181
92
448
750
909
944
936
1062
1380
1724
2017
2105
2079
1984
1994
2152
2421
2605
2629
2509
2308
2129
1941
1834
1598
1379
1169
1074
1163
1412
1709
2029
2192
2110
1962
1657
1533
1395
1328
1231
1005
723
342
-89
-491
-890
-1218
-1493
-1929
-2232
-2473
-2703
-2881
-2951
-2845
-2678
-2546
-2334
-2082
-1704
-1414
-1211
-901
-595
-452
-308
-143
29
176
281
341
449
545
492
337
24
-240
-599
-972
-1279
-1576
-1934
-2186
-2389
-2613
-2653
-2617
-2601
-2707
-2625
-2402
-2121
-1743
-1323
-962
-664
-371
-215
-11
296
613
724
629
499
371
308
373
611
840
996
1019
883
773
666
543
290
77
-14
-53
31
220
477
646
743
761
862
1188
1584
1935
2118
2186
2229
2194
2244
2332
2427
2494
2505
2371
2282
2103
1932
1722
1415
1205
1049
950
913
1028
1158
1162
1159
1037
903
857
763
745
751
729
653
471
327
165
-74
-218
-404
-651
-877
-1204
-1488
-1711
-2051
-2237
-2299
-2361
-2314
-2144
-2002
-1932
-1848
-1806
-1600
-1307
-1070
-928
-771
-633
-587
-498
-302
-160
-47
-42
-145
-242
-356
-553
-673
-941
-1181
-1385
-1683
-1868
-1902
-1823
-1816
-1820
-1897
-2003
-2034
-1943
-1740
-1459
-1342
-1210
-1108
-988
-643
-314
59
331
377
293
151
220
390
436
565
703
754
813
809
879
839
669
482
409
496
585
737
852
940
1009
1131
1321
1611
1892
2094
2201
2239
2222
2196
2297
2384
2483
2517
2495
2407
2262
2065
1912
1766
1499
1220
1042
913
860
921
1003
1023
983
862
703
550
457
351
282
386
377
279
169
32
-12
-40
-153
-225
-375
-523
-746
-1083
-1383
-1662
-1909
-2057
-2118
-2119
-2095
-2096
-2085
-2024
-1905
-1819
-1610
-1481
-1331
-1270
-1133
-925
-833
-709
-589
-561
-621
-649
-635
-645
-700
-731
-866
-1010
-1154
-1274
-1321
-1381
-1326
-1335
-1435
-1520
-1530
-1452
-1262
-1087
-1029
-986
-1029
-1068
-1059
-919
-702
-549
-426
-296
-154
3
168
338
467
593
647
783
859
849
932
910
794
715
772
877
1024
1191
1310
1369
1448
1540
1677
1867
1959
2008
2020
2056
2091
2110
2092
2098
2217
2223
2069
1973
1910
1770
1564
1415
1334
1264
1209
1225
1187
1115
976
882
846
706
659
526
307
178
84
144
107
44
-30
-200
-310
-412
-554
-636
-601
-682
-787
-878
-1037
-1212
-1355
-1446
-1571
-1681
-1711
-1739
-1712
-1546
-1444
-1361
-1341
-1388
-1458
-1416
-1299
-1190
-1055
-979
-1091
-1214
-1216
-1208
-1138
-1090
-1058
-1093
-1194
-1235
-1268
-1328
-1357
-1329
-1265
-1228
-1231
-1214
-1185
-1159
-1095
-960
-838
-721
-575
-449
-372
-319
-322
-339
-337
-288
-141
45
173
281
355
431
530
662
749
720
809
775
642
728
819
944
1142
1318
1503
1621
1769
1834
1852
1954
1968
1965
2006
2084
2142
2150
2108
2046
2046
2050
1983
1938
1856
1728
1576
1439
1339
1371
1336
1286
1186
1034
986
855
703
568
503
431
270
130
8
-104
-129
-165
-269
-388
-489
-562
-621
-715
-778
-861
-1000
-1176
-1243
-1267
-1306
-1287
-1406
-1558
-1693
-1819
-1853
-1752
-1680
-1722
-1751
-1676
-1668
-1615
-1502
-1463
-1453
-1513
-1553
-1588
-1494
-1412
-1217
-997
-885
-793
-751
-728
-717
-668
-638
-604
-609
-595
-548
-468
-425
-429
-499
-535
-582
-623
-618
-626
-616
-609
-582
-570
-496
-405
-311
-134
-43
50
122
160
261
365
509
607
699
818
964
1136
1397
1605
1839
2046
2202
2310
2279
2164
2165
2136
2035
2027
2022
2006
2017
2032
2033
1954
1807
1709
1689
1613
1499
1438
1350
1193
1100
1084
1148
1211
1201
1156
1005
803
505
214
38
-100
-222
-256
-410
-526
-579
-677
-725
-857
-1039
-1142
-1221
-1281
-1322
-1467
-1620
-1752
-1833
-1840
-1802
-1720
-1710
-1689
-1640
-1676
-1652
-1603
-1586
-1543
-1447
-1384
-1318
-1202
-1128
-1080
-988
-955
-992
-1051
-1090
-996
-851
-761
-685
-621
-608
-571
-525
-459
-356
-334
-385
-472
-516
-569
-535
-488
-464
-364
-314
-332
-338
-405
-440
-438
-466
-468
-414
-163
124
303
442
464
468
472
551
747
983
1165
1290
1355
1509
1611
1687
1882
2015
2125
2216
2278
2353
2346
2355
2339
2279
2236
2089
1990
1988
1930
1784
1646
1535
1406
1372
1332
1254
1187
1085
926
782
637
502
403
317
269
257
150
-19
-186
-404
-594
-772
-984
-1189
-1363
-1425
-1376
-1368
-1397
-1442
-1476
-1492
-1466
-1423
-1523
-1612
-1655
-1727
-1717
-1675
-1630
-1566
-1512
-1420
-1307
-1262
-1275
-1261
-1197
-1162
-1146
-1151
-1130
-1023
-931
-908
-921
-951
-975
-981
-891
-823
-703
-611
-560
-505
-484
-409
-351
-301
-218
-143
-152
-148
-197
-247
-212
-238
-185
-121
-17
72
60
13
-64
-109
-83
-11
85
231
388
576
691
846
992
1132
1308
1392
1469
1589
1690
1791
1866
1964
2059
2181
2316
2446
2559
2565
2487
2351
2234
2117
2008
1855
1689
1498
1377
1326
1247
1113
1009
847
712
604
457
310
247
147
1
-14
-86
-140
-234
-350
-494
-585
-648
-827
-989
-1082
-1149
-1251
-1351
-1385
-1431
-1398
-1404
-1410
-1411
-1425
-1435
-1482
-1538
-1547
-1579
-1610
-1588
-1553
-1557
-1519
-1390
-1277
-1241
-1170
-1105
-1108
-1045
-1030
-1011
-968
-1014
-1073
-1069
-1023
-926
-827
-722
-684
-605
-541
-465
-383
-399
-351
-281
-230
-167
-52
43
116
99
116
188
161
167
204
200
230
235
221
218
185
199
185
234
299
368
477
577
651
772
884
986
1154
1347
1468
1633
1738
1805
1917
1976
2041
2116
2262
2314
2266
2227
2201
2099
1966
1875
1729
1604
1495
1348
1158
974
753
505
377
269
172
107
88
-11
-106
-201
-322
-354
-408
-455
-482
-512
-559
-623
-633
-666
-740
-789
-840
-930
-991
-962
-1015
-1099
-1136
-1259
-1282
-1280
-1331
-1343
-1354
-1380
-1456
-1501
-1490
-1482
-1413
-1362
-1338
-1321
-1242
-1138
-1137
-1165
-1145
-1098
-1056
-1004
-909
-831
-735
-672
-617
-584
-518
-459
-444
-333
-250
-178
-153
-139
-115
-77
15
74
146
261
280
338
357
369
361
336
348
349
375
437
506
503
463
479
478
504
533
600
669
670
757
765
786
913
1028
1148
1302
1404
1423
1435
1498
1496
1474
1507
1542
1531
1537
1543
1542
1492
1390
1255
1079
1006
933
765
616
478
322
190
66
-58
-156
-208
-216
-256
-273
-270
-310
-289
-314
-389
-400
-410
-456
-463
-425
-434
-479
-476
-577
-619
-606
-606
-691
-711
-750
-865
-885
-959
-998
-1073
-1108
-1170
-1171
-1174
-1220
-1191
-1168
-1128
-1105
-1060
-974
-979
-987
-929
-887
-842
-792
-740
-649
-566
-532
-512
-506
-520
-486
-429
-400
-342
-285
-242
-209
-171
-62
13
53
123
180
191
220
216
230
271
293
348
416
492
569
619
662
643
572
560
614
613
588
610
578
565
531
547
600
687
813
913
980
1031
1112
1144
1162
1169
1112
1087
1130
1171
1202
1224
1215
1163
1050
913
857
816
695
552
455
369
274
195
105
-4
-96
-164
-196
-227
-242
-265
-239
-232
-267
-296
-367
-393
-381
-364
-333
-308
-299
-347
-399
-441
-498
-574
-661
-761
-767
-788
-839
-864
-931
-983
-1013
-997
-983
-977
-974
-933
-963
-1023
-1036
-1049
-953
-857
-767
-724
-657
-564
-584
-580
-537
-488
-469
-460
-445
-402
-342
-303
-279
-218
-180
-135
-132
-84
8
42
65
77
34
15
36
57
96
151
210
254
295
344
346
366
410
384
354
366
397
392
369
366
420
451
473
571
677
789
896
949
960
969
969
968
1002
1059
1121
1132
1089
1090
1135
1161
1138
1049
949
856
792
786
736
651
598
520
421
347
320
278
262
205
156
129
32
-59
-137
-182
-203
-213
-208
-180
-140
-189
-255
-340
-422
-484
-532
-601
-624
-675
-777
-841
-910
-994
-1027
-1049
-1043
-1032
-1020
-1026
-1018
-1026
-1020
-1020
-998
-953
-939
-864
-792
-799
-780
-751
-778
-766
-688
-640
-594
-544
-506
-510
-522
-472
-486
-431
-373
-293
-259
-286
-233
-199
-172
-117
-94
-118
-68
-71
-43
28
59
63
70
112
153
248
297
338
328
331
323
331
371
419
497
524
580
626
699
753
852
929
955
1018
1130
1191
1219
1321
1336
1336
1326
1272
1269
1253
1247
1274
1260
1181
1071
1008
962
842
768
759
734
680
605
512
394
305
242
201
211
213
187
119
83
38
-8
-88
-127
-185
-267
-344
-456
-508
-594
-648
-697
-703
-704
-777
-809
-887
-938
-1039
-1117
-1142
-1150
-1147
-1127
-1100
-1093
-1115
-1121
-1066
-1030
-1013
-1003
-1008
-946
-906
-899
-864
-839
-853
-866
-822
-756
-730
-674
-592
-591
-588
-580
-594
-564
-508
-473
-460
-451
-424
-372
-347
-321
-314
-292
-249
-168
-76
-28
56
19
5
49
89
157
256
374
482
556
601
644
645
675
754
834
912
984
1066
1186
1260
1296
1337
1401
1377
1366
1379
1453
1504
1499
1412
1329
1345
1283
1197
1217
1201
1156
1071
988
978
939
901
853
757
664
598
577
548
493
456
376
258
135
55
-30
-57
-78
-139
-213
-307
-391
-489
-548
-607
-665
-743
-809
-848
-907
-935
-970
-1035
-1091
-1125
-1159
-1133
-1121
-1167
-1150
-1144
-1148
-1130
-1110
-1060
-1011
-944
-959
-1054
-1038
-1078
-1104
-1098
-1081
-993
-968
-927
-890
-864
-773
-749
-771
-754
-700
-647
-653
-640
-626
-630
-642
-570
-449
-360
-311
-210
-191
-177
-155
-130
-74
-17
9
46
175
268
322
372
503
586
567
620
711
872
984
1058
1174
1214
1235
1293
1351
1366
1439
1511
1562
1552
1570
1585
1576
1508
1415
1377
1320
1330
1266
1198
1192
1165
1128
1064
1026
962
884
807
684
609
565
464
366
348
315
299
260
162
44
-37
-63
-135
-227
-283
-378
-458
-527
-651
-700
-739
-826
-845
-873
-902
-950
-993
-1016
-1021
-1027
-1089
-1138
-1134
-1090
-1069
-1074
-1052
-1025
-1044
-1023
-1010
-936
-904
-951
-963
-969
-954
-953
-910
-863
-812
-771
-746
-722
-719
-694
-695
-652
-612
-630
-585
-583
-588
-547
-539
-524
-461
-374
-289
-218
-162
-83
-81
-30
-21
21
58
117
226
357
454
555
630
638
676
714
752
798
899
976
1052
1181
1207
1215
1237
1283
1344
1348
1367
1378
1375
1434
1428
1358
1333
1300
1197
1133
1084
1012
974
963
924
895
851
796
701
643
569
503
442
387
303
258
255
154
45
-69
-144
-219
-266
-305
-339
-394
-408
-462
-527
-605
-686
-752
-829
-872
-904
-900
-929
-944
-941
-969
-997
-1024
-1092
-1087
-1063
-1052
-1027
-1000
-944
-921
-926
-903
-902
-895
-936
-950
-925
-880
-890
-872
-809
-797
-716
-689
-666
-651
-609
-608
-579
-523
-483
-479
-448
-432
-425
-394
-375
-321
-281
-183
-129
-14
92
143
195
199
227
248
255
324
442
516
614
717
795
851
859
877
883
981
1080
1128
1179
1262
1276
1259
1284
1273
1287
1248
1234
1274
1344
1334
1294
1261
1204
1153
1083
992
948
907
898
889
849
807
711
626
536
423
353
306
281
184
119
117
80
8
-50
-106
-149
-199
-271
-356
-409
-483
-525
-539
-555
-604
-687
-733
-787
-870
-923
-1013
-1060
-1058
-1076
-1062
-1075
-1047
-1089
-1159
-1135
-1160
-1157
-1120
-1100
-1065
-1035
-1067
-1048
-1015
-1006
-997
-966
-903
-889
-847
-818
-774
-744
-784
-777
-752
-686
-615
-592
-562
-529
-504
-450
-393
-382
-306
-215
-233
-177
-77
25
94
158
227
254
338
394
483
562
588
672
784
797
835
920
926
952
1022
1098
1163
1162
1161
1203
1219
1241
1294
1339
1365
1353
1312
1277
1293
1293
1269
1259
1243
1193
1137
1128
1110
1037
952
870
756
688
613
592
525
457
400
347
291
190
119
70
50
-10
-61
-112
-139
-195
-269
-369
-449
-510
-552
-555
-569
-566
-610
-685
-746
-780
-884
-963
-1016
-1020
-999
-1036
-1050
-1019
-1043
-1055
-1089
-1115
-1115
-1144
-1143
-1158
-1114
-1089
-1046
-947
-907
-918
-926
-890
-864
-874
-924
-924
-861
-857
-809
-728
-673
-607
-605
-645
-635
-584
-532
-495
-415
-331
-230
-173
-97
-85
-66
0
41
136
249
355
482
574
583
658
690
680
721
773
848
947
1056
1109
1154
1183
1200
1244
1232
1208
1192
1221
1233
1271
1348
1372
1358
1335
1324
1253
1183
1143
1108
1080
1026
993
988
952
884
819
718
656
607
501
482
454
393
301
217
106
-1
-69
-114
-144
-202
-261
-307
-362
-421
-460
-521
-555
-594
-652
-708
-739
-758
-875
-918
-932
-986
-1031
-1015
-1003
-1019
-1037
-1035
-1035
-1065
-1080
-1026
-952
-985
-979
-930
-938
-921
-844
-825
-866
-838
-791
-788
-800
-788
-786
-788
-757
-730
-674
-619
-570
-588
-588
-572
-580
-565
-515
-414
-339
-232
-182
-111
-58
-24
22
54
120
166
216
285
381
464
526
582
620
664
717
720
770
815
844
878
918
955
974
1026
1098
1111
1126
1132
1123
1190
1206
1187
1193
1213
1212
1209
1230
1195
1120
1061
1058
1005
961
930
915
870
767
680
639
566
498
410
312
280
181
73
39
29
-13
-102
-185
-211
-275
-382
-423
-440
-495
-536
-539
-554
-582
-616
-657
-762
-821
-905
-975
-939
-932
-934
-932
-949
-1039
-1041
-1026
-1028
-964
-924
-858
-840
-853
-847
-814
-768
-765
-746
-744
-743
-752
-746
-736
-710
-629
-640
-601
-559
-525
-494
-518
-503
-500
-462
-421
-380
-309
-236
-210
-162
-112
-124
-44
39
30
66
130
200
271
339
415
443
457
504
513
527
540
558
654
709
722
752
769
797
818
881
925
953
981
976
948
960
1029
1049
1090
1116
1109
1113
1071
1042
993
925
901
861
797
742
686
649
618
576
555
519
441
362
260
190
92
-16
-33
-126
-189
-227
-290
-338
-361
-394
-402
-412
-465
-502
-563
-618
-712
-763
-815
-854
-836
-824
-814
-829
-823
-830
-872
-880
-898
-928
-914
-852
-841
-763
-706
-690
-686
-701
-679
-652
-609
-593
-586
-588
-535
-500
-472
-453
-421
-389
-401
-352
-331
-330
-323
-326
-282
-236
-206
-110
-79
-103
-46
16
11
33
82
132
146
216
284
343
382
400
436
415
456
495
554
605
614
637
654
652
706
702
664
672
715
777
762
785
848
886
911
912
895
895
829
810
801
742
776
766
700
689
682
659
622
558
466
402
404
391
312
246
190
107
59
2
-22
-89
-188
-237
-287
-316
-338
-348
-351
-365
-403
-443
-477
-562
-671
-689
-686
-729
-709
-635
-634
-635
-599
-591
-685
-763
-787
-778
-725
-715
-684
-628
-595
-604
-595
-566
-560
-580
-572
-574
-563
-547
-548
-502
-460
-435
-409
-383
-375
-391
-418
-401
-346
-338
-325
-281
-225
-202
-180
-141
-146
-148
-131
-99
-25
37
118
163
180
225
256
292
303
347
400
431
501
549
543
584
624
624
648
648
635
640
655
680
666
694
741
741
758
819
830
828
794
758
758
765
747
686
632
601
603
593
564
583
577
493
476
468
436
342
285
267
206
167
153
124
58
-29
-142
-208
-235
-288
-284
-271
-287
-280
-296
-338
-381
-439
-512
-551
-565
-577
-597
-529
-510
-510
-479
-489
-539
-613
-658
-654
-644
-610
-576
-581
-565
-553
-528
-567
-597
-608
-659
-644
-579
-542
-513
-478
-442
-432
-446
-469
-493
-500
-503
-476
-410
-379
-329
-285
-272
-274
-211
-198
-214
-174
-119
-37
-27
-11
28
79
123
136
172
215
234
222
237
306
365
444
501
519
511
501
523
534
514
525
608
658
705
715
742
729
683
702
681
658
673
659
692
684
617
576
517
477
463
474
524
525
493
447
391
354
329
273
239
221
158
139
116
72
53
32
11
-14
-14
-19
-70
-90
-102
-97
-152
-186
-234
-260
-259
-263
-300
-341
-345
-422
-417
-383
-375
-376
-381
-373
-376
-397
-437
-436
-465
-495
-504
-482
-481
-493
-503
-508
-512
-545
-514
-481
-480
-486
-443
-439
-493
-542
-561
-615
-552
-542
-506
-430
-385
-367
-354
-321
-313
-291
-304
-281
-233
-220
-146
-115
-59
2
31
97
131
161
188
260
276
275
287
310
356
441
496
515
527
529
497
502
527
556
608
615
618
624
605
588
559
555
551
601
642
618
598
601
563
489
482
513
515
487
512
462
388
341
290
244
231
236
245
246
233
201
121
35
-53
-115
-92
-66
-84
-95
-133
-158
-199
-272
-325
-329
-318
-297
-266
-227
-236
-296
-347
-347
-354
-377
-382
-358
-369
-405
-414
-455
-495
-473
-473
-478
-474
-454
-461
-475
-483
-495
-504
-508
-526
-498
-486
-490
-478
-490
-513
-502
-492
-504
-473
-430
-399
-408
-364
-298
-283
-260
-209
-223
-221
-184
-113
-77
-25
10
54
95
105
114
130
180
188
202
225
309
351
354
403
430
448
484
554
603
603
594
616
628
590
566
568
611
664
687
671
661
637
593
539
518
560
549
612
615
575
540
456
406
391
384
364
387
342
304
277
205
148
82
68
92
71
94
129
95
-2
-69
-88
-120
-181
-218
-212
-201
-216
-228
-222
-254
-332
-391
-367
-380
-384
-386
-396
-354
-423
-464
-480
-506
-484
-493
-541
-548
-559
-579
-539
-536
-559
-590
-573
-566
-551
-558
-542
-510
-541
-547
-520
-516
-503
-478
-457
-462
-431
-389
-332
-331
-294
-289
-260
-209
-180
-115
-72
-53
-66
-11
50
98
102
127
169
182
209
242
254
271
310
337
399
463
437
446
481
495
522
527
510
525
541
545
590
607
637
638
631
581
592
607
564
568
579
578
603
594
556
522
437
386
329
298
295
296
335
315
292
267
183
148
101
89
79
40
57
20
-34
-81
-123
-159
-180
-231
-205
-188
-187
-220
-259
-294
-330
-346
-395
-383
-397
-440
-422
-409
-453
-442
-445
-473
-497
-506
-463
-460
-504
-526
-518
-515
-523
-506
-482
-458
-456
-456
-476
-462
-448
-448
-430
-391
-338
-332
-320
-317
-303
-276
-271
-261
-254
-253
-175
-128
-117
-52
-11
30
41
28
83
103
111
121
127
193
248
230
287
323
349
378
445
499
498
491
463
433
424
455
472
523
604
653
662
659
644
577
514
512
493
491
508
554
523
519
508
444
425
429
401
389
369
321
285
254
208
173
149
144
94
68
56
-45
-76
-102
-125
-129
-119
-130
-166
-206
-266
-316
-352
-366
-408
-440
-463
-425
-439
-501
-502
-529
-530
-521
-520
-505
-488
-461
-470
-492
-494
-544
-535
-490
-475
-450
-440
-439
-435
-446
-435
-414
-399
-371
-355
-342
-332
-288
-266
-225
-190
-215
-214
-200
-203
-162
-103
-68
-35
-23
33
71
69
96
111
108
121
170
211
229
276
261
271
284
306
335
370
397
405
404
390
397
424
476
488
496
522
539
518
521
529
548
507
464
464
481
488
494
540
543
500
477
437
381
334
280
252
245
242
232
269
275
231
205
176
127
67
29
2
-30
-52
-30
-51
-48
-92
-116
-114
-176
-230
-238
-272
-308
-294
-283
-280
-285
-323
-371
-390
-437
-445
-473
-478
-489
-498
-521
-553
-594
-585
-527
-519
-506
-544
-548
-508
-484
-466
-477
-458
-430
-396
-375
-372
-392
-409
-418
-420
-385
-335
-260
-201
-215
-161
-123
-130
-134
-106
-86
-37
52
49
66
83
80
107
139
221
260
295
299
309
322
329
367
347
362
404
434
466
478
457
404
405
441
439
478
535
567
527
526
506
443
411
380
405
435
454
487
486
440
423
383
342
317
261
259
245
268
275
239
203
165
121
85
63
55
26
-15
-44
-101
-123
-97
-99
-143
-152
-145
-161
-197
-212
-237
-266
-261
-246
-223
-243
-291
-299
-317
-344
-397
-429
-374
-391
-389
-391
-367
-389
-429
-436
-427
-397
-388
-358
-369
-389
-393
-392
-397
-385
-360
-375
-354
-316
-282
-223
-229
-247
-258
-236
-180
-147
-103
-98
-69
-73
-105
-110
-76
-62
-67
-15
77
129
147
164
177
161
167
173
166
207
291
317
318
313
288
273
284
290
288
325
349
372
387
408
367
336
337
328
349
396
427
394
350
339
366
310
300
311
316
280
241
229
193
167
140
168
184
178
150
160
152
141
93
47
38
-2
-41
-57
-62
-50
-35
-38
-57
-56
-44
-104
-144
-174
-201
-257
-271
-211
-212
-239
-207
-244
-299
-295
-302
-299
-320
-317
-331
-309
-312
-331
-337
-327
-316
-347
-363
-334
-327
-288
-263
-270
-216
-201
-216
-227
-213
-238
-258
-257
-258
-207
-179
-150
-113
-74
-72
-111
-123
-143
-141
-107
-50
-13
17
31
55
101
94
132
96
124
148
139
178
178
211
217
224
269
289
312
318
319
335
366
304
274
323
333
335
367
389
355
341
333
330
286
270
264
274
278
293
305
252
233
191
184
206
201
206
214
192
164
129
51
9
-12
-44
-69
-54
-40
-43
-65
-74
-122
-151
-154
-168
-185
-163
-142
-184
-250
-251
-240
-273
-304
-289
-230
-226
-241
-235
-226
-268
-281
-260
-238
-248
-225
-228
-264
-259
-245
-217
-239
-232
-214
-195
-169
-161
-181
-187
-192
-194
-194
-169
-143
-147
-107
-106
-137
-151
-140
-124
-87
-49
-34
-3
-1
-17
-1
27
52
78
85
100
111
84
72
63
85
122
161
213
283
314
329
315
306
293
284
307
309
297
291
287
292
268
260
265
274
326
331
312
323
298
272
250
239
258
239
220
206
169
125
113
82
59
25
35
26
-10
-13
-11
2
-10
-47
-70
-84
-69
-97
-159
-163
-165
-175
-138
-129
-142
-163
-154
-192
-251
-257
-273
-236
-230
-229
-215
-192
-218
-237
-262
-252
-247
-238
-227
-250
-255
-261
-291
-289
-262
-287
-247
-257
-275
-269
-257
-237
-235
-198
-196
-175
-144
-165
-172
-180
-171
-169
-147
-86
-45
-20
3
7
29
31
6
29
50
86
115
117
124
132
133
161
211
235
288
286
280
283
261
265
290
301
294
324
384
349
324
338
368
363
320
327
323
310
288
303
309
287
258
238
225
218
207
192
163
144
142
137
128
99
110
74
61
99
75
65
71
53
28
12
-11
-52
-58
-98
-136
-145
-138
-145
-118
-93
-98
-117
-156
-222
-244
-268
-265
-247
-240
-220
-242
-299
-293
-281
-326
-328
-304
-321
-297
-261
-269
-273
-267
-309
-330
-311
-302
-257
-234
-217
-211
-212
-226
-230
-196
-161
-148
-166
-155
-172
-178
-201
-198
-162
-144
-103
-63
-33
-8
25
18
-14
11
59
65
80
111
118
112
119
137
145
180
249
252
259
277
247
243
256
260
322
340
360
398
368
364
336
292
273
239
253
268
265
285
297
297
290
272
237
195
189
198
230
239
232
215
171
155
97
57
57
74
83
57
42
62
59
36
35
-7
-32
-65
-77
-79
-89
-98
-110
-135
-176
-184
-214
-186
-197
-250
-251
-247
-250
-263
-229
-233
-230
-231
-266
-285
-289
-282
-314
-327
-278
-244
-252
-249
-240
-250
-247
-240
-220
-232
-217
-198
-180
-165
-195
-192
-161
-153
-146
-146
-124
-107
-114
-101
-80
-52
-47
-51
-51
-29
14
49
75
81
94
117
84
73
91
119
150
160
178
207
204
188
164
155
173
209
263
261
242
223
202
181
164
154
196
219
219
216
205
226
197
172
165
169
205
202
178
180
184
167
155
168
144
132
141
144
166
158
128
85
69
70
86
84
101
87
45
26
1
-1
-29
-21
-34
-52
-37
-61
-95
-109
-138
-106
-83
-96
-99
-109
-138
-174
-181
-191
-182
-183
-193
-178
-175
-187
-198
-233
-248
-279
-250
-231
-194
-161
-163
-160
-197
-238
-250
-232
-207
-177
-149
-152
-156
-167
-176
-164
-146
-114
-110
-84
-74
-73
-67
-65
-59
-42
-18
-21
5
34
52
52
39
46
36
60
97
120
137
135
120
117
123
172
175
154
147
177
211
180
166
169
154
136
158
170
179
215
206
173
168
153
137
88
81
93
112
135
167
169
170
133
112
102
81
81
68
60
59
46
51
39
7
19
0
-34
-33
-34
-53
-51
-15
-33
-42
-4
-17
-48
-60
-73
-112
-148
-150
-154
-185
-183
-146
-114
-101
-107
-113
-107
-119
-129
-146
-145
-166
-189
-155
-139
-133
-160
-168
-157
-160
-141
-145
-109
-77
-47
-45
-52
-38
-65
-92
-76
-80
-43
-19
-13
-6
-19
-14
-21
-14
12
46
48
50
73
73
66
72
51
59
73
51
38
88
73
45
62
88
123
147
158
168
158
111
104
78
91
119
111
161
156
139
116
88
102
99
102
104
110
126
101
107
107
95
68
68
83
100
112
109
119
97
89
46
46
106
112
87
53
44
9
-19
-27
-38
-55
-33
-45
-47
-43
-58
-75
-77
-96
-110
-102
-102
-115
-120
-109
-129
-117
-99
-129
-156
-126
-133
-153
-135
-121
-112
-119
-131
-120
-118
-149
-174
-153
-156
-140
-145
-134
-119
-100
-90
-84
-69
-84
-96
-115
-119
-109
-103
-97
-43
-23
-13
-15
0
6
16
10
0
9
-1
7
23
31
31
41
63
53
34
48
55
78
90
89
103
120
114
113
118
124
135
140
140
152
165
147
118
144
147
135
136
174
171
156
141
122
111
94
76
97
94
86
97
87
83
65
36
24
27
44
55
19
12
-9
-20
-38
-43
-30
-36
-40
-19
-9
-20
-29
-64
-87
-93
-100
-93
-91
-89
-88
-109
-107
-93
-98
-109
-119
-142
-128
-108
-98
-118
-124
-121
-143
-149
-146
-138
-125
-121
-123
-106
-86
-67
-81
-113
-97
-90
-72
-62
-63
-67
-74
-79
-61
-42
-33
-53
-61
-56
-40
-7
12
25
26
34
39
50
44
48
50
77
81
67
84
94
72
64
80
106
116
141
162
157
161
169
154
127
118
120
138
131
136
153
154
178
181
149
145
156
153
152
141
108
96
105
102
105
90
69
56
51
73
102
96
65
44
16
-8
1
-2
-19
-30
-54
-66
-63
-64
-59
-74
-58
-43
-59
-83
-93
-102
-101
-121
-146
-131
-119
-112
-84
-98
-86
-99
-147
-162
-149
-135
-134
-120
-114
-124
-154
-160
-163
-163
-148
-131
-116
-119
-117
-119
-124
-126
-151
-148
-135
-131
-99
-85
-83
-69
-70
-80
-67
-63
-47
-25
-9
-7
-10
-17
-16
-15
-32
-10
-10
13
22
50
82
74
65
64
65
88
90
104
137
125
130
133
135
146
136
149
153
144
144
137
132
129
128
133
157
164
142
145
137
139
134
116
86
86
99
98
102
109
112
100
108
113
124
110
98
91
92
92
95
88
49
20
13
6
13
25
14
-3
-14
1
-2
-23
-31
-36
-50
-69
-105
-123
-131
-120
-111
-114
-88
-77
-115
-151
-162
-160
-159
-163
-143
-134
-129
-138
-158
-165
-156
-160
-168
-157
-128
-128
-132
-137
-136
-142
-155
-146
-133
-102
-90
-67
-52
-50
-68
-80
-93
-101
-70
-60
-44
-13
-7
-12
-5
-21
-9
-7
-15
9
33
59
34
37
45
51
68
83
92
80
88
87
86
101
103
118
143
145
144
141
149
147
137
135
132
151
143
151
151
135
142
144
126
120
125
114
119
125
125
111
108
105
85
59
53
39
40
41
35
42
45
50
30
23
24
13
-6
-29
-34
-44
-66
-76
-75
-83
-82
-73
-65
-73
-94
-113
-146
-144
-130
-128
-117
-109
-113
-125
-123
-129
-114
-109
-112
-102
-98
-94
-112
-122
-106
-84
-75
-66
-75
-72
-59
-61
-63
-58
-64
-68
-59
-35
-21
-9
8
-5
-14
-15
-3
-7
1
25
38
50
38
29
42
44
36
40
56
68
59
45
50
54
43
46
46
45
49
59
65
67
71
59
46
46
55
51
54
49
45
55
55
64
58
44
48
33
41
55
64
73
71
66
64
62
51
58
48
40
39
43
46
44
50
51
38
45
32
22
1
-17
-3
-2
-5
-20
-6
-1
-29
-33
-25
-38
-65
-66
-69
-77
-91
-100
-99
-105
-97
-113
-119
-102
-112
-109
-85
-61
-68
-70
-83
-98
-104
-101
-87
-89
-89
-79
-77
-84
-87
-87
-76
-59
-47
-29
-19
-5
-5
-3
3
2
-5
2
14
27
39
48
55
43
40
35
39
35
59
76
65
71
85
88
76
66
65
60
57
64
78
81
76
86
84
70
69
78
81
83
97
104
99
85
73
63
61
62
71
66
68
65
42
38
28
30
25
23
33
33
32
26
9
4
-5
-16
-18
-14
-15
-26
-22
-18
-42
-46
-40
-58
-62
-64
-59
-55
-52
-58
-62
-59
-77
-86
-90
-85
-73
-79
-90
-83
-72
-78
-83
-84
-89
-82
-81
-80
-74
-70
-62
-59
-58
-58
-57
-60
-53
-37
-41
-41
-38
-51
-47
-44
-44
-47
-31
-34
-25
-9
-9
4
4
8
14
28
36
34
28
28
32
20
17
28
35
52
55
56
76
77
81
86
90
88
73
77
72
60
70
76
73
78
82
78
74
77
78
76
72
67
69
58
52
52
54
57
53
48
32
20
11
14
14
9
3
4
6
1
1
2
-13
-17
-11
-12
-17
-10
-5
-16
-20
-26
-32
-39
-41
-33
-34
-29
-13
-6
-14
-24
-24
-31
-39
-70
-72
-64
-65
-63
-62
-54
-59
-52
-49
-46
-46
-49
-62
-70
-62
-59
-58
-58
-62
-63
-59
-51
-49
-47
-40
-39
-40
-32
-23
-24
-24
-25
-22
-19
-12
-11
-11
-1
-6
1
9
7
12
15
18
25
26
33
18
28
41
52
51
50
49
41
40
40
50
57
43
44
47
49
53
45
49
55
60
69
72
64
55
52
47
38
32
43
59
51
59
63
61
51
34
27
24
33
34
38
36
31
23
16
8
-1
9
6
14
14
3
2
-17
-38
-39
-36
-28
-19
-8
-3
-13
-23
-34
-43
-40
-47
-47
-43
-39
-37
-50
-38
-40
-49
-56
-64
-64
-60
-54
-52
-63
-65
-65
-63
-54
-46
-48
-53
-51
-52
-53
-58
-55
-55
-40
-30
-19
-3
-4
-12
-24
-35
-37
-32
-23
-25
-25
-12
-6
-6
-11
-7
-1
8
16
12
11
0
-9
-1
2
15
22
24
29
30
24
31
33
34
32
30
34
40
48
41
43
50
54
52
55
51
46
55
59
53
60
69
70
67
55
50
45
32
34
43
40
43
57
66
50
38
31
19
22
28
30
29
27
35
30
19
14
15
4
-1
-5
-8
-7
-14
-11
-15
-26
-30
-34
-32
-34
-32
-26
-26
-36
-44
-53
-59
-54
-57
-63
-66
-64
-62
-64
-59
-57
-56
-55
-60
-53
-51
-52
-48
-48
-34
-27
-31
-34
-30
-27
-31
-32
-27
-17
-15
-16
-17
-18
-18
-10
-1
-3
5
12
10
10
11
11
10
9
10
11
14
21
21
13
12
17
22
12
16
25
30
35
39
44
50
55
36
22
21
22
27
32
30
31
36
37
32
26
19
20
20
25
24
31
31
34
37
35
33
22
20
18
14
2
3
-2
-4
4
5
5
9
0
-4
-13
-7
-4
-13
-6
-4
-11
-6
-9
-22
-21
-28
-35
-47
-37
-25
-23
-21
-20
-16
-19
-17
-14
-21
-29
-21
-26
-34
-34
-32
-27
-25
-17
-17
-16
-15
-10
-11
-15
-7
-7
-14
-18
-16
-14
-12
-8
-5
-5
-14
-13
-17
-14
-7
-17
-13
-3
-3
7
14
7
-1
7
6
1
5
2
7
17
23
20
21
15
4
5
6
21
33
36
32
31
27
22
24
25
26
32
38
40
40
41
36
28
29
24
20
28
31
30
30
30
27
22
24
25
24
22
19
17
11
8
17
13
7
5
0
-6
-8
-2
-5
-5
-11
-18
-19
-21
-17
-12
-16
-20
-22
-22
-21
-27
-29
-33
-36
-39
-37
-35
-40
-48
-40
-41
-41
-46
-42
-42
-50
-45
-47
-45
-46
-40
-38
-34
-35
-34
-30
-32
-31
-29
-28
-29
-28
-29
-27
-19
-19
-27
-23
-10
-7
3
12
7
1
-3
3
3
2
8
11
12
21
30
35
34
36
45
42
38
40
39
39
38
35
35
34
37
44
51
48
47
49
43
45
42
43
50
48
54
45
35
33
28
28
32
30
26
31
23
18
17
21
18
18
18
13
10
11
5
2
1
-4
-2
-2
-3
-2
-3
-9
-6
-8
-14
-15
-16
-24
-34
-29
-25
-25
-27
-22
-26
-30
-36
-39
-38
-38
-35
-39
-33
-31
-34
-34
-36
-37
-36
-39
-44
-39
-35
-30
-25
-26
-24
-28
-37
-34
-32
-33
-26
-28
-27
-25
-19
-19
-18
-21
-13
-6
-12
-13
-1
2
-3
-4
-7
-7
-4
1
0
2
4
16
19
19
23
20
18
18
25
23
20
26
25
25
28
30
29
26
27
28
30
39
34
29
32
34
36
34
40
41
39
42
36
29
29
30
27
21
24
25
22
24
26
29
31
24
22
23
22
18
14
7
3
8
-1
-7
-6
-10
-11
-12
-12
-13
-18
-11
-13
-14
-11
-17
-24
-24
-26
-25
-31
-33
-30
-32
-36
-37
-32
-29
-23
-20
-16
-19
-28
-30
-25
-27
-27
-31
-29
-29
-29
-30
-27
-27
-31
-34
-30
-27
-24
-17
-14
-13
-11
-7
-5
-7
-14
-19
-24
-23
-14
-7
-6
-5
0
7
5
3
8
2
5
8
9
18
20
15
16
21
18
19
14
11
15
24
28
32
33
34
39
36
33
30
30
29
33
35
31
28
28
25
27
31
32
34
31
24
24
30
24
16
11
12
3
1
2
-2
0
-2
-3
0
0
-4
-11
-12
-14
-13
-13
-8
-8
-13
-12
-10
-15
-19
-22
-20
-15
-13
-12
-8
-7
-11
-12
-14
-19
-24
-22
-19
-14
-8
-10
-13
-8
-14
-13
-12
-11
-11
-10
-12
-17
-22
-28
-27
-24
-22
-22
-14
-13
-12
-13
-16
-16
-15
-14
-13
-13
-14
-14
-17
-11
-11
-12
-14
-11
-9
-8
-2
-3
-3
-2
-2
-4
-1
3
4
7
9
16
14
17
24
22
24
25
20
21
26
27
27
31
32
31
36
42
41
37
35
33
32
30
31
31
29
28
26
21
14
12
20
17
17
17
11
12
13
9
7
5
1
-6
-2
0
4
-1
-5
-8
-12
-16
-21
-17
-13
-14
-7
-5
-15
-16
-14
-17
-18
-18
-19
-22
-23
-26
-25
-23
-26
-28
-30
-29
-28
-23
-20
-21
-26
-24
-28
-26
-23
-21
-17
-19
-22
-23
-21
-19
-19
-17
-12
-10
-9
-9
-11
-14
-12
-13
-12
-8
-5
-5
-2
-1
1
4
5
6
10
9
10
11
11
13
13
14
16
15
11
11
11
16
24
28
30
31
33
