3
0
4
2
4
2
3
10
3
4
6
1
0
-3
0
5
2
0
-1
-5
-3
-6
2
1
-2
2
5
6
2
1
2
1
3
6
2
2
3
-1
0
3
3
-1
-3
1
-3
2
2
-1
3
0
1
4
-2
1
1
1
2
3
7
4
2
4
5
8
4
5
7
6
4
7
3
7
2
3
3
1
3
2
-2
-2
-1
0
1
1
-1
-4
-6
-2
-3
-2
0
-3
-6
-10
-8
-10
-10
-7
-7
-5
0
-4
-1
-1
-4
-2
-4
1
-1
1
0
-1
-2
-4
-3
-4
-6
-2
0
-3
1
-2
-3
-1
-3
-3
0
-1
-3
-2
-7
-5
-3
-1
-2
2
-3
-6
-2
-3
-1
-1
-3
0
-4
-4
-8
-6
-9
-7
-2
-2
-3
-3
-5
-9
-7
-8
-7
-2
1
1
3
-2
-1
-3
-3
0
3
5
2
1
3
5
3
2
6
3
1
2
4
7
7
8
9
8
7
6
10
11
10
12
7
11
14
18
17
15
12
11
14
15
15
17
13
8
10
12
11
12
6
5
8
8
4
5
7
3
0
2
-2
1
-3
-5
-3
-6
-8
-11
-12
-6
-2
-3
-4
-7
-11
-12
-8
-12
-9
-11
-16
-18
-14
-13
-14
-13
-17
-17
-12
-11
-8
-11
-10
-9
-10
-10
-10
-6
-5
-6
-7
-2
-3
-3
-6
-4
-3
-4
-1
-1
0
-1
-4
-3
-6
-5
-5
-2
1
1
3
0
1
3
4
1
3
2
-1
0
-2
0
4
4
0
5
8
8
7
7
5
6
9
6
8
10
7
5
4
5
7
8
11
10
11
11
11
9
10
10
7
7
8
5
7
11
8
7
4
3
2
4
2
0
1
-3
-1
2
-2
-2
-3
-2
1
-1
-3
2
5
0
0
3
1
1
6
-1
0
3
-2
-4
-5
-6
-10
-10
-10
-10
-9
-11
-10
-9
-10
-9
-7
-9
-7
-9
-8
-7
-4
-4
-3
-2
-9
-7
-6
-13
-5
-3
-6
-5
-9
-9
-9
-8
-9
-7
-6
-7
-3
-7
-7
-4
-6
-2
1
-2
-2
2
-2
0
1
-2
2
5
9
10
10
5
9
10
6
9
12
9
11
10
11
11
11
11
3
7
15
14
17
20
17
17
17
17
17
19
16
11
15
16
17
15
13
16
12
12
14
19
16
11
9
5
5
5
3
7
7
3
1
0
-6
-1
-5
-8
-9
-12
-15
-16
-16
-17
-15
-15
-12
-15
-20
-21
-26
-28
-25
-17
-21
-27
-26
-34
-31
-30
-32
-32
-28
-29
-32
-25
-28
-30
-23
-20
-19
-16
-15
-13
-11
-12
-12
-12
-10
-10
-10
-10
-8
-8
-7
0
7
5
4
8
0
2
6
6
5
9
12
12
12
11
10
11
13
14
11
17
22
23
20
18
16
19
21
19
21
27
26
24
23
25
25
26
29
25
30
33
25
28
33
33
34
33
35
31
36
36
33
35
37
30
28
26
21
18
9
9
11
9
6
8
4
1
-1
0
-2
0
-5
-8
-6
-10
-10
-9
-13
-14
-11
-15
-16
-19
-18
-18
-19
-22
-24
-25
-32
-30
-31
-36
-32
-32
-38
-38
-42
-45
-47
-44
-41
-43
-43
-44
-46
-50
-51
-50
-46
-46
-43
-40
-42
-43
-43
-36
-32
-29
-30
-29
-27
-25
-18
-18
-12
-14
-20
-16
-11
-4
-1
2
11
12
12
12
5
11
13
17
23
26
29
28
36
38
27
28
22
29
36
28
38
35
40
47
45
53
42
55
58
52
62
65
72
65
72
76
68
71
63
58
55
54
50
42
49
41
38
39
21
32
15
14
17
7
16
8
14
9
-1
4
-5
0
-4
-6
-1
-10
-10
-13
-17
-13
-21
-13
-19
-26
-22
-30
-27
-35
-33
-28
-38
-35
-30
-37
-35
-33
-32
-34
-35
-39
-44
-45
-50
-49
-56
-64
-66
-70
-75
-84
-85
-90
-99
-97
-99
-100
-94
-99
-99
-96
-90
-84
-80
-72
-64
-57
-49
-47
-38
-27
-15
-5
-1
9
14
22
17
23
29
28
36
38
43
42
41
33
30
34
33
37
44
50
49
53
54
54
51
51
59
61
65
77
86
103
100
101
92
88
91
86
92
98
88
99
103
96
96
83
82
78
64
69
57
54
59
50
65
56
57
53
46
61
40
34
34
20
28
20
22
21
11
12
2
3
-2
-13
-15
-25
-28
-31
-37
-35
-43
-38
-31
-34
-30
-29
-26
-24
-26
-21
-24
-21
-24
-34
-37
-49
-59
-74
-85
-100
-121
-138
-157
-170
-183
-194
-202
-210
-218
-225
-228
-227
-230
-225
-213
-204
-182
-166
-147
-127
-106
-85
-66
-43
-18
-3
6
12
23
37
41
52
57
57
55
51
51
45
44
44
42
43
44
41
41
53
53
56
73
79
90
97
96
95
120
130
138
155
165
167
163
163
172
175
183
177
173
173
152
143
128
136
140
124
125
100
88
79
62
64
60
68
68
68
89
80
81
84
75
81
78
89
73
70
77
60
55
44
27
25
14
-5
-21
-31
-46
-61
-65
-77
-73
-69
-69
-54
-50
-42
-45
-37
-32
-22
-14
-14
-21
-31
-50
-68
-95
-128
-155
-188
-227
-256
-284
-318
-332
-347
-374
-385
-384
-391
-382
-364
-352
-334
-319
-301
-269
-231
-199
-162
-127
-93
-60
-19
21
60
97
116
134
153
155
162
159
143
138
120
92
86
60
37
21
-7
-13
-20
-22
-13
1
7
22
58
76
114
124
195
214
228
268
262
278
284
271
288
303
332
321
292
290
238
233
225
163
180
128
122
112
87
120
85
82
97
60
89
71
79
113
102
155
147
172
192
151
180
143
128
135
109
111
81
67
49
6
8
-25
-52
-71
-120
-120
-148
-146
-123
-111
-85
-71
-61
-54
-47
-25
-31
-24
-30
-73
-94
-138
-195
-234
-299
-355
-416
-480
-532
-582
-618
-643
-659
-668
-655
-640
-615
-580
-542
-503
-468
-419
-351
-300
-228
-185
-120
-47
7
78
139
187
225
258
286
325
347
360
348
328
294
246
206
160
101
48
4
-35
-58
-69
-74
-75
-62
-31
2
31
70
116
170
231
306
347
391
449
490
510
538
537
541
555
548
541
510
482
436
396
368
324
264
232
190
141
115
83
78
53
39
59
25
30
57
62
95
120
140
144
169
177
166
177
153
142
148
135
113
110
59
24
-5
-48
-86
-77
-98
-104
-93
-93
-87
-86
-96
-104
-98
-122
-180
-195
-264
-350
-404
-491
-570
-641
-766
-874
-944
-1004
-1050
-1065
-1080
-1068
-1051
-1009
-939
-861
-780
-691
-604
-514
-422
-321
-231
-112
-21
57
141
238
320
407
466
516
538
567
558
546
519
458
382
314
215
120
46
-39
-105
-161
-186
-197
-194
-161
-129
-71
-6
102
205
298
412
516
593
681
768
861
918
958
982
999
994
966
931
877
785
722
623
553
468
375
302
228
159
93
58
16
-38
-18
-10
-18
53
75
122
197
214
271
296
288
319
327
336
319
294
288
215
192
141
87
62
-57
-76
-52
-97
-62
-27
-75
-81
-111
-180
-201
-245
-332
-444
-538
-673
-859
-966
-1104
-1284
-1369
-1519
-1651
-1695
-1748
-1753
-1737
-1740
-1664
-1595
-1492
-1343
-1224
-1078
-918
-790
-634
-481
-303
-157
39
234
321
475
631
709
822
917
901
908
886
833
784
668
521
356
197
89
-67
-132
-225
-337
-369
-410
-380
-279
-196
-75
70
180
378
538
720
936
1103
1229
1335
1464
1557
1597
1625
1631
1594
1553
1508
1431
1365
1212
1059
886
739
611
471
354
239
100
-9
-84
-138
-106
-110
-49
56
118
251
369
488
647
715
769
815
762
798
760
671
623
499
329
219
73
-39
-191
-246
-279
-238
-178
-175
-172
-150
-259
-270
-292
-445
-568
-742
-1037
-1239
-1540
-1821
-2043
-2337
-2567
-2783
-3000
-3119
-3129
-3046
-2952
-2809
-2663
-2492
-2256
-1991
-1772
-1463
-1260
-1039
-762
-533
-277
4
237
455
658
870
1046
1203
1368
1411
1411
1369
1207
1136
983
729
499
213
-88
-293
-519
-671
-773
-849
-853
-755
-576
-400
-103
204
420
791
1108
1384
1776
2083
2300
2528
2608
2700
2863
2859
2831
2806
2687
2521
2338
2139
1919
1710
1452
1185
983
710
454
241
19
-123
-213
-251
-189
-105
41
196
363
560
786
1004
1208
1397
1532
1607
1681
1675
1593
1519
1421
1098
824
653
257
52
-51
-407
-583
-547
-650
-574
-387
-374
-490
-473
-560
-773
-778
-977
-1356
-1599
-2017
-2495
-2910
-3315
-3695
-4122
-4478
-4768
-5090
-5107
-4999
-4823
-4578
-4399
-4093
-3716
-3358
-2742
-2366
-2042
-1584
-1308
-977
-397
6
358
781
1110
1302
1486
1794
1820
1862
1920
1619
1382
1135
751
454
-46
-548
-877
-1331
-1481
-1546
-1678
-1617
-1480
-1293
-937
-422
78
612
1255
1737
2135
2742
3184
3433
3941
4116
4133
4259
4169
4114
4093
3925
3647
3331
3076
2798
2440
2130
1718
1284
886
442
210
-18
-244
-271
-433
-421
-171
-32
307
773
1124
1450
1797
2303
2597
2903
3286
3149
3150
3059
2693
2547
2197
1786
1333
756
395
-131
-524
-649
-1117
-1252
-1200
-1230
-949
-815
-704
-677
-810
-885
-1045
-1148
-1199
-1643
-1960
-2403
-3009
-3359
-3825
-4121
-4315
-4845
-5125
-5312
-5504
-5293
-5202
-5107
-4833
-4657
-4279
-3830
-3368
-2863
-2553
-2156
-1687
-1264
-615
-135
366
831
1092
1365
1518
1695
1898
1644
1467
1188
617
245
-132
-595
-961
-1454
-1894
-2147
-2202
-2055
-1962
-1751
-1406
-1134
-652
-31
616
1337
1927
2465
2941
3409
3901
4190
4437
4708
4668
4578
4576
4486
4355
4019
3646
3305
2909
2458
2075
1798
1348
768
369
-36
-362
-410
-520
-488
-213
-93
173
691
1193
1718
2166
2627
3027
3333
3750
3894
3927
4001
3723
3459
3299
2943
2382
1782
1414
692
107
-102
-812
-1227
-1330
-2003
-2033
-1556
-1527
-1245
-792
-924
-1042
-1018
-1244
-1335
-1042
-1420
-1979
-2098
-2698
-3365
-3473
-3910
-4335
-4594
-5248
-5705
-5736
-5801
-5725
-5577
-5445
-5249
-4838
-4413
-3768
-3052
-2673
-2352
-1790
-1366
-776
-84
356
855
1327
1307
1437
1780
1736
1553
1363
856
202
-254
-682
-1198
-1404
-1822
-2396
-2546
-2486
-2419
-2024
-1749
-1448
-983
-491
109
933
1762
2440
3036
3552
3956
4431
4756
5014
5333
5262
4956
4858
4624
4286
4059
3631
3064
2569
1978
1362
978
581
13
-401
-744
-1027
-985
-834
-567
-72
316
700
1237
1871
2561
3087
3586
4044
4241
4366
4569
4457
4363
4259
3634
3278
2917
2148
1729
1309
551
-82
-672
-1271
-1677
-1918
-2238
-2238
-1665
-1448
-1181
-646
-682
-751
-579
-869
-824
-721
-1207
-1430
-1770
-2186
-2895
-3434
-3667
-4477
-4596
-5222
-6058
-5964
-6381
-6308
-6167
-6016
-5733
-5560
-4865
-4370
-3495
-2845
-2425
-1463
-1173
-347
260
622
1405
1631
1822
1729
1819
1711
1225
1153
451
-196
-695
-1516
-1818
-2119
-2558
-2926
-3129
-3098
-2938
-2664
-2282
-1796
-1231
-723
20
866
1729
2592
3416
4066
4598
5196
5396
5646
5978
5758
5510
5212
4744
4277
3783
3242
2627
2035
1463
792
384
-111
-538
-797
-1121
-1197
-1057
-904
-481
287
845
1311
2143
2748
3119
3932
4512
4632
5152
5472
5118
5150
5267
4609
4140
3814
2888
1929
1411
722
-192
-664
-1240
-2202
-2586
-2786
-3225
-3541
-3205
-2692
-2206
-1453
-510
-367
-201
187
-117
-455
-214
-510
-1028
-1057
-1451
-2468
-3006
-3231
-3954
-4590
-4912
-5944
-6703
-6742
-6949
-7069
-6724
-6496
-6213
-5622
-4679
-3854
-3034
-2154
-1362
-916
-399
181
702
1186
1849
2230
2030
2173
2418
1943
1833
1631
607
-252
-791
-1684
-2388
-2620
-3136
-3716
-3595
-3459
-3311
-2603
-1753
-1066
-358
492
1263
2051
3016
3825
4427
4906
5354
5676
5858
6190
6244
5786
5564
5175
4360
3813
3229
2485
1747
1180
482
-227
-501
-679
-1112
-1087
-1057
-1171
-823
-247
232
917
1576
2140
2849
3567
4218
4990
5288
5596
5725
5444
5308
5074
4570
3901
3191
2339
1188
703
12
-869
-1250
-1867
-2781
-3143
-3451
-3829
-3749
-3070
-2203
-1430
-716
-295
-428
-354
-304
-715
-713
-642
-892
-1049
-1302
-1799
-2498
-2968
-3492
-4374
-5177
-6116
-7045
-7357
-7299
-7153
-6943
-6562
-5881
-5362
-4682
-3915
-3191
-2549
-1890
-1329
-880
-312
513
1260
2109
2865
3190
3241
3270
2990
2266
1235
157
-1007
-1878
-2742
-3392
-3671
-3731
-3581
-3252
-3003
-2488
-2084
-1667
-1158
-667
-139
519
1468
2626
3638
4754
5609
6361
6922
7063
6866
6400
5738
5030
4182
3485
2931
2514
2239
2041
1719
1233
773
228
-442
-947
-1627
-2142
-2074
-1768
-1113
-168
1068
2406
3541
4668
5404
5628
6073
5903
5302
5249
4930
4260
4508
4637
3923
3730
3476
2010
1248
480
-1368
-2375
-2889
-4139
-4700
-4804
-4872
-4477
-3146
-1932
-728
569
936
982
550
-332
-718
-1305
-1341
-999
-710
-638
-653
-796
-1543
-2279
-3177
-4643
-6153
-7449
-8504
-8890
-8588
-7980
-7259
-6251
-5476
-4765
-4157
-3673
-3289
-3015
-2607
-2079
-1087
102
1432
2971
4190
4953
5285
4944
4199
3161
1663
38
-1528
-2528
-3178
-3319
-3240
-3001
-2905
-2937
-3102
-3187
-3355
-3439
-3232
-2837
-1969
-638
914
2695
4418
5825
6674
7137
7217
6982
6622
6145
5672
5426
5199
5160
5290
5135
4751
3965
2766
1394
-44
-1383
-2401
-3081
-3160
-2766
-2139
-1043
54
972
1622
2141
2505
2606
2983
3494
4174
4927
5590
6356
6692
6926
7214
6180
5272
3886
2164
927
-75
-772
-1336
-1648
-1607
-2331
-2445
-3103
-3766
-3937
-4555
-4096
-3216
-2451
-822
-311
192
415
26
62
-211
87
311
-182
-533
-1582
-2527
-3102
-3838
-4456
-5420
-6598
-7516
-8056
-7810
-7459
-7102
-6690
-6705
-6488
-6295
-5929
-4944
-3891
-2887
-1762
-735
732
2293
3626
4423
4545
3982
3034
2144
1615
1175
931
450
-99
-738
-1390
-2163
-2758
-3417
-4351
-5287
-5806
-5612
-4639
-3330
-1887
-580
551
1576
2380
3132
3737
4123
4454
4818
5386
6215
7134
7907
8179
7902
7016
5849
4745
3652
2715
1729
844
206
-311
-531
-635
-836
-1217
-1722
-2191
-2248
-1751
-752
446
1595
2651
3594
4383
5276
6151
6336
6349
6062
5515
5216
5185
5215
5049
4817
4033
2736
1546
422
-844
-1489
-2453
-3373
-4058
-4534
-4562
-3992
-2842
-1496
-276
34
-769
-1802
-2529
-2994
-2554
-1697
-576
784
1493
1092
201
-1133
-2732
-4007
-5508
-7101
-7977
-8055
-7345
-6072
-5105
-5003
-5324
-6000
-6935
-7411
-7331
-6811
-5440
-3765
-2104
-181
1726
3029
3705
3496
2605
1586
965
813
1079
1531
1893
1936
1704
1047
-22
-1523
-3200
-4699
-5810
-6121
-5479
-4117
-2529
-1429
-913
-655
-584
-428
66
681
1608
2817
4167
5561
6871
7896
8272
7946
7169
5976
4964
4525
4314
4387
4408
4064
3432
2576
1563
298
-1024
-2045
-2783
-2868
-2261
-1352
-327
622
1141
1131
1288
1632
2121
3201
4506
5095
5790
6596
6417
6419
6396
5412
4514
3834
3015
2143
2205
1956
1138
817
-204
-1731
-2426
-3243
-4097
-3476
-2279
-1341
-540
-724
-2179
-3030
-3294
-3865
-3028
-1095
-114
492
277
-1825
-3255
-3835
-4866
-5378
-5763
-6464
-6504
-5652
-5006
-4553
-4091
-5118
-6543
-7213
-7909
-7319
-5502
-3979
-2370
-901
-240
452
1264
1381
1011
558
69
175
1594
2819
3182
3387
2160
328
-850
-2328
-3109
-2899
-3034
-3537
-3837
-3788
-3405
-2549
-1989
-2478
-2832
-2880
-2411
-523
1620
3281
4625
5125
5150
5310
5580
5912
6236
6416
6172
6050
6315
6419
6550
6163
4578
2908
1389
312
150
272
106
-234
-595
-954
-1025
-767
-678
-558
-215
-213
546
2035
3538
4923
5871
5618
4963
4716
4636
4803
5282
5406
4953
4417
3999
3314
2566
1744
526
-687
-1454
-2233
-2486
-2016
-947
223
299
-512
-2480
-4529
-5158
-4664
-3133
-1069
675
1444
700
-732
-2943
-4954
-5519
-5690
-5311
-4534
-4458
-4195
-3603
-3131
-3299
-4520
-6445
-8305
-8725
-7424
-5619
-3641
-2259
-1994
-1883
-1817
-1680
-1263
-1219
-1286
-1171
-676
670
2205
3497
3879
3025
1562
-345
-1453
-1266
-856
-92
291
-1
-496
-1257
-1821
-2286
-2791
-3120
-3298
-2748
-1420
173
1914
2596
2459
2017
1215
1139
1932
3045
4292
5136
5552
5592
5578
5710
5642
5336
4694
3774
3268
3203
3542
4018
3781
3013
2030
1046
582
690
1013
1244
1310
1303
1216
1545
2395
2776
2908
2706
1988
1763
1985
2372
2962
3261
3049
2295
1761
1437
1047
1135
1024
462
108
-284
-441
355
1642
1716
1080
283
-1574
-2302
-2026
-1515
320
2710
3179
1368
-789
-2849
-4446
-4241
-4293
-4461
-3473
-3304
-3930
-4091
-4158
-4450
-5561
-7388
-9202
-9448
-8016
-6596
-4855
-3338
-3313
-3773
-4556
-4955
-3922
-2607
-2009
-1808
-1334
-481
806
2558
3505
3264
2404
994
185
758
1614
2463
2911
2043
815
243
-116
-281
-437
-1272
-2184
-1853
-931
-130
1193
1800
852
-275
-1127
-1232
216
1997
2954
3352
3503
3258
3282
3882
4237
4230
4058
3444
3334
4059
4748
5091
4732
3617
2460
1943
2263
2806
3239
3097
2299
1806
1559
1656
2451
2909
2715
2502
1949
1837
2192
2660
2723
2440
2394
1694
1293
1760
1516
1347
1059
216
-258
-539
106
1346
2082
1922
1060
-426
-1255
-1118
-1377
-948
944
2342
1750
350
-1157
-2828
-2874
-2914
-4106
-3527
-2713
-3184
-3781
-4091
-4131
-4746
-5928
-7479
-8655
-7792
-6664
-5998
-4694
-4091
-4335
-5061
-5948
-5583
-4688
-3767
-2982
-2523
-1796
-1260
-293
786
1103
1183
579
-17
546
1357
2055
2467
2464
1875
650
38
317
613
682
78
-557
-670
-250
643
985
1129
962
-129
-542
134
1063
1984
2653
2735
2179
2054
2515
2873
3651
4019
3367
2939
3030
3297
3647
4055
4177
3457
2650
2386
2376
2880
3277
2939
2434
2039
1773
2008
2669
3221
3388
3015
2527
2275
2543
2843
2844
3177
2847
2406
2669
2446
2266
1955
1198
388
-84
705
1950
2394
2421
1150
-858
-1188
-1258
-1580
-664
1222
2101
879
-565
-2115
-3226
-2276
-2915
-4447
-3542
-2857
-3196
-3636
-3812
-3890
-4804
-5938
-7480
-7931
-6311
-5482
-5321
-4565
-4408
-4819
-5730
-6055
-5403
-4781
-4026
-3483
-2871
-1782
-1314
-928
-593
-681
-699
-1005
-645
658
1426
1721
2092
2141
1655
749
323
255
366
483
284
339
646
480
139
-23
48
28
-446
-271
534
1111
1561
1829
1702
1487
1392
1484
1946
2939
3565
3421
3448
3711
3484
3321
3574
3582
3417
3467
3456
3380
3710
3742
3132
2843
2663
2208
2259
2587
2753
2842
2685
2328
2275
2249
2138
2239
2478
2482
2441
2676
2596
2473
2354
1484
845
747
1267
2654
3108
2659
1787
-15
-351
-531
-1257
-383
1227
1963
799
-960
-2240
-2900
-2014
-2589
-4256
-3444
-2900
-3290
-3570
-3859
-3834
-4747
-5876
-6964
-7226
-5374
-4564
-4794
-4115
-4087
-4655
-5405
-5579
-4961
-4513
-3887
-3520
-3031
-1860
-1846
-2038
-1747
-1865
-1973
-2034
-1356
224
996
919
709
597
631
233
152
504
704
790
515
285
587
567
-2
-374
-317
-413
-501
-15
599
914
1159
975
909
1183
1139
1144
1567
2263
2612
2696
2899
3312
3574
3392
3157
3230
3429
3737
3879
3959
4021
3739
3180
2812
2859
2916
2996
3125
3049
2864
2471
2102
2089
1939
1852
1826
1861
2244
2567
2539
2662
2713
2244
1712
2115
3341
3565
3022
2089
697
1108
1519
371
536
2057
2594
1447
-363
-2068
-2881
-1824
-2080
-3882
-3195
-2165
-2472
-2875
-3536
-4133
-4880
-5487
-6345
-6616
-4743
-3811
-4190
-3851
-4114
-4566
-4705
-4904
-4657
-4184
-3851
-3751
-3222
-2278
-2484
-2720
-2639
-3210
-3033
-2617
-2273
-913
-13
-453
-1098
-1151
-1054
-1136
-565
29
366
985
1041
706
1107
1298
588
76
97
111
254
694
902
1000
1122
667
315
682
878
984
1319
1433
1491
1715
1858
2039
2348
2346
2143
2295
2558
2791
3203
3592
3662
3573
3197
2761
2790
2999
3051
3041
3096
3021
2986
2926
2614
2360
1998
1589
1423
1373
1690
2180
2301
2168
2109
1771
1655
2871
4110
3576
2929
2175
909
1697
2314
1318
1638
3188
3162
1555
262
-1084
-1862
-790
-1686
-3715
-2847
-1722
-2012
-2612
-3326
-4316
-5229
-5599
-6443
-6159
-4035
-3850
-4633
-4521
-4755
-4797
-4574
-4775
-4658
-3905
-3504
-3633
-2525
-1617
-2469
-2746
-2967
-3389
-2600
-1857
-1717
-780
-23
-791
-1909
-1609
-1416
-1657
-909
-414
-159
621
665
223
501
783
381
108
587
854
923
1039
877
985
1039
602
582
988
1203
1305
1374
1516
1685
1632
1433
1452
1990
2359
2215
2307
2477
2434
2497
2753
2993
3196
3217
2929
2830
3090
3059
2761
2882
3102
3039
2905
2644
2537
2702
2489
1759
1380
1356
1254
1218
1264
1172
1548
2867
3598
3073
2488
1441
873
2133
2493
1636
2160
3714
3702
2438
942
-715
-612
585
-899
-2579
-1734
-957
-1268
-2004
-3123
-4446
-4948
-5217
-6238
-5540
-3893
-4344
-4871
-4849
-5279
-5410
-5233
-5291
-5025
-4153
-3922
-3796
-2461
-1984
-2858
-3264
-3524
-3380
-2384
-1700
-1250
-242
12
-940
-1727
-1431
-1132
-1072
-846
-809
-391
245
142
59
390
289
-170
-242
250
925
1500
1466
1002
873
734
327
553
1052
1207
1261
1199
1098
1149
1240
1260
1229
1269
1251
1199
1686
2133
2328
2186
2000
2072
2211
2404
2763
3326
3712
3600
3014
2718
2961
3352
3508
3391
3262
3318
3223
2967
2748
2653
2336
1692
1077
1135
2256
3475
3091
1952
883
363
1330
1884
1609
2189
3380
3471
2301
969
-92
-30
984
-68
-1781
-1099
-219
-282
-747
-2008
-3693
-4606
-4627
-5109
-4584
-3014
-3528
-4546
-4731
-5349
-5603
-5280
-5188
-5144
-4707
-4587
-4543
-3376
-2746
-3422
-3888
-4111
-3945
-2999
-2383
-1903
-813
-464
-1385
-1923
-1534
-1174
-962
-669
-741
-356
219
-173
-437
-11
142
-315
-331
154
660
1223
1391
1132
1204
1194
652
511
919
1271
1483
1509
1466
1381
1049
665
653
1107
1451
1416
1530
1790
1882
1779
1429
1244
1474
1553
1484
1908
2717
3331
3378
3142
2876
2741
2845
2815
2937
3343
3567
3436
3371
3291
3111
2819
2677
3210
3971
3703
2670
1805
1226
1760
2177
1324
1233
2453
2983
2226
1254
419
45
579
-134
-2025
-1734
-468
-482
-775
-1348
-2557
-3627
-4141
-4629
-4320
-2760
-2758
-4027
-4019
-4071
-4469
-4385
-4595
-4726
-4354
-4362
-4496
-3513
-2410
-2982
-3939
-4067
-4067
-3514
-2810
-2652
-1831
-812
-1217
-1969
-1687
-1270
-1447
-1430
-1174
-828
48
246
-137
200
491
-103
-594
-372
4
371
630
534
783
1255
828
319
553
766
825
1038
1178
1216
1224
902
400
553
877
719
877
1323
1536
1741
1757
1641
1618
1549
1223
1124
1696
2156
2402
2657
2703
2627
2750
2634
2545
2875
3184
3120
3126
3285
3128
2893
3134
3800
4303
3859
2961
2260
2394
3507
3603
2624
2767
3554
3238
2084
969
462
969
1384
-155
-1829
-1110
-212
-522
-1042
-1932
-2965
-3658
-4320
-4775
-3942
-2708
-3493
-4547
-4350
-4325
-4272
-4187
-4260
-3910
-3597
-4234
-4493
-3219
-2261
-2898
-3605
-3636
-3226
-2477
-2292
-2384
-1616
-1016
-1700
-2208
-1670
-962
-864
-1032
-1051
-643
-18
-289
-776
-426
-160
-226
-197
22
459
537
224
-89
36
219
-29
-74
275
474
541
486
486
673
687
542
539
922
1055
784
752
1005
1129
1174
1184
1346
1712
1901
1777
1751
1996
2170
2095
2088
2316
2610
2836
2808
2789
2909
2882
2680
2802
3013
2871
3074
3912
4387
3975
3126
1943
1690
3181
3818
2958
3190
4073
3759
2709
1608
891
1534
2370
815
-1274
-745
229
-33
-636
-1664
-2616
-3096
-3678
-4232
-3530
-2279
-3014
-4556
-4766
-4641
-4392
-4275
-4601
-4160
-3488
-3864
-4373
-3639
-2717
-3122
-3787
-3862
-3433
-2372
-1837
-2227
-1861
-1174
-1740
-2479
-2031
-1039
-717
-782
-846
-640
144
192
-637
-738
-375
-444
-568
-325
163
473
361
-106
-167
266
48
-303
39
328
501
486
177
123
252
88
-171
331
1081
995
831
1032
1182
1432
1338
993
1225
1816
2008
1947
2073
2381
2526
2453
2238
2246
2560
2640
2580
2807
3100
3133
3039
2902
2651
2810
3627
4024
3551
3065
2434
2157
3033
3381
2703
2906
3864
3522
2275
1545
1395
2078
2634
1075
-990
-595
555
520
-55
-795
-1708
-2461
-3261
-4047
-3340
-1825
-2352
-3886
-4236
-4247
-4049
-3798
-4228
-4268
-3638
-3781
-4453
-3884
-2921
-3250
-3858
-3879
-3703
-3067
-2656
-2951
-2465
-1358
-1494
-2393
-2357
-1578
-1107
-965
-1066
-924
-85
243
-488
-826
-366
-159
-228
-163
15
355
473
-3
-331
-17
-45
-532
-526
-159
132
408
293
-14
57
7
-428
-486
148
473
431
698
1041
1397
1546
993
890
1312
1823
2109
2067
2772
2848
2720
2576
2337
2901
2991
2956
2594
2660
3187
2952
3043
3001
3088
3954
4056
3349
2694
1656
1541
2539
3555
3605
3837
4700
3727
2028
606
60
1710
3287
2684
1021
845
1221
123
-776
-1090
-1083
-948
-1912
-3128
-2853
-1919
-2445
-3987
-4309
-4076
-4023
-3403
-3347
-3401
-3338
-4185
-5157
-4509
-3170
-3174
-3502
-3016
-2873
-2632
-2757
-3374
-2911
-1805
-1530
-2381
-2224
-1594
-1567
-1417
-1254
-818
-211
-101
-544
-793
-208
-77
-330
-180
-73
199
-35
-444
-507
-226
-117
-339
-488
-681
-1148
-1347
-1236
-1105
-881
-1087
-1327
-1116
-665
-484
-573
-516
-263
-211
107
633
1199
1764
1729
1526
1717
2168
2551
3181
3598
3763
3851
3862
3652
3671
3909
3686
3549
3653
3380
3512
5642
6826
6103
4655
2643
1277
2356
3855
4045
5765
7586
5614
1619
-890
-1966
-372
2491
2507
657
56
-1160
-3855
-4699
-3918
-3244
-2809
-3473
-5180
-4959
-3799
-4461
-5559
-5549
-5756
-5288
-3656
-2461
-1591
-1158
-2363
-4105
-3597
-2399
-1460
472
1519
777
-141
-820
-1192
-232
1336
1289
823
1191
657
-71
-117
-435
-833
-696
-546
-811
-488
-186
-1127
-2342
-3177
-3638
-3030
-1937
-1576
-1765
-2362
-3529
-4558
-4391
-3488
-2443
-1386
-1482
-2361
-2809
-3051
-2974
-1938
-617
139
590
816
631
703
1076
1352
1728
2496
3160
3603
3999
3915
3567
3159
2985
3253
4038
4595
4734
4494
3679
2836
2752
3022
3121
3618
3617
2961
2905
4756
5293
4784
4099
2105
860
1940
3282
3509
5649
7252
4995
1599
-942
-2695
-1268
1911
2465
1419
755
-1394
-4614
-5522
-5103
-3871
-2216
-2167
-4022
-4722
-4646
-5223
-5228
-4757
-4464
-3434
-2068
-1861
-1523
-723
-1128
-2048
-2126
-1922
-712
1474
2298
1489
456
-369
-1019
-846
153
924
1415
943
-476
-1784
-2229
-1787
-1192
-934
-1254
-1745
-2314
-3119
-3522
-3218
-2983
-2715
-2608
-3074
-3688
-3585
-3269
-3393
-3314
-3220
-3198
-2904
-2406
-2267
-2262
-1952
-1556
-1461
-1130
-347
516
1013
1037
920
859
1262
2205
3220
3852
4092
3923
3261
2908
3285
4028
4910
5276
4920
4194
3598
3343
3531
3777
3624
3783
3479
2903
2424
3422
5205
5120
4816
3217
1364
1151
2329
2846
3628
6188
6265
3512
1085
-1236
-2391
-386
1677
1366
989
431
-2287
-4527
-4776
-4483
-3448
-2305
-2621
-3861
-4288
-4703
-4801
-4221
-3808
-3151
-2111
-1638
-1410
-766
-753
-993
-563
-159
-203
811
1840
1562
1371
1125
371
158
742
650
418
521
-269
-1387
-1637
-1728
-1911
-1559
-1983
-3162
-3736
-4000
-4345
-4019
-3550
-3718
-3979
-4286
-5014
-5094
-4427
-3924
-3535
-3360
-3543
-3587
-3286
-3015
-2517
-1737
-1149
-785
-473
-379
-67
761
1384
1641
1920
2091
2463
3083
3528
3690
3832
3965
3890
3840
4042
4201
4352
4468
4302
3898
3493
3445
3341
3288
3184
3214
2921
4215
5049
4295
3780
2573
1460
1398
2576
2621
4075
6531
5628
2793
452
-1755
-1908
656
2021
1850
1952
410
-2996
-4868
-4879
-3735
-1528
-423
-1827
-3315
-4206
-5118
-4733
-3449
-2249
-959
-544
-1405
-1768
-1155
-734
-217
779
871
893
1586
1275
934
1427
1634
1351
1374
1340
991
970
708
-70
-797
-1389
-1840
-1939
-2115
-2317
-2546
-3277
-4279
-4692
-5124
-5192
-4529
-4410
-4780
-5035
-5223
-5676
-5580
-5084
-4732
-4195
-3545
-3542
-3508
-3104
-2777
-2248
-1602
-915
-375
222
676
992
1516
1796
2173
2752
3135
3520
3817
3903
4007
4218
4047
4096
4139
4314
4241
4099
4120
3939
3909
3453
2958
2906
3041
4686
5642
5203
4355
2734
1016
576
1667
2311
4590
6898
5777
2606
-297
-2855
-2972
-123
1682
2165
2528
468
-3288
-5347
-5559
-4077
-1357
199
-835
-2340
-3348
-4511
-4461
-3209
-1742
89
936
315
-158
-257
32
661
1340
1535
2154
2990
2731
2218
2148
1826
1507
1753
1480
1297
1552
1144
200
-655
-1150
-1576
-1669
-1973
-2607
-2773
-2984
-3626
-4382
-5128
-5510
-5277
-5267
-5273
-5211
-5286
-5428
-5678
-6099
-6123
-5294
-4373
-3881
-3447
-3229
-3542
-3444
-3218
-2760
-1565
-235
567
821
926
799
974
1500
2116
2781
3549
4002
4004
3822
3296
3189
3407
3529
3760
3980
4040
4058
3809
3054
2471
2605
3375
5140
5793
5815
4691
2782
1203
788
1476
2940
5858
7172
5729
2987
-381
-3069
-2532
-394
901
2271
2676
356
-2676
-4695
-5813
-4760
-2242
-784
-884
-1433
-2502
-3711
-3937
-3407
-1920
-199
588
924
1141
1216
1605
2215
2207
2128
2781
2972
2859
3286
3630
3345
3268
2640
1406
1037
1284
1157
1013
567
-203
-1050
-1782
-2582
-3082
-3117
-3116
-3060
-3471
-4352
-4790
-4999
-5544
-5582
-5365
-5306
-5106
-5047
-5405
-5566
-5089
-4736
-4634
-4284
-3907
-3481
-3004
-2740
-2412
-1967
-1584
-1092
-620
-107
699
1362
1481
1536
1675
1922
2365
2784
3189
3172
3317
3052
2875
2927
3057
3384
3377
3086
2644
2283
2470
3984
4602
4819
4624
3350
1823
1168
1027
1106
3531
5870
5470
3841
1351
-1773
-2765
-1639
-1023
194
1833
1192
-962
-2991
-4566
-4883
-3459
-2227
-1844
-1566
-1571
-2057
-2168
-2146
-1444
-161
315
428
1080
1746
2659
4095
4504
4052
3958
3567
2864
3144
3972
4570
5476
5671
4168
2552
1448
370
144
510
581
627
358
-893
-2411
-3350
-3924
-4117
-3912
-4060
-4276
-4261
-4493
-5013
-5147
-5330
-5399
-5485
-5351
-5527
-4416
-4040
-3440
-2929
-3604
-3596
-3892
-3666
-3194
-2246
-951
-396
93
-87
-794
-400
-156
-116
769
1032
1975
2231
2230
1906
1562
1670
1431
1604
1776
2163
2576
2893
2465
2040
2349
3273
3605
3718
3689
2877
2239
1915
1563
1151
2832
4385
3943
2934
1272
-920
-2084
-1596
-1808
-1665
-466
-273
-1499
-2470
-3320
-3993
-3614
-3131
-3093
-2894
-2439
-1953
-1402
-1165
-612
379
734
543
819
1339
2142
3962
5095
5263
5521
5397
4381
3652
3780
4085
5090
6053
5948
5129
4086
2791
1586
831
414
486
541
107
-349
-809
-1621
-2395
-3282
-4442
-4994
-4808
-4646
-4489
-4027
-3847
-4238
-4670
-5331
-5801
-5426
-4684
-3991
-3318
-2877
-2614
-2398
-2422
-2619
-2561
-2188
-1742
-1006
-304
109
622
954
679
280
30
3
506
1106
1562
1982
2180
1881
1476
767
318
687
1256
1498
1963
2937
3527
3644
3417
2208
1281
974
850
650
1432
2773
3172
2742
1568
-374
-1836
-2317
-2873
-3381
-3021
-2567
-2490
-2593
-2954
-3407
-3660
-3774
-3960
-4301
-4056
-3313
-2209
-1021
133
1289
1856
1971
1819
1529
1787
2905
4323
5305
6376
6796
6442
5955
5297
4592
4203
4419
4539
4325
4401
4033
3425
2762
1533
353
-597
-1209
-1522
-1602
-1390
-1193
-1285
-1966
-2872
-3595
-4006
-3959
-3620
-3399
-3024
-2403
-2170
-2179
-2232
-2356
-2478
-2351
-2342
-2367
-2099
-1684
-1468
-1345
-1107
-980
-939
-1043
-1311
-1522
-1404
-1065
-651
-397
-249
-39
-14
-139
164
424
608
999
1020
729
644
948
1139
1694
2882
3587
3580
3652
2668
1452
941
567
297
782
1844
1941
1321
423
-1403
-3007
-3681
-4264
-4678
-4497
-4435
-4695
-4787
-4989
-4916
-4497
-4196
-3976
-4269
-4629
-4425
-3545
-2149
-394
1375
2509
2900
3101
2984
3022
4056
4935
5483
5977
6259
6323
6404
6639
6480
6059
5327
4469
3525
2900
2660
2497
2253
1622
811
-121
-1112
-1562
-1786
-2028
-1889
-1875
-2289
-2526
-2511
-2499
-2151
-1706
-1495
-1361
-1003
-885
-982
-766
-559
-377
-180
-146
-136
-101
-226
-324
-475
-636
-737
-785
-967
-972
-799
-870
-918
-874
-919
-1033
-932
-765
-661
-237
131
496
1031
1255
1334
1115
838
955
1428
2505
3342
4016
4116
3130
2018
796
-220
-517
-127
379
375
-72
-1089
-2502
-3713
-4626
-5399
-5920
-6199
-6407
-6567
-6470
-6294
-5810
-5155
-4682
-4576
-4615
-4610
-4226
-3398
-2229
-872
470
1682
2488
3146
3794
4328
5026
5471
5315
5209
5188
5031
5079
5596
5829
5665
5743
5064
3806
2880
1849
824
492
340
78
220
244
-109
-360
-607
-884
-980
-999
-1125
-1105
-998
-849
-498
-37
345
804
1205
1097
884
567
66
-174
-253
-360
-223
31
160
233
266
94
-218
-514
-958
-1251
-1222
-1018
-564
-30
399
638
821
822
656
875
1008
1119
1341
1620
1743
1892
2275
2814
3546
3831
3896
3422
2586
1528
480
-214
-614
-358
-306
-855
-1396
-2373
-3395
-4049
-4813
-5670
-6254
-6851
-7513
-7687
-7402
-6751
-5925
-5184
-4815
-4811
-4837
-4864
-4693
-4107
-3087
-2032
-983
119
1166
2211
3009
3698
4164
4076
4035
3922
3579
3461
3632
3749
3848
4109
4298
3931
3574
3054
1956
1089
429
-478
-851
-440
-56
475
1032
1091
928
676
498
440
495
562
622
756
951
1257
1739
2105
2147
2146
1900
1451
1000
402
-157
-506
-721
-755
-464
18
432
685
578
124
-365
-545
-519
-291
266
746
1113
1420
1813
2343
2734
3102
3265
3136
2898
2520
2581
2728
3437
4101
4189
4023
3385
2603
1449
705
121
-456
-888
-1807
-2675
-3427
-4057
-4460
-4899
-5392
-5884
-6437
-6967
-7426
-7669
-7618
-7289
-6831
-6275
-5481
-4831
-4338
-3894
-3638
-3188
-2798
-2297
-1498
-763
276
1081
1819
2613
2809
3059
2991
2805
2807
2661
2670
2371
2335
2263
1905
1946
1735
1501
1431
1107
692
289
47
-194
-475
-374
-122
426
1064
1458
1635
1581
1443
1223
1171
1432
1680
1745
1733
1523
1310
1237
1385
1447
1376
1259
810
195
-298
-540
-517
-137
298
452
627
737
743
897
1154
1529
1835
2129
2240
2383
2557
2832
3235
3541
3972
4146
4123
4235
4143
4180
4433
4323
4220
3734
3105
2239
1527
1055
258
-149
-854
-1738
-2516
-3286
-4037
-4774
-5227
-5980
-6656
-6928
-7242
-7484
-7388
-7162
-6961
-6769
-6385
-5972
-5516
-4856
-4304
-3811
-3347
-2989
-2569
-1975
-1149
-200
675
1409
1835
2004
1953
1897
1969
1963
1888
1821
1716
1575
1444
1329
1170
944
693
431
106
59
67
-84
-153
-236
-313
-156
184
518
882
1254
1452
1415
1325
1368
1421
1416
1455
1351
1226
1115
967
811
751
739
688
468
261
109
-1
-97
-72
124
436
878
1268
1580
1784
2010
2257
2542
2872
3464
3839
4111
4458
4503
4503
4565
4543
4699
4931
5090
5389
5445
5289
4808
4074
3298
2375
1755
1075
392
-104
-890
-1718
-2408
-3048
-3835
-4315
-4868
-5559
-5894
-6287
-6677
-6807
-6904
-6896
-6749
-6477
-6080
-5797
-5264
-4798
-4488
-4052
-3725
-3411
-2925
-2407
-1832
-1280
-605
-72
282
531
565
777
694
627
510
407
509
377
326
187
20
-90
-191
-317
-280
-151
-220
-205
-187
-307
-267
-88
103
390
650
868
1087
1329
1551
1568
1505
1411
1274
1234
1281
1296
1280
1180
755
305
54
-27
98
231
418
637
725
718
787
855
1080
1501
1839
2201
2607
3017
3243
3527
3881
4172
4459
4762
4946
4924
4990
5130
5154
5327
5559
5556
5461
5189
4672
3954
3321
2666
1862
1110
372
-452
-1213
-1810
-2521
-3127
-3602
-4189
-4728
-5111
-5435
-5774
-5984
-6234
-6412
-6402
-6261
-6017
-5750
-5294
-4889
-4555
-4136
-3721
-3355
-2912
-2510
-2064
-1629
-1260
-917
-647
-363
-150
-34
28
6
-75
-147
-172
-251
-183
-245
-439
-388
-411
-441
-359
-386
-502
-486
-457
-414
-307
7
162
233
453
630
761
876
1059
1014
971
977
870
774
688
558
378
143
-27
-146
-295
-341
-377
-386
-282
-19
260
653
1050
1234
1422
1519
1737
2022
2355
2896
3308
3692
3964
4130
4465
4675
4918
5204
5341
5483
5506
5590
5581
5545
5438
5112
4790
4311
3841
3172
2587
1912
952
136
-630
-1443
-2183
-2600
-3073
-3542
-3844
-4284
-4820
-5121
-5356
-5497
-5542
-5562
-5589
-5607
-5481
-5235
-4843
-4369
-3807
-3358
-3104
-2749
-2339
-2033
-1651
-1151
-874
-668
-442
-352
-354
-218
-98
-194
-303
-350
-468
-648
-637
-611
-679
-646
-696
-777
-801
-728
-593
-525
-405
-315
-363
-396
-273
-158
51
356
500
527
533
466
313
295
281
160
-2
-125
-332
-571
-626
-702
-734
-624
-540
-470
-234
66
340
707
1037
1291
1671
2017
2337
2556
2779
3059
3317
3568
3901
4183
4430
4658
4928
5129
5340
5634
5740
5701
5414
5087
4643
4336
3991
3483
3156
2585
1862
1166
407
-293
-889
-1441
-2148
-2707
-3102
-3471
-3824
-4094
-4313
-4576
-4713
-4773
-4884
-4780
-4550
-4464
-4345
-4135
-3832
-3538
-3235
-2776
-2342
-2068
-1609
-1336
-1266
-1036
-757
-647
-545
-298
-278
-367
-273
-236
-367
-413
-409
-629
-811
-791
-853
-832
-699
-649
-662
-624
-477
-372
-307
-193
-159
-119
23
118
166
190
269
255
112
39
-35
-178
-355
-431
-574
-693
-697
-831
-955
-905
-848
-750
-563
-338
-165
94
395
692
1110
1537
1890
2119
2307
2488
2615
2829
3078
3395
3670
3897
4221
4489
4788
5053
5118
5182
5094
4856
4645
4412
4153
3790
3539
3122
2585
1911
1140
406
-124
-495
-1032
-1485
-1893
-2548
-3004
-3218
-3413
-3549
-3703
-3877
-4146
-4369
-4370
-4194
-3957
-3597
-3300
-3204
-3050
-2837
-2593
-2233
-1797
-1496
-1265
-1091
-970
-845
-610
-373
-287
-216
-115
-218
-330
-275
-295
-306
-285
-363
-604
-678
-632
-634
-516
-408
-379
-448
-460
-381
-335
-106
171
209
164
167
75
54
123
149
25
-216
-487
-819
-1121
-1246
-1288
-1290
-1149
-1057
-1010
-849
-721
-667
-600
-498
-262
26
350
742
1125
1457
1674
1840
1928
2132
2441
2708
2969
3292
3629
3901
4220
4434
4521
4616
4641
4540
4435
4290
4015
3705
3424
3056
2640
2237
1671
1061
593
162
-326
-704
-1098
-1670
-2033
-2336
-2655
-2875
-3115
-3254
-3325
-3390
-3374
-3379
-3443
-3352
-3249
-3146
-2918
-2659
-2408
-2205
-1985
-1747
-1486
-1211
-989
-839
-662
-450
-312
-200
-114
-157
-179
-204
-246
-159
-129
-191
-210
-285
-321
-254
-218
-234
-217
-144
-74
9
99
131
114
132
183
203
272
333
292
179
95
-54
-290
-520
-730
-925
-1110
-1154
-1154
-1218
-1166
-1067
-989
-873
-742
-671
-560
-380
-79
224
555
834
1001
1158
1287
1562
1815
2009
2266
2555
2823
3133
3510
3741
3909
3996
3980
3928
3930
3882
3619
3370
3170
2880
2506
2113
1604
1049
617
217
-294
-709
-1054
-1462
-1859
-2153
-2412
-2703
-2896
-3054
-3229
-3193
-3044
-3006
-3030
-3012
-3008
-2928
-2703
-2394
-2184
-2052
-1857
-1642
-1446
-1265
-1117
-924
-732
-473
-208
58
192
187
179
117
132
278
297
215
150
30
59
180
251
281
326
304
286
397
584
708
724
733
673
578
518
508
472
441
356
198
-5
-307
-519
-722
-839
-864
-950
-1008
-1144
-1206
-1141
-1004
-814
-678
-586
-545
-489
-337
-182
-12
217
458
655
980
1318
1471
1660
1861
2019
2336
2716
3074
3295
3379
3362
3336
3384
3339
3156
2936
2698
2498
2308
2007
1627
1215
827
478
151
-218
-596
-1074
-1512
-1827
-2090
-2309
-2548
-2813
-2970
-2967
-2933
-2900
-2896
-2943
-2964
-2922
-2767
-2550
-2376
-2204
-2063
-1851
-1650
-1474
-1348
-1195
-1022
-783
-495
-194
20
11
-47
-30
113
277
453
503
481
421
385
449
473
556
657
715
747
849
935
968
998
1043
1100
1178
1216
1159
989
794
642
477
367
266
53
-135
-300
-515
-699
-828
-911
-972
-1000
-973
-927
-881
-802
-676
-533
-383
-197
-89
-13
89
227
476
725
917
1147
1288
1531
1860
2125
2395
2603
2735
2825
2933
3027
3015
2857
2648
2420
2106
1819
1611
1325
990
757
490
171
-155
-567
-988
-1316
-1539
-1770
-1976
-2161
-2367
-2526
-2549
-2561
-2595
-2595
-2625
-2661
-2603
-2511
-2424
-2381
-2288
-2096
-1914
-1694
-1563
-1510
-1467
-1382
-1119
-779
-479
-280
-219
-198
-120
-26
94
242
331
358
419
534
661
740
798
865
969
1094
1280
1400
1418
1479
1464
1425
1397
1429
1439
1381
1306
1125
905
725
491
310
209
128
-42
-178
-360
-588
-724
-786
-815
-833
-789
-795
-721
-652
-555
-437
-331
-218
-146
-78
100
330
513
708
852
942
1111
1313
1527
1663
1815
1957
2031
2226
2328
2330
2249
2075
1880
1714
1529
1262
943
615
409
202
11
-228
-562
-884
-1178
-1411
-1629
-1835
-1996
-2103
-2194
-2195
-2198
-2262
-2279
-2367
-2448
-2411
-2337
-2273
-2242
-2218
-2155
-1963
-1760
-1621
-1510
-1478
-1384
-1215
-997
-763
-582
-417
-299
-189
-79
51
130
246
333
417
581
720
780
895
1018
1129
1310
1495
1610
1653
1691
1717
1709
1706
1711
1655
1602
1475
1257
1098
949
753
591
434
318
203
93
-37
-206
-340
-449
-480
-486
-464
-441
-380
-310
-255
-209
-143
-91
-19
170
314
446
627
787
846
959
1116
1282
1419
1516
1555
1560
1610
1717
1796
1812
1764
1616
1454
1294
1121
859
656
375
144
-26
-275
-433
-631
-852
-1047
-1272
-1453
-1652
-1950
-2143
-2217
-2280
-2281
-2264
-2375
-2422
-2486
-2531
-2461
-2379
-2316
-2283
-2292
-2256
-2164
-2072
-1898
-1768
-1657
-1454
-1263
-1088
-916
-766
-542
-320
-134
27
58
109
203
404
576
760
932
1039
1163
1274
1395
1493
1592
1627
1689
1764
1818
1858
1833
1753
1607
1519
1443
1321
1209
1085
973
884
767
633
517
385
287
196
158
139
97
98
88
39
69
123
173
241
303
353
438
493
524
577
623
737
863
964
1131
1288
1362
1355
1340
1349
1364
1382
1387
1325
1194
1100
947
707
483
225
-29
-148
-248
-439
-642
-869
-1102
-1253
-1363
-1454
-1578
-1808
-1966
-2110
-2199
-2201
-2259
-2373
-2467
-2526
-2598
-2565
-2509
-2467
-2443
-2439
-2379
-2328
-2212
-2043
-1948
-1849
-1637
-1487
-1336
-1156
-1012
-818
-624
-389
-184
-71
16
122
263
515
768
997
1141
1259
1407
1515
1654
1741
1796
1843
1897
2005
2021
1976
1936
1848
1744
1630
1528
1397
1215
1062
962
925
946
879
759
607
473
404
359
331
327
337
328
333
359
402
427
445
495
586
653
728
761
775
823
861
942
1011
1096
1137
1191
1212
1180
1135
1075
1053
1008
987
925
823
679
506
278
30
-169
-359
-458
-558
-682
-824
-997
-1150
-1280
-1425
-1589
-1752
-1904
-2086
-2177
-2296
-2385
-2478
-2581
-2594
-2610
-2603
-2597
-2631
-2617
-2550
-2478
-2323
-2203
-2134
-2019
-1909
-1750
-1548
-1401
-1252
-1073
-893
-731
-549
-406
-267
-61
182
360
536
741
893
1038
1207
1320
1399
1476
1548
1610
1671
1751
1800
1765
1766
1742
1723
1681
1577
1487
1334
1201
1145
1089
1062
1055
988
910
799
695
639
637
614
618
632
661
696
706
746
746
753
767
842
929
960
1004
1028
1094
1152
1166
1207
1247
1263
1299
1299
1281
1174
1016
975
928
854
799
658
461
283
66
-151
-299
-451
-604
-704
-830
-992
-1147
-1294
-1446
-1650
-1808
-1977
-2156
-2310
-2411
-2548
-2657
-2725
-2815
-2847
-2859
-2851
-2810
-2774
-2735
-2664
-2615
-2502
-2366
-2228
-2070
-1928
-1757
-1583
-1400
-1206
-981
-846
-665
-434
-241
-9
212
434
591
758
941
1060
1191
1320
1413
1498
1600
1666
1688
1735
1780
1787
1798
1798
1755
1673
1597
1570
1514
1415
1342
1279
1207
1167
1174
1130
1062
1026
960
929
909
905
950
936
971
1001
1012
1006
995
1025
1018
1028
1066
1101
1130
1188
1218
1184
1161
1130
1091
1080
1111
1105
1052
950
809
671
565
448
310
196
57
-50
-217
-392
-567
-741
-860
-997
-1125
-1181
-1304
-1446
-1592
-1763
-1952
-2159
-2302
-2441
-2524
-2562
-2617
-2685
-2754
-2784
-2784
-2765
-2733
-2694
-2641
-2563
-2458
-2339
-2216
-2118
-2013
-1872
-1681
-1490
-1266
-1070
-913
-778
-588
-346
-147
90
254
477
669
811
943
1040
1102
1206
1291
1375
1443
1497
1489
1499
1561
1569
1580
1551
1510
1432
1382
1355
1298
1230
1186
1184
1183
1199
1197
1182
1153
1144
1146
1148
1164
1119
1136
1161
1189
1228
1215
1204
1230
1219
1233
1239
1216
1211
1242
1262
1270
1237
1163
1115
1060
1015
993
947
883
816
743
647
561
468
323
213
72
-28
-129
-280
-434
-614
-786
-928
-1030
-1137
-1295
-1406
-1567
-1711
-1831
-1974
-2130
-2301
-2406
-2511
-2573
-2597
-2636
-2658
-2626
-2632
-2652
-2643
-2586
-2508
-2413
-2277
-2131
-2028
-1875
-1738
-1580
-1400
-1257
-1105
-928
-733
-554
-333
-169
43
217
371
543
675
783
866
957
1066
1160
1228
1253
1249
1282
1288
1333
1350
1395
1385
1341
1326
1292
1246
1219
1210
1225
1234
1240
1215
1190
1147
1113
1112
1091
1094
1102
1088
1100
1091
1097
1086
1097
1141
1177
1206
1216
1212
1157
1161
1133
1145
1147
1128
1080
1037
1020
951
883
790
712
665
625
591
513
389
267
140
43
-91
-215
-369
-437
-530
-695
-844
-986
-1109
-1216
-1300
-1381
-1460
-1611
-1765
-1966
-2089
-2164
-2276
-2331
-2343
-2383
-2348
-2365
-2369
-2368
-2356
-2278
-2185
-2109
-1999
-1880
-1773
-1627
-1499
-1340
-1229
-1116
-973
-821
-656
-456
-269
-102
94
212
326
438
526
636
732
853
903
919
937
947
984
1020
1068
1061
1063
1091
1089
1086
1097
1028
998
1011
1023
1017
1031
1056
1046
1075
1058
1039
1066
1059
1048
1070
1072
1067
1082
1103
1149
1143
1146
1159
1192
1208
1203
1230
1235
1175
1117
1100
1068
1041
1000
951
881
847
787
750
688
581
519
424
367
309
205
93
-25
-161
-282
-375
-477
-628
-761
-881
-973
-1083
-1188
-1274
-1413
-1522
-1636
-1740
-1827
-1927
-2011
-2048
-2108
-2121
-2152
-2156
-2084
-2060
-2013
-1991
-1949
-1898
-1830
-1729
-1587
-1463
-1353
-1222
-1088
-964
-841
-701
-573
-444
-339
-158
10
109
248
353
425
501
576
630
722
784
788
818
843
850
830
863
875
876
890
890
859
844
839
830
822
838
845
850
854
855
862
871
922
920
913
928
950
939
928
964
996
1015
1038
1062
1067
1063
1073
1085
1056
1049
1021
1005
982
960
942
887
832
731
685
613
539
479
405
325
247
167
109
34
-47
-150
-231
-294
-454
-548
-651
-764
-839
-927
-1026
-1115
-1213
-1321
-1427
-1517
-1569
-1645
-1690
-1729
-1763
-1741
-1752
-1763
-1737
-1725
-1708
-1666
-1601
-1517
-1453
-1364
-1280
-1172
-1060
-953
-841
-726
-593
-487
-335
-202
-110
-1
81
193
277
336
395
452
482
561
649
688
733
738
720
707
718
762
772
757
779
767
751
737
689
709
709
675
672
691
673
657
682
682
697
756
773
771
788
793
807
816
812
784
827
848
847
844
834
834
803
774
768
782
724
690
708
699
650
614
557
494
412
368
321
253
167
57
-23
-95
-148
-212
-339
-464
-554
-653
-719
-760
-814
-883
-972
-1059
-1129
-1174
-1252
-1308
-1401
-1463
-1473
-1500
-1520
-1487
-1503
-1501
-1453
-1409
-1388
-1313
-1232
-1161
-1083
-1006
-907
-834
-777
-680
-563
-480
-362
-219
-91
-19
63
189
256
337
457
525
544
545
545
573
585
605
664
684
709
740
724
740
747
702
703
711
684
664
634
608
592
571
552
518
509
490
487
485
488
488
471
453
473
485
503
517
515
502
482
472
455
441
463
465
466
480
504
514
476
475
472
436
396
364
330
316
293
248
180
147
86
11
-50
-71
-99
-154
-200
-245
-309
-406
-476
-549
-604
-654
-723
-769
-824
-859
-916
-962
-1007
-1037
-1052
-1073
-1055
-1075
-1061
-1019
-961
-932
-892
-852
-836
-769
-665
-587
-515
-456
-422
-365
-291
-195
-98
-34
55
91
170
247
280
365
419
468
502
505
517
516
513
543
540
544
537
488
497
480
470
497
467
422
416
373
332
344
315
304
289
258
268
274
256
230
215
203
189
174
160
178
164
195
177
147
127
116
122
121
136
152
161
135
93
112
99
71
83
75
67
59
53
42
49
40
0
-4
-24
-55
-62
-87
-111
-155
-200
-227
-301
-327
-330
-396
-424
-453
-492
-517
-533
-573
-590
-600
-624
-615
-632
-635
-614
-607
-548
-508
-463
-411
-379
-348
-310
-242
-183
-134
-84
0
63
155
244
287
335
367
424
464
508
543
564
600
598
626
651
630
646
627
597
580
567
573
553
544
517
501
473
415
343
307
248
225
206
165
174
122
115
72
44
53
34
-8
-66
-134
-182
-231
-286
-259
-263
-275
-279
-289
-282
-269
-288
-298
-296
-279
-282
-296
-273
-256
-257
-235
-215
-213
-232
-237
-215
-183
-171
-183
-184
-199
-200
-190
-177
-185
-226
-251
-254
-278
-290
-313
-352
-367
-392
-402
-404
-406
-417
-430
-450
-442
-425
-406
-392
-355
-330
-283
-241
-180
-153
-112
-73
-42
19
77
130
188
252
330
365
385
455
486
507
535
592
643
689
707
711
714
727
703
714
753
756
739
696
669
647
642
627
612
579
573
517
451
415
380
343
284
269
219
138
87
60
36
15
-20
-83
-139
-187
-230
-266
-306
-340
-388
-417
-466
-486
-515
-496
-491
-491
-456
-475
-490
-466
-478
-465
-444
-412
-410
-427
-382
-380
-385
-382
-338
-320
-338
-313
-338
-336
-331
-331
-314
-329
-356
-349
-369
-375
-374
-401
-403
-408
-413
-399
-358
-388
-378
-352
-358
-348
-297
-297
-250
-204
-167
-100
-81
-23
40
91
126
185
229
273
334
426
507
533
572
632
655
686
752
770
806
815
828
820
845
855
819
876
881
837
842
831
814
790
762
760
749
717
667
605
542
486
457
409
367
292
207
145
89
39
9
-32
-90
-167
-247
-310
-389
-459
-515
-546
-601
-647
-679
-682
-688
-687
-696
-715
-719
-705
-717
-705
-694
-684
-694
-670
-622
-601
-551
-540
-498
-482
-480
-453
-458
-446
-448
-445
-416
-423
-404
-414
-426
-470
-453
-443
-453
-437
-444
-424
-374
-363
-315
-289
-264
-227
-202
-168
-137
-93
-81
-57
7
60
114
189
190
261
292
303
362
395
447
474
537
556
562
588
612
670
695
748
795
785
804
834
853
867
874
873
884
884
919
911
897
898
880
872
856
833
768
726
689
607
547
517
462
408
334
272
222
151
90
6
-41
-132
-215
-253
-315
-368
-420
-482
-496
-525
-556
-596
-634
-639
-679
-712
-701
-740
-736
-713
-730
-707
-692
-729
-733
-729
-745
-708
-708
-688
-663
-657
-629
-640
-624
-600
-588
-565
-580
-594
-583
-599
-629
-617
-594
-559
-534
-512
-454
-440
-420
-386
-357
-304
-283
-247
-201
-173
-158
-115
-44
19
65
126
172
224
259
292
385
447
483
527
561
598
603
627
678
696
729
768
807
850
870
879
917
938
966
987
1001
1014
1036
1023
996
1003
999
978
967
929
893
874
789
771
721
674
622
537
486
392
305
240
169
73
22
-56
-125
-164
-234
-284
-350
-409
-446
-490
-532
-577
-613
-653
-668
-666
-677
-666
-689
-699
-721
-694
-669
-718
-727
-740
-760
-762
-757
-747
-731
-749
-755
-771
-787
-760
-768
-789
-800
-785
-780
-775
-739
-709
-692
-668
-662
-667
-626
-572
-549
-526
-464
-423
-389
-351
-314
-285
-250
-204
-177
-108
-33
33
79
140
196
238
292
342
405
455
490
559
582
625
675
720
769
820
872
904
962
1002
1033
1085
1093
1111
1171
1157
1182
1182
1147
1123
1100
1072
1048
1052
1000
946
899
826
751
697
635
582
495
446
397
314
238
169
103
16
-46
-102
-173
-236
-290
-345
-402
-447
-454
-501
-524
-552
-597
-635
-691
-709
-710
-711
-696
-727
-776
-775
-797
-780
-774
-787
-786
-793
-781
-779
-773
-783
-765
-743
-732
-711
-701
-704
-701
-673
-689
-686
-647
-638
-611
-578
-542
-541
-505
-472
-450
-407
-384
-370
-343
-324
-284
-197
-179
-145
-108
-58
-23
43
104
154
180
206
273
323
375
429
469
493
566
626
673
717
751
783
804
841
887
934
987
1002
1004
1023
1018
1058
1064
1049
1061
1028
1025
995
951
942
910
852
791
735
693
636
572
530
460
391
326
258
186
128
87
44
-36
-99
-165
-241
-257
-293
-314
-338
-386
-427
-455
-462
-473
-494
-548
-576
-609
-650
-662
-656
-635
-691
-704
-694
-719
-744
-754
-745
-744
-726
-741
-748
-741
-737
-740
-711
-695
-699
-673
-670
-664
-646
-636
-632
-598
-567
-542
-499
-492
-474
-426
-391
-376
-334
-318
-312
-295
-290
-262
-204
-165
-90
-34
-8
52
97
148
211
267
315
365
410
442
489
557
619
652
676
724
774
810
848
877
909
928
965
992
986
976
981
992
967
941
910
890
853
818
794
740
685
641
592
538
519
474
423
369
315
267
205
158
133
68
18
-19
-94
-167
-192
-199
-223
-244
-241
-295
-342
-390
-439
-434
-456
-487
-522
-547
-553
-562
-583
-571
-552
-597
-606
-582
-587
-588
-588
-609
-615
-613
-632
-625
-600
-605
-598
-587
-589
-606
-603
-585
-556
-539
-524
-483
-474
-471
-469
-457
-457
-452
-433
-416
-384
-373
-326
-290
-269
-260
-225
-167
-153
-112
-50
-4
32
98
171
222
279
312
368
435
488
525
555
594
653
712
731
753
790
801
823
851
873
904
892
901
881
882
855
821
806
778
741
696
671
629
612
562
548
482
413
386
354
296
245
212
171
176
118
92
75
8
-26
-57
-84
-117
-180
-219
-263
-299
-337
-372
-387
-418
-453
-454
-499
-502
-491
-496
-492
-520
-512
-514
-526
-550
-525
-539
-537
-519
-542
-545
-524
-504
-533
-510
-516
-533
-512
-514
-499
-519
-529
-533
-510
-487
-485
-467
-460
-472
-454
-416
-422
-413
-392
-356
-298
-246
-233
-201
-162
-119
-45
4
73
129
170
225
274
325
345
379
406
461
503
545
589
603
665
648
671
714
703
701
696
712
697
711
700
700
682
669
658
638
627
603
598
571
545
522
454
413
385
348
320
267
206
182
166
120
100
60
13
-15
-54
-107
-141
-155
-203
-224
-240
-249
-293
-305
-331
-363
-351
-348
-365
-365
-356
-364
-371
-397
-393
-383
-404
-416
-410
-403
-385
-404
-438
-415
-384
-407
-398
-413
-429
-413
-430
-404
-403
-417
-395
-398
-420
-404
-396
-380
-372
-366
-376
-363
-337
-336
-291
-251
-234
-214
-203
-194
-154
-101
-49
-21
11
46
86
126
173
211
253
299
311
352
363
397
448
449
471
514
537
583
590
606
629
622
618
605
589
589
575
527
543
543
511
517
502
475
422
400
400
355
349
310
285
246
209
185
140
108
69
20
-8
-31
-55
-62
-111
-155
-174
-201
-222
-247
-264
-280
-305
-342
-345
-349
-320
-340
-354
-320
-339
-325
-313
-288
-301
-273
-264
-256
-250
-232
-221
-240
-198
-220
-222
-211
-233
-236
-235
-249
-263
-267
-286
-274
-281
-290
-274
-285
-299
-288
-269
-245
-231
-255
-262
-241
-219
-203
-164
-139
-152
-152
-131
-76
-60
-19
10
36
61
101
117
134
157
168
203
202
226
252
254
279
285
287
309
314
340
364
380
380
373
400
404
407
411
404
403
401
391
366
342
345
332
313
286
277
242
184
165
121
88
84
47
24
-6
-26
-50
-64
-60
-83
-103
-118
-117
-161
-162
-172
-192
-185
-179
-173
-171
-158
-168
-172
-181
-138
-118
-115
-88
-85
-84
-79
-71
-66
-54
-75
-75
-62
-87
-63
-60
-82
-96
-100
-98
-81
-87
-94
-118
-169
-162
-167
-137
-161
-146
-122
-155
-151
-140
-141
-157
-153
-142
-155
-137
-113
-108
-102
-81
-70
-49
-37
-31
-10
-1
36
42
54
60
75
74
89
116
141
138
124
145
159
157
172
188
177
160
137
132
141
132
136
158
147
135
136
136
132
107
108
87
66
54
58
56
35
25
21
5
-27
-47
-67
-83
-79
-86
-109
-76
-88
-98
-87
-109
-104
-96
-98
-96
-55
-59
-59
-38
-9
10
-2
15
11
32
42
56
56
75
55
52
43
40
28
45
46
21
32
14
6
1
-8
-12
-18
-53
-49
-40
-63
-48
-45
-81
-69
-67
-77
-67
-89
-98
-111
-103
-90
-76
-67
-72
-66
-58
-57
-53
-10
-5
11
20
36
54
68
71
55
76
109
111
113
155
143
169
150
154
161
119
112
128
128
104
102
102
107
79
64
47
61
44
19
24
17
14
-10
-24
-47
-81
-84
-109
-112
-104
-146
-147
-152
-180
-173
-141
-174
-218
-210
-216
-205
-183
-180
-165
-168
-172
-151
-127
-111
-106
-100
-69
-45
-40
-16
28
27
47
62
93
116
124
140
158
181
165
158
162
186
188
153
160
178
155
146
152
143
145
134
140
116
127
121
82
79
74
45
40
45
23
-11
-11
-19
-20
0
-21
-8
-19
-30
-42
-10
-25
-26
3
-20
-33
-32
-41
-46
-50
-61
-65
-71
-56
-55
-40
-56
-56
-48
-47
-69
-61
-62
-74
-97
-98
-86
-85
-72
-84
-90
-72
-67
-77
-68
-96
-114
-118
-138
-134
-129
-145
-178
-189
-174
-177
-162
-127
-126
-119
-106
-101
-83
-61
-57
-41
-64
-67
-29
-41
-4
17
32
57
81
105
138
168
155
146
180
200
230
229
253
284
279
286
291
290
261
274
259
255
246
232
198
201
212
206
194
188
158
138
126
92
87
61
45
43
31
39
11
-33
-57
-76
-63
-55
-82
-87
-100
-110
-93
-93
-94
-81
-68
-72
-54
-45
-50
-75
-80
-52
-57
-87
-83
-78
-98
-100
-85
-95
-128
-118
-137
-128
-151
-142
-133
-151
-165
-178
-159
-209
-219
-214
-224
-253
-237
-235
-255
-239
-232
-263
-277
-266
-260
-258
-245
-241
-254
-229
-233
-232
-184
-204
-174
-153
-130
-76
-73
-44
-9
12
26
64
88
118
165
193
225
236
282
278
281
316
334
350
345
359
382
383
381
374
403
394
385
394
387
388
367
378
391
363
346
331
309
284
277
260
232
221
201
192
167
175
143
100
98
67
40
3
0
0
-33
-22
-16
-44
-35
-64
-83
-108
-152
-176
-199
-191
-192
-191
-208
-222
-212
-227
-209
-214
-215
-199
-218
-230
-233
-259
-252
-281
-297
-274
-308
-323
-335
-370
-378
-383
-380
-361
-351
-361
-352
-351
-351
-318
-304
-298
-290
-285
-299
-292
-290
-248
-221
-206
-176
-159
-137
-131
-79
-68
-46
-48
-25
1
3
51
91
115
170
180
193
232
247
272
302
307
321
350
334
351
383
392
406
431
452
455
453
441
431
426
425
412
386
351
340
334
326
338
335
327
326
300
289
268
245
216
202
190
183
171
131
117
109
64
49
52
24
20
9
-27
-37
-40
-83
-102
-108
-133
-148
-149
-168
-163
-189
-217
-212
-230
-255
-271
-266
-267
-251
-239
-252
-289
-313
-328
-336
-349
-365
-381
-392
-372
-388
-402
-377
-384
-406
-404
-394
-371
-376
-363
-361
-345
-313
-281
-247
-246
-209
-184
-179
-154
-128
-114
-111
-95
-62
-46
-12
25
49
86
127
159
170
186
214
227
247
233
261
275
262
283
293
297
305
339
336
350
358
355
366
395
371
364
394
378
386
383
372
381
349
291
297
287
235
231
204
192
145
143
136
105
121
105
103
103
54
35
38
30
6
-9
-11
-16
-22
-22
-44
-43
-50
-94
-102
-107
-119
-126
-158
-176
-176
-183
-178
-206
-219
-221
-231
-239
-259
-248
-262
-282
-311
-325
-342
-350
-337
-342
-348
-354
-320
-338
-344
-313
-308
-303
-296
-288
-255
-240
-234
-220
-208
-201
-197
-169
-168
-159
-140
-116
-117
-90
-63
-73
-37
10
48
84
116
146
198
216
227
236
244
280
274
282
312
327
338
346
361
374
350
357
348
356
361
361
352
326
315
286
286
273
274
241
245
234
187
184
167
149
147
132
136
133
98
90
81
86
54
39
22
20
31
27
50
47
28
7
-12
-45
-42
-81
-81
-84
-115
-102
-113
-98
-115
-124
-156
-171
-186
-215
-219
-219
-218
-247
-239
-247
-238
-242
-257
-282
-292
-276
-311
-296
-290
-301
-315
-338
-322
-318
-311
-300
-289
-310
-303
-288
-275
-240
-219
-236
-191
-169
-150
-111
-122
-96
-88
-59
-31
-21
13
31
38
65
107
130
158
173
184
208
213
227
217
207
203
231
256
267
299
305
310
305
293
284
286
287
287
276
278
297
278
266
254
237
232
201
201
196
195
200
189
198
198
194
171
185
191
168
172
165
155
139
130
124
127
93
76
64
64
54
43
14
-8
-3
-56
-76
-86
-87
-106
-116
-141
-145
-134
-158
-174
-184
-223
-237
-264
-261
-280
-285
-292
-298
-311
-341
-355
-368
-356
-339
-338
-350
-338
-323
-320
-319
-329
-319
-305
-291
-272
-225
-219
-214
-224
-187
-154
-152
-133
-106
-112
-111
-53
-10
6
9
18
25
46
52
71
79
106
108
125
136
163
182
183
202
221
202
224
241
228
228
217
217
221
262
248
250
254
229
236
241
251
254
264
255
236
225
217
218
210
206
206
185
183
184
158
134
128
144
153
138
139
129
116
124
116
124
112
83
55
39
50
14
-4
-14
-22
-38
-50
-58
-98
-130
-149
-161
-183
-205
-221
-206
-228
-255
-249
-241
-265
-279
-256
-260
-294
-303
-303
-290
-287
-276
-247
-249
-234
-238
-254
-228
-240
-220
-191
-210
-193
-173
-184
-175
-154
-149
-120
-114
-83
-41
-33
-43
5
21
24
41
82
106
85
120
105
109
146
149
166
170
187
204
196
196
217
214
216
216
196
183
174
182
182
180
152
164
152
124
125
124
131
133
145
140
154
146
152
142
129
104
128
123
88
95
87
87
82
103
80
70
39
35
72
81
66
61
13
-21
-15
-34
-51
-57
-51
-74
-86
-62
-83
-129
-116
-150
-168
-162
-182
-194
-205
-210
-181
-200
-208
-206
-244
-250
-256
-242
-239
-244
-213
-181
-199
-184
-190
-179
-162
-163
-142
-133
-100
-71
-87
-82
-49
-29
0
27
16
30
42
60
56
88
91
78
81
81
108
113
82
95
93
119
159
163
177
147
162
148
146
144
163
133
125
127
119
121
108
115
115
129
121
118
94
97
70
66
82
72
76
62
63
54
63
63
65
80
57
43
43
37
62
63
53
53
26
10
15
22
33
14
-9
11
-5
-25
-27
-28
-49
-47
-54
-54
-53
-56
-88
-91
-72
-79
-103
-92
-81
-97
-94
-48
-55
-67
-62
-99
-79
-77
-73
-81
-70
-60
-56
-76
-73
-69
-81
-64
-80
-61
-47
-81
-83
-71
-73
-77
-67
-86
-88
-89
-102
-79
-80
-82
-71
-86
-91
-80
-76
-90
-87
-77
-80
-99
-89
-55
-63
-78
-66
-66
-62
-44
-35
-27
-35
-34
-14
-16
5
32
56
66
62
87
72
59
74
86
91
86
117
125
131
146
164
145
147
167
164
176
174
162
170
180
178
180
192
166
156
146
153
140
129
110
102
110
106
92
84
80
73
60
57
49
50
21
-17
-15
-31
-44
-36
-34
-46
-57
-57
-68
-74
-69
-58
-73
-84
-72
-66
-59
-64
-43
-57
-31
-23
-26
-37
-46
-33
-54
-62
-65
-70
-56
-46
-60
-55
-55
-61
-57
-63
-63
-77
-102
-99
-106
-101
-96
-110
-104
-102
-98
-100
-88
-88
-96
-100
-103
-90
-86
-84
-75
-50
-42
-62
-51
-49
-57
-38
-20
-9
-7
-13
-4
12
19
27
30
34
42
42
58
57
56
56
60
68
101
105
106
106
100
91
78
110
118
127
134
132
116
114
93
77
72
46
30
22
8
-6
1
-14
-16
-34
-24
-11
-27
-18
-18
-37
-46
-38
-40
-31
-33
-27
-23
-21
-35
-30
-24
-52
-22
-1
0
0
-4
15
20
9
-5
11
8
3
10
22
22
20
49
53
61
68
60
54
53
45
45
52
48
28
28
32
19
26
14
21
33
41
34
11
1
11
-10
-35
-28
-49
-46
-48
-40
-37
-53
-60
-53
-59
-52
-54
-57
-52
-58
-65
-62
-32
-59
-44
-48
-62
-47
-56
-50
-26
-31
-32
-15
-20
-11
-14
-10
-7
-5
-8
-11
2
-1
-8
-4
-12
-10
3
9
9
27
23
23
40
24
29
25
29
33
22
31
26
40
51
37
29
24
16
18
23
20
14
39
19
14
20
-5
-15
-8
-6
5
-4
-7
-1
-11
-4
4
8
-2
-9
-2
-2
-19
-9
-17
-24
-27
-24
-25
-44
-32
-33
-26
-15
-8
9
6
13
15
6
6
4
10
6
14
16
9
24
23
24
18
15
4
-4
2
9
-2
3
1
-12
0
-6
-6
-13
-13
-23
-31
-26
-33
-45
-43
-49
-48
-50
-39
-32
-28
-29
-40
-23
-21
-21
-29
-19
-11
-36
-30
-24
-22
-25
-15
-11
10
15
-2
25
39
45
51
63
62
56
51
41
58
47
53
66
73
87
81
91
99
99
102
106
84
73
77
86
79
73
76
70
44
47
50
50
53
46
50
39
34
33
32
32
21
2
-2
11
-1
2
-15
-31
-21
-38
-53
-50
-52
-61
-66
-77
-60
-71
-75
-77
-88
-86
-84
-94
-105
-102
-102
-110
-111
-116
-108
-115
-124
-116
-130
-127
-122
-112
-110
-108
-84
-91
-80
-74
-82
-86
-85
-76
-77
-77
-64
-63
-64
-58
-49
-34
-36
-16
2
10
16
26
41
24
33
30
38
48
37
53
56
70
64
77
88
97
102
94
114
113
108
102
106
118
104
110
109
99
108
121
115
108
105
105
109
105
101
81
86
79
79
86
77
68
73
68
67
71
61
69
60
62
58
58
56
48
37
32
22
9
1
-10
-7
-13
-16
-29
-38
-34
-45
-46
-43
-38
-69
-75
-60
-70
-65
-72
-54
-57
-71
-67
-58
-62
-68
-73
-77
-69
-82
-89
-90
-87
-86
-70
-66
-75
-67
-72
-71
-69
-70
-75
-83
-85
-83
-81
-63
-66
-67
-61
-81
-81
-72
-75
-75
-56
-68
-63
-53
-47
-40
-33
-24
-22
-24
-23
-7
4
-1
-14
-6
-5
-1
1
16
28
24
36
34
41
52
55
52
69
71
71
76
75
86
84
90
103
110
118
116
113
111
112
110
93
94
96
88
79
82
79
80
76
76
85
76
70
78
69
51
52
41
21
19
12
12
3
-3
3
-18
-22
-14
-21
-13
-26
-30
-44
-40
-35
-51
-39
-41
-47
-66
-68
-79
-76
-65
-65
-62
-63
-64
-67
-72
-65
-57
-50
-40
-56
-53
-45
-41
-44
-42
-43
-37
-33
-49
-38
-36
-24
-24
-15
-11
-13
-6
-9
-14
-8
-9
-14
-9
-11
-5
4
5
10
8
1
-1
11
-5
-5
7
5
3
2
7
9
0
-5
3
-2
10
7
12
24
28
24
30
30
31
34
30
37
31
25
20
29
23
30
32
23
22
25
34
35
44
45
40
33
28
29
34
27
20
19
27
26
23
12
10
9
11
14
14
22
6
4
1
6
0
-6
-9
-21
-24
-26
-31
-23
-20
-37
-31
-38
-46
-37
-33
-30
-30
-34
-44
-40
-35
-27
-39
-49
-39
-36
-40
-30
-23
-26
-25
-26
-30
-22
-25
-26
-18
-20
-15
-16
-24
-15
-6
-7
-10
-14
-5
4
6
16
12
8
17
19
20
19
18
20
20
21
32
44
42
37
42
36
43
44
49
60
54
47
48
40
42
39
45
49
45
44
44
51
38
37
39
37
45
33
25
22
25
29
26
31
26
22
15
14
22
13
4
0
-12
-24
-18
-16
-23
-26
-27
-34
-34
-40
-43
-54
-52
-53
-65
-61
-58
-59
-62
-63
-48
-61
-69
-64
-59
-60
-68
-66
-66
-68
-64
-65
-62
-58
-56
-50
-44
-39
-48
-49
-46
-44
-40
-33
-31
-26
-25
-12
-12
-13
-3
1
8
6
25
31
34
27
23
38
23
26
24
37
48
50
54
56
67
60
64
59
59
57
46
55
61
63
67
65
57
58
64
64
66
59
56
67
65
61
57
47
50
49
47
47
44
41
39
37
44
39
29
21
5
0
-2
-2
-3
-9
-17
-35
-34
-36
-47
-40
-34
-41
-45
-32
-35
-35
-46
-45
-48
-57
-56
-55
-54
-61
-57
-57
-55
-52
-54
-52
-51
-48
-56
-62
-65
-50
-44
-37
-39
-43
-37
-37
-30
-29
-28
-25
-24
-30
-15
-14
-12
-8
-4
0
1
4
0
-2
-1
-2
2
0
1
17
16
20
27
27
24
29
17
14
7
12
20
15
22
28
36
32
41
41
34
21
18
17
22
21
21
24
20
27
25
32
40
38
36
34
35
30
35
27
30
31
26
17
11
13
13
19
27
33
26
25
27
27
35
26
23
17
12
11
7
9
7
-3
-3
-4
-8
-6
-9
-10
-13
-16
-27
-19
-17
-31
-32
-30
-31
-32
-30
-29
-28
-38
-47
-42
-40
-32
-35
-27
-31
-26
-23
-26
-27
-39
-38
-41
-42
-44
-41
-33
-32
-29
-27
-16
-8
-23
-20
-10
-20
-19
-19
-10
-5
-2
-2
3
7
8
15
13
14
14
10
9
21
24
19
18
17
17
18
17
20
20
20
27
27
28
25
23
27
32
27
28
25
27
24
17
30
27
30
29
32
31
36
37
36
34
26
18
12
10
7
8
4
10
3
6
3
-3
-1
0
-8
-19
-21
-21
-13
-16
-16
-13
-19
-18
-24
-27
-23
-28
-24
-34
-24
-21
-21
-21
-17
-21
-23
-19
-24
-21
-25
-26
-33
-22
-24
-28
-19
-15
-15
-5
-2
0
0
1
-2
0
4
0
2
4
8
16
22
20
18
21
19
10
3
6
12
8
6
15
3
1
3
-1
-3
0
2
-7
0
5
-6
-6
-7
-2
-7
-12
-2
0
-3
0
0
-7
-8
-4
-6
-2
-3
1
8
6
8
17
9
8
4
-4
-3
-4
2
5
5
6
5
10
15
11
12
16
19
13
11
14
15
9
9
13
17
21
13
15
19
8
7
7
1
-3
9
7
10
10
0
5
2
4
4
9
7
4
2
2
8
12
19
13
11
9
8
8
8
4
1
1
-8
-5
5
6
0
-2
-12
-13
-9
-15
-16
-17
-20
-23
-21
-20
-22
-19
-15
-17
-20
-22
-20
-22
-30
-34
-34
-35
-37
-28
-24
-29
-28
-30
-30
-25
-27
-26
-28
-29
-25
-25
-21
-15
-9
-2
0
5
6
3
3
-1
6
9
1
8
9
11
16
17
14
16
20
19
21
17
13
10
15
10
16
16
11
17
16
18
17
15
15
17
18
17
22
21
21
24
22
21
22
20
20
19
12
16
13
15
17
17
12
10
12
9
10
7
3
2
1
1
3
3
1
10
10
11
6
2
-1
1
3
3
-1
-2
-5
-9
1
-5
-4
0
-9
-9
-11
-10
-11
-19
-19
-15
-16
-16
-18
-15
-13
-13
-15
-12
-14
-18
-14
-18
-14
-14
-13
-5
-1
0
3
0
-4
-3
-7
-7
-6
-1
-5
-1
2
-3
-3
-7
-9
-9
-3
-4
-8
-4
-7
-10
-4
-1
-5
0
-4
-8
-1
-6
-4
-2
-6
-4
-3
-4
0
0
-3
-8
-1
5
4
2
4
6
3
-1
-2
2
9
4
10
12
11
16
13
18
17
17
18
23
22
16
17
16
17
15
16
16
13
13
13
16
13
11
12
11
5
4
-1
0
-3
0
3
-1
0
-4
-11
-16
-12
-14
-16
-16
-11
-12
-14
-8
-10
-10
-17
-18
-20
-24
-20
-21
-15
-19
-22
-19
-17
-16
-13
-17
-18
-16
-13
-9
-9
-9
-5
-2
-6
-5
-8
-10
-10
-5
-1
1
-1
-5
-2
1
-1
-1
-1
-5
0
7
8
11
8
6
10
17
22
18
16
16
12
10
15
18
17
15
19
22
20
22
22
24
27
27
26
34
30
30
29
29
31
22
17
17
15
8
6
7
7
6
8
4
0
2
6
8
1
3
-3
-8
-6
-8
-10
-12
-14
-20
-20
-25
-29
-30
-29
-25
-26
-23
-18
-24
-21
-17
-20
-18
-24
-24
-25
-28
-20
-21
-16
-12
-9
-6
-9
-11
-13
-17
-20
-14
-10
-8
-5
-5
-7
-7
-2
-1
-2
1
-2
-6
-3
-4
-4
-3
-1
3
1
1
5
1
0
-4
1
3
1
2
-4
-7
1
2
0
10
8
8
5
3
9
9
7
4
6
10
9
5
12
9
9
14
13
19
21
22
23
25
30
30
25
25
24
24
25
23
21
20
17
17
21
14
9
14
9
12
9
