3
2
1
-2
0
-3
-3
-1
0
2
3
4
2
-1
0
-1
0
0
-1
1
0
-1
0
0
0
-2
-2
-3
-3
-2
-2
0
0
0
0
-2
-2
-1
-2
-2
-2
-2
-3
-4
-1
-2
-2
-2
-3
-2
-1
-2
0
1
-1
-1
-2
-2
-2
-1
-1
1
2
2
0
1
1
1
2
1
1
1
1
1
2
2
2
2
2
3
3
2
2
0
-1
0
1
1
3
2
1
0
0
0
0
0
2
3
2
3
3
3
3
3
1
1
0
0
-2
-1
-1
0
1
2
1
1
3
2
3
1
1
1
0
0
0
-2
-1
-1
-1
-1
-2
-3
-2
-3
-1
0
0
0
-1
-1
-1
-1
-1
-2
-1
-2
-2
-3
-3
-2
-2
-1
0
0
0
0
-1
-2
-2
-3
-2
0
0
0
2
0
-2
-3
-2
-1
0
0
0
0
2
0
1
1
0
0
0
1
2
3
1
1
1
0
0
1
1
3
1
0
1
2
2
0
0
0
0
0
0
-1
-2
-3
-3
-2
-1
0
0
1
0
-1
-1
-1
0
0
0
0
-1
-2
-1
-1
-1
-1
-3
-2
-1
-1
-3
-2
-2
-2
-2
1
1
0
0
0
-1
1
-1
1
1
1
0
3
2
0
3
1
2
1
1
1
1
1
0
0
0
0
2
2
5
4
4
3
2
2
2
2
2
1
1
0
1
1
0
-1
1
1
1
1
1
0
1
1
3
2
2
1
1
1
0
-2
0
0
0
0
0
-1
0
2
-1
0
0
0
-1
0
1
0
1
1
0
2
1
1
2
1
0
-3
-3
-3
-4
-1
0
0
1
0
1
0
2
2
1
-1
-1
0
-1
-2
-2
-2
-2
-3
-2
-2
-2
0
-1
-1
1
1
0
-1
-1
-1
-2
-3
-2
-2
0
-1
-2
-1
-1
-4
-3
-2
-1
-1
-2
-1
-1
-3
-2
-1
0
0
0
2
2
3
0
1
0
1
0
-1
0
0
0
1
2
2
2
1
0
1
0
0
-1
-1
-2
-2
-1
0
0
0
1
1
-1
-1
-1
-4
-1
-2
-1
1
1
1
1
0
0
0
1
2
2
0
-2
-1
-1
-3
-2
-1
-2
-3
-1
0
-1
-1
0
1
0
-1
1
-2
-2
-2
-1
-1
-2
-2
-1
-1
0
0
0
1
1
2
2
2
1
0
1
2
1
2
1
3
2
3
4
4
4
4
4
5
5
4
5
6
5
6
5
5
5
4
4
3
5
5
5
6
6
5
4
4
5
5
5
3
2
1
2
1
2
2
2
0
0
-1
-3
-5
-5
-7
-9
-10
-8
-7
-7
-7
-7
-6
-8
-9
-10
-13
-12
-11
-11
-9
-8
-9
-9
-9
-8
-9
-9
-8
-9
-8
-8
-7
-7
-4
-5
-4
-5
-6
-6
-4
-5
-4
-3
-3
-1
1
1
2
3
1
1
1
2
4
5
7
7
8
4
7
7
7
8
9
9
10
9
10
11
9
14
15
17
18
17
18
20
17
18
16
15
16
15
15
13
13
13
13
11
11
10
8
10
9
8
7
6
5
4
5
4
3
1
1
1
0
-2
-2
-3
-7
-9
-9
-9
-10
-12
-13
-13
-14
-16
-18
-18
-20
-21
-21
-21
-23
-23
-24
-24
-24
-25
-26
-27
-27
-25
-26
-23
-24
-23
-19
-20
-18
-18
-18
-16
-16
-16
-14
-12
-12
-12
-12
-12
-10
-9
-7
-5
-2
-1
-1
0
3
2
4
5
7
8
10
12
14
17
19
23
25
26
27
30
31
32
34
37
36
39
40
40
39
40
42
43
41
42
41
39
39
37
36
37
37
35
34
34
29
27
26
22
17
14
13
9
6
2
1
-3
-8
-12
-15
-21
-26
-30
-32
-37
-44
-49
-50
-53
-55
-57
-59
-60
-62
-61
-63
-62
-62
-64
-63
-61
-58
-56
-52
-50
-47
-44
-42
-36
-34
-32
-27
-27
-24
-23
-20
-18
-18
-15
-11
-7
-4
-2
0
3
8
13
14
17
19
23
24
26
29
30
31
31
36
37
39
42
43
45
47
49
50
51
53
55
55
57
59
59
62
61
61
60
61
62
62
64
67
70
74
76
75
73
69
66
63
60
58
53
46
40
33
27
20
12
6
-2
-8
-16
-24
-32
-40
-47
-55
-63
-70
-78
-83
-91
-94
-97
-104
-106
-109
-113
-112
-111
-109
-108
-103
-100
-96
-90
-84
-82
-78
-77
-76
-69
-62
-57
-52
-51
-50
-45
-39
-30
-24
-20
-18
-15
-13
-7
-5
-1
0
2
6
7
10
14
15
17
18
21
25
27
31
33
35
39
39
38
39
42
43
45
48
51
51
54
55
57
59
59
61
62
63
62
64
66
66
65
64
64
67
66
65
66
64
64
64
67
69
67
66
65
62
63
63
63
61
65
71
78
79
79
72
64
58
58
62
63
59
51
40
29
18
7
-2
-11
-20
-28
-40
-47
-54
-62
-72
-82
-92
-104
-112
-117
-120
-126
-134
-143
-150
-158
-159
-159
-160
-159
-160
-160
-155
-148
-143
-136
-134
-130
-123
-114
-104
-95
-89
-83
-81
-79
-73
-63
-53
-44
-40
-37
-30
-18
-10
3
10
13
17
22
34
43
50
54
50
48
50
54
60
62
66
63
62
65
67
69
68
67
66
68
74
79
81
84
84
83
84
84
86
83
81
77
77
75
72
75
75
73
77
78
76
77
75
73
71
71
71
68
65
60
54
51
50
50
47
43
42
41
44
41
43
43
39
35
37
40
42
50
55
56
57
53
44
40
40
45
45
46
40
31
20
9
0
-8
-17
-25
-38
-47
-54
-65
-75
-83
-95
-108
-116
-129
-136
-143
-151
-156
-165
-175
-184
-192
-190
-189
-189
-191
-194
-193
-188
-181
-170
-162
-159
-152
-148
-135
-122
-111
-103
-99
-93
-81
-69
-54
-44
-33
-29
-22
-9
2
14
22
24
29
32
37
47
54
61
64
62
60
62
66
75
80
80
82
84
88
94
99
98
95
93
89
92
96
93
93
91
89
86
90
96
96
96
92
89
88
91
92
91
88
86
87
89
93
89
88
81
77
80
82
82
82
82
79
79
77
76
77
77
74
75
75
69
69
68
73
82
85
90
92
84
78
73
71
67
63
55
47
37
22
7
-9
-21
-36
-48
-58
-72
-86
-99
-114
-124
-133
-146
-158
-170
-179
-187
-192
-198
-208
-220
-228
-228
-228
-224
-223
-226
-225
-220
-214
-204
-191
-182
-176
-170
-161
-146
-132
-121
-116
-111
-104
-93
-74
-59
-50
-40
-37
-34
-22
-5
10
20
25
30
33
40
50
61
65
65
66
65
70
78
82
85
80
76
80
82
88
92
89
90
87
90
97
101
106
107
110
108
108
113
114
114
113
111
112
110
111
112
114
115
112
113
115
115
115
116
110
102
101
98
97
93
88
82
74
70
66
60
64
60
57
53
46
45
41
39
42
43
42
44
41
41
40
40
40
43
49
57
57
45
38
20
4
-8
-25
-36
-50
-63
-74
-89
-102
-115
-131
-140
-148
-156
-165
-177
-183
-186
-190
-190
-193
-190
-194
-200
-203
-204
-203
-201
-198
-193
-189
-181
-169
-156
-141
-131
-121
-110
-97
-86
-72
-61
-58
-53
-48
-44
-35
-23
-16
-11
-7
-4
7
21
30
40
40
39
41
45
55
53
55
56
51
52
58
64
65
64
59
57
57
60
66
70
69
68
70
70
71
74
80
80
79
82
87
86
93
95
95
97
96
99
100
104
100
98
100
97
98
98
96
94
93
94
91
92
93
89
89
86
84
83
78
78
76
69
69
59
51
47
39
31
25
16
11
13
24
37
54
65
59
53
45
39
37
40
47
51
53
43
23
-4
-32
-52
-71
-88
-101
-112
-122
-131
-139
-150
-163
-173
-187
-190
-197
-200
-197
-194
-190
-185
-175
-173
-170
-162
-155
-138
-127
-111
-98
-90
-82
-77
-71
-65
-51
-47
-47
-45
-39
-38
-31
-25
-26
-28
-31
-27
-28
-28
-25
-30
-30
-32
-32
-30
-26
-27
-28
-26
-30
-24
-23
-20
-15
-14
-11
-4
2
3
4
4
2
5
7
8
16
22
27
31
35
42
49
60
68
75
81
87
95
102
114
124
131
136
137
146
143
143
144
146
145
139
135
131
134
134
136
144
143
134
124
121
115
108
105
99
92
85
79
77
72
66
55
44
34
27
25
23
22
17
19
20
31
50
74
86
99
103
108
113
111
118
123
118
106
87
66
45
16
-17
-48
-83
-117
-150
-175
-197
-215
-230
-234
-234
-230
-218
-214
-207
-202
-199
-187
-175
-156
-137
-118
-97
-81
-74
-65
-59
-59
-64
-69
-72
-82
-91
-99
-110
-121
-136
-152
-166
-175
-189
-203
-209
-224
-232
-238
-244
-239
-229
-219
-205
-185
-173
-152
-129
-113
-94
-82
-72
-59
-45
-31
-21
-15
-11
-2
5
16
24
32
44
56
66
75
85
95
107
123
131
141
162
169
186
203
215
224
229
242
249
259
274
274
280
279
278
279
279
276
270
268
257
253
246
243
242
230
223
210
200
193
188
185
174
170
161
154
153
151
143
136
132
128
126
133
125
123
120
117
120
129
139
146
156
162
172
179
178
174
160
128
96
56
7
-51
-107
-162
-225
-286
-348
-399
-447
-482
-498
-508
-504
-492
-475
-457
-437
-422
-405
-383
-359
-318
-286
-256
-226
-209
-190
-181
-176
-179
-191
-200
-208
-213
-219
-228
-257
-289
-308
-337
-354
-367
-388
-404
-415
-417
-406
-391
-374
-348
-322
-285
-251
-207
-162
-128
-80
-33
4
36
61
81
105
121
149
163
174
196
202
220
230
235
252
263
276
289
311
321
321
333
348
367
381
395
416
423
434
454
468
479
481
477
472
475
475
479
479
465
455
429
406
386
369
350
320
300
276
257
236
221
203
177
163
140
130
127
117
116
106
101
95
94
88
86
93
99
109
124
143
167
186
203
214
221
235
242
248
232
198
151
83
15
-62
-154
-249
-352
-455
-547
-639
-730
-800
-856
-899
-918
-913
-889
-855
-802
-733
-682
-619
-547
-488
-425
-368
-310
-269
-234
-200
-182
-171
-166
-169
-170
-177
-187
-207
-232
-266
-321
-364
-417
-469
-513
-562
-597
-621
-630
-631
-613
-578
-536
-483
-409
-327
-238
-144
-56
29
103
179
239
295
358
406
436
471
491
509
512
504
501
483
459
444
430
417
401
386
372
358
354
350
355
374
397
440
480
512
550
564
580
606
603
594
601
595
592
587
596
591
579
578
548
530
511
487
456
429
399
360
320
275
243
212
180
161
144
117
113
109
115
128
144
160
205
271
330
416
497
555
574
580
583
572
534
474
405
279
133
-27
-215
-397
-574
-772
-970
-1145
-1320
-1476
-1577
-1631
-1667
-1662
-1622
-1562
-1470
-1326
-1200
-1086
-936
-797
-650
-518
-385
-266
-176
-89
-16
57
127
162
178
175
152
100
46
-45
-167
-276
-423
-567
-693
-820
-925
-1035
-1125
-1181
-1196
-1173
-1112
-1001
-887
-745
-571
-400
-214
-20
173
360
533
699
817
922
1004
1046
1073
1072
1052
1029
974
923
861
769
698
608
530
454
387
300
223
159
104
88
103
147
211
280
343
416
501
589
695
823
915
1008
1073
1098
1120
1114
1072
1015
951
873
779
687
582
498
409
310
229
150
94
57
20
12
15
-2
-17
-16
45
62
116
273
470
674
884
1074
1186
1255
1304
1292
1243
1172
1007
787
489
154
-213
-616
-985
-1369
-1744
-2077
-2352
-2574
-2727
-2750
-2733
-2658
-2500
-2339
-2128
-1852
-1567
-1299
-1011
-747
-521
-271
7
225
451
685
824
936
1052
1103
1071
1060
946
725
513
244
-82
-398
-714
-1047
-1371
-1658
-1901
-2117
-2221
-2289
-2318
-2242
-2120
-1942
-1632
-1302
-976
-647
-293
49
328
673
946
1146
1357
1459
1500
1523
1481
1403
1318
1231
1057
913
753
541
398
202
4
-165
-343
-471
-567
-588
-615
-591
-497
-377
-237
-60
188
418
671
953
1232
1493
1715
1894
2001
2073
2098
2046
2003
1898
1708
1523
1282
1055
870
662
496
354
238
134
65
48
36
38
56
130
186
359
611
909
1362
1798
2124
2353
2538
2576
2492
2515
2361
2086
1843
1348
698
62
-586
-1267
-1843
-2415
-3000
-3509
-3866
-4133
-4273
-4236
-4210
-4128
-3841
-3510
-3117
-2576
-2025
-1493
-941
-364
87
617
1121
1543
1877
2108
2241
2253
2222
2084
1848
1509
1085
616
116
-419
-888
-1360
-1875
-2365
-2790
-3127
-3313
-3393
-3467
-3483
-3391
-3277
-3070
-2622
-2138
-1703
-1103
-558
-114
450
978
1362
1697
2037
2131
2126
2133
1940
1688
1445
1084
685
394
103
-214
-411
-560
-798
-949
-1046
-1149
-1149
-1045
-985
-924
-766
-613
-373
-40
265
587
903
1241
1625
1980
2377
2644
2853
2979
2936
2904
2793
2610
2342
1997
1539
1083
691
349
108
-97
-314
-477
-494
-519
-410
-171
80
284
500
789
1179
1790
2602
3219
3631
3967
3995
3857
3711
3441
3024
2649
2054
1169
335
-448
-1334
-1975
-2553
-3379
-4071
-4561
-4967
-5167
-5092
-4988
-4866
-4544
-4199
-3791
-3132
-2321
-1604
-886
-148
490
1135
1921
2589
3130
3495
3588
3538
3438
3189
2795
2282
1589
740
-111
-838
-1397
-1896
-2343
-2775
-3297
-3698
-3831
-3939
-3878
-3683
-3603
-3470
-3136
-2721
-2231
-1431
-747
-242
462
1111
1554
2131
2682
2795
2839
2871
2530
2165
1971
1462
842
361
-292
-982
-1370
-1659
-2007
-2149
-2216
-2440
-2411
-2133
-1941
-1656
-1198
-908
-664
-243
158
561
1078
1498
1781
2146
2471
2676
2986
3187
3193
3147
2939
2626
2281
1943
1562
1148
695
178
-208
-436
-695
-845
-907
-1012
-1060
-926
-793
-552
-153
234
771
1609
2565
3398
4165
4684
4785
4710
4493
4048
3537
3072
2322
1330
298
-790
-1789
-2481
-3153
-3903
-4524
-4995
-5440
-5494
-5358
-5176
-4881
-4475
-4096
-3624
-2922
-2148
-1353
-490
229
907
1634
2400
3143
3797
4263
4480
4448
4240
3925
3513
2963
2154
1231
263
-714
-1480
-2086
-2613
-3046
-3474
-3833
-3983
-3982
-3890
-3660
-3283
-2960
-2526
-1909
-1268
-589
209
896
1415
1977
2494
2899
3252
3491
3399
3122
2850
2335
1786
1244
540
-231
-910
-1589
-2239
-2667
-2869
-3023
-3153
-3054
-2904
-2688
-2301
-1877
-1519
-1163
-778
-428
-29
482
985
1461
1865
2200
2485
2755
2986
3042
3009
2753
2375
1847
1301
790
327
-117
-523
-864
-1116
-1188
-1222
-1176
-1072
-945
-945
-879
-740
-627
-395
-160
268
945
1925
3057
4025
4719
5078
5018
4714
4240
3558
2867
2267
1421
376
-611
-1540
-2404
-3066
-3619
-4391
-5111
-5608
-5993
-6006
-5743
-5376
-4927
-4325
-3636
-2861
-1811
-723
258
1211
1965
2571
3225
3900
4435
4821
4999
4866
4560
4147
3663
3096
2388
1494
486
-487
-1360
-2050
-2516
-2969
-3402
-3695
-3812
-3714
-3367
-2927
-2549
-2176
-1750
-1329
-671
188
1025
1791
2554
3061
3459
3921
4220
4253
4061
3531
2671
1831
1050
171
-593
-1324
-2058
-2723
-3140
-3383
-3439
-3361
-3232
-3173
-3049
-2820
-2560
-2155
-1692
-1224
-777
-271
264
827
1451
2024
2412
2667
2786
2771
2689
2513
2243
1845
1312
693
168
-250
-720
-1082
-1341
-1615
-1818
-1787
-1759
-1579
-1238
-1009
-889
-600
-371
-186
93
519
907
1541
2350
3328
4457
5233
5552
5416
4818
4021
3066
2075
1275
648
-86
-865
-1668
-2347
-3016
-3538
-4204
-5055
-5795
-6398
-6821
-6775
-6264
-5603
-4716
-3617
-2465
-1301
-45
1071
1959
2657
3154
3463
3836
4210
4542
4772
4780
4596
4326
3912
3377
2628
1691
569
-753
-1964
-2911
-3526
-3876
-4046
-4052
-3937
-3576
-2986
-2306
-1699
-1194
-841
-565
-75
610
1377
2345
3250
3898
4483
4956
5153
5174
4876
4035
2996
1911
676
-381
-1094
-1783
-2432
-2757
-3041
-3334
-3361
-3363
-3528
-3517
-3429
-3415
-3053
-2372
-1715
-923
-3
855
1679
2450
2952
3181
3238
3027
2658
2345
2032
1735
1547
1370
1101
758
343
-238
-837
-1436
-2029
-2564
-2929
-3042
-2951
-2678
-2116
-1603
-1015
-340
131
576
856
1003
1096
1290
1489
1958
2949
4254
5313
5866
5753
5036
4007
2795
1333
217
-468
-1045
-1698
-2412
-3058
-3508
-3884
-4349
-5167
-6006
-6732
-7298
-7277
-6661
-5801
-4606
-3372
-2196
-988
213
1259
2109
2664
2916
3038
3312
3822
4478
4954
5224
5133
4804
4159
3299
2350
1208
-144
-1637
-2944
-3760
-3955
-3769
-3452
-3114
-2831
-2608
-2239
-1768
-1343
-903
-530
-231
280
1212
2260
3443
4661
5365
5644
5827
5635
5074
4435
3447
2144
1053
231
-554
-938
-1159
-1690
-2242
-2789
-3468
-4030
-4275
-4483
-4511
-4180
-3504
-2646
-1468
-224
756
1590
2201
2514
2663
2828
2785
2732
2662
2456
2418
2418
2342
2124
1673
950
-33
-981
-1898
-2602
-2956
-3235
-3185
-2902
-2488
-1946
-1418
-1037
-881
-890
-939
-730
-349
93
698
1344
2038
2598
3216
3974
5053
5844
5893
5191
3838
2415
1210
187
-565
-748
-687
-900
-1437
-2258
-3191
-4134
-5139
-6392
-7422
-7972
-7972
-7292
-5992
-4438
-2953
-1723
-964
-499
-69
225
519
870
1243
1876
2945
4222
5412
6199
6216
5544
4355
2969
1437
137
-876
-1774
-2403
-2683
-2538
-2124
-1654
-1596
-1997
-2590
-3202
-3588
-3433
-2790
-1715
-328
1014
2436
3814
4811
5335
5422
4934
4285
4001
3908
3863
4018
3936
3393
2815
2059
869
-322
-1614
-3094
-4226
-4794
-5073
-4852
-4158
-3581
-3068
-2448
-1966
-1594
-1171
-840
-479
155
981
1917
3013
3954
4447
4667
4431
3796
3012
2240
1462
807
385
-7
-228
-340
-714
-1329
-2055
-2915
-3598
-3890
-3784
-3306
-2571
-1797
-1102
-484
41
439
654
889
1128
1354
1766
2249
2856
3429
4108
4892
5776
6224
5783
4404
2714
1088
-388
-1436
-1811
-1546
-1109
-1066
-1686
-2828
-3953
-5100
-6320
-7442
-8150
-8280
-7622
-6255
-4488
-2733
-1386
-722
-565
-582
-532
-287
244
946
1823
2917
4230
5459
6195
6086
5138
3614
1945
416
-603
-1113
-1225
-1270
-1337
-1457
-1467
-1575
-2005
-2741
-3599
-4317
-4505
-3928
-2777
-1202
340
1656
2500
3120
3609
3828
3737
3592
3513
3583
4188
4951
5294
5206
4539
3165
1524
24
-1409
-2524
-3098
-3582
-3782
-3542
-3284
-3126
-3102
-3366
-3814
-3916
-3689
-3011
-1856
-509
780
1996
2966
3536
3828
3886
3596
3192
2924
2700
2643
2786
2705
2523
2186
1521
694
-317
-1379
-2334
-3036
-3372
-3286
-2868
-2297
-1770
-1383
-1227
-1033
-889
-726
-381
142
861
1748
2780
3436
3891
4132
4143
4275
4900
5647
5817
5376
4161
2594
1351
429
-423
-678
-477
-758
-1577
-2851
-4218
-5253
-5955
-6758
-7617
-7882
-7513
-6647
-5251
-3904
-3057
-2682
-2632
-2640
-2204
-1329
-216
1046
2076
2933
3855
4773
5389
5353
4511
3213
1964
1188
881
892
909
618
-113
-1013
-1857
-2549
-3027
-3587
-4234
-4621
-4428
-3597
-2311
-1072
-384
-149
-186
-213
371
1353
2175
2871
3528
3786
4180
4873
4911
4569
4121
2974
1729
1033
309
-451
-602
-1103
-1968
-2362
-2753
-3301
-3484
-3589
-4054
-4062
-3543
-2950
-1957
-893
-314
153
638
986
1483
2057
2545
2954
3335
3485
3574
3612
3382
3025
2581
2056
1578
1249
833
343
-93
-671
-1170
-1429
-1546
-1554
-1490
-1313
-1285
-1193
-990
-753
-340
166
734
1324
1883
2299
2727
3114
3500
3942
4387
4787
5078
4940
4089
3001
1816
813
273
81
191
267
-14
-826
-1997
-3036
-4090
-4909
-5495
-5787
-5744
-5482
-4906
-4210
-3515
-3187
-3438
-3737
-3831
-3451
-2627
-1733
-917
-237
385
889
1355
1639
1566
1159
684
580
847
1353
1732
1641
1200
558
88
-193
-293
-255
-274
-169
-28
182
396
452
212
-258
-751
-1148
-1106
-574
83
668
1031
1147
967
685
358
-215
-601
-852
-1018
-885
-589
-398
-347
-329
-679
-922
-957
-1031
-949
-785
-596
-337
113
417
630
823
752
650
657
635
617
820
1003
999
973
877
692
532
365
245
243
323
455
641
813
826
787
719
613
681
803
939
1120
1340
1454
1507
1526
1468
1461
1527
1649
1753
1955
2182
2218
2308
2564
3032
3620
3852
3514
2612
1646
856
391
413
814
1500
1924
1557
619
-534
-1674
-2758
-3660
-4287
-4441
-4082
-3648
-3234
-2880
-2783
-3200
-4010
-4791
-5180
-4858
-4132
-3282
-2400
-1609
-988
-540
-207
-71
-74
-188
-314
-124
475
1277
1838
1976
1645
1047
650
556
659
869
964
1041
1052
1062
1014
842
435
-236
-835
-1174
-979
-382
198
489
332
11
-457
-929
-1213
-1571
-1810
-1742
-1516
-1143
-693
-558
-910
-1373
-1770
-1983
-1652
-1170
-811
-450
-242
-112
162
477
469
397
378
363
693
1199
1555
1756
1667
1282
856
639
509
425
481
589
690
828
912
892
794
518
180
55
155
497
864
1129
1254
1337
1433
1450
1532
1549
1527
1623
1827
2107
2424
2669
2671
2797
3277
3796
4162
3969
3266
2553
2212
2000
1850
2075
2474
2493
1921
867
-288
-1072
-1840
-2776
-3546
-3770
-3619
-3325
-3128
-3152
-3392
-3946
-4674
-5182
-5114
-4622
-4040
-3465
-2896
-2320
-1704
-1281
-1083
-980
-952
-820
-380
188
721
1211
1534
1571
1401
1124
847
766
837
898
1017
1228
1271
1132
813
500
158
-152
-348
-412
-196
159
416
532
433
77
-470
-915
-1147
-1209
-1131
-1027
-993
-890
-900
-1226
-1669
-2004
-2249
-2260
-2051
-1728
-1265
-825
-615
-683
-758
-837
-763
-543
-249
190
647
1010
1219
1341
1332
1179
993
833
722
780
924
1027
1180
1249
1107
1045
628
278
135
-17
49
252
535
698
867
938
963
1066
993
922
934
1107
1371
1724
2057
2223
2314
2501
3044
3683
3945
3801
3265
2740
2480
2409
2441
2508
2755
2905
2678
2036
1169
312
-625
-1640
-2501
-2947
-2856
-2550
-2419
-2599
-3014
-3579
-4149
-4582
-4743
-4661
-4387
-4030
-3606
-2981
-2278
-1830
-1651
-1652
-1708
-1511
-995
-331
340
854
1096
1209
1238
1200
1153
1189
1253
1291
1434
1694
1917
1996
1769
1293
753
353
104
112
299
501
578
547
360
114
-92
-347
-582
-802
-986
-1055
-925
-908
-1099
-1374
-1800
-2030
-2067
-1995
-1787
-1543
-1410
-1415
-1391
-1321
-1268
-1139
-987
-879
-621
-284
57
406
617
592
489
403
383
537
726
822
874
843
820
890
990
997
866
675
406
251
266
314
454
672
716
681
653
601
585
630
579
614
840
1113
1400
1650
1749
1804
2078
2461
2847
3066
3009
2632
2428
2381
2239
2267
2497
2611
2670
2503
1877
1149
413
-325
-1087
-1577
-1904
-2086
-2056
-2172
-2448
-2805
-3364
-3977
-4359
-4462
-4359
-4088
-3671
-3284
-2798
-2367
-2110
-1908
-1757
-1705
-1453
-866
-261
338
812
1059
1112
1089
1029
1104
1345
1606
1795
1969
2142
2150
2066
1826
1452
1044
653
469
588
954
1259
1337
1168
877
546
163
-88
-267
-388
-397
-439
-493
-378
-369
-790
-1357
-1863
-2288
-2318
-2088
-1989
-1831
-1671
-1681
-1738
-1637
-1537
-1511
-1331
-1168
-921
-594
-299
-78
-2
21
56
195
435
686
814
768
727
670
598
596
665
713
681
688
663
631
661
637
539
468
346
212
191
242
350
504
625
687
817
921
954
1055
1203
1469
1876
2281
2582
2654
2489
2279
2169
2134
2100
2208
2327
2441
2445
2040
1341
601
-43
-613
-996
-1254
-1505
-1559
-1535
-1678
-2052
-2684
-3410
-3927
-4076
-3918
-3572
-3139
-2744
-2492
-2321
-2187
-2003
-1889
-1798
-1660
-1289
-705
-61
553
792
807
654
506
583
888
1321
1737
2011
2045
1985
1888
1808
1665
1442
1183
1070
1222
1475
1759
1831
1685
1364
979
565
361
386
367
320
138
-92
-170
-327
-733
-1194
-1668
-2049
-2160
-2042
-1958
-1855
-1781
-1832
-1945
-2019
-2093
-2111
-1893
-1538
-1142
-749
-448
-315
-264
-222
-216
-93
89
250
344
507
659
754
812
817
771
697
666
644
651
607
414
226
145
140
159
186
302
387
397
360
331
416
563
678
779
882
960
1274
1786
2313
2692
2723
2413
2014
1880
1882
1941
2039
2136
2203
2227
1995
1404
731
31
-612
-1112
-1432
-1576
-1581
-1480
-1587
-1986
-2604
-3246
-3738
-3847
-3639
-3270
-2837
-2552
-2376
-2215
-2080
-1881
-1749
-1716
-1594
-1330
-890
-333
164
461
520
472
355
351
653
1087
1562
1898
1975
1852
1724
1656
1619
1536
1407
1372
1550
1915
2151
2168
2041
1665
1264
1055
876
861
1065
965
617
333
35
-233
-454
-791
-1225
-1516
-1689
-1794
-1753
-1687
-1883
-2106
-2280
-2335
-2194
-1988
-1741
-1553
-1404
-1225
-959
-737
-595
-501
-476
-350
-76
264
554
751
843
797
775
744
704
712
662
570
527
569
592
611
610
529
417
259
97
75
107
81
110
153
236
425
715
889
982
1146
1412
1808
2181
2275
2028
1752
1688
1734
1914
2108
2176
2210
2177
1781
1120
506
-76
-547
-868
-1191
-1453
-1473
-1468
-1679
-2060
-2671
-3430
-3878
-3980
-3723
-3239
-2866
-2587
-2509
-2504
-2398
-2193
-1944
-1795
-1611
-1299
-890
-338
247
626
741
634
471
470
728
1136
1551
1814
1755
1602
1532
1504
1569
1657
1664
1680
1727
1770
1898
1987
1945
1703
1356
1084
1061
1192
1216
1088
871
547
279
79
-133
-382
-572
-761
-955
-1094
-1238
-1413
-1607
-1801
-2008
-2093
-2007
-1900
-1742
-1570
-1400
-1242
-1111
-987
-969
-916
-752
-512
-221
124
393
502
587
635
673
703
781
842
851
885
886
898
926
870
718
499
350
286
288
310
287
248
209
258
324
412
552
656
729
882
1247
1626
1854
1856
1531
1267
1297
1481
1751
2042
2069
1992
1801
1348
807
273
-173
-578
-843
-1078
-1304
-1367
-1412
-1703
-2228
-2885
-3506
-3820
-3738
-3396
-3001
-2788
-2739
-2808
-2825
-2705
-2525
-2246
-1948
-1717
-1455
-1066
-582
-82
207
269
233
256
524
959
1444
1861
1996
1869
1681
1620
1815
2028
2134
2087
2000
2022
2149
2244
2128
1859
1492
1180
1040
1110
1219
1213
1022
628
206
-36
-184
-327
-469
-647
-847
-1001
-1106
-1227
-1380
-1601
-1815
-1845
-1697
-1567
-1382
-1170
-1098
-1041
-1018
-979
-878
-777
-695
-544
-344
-174
-7
151
211
265
321
380
471
612
709
722
742
722
747
752
751
757
852
916
922
930
847
772
759
686
674
685
742
797
817
1067
1423
1719
1912
1769
1340
1076
1098
1259
1612
1879
1784
1628
1415
1000
616
351
-51
-501
-831
-1142
-1269
-1192
-1258
-1575
-2099
-2746
-3287
-3488
-3370
-3078
-2820
-2820
-3028
-3186
-3194
-3032
-2743
-2483
-2291
-2114
-1920
-1657
-1242
-844
-648
-556
-422
-259
76
562
1068
1417
1566
1527
1388
1454
1668
1932
2115
2204
2261
2279
2304
2275
2164
2007
1702
1383
1294
1347
1465
1513
1263
877
490
181
-32
-113
-226
-493
-739
-881
-959
-1021
-1174
-1375
-1503
-1555
-1482
-1303
-1074
-973
-953
-1034
-1065
-972
-878
-706
-532
-397
-250
-102
61
239
361
392
366
421
532
658
785
867
874
901
923
880
935
1004
1036
1054
1081
1110
1088
1015
944
899
860
846
879
974
1127
1401
1715
1858
1707
1353
1094
1057
1202
1527
1794
1791
1671
1424
1021
651
376
157
-171
-592
-1041
-1377
-1420
-1404
-1629
-2090
-2770
-3380
-3595
-3387
-3044
-2772
-2780
-3073
-3358
-3421
-3287
-3043
-2776
-2589
-2478
-2301
-1973
-1644
-1260
-984
-969
-909
-759
-464
15
487
831
1056
1119
1127
1250
1444
1563
1693
1849
1944
2069
2179
2214
2160
2000
1788
1633
1605
1643
1680
1662
1472
1243
1009
754
524
380
202
-50
-239
-330
-426
-566
-794
-1060
-1266
-1333
-1279
-1131
-987
-946
-991
-1063
-1058
-999
-901
-797
-671
-477
-316
-145
36
193
266
277
244
255
375
479
594
711
776
830
827
842
934
1013
1119
1172
1215
1189
1054
926
894
866
860
856
819
961
1277
1639
1952
2000
1667
1297
1095
1207
1623
1997
1950
1750
1541
1162
861
644
443
311
-34
-566
-1010
-1141
-1049
-1138
-1406
-1971
-2709
-3217
-3315
-3006
-2610
-2459
-2668
-3065
-3309
-3340
-3165
-2901
-2677
-2588
-2532
-2445
-2202
-1816
-1542
-1454
-1458
-1399
-1138
-767
-269
207
451
515
441
503
782
1091
1270
1372
1459
1637
1861
2012
2064
2059
1905
1764
1731
1769
1946
2042
1873
1616
1345
1065
893
841
687
459
213
14
-110
-168
-322
-629
-937
-1151
-1280
-1295
-1142
-1014
-950
-982
-1065
-1048
-899
-793
-718
-633
-568
-444
-285
-94
88
172
163
118
120
240
370
465
528
576
641
632
662
717
792
849
910
968
979
981
970
1008
1008
958
972
1140
1517
1975
2225
2038
1639
1421
1458
1702
1944
2023
1983
1985
1678
1200
945
826
871
697
133
-536
-904
-785
-613
-691
-1097
-1916
-2711
-3102
-3045
-2604
-2268
-2278
-2568
-2932
-3020
-2999
-2769
-2482
-2361
-2367
-2349
-2298
-2104
-1909
-1816
-1763
-1734
-1546
-1327
-986
-611
-273
-65
9
118
266
440
577
742
947
1134
1387
1628
1772
1825
1699
1625
1692
1836
2037
2068
1985
1889
1718
1601
1446
1196
1060
898
620
415
263
157
11
-180
-379
-608
-848
-1043
-1163
-1168
-1170
-1185
-1230
-1295
-1292
-1253
-1104
-937
-803
-697
-670
-569
-402
-262
-151
-105
22
121
117
111
118
223
305
363
358
377
548
636
668
716
733
775
868
963
981
933
920
1112
1471
1895
2302
2392
2071
1634
1262
1128
1583
2353
2821
3008
2801
1879
807
117
-93
301
782
810
416
-185
-738
-1419
-1869
-1983
-2137
-2178
-2180
-2273
-2282
-2336
-2558
-2820
-2954
-2843
-2580
-2164
-1764
-1658
-1677
-1944
-2191
-2106
-1767
-1153
-746
-513
-526
-660
-644
-531
-4
436
610
765
750
793
964
1156
1209
1061
1124
1297
1542
1877
1780
1506
1448
1152
786
670
761
951
1003
690
109
-239
-282
-392
-309
-103
-172
-330
-562
-748
-717
-536
-415
-365
-226
-164
-186
-119
-214
-279
-273
-234
-161
-59
-36
-84
-130
-245
-402
-465
-477
-432
-409
-646
-817
-847
-814
-714
-582
-522
-524
-564
-631
-551
-253
121
415
607
638
1006
1673
2677
3269
3044
2435
1781
1835
2381
3252
4201
4735
4524
2895
918
-75
35
929
1530
1316
437
-890
-2227
-3256
-3223
-2639
-2467
-2580
-2792
-2954
-3056
-3152
-3424
-3524
-3290
-2894
-2074
-1079
-453
-422
-854
-1390
-1485
-740
467
1585
1996
1497
607
54
80
611
1252
1595
1466
931
320
26
72
214
189
10
-169
-206
-218
11
176
-146
-411
-595
-727
-422
2
264
373
519
199
-186
233
348
202
431
462
404
602
779
555
569
903
686
665
956
864
690
734
610
422
545
635
419
335
133
-214
-440
-503
-582
-617
-690
-834
-1063
-1360
-1521
-1538
-1442
-1291
-1087
-1066
-1168
-1031
-1006
-953
-636
-476
-299
-125
-73
46
348
1101
1982
2897
3096
2329
1571
1359
1897
2746
3620
4254
4324
3601
1869
293
-322
-116
392
759
686
-116
-1385
-2826
-3779
-3655
-3161
-2794
-2716
-2860
-3120
-3481
-3764
-3864
-3624
-2913
-2027
-1189
-578
-297
-336
-559
-692
-366
596
1672
2399
2490
2094
1470
1052
1077
1467
2154
2420
2043
1436
691
200
92
153
147
22
-79
-335
-544
-781
-915
-1080
-1054
-930
-796
-503
-457
-499
-667
-556
-14
299
693
1014
852
568
377
337
631
1334
1791
1667
1536
1329
978
925
1264
1464
1568
1589
1182
718
490
324
48
-113
-209
-353
-400
-545
-838
-1114
-1380
-1580
-1678
-1615
-1465
-1136
-1050
-1183
-1239
-1370
-1294
-950
-486
-327
-123
-89
-311
-262
188
909
1711
2636
2628
2040
1424
1015
1157
1789
2803
3576
3920
3373
1561
-31
-763
-734
-94
484
417
-408
-1749
-3223
-4199
-4051
-3466
-2907
-2728
-2898
-3266
-3504
-3624
-3608
-3311
-2762
-2015
-1241
-599
-136
70
-101
-399
-218
664
1714
2505
2752
2372
1776
1408
1417
1890
2616
2873
2525
1869
1127
581
434
488
433
283
26
-316
-530
-560
-809
-1005
-1197
-1421
-1444
-1104
-692
-598
-487
-588
-793
-661
-377
-76
386
844
837
720
726
691
819
1291
1600
1796
1908
1753
1431
1352
1388
1360
1426
1481
1291
1035
718
296
-82
-232
-279
-295
-315
-411
-678
-1041
-1386
-1572
-1534
-1291
-854
-631
-504
-627
-781
-873
-763
-452
-55
305
524
468
587
1090
1888
2462
2280
1790
1252
1051
1370
1876
2692
3241
2989
1853
311
-803
-1091
-778
-299
-153
-685
-1723
-3004
-3978
-4286
-3977
-3477
-3289
-3501
-3723
-3878
-3795
-3636
-3385
-3028
-2413
-1743
-1197
-589
-100
172
199
179
417
1120
2007
2565
2746
2563
2179
1876
1885
2158
2548
2689
2400
1835
1266
973
730
567
380
88
-165
-410
-649
-913
-1106
-1311
-1418
-1499
-1196
-811
-785
-835
-1135
-1264
-982
-571
-203
393
968
737
299
61
-38
392
1350
1931
1964
1902
1499
821
800
1337
1729
2104
2196
1611
1035
811
467
152
223
360
259
205
4
-429
-735
-953
-1237
-1204
-879
-344
-32
56
-139
-492
-575
-460
-14
441
760
890
571
730
1094
1859
2682
2587
1980
1212
898
1049
1684
2635
3213
3230
2157
295
-1133
-1675
-1562
-987
-547
-986
-1985
-3128
-4336
-4959
-4661
-4159
-3863
-3709
-3887
-4153
-4066
-3871
-3659
-3219
-2622
-2057
-1352
-636
-108
261
407
313
504
1098
1928
2724
3136
2967
2559
2205
2057
2290
2645
2784
2573
2063
1363
892
734
577
323
87
-238
-480
-654
-856
-1084
-1346
-1675
-1851
-1661
-1279
-855
-589
-634
-760
-874
-930
-772
-198
341
729
897
853
679
834
1127
1377
1776
2085
2027
1829
1655
1436
1318
1468
1561
1384
1261
1025
601
184
-166
-335
-366
-328
-416
-545
-652
-937
-1156
-1355
-1127
-691
-224
133
350
219
-41
39
184
471
892
1291
1322
1696
2259
2951
3362
3130
2223
1281
1127
1367
2324
3409
3914
3402
1621
-600
-2209
-2409
-1664
-802
-525
-1189
-2640
-4222
-5435
-5674
-5053
-4256
-3906
-3896
-4217
-4411
-4268
-3966
-3590
-3138
-2566
-1973
-1182
-318
345
767
735
488
633
1330
2366
3224
3527
3170
2458
1813
1605
1949
2520
2791
2425
1590
698
168
144
159
38
-300
-686
-1054
-1308
-1282
-1179
-1205
-1458
-1756
-1843
-1500
-755
-214
-78
0
-110
-288
56
636
1166
1744
1986
1587
1260
1363
1401
1677
2172
2219
1996
1915
1537
1099
1074
1049
807
698
483
60
-189
-453
-813
-1093
-1147
-1131
-1100
-1027
-1076
-1189
-1374
-1369
-975
-460
91
530
536
282
284
464
804
1384
1822
1775
1851
2242
2710
3491
3806
3440
2346
1637
1254
1404
2526
3525
3848
3135
1212
-1049
-2501
-2747
-2237
-1432
-1137
-1687
-3022
-4431
-5486
-5740
-5250
-4746
-4419
-4206
-4172
-3985
-3717
-3412
-3146
-2772
-2268
-1611
-725
305
1101
1517
1471
1118
1064
1557
2390
3173
3499
3254
2625
1959
1504
1410
1549
1623
1233
674
45
-404
-478
-510
-779
-1218
-1643
-2072
-2045
-1768
-1433
-1156
-1067
-1197
-1390
-1220
-666
26
729
1101
1129
1136
1132
1341
1807
2260
2525
2535
2375
2173
2090
2168
2155
2036
1779
1390
1089
848
688
483
225
-169
-587
-956
-1178
-1158
-1154
-1235
-1385
-1452
-1572
-1474
-1314
-1177
-842
-533
-184
142
510
806
843
1009
1040
1147
1510
1827
1928
1927
2310
2674
3348
3742
3407
2566
1721
1075
876
1699
2817
3431
3316
1835
-490
-2401
-3281
-3359
-2686
-2004
-2025
-2685
-3688
-4822
-5573
-5584
-5204
-4897
-4318
-3864
-3324
-2656
-2336
-2274
-2205
-2039
-1618
-783
431
1603
2390
2629
2171
1660
1527
1793
2343
2862
2956
2700
2189
1471
996
630
308
-82
-507
-913
-1154
-1106
-1097
-1279
-1623
-2162
-2623
-2724
-2408
-1811
-1024
-524
-480
-568
-580
-472
26
720
1335
1911
2406
2505
2548
2709
2703
2538
2469
2327
2181
2387
2554
2337
2010
1517
814
240
71
-54
-140
-181
-499
-1005
-1267
-1259
-1227
-1000
-795
-939
-971
-934
-1044
-819
-356
160
545
928
1117
1043
1194
1240
1094
1438
1618
1771
1796
1923
2149
2321
2989
2983
2513
1917
1015
288
88
714
1585
2421
2648
1576
-238
-1945
-3229
-3819
-3513
-2930
-2656
-2696
-3210
-4071
-4761
-5050
-5099
-5024
-4615
-3996
-3299
-2345
-1445
-1001
-822
-836
-965
-766
37
1109
2164
2853
2959
2479
1918
1617
1543
1679
1818
1740
1519
1111
656
259
-181
-636
-1227
-1780
-2166
-2149
-1876
-1571
-1366
-1509
-1858
-2211
-2286
-1906
-1224
-355
269
622
898
984
1106
1464
1833
2219
2590
2819
2882
2982
3054
2906
2575
2112
1608
1295
1259
1293
1234
1141
802
260
-250
-578
-713
-660
-589
-743
-887
-779
-564
-329
-12
73
-83
-190
-212
-77
348
997
1470
1715
1699
1472
1270
1273
1292
1168
1089
897
688
599
1036
1468
1866
2285
1925
1188
360
-301
-659
-302
597
1190
1661
1665
680
-677
-1857
-2907
-3574
-3674
-3632
-3478
-3150
-2977
-3165
-3450
-3844
-4355
-4627
-4398
-3859
-3017
-1795
-790
-144
224
264
199
237
483
962
1563
2137
2452
2402
2216
1836
1265
679
134
-296
-572
-757
-760
-829
-1087
-1444
-1898
-2469
-2821
-2831
-2653
-2117
-1609
-1070
-628
-213
205
274
570
944
1258
1665
2152
2558
2800
3062
3015
2748
2586
2371
2001
1736
1550
1197
927
724
401
125
0
-212
-503
-741
-775
-713
-466
-112
135
269
338
443
623
1099
1653
2061
2369
2345
2073
1697
1573
1737
1981
2245
2270
1906
1381
715
310
123
-67
-28
-325
-432
-212
151
866
1401
1602
1051
240
-569
-1016
-603
305
1250
1810
1761
835
-393
-1506
-2408
-2961
-3273
-3546
-3847
-3882
-3693
-3473
-3166
-3002
-3383
-3922
-4246
-4352
-3867
-2711
-1490
-448
339
638
681
720
764
808
813
841
770
757
1069
1208
1201
909
235
-593
-1369
-1783
-1911
-1816
-1683
-1631
-1676
-1776
-1773
-1672
-1385
-1176
-985
-599
-214
241
797
1298
1657
1932
2038
2069
2187
2307
2434
2343
2180
1847
1531
1395
1254
1113
935
588
124
-311
-595
-585
-383
-152
41
101
192
259
384
646
814
942
1197
1376
1675
2110
2442
2701
2691
2522
2110
1782
1662
1468
1436
1458
1408
1173
963
740
374
97
-208
-510
-706
-611
-182
333
1230
1934
2202
2034
1434
574
-126
-128
188
642
1151
1203
759
-47
-1002
-2051
-2832
-3388
-3985
-4434
-4550
-4528
-4375
-3891
-3360
-3081
-2848
-2804
-2928
-2923
-2644
-2248
-1621
-726
57
775
1415
1771
1793
1519
1092
501
-58
-355
-541
-638
-689
-769
-862
-1084
-1242
-1396
-1806
-2112
-2522
-2699
-2617
-2194
-1533
-787
-4
440
798
1030
1161
1274
1422
1584
1682
1847
2052
2313
2516
2609
2505
2188
1692
1175
647
187
-162
-454
-592
-612
-506
-328
-151
-32
38
24
1
70
217
463
801
1199
1590
2028
2460
2805
2955
2942
2742
2338
1947
1687
1588
1587
1714
1771
1699
1678
1459
1090
739
324
-141
-469
-598
-421
106
673
1348
1813
2049
2001
1713
1248
712
386
108
-71
-31
98
167
158
-193
-1050
-1952
-3068
-3968
-4498
-4777
-4675
-4487
-4175
-3757
-3394
-2938
-2462
-2163
-1977
-1818
-1692
-1498
-1100
-626
-138
387
934
1313
1511
1506
1231
744
102
-589
-1142
-1440
-1590
-1618
-1644
-1670
-1736
-1837
-1885
-1878
-1872
-1881
-1864
-1802
-1520
-1063
-422
336
940
1324
1611
1760
1852
2003
2104
2132
2025
1841
1658
1549
1610
1588
1441
1232
826
377
66
-236
-399
-559
-700
-730
-683
-457
-69
304
632
800
826
860
1102
1563
2016
2479
2616
2508
2246
2103
2093
2190
2448
2520
2421
2208
1832
1527
1299
1034
862
579
518
387
343
539
679
1003
1263
1513
1662
1699
1512
1194
875
557
331
113
25
-120
-444
-829
-1338
-1911
-2412
-2855
-3342
-3867
-4159
-4452
-4553
-4384
-4125
-3673
-3184
-2699
-2350
-1906
-1375
-1125
-728
-437
-304
-4
217
475
646
835
935
779
719
449
70
-327
-847
-1313
-1793
-2110
-2317
-2342
-2244
-2011
-1770
-1605
-1440
-1277
-1061
-887
-628
-364
-135
307
721
1115
1549
1899
2052
2128
2178
2147
2016
1923
1769
1439
1202
955
681
529
487
329
187
100
-88
-217
-286
-288
-269
-157
54
200
322
579
884
1237
1649
1947
2198
2311
2335
2310
2303
2244
2135
1961
1842
1778
1753
1872
1886
1698
1450
1145
818
566
411
534
753
1068
1344
1560
1785
1795
1695
1478
1204
902
579
278
26
-265
-634
-1072
-1625
-2078
-2514
-2878
-3126
-3412
-3751
-4023
-4233
-4337
-4191
-3972
-3596
-3174
-2761
-2264
-1879
-1423
-947
-599
-352
-168
-27
109
190
363
508
506
510
370
30
-240
-539
-836
-1071
-1381
-1716
-2083
-2298
-2459
-2484
-2228
-1827
-1430
-1079
-797
-564
-355
-82
224
537
935
1220
1474
1667
1865
2131
2290
2317
2210
1979
1676
1435
1275
1173
1100
1018
767
462
292
168
126
136
131
98
11
-84
-68
60
365
795
1172
1525
1803
1903
1905
1923
1920
1909
1988
2068
2172
2285
2348
2267
2071
1835
1543
1290
1216
1187
1130
1122
1170
1264
1289
1393
1461
1492
1481
1478
1467
1296
1097
801
426
22
-336
-750
-1230
-1646
-2144
-2553
-2872
-3148
-3432
-3723
-3888
-4011
-4065
-3971
-3786
-3614
-3292
-2872
-2518
-2135
-1767
-1460
-1191
-878
-542
-233
25
201
201
28
-156
-254
-330
-365
-368
-445
-665
-1039
-1449
-1850
-2102
-2250
-2315
-2315
-2292
-2212
-2065
-1814
-1424
-934
-525
-221
119
373
600
911
1191
1380
1577
1813
1998
2118
2238
2273
2139
2007
1909
1791
1698
1643
1562
1379
1229
1149
971
820
736
550
355
299
273
336
552
846
1082
1310
1424
1439
1521
1585
1653
1758
1940
2046
2054
2077
1998
1871
1837
1777
1763
1691
1603
1438
1267
1230
1226
1297
1389
1460
1448
1499
1551
1508
1365
1150
909
573
319
84
-243
-685
-1126
-1545
-2030
-2413
-2766
-3043
-3283
-3458
-3602
-3777
-3801
-3704
-3618
-3421
-3140
-2898
-2654
-2396
-2130
-1839
-1559
-1283
-1056
-885
-715
-562
-443
-318
-180
-222
-304
-456
-604
-810
-1047
-1194
-1365
-1517
-1673
-1720
-1786
-1820
-1912
-1924
-1947
-1890
-1604
-1400
-1118
-790
-483
-197
163
494
755
935
1157
1337
1427
1571
1741
1779
1853
1996
2056
2100
2129
2088
1907
1785
1674
1479
1313
1249
1147
1013
974
859
780
822
921
1031
1165
1327
1414
1602
1742
1748
1751
1773
1783
1846
1922
2023
2009
1909
1846
1744
1698
1661
1501
1398
1348
1341
1443
1526
1606
1600
1506
1514
1400
1202
1026
811
652
524
315
75
-281
-721
-1035
-1239
-1524
-1818
-2174
-2572
-2897
-3193
-3308
-3362
-3397
-3339
-3263
-3157
-3052
-2898
-2790
-2586
-2372
-2158
-1952
-1789
-1563
-1360
-1109
-838
-696
-610
-583
-686
-700
-649
-613
-699
-869
-1063
-1290
-1361
-1421
-1452
-1478
-1583
-1641
-1671
-1577
-1444
-1394
-1297
-1202
-1044
-832
-664
-435
-179
80
339
632
793
946
1166
1312
1477
1649
1709
1749
1806
1899
1979
2033
2051
1976
1797
1690
1601
1447
1301
1196
1106
1084
1197
1321
1418
1470
1471
1458
1496
1543
1581
1662
1770
1847
1881
1854
1724
1639
1611
1581
1578
1625
1582
1569
1648
1744
1793
1695
1564
1397
1295
1325
1336
1271
1186
979
758
649
449
215
-120
-460
-697
-942
-1149
-1347
-1576
-1858
-2094
-2318
-2534
-2708
-2893
-2991
-2996
-2958
-2866
-2730
-2651
-2523
-2362
-2176
-2007
-1904
-1775
-1628
-1447
-1248
-1101
-1048
-983
-939
-872
-804
-763
-790
-918
-984
-1032
-1076
-1122
-1181
-1281
-1408
-1470
-1543
-1596
-1553
-1515
-1476
-1372
-1200
-1118
-1044
-950
-833
-694
-518
-301
-86
158
425
643
833
1005
1166
1313
1480
1675
1862
1930
1895
1855
1791
1725
1666
1611
1564
1502
1530
1605
1702
1756
1746
1669
1626
1667
1705
1742
1822
1882
1887
1958
1960
1870
1808
1753
1700
1700
1722
1735
1710
1701
1726
1794
1812
1713
1615
1572
1516
1463
1400
1222
1020
814
689
502
309
150
-121
-359
-555
-753
-956
-1193
-1457
-1702
-1880
-1968
-2131
-2278
-2369
-2476
-2521
-2586
-2614
-2655
-2611
-2527
-2425
-2261
-2171
-2057
-1921
-1774
-1577
-1454
-1394
-1329
-1274
-1171
-1111
-1060
-1001
-997
-962
-913
-861
-859
-874
-873
-931
-982
-1000
-1095
-1116
-1086
-1042
-988
-944
-948
-957
-922
-887
-837
-849
-749
-620
-477
-269
-68
58
187
279
374
601
850
1050
1221
1349
1436
1456
1460
1507
1498
1507
1566
1597
1647
1661
1696
1722
1731
1748
1728
1694
1735
1821
1877
1914
1936
1862
1742
1726
1776
1831
1870
1875
1850
1774
1734
1703
1754
1828
1832
1848
1811
1774
1674
1563
1460
1335
1247
1081
867
659
422
178
-10
-273
-520
-751
-987
-1114
-1214
-1367
-1541
-1693
-1832
-2009
-2132
-2203
-2306
-2309
-2344
-2338
-2322
-2376
-2386
-2373
-2337
-2240
-2139
-2058
-1955
-1847
-1729
-1633
-1556
-1516
-1511
-1481
-1407
-1316
-1267
-1226
-1165
-1099
-969
-846
-828
-817
-760
-729
-655
-545
-490
-460
-454
-447
-434
-448
-407
-349
-265
-230
-171
-124
-122
-105
-44
46
173
294
389
494
554
615
635
613
685
827
968
1154
1279
1370
1453
1497
1577
1664
1729
1751
1757
1810
1864
1916
1934
1917
1932
1953
1949
1912
1875
1818
1783
1800
1798
1809
1801
1767
1768
1777
1809
1835
1808
1690
1574
1511
1408
1320
1185
992
785
576
447
299
68
-130
-354
-569
-661
-784
-980
-1157
-1381
-1543
-1639
-1747
-1805
-1877
-1921
-1967
-2052
-2111
-2200
-2298
-2346
-2337
-2297
-2221
-2206
-2187
-2129
-2092
-2002
-1916
-1871
-1826
-1792
-1745
-1649
-1555
-1458
-1423
-1364
-1312
-1247
-1144
-1024
-911
-803
-690
-619
-507
-413
-327
-250
-129
-10
48
48
80
83
86
112
111
154
168
175
192
209
270
291
308
391
540
722
849
938
984
1035
1032
1041
1081
1190
1332
1496
1682
1805
1867
1846
1851
1865
1895
1940
1938
1947
1989
1979
1955
1938
1887
1896
1912
1908
1869
1760
1766
1758
1724
1740
1734
1695
1618
1514
1374
1215
1038
878
753
651
532
319
109
-41
-287
-509
-717
-972
-1128
-1233
-1330
-1392
-1496
-1646
-1788
-1920
-2007
-2094
-2163
-2211
-2259
-2284
-2232
-2223
-2245
-2263
-2235
-2206
-2147
-2109
-2065
-1999
-1980
-1888
-1800
-1770
-1727
-1723
-1699
-1633
-1614
-1489
-1397
-1341
-1201
-1114
-1024
-919
-813
-692
-564
-374
-173
-35
47
157
211
271
390
446
514
577
583
578
532
466
448
488
593
667
730
733
769
791
784
901
993
1054
1149
1243
1306
1349
1342
1366
1438
1597
1734
1823
1912
1917
1949
1974
2014
2085
2076
2059
2029
1985
1943
1870
1829
1781
1683
1647
1541
1436
1386
1260
1177
1107
1021
970
915
825
719
557
366
203
67
-58
-192
-347
-502
-669
-817
-885
-966
-1032
-1173
-1346
-1454
-1614
-1692
-1699
-1767
-1802
-1800
-1792
-1831
-1873
-1869
-1888
-1882
-1905
-1908
-1875
-1852
-1798
-1736
-1706
-1718
-1729
-1724
-1658
-1642
-1650
-1613
-1592
-1580
-1565
-1513
-1446
-1337
-1212
-1106
-1021
-939
-865
-731
-546
-395
-242
-99
18
117
238
350
378
406
471
601
703
789
858
835
815
809
831
834
855
958
1030
1084
1152
1156
1139
1133
1186
1242
1323
1357
1353
1466
1532
1614
1706
1722
1751
1769
1851
1942
1969
1933
1863
1796
1724
1662
1639
1588
1525
1434
1334
1198
995
882
765
643
576
505
383
299
226
129
59
-38
-154
-293
-395
-458
-589
-727
-820
-913
-995
-1015
-1033
-1081
-1111
-1148
-1207
-1243
-1267
-1345
-1415
-1408
-1395
-1425
-1437
-1399
-1358
-1326
-1296
-1252
-1262
-1274
-1265
-1292
-1275
-1280
-1251
-1227
-1222
-1241
-1237
-1233
-1268
-1285
-1283
-1264
-1263
-1241
-1178
-1125
-1054
-951
-906
-802
-661
-570
-448
-324
-226
-103
63
221
379
502
584
665
708
760
834
912
998
1102
1159
1222
1187
1186
1197
1196
1214
1303
1326
1339
1383
1408
1382
1313
1298
1288
1329
1412
1480
1530
1522
1495
1477
1469
1479
1498
1473
1436
1401
1323
1221
1108
1033
983
851
757
640
446
271
138
35
-73
-177
-262
-403
-509
-559
-645
-689
-777
-835
-860
-897
-945
-978
-996
-1002
-1024
-1052
-1072
-1098
-1143
-1131
-1058
-999
-948
-911
-936
-940
-961
-992
-973
-978
-942
-893
-857
-821
-816
-828
-840
-835
-797
-796
-818
-818
-842
-868
-863
-850
-843
-828
-837
-825
-801
-806
-798
-776
-749
-689
-626
-551
-430
-357
-233
-158
-99
-41
32
158
318
476
643
774
872
919
928
1010
1115
1207
1283
1302
1289
1340
1357
1359
1355
1372
1341
1275
1230
1226
1208
1233
1286
1251
1219
1203
1191
1137
1155
1145
1102
1078
1055
993
968
934
894
864
776
734
626
531
427
289
172
88
37
-28
-132
-250
-367
-466
-567
-646
-719
-749
-775
-842
-873
-937
-1029
-1060
-1098
-1074
-1005
-1020
-973
-957
-976
-977
-1016
-997
-1011
-976
-923
-936
-918
-914
-923
-886
-841
-825
-863
-913
-924
-914
-893
-831
-796
-776
-734
-683
-628
-596
-568
-589
-573
-572
-546
-517
-502
-431
-380
-355
-299
-267
-268
-212
-146
-102
-70
61
156
204
314
363
393
460
515
620
746
813
920
1005
1083
1132
1188
1240
1287
1309
1303
1312
1297
1252
1243
1221
1195
1220
1216
1173
1136
1094
1012
967
940
915
894
885
842
775
739
666
627
601
585
550
492
467
394
324
272
196
138
104
12
-61
-100
-175
-239
-290
-343
-397
-454
-528
-555
-661
-746
-820
-908
-931
-951
-957
-991
-1007
-1001
-1050
-1094
-1098
-1067
-1027
-1009
-969
-926
-951
-960
-938
-924
-922
-927
-935
-912
-865
-832
-759
-743
-748
-714
-702
-702
-657
-628
-596
-555
-516
-408
-347
-326
-300
-266
-255
-249
-247
-227
-121
-28
41
92
89
105
143
213
325
404
457
475
511
562
615
676
749
804
842
893
885
933
978
1024
1107
1133
1123
1084
1067
1097
1073
1060
1061
1020
968
986
979
918
887
831
796
742
680
608
537
453
408
401
383
395
362
340
329
354
309
228
191
146
118
84
57
30
-68
-176
-203
-256
-322
-361
-434
-479
-494
-515
-535
-593
-660
-752
-803
-851
-920
-1001
-1061
-1079
-1115
-1115
-1088
-1053
-1045
-1048
-1029
-1014
-1024
-992
-965
-913
-852
-792
-744
-698
-646
-632
-574
-531
-490
-425
-374
-320
-278
-244
-196
-137
-64
4
41
102
146
152
182
189
198
235
238
278
305
307
330
353
392
410
414
444
462
482
501
513
518
496
504
559
567
579
583
576
597
606
636
683
639
598
614
588
588
592
570
576
558
541
567
501
460
451
423
451
449
389
373
341
320
286
252
250
249
210
223
253
245
248
182
143
110
95
71
47
50
20
0
-72
-135
-204
-265
-364
-456
-484
-535
-539
-578
-605
-623
-660
-713
-753
-807
-883
-931
-997
-1022
-1024
-1015
-1023
-989
-959
-924
-866
-806
-775
-723
-703
-668
-596
-529
-461
-408
-359
-344
-288
-217
-146
-47
30
85
124
177
211
243
264
291
348
389
432
452
439
463
503
494
520
538
522
484
454
471
464
495
501
493
485
459
443
424
411
381
379
384
370
367
365
353
366
393
375
333
331
316
312
337
300
287
287
268
277
258
234
262
273
223
242
229
229
195
194
211
187
193
198
216
216
212
157
75
55
19
14
37
42
13
-8
-86
-166
-207
-275
-319
-376
-426
-476
-502
-566
-602
-645
-698
-739
-755
-794
-846
-896
-937
-950
-976
-952
-907
-885
-870
-849
-831
-771
-711
-640
-613
-579
-494
-437
-361
-299
-233
-184
-149
-99
-8
51
107
137
141
155
193
235
296
363
398
438
454
469
477
443
442
470
460
469
461
464
445
435
417
375
340
316
314
337
317
318
281
246
277
286
283
265
269
267
278
309
331
336
348
387
432
448
449
457
456
439
451
476
479
521
513
478
483
495
493
478
476
501
478
441
401
371
332
278
238
207
169
109
61
3
-48
-89
-129
-166
-195
-246
-321
-379
-427
-464
-479
-552
-596
-653
-747
-791
-862
-907
-941
-939
-928
-948
-943
-952
-971
-959
-924
-878
-872
-838
-802
-788
-772
-764
-727
-678
-644
-571
-510
-476
-411
-350
-291
-235
-168
-88
-65
-30
-4
18
92
150
236
301
346
390
385
362
361
343
356
378
398
437
444
446
424
421
429
431
440
436
453
429
416
429
413
401
404
386
406
421
445
476
476
491
493
499
513
550
602
637
684
720
707
713
704
697
681
633
563
516
473
455
483
433
423
433
416
399
394
379
306
268
224
162
107
28
-32
-114
-177
-208
-255
-274
-307
-342
-415
-488
-527
-582
-629
-692
-742
-786
-835
-886
-940
-964
-959
-982
-992
-1005
-998
-1032
-1039
-1009
-1006
-970
-923
-884
-845
-805
-776
-749
-685
-638
-584
-511
-496
-454
-409
-370
-348
-302
-250
-189
-135
-80
-26
28
75
90
118
126
127
188
240
284
332
356
383
386
387
419
441
446
448
474
491
528
566
563
557
540
526
525
539
560
566
588
613
611
622
614
630
673
707
738
746
742
755
788
778
785
783
766
761
744
736
707
674
629
604
576
548
499
441
390
354
328
293
258
205
165
106
43
-14
-106
-164
-215
-288
-326
-374
-445
-501
-540
-550
-578
-623
-650
-682
-719
-768
-797
-804
-866
-937
-970
-1006
-1031
-1053
-1038
-1006
-979
-998
-1007
-983
-979
-939
-916
-864
-805
-777
-755
-736
-708
-685
-656
-630
-577
-531
-477
-415
-374
-330
-286
-212
-166
-107
-59
-43
-9
27
57
116
186
251
293
305
329
366
401
414
467
490
514
578
604
632
671
695
706
703
713
709
720
713
714
707
724
769
750
795
817
844
867
870
875
879
829
823
841
826
812
825
821
734
736
744
712
702
710
657
602
546
470
422
357
301
239
172
132
94
23
19
-14
-109
-184
-231
-277
-332
-388
-387
-456
-502
-530
-554
-577
-673
-711
-757
-825
-858
-884
-912
-923
-946
-958
-998
-1004
-1015
-1034
-1065
-1075
-1069
-1103
-1090
-1070
-1057
-1063
-1078
-1063
-998
-940
-875
-813
-773
-729
-729
-668
-630
-606
-557
-486
-420
-358
-293
-220
-151
-92
-23
27
68
119
159
185
259
318
403
462
525
598
657
715
749
790
856
879
870
901
912
926
933
905
909
907
908
936
940
962
944
921
942
938
951
915
885
867
865
855
818
800
785
776
709
689
676
624
582
525
455
398
369
323
280
243
228
185
163
134
65
25
-71
-164
-202
-250
-285
-333
-359
-388
-417
-434
-464
-494
-550
-581
-646
-697
-708
-742
-764
-819
-837
-844
-836
-820
-853
-893
-935
-996
-1020
-1030
-1032
-1023
-1039
-1023
-1012
-1018
-1019
-1046
-1034
-1029
-1017
-924
-840
-795
-732
-689
-664
-622
-551
-468
-405
-340
-282
-215
-186
-106
-44
-12
75
121
193
235
295
370
399
451
487
518
573
628
650
695
733
774
801
805
856
915
942
962
987
991
995
998
1016
1027
1043
1059
1061
1043
1039
1016
965
932
901
877
874
857
856
804
784
764
703
648
601
545
499
461
395
365
321
281
226
204
150
104
89
30
-37
-90
-157
-242
-325
-382
-436
-503
-552
-590
-631
-687
-746
-799
-825
-846
-861
-894
-916
-956
-1004
-1023
-1034
-1032
-1041
-1036
-1051
-1068
-1055
-1089
-1083
-1084
-1074
-1053
-1046
-1022
-975
-939
-904
-875
-830
-785
-768
-698
-662
-638
-584
-550
-526
-441
-370
-289
-200
-133
-85
-34
24
98
175
230
292
350
389
455
492
513
554
569
637
697
741
755
794
800
817
872
916
955
988
1001
1002
1024
1020
1027
1022
1005
996
976
956
916
897
884
889
904
901
915
904
873
845
816
751
701
672
618
579
544
520
480
436
395
344
292
231
196
146
85
29
2
-40
-105
-155
-199
-269
-319
-379
-451
-513
-570
-611
-687
-744
-787
-843
-873
-895
-926
-989
-1018
-1034
-1054
-1051
-1076
-1094
-1088
-1081
-1076
-1073
-1100
-1087
-1064
-1081
-1051
-1031
-1020
-1027
-1008
-981
-955
-910
-873
-833
-793
-722
-663
-602
-529
-482
-403
-351
-305
-218
-160
-89
-58
-6
62
137
217
294
355
382
426
492
548
596
661
690
724
732
738
762
785
811
808
841
864
893
895
904
921
937
930
899
925
895
873
878
891
884
883
887
882
908
893
861
831
793
754
733
690
657
657
634
607
570
531
467
431
393
349
314
293
254
197
137
82
33
-9
-47
-93
-159
-189
-217
-288
-328
-390
-464
-510
-575
-631
-649
-709
-764
-837
-899
-905
-960
-967
-971
-979
-1003
-1012
-1022
-1030
-1035
-1017
-984
-1003
-959
-976
-999
-981
-974
-947
-896
-863
-855
-826
-767
-731
-712
-638
-593
-546
-482
-424
-376
-316
-300
-257
-201
-162
-81
-42
16
94
130
175
227
299
350
385
458
510
538
573
605
632
637
648
686
707
709
703
714
720
749
777
794
782
787
796
778
780
793
769
776
763
735
739
722
697
694
710
675
660
668
652
631
600
579
544
502
475
439
391
360
340
318
268
215
185
130
67
36
-4
-31
-64
-110
-165
-223
-257
-327
-359
-375
-421
-463
-492
-511
-576
-609
-623
-657
-682
-695
-699
-715
-742
-759
-793
-827
-839
-832
-813
-796
-759
-760
-787
-773
-767
-766
-733
-704
-688
-650
-626
-585
-559
-523
-462
-436
-393
-365
-340
-328
-308
-260
-216
-165
-101
-71
-21
31
61
96
152
187
214
267
283
307
329
367
380
389
421
457
476
484
487
526
559
583
602
602
600
562
549
551
539
569
567
564
575
592
588
593
602
579
594
594
607
617
614
627
606
558
563
548
500
532
509
464
409
359
306
264
241
204
137
95
51
-27
-49
-56
-88
-125
-148
-148
-192
-259
-287
-326
-382
-408
-423
-453
-479
-522
-545
-589
-605
-620
-636
-630
-615
-612
-652
-697
-692
-688
-687
-663
-664
-655
-653
-689
-679
-689
-676
-629
-598
-547
-506
-461
-454
-425
-393
-373
-342
-311
-258
-206
-173
-131
-138
-121
-101
-81
-10
12
26
63
88
95
119
157
169
158
186
210
252
283
297
342
385
401
432
456
478
502
500
532
562
566
557
586
593
581
562
529
524
534
554
552
574
578
553
527
537
509
503
497
486
479
461
471
465
420
385
365
357
359
334
321
291
232
178
158
118
79
48
4
-16
-32
-84
-106
-161
-198
-214
-260
-313
-352
-384
-408
-421
-468
-477
-495
-494
-504
-506
-545
-575
-602
-630
-641
-605
-609
-608
-573
-579
-587
-592
-577
-590
-589
-585
-560
-518
-526
-535
-526
-517
-479
-444
-392
-344
-289
-279
-267
-230
-216
-175
-139
-96
-82
-63
-44
-32
-25
-13
20
29
66
101
124
155
156
188
233
271
287
277
278
296
300
342
376
394
414
402
435
486
481
477
517
529
543
581
569
584
543
542
530
504
520
499
502
493
484
510
496
476
481
460
457
445
440
414
423
408
374
338
292
255
217
179
169
133
94
63
4
-36
-43
-76
-127
-143
-186
-213
-236
-268
-287
-324
-362
-361
-363
-406
-409
-425
-461
-494
-534
-573
-599
-596
-596
-588
-584
-561
-557
-534
-523
-527
-502
-485
-494
-495
-487
-500
-469
-453
-431
-406
-395
-391
-382
-355
-320
-290
-284
-266
-242
-211
-190
-166
-121
-90
-71
-38
-13
-24
-8
2
34
55
55
68
72
91
123
160
188
205
223
248
283
308
325
340
346
374
389
388
391
398
407
407
432
439
461
459
461
467
472
487
492
495
490
492
482
450
447
446
413
424
407
419
401
371
361
306
274
243
215
187
166
154
150
133
137
131
114
134
99
70
1
-41
-65
-113
-151
-178
-202
-242
-228
-254
-267
-296
-310
-328
-328
-332
-337
-360
-384
-380
-381
-406
-412
-397
-421
-448
-449
-440
-438
-435
-435
-447
-444
-443
-440
-412
-391
-379
-389
-395
-384
-365
-348
-321
-315
-321
-316
-300
-268
-208
-184
-147
-159
-162
-133
-132
-106
-89
-43
-10
-30
-7
21
21
44
79
104
109
165
179
191
238
259
263
264
286
300
302
317
332
336
330
339
383
372
389
414
420
439
457
443
437
448
433
420
429
426
439
445
431
398
379
377
371
366
335
321
298
262
256
251
248
228
194
171
151
103
89
26
-4
-32
-79
-83
-91
-106
-136
-141
-158
-188
-200
-206
-235
-241
-255
-267
-291
-317
-326
-359
-358
-335
-332
-349
-359
-360
-384
-396
-377
-391
-407
-384
-407
-405
-387
-383
-355
-345
-347
-335
-345
-355
-351
-340
-309
-277
-247
-236
-212
-200
-193
-162
-135
-139
-153
-121
-141
-139
-106
-75
-40
-11
37
32
23
38
42
61
98
133
164
202
197
216
230
226
243
258
280
300
331
348
331
352
350
331
365
374
381
409
406
402
401
406
404
389
391
373
374
363
353
355
311
301
294
288
282
283
246
215
216
189
188
171
149
109
75
69
46
36
22
5
-37
-77
-98
-103
-110
-131
-145
-198
-223
-240
-261
-258
-270
-299
-314
-341
-350
-337
-334
-335
-349
-386
-401
-389
-383
-365
-353
-369
-355
-356
-367
-354
-354
-344
-346
-336
-321
-315
-288
-285
-266
-271
-247
-233
-221
-198
-211
-212
-201
-182
-183
-163
-130
-125
-115
-55
-30
-22
5
6
37
59
83
114
131
151
170
179
178
225
234
255
265
274
274
250
285
322
326
344
335
328
327
344
364
379
361
372
400
379
404
384
386
398
382
378
369
372
356
316
318
328
309
289
264
244
240
235
229
226
200
156
119
91
86
54
38
32
0
-26
-50
-68
-67
-113
-120
-151
-204
-217
-245
-262
-268
-272
-301
-297
-291
-309
-311
-326
-369
-396
-418
-394
-375
-383
-399
-387
-374
-396
-388
-369
-395
-369
-364
-368
-353
-384
-343
-321
-329
-313
-333
-329
-304
-284
-265
-234
-225
-207
-195
-181
-170
-146
-122
-76
-50
-64
-51
-56
-28
-9
66
112
96
117
151
176
195
212
226
264
265
286
319
321
305
327
340
350
349
366
393
373
375
396
397
403
401
396
404
391
369
346
351
342
321
339
364
349
350
339
335
289
264
281
261
252
261
216
189
130
98
97
63
65
63
36
8
-9
-27
-48
-75
-72
-76
-103
-112
-125
-168
-189
-207
-225
-220
-216
-238
-249
-285
-333
-352
-385
-409
-428
-423
-407
-416
-388
-376
-378
-374
-391
-387
-390
-379
-375
-373
-339
-342
-335
-313
-315
-273
-260
-253
-218
-215
-193
-171
-164
-148
-130
-122
-114
-94
-68
-80
-61
-52
-25
8
0
30
29
27
46
65
86
99
107
131
156
185
180
188
194
189
186
186
201
206
224
251
251
252
252
250
277
285
299
298
312
311
297
297
315
320
303
289
287
282
280
288
292
294
290
275
259
246
246
259
239
236
200
166
175
170
166
142
129
113
92
79
48
18
-31
-60
-53
-87
-104
-118
-146
-154
-177
-179
-196
-213
-225
-232
-228
-259
-261
-254
-298
-316
-312
-330
-330
-348
-328
-320
-335
-327
-338
-342
-345
-335
-314
-306
-288
-258
-245
-233
-202
-202
-223
-212
-194
-185
-162
-142
-129
-123
-115
-84
-81
-67
-56
-55
-26
4
28
43
63
102
117
99
94
104
72
65
94
112
119
127
146
149
165
186
190
217
237
218
238
233
227
221
212
227
223
231
232
254
266
266
282
278
285
298
291
269
239
207
185
176
156
141
152
128
134
152
125
100
91
104
83
65
52
43
19
8
6
-1
5
-7
-18
-18
-38
-70
-110
-134
-143
-168
-187
-200
-208
-247
-262
-240
-258
-257
-240
-260
-254
-235
-227
-234
-217
-189
-206
-196
-226
-239
-231
-243
-211
-204
-194
-164
-159
-157
-144
-114
-114
-121
-119
-104
-120
-116
-98
-85
-96
-81
-70
-70
-42
-54
-50
-22
-10
-28
-23
-23
-16
1
27
35
57
62
50
39
27
50
67
99
117
144
167
150
163
142
137
176
190
194
225
222
195
187
201
207
204
216
211
243
262
251
244
229
214
235
231
229
257
241
233
233
209
205
192
187
172
167
158
125
114
91
94
62
56
69
43
28
-1
-18
-44
-58
-58
-64
-88
-87
-83
-134
-155
-160
-171
-181
-191
-173
-169
-186
-201
-205
-239
-256
-279
-305
-258
-232
-207
-213
-237
-253
-279
-280
-263
-259
-250
-258
-244
-243
-239
-219
-216
-184
-157
-123
-124
-145
-151
-137
-148
-123
-110
-99
-92
-90
-70
-68
-60
-54
-35
-9
12
28
20
28
41
32
29
58
77
91
109
123
140
156
168
170
164
151
152
159
161
161
173
195
214
208
209
214
247
239
262
280
275
272
265
264
255
250
236
220
200
170
138
138
121
124
129
129
117
106
96
78
89
88
58
42
11
-25
-21
-39
-52
-47
-66
-83
-100
-120
-136
-148
-129
-128
-150
-146
-137
-126
-123
-126
-123
-130
-152
-139
-134
-129
-104
-135
-151
-171
-176
-194
-191
-172
-162
-147
-123
-104
-97
-82
-68
-77
-75
-54
-48
-27
-13
-25
-51
-53
-51
-32
-25
-46
-34
-30
-30
4
22
34
38
26
28
19
31
40
55
33
21
30
32
18
21
41
45
53
48
67
67
65
65
73
77
95
88
101
120
122
125
115
135
136
121
113
95
98
102
91
90
85
97
59
56
59
53
32
21
33
3
-5
-15
-15
-8
-8
3
28
8
-13
-32
-46
-50
-68
-58
-68
-74
-75
-81
-65
-74
-74
-77
-84
-98
-100
-92
-88
-100
-93
-79
-85
-57
-51
-53
-51
-57
-89
-86
-88
-106
-93
-98
-101
-97
-97
-101
-99
-80
-79
-69
-61
-52
-52
-43
-73
-51
-30
-41
-18
-40
-32
-36
-33
-11
-4
18
44
38
41
36
34
23
30
52
60
83
85
89
108
116
108
113
109
99
108
118
130
115
120
121
106
110
109
111
118
113
105
111
121
118
125
128
111
102
83
96
95
78
75
64
66
58
50
44
38
30
13
42
35
20
31
38
22
-1
-18
-37
-64
-74
-69
-75
-82
-78
-75
-84
-86
-90
-90
-102
-94
-103
-95
-83
-85
-72
-64
-73
-79
-78
-89
-83
-73
-93
-94
-77
-88
-86
-90
-85
-74
-101
-102
-109
-118
-109
-103
-78
-63
-59
-57
-48
-51
-45
-53
-41
-36
-29
-9
-3
-2
10
3
-3
-17
-18
-8
-4
6
13
10
2
35
27
19
31
36
40
36
48
51
56
69
69
76
85
85
80
73
79
91
87
107
110
110
93
91
93
93
101
96
112
112
102
108
99
94
102
94
91
80
76
60
44
40
29
32
29
10
12
4
-7
-1
-9
-4
2
7
-5
-16
-20
-23
-40
-48
-51
-73
-75
-85
-94
-92
-89
-103
-97
-98
-100
-93
-99
-85
-82
-88
-92
-86
-84
-83
-63
-68
-68
-60
-72
-67
-78
-71
-74
-83
-66
-48
-21
-22
-30
-17
-25
-32
-17
-9
7
9
3
8
-7
-3
-8
-21
-7
5
12
3
16
18
21
15
5
22
11
11
15
13
14
21
17
23
32
20
18
23
20
17
27
26
42
49
42
45
42
43
46
47
41
42
38
39
50
30
45
55
44
45
51
57
36
52
60
50
51
52
39
43
47
16
19
8
-9
-1
4
16
25
20
19
26
19
-1
-5
-11
-27
-8
-11
-12
-5
-17
-12
-4
0
8
14
29
14
6
12
6
0
13
15
-13
-10
-13
-20
-24
-24
-31
-30
-27
-20
-3
10
5
-2
-7
-9
-7
-7
-8
-15
-27
-45
-56
-48
-38
-34
-21
-10
0
-8
0
-3
-19
-27
-40
-43
-49
-45
-32
-26
-26
-24
-26
-3
8
3
14
3
-7
-5
-6
-1
8
-6
-10
-1
-5
-11
8
4
1
5
3
8
7
8
-8
2
9
-1
1
12
17
7
13
3
0
-13
-16
-14
-22
-9
-10
5
-4
4
17
-2
-3
-8
-7
-3
-13
-11
-15
-14
-22
-20
-14
-13
-12
-11
-15
-33
-31
-36
-38
-34
-34
-36
-28
-18
-19
-26
-28
-29
-37
-42
-25
-17
-20
-16
-20
-13
-1
-1
23
35
21
39
42
36
36
33
30
24
18
21
30
24
30
41
25
38
47
41
39
45
43
41
38
40
50
35
41
45
49
56
50
52
55
39
42
34
35
43
35
36
28
26
17
16
21
19
11
8
5
-1
0
-4
3
17
9
0
11
-1
-5
1
-2
0
-3
2
-1
-7
-8
-16
-8
4
-3
0
3
-6
-12
-33
-42
-37
-39
-44
-30
-36
-37
-29
-28
-19
-25
-22
-24
-30
-28
-27
-20
-30
-40
-40
-57
-55
-60
-48
-45
-44
-45
-60
-61
-58
-52
-45
-43
-46
-47
-45
-44
-35
-34
-43
-48
-39
-30
-23
-17
-20
-19
-24
-16
0
5
5
-4
-4
-3
2
8
14
24
21
22
33
20
19
24
29
34
35
47
48
50
52
57
62
49
48
40
33
33
40
48
45
54
49
58
56
56
53
47
51
43
47
42
35
24
25
30
25
29
27
24
25
13
14
16
10
17
13
19
17
17
26
21
14
17
14
1
-14
-12
-13
-11
-4
-10
-10
-9
-10
-6
-16
-25
-19
-15
-17
-19
-20
-29
-30
-33
-33
-33
-38
-37
-42
-41
-41
-31
-26
-33
-24
-24
-24
-23
-25
-37
-26
-29
-36
-38
-44
-38
-36
-29
-28
-25
-20
-23
-22
-28
-21
-12
-15
-12
-10
-15
-10
-13
-18
-10
-12
-11
-6
-12
-12
-6
-8
-7
-5
1
-2
-7
1
-1
11
14
8
3
1
1
1
12
11
17
11
3
0
9
22
11
20
22
10
1
1
1
-4
4
17
14
20
20
21
18
14
24
27
29
31
31
32
33
26
29
26
30
34
27
31
40
32
20
18
14
6
10
15
24
29
28
14
9
6
-4
1
8
0
5
5
6
8
9
11
2
-1
-2
-10
-16
-14
-16
-20
-17
-20
-22
-19
-16
-8
-17
-10
-12
-18
-16
-13
-19
-28
-22
-26
-22
-27
-30
-27
-32
-28
-21
-19
-13
-18
-24
-17
-19
-12
-11
-12
-15
-6
1
-2
4
-1
-4
-1
0
-3
-4
4
10
8
11
16
15
17
9
9
7
6
9
11
12
24
23
18
24
30
23
17
18
15
17
18
19
21
22
14
9
10
16
20
21
14
11
15
14
13
11
14
8
-2
-5
-12
-20
-34
-26
-30
-26
-21
-20
-20
-27
-29
-27
-24
-26
-15
-12
-11
-13
-14
-13
-8
-3
-13
-13
-19
-14
-18
-22
-13
-13
-8
-3
-4
-6
-3
1
-3
-9
-6
-4
-2
-2
-8
-2
-3
-5
0
1
-3
-3
2
0
7
6
5
8
3
3
0
1
4
8
11
11
10
14
12
17
26
22
22
28
26
26
17
18
19
14
21
30
30
36
27
26
25
19
21
10
7
11
10
9
17
14
17
19
13
6
3
1
-5
-3
-7
-5
-10
-6
3
-1
3
-5
-4
-7
-9
-7
-11
-19
-20
-24
-25
-21
-30
-28
-23
-30
-25
-19
-21
-19
-22
-15
-10
-10
-13
-18
-15
-14
-19
-18
-20
-16
-16
-20
-18
-9
-19
-14
-12
-10
-12
-14
-8
-6
0
-4
-5
-6
-3
-5
-1
7
3
4
-4
-5
4
5
3
10
8
2
0
-4
-2
-3
-3
-3
1
2
7
0
0
4
7
12
9
12
11
2
5
1
0
7
10
9
9
16
17
14
19
19
18
19
19
26
26
22
27
27
27
20
20
13
8
12
9
19
22
20
22
20
21
19
14
12
10
8
7
3
0
0
-7
-2
-1
-6
-8
-10
-9
-10
-1
-1
-4
-4
-9
-15
-16
-13
-9
-16
-21
-21
-22
-25
-31
-25
-22
-28
-25
-19
-15
-14
-19
-17
-18
-20
-15
-17
-16
-14
-18
-19
-17
-14
-10
-5
-2
-3
-6
-12
-11
-15
-6
-5
-3
2
-1
3
2
-4
-7
-6
-4
0
-4
2
3
2
1
-1
6
7
2
1
2
2
1
0
1
4
5
12
17
20
22
20
18
20
22
22
21
22
21
17
17
17
19
24
26
24
29
29
29
30
28
20
15
15
20
21
24
20
14
12
9
14
12
17
17
14
11
2
1
-4
-1
0
-9
-9
-13
-17
-12
-16
-19
-15
-22
-22
-22
-21
-25
-25
-25
-23
-26
-24
-28
-31
-30
-33
-27
-24
-20
-22
-23
-22
-19
-14
-12
-13
-13
-21
