1.273891
1.273891
0.697470
-0.455373
-2.184637
-1.031794
1.273891
1.273891
0.121048
-1.031794
1.273891
0.121048
-2.761058
-1.031794
-2.761058
-3.913901
-4.490322
-2.184637
-1.608216
-3.337480
-1.608216
-2.761058
-5.066744
-5.643165
-2.184637
-2.761058
-2.184637
-0.455373
-1.608216
-1.608216
-1.608216
-4.490322
-4.490322
-2.184637
0.121048
-2.184637
1.273891
3.003155
1.850313
3.003155
2.426734
0.697470
-1.031794
-3.337480
-2.184637
-0.455373
0.121048
0.121048
2.426734
1.273891
0.121048
0.697470
0.121048
2.426734
3.579577
0.697470
0.697470
2.426734
2.426734
0.697470
-1.031794
-0.455373
3.003155
1.850313
1.850313
5.885262
6.461684
4.155998
4.155998
2.426734
1.850313
1.273891
1.850313
2.426734
0.121048
2.426734
4.155998
3.003155
1.273891
-0.455373
-1.608216
0.697470
-1.608216
-2.184637
-1.608216
-0.455373
-1.031794
0.121048
0.697470
0.121048
-0.455373
-2.761058
-1.608216
-0.455373
0.121048
3.003155
0.697470
-1.031794
1.850313
-1.608216
-2.184637
-2.184637
-2.184637
-1.608216
1.273891
-0.455373
0.697470
1.850313
2.426734
-0.455373
0.121048
-0.455373
-1.608216
1.850313
1.850313
2.426734
3.003155
5.308841
3.003155
-1.608216
-2.761058
-0.455373
0.121048
3.003155
3.579577
1.850313
3.579577
4.155998
1.273891
1.273891
-1.031794
-3.337480
-1.031794
-1.031794
2.426734
3.579577
3.579577
1.273891
1.273891
1.273891
-1.608216
-0.455373
-3.337480
-1.031794
0.697470
0.697470
-1.031794
-1.608216
0.697470
-2.184637
-2.761058
-0.455373
2.426734
2.426734
3.003155
3.579577
4.155998
4.732419
3.579577
0.697470
-1.031794
0.697470
0.121048
0.121048
1.273891
1.273891
-1.031794
-0.455373
2.426734
0.121048
-0.455373
0.121048
-0.455373
1.273891
2.426734
0.697470
1.273891
0.697470
-1.031794
-0.455373
-0.455373
0.697470
1.850313
2.426734
2.426734
1.850313
1.850313
-0.455373
-1.031794
-2.761058
-2.761058
-2.761058
-3.337480
-2.761058
-2.761058
-1.608216
-0.455373
-1.031794
-0.455373
-1.608216
0.121048
-3.913901
-2.184637
1.273891
-2.184637
-2.184637
-2.761058
-1.608216
-2.761058
-3.337480
-5.066744
-2.761058
-1.608216
-2.184637
0.697470
-1.031794
0.697470
0.697470
3.003155
0.121048
0.697470
3.579577
2.426734
3.579577
0.697470
1.850313
0.697470
-0.455373
0.697470
1.273891
1.273891
-0.455373
2.426734
2.426734
3.579577
1.850313
3.003155
0.697470
0.697470
-1.031794
-1.608216
-1.608216
0.121048
0.121048
-0.455373
0.121048
-2.761058
-3.337480
-3.337480
-2.761058
-3.913901
-1.031794
-4.490322
-4.490322
-6.219587
-3.337480
-2.184637
-3.913901
-3.913901
-4.490322
-5.066744
-5.066744
-1.608216
-3.913901
-4.490322
-5.066744
-6.796008
-5.066744
-4.490322
-3.337480
-1.031794
-1.608216
-0.455373
-0.455373
-3.337480
-2.761058
-0.455373
-3.337480
-5.066744
-3.337480
-2.761058
-2.184637
-0.455373
1.273891
4.155998
1.850313
0.121048
-1.031794
0.121048
1.850313
1.850313
3.579577
4.155998
2.426734
3.003155
4.155998
3.003155
2.426734
4.155998
2.426734
2.426734
5.308841
5.885262
6.461684
5.885262
5.308841
3.579577
3.579577
5.308841
3.579577
4.732419
3.003155
1.273891
3.579577
4.155998
3.003155
3.579577
5.308841
4.732419
5.308841
4.732419
6.461684
7.614526
4.155998
5.308841
7.038105
4.732419
3.003155
1.850313
0.121048
2.426734
1.850313
1.273891
1.850313
2.426734
-1.031794
-1.031794
-1.031794
0.697470
-0.455373
0.121048
3.003155
4.732419
4.155998
1.273891
1.273891
1.850313
-0.455373
-2.184637
-0.455373
-0.455373
-3.337480
-2.761058
1.273891
1.273891
1.273891
0.697470
-0.455373
0.697470
1.273891
0.697470
0.697470
0.121048
-1.031794
0.697470
0.697470
-3.337480
-1.608216
-2.184637
-5.643165
-2.761058
-0.455373
-1.031794
0.121048
-1.608216
-1.608216
0.121048
0.121048
0.697470
-1.608216
0.697470
-2.761058
-3.337480
-2.184637
-0.455373
-0.455373
-0.455373
-1.031794
0.121048
1.850313
-1.031794
-3.337480
-1.608216
-1.608216
-3.337480
-4.490322
-2.184637
-1.608216
-1.608216
-2.761058
-3.337480
-2.184637
-2.761058
-3.337480
-1.608216
-0.455373
-2.184637
-1.608216
-2.761058
-3.337480
-1.608216
-5.066744
-4.490322
-6.219587
-6.219587
-3.913901
-3.337480
-3.913901
-2.184637
-3.337480
-3.337480
-2.184637
-3.913901
-3.337480
-2.184637
-3.337480
-5.066744
-5.643165
-4.490322
-5.643165
-5.066744
-1.031794
-3.913901
-5.066744
-4.490322
-3.913901
-3.913901
-3.913901
-2.184637
-3.913901
-1.031794
-1.608216
-3.913901
-2.184637
-0.455373
1.273891
-2.184637
-1.608216
-2.761058
-2.184637
-1.608216
-1.031794
0.121048
0.121048
-0.455373
0.121048
1.273891
2.426734
4.155998
4.155998
4.732419
2.426734
1.273891
3.579577
2.426734
4.155998
5.308841
5.308841
5.885262
5.885262
8.190948
7.038105
8.190948
6.461684
5.885262
6.461684
7.038105
6.461684
8.767369
8.767369
7.614526
7.614526
7.038105
8.767369
9.343790
9.343790
8.190948
11.073054
11.649476
11.073054
8.767369
9.920212
9.920212
4.732419
4.732419
5.308841
4.732419
3.579577
4.732419
2.426734
5.308841
4.732419
4.732419
6.461684
5.308841
4.155998
5.308841
2.426734
-1.031794
5.308841
4.155998
3.579577
2.426734
0.121048
-1.031794
-2.761058
-3.337480
-3.337480
-1.608216
-5.066744
-4.490322
-3.337480
-3.337480
-2.184637
-1.031794
3.003155
2.426734
2.426734
1.273891
-0.455373
-2.761058
-3.913901
-4.490322
-2.184637
-1.608216
-5.066744
-4.490322
-5.066744
-4.490322
-4.490322
-5.066744
-6.796008
-4.490322
-3.913901
-8.525272
-5.066744
-4.490322
-6.219587
-5.066744
-3.337480
-2.184637
-1.608216
-3.337480
-4.490322
-6.796008
-6.796008
-2.184637
-3.913901
-2.184637
-2.761058
-4.490322
-6.219587
-3.913901
-3.337480
-6.219587
-4.490322
-4.490322
-2.761058
-2.761058
-0.455373
-0.455373
0.121048
-2.184637
-4.490322
-3.337480
-2.184637
-1.608216
-2.761058
-2.761058
-2.184637
-5.066744
-5.643165
-3.913901
-5.066744
-3.913901
-3.337480
-3.913901
-5.066744
-5.066744
-5.066744
-3.913901
-3.913901
-3.913901
-3.337480
-3.913901
-1.608216
-2.761058
-2.761058
-2.761058
-5.066744
-6.219587
-6.219587
-6.219587
-5.066744
-6.219587
-5.066744
-3.337480
-1.608216
-3.337480
-1.608216
1.273891
0.697470
0.121048
0.697470
0.121048
-1.031794
3.579577
1.850313
1.273891
2.426734
1.850313
4.732419
4.732419
5.308841
4.732419
4.155998
3.003155
3.579577
2.426734
5.308841
8.190948
5.308841
4.155998
2.426734
4.155998
2.426734
3.579577
2.426734
5.308841
5.308841
3.003155
4.155998
5.308841
5.885262
4.155998
3.003155
4.732419
7.614526
8.190948
7.038105
6.461684
7.614526
7.614526
7.614526
4.732419
4.732419
3.579577
3.003155
5.308841
5.885262
8.190948
7.038105
5.308841
2.426734
1.850313
5.308841
9.343790
7.038105
7.614526
6.461684
4.732419
5.308841
7.614526
7.038105
5.308841
5.308841
3.003155
5.885262
7.038105
7.614526
5.308841
3.003155
5.308841
4.155998
3.003155
6.461684
6.461684
3.579577
2.426734
3.579577
1.850313
3.579577
1.273891
-0.455373
-0.455373
-5.066744
-5.066744
-4.490322
-2.761058
-3.913901
-4.490322
-3.337480
-5.643165
-7.372429
-6.219587
-5.066744
-6.219587
-5.066744
-4.490322
-5.643165
-5.066744
-4.490322
-7.372429
-8.525272
-9.678115
-7.372429
-6.796008
-6.219587
-5.066744
-2.184637
-4.490322
-7.372429
-7.948851
-7.948851
-6.796008
-5.066744
-5.643165
-3.337480
-3.913901
-5.643165
-3.913901
-2.184637
-1.031794
-1.608216
-4.490322
-4.490322
-1.608216
-2.761058
-1.608216
0.121048
0.121048
-3.913901
-2.761058
-2.184637
-3.913901
-2.184637
-2.184637
-3.337480
-2.184637
-3.337480
-0.455373
-1.031794
-1.031794
-1.031794
-2.761058
-2.184637
-1.031794
-2.761058
-2.761058
-1.608216
-1.031794
-1.031794
-1.608216
-2.761058
-3.337480
-4.490322
-3.337480
-3.337480
-5.066744
-4.490322
-2.761058
-1.608216
-1.608216
-2.184637
-2.761058
-2.761058
-2.184637
-1.031794
0.121048
-1.031794
-0.455373
-0.455373
-1.031794
3.579577
4.732419
2.426734
4.732419
4.155998
4.155998
3.003155
2.426734
4.732419
4.155998
4.732419
4.732419
5.885262
7.038105
7.038105
6.461684
3.579577
5.885262
6.461684
7.038105
3.579577
3.579577
4.155998
3.579577
3.003155
3.579577
2.426734
3.003155
4.155998
4.732419
5.308841
4.155998
4.732419
2.426734
1.850313
4.732419
2.426734
2.426734
3.003155
1.273891
5.308841
2.426734
1.850313
4.155998
4.732419
3.003155
4.732419
5.885262
3.003155
0.697470
2.426734
1.850313
3.003155
3.579577
-0.455373
1.273891
3.003155
2.426734
0.697470
1.273891
-1.031794
-1.031794
0.121048
0.697470
1.850313
3.579577
3.579577
3.579577
2.426734
1.850313
3.579577
1.850313
1.850313
3.003155
-0.455373
1.273891
4.155998
1.850313
0.697470
-1.608216
-2.761058
-1.608216
-1.031794
-2.761058
-0.455373
-0.455373
-2.184637
-2.184637
-3.337480
-3.913901
-2.761058
-2.761058
-1.608216
-2.184637
-1.608216
-2.184637
-3.913901
-4.490322
-5.643165
-6.796008
-6.219587
-5.066744
-4.490322
-4.490322
-3.337480
-2.184637
-2.184637
-2.184637
-2.184637
-3.337480
-3.913901
-4.490322
-3.913901
-2.184637
-0.455373
-1.031794
-2.761058
-2.761058
-4.490322
-5.066744
-5.066744
-4.490322
-4.490322
-2.184637
-1.608216
-2.761058
-2.184637
-0.455373
7.038105
12.802319
18.566532
18.566532
12.802319
3.579577
-9.101693
-20.053699
-22.359385
-23.512228
-21.206542
-14.865907
-12.560222
-10.830958
-7.948851
-6.219587
-5.066744
-2.761058
0.697470
-2.184637
-7.372429
-12.560222
-17.171593
-14.865907
-9.678115
-2.184637
4.732419
11.649476
17.413690
19.142954
20.295796
17.990111
14.531583
7.614526
1.273891
-1.608216
-6.796008
-7.948851
-7.948851
-3.913901
-0.455373
6.461684
12.225897
13.955161
17.413690
16.837268
12.802319
8.190948
4.732419
-2.761058
-7.372429
-7.948851
-9.678115
-5.066744
-0.455373
5.308841
13.378740
17.413690
22.601482
23.754325
22.601482
13.955161
6.461684
-4.490322
-10.254536
-10.254536
-8.525272
-3.913901
4.155998
8.767369
15.684425
19.719375
19.719375
20.295796
16.260847
8.190948
0.121048
-8.525272
-20.053699
-25.241492
-27.547177
-21.206542
-13.136643
-3.337480
5.308841
12.802319
13.955161
14.531583
12.225897
7.038105
-1.031794
-9.678115
-16.018750
-19.477278
-21.782964
-17.171593
-11.983800
-5.066744
7.038105
13.955161
20.872218
22.025060
17.990111
7.614526
-4.490322
-16.595171
-27.547177
-34.464234
-35.617076
-22.935806
-11.407379
-4.490322
6.461684
13.955161
20.872218
19.142954
13.955161
9.920212
-1.608216
-7.948851
-16.018750
-17.171593
-19.477278
-18.324435
-11.407379
-2.184637
8.767369
19.142954
24.907167
24.907167
20.872218
10.496633
1.850313
-7.372429
-12.560222
-16.595171
-12.560222
-10.830958
-5.643165
5.308841
12.802319
19.719375
25.483589
26.060010
20.872218
11.073054
-1.031794
-11.407379
-16.018750
-17.171593
-18.900857
-13.136643
-7.948851
-3.337480
2.426734
9.343790
15.108004
15.684425
13.378740
10.496633
0.121048
-5.066744
-9.101693
-11.983800
-11.407379
-13.713064
-10.830958
-8.525272
-7.372429
-3.337480
4.155998
10.496633
12.225897
8.767369
2.426734
-7.372429
-13.713064
-19.477278
-18.324435
-13.713064
-6.219587
2.426734
8.190948
11.073054
11.073054
11.073054
9.920212
5.885262
3.003155
3.003155
-1.608216
-0.455373
-2.761058
-6.219587
-4.490322
-3.337480
0.121048
2.426734
5.308841
9.343790
8.767369
7.614526
3.579577
0.697470
-1.031794
-4.490322
-7.372429
-4.490322
-2.761058
-2.184637
0.697470
3.579577
6.461684
5.308841
3.579577
-0.455373
-2.761058
-1.608216
0.121048
0.121048
5.885262
5.885262
3.003155
3.003155
0.121048
0.121048
-0.455373
1.850313
7.038105
8.767369
5.308841
0.697470
-8.525272
-14.289486
-14.289486
-9.678115
-6.219587
-1.031794
4.155998
6.461684
7.614526
4.732419
3.003155
1.850313
0.697470
-1.608216
-1.031794
0.121048
-1.608216
-1.031794
1.850313
5.308841
7.038105
5.885262
2.426734
-3.337480
-9.678115
-8.525272
-3.913901
-6.219587
-4.490322
0.697470
1.273891
3.003155
5.885262
4.732419
4.155998
4.155998
0.121048
-1.608216
-1.031794
0.697470
-0.455373
-0.455373
-1.031794
-5.066744
-6.796008
-6.796008
-4.490322
-0.455373
0.697470
-1.031794
-2.184637
-4.490322
-4.490322
-1.608216
4.732419
9.343790
11.073054
9.920212
8.767369
5.308841
-2.184637
-6.219587
-9.101693
-8.525272
-7.372429
-4.490322
-0.455373
3.579577
7.614526
8.190948
9.343790
4.155998
-1.031794
-3.913901
-6.219587
-6.219587
-2.761058
0.121048
4.155998
6.461684
8.767369
13.955161
16.260847
15.684425
16.837268
9.920212
4.155998
-2.184637
-6.219587
-7.948851
-10.254536
-5.066744
-2.761058
0.121048
4.732419
5.308841
6.461684
5.885262
5.308841
3.003155
-4.490322
-6.796008
-10.254536
-12.560222
-9.101693
-5.066744
-2.184637
0.697470
5.308841
7.614526
8.190948
4.732419
1.850313
-3.913901
-9.678115
-14.289486
-17.748014
-18.900857
-17.748014
-13.136643
-7.372429
-3.337480
2.426734
3.003155
5.308841
4.155998
2.426734
-0.455373
-5.643165
-13.713064
-20.630121
-21.782964
-20.053699
-13.136643
-6.219587
2.426734
9.343790
15.684425
15.108004
10.496633
4.155998
-3.913901
-10.830958
-14.289486
-9.678115
-9.101693
-6.796008
-1.031794
7.614526
15.684425
21.448639
26.060010
26.060010
20.295796
11.073054
3.003155
-7.372429
-11.983800
-14.865907
-10.830958
-5.643165
0.121048
5.308841
11.649476
15.684425
19.142954
22.601482
17.413690
8.190948
0.121048
-10.254536
-14.289486
-14.865907
-11.983800
-6.796008
0.121048
6.461684
13.378740
16.837268
15.684425
10.496633
2.426734
-3.913901
-10.254536
-11.983800
-10.254536
-7.372429
-5.066744
-2.184637
3.003155
8.190948
9.920212
12.802319
9.920212
4.732419
-2.184637
-6.219587
-10.830958
-11.983800
-8.525272
-4.490322
-1.031794
1.273891
4.732419
4.155998
3.579577
0.697470
-0.455373
-1.031794
-1.031794
-1.608216
0.121048
0.697470
-2.184637
-0.455373
0.697470
3.579577
4.732419
3.579577
3.003155
3.003155
3.003155
3.003155
6.461684
9.343790
8.767369
9.343790
10.496633
8.190948
4.155998
-0.455373
-3.337480
-3.913901
-0.455373
1.850313
-0.455373
0.121048
1.273891
1.850313
0.121048
-1.031794
-2.761058
-8.525272
-7.948851
-7.948851
-6.219587
1.273891
-1.608216
-7.948851
-7.948851
-7.372429
-7.372429
-6.796008
-2.184637
1.850313
1.850313
1.273891
0.697470
0.121048
-0.455373
1.850313
-0.455373
-3.337480
-7.948851
-11.407379
-13.713064
-13.713064
-11.407379
-7.948851
-2.184637
1.273891
6.461684
6.461684
1.850313
1.850313
1.273891
-3.337480
-5.643165
-7.948851
-9.678115
-6.219587
-3.913901
-6.219587
-7.372429
-2.761058
1.273891
1.273891
-0.455373
-5.066744
-8.525272
-11.983800
-16.018750
-12.560222
-4.490322
2.426734
9.343790
13.955161
16.837268
17.990111
11.649476
5.308841
-0.455373
-2.184637
-2.184637
-1.031794
-1.031794
1.273891
0.121048
0.697470
2.426734
5.885262
9.343790
9.343790
11.649476
10.496633
6.461684
6.461684
4.732419
0.697470
0.121048
3.003155
4.155998
7.038105
10.496633
13.955161
15.684425
14.531583
15.684425
14.531583
7.614526
4.155998
3.579577
-2.184637
-3.913901
-1.031794
4.732419
9.343790
14.531583
19.719375
20.872218
18.566532
11.073054
5.308841
3.003155
-0.455373
-1.608216
-0.455373
-2.184637
0.697470
0.697470
4.155998
8.190948
8.767369
9.343790
5.308841
-1.031794
-6.219587
-13.713064
-16.018750
-13.136643
-6.796008
-1.608216
0.121048
0.121048
0.121048
-6.219587
-5.643165
-5.066744
-6.219587
-9.678115
-14.289486
-17.748014
-18.900857
-11.407379
-6.796008
-5.066744
-0.455373
-0.455373
-6.219587
-7.948851
-10.830958
-19.477278
-19.477278
-17.748014
-14.289486
-7.948851
-3.913901
-1.608216
-2.761058
-5.066744
-3.337480
0.121048
-1.031794
-2.761058
-5.066744
-11.407379
-15.442328
-19.477278
-17.748014
-11.407379
0.121048
6.461684
12.802319
17.990111
11.649476
4.155998
-2.761058
-8.525272
-11.983800
-8.525272
-9.678115
-6.219587
-3.913901
-5.066744
-4.490322
-3.913901
-2.761058
-1.608216
0.121048
0.121048
0.121048
1.850313
3.579577
4.155998
1.273891
-2.761058
-2.184637
-0.455373
1.850313
5.885262
10.496633
13.955161
13.378740
12.802319
4.732419
0.697470
-1.608216
-2.761058
0.697470
3.579577
4.155998
6.461684
8.767369
7.038105
10.496633
12.225897
15.108004
13.378740
15.108004
15.108004
8.190948
7.038105
5.885262
2.426734
4.155998
9.343790
11.649476
15.108004
19.719375
20.872218
25.483589
27.212853
24.907167
20.872218
15.108004
12.225897
4.732419
1.273891
-6.796008
-6.796008
-2.184637
-1.031794
-1.608216
3.003155
1.273891
-5.066744
-7.372429
-13.136643
-18.324435
-20.053699
-27.547177
-32.734970
-24.665070
-24.088649
-22.359385
-18.324435
-14.865907
-11.407379
-10.254536
-7.372429
-5.066744
-6.219587
-7.372429
-11.983800
-11.407379
-9.101693
-11.407379
-12.560222
-17.748014
-15.442328
-13.713064
-10.830958
-6.796008
-3.337480
1.850313
5.308841
5.308841
4.732419
1.850313
-3.913901
-6.219587
-16.595171
-21.782964
-20.630121
-14.289486
-2.184637
9.920212
15.108004
16.260847
15.108004
9.920212
1.273891
3.579577
4.732419
8.767369
9.920212
8.190948
9.343790
13.955161
21.448639
33.553488
56.033921
83.125726
113.099637
138.462177
162.095453
183.999465
195.527892
191.492943
170.741774
137.309334
90.619203
28.942117
-21.782964
-65.590988
-101.329112
-116.892489
-126.115231
-125.538810
-118.045332
-114.586804
-119.198175
-115.739647
-109.399012
-111.128276
-114.586804
-123.809546
-137.067237
-142.831451
-138.220080
-120.927439
-85.765735
-44.839818
-7.372429
26.060010
37.588437
42.199808
31.824224
8.190948
-16.018750
-43.110554
-67.320252
-87.495000
-99.599848
-96.717741
-75.966572
-44.263397
-6.796008
31.247802
62.950978
79.667197
75.632248
55.457500
30.671381
-3.337480
-36.193498
-56.368246
-68.473094
-70.778780
-61.556038
-33.311391
-3.337480
24.907167
47.387601
61.221714
61.221714
49.116865
37.588437
24.330746
18.566532
23.177903
37.588437
58.916028
85.431411
104.453316
119.440272
126.933750
126.933750
122.898800
109.064687
88.889939
57.186764
24.907167
-13.136643
-51.756875
-79.425100
-88.071421
-77.695836
-44.839818
24.907167
137.309334
270.462670
386.899787
449.729716
450.306137
387.476208
268.733406
117.711008
-27.547177
-119.198175
-151.477771
-155.512721
-146.289979
-137.067237
-128.997338
-124.962389
-127.844495
-120.351018
-115.163225
-125.538810
-175.687469
-259.844989
-342.273244
-382.046319
-371.094313
-307.111541
-202.779273
-70.202358
56.610343
149.990604
201.292106
205.903477
174.200302
124.628064
55.457500
-30.429284
-115.163225
-199.320745
-275.984787
-305.958698
-264.456360
-171.076098
-52.909717
68.138770
158.636925
200.715685
193.222207
137.885756
55.457500
-34.464234
-115.739647
-188.368739
-229.294656
-225.836128
-202.202852
-156.665564
-79.425100
8.767369
87.737097
130.968699
121.169536
66.409506
-10.254536
-84.612893
-137.643659
-147.442822
-134.761552
-92.106370
-20.053699
64.680242
172.471038
286.602469
370.183567
419.179383
422.061490
369.030724
272.768356
135.580070
-1.031794
-121.503860
-207.390644
-238.517398
-216.036965
-163.582620
-105.940483
-50.027611
9.343790
66.409506
99.841945
109.641109
97.536260
62.374556
28.942117
4.155998
-1.608216
18.566532
83.125726
184.575886
326.951965
512.559645
714.307124
876.857950
947.181357
879.740057
704.507961
445.694766
132.697963
-171.652519
-392.421904
-497.907014
-515.199655
-477.732266
-424.125079
-356.683779
-286.936793
-234.482449
-181.451683
-146.289979
-166.464727
-265.032781
-431.042135
-626.448979
-767.672215
-797.069704
-719.829241
-552.090623
-316.334283
-65.014566
147.684919
290.637418
343.091763
337.327549
277.379727
164.977560
19.719375
-142.831451
-320.945654
-463.321732
-519.811026
-464.474575
-297.888799
-51.180453
206.479898
386.899787
485.467841
451.458980
303.895110
95.230574
-162.429777
-387.234111
-529.610189
-591.287276
-567.077578
-456.981097
-316.910704
-150.901350
54.881079
256.628558
411.109484
483.738577
440.506974
301.589424
117.711008
-55.791824
-179.722419
-217.766229
-173.381783
-53.486139
128.663014
330.410493
529.852286
697.590905
775.984211
751.774513
647.442245
453.188244
187.457993
-106.516905
-363.024414
-543.444302
-593.016540
-520.963869
-365.330099
-167.617570
0.697470
118.863850
193.222207
207.056320
155.178397
88.313518
8.767369
-42.534133
-48.874768
-31.582127
11.649476
84.278568
173.623880
283.720362
401.310321
533.887236
682.027528
890.115642
1105.120812
1220.981507
1208.300237
1037.103091
702.202275
240.488759
-265.032781
-673.715531
-882.956488
-895.061337
-817.820874
-728.475561
-633.942457
-556.701994
-526.151661
-507.129756
-448.334776
-373.976420
-342.849666
-456.981097
-687.549644
-916.965349
-1065.105641
-1039.166679
-816.668031
-456.981097
-33.887812
363.842932
605.363486
676.839735
654.359302
580.577367
447.424031
275.074041
51.998972
-210.849172
-471.391631
-666.222054
-729.628404
-613.767709
-329.015553
31.247802
384.017680
691.250269
858.412466
816.333706
663.005622
388.629051
34.129909
-338.238295
-696.772386
-951.550631
-1061.647113
-971.148958
-722.134926
-319.792811
126.357328
489.502790
718.918495
792.700430
714.883546
560.402619
343.091763
84.278568
-165.888306
-331.897660
-359.565886
-200.473588
128.086592
507.948274
888.962799
1170.832848
1240.579834
1113.190711
819.215813
394.393265
-73.084465
-493.872064
-799.951811
-984.983071
-1016.686246
-927.917355
-670.257003
-296.159535
73.326562
373.065674
548.874191
558.673355
428.402125
220.890433
8.767369
-116.316068
-156.665564
-145.137136
-65.590988
58.916028
213.396955
422.637912
623.232548
790.971166
912.596075
939.687879
957.556942
1059.007103
1212.911608
1365.663271
1399.672132
1225.016457
890.115642
371.336410
-300.770906
-892.755652
-1182.695600
-1168.861487
-1012.074875
-903.131236
-891.602809
-959.620530
-1072.599119
-1161.368009
-1156.180217
-1044.354471
-963.655480
-1036.284572
-1312.966829
-1602.330356
-1729.143057
-1617.317312
-1245.525529
-638.553828
91.772046
714.883546
1071.688373
1160.457264
1016.351921
770.796418
551.756298
369.030724
182.270201
-26.394334
-315.757862
-648.929413
-846.641942
-857.017527
-629.907507
-256.386461
156.331239
515.441752
705.660804
684.909634
506.219010
257.204979
-77.119415
-433.924242
-704.265864
-859.323212
-823.008666
-620.684766
-311.146491
81.396461
471.633728
781.748424
936.229351
924.700924
799.041065
593.258637
347.126712
103.876895
-68.473094
-117.468911
-80.001522
61.221714
313.117852
643.983717
999.059280
1262.483846
1324.737354
1237.697727
996.753595
631.302447
220.314011
-161.276935
-466.203839
-749.803152
-918.118192
-986.712335
-940.598625
-808.598132
-627.601822
-421.242972
-210.272751
-43.686976
55.457500
93.501310
80.820040
88.313518
77.937933
51.998972
56.033921
164.401139
317.729223
464.716672
601.904957
672.228364
706.237225
783.477688
969.661791
1257.872475
1652.721112
1901.735144
1841.210900
1528.214097
931.041559
145.379233
-601.662860
-1061.647113
-1156.180217
-979.218857
-765.942950
-657.575733
-648.929413
-695.043122
-806.292446
-858.746791
-779.777063
-652.964362
-711.759342
-1028.214673
-1438.626688
-1772.951081
-1842.121646
-1613.282362
-1097.385237
-390.692639
325.222700
874.552265
1153.540207
1188.701911
1102.815127
941.993565
735.058293
458.952458
69.868034
-404.526752
-894.484916
-1281.263654
-1444.390901
-1282.992918
-844.912678
-314.028597
187.457993
579.424524
823.250763
945.452093
948.334200
790.394745
469.328043
40.470544
-510.011863
-963.655480
-1200.564662
-1154.450953
-805.716025
-228.718235
406.498113
920.665974
1193.889703
1150.658100
937.958615
600.175693
196.104314
-184.333789
-509.435441
-750.379573
-863.934583
-811.480239
-500.789121
7.038105
584.612316
1165.645056
1566.834328
1700.564086
1577.209913
1190.431175
665.311308
54.304657
-539.409353
-1013.804139
-1341.787898
-1524.513472
-1526.819157
-1341.787898
-1031.096780
-596.475068
-152.630614
248.558658
453.188244
480.856470
332.716178
103.876895
-117.468911
-237.940977
-154.359878
181.693780
744.857457
1284.387858
1546.659581
1478.065438
1102.238705
458.952458
-357.260200
-1085.280389
-1346.975690
-1023.026881
-288.666057
601.328536
1509.192192
2298.313045
2808.445956
2861.476722
2566.348982
2080.425768
1456.161426
679.145421
-289.818900
-1124.477042
-1666.889550
-1949.912442
-1939.536857
-1749.894227
-1361.962646
-892.179230
-590.134433
-522.116711
-695.619543
-1048.965842
-1477.246919
-1902.069468
-2154.542027
-2098.052733
-1695.710618
-1044.354471
-258.692146
555.791248
1346.641366
1932.285476
2248.740808
2270.068398
1957.071595
1326.466618
426.672861
-552.090623
-1422.486889
-2049.633338
-2378.769940
-2310.175797
-1855.955759
-1189.036235
-446.029091
310.235745
1013.469815
1547.812423
1723.620941
1491.899551
955.251256
177.082409
-686.973223
-1363.691910
-1658.819650
-1501.456617
-957.314845
-285.207529
324.646279
819.792235
1163.339370
1271.130166
1137.976830
885.504271
466.445936
-95.564899
-727.322719
-1205.752455
-1421.910468
-1263.971013
-748.073888
83.702147
1145.470308
2079.272925
2711.607167
2871.275886
2526.575907
1766.276122
784.630531
-309.993648
-1318.731043
-2109.581161
-2643.347348
-2781.688477
-2573.600362
-1978.733510
-1170.590751
-348.613880
350.585241
767.337890
858.412466
619.774020
250.864344
-50.604032
-155.512721
-74.237308
145.955655
428.978547
713.730703
910.866811
989.836538
1011.164129
1035.373827
1102.815127
1275.741537
1790.485819
2515.047480
3137.582558
3375.644583
3087.433899
2475.850827
1581.821284
521.205966
-413.749494
-938.292940
-973.454643
-837.995622
-790.152648
-893.908494
-1077.786911
-1266.276698
-1482.434712
-1530.277685
-1367.150438
-1210.940247
-1419.028361
-2005.248893
-2591.469425
-2886.597166
-2670.439152
-1987.956252
-922.153141
315.999958
1431.375307
2154.207703
2346.732440
2174.958872
1789.332977
1275.741537
700.473011
24.907167
-795.340440
-1664.583864
-2453.128296
-2881.985795
-2824.343658
-2264.062087
-1304.320509
-209.696330
735.634715
1340.300731
1507.462927
1256.143211
756.962306
133.274385
-424.701500
-767.672215
-891.026387
-940.022204
-922.729563
-788.999805
-578.606006
-305.382277
23.177903
356.925876
558.096933
600.175693
457.799615
-37.346340
-665.069211
-1022.450459
-1045.507314
-736.545461
-31.005705
762.150098
1440.598049
2025.665738
2323.099164
2330.592642
2202.050677
1864.844176
1211.758765
393.240422
-580.911691
-1565.439389
-2337.267601
-2845.094827
-2939.627932
-2571.294677
-1913.021474
-1186.730550
-522.116711
-30.429284
242.794445
475.092256
697.014483
861.870995
981.766639
962.744734
842.272668
715.459967
734.481872
894.150591
1174.867798
1509.768613
1697.105558
1573.751385
1108.002919
415.144434
-235.635291
-721.558505
-842.030571
-456.404675
502.760482
1885.595345
3294.945592
4288.696031
4670.286977
4511.771101
3773.375328
2558.855504
1195.042546
52.575393
-760.178737
-1425.368996
-2129.179487
-2771.889313
-3182.301328
-3372.520379
-3230.720723
-2710.788648
-1924.549901
-1231.114995
-1050.118685
-1426.521839
-2094.017784
-2621.443336
-2781.112055
-2393.756895
-1497.421667
-241.975926
996.177173
1856.774277
2305.230102
2377.859194
2237.788802
1983.586978
1641.192685
1036.526669
96.383417
-1168.861487
-2567.836149
-3839.998109
-4617.014114
-4644.682340
-3944.906798
-2717.129283
-1314.119672
-9.678115
997.330016
1774.922443
2408.409527
2743.886763
2783.083416
2550.209183
1875.219761
854.953938
-330.168396
-1348.704954
-1867.484186
-1727.413793
-1205.176033
-530.763032
177.658830
563.861147
706.237225
664.158465
466.445936
302.165846
209.362005
-26.394334
-319.216390
-436.806349
-283.478265
268.733406
1212.335187
2278.138297
3188.884060
3702.475499
3531.278353
2689.126733
1446.362262
-21.206542
-1449.578694
-2630.666078
-3468.782748
-3865.360650
-3786.390922
-3327.559513
-2511.923276
-1344.093583
-2.184637
1168.527163
2027.395002
2521.388115
2553.667712
2389.964043
2022.207210
1565.105064
1184.090540
885.504271
617.468334
406.498113
345.973870
245.100130
213.396955
207.056320
117.711008
71.020877
-21.782964
-143.407872
-171.652519
107.911844
878.010793
2068.320919
3216.552285
3902.493714
3979.157756
3518.020661
2515.623901
1116.072818
-141.678608
-882.956488
-1224.197938
-1563.710125
-2045.021967
-2644.500191
-3321.795299
-3931.649107
-4176.628189
-3887.841083
-3181.148485
-2482.525786
-2206.419951
-2281.354729
-2416.813750
-2222.559749
-1609.247413
-608.003495
742.551771
2094.259881
3075.905472
3417.146922
3185.425532
2581.335937
1818.730467
1069.959109
292.943104
-593.592961
-1699.745568
-2955.191308
-4142.619328
-4857.958246
-4824.525807
-3970.845760
-2519.993175
-895.637758
541.380714
1525.908411
1997.997512
2078.696504
2022.207210
1901.158722
1863.691333
1962.835809
1951.307381
1814.695517
1629.664258
1491.323129
1401.401396
1407.165609
1280.352908
917.783867
369.607146
-342.849666
-1097.385237
-1718.191051
-2015.048056
-2004.096050
-1559.098754
-943.480732
-225.259707
667.040572
1513.227141
2269.491977
2870.123043
3154.875199
3009.617014
2502.942631
1592.196869
394.969686
-731.357668
-1663.431021
-2342.455394
-2645.653034
-2612.797016
-2365.512248
-1947.030335
-1543.535377
-1170.590751
-771.130743
-367.635785
-18.324435
318.882065
665.887729
928.735873
1167.374320
1453.855740
1672.895860
1929.403369
2083.307875
2007.220254
1808.354882
1439.445206
881.469321
218.008326
-366.482942
-844.912678
-1180.966336
-1408.652776
-1561.980861
-1613.858784
-1447.273008
-763.060844
514.865331
2036.041322
3272.465158
3920.939198
3920.939198
3256.901781
2061.980284
709.695753
-277.137630
-672.562689
-778.047799
-975.760329
-1382.137393
-1956.829498
-2646.229455
-3246.860521
-3381.743121
-2910.806863
-2135.520122
-1672.653763
-1814.453420
-2262.909245
-2583.975947
-2449.669768
-1865.754922
-786.117698
702.778697
2110.976100
3018.263335
3316.849604
3047.660824
2505.248317
1934.591162
1353.558422
722.377023
-72.508044
-1194.224027
-2480.796522
-3545.446790
-4055.579701
-3803.107142
-2915.994655
-1706.086203
-497.330593
458.376037
1054.395732
1449.820791
1739.760739
2026.818581
2301.771573
2473.545141
2515.623901
2393.998992
2152.478439
1942.661061
1852.162906
1880.407553
1808.931303
1384.108755
539.651450
-544.020724
-1630.575003
-2582.246683
-3174.231429
-3313.148978
-3096.990965
-2690.037479
-2087.100727
-1316.425357
-393.574746
744.857457
1906.922936
2864.358829
3459.802103
3448.850097
2769.825725
1657.908905
303.318688
-880.650803
-1646.138380
-2116.498217
-2309.022954
-2316.516432
-2259.450717
-2140.707915
-1910.715789
-1577.544237
-1051.847949
-393.574746
144.226391
522.358808
729.294080
818.062971
864.176680
1037.103091
1388.143704
1835.446686
2229.718902
2399.763206
2219.919739
1776.651707
1168.527163
453.764666
-176.840312
-763.637265
-1307.779037
-1874.401242
-2307.293690
-2511.346855
-2303.258741
-1405.194248
182.270201
2141.526433
3802.196396
4784.418408
5000.000000
4397.063248
3062.071359
1429.069621
86.584254
-659.304997
-1001.122869
-1331.412313
-1774.680346
-2239.852390
-2672.744838
-2970.178264
-2852.011884
-2306.717269
-1620.199419
-1297.403452
-1708.391888
-2542.473609
-3203.052497
-3353.498474
-2901.584121
-1809.265628
-214.307701
1498.240186
2730.052650
3334.718666
3467.295581
3294.369170
3019.416177
2613.039112
1973.787815
938.535037
-481.767216
-1990.261937
-3279.716539
-4036.557796
-4045.780538
-3373.673222
-2294.035999
-1150.416003
-120.927439
688.368163
1293.034178
1781.839499
2219.919739
2603.239949
2849.948295
2886.839263
2573.842459
2011.255204
1482.100387
1145.470308
1045.749411
1010.011286
831.897083
346.550291
-452.946147
-1421.910468
-2387.416260
-3019.174080
-3272.799483
-3132.729090
-2592.622268
-1887.658934
-1151.568846
-317.487126
699.896590
1784.145184
2800.376057
3465.566317
3561.252264
3162.945098
2191.675092
818.062971
-503.671228
-1597.718985
-2366.088670
-2824.343658
-2980.553849
-2882.562216
-2545.355715
-2032.917119
-1449.578694
-707.724392
31.247802
597.293586
932.194402
1095.321649
1078.029008
1091.863121
1165.068634
1259.601739
1475.759752
1643.498370
1656.756062
1554.153058
1283.235015
848.613303
317.152801
-232.753184
-731.357668
-1159.062324
-1480.129026
-1702.051253
-1740.671485
-1402.888563
-394.151168
1162.762949
2824.585755
4052.939691
4633.396010
4501.395516
3683.453594
2369.212874
996.177173
69.868034
-368.212206
-613.191288
-1042.048786
-1648.444066
-2329.774124
-3039.925250
-3521.237092
-3555.245953
-3105.060864
-2453.128296
-2163.188348
-2364.359406
-2646.805876
-2615.679122
-2204.114265
-1363.691910
-124.385967
1319.549561
2513.894637
3142.193929
3136.429715
2791.729737
2427.431432
2104.059044
1763.970437
1276.317959
513.712488
-662.187104
-1967.781504
-3090.650330
-3720.678886
-3636.521366
-3026.667558
-2187.974467
-1322.765993
-526.151661
136.732913
702.778697
1287.269965
1892.512402
2426.278589
2796.917529
2882.227892
2589.405836
2155.360546
1851.010063
1604.878139
1376.615277
1070.535530
530.428708
-315.181440
-1291.639239
-2198.926473
-2845.094827
-3023.209030
-2895.819908
-2519.416754
-1970.663611
-1468.600599
-950.974210
-221.224757
645.712981
1574.327806
2467.780928
3024.027548
3042.473032
2574.995302
1619.288673
455.493930
-490.989958
-1222.468674
-1733.178007
-1931.466958
-1991.991202
-1973.545718
-1859.414287
-1635.186374
-1193.647606
-582.640955
-26.970756
367.877882
628.996762
657.241409
612.856963
672.228364
925.277345
1406.012767
1936.320426
2238.365223
2330.592642
2258.539971
1893.665244
1316.091033
654.359302
40.470544
-538.256510
-1099.114501
-1666.889550
-2111.310425
-2193.738681
-1954.523813
-1300.861981
28.942117
1822.188995
3484.588222
4573.448187
4931.405857
4663.946342
3858.109269
2518.506008
1005.399915
-128.420917
-846.641942
-1548.146748
-2351.678136
-3090.650330
-3570.809330
-3728.748785
-3633.639259
-3168.467215
-2374.734990
-1712.426838
-1655.937544
-2132.061594
-2693.496007
-2931.558032
-2736.151188
-2106.699054
-1073.175540
257.781400
1529.366939
2483.344305
3015.957649
3232.115662
3277.076529
3164.674362
2749.074555
1870.031968
588.647266
-924.458827
-2285.966100
-3298.162023
-3769.098281
-3606.547455
-2956.344151
-2042.716282
-1114.101457
-269.067731
568.472518
1324.160932
1860.232805
2222.225425
2301.771573
2136.338641
1745.524953
1088.981014
658.970673
789.818324
1169.680005
1718.433148
2070.626605
1923.062734
1275.165116
202.444949
-1070.869854
-2132.061594
-2688.308215
-2971.331107
-2757.478779
-2294.035999
-1914.174317
-1353.892746
-511.741127
608.245592
1966.870758
3271.888737
3917.480670
3821.794723
3088.010320
1721.315255
257.781400
-851.253313
-1612.129520
-1914.174317
-1988.532673
-2028.882169
-1854.802916
-1605.788885
-1356.774853
-856.441105
-116.316068
449.153295
769.643576
838.814140
550.027034
264.698457
158.060503
198.986421
551.179877
1122.989875
1551.270951
1791.638662
1827.953208
1572.598542
1244.038362
819.792235
279.108991
-189.521582
-655.846469
-1214.975197
-1697.439882
-1883.047563
-1734.330850
-1027.638252
324.646279
1887.901031
3228.080713
4009.708089
4100.206244
3599.872496
2520.235272
1070.535530
-294.430271
-1169.437908
-1778.138874
-2384.534154
-2905.619071
-3237.061358
-3271.646640
-3092.379594
-2642.770927
-1861.143551
-1035.131730
-730.204826
-1099.690923
-1819.064791
-2467.538831
-2753.443829
-2632.395342
-2101.511262
-1184.424864
-56.368246
997.906438
1811.813410
2457.981764
3043.625875
3542.230359
3865.026325
3762.999743
3145.076036
2007.220254
492.961319
-1136.005469
-2526.910232
-3336.205833
-3521.813514
-3172.502164
-2485.984314
-1653.631858
-726.169876
167.859667
927.583031
1556.458744
2011.831625
2194.557199
2060.251020
1652.721112
1163.915792
778.289896
705.084382
916.054603
1203.112445
1453.855740
1460.772797
1198.501074
679.721842
-36.193498
-831.654986
-1537.771163
-2132.061594
-2645.653034
-2830.107871
-2793.216904
-2423.730807
-1534.312635
-240.246662
1093.015963
2296.583781
3160.639413
3360.081206
2950.245613
2022.783631
835.932033
-287.513214
-1228.809309
-1997.178994
-2464.656724
-2620.866915
-2431.224284
-2000.637522
-1359.656960
-575.723899
264.122035
928.735873
1171.409270
1120.107768
826.709291
420.332226
70.444455
-150.901350
-278.866894
-136.490816
218.008326
668.193415
1137.400409
1508.039349
1746.677795
1774.346021
1518.991355
997.906438
264.698457
-539.409353
-1303.167666
-1854.226494
-2017.353742
-1532.583371
-358.989464
1067.653423
2298.889467
3101.844433
3432.710299
3147.381721
2211.273419
943.722829
-73.084465
-641.435935
-1035.131730
-1457.072171
-1974.122139
-2434.682813
-2695.801693
-2757.478779
-2443.905555
-1774.680346
-1090.468181
-886.991438
-1250.136900
-1815.606263
-2217.371957
-2270.402723
-2050.786181
-1515.867151
-556.701994
533.887236
1455.585004
2149.596332
2719.100644
3266.124523
3742.824995
3987.227655
3745.130680
2975.031732
1717.280306
141.344284
-1397.700770
-2605.303538
-3282.598646
-3450.913686
-3264.153162
-2906.771914
-2317.669275
-1521.054943
-681.785431
274.497620
1182.361276
1924.791998
2346.156019
2501.789788
2393.998992
2076.390818
1829.682473
1724.773783
1668.860911
1537.436839
1174.291376
650.900774
64.680242
-580.335270
-1235.726366
-1824.829005
-2257.145031
-2599.539324
-2783.417741
-2927.523083
-2767.854364
-2122.838852
-1114.101457
139.615020
1346.064944
2313.876422
2802.681743
2770.978568
2285.631775
1471.724803
710.272175
62.374556
-615.496973
-1153.298110
-1529.124842
-1782.750245
-1809.265628
-1632.880689
-1303.167666
-733.086932
-221.801178
70.444455
189.763679
97.536260
27.212853
17.413690
124.628064
397.851793
722.953445
1078.029008
1482.676809
1841.787321
1987.621928
1939.202533
1748.983481
1341.453573
791.547588
125.204485
-584.946641
-1209.787404
-1711.273995
-1996.026151
-1908.986524
-1164.250116
68.138770
1371.427484
2516.776744
3249.408303
3491.505278
3173.320683
2351.920233
1260.754582
361.537247
-191.827267
-683.514695
-1342.940740
-2004.096050
-2524.604546
-2859.505361
-2914.265391
-2579.364576
-1846.156595
-1212.669511
-1048.389421
-1319.883886
-1757.964126
-2117.074638
-2196.044366
-1986.803409
-1444.390901
-583.217377
369.030724
1208.876659
1963.412230
2704.690110
3429.828192
4017.777988
4207.420618
3861.567797
2909.319696
1468.842696
-269.644152
-1922.820637
-3204.205340
-3919.544258
-4124.173844
-3925.308472
-3374.249643
-2602.997852
-1615.588048
-466.203839
715.459967
1735.149368
2442.418387
2751.380241
2663.187772
2291.395989
1797.979297
1452.126476
1314.361769
1263.636689
1193.889703
999.059280
643.407296
231.266017
-270.796995
-934.834411
-1500.303774
-2044.445546
-2596.657217
-3070.475582
-3357.533424
-3291.821388
-2682.544001
-1586.190558
-248.892983
1087.251750
2235.483116
2953.127720
3039.014504
2735.240443
2094.836302
1287.269965
456.646772
-315.757862
-1077.786911
-1767.186868
-2177.022461
-2301.529476
-2089.982834
-1508.373673
-680.056166
86.007832
630.726026
824.403606
757.538727
525.817337
362.690089
370.759989
472.786571
675.110471
946.604936
1269.400902
1484.982494
1596.808240
1720.162412
1749.559902
1571.445699
1166.797899
582.306631
-180.298840
-1055.882899
-1874.401242
-2394.333317
-2500.971270
-2130.332330
-1060.494270
474.515835
2049.299014
3283.417164
3904.799400
3966.476486
3466.719159
2481.038619
1281.505751
346.550291
-261.574253
-930.223040
-1674.383027
-2251.380817
-2513.076119
-2456.010403
-2204.114265
-1803.501414
-1270.888069
-983.253806
-1201.141084
-1850.767966
-2529.792338
-2939.051510
-3023.209030
-2747.103194
-2016.200899
-924.458827
269.886249
1482.100387
2600.357842
3567.016478
4347.491011
4730.811221
4540.592169
3739.366467
2380.741301
651.477195
-1104.878715
-2614.526280
-3685.517183
-4188.733037
-4113.798259
-3584.067022
-2711.365070
-1577.544237
-365.330099
728.717658
1661.367433
2248.740808
2385.929093
2192.827935
1826.800366
1363.934007
956.980520
827.285712
819.792235
915.478182
937.382194
801.923172
595.564322
287.755311
-176.263890
-799.375390
-1483.011133
-2251.957239
-2943.662881
-3400.765026
-3540.258998
-3090.073909
-2061.738187
-727.322719
730.446923
1976.669922
2726.017701
2983.101631
2892.603476
2456.828922
1831.411737
1192.160439
430.131389
-357.836621
-1106.031558
-1658.243229
-1769.492553
-1517.019994
-1082.398282
-519.811026
6.461684
287.755311
192.645786
7.038105
-212.578437
-330.744817
-203.932116
-77.119415
250.864344
705.084382
1136.247566
1534.554732
1851.010063
2086.766403
2149.019911
1905.193672
1348.947051
664.158465
-120.927439
-1001.122869
-1804.077835
-2300.376634
-2454.857561
-2324.586331
-1666.313128
-497.330593
910.290390
2222.225425
3085.128213
3496.116649
3395.819331
2739.275392
1694.799872
763.302941
130.392278
-355.530936
-824.737930
-1349.857797
-1726.260951
-1865.754922
-1909.562946
-1793.125829
-1463.412806
-1182.695600
-1230.538574
-1738.365799
-2472.726623
-3073.357689
-3389.813020
-3305.655501
-2748.832459
-1738.942221
-545.749988
739.669664
1967.447180
3067.259151
3985.498391
4574.024609
4750.409547
4345.761747
3322.613817
1850.433642
213.396955
-1330.835892
-2559.766250
-3415.175561
-3778.897444
-3616.923040
-3045.689463
-2136.672965
-1046.660157
50.269708
1029.609613
1750.136324
1992.233298
1872.337654
1598.537504
1233.086356
957.556942
798.464644
737.363979
863.600259
929.888716
814.028021
617.468334
379.982730
43.352651
-465.050996
-1049.542264
-1742.400749
-2371.276462
-2830.107871
-3090.650330
-2842.212720
-2132.638015
-1163.097273
-11.983800
966.779684
1618.135830
2083.884296
2322.522743
2325.981271
2215.308368
1968.023601
1508.039349
868.211630
85.431411
-679.479745
-1134.852626
-1341.787898
-1432.286053
-1386.748764
-1258.783221
-1128.511991
-1052.424371
-926.764512
-654.117205
-268.491309
201.868528
605.939907
827.862134
995.024331
1187.549068
1343.759259
1448.667948
1474.030488
1433.680992
1210.605923
863.023837
449.729716
11.073054
-390.116218
-732.510511
-1050.118685
-1419.028361
-1556.793068
-1359.656960
-740.580410
284.296783
1412.929823
2223.378267
2622.838276
2655.694294
2253.352178
1608.336667
1094.168806
929.312295
835.932033
527.546601
9.920212
-560.160522
-1173.472858
-1692.828511
-1908.986524
-1792.549408
-1559.098754
-1502.609460
-1802.348571
-2307.870112
-2737.304031
-2895.819908
-2766.125100
-2313.634325
-1541.229691
-667.951318
234.148124
1155.269471
2008.373097
2864.358829
3568.745742
3971.664278
3926.126990
3280.535057
2226.836796
994.447909
-236.788134
-1317.001779
-2130.332330
-2615.679122
-2793.216904
-2696.954535
-2288.271785
-1587.343401
-746.344624
175.353145
840.543404
1167.374320
1237.697727
1014.622657
712.577860
513.712488
374.218517
361.537247
461.258143
475.092256
452.035401
348.279555
232.995281
158.060503
-65.014566
-455.828254
-990.747284
-1571.203602
-2132.638015
-2543.050030
-2556.884143
-2120.533167
-1393.665821
-507.706177
316.576380
967.356105
1443.480156
1729.961576
1842.363743
1724.773783
1450.973633
1024.421821
473.939414
-173.381783
-725.593455
-1026.485409
-1058.188584
-940.022204
-855.288263
-814.362345
-742.886096
-695.043122
-640.859513
-421.242972
-97.870584
223.772540
381.711995
435.895603
482.585734
691.250269
1016.351921
1287.846386
1552.423794
1674.048703
1614.100881
1367.968956
964.473998
482.585734
51.422550
-324.404182
-772.283585
-1193.647606
-1447.273008
-1500.880195
-1297.979874
-704.265864
286.602469
1274.012273
1912.687150
2227.989638
2283.902511
2082.155032
1706.328300
1322.431668
1106.850076
894.150591
476.821520
-53.486139
-587.252326
-941.751468
-1112.948614
-1073.175540
-871.428061
-665.645632
-680.632588
-1071.446276
-1670.348078
-2249.075132
-2602.421431
-2755.173094
-2674.474102
-2335.538337
-1772.374660
-1046.083736
-167.617570
769.643576
1696.529136
2483.920726
2968.114676
3070.141258
2739.275392
2134.609377
1402.554238
657.817830
-98.447006
-695.043122
-1146.381054
-1434.015317
-1421.910468
-1119.865671
-561.313365
91.195625
662.429201
973.696740
1020.963292
906.255440
644.560139
295.248789
-58.673931
-244.281612
-371.094313
-567.654000
-665.069211
-686.973223
-609.156338
-509.435441
-474.850159
-508.859020
-633.942457
-841.454150
-1092.773866
-1259.936063
-1365.421174
-1235.726366
-910.048293
-523.845976
-82.883629
373.065674
762.150098
1042.290883
1265.365953
1367.968956
1339.147888
1249.802576
1019.810450
640.525189
211.091269
-180.875261
-413.749494
-594.169383
-769.401479
-947.515682
-976.913171
-912.930399
-897.943444
-736.545461
-372.823577
13.378740
259.510664
375.371359
488.926369
718.342074
997.906438
1251.531840
1446.362262
1588.738340
1589.314762
1392.755075
1089.557435
823.827184
587.494423
319.458487
-42.534133
-411.443809
-734.239775
-1001.122869
-1133.123362
-1038.013836
-613.191288
47.387601
722.953445
1148.352415
1284.387858
1307.444713
1171.985691
899.914805
675.686893
608.245592
610.551278
482.585734
255.475715
-37.922762
-239.670241
-380.317055
-437.382770
-422.972236
-436.806349
-599.933596
-1029.943937
-1608.094570
-2174.716775
-2474.455887
-2587.434475
-2499.242006
-2217.948378
-1793.702251
-1291.639239
-840.877728
-369.365049
98.689103
483.738577
669.922679
650.324352
533.887236
325.799122
109.064687
-89.800685
-195.285795
-163.006199
-71.355201
121.169536
406.498113
792.124009
1176.597062
1448.667948
1536.860417
1511.497877
1382.379490
1133.365459
882.045742
599.599272
295.825211
28.365696
-188.368739
-447.758355
-624.719715
-670.833425
-768.825057
-951.550631
-1184.424864
-1400.006456
-1612.129520
-1790.243722
-1804.654257
-1578.697080
-1198.835398
-716.370713
-146.289979
410.533063
958.133363
1442.903734
1742.066424
1904.617250
1978.975607
1863.114912
1650.415427
1360.475478
1022.116135
681.451106
362.690089
164.401139
49.693286
-50.604032
-231.600342
-407.985281
-459.863204
-519.811026
-576.876742
-556.701994
-439.688456
-333.050503
-235.635291
-162.429777
-39.075605
144.802812
328.104807
511.983224
670.499100
732.176187
688.944584
581.730209
373.642095
194.951471
115.981744
23.177903
-151.477771
-288.666057
-366.482942
-414.902337
-371.670734
-240.246662
-22.359385
257.781400
399.004636
448.576873
440.506974
361.537247
257.781400
182.846622
146.532076
106.759002
23.754325
-44.839818
-52.909717
29.518538
172.471038
280.838255
358.655140
269.886249
98.689103
-115.739647
-384.352004
-610.885602
-734.816197
-777.471378
-722.711348
-629.331086
-469.662367
-258.115725
-71.931623
35.859173
63.527399
-25.241492
-233.906027
-553.243465
-894.484916
-1156.756638
-1318.731043
-1314.119672
-1168.861487
-996.511498
-775.165692
-419.513708
-56.368246
331.563335
732.176187
1038.255933
1178.902747
1178.326326
1064.771316
913.172496
786.359795
732.176187
650.900774
554.638405
483.738577
363.266511
246.252973
130.392278
53.151814
-45.992661
-239.093819
-484.072901
-833.960672
-1194.224027
-1473.211970
-1580.426344
-1462.836385
-1183.848443
-816.668031
-422.395815
-39.652026
291.790261
541.380714
770.219997
860.141730
817.486549
688.944584
403.039585
144.802812
-70.778780
-188.368739
-70.778780
91.772046
302.742267
499.878375
593.835058
602.481379
515.441752
424.367176
302.165846
181.117358
76.208669
-16.595171
-61.556038
-50.604032
-44.839818
-40.228447
33.553488
147.684919
221.466854
201.868528
74.479405
-40.228447
-218.919072
-444.299827
-616.073395
-780.353485
-909.471871
-942.327889
-906.013343
-738.274725
-446.605512
-108.822590
223.196118
486.620684
611.127699
545.992085
374.218517
132.121542
-119.774596
-307.687962
-458.133940
-500.789121
-416.631601
-270.220573
-29.276441
311.965009
630.149604
809.416650
912.019654
922.395238
844.578354
705.084382
494.114161
339.633235
252.017187
207.056320
236.453810
384.594101
623.232548
872.823001
1064.194895
1105.120812
1025.574663
812.875178
451.458980
8.767369
-419.513708
-759.025894
-993.052970
-1120.442092
-1154.450953
-1067.987748
-873.733746
-650.658677
-417.208022
-177.993154
51.422550
183.423044
210.514848
129.239435
-16.595171
-127.844495
-199.320745
-239.093819
-203.932116
-156.089142
-108.246169
-109.975433
-157.241985
-206.237801
-293.853850
-324.980603
-369.365049
-458.133940
-514.046812
-544.597145
-517.505341
-409.714545
-225.836128
-24.088649
262.969193
521.782387
643.407296
637.643082
586.341580
480.856470
268.156985
46.234758
-165.888306
-335.932609
-493.872064
-568.230421
-555.549151
-433.924242
-192.980110
121.745957
381.135573
576.542417
716.612810
756.962306
697.014483
684.333213
684.909634
724.682709
766.761469
754.080199
744.281035
684.909634
560.402619
516.018173
462.410986
280.261834
66.985927
-287.513214
-605.697810
-914.083242
-1145.804632
-1310.084722
-1366.574017
-1382.137393
-1385.595922
-1323.342414
-1161.368009
-874.310168
-564.195471
-265.609202
-97.294163
-51.180453
-77.695836
-207.967066
-334.203345
-384.352004
-368.212206
-266.762045
-111.128276
60.645292
264.698457
479.703627
673.381207
773.678525
776.560632
821.521499
796.735380
655.512145
486.620684
354.043769
287.755311
291.790261
360.960825
464.140250
653.782881
852.071831
902.220490
841.119825
737.940400
570.201782
324.646279
22.601482
-236.788134
-406.832438
-535.374403
-596.475068
-533.645139
-349.766722
-112.281118
79.667197
293.519525
492.961319
623.232548
670.499100
686.638899
603.634221
439.354131
279.685412
111.946794
-7.372429
-76.542994
-93.259213
-130.150181
-207.390644
-330.168396
-490.413536
-700.807336
-909.471871
-1044.354471
-1156.756638
-1251.289743
-1240.337737
-1093.926709
-907.166186
-633.942457
-335.932609
1.850313
382.288416
633.608133
736.787558
683.756792
519.476702
231.266017
-114.010383
-438.535613
-682.361852
-852.982577
-953.856317
-956.738423
-874.886589
-624.143294
-284.054686
43.352651
329.834071
549.450613
731.599765
832.473505
867.058787
875.128686
907.408283
914.901761
852.071831
807.687386
790.971166
771.372840
717.189231
631.302447
512.559645
365.572196
195.527892
-33.887812
-288.666057
-445.452669
-546.326409
-625.296136
-724.440612
-779.200642
-754.414523
-762.484422
-743.462517
-681.209009
-653.540784
-666.798475
-661.034261
-695.619543
-730.204826
-738.851146
-700.807336
-557.854836
-390.692639
-210.272751
35.282752
284.296783
447.424031
581.153788
674.534050
731.023344
740.246086
708.542911
609.974856
481.432891
403.039585
346.550291
344.821027
419.179383
503.913325
547.721349
567.319675
519.476702
431.284232
280.261834
35.282752
-161.276935
-366.482942
-519.234605
-642.012356
-722.134926
-695.619543
-642.012356
-524.422397
-340.543980
-81.730786
231.842439
532.157972
757.538727
918.936710
976.578847
924.124502
827.862134
679.721842
528.699444
437.048446
348.279555
249.135080
147.108497
42.776230
-71.931623
-183.180947
-292.701007
-367.059363
-424.701500
-466.203839
-478.308687
-520.963869
-479.461530
-414.325916
-316.334283
-135.337973
70.444455
196.680735
287.755311
351.738083
295.248789
240.488759
166.130403
17.990111
-113.433961
-243.705190
-383.199162
-516.352498
-617.802659
-662.763525
-673.715531
-588.405169
-497.330593
-451.216883
-369.365049
-289.242479
-196.438638
-62.708881
76.785091
283.143940
478.550784
574.813153
645.712981
697.014483
666.464151
575.965996
449.729716
293.519525
143.073548
-32.158548
-209.119908
-349.190301
-478.885109
-546.326409
-501.941964
-396.456853
-299.618063
-159.547671
-35.040655
-33.311391
-57.521088
-100.752691
-253.504354
-428.160028
-631.060350
-824.737930
-952.703474
-987.865177
-944.633575
-798.798968
-524.998818
-217.189807
91.772046
333.869021
539.651450
709.695753
812.875178
899.338384
887.809956
848.613303
748.892406
593.835058
503.336903
441.083395
438.777710
460.105301
524.664494
526.393758
499.301954
450.882559
314.270694
109.064687
-144.560715
-339.391138
-495.601329
-613.767709
-711.759342
-696.772386
-625.296136
-546.902830
-440.264877
-300.194485
-123.809546
58.339607
251.440765
370.183567
424.367176
446.271188
403.616007
302.165846
205.903477
118.863850
121.745957
96.959838
37.588437
80.820040
103.876895
90.619203
94.077732
80.820040
51.422550
71.020877
114.828901
171.318195
242.794445
329.834071
483.738577
594.987901
656.088566
687.791741
716.036388
666.464151
531.581550
405.345271
275.650463
155.754818
22.601482
-74.237308
-154.936300
-252.927932
-320.369232
-368.788627
-414.325916
-469.662367
-512.893970
-546.902830
-586.675905
-573.994635
-519.811026
-425.854343
-346.308194
-270.796995
-186.639475
-162.429777
-142.831451
-134.185130
-123.233124
-152.630614
-223.530443
-277.714051
-304.805856
-394.727589
-500.789121
-582.064534
-622.990451
-612.614866
-571.688949
-494.448486
-384.928426
-266.185624
-218.919072
-187.792318
-147.442822
-126.115231
-172.228941
-218.919072
-310.570069
-451.793305
-563.619050
-680.056166
-698.501650
-618.955501
-492.719222
-298.465220
-93.835635
87.160675
313.694273
491.808476
665.311308
820.945077
931.617980
988.107274
1046.902254
1017.504764
891.268484
833.049926
820.945077
805.958122
753.503777
765.032205
787.512638
719.494917
594.987901
445.694766
234.148124
65.256663
-74.237308
-240.823084
-363.024414
-438.535613
-539.985774
-602.239282
-588.981590
-477.155845
-339.967559
-220.648336
-81.730786
31.247802
130.392278
159.213346
140.767862
107.335423
20.295796
-88.647842
-197.015060
-321.522075
-378.587791
-359.565886
-296.159535
-226.412549
-134.761552
-39.075605
12.225897
79.667197
156.331239
261.239928
350.008819
472.210149
567.896097
611.704121
670.499100
671.651943
652.630038
609.398435
553.485562
408.227377
265.851299
162.671874
66.985927
28.365696
42.776230
52.575393
88.313518
90.042782
62.950978
47.387601
11.649476
-34.464234
-106.516905
-164.159042
-193.556531
-221.801178
-300.770906
-292.124585
-281.749001
-271.373416
-212.002015
-164.159042
-98.447006
-85.765735
-94.988477
-125.538810
-183.180947
-275.984787
-402.221067
-523.269554
-625.872558
-691.584594
-693.313858
-666.222054
-616.073395
-528.457347
-455.828254
-380.317055
-303.653013
-233.329606
-219.495493
-271.373416
-374.552841
-500.789121
-653.540784
-723.864191
-674.291953
-621.261187
-505.976913
-379.164212
-255.810039
-137.643659
-11.407379
156.907661
353.467347
491.232055
577.695260
661.276358
673.381207
669.922679
663.005622
689.521005
659.547094
722.953445
830.744241
856.683202
899.914805
868.788051
752.927356
637.643082
513.712488
358.078718
194.375050
30.671381
-177.416733
-318.639968
-392.421904
-405.679595
-348.613880
-274.831944
-205.084959
-142.831451
-81.154364
-16.595171
9.920212
27.212853
16.837268
-40.804869
-137.643659
-232.176763
-299.041642
-368.212206
-378.587791
-406.832438
-363.600835
-325.557025
-276.561208
-213.154858
-145.713558
-80.577943
-54.062560
-9.101693
65.256663
176.505987
250.287922
311.965009
350.008819
346.550291
326.375543
275.650463
258.934243
260.087086
254.322872
226.654646
171.318195
149.990604
125.204485
101.571209
83.125726
95.230574
112.523215
100.994788
86.584254
83.125726
57.763185
31.247802
19.719375
23.754325
5.885262
1.850313
18.566532
19.142954
49.116865
85.431411
147.108497
177.658830
210.514848
188.610836
142.497127
69.291613
-37.922762
-141.102187
-243.128769
-280.019737
-305.382277
-330.168396
-376.858527
-370.517892
-351.495986
-331.897660
-335.932609
-284.054686
-244.858033
-282.325422
-364.753678
-447.758355
-463.321732
-492.719222
-483.496480
-403.950331
-311.146491
-236.788134
-219.495493
-199.897166
-94.412056
-9.678115
53.728236
113.676058
141.344284
135.580070
143.073548
155.754818
193.798628
242.218023
335.021864
430.131389
511.983224
615.739070
682.027528
677.416157
597.293586
484.891420
347.703134
188.034415
20.295796
-156.089142
-255.233618
-302.500170
-316.334283
-266.762045
-187.792318
-74.237308
5.308841
73.902984
116.558165
122.898800
125.780907
74.479405
4.732419
-44.839818
-146.289979
-230.447499
-321.522075
-354.954515
-334.203345
-257.539303
-194.132953
-142.831451
-74.813729
-30.429284
-19.477278
-13.713064
26.060010
53.728236
64.103820
87.737097
170.741774
238.183074
337.327549
411.109484
411.685906
377.677045
361.537247
334.445442
313.117852
279.108991
222.043275
185.152308
103.876895
18.566532
-36.193498
-67.320252
-45.416240
-36.769919
-12.560222
57.186764
69.291613
48.540443
23.754325
-2.761058
-49.451189
-81.730786
-66.743830
-52.333296
5.308841
66.409506
106.182580
106.759002
92.348467
56.033921
62.374556
79.090776
31.824224
-13.713064
-56.944667
-93.259213
-155.512721
-235.058870
-278.290473
-296.159535
-316.910704
-352.072408
-365.330099
-373.976420
-383.199162
-406.256016
-437.382770
-438.535613
-414.325916
-360.142307
-337.085452
-261.574253
-154.359878
-66.167409
-5.643165
1.850313
17.990111
27.789274
8.190948
1.273891
-18.324435
-86.342157
-156.089142
-157.241985
-110.551854
-51.180453
22.025060
111.370373
223.196118
336.751128
394.393265
444.541924
432.437075
340.209656
235.877388
115.405322
7.614526
-91.529949
-214.884122
-267.338467
-256.962882
-220.648336
-130.150181
-67.320252
15.684425
107.335423
147.108497
171.318195
209.362005
222.619697
186.305151
137.309334
69.291613
-36.769919
-96.717741
-121.503860
-157.818407
-130.150181
-115.739647
-114.586804
-80.577943
-51.756875
-23.512228
15.108004
40.470544
22.025060
24.907167
67.562349
113.676058
185.728729
268.156985
350.008819
414.568013
458.376037
473.939414
466.445936
444.541924
402.463164
364.995775
337.903971
294.672368
222.619697
152.296290
64.680242
-41.381290
-59.250352
-76.542994
-77.119415
-97.870584
-78.848679
-70.202358
-95.564899
-67.896673
-61.556038
-44.263397
5.308841
35.282752
25.483589
54.304657
31.247802
-3.337480
0.121048
4.732419
16.260847
24.907167
41.623387
22.025060
-10.254536
-28.700020
-12.560222
-7.372429
-39.652026
-74.237308
-135.914395
-195.285795
-255.810039
-308.264384
-338.814716
-330.744817
-342.273244
-371.094313
-331.321238
-295.006692
-252.927932
-182.028104
-97.870584
-1.031794
5.308841
-10.254536
-43.110554
-75.390151
-88.071421
-115.739647
-144.560715
-178.569576
-208.543487
-231.023920
-208.543487
-134.761552
-31.582127
47.387601
99.265524
150.567026
189.187257
145.379233
75.632248
25.483589
-77.119415
-127.268074
-179.722419
-235.058870
-246.587297
-265.032781
-239.093819
-182.028104
-118.045332
-25.241492
43.929073
99.841945
154.025554
178.235251
188.034415
193.798628
165.553981
99.841945
19.142954
-69.625937
-97.870584
-116.316068
-108.246169
-89.224264
-65.590988
-65.014566
-62.708881
-29.852863
3.579577
69.291613
146.532076
173.623880
183.999465
225.501804
273.921199
296.401632
303.318688
294.672368
286.026047
261.239928
230.113175
231.842439
234.724546
268.733406
283.720362
273.921199
269.309828
230.689596
159.213346
95.806996
28.365696
-7.948851
-15.442328
-25.817913
-52.333296
-56.944667
-53.486139
-52.909717
-41.381290
-1.031794
27.789274
35.282752
51.998972
30.671381
-7.372429
-22.935806
-59.250352
-87.495000
-54.062560
-75.966572
-108.822590
-112.281118
-91.529949
-73.660887
-33.887812
8.190948
36.435595
12.802319
-11.407379
-28.123599
-78.272258
-94.988477
-105.940483
-128.420917
-199.320745
-259.268567
-312.299333
-286.936793
-223.530443
-147.442822
-56.944667
-24.665070
20.295796
30.094960
16.837268
54.881079
64.680242
43.352651
55.457500
10.496633
-44.839818
-57.521088
-59.250352
-39.075605
17.413690
69.291613
76.208669
94.077732
113.676058
122.322379
117.711008
53.151814
5.885262
-44.839818
-131.303024
-200.473588
-233.329606
-260.997832
-238.517398
-205.084959
-171.652519
-118.621753
-97.870584
-76.542994
-11.983800
47.387601
105.029738
125.780907
117.134586
86.007832
18.566532
-48.298346
-122.656703
-158.971249
-199.897166
-214.884122
-181.451683
-148.595665
-82.883629
-40.228447
17.990111
94.654153
144.226391
178.811673
181.693780
175.353145
189.763679
162.095453
142.497127
110.217530
68.715191
69.291613
58.339607
88.889939
120.593115
137.309334
180.540937
222.619697
258.357822
268.156985
264.122035
208.785584
135.003649
94.077732
57.186764
5.308841
5.308841
-3.913901
1.273891
11.649476
15.684425
55.457500
115.981744
120.016693
114.252479
144.802812
158.636925
136.156491
120.016693
106.759002
94.077732
114.828901
64.680242
49.116865
38.741280
39.894123
38.741280
19.142954
0.121048
-8.525272
-27.547177
-74.813729
-90.953528
-107.669747
-120.351018
-148.595665
-176.840312
-201.626431
-220.071914
-213.154858
-199.897166
-157.241985
-116.316068
-48.298346
23.754325
22.025060
13.378740
49.693286
31.247802
26.636431
21.448639
-14.865907
-37.346340
-79.425100
-101.905534
-112.857540
-71.931623
-40.228447
-38.499183
-20.053699
-15.442328
10.496633
16.260847
3.003155
-6.796008
-48.874768
-92.682792
-142.831451
-222.377600
-224.683285
-231.600342
-284.631108
-278.866894
-252.351511
-222.954021
-217.766229
-212.002015
-169.346834
-148.019243
-105.364062
-100.752691
-107.669747
-93.835635
-138.796501
-158.394828
-157.241985
-175.687469
-189.521582
-199.320745
-176.263890
-176.263890
-157.818407
-103.058376
-1.608216
81.972883
160.942610
222.043275
256.628558
247.405816
203.597792
179.964516
149.990604
110.217530
57.186764
32.400645
-9.101693
-21.206542
25.483589
86.007832
174.200302
241.065181
258.357822
287.755311
242.218023
213.973376
189.187257
113.099637
78.514355
60.068871
81.972883
77.937933
109.641109
151.719868
183.423044
214.549798
234.148124
273.344777
322.917015
289.484576
226.078225
184.575886
141.920705
105.029738
91.195625
93.501310
53.151814
31.824224
19.719375
3.003155
5.885262
30.671381
49.693286
5.885262
-45.416240
-85.765735
-164.159042
-215.460543
-248.892983
-271.373416
-262.150674
-251.198668
-241.975926
-187.792318
-133.608709
-74.237308
26.636431
106.759002
152.872711
183.999465
198.409999
188.034415
145.379233
87.737097
63.527399
25.483589
-47.145504
-67.896673
-90.953528
-103.058376
-102.481955
-89.800685
-41.381290
-21.206542
-17.171593
11.649476
14.531583
17.413690
-29.276441
-67.896673
-67.320252
-84.036471
-120.927439
-126.691653
-123.233124
-138.796501
-148.019243
-163.006199
-133.608709
-117.468911
-95.564899
-71.355201
-44.839818
-30.429284
4.155998
16.260847
9.920212
5.308841
-55.215403
-81.154364
-107.093326
-122.080282
-136.490816
-148.019243
-148.595665
-138.220080
-85.189314
-24.088649
55.457500
120.016693
140.767862
158.060503
154.601975
126.933750
103.876895
68.715191
20.872218
-13.713064
-27.547177
-7.372429
72.173720
132.697963
173.047459
227.807489
266.427721
225.501804
177.082409
107.335423
54.304657
-29.852863
-100.176270
-113.433961
-136.490816
-120.927439
-125.538810
-63.285302
3.003155
21.448639
61.221714
124.051643
203.021370
236.453810
245.100130
219.737590
209.938427
208.209163
193.222207
173.623880
162.671874
120.593115
54.881079
5.885262
-16.595171
-14.289486
-35.040655
-81.154364
-143.984294
-225.259707
-271.949838
-287.513214
-330.744817
-315.757862
-265.609202
-254.080775
-221.801178
-188.368739
-133.032288
-55.215403
0.121048
53.151814
59.492449
56.033921
75.632248
74.479405
51.422550
0.697470
-15.442328
1.850313
-18.324435
-34.464234
-14.289486
-38.499183
-56.368246
-66.743830
-64.438145
-41.957711
-60.403195
-71.931623
-87.495000
-62.132459
-69.049516
-34.464234
27.789274
12.225897
2.426734
1.273891
-29.276441
-35.040655
-43.686976
-99.023427
-92.106370
-71.931623
-69.625937
-43.110554
-28.123599
9.343790
49.693286
67.562349
77.361512
105.029738
109.064687
90.619203
89.466361
60.068871
6.461684
-58.673931
-97.294163
-110.551854
-96.717741
-78.272258
-73.084465
-47.145504
-10.254536
15.684425
31.824224
44.505494
31.247802
5.308841
8.190948
0.697470
26.636431
35.282752
55.457500
91.195625
131.545121
198.986421
206.479898
187.457993
162.671874
155.178397
96.959838
30.094960
22.601482
-55.791824
-112.281118
-131.879445
-149.748507
-146.289979
-105.364062
-46.569082
7.038105
75.632248
140.191441
175.929566
196.104314
212.244112
202.444949
203.021370
227.807489
213.973376
211.091269
204.174213
154.601975
139.038598
112.523215
86.584254
62.374556
53.151814
28.365696
-21.206542
-55.215403
-109.975433
-141.678608
-149.748507
-154.936300
-118.621753
-61.556038
-28.700020
-23.512228
-11.407379
21.448639
28.365696
69.868034
133.850806
106.759002
79.090776
64.680242
17.990111
-10.254536
-20.630121
-7.948851
5.308841
11.649476
2.426734
30.094960
-6.796008
-10.254536
14.531583
-7.372429
-25.241492
-78.272258
-127.268074
-151.477771
-142.831451
-135.914395
-103.634798
-92.682792
-87.495000
-82.883629
-84.036471
-84.612893
-97.294163
-131.879445
-150.901350
-196.438638
-208.543487
-184.910211
-133.608709
-107.093326
-89.800685
-24.665070
0.121048
44.505494
65.833085
71.020877
96.383417
69.868034
22.025060
-16.595171
-29.276441
-51.180453
-95.564899
-111.704697
-105.940483
-89.224264
-43.686976
12.802319
39.894123
26.060010
12.225897
-18.324435
-28.700020
-26.394334
-6.796008
3.003155
15.684425
42.776230
34.706331
35.282752
56.033921
59.492449
43.352651
-9.101693
-44.839818
-74.237308
-150.901350
-147.442822
-175.687469
-181.451683
-177.416733
-160.700513
-155.512721
-126.691653
-52.333296
16.260847
96.383417
124.628064
171.894616
156.907661
166.130403
181.117358
151.143447
173.047459
169.012509
152.296290
138.462177
126.933750
120.016693
75.632248
53.151814
36.435595
-10.830958
-41.381290
-79.425100
-106.516905
-119.198175
-96.717741
-66.743830
14.531583
53.728236
93.501310
146.532076
174.200302
212.820534
208.209163
204.750634
197.833578
145.955655
71.020877
51.422550
12.802319
-10.254536
16.260847
60.645292
75.055826
77.361512
92.348467
91.772046
81.972883
67.562349
39.894123
-13.136643
-99.599848
-158.971249
-126.691653
-106.516905
-84.612893
-56.944667
-54.638982
-60.403195
-95.564899
-99.599848
-136.490816
-168.770413
-207.390644
-218.919072
-228.718235
-269.067731
-262.150674
-253.504354
-229.871078
-182.604525
-130.726602
-48.298346
31.824224
54.304657
103.876895
121.169536
136.732913
128.086592
77.361512
32.400645
9.343790
-46.569082
-59.250352
-69.625937
-55.215403
0.121048
12.225897
45.658337
64.103820
67.562349
58.339607
66.409506
80.243619
85.431411
102.724052
137.309334
131.545121
118.863850
102.724052
60.068871
56.033921
72.750141
27.212853
-6.219587
3.579577
-24.088649
-51.756875
-51.180453
-50.604032
-81.730786
-82.307207
-82.883629
-101.329112
-103.634798
-33.311391
7.614526
59.492449
123.475221
149.990604
173.623880
193.798628
214.549798
209.362005
230.689596
242.218023
200.715685
151.719868
110.793951
27.789274
-33.311391
-45.992661
-97.870584
-123.233124
-110.551854
-114.010383
-94.412056
-77.119415
-54.638982
-2.761058
34.706331
51.422550
62.950978
84.278568
93.501310
105.029738
94.077732
62.950978
50.269708
23.177903
-9.101693
1.273891
32.400645
55.457500
52.575393
57.186764
79.090776
64.680242
7.614526
-18.900857
-14.289486
-41.381290
-69.625937
-92.106370
-92.106370
-108.246169
-131.879445
-161.276935
-157.241985
-125.538810
-130.150181
-124.385967
-103.634798
-126.115231
-134.185130
-143.407872
-171.652519
-176.263890
-197.015060
-206.814223
-222.954021
-221.801178
-180.298840
-123.233124
-52.333296
1.273891
22.601482
28.942117
56.610343
84.278568
79.090776
86.007832
94.654153
68.138770
11.649476
-34.464234
-67.896673
-83.460050
-84.036471
-60.979617
-16.018750
8.190948
23.177903
39.317702
76.208669
118.287429
164.401139
188.610836
203.021370
187.457993
159.213346
140.191441
108.488266
50.846129
18.566532
-8.525272
-45.992661
-75.390151
-108.246169
-99.599848
-159.547671
-180.875261
-168.770413
-163.582620
-154.936300
-143.407872
-124.962389
-110.551854
-93.259213
-65.590988
-33.311391
-0.455373
51.998972
95.806996
137.885756
172.471038
184.575886
190.916522
212.244112
195.527892
149.990604
100.994788
64.103820
6.461684
-27.547177
-56.944667
-81.154364
-73.660887
-66.743830
-40.804869
26.060010
80.820040
117.711008
146.532076
158.636925
167.283245
171.318195
166.706824
144.802812
107.911844
73.326562
25.483589
-16.595171
-40.228447
-45.992661
-38.499183
-24.088649
27.212853
53.728236
87.737097
103.876895
128.086592
122.322379
102.724052
100.994788
81.396461
47.387601
-11.407379
-40.804869
-48.298346
-41.957711
-65.590988
-84.612893
-59.250352
-72.508044
-90.953528
-108.246169
-115.739647
-119.774596
-128.420917
-150.901350
-153.783457
-138.220080
-149.172086
-116.892489
-108.246169
-58.097510
-3.913901
19.142954
30.094960
54.881079
73.326562
34.129909
37.012016
20.295796
-1.031794
-6.796008
-77.119415
-115.739647
-121.503860
-170.499677
-149.748507
-130.150181
-124.385967
-74.237308
-59.826774
-33.311391
7.614526
69.868034
93.501310
137.885756
151.143447
141.920705
139.038598
130.392278
149.990604
118.287429
122.898800
100.418367
54.304657
4.732419
-42.534133
-70.202358
-83.460050
-116.316068
-123.809546
-135.914395
-153.783457
-161.853356
-123.233124
-108.246169
-92.106370
-61.556038
-55.791824
-41.957711
-32.734970
7.614526
21.448639
46.234758
58.916028
84.278568
51.422550
34.706331
46.234758
20.872218
15.684425
20.872218
23.754325
16.260847
26.636431
-5.066744
-10.830958
7.614526
38.164859
46.234758
59.492449
104.453316
141.920705
138.462177
120.016693
125.204485
93.501310
64.103820
39.317702
0.121048
-16.595171
-30.429284
-48.298346
-49.451189
-20.053699
0.697470
45.658337
85.431411
101.571209
136.732913
166.706824
166.130403
152.872711
129.815856
91.772046
73.902984
46.234758
36.435595
7.614526
-36.193498
-28.700020
-33.887812
-43.110554
-36.193498
-46.569082
-34.464234
-59.250352
-80.577943
-99.023427
-136.490816
-136.490816
-143.984294
-124.385967
-78.848679
-27.547177
-26.394334
-38.499183
-33.311391
-0.455373
9.343790
19.142954
3.579577
-17.171593
-27.547177
-100.752691
-133.608709
-141.102187
-152.630614
-165.888306
-154.359878
-126.115231
-123.233124
-123.233124
-117.468911
-79.425100
-72.508044
-64.438145
-23.512228
-51.756875
-38.499183
9.920212
37.588437
73.902984
77.361512
19.142954
-13.136643
-31.582127
-50.027611
-56.944667
-45.992661
-71.355201
-62.708881
-93.835635
-117.468911
-90.377106
-62.132459
-44.263397
-32.734970
-1.031794
8.190948
6.461684
11.649476
19.719375
24.330746
48.540443
61.798135
58.916028
83.125726
61.221714
56.610343
52.575393
54.304657
87.160675
113.099637
117.134586
108.488266
109.641109
100.418367
88.313518
147.684919
159.213346
191.492943
230.113175
188.610836
191.492943
185.152308
164.977560
129.239435
126.357328
100.994788
58.916028
40.470544
15.684425
-7.372429
-18.324435
-22.935806
-51.180453
-43.686976
18.566532
58.916028
80.243619
136.732913
175.353145
165.553981
155.178397
143.073548
126.357328
110.793951
88.889939
8.190948
-41.957711
-67.320252
-104.787641
-141.102187
-150.324929
-138.796501
-152.054193
-131.303024
-114.586804
-108.246169
-112.281118
-99.023427
-85.189314
-74.813729
-48.298346
-45.416240
-14.865907
12.802319
35.282752
47.387601
65.256663
67.562349
53.728236
48.540443
50.269708
10.496633
-21.782964
-54.062560
-101.329112
-88.071421
-88.071421
-97.870584
-82.307207
-74.813729
-65.590988
-42.534133
-31.005705
-16.018750
-22.935806
-44.839818
-42.534133
-77.695836
-98.447006
-99.023427
-96.141320
-92.682792
-66.167409
-79.425100
-62.132459
-14.865907
-27.547177
-24.665070
-35.040655
-47.721925
-75.390151
-71.355201
-81.730786
-89.224264
-66.743830
-31.582127
-36.193498
-41.957711
-15.442328
-11.983800
-25.241492
-2.761058
-0.455373
-12.560222
-15.442328
3.579577
28.942117
30.094960
17.990111
24.907167
23.177903
20.295796
11.649476
17.413690
66.985927
78.514355
114.252479
110.217530
130.392278
142.497127
138.462177
181.117358
175.929566
160.942610
162.671874
148.261340
120.016693
84.278568
75.632248
21.448639
-30.429284
-36.193498
-45.416240
-65.014566
-62.708881
-52.909717
-32.158548
-15.442328
3.003155
19.142954
38.164859
29.518538
41.623387
40.470544
46.234758
26.060010
-24.088649
-52.333296
-55.215403
-84.612893
-135.337973
-159.547671
-164.159042
-140.525765
-145.137136
-106.516905
-78.272258
-92.682792
-102.481955
-104.211219
-104.211219
-127.844495
-106.516905
-78.272258
-49.451189
2.426734
41.623387
41.623387
61.221714
59.492449
52.575393
70.444455
81.972883
52.575393
28.365696
-3.337480
-39.652026
-63.285302
-50.604032
-11.983800
-4.490322
-4.490322
-15.442328
1.850313
-7.372429
1.850313
22.025060
26.636431
35.859173
13.378740
-33.311391
-52.909717
-67.896673
-58.673931
-43.110554
-32.158548
-7.948851
7.614526
-1.031794
-14.289486
4.732419
-21.782964
-20.630121
-22.359385
0.697470
11.073054
-2.761058
-16.595171
-2.761058
11.073054
13.378740
39.317702
17.990111
13.378740
-22.359385
-11.983800
-2.761058
-9.678115
-10.254536
-22.935806
-25.817913
1.273891
18.566532
15.684425
32.977066
38.741280
45.081915
67.562349
99.265524
140.191441
184.575886
186.305151
167.859667
182.270201
215.702640
200.139263
179.964516
172.471038
116.558165
81.396461
59.492449
24.907167
31.824224
45.658337
44.505494
45.081915
29.518538
22.025060
57.186764
35.859173
64.680242
127.510171
141.344284
164.401139
159.213346
148.837762
133.274385
129.815856
71.597298
8.767369
-9.678115
-45.992661
-64.438145
-62.132459
-71.355201
-71.355201
-56.944667
-55.215403
-55.791824
-9.678115
1.850313
-20.053699
-41.381290
-38.499183
-55.791824
-56.368246
-48.874768
-41.381290
-11.983800
-10.830958
-0.455373
0.697470
13.378740
-6.219587
-13.713064
-54.638982
-76.542994
-116.892489
-128.997338
-130.726602
-127.268074
-91.529949
-94.412056
-84.036471
-83.460050
-94.412056
-77.695836
-55.791824
-37.922762
-37.346340
-55.215403
-62.708881
-92.682792
-109.399012
-130.150181
-143.984294
-154.936300
-139.949344
-130.726602
-111.704697
-80.577943
-74.237308
-39.652026
-61.556038
-71.931623
-67.896673
-71.931623
-44.839818
-58.673931
-62.132459
-94.988477
-96.717741
-98.447006
-105.940483
-115.163225
-131.303024
-150.901350
-159.547671
-171.652519
-151.477771
-123.233124
-135.914395
-98.447006
-112.281118
-96.141320
-76.542994
-78.848679
-54.062560
-24.665070
-1.031794
28.365696
38.164859
62.374556
82.549304
99.265524
131.545121
110.793951
105.606159
129.239435
121.745957
111.946794
94.077732
75.632248
68.715191
22.601482
15.684425
42.776230
78.514355
102.724052
108.488266
113.676058
121.169536
149.414183
153.449133
129.815856
141.920705
130.968699
134.427227
136.732913
135.003649
109.064687
99.265524
92.348467
80.820040
94.654153
108.488266
136.156491
151.143447
148.837762
114.252479
129.815856
122.898800
141.344284
142.497127
114.252479
122.322379
125.204485
113.676058
125.204485
138.462177
117.134586
111.370373
115.981744
100.994788
92.924889
85.431411
59.492449
-4.490322
-20.053699
-19.477278
-55.215403
-62.708881
-60.979617
-52.333296
-26.394334
-6.796008
-1.031794
1.850313
-9.101693
-14.289486
-32.734970
-59.250352
-62.708881
-90.953528
-128.997338
-129.573759
-99.023427
-106.516905
-103.634798
-95.564899
-72.508044
-84.036471
-89.800685
-79.425100
-65.590988
-36.769919
-5.066744
-2.184637
-25.241492
-17.748014
-35.040655
-47.145504
-56.368246
-85.189314
-122.080282
-118.045332
-127.268074
-128.997338
-138.796501
-143.407872
-112.857540
-119.774596
-124.385967
-99.023427
-69.049516
-69.625937
-28.700020
-16.595171
-31.582127
-9.101693
-5.643165
11.073054
43.929073
40.470544
72.173720
77.937933
82.549304
87.160675
107.335423
80.243619
39.317702
12.225897
-10.254536
24.907167
7.614526
-19.477278
-18.324435
-19.477278
-40.804869
-80.001522
-44.263397
2.426734
14.531583
29.518538
40.470544
47.964022
40.470544
41.046966
27.212853
30.671381
-22.935806
-15.442328
-20.053699
-47.721925
-9.101693
-13.136643
-20.630121
-56.368246
-65.590988
-61.556038
-71.931623
-49.451189
-18.324435
0.121048
-7.372429
-31.005705
-58.097510
-39.075605
-39.075605
-48.874768
-27.547177
-14.289486
23.754325
-21.206542
-31.005705
-18.900857
-35.040655
-16.018750
-22.935806
-42.534133
-71.931623
-89.224264
-77.695836
-62.708881
-30.429284
8.767369
-17.171593
8.190948
46.811179
42.776230
65.833085
80.820040
76.785091
20.295796
15.108004
8.767369
7.614526
-16.018750
-41.957711
-59.826774
-60.403195
-25.817913
1.850313
24.907167
30.671381
53.151814
53.728236
76.785091
93.501310
89.466361
101.571209
110.217530
93.501310
75.055826
83.125726
64.103820
51.422550
38.741280
4.732419
3.003155
-16.595171
-14.289486
-22.935806
-44.839818
-31.582127
-25.817913
-55.791824
-58.097510
-32.158548
-41.957711
-38.499183
-31.582127
-39.652026
-13.713064
15.108004
23.754325
51.998972
42.199808
46.234758
64.680242
66.409506
64.680242
63.527399
90.619203
65.256663
45.081915
22.601482
16.260847
-1.608216
-38.499183
-10.830958
-17.171593
-37.922762
-19.477278
-7.372429
8.190948
17.990111
37.588437
42.199808
45.658337
40.470544
22.601482
-21.206542
-19.477278
-10.254536
-43.110554
-45.992661
-30.429284
-7.372429
-28.123599
-14.289486
-23.512228
-13.136643
9.343790
42.776230
73.326562
58.339607
57.186764
39.894123
4.155998
16.837268
17.990111
19.142954
46.234758
37.588437
46.234758
60.645292
62.374556
50.846129
71.597298
51.998972
56.610343
53.728236
34.706331
43.352651
19.142954
18.566532
19.719375
45.081915
60.645292
62.374556
71.020877
84.854990
77.361512
77.937933
90.042782
86.584254
65.833085
54.304657
30.671381
24.330746
-31.582127
-46.569082
-18.900857
-18.324435
-14.865907
-2.761058
8.767369
8.190948
-3.913901
-2.761058
-18.324435
-4.490322
8.190948
-19.477278
-3.337480
8.190948
-14.289486
-49.451189
-88.647842
-115.739647
-126.115231
-146.289979
-146.866401
-158.394828
-174.534626
-186.063054
-210.849172
-205.661380
-171.076098
-157.241985
-158.394828
-163.582620
-152.630614
-158.394828
-150.901350
-137.067237
-126.115231
-137.643659
-124.385967
-105.940483
-98.447006
-73.084465
-69.049516
-45.992661
-62.132459
-48.874768
-13.136643
-28.123599
-16.595171
-12.560222
-5.643165
-16.018750
-5.643165
22.025060
27.789274
43.929073
21.448639
46.234758
51.422550
61.221714
78.514355
74.479405
63.527399
61.221714
44.505494
42.199808
40.470544
31.824224
39.894123
35.859173
49.116865
43.352651
69.291613
89.466361
106.182580
129.239435
138.462177
137.885756
124.051643
102.147631
95.806996
92.348467
105.606159
91.195625
95.230574
83.702147
88.313518
114.828901
94.077732
85.431411
48.540443
40.470544
37.588437
41.046966
31.824224
8.767369
-21.782964
-20.053699
4.155998
41.623387
62.374556
52.575393
43.929073
54.881079
54.881079
51.998972
62.374556
49.693286
39.317702
34.129909
47.387601
31.824224
5.308841
17.990111
9.343790
12.225897
7.614526
14.531583
-3.913901
-33.887812
-17.171593
-26.970756
-24.665070
-5.066744
-10.254536
-12.560222
-3.337480
10.496633
7.614526
-36.193498
-55.791824
-62.708881
-74.813729
-72.508044
-88.647842
-74.237308
-76.542994
-72.508044
-74.237308
-63.861723
-65.014566
-66.743830
-63.285302
-59.250352
-59.250352
-65.590988
-44.263397
-55.791824
-54.638982
-47.145504
-47.145504
-53.486139
-53.486139
-48.874768
-51.756875
-52.333296
-55.791824
-61.556038
-69.049516
-64.438145
-57.521088
-73.084465
-66.743830
-64.438145
-46.569082
-41.381290
-36.193498
-29.276441
-27.547177
-7.372429
23.754325
29.518538
7.038105
-3.913901
11.649476
40.470544
2.426734
-1.608216
-4.490322
-35.617076
-29.276441
12.225897
53.151814
55.457500
44.505494
20.872218
3.003155
-13.136643
-37.922762
-26.970756
8.767369
27.789274
22.025060
34.129909
-1.031794
3.003155
27.212853
32.977066
38.741280
44.505494
45.081915
16.837268
-9.101693
15.684425
40.470544
18.566532
47.964022
72.750141
46.811179
62.950978
87.737097
78.514355
87.160675
88.889939
105.606159
109.641109
111.370373
107.335423
81.972883
81.972883
68.138770
56.610343
49.116865
52.575393
41.623387
38.741280
37.588437
36.435595
16.260847
6.461684
-15.442328
-39.075605
-35.617076
-33.887812
-41.381290
-32.734970
-27.547177
-17.171593
-9.101693
-32.734970
-36.193498
-36.193498
-50.604032
-43.110554
-36.193498
-31.582127
-33.311391
-54.638982
-21.206542
-26.394334
-16.018750
-14.865907
-35.617076
-14.865907
-2.184637
3.579577
1.273891
14.531583
-6.219587
-52.333296
-29.276441
-22.359385
-37.346340
-3.913901
-16.018750
-39.075605
-40.228447
-47.721925
-44.839818
-37.922762
-40.228447
-28.700020
-33.311391
-43.110554
-31.005705
-23.512228
-20.053699
-20.630121
-14.865907
1.273891
14.531583
8.767369
7.614526
5.885262
-0.455373
-19.477278
-10.254536
-13.713064
-38.499183
-55.215403
-73.084465
-86.918578
-86.342157
-73.660887
-67.320252
-51.180453
-45.992661
-39.075605
-37.922762
-45.992661
-37.922762
-16.018750
-16.595171
-17.748014
0.121048
17.413690
21.448639
31.247802
42.776230
28.942117
38.741280
58.339607
54.304657
56.033921
63.527399
57.186764
61.221714
75.055826
73.326562
76.785091
95.230574
87.160675
86.007832
81.972883
78.514355
88.313518
87.737097
73.902984
72.173720
76.785091
72.173720
71.597298
64.680242
56.033921
45.081915
32.400645
26.636431
30.671381
27.212853
27.212853
42.199808
38.164859
42.199808
44.505494
44.505494
24.330746
8.190948
7.038105
-16.018750
-11.983800
-22.359385
-18.324435
-16.595171
-3.337480
8.190948
-10.254536
-33.887812
-52.333296
-54.638982
-47.145504
-32.734970
-21.206542
-9.678115
-24.665070
-20.630121
-16.595171
-15.442328
-5.066744
-2.761058
3.003155
0.697470
-10.254536
-5.643165
-9.678115
-22.359385
-30.429284
-23.512228
-29.276441
-44.263397
-45.992661
-56.944667
-50.604032
-51.756875
-52.909717
-50.604032
-28.123599
-36.193498
-55.791824
-28.123599
-45.992661
-45.416240
-27.547177
-38.499183
-13.713064
-13.713064
-25.241492
-33.887812
-35.617076
-33.887812
-37.346340
-33.887812
-37.922762
-26.970756
-28.700020
-47.145504
-65.590988
-73.660887
-73.660887
-84.036471
-63.861723
-43.110554
-32.734970
-12.560222
-15.442328
-30.429284
-40.228447
-33.311391
-34.464234
-11.407379
11.649476
24.907167
32.400645
-2.184637
0.121048
-7.372429
-3.913901
7.614526
3.003155
24.907167
22.025060
-1.031794
12.802319
24.907167
46.811179
49.116865
49.693286
54.881079
60.068871
61.221714
59.492449
58.339607
44.505494
49.116865
53.151814
50.846129
43.352651
34.129909
43.929073
47.964022
48.540443
48.661492
