-10.313925
-9.235627
-15.166268
-10.853074
-7.079030
-6.000731
-1.148388
-2.765836
-4.383283
-3.304985
0.469060
-0.609239
-1.687537
2.625657
-0.609239
1.547358
-0.070089
-1.148388
-0.609239
-3.844134
-1.687537
-2.226686
1.547358
1.008209
2.086508
-0.070089
-1.687537
-2.765836
-3.304985
-3.304985
-2.226686
-1.148388
-1.687537
-0.070089
-1.687537
-3.844134
-2.765836
-1.687537
-3.304985
-4.922433
-4.922433
-3.844134
-8.157328
-10.853074
-8.696477
-9.235627
-7.079030
-9.235627
-9.774776
-6.539880
-4.383283
3.164806
3.703955
3.703955
4.243105
-1.148388
-2.226686
-6.539880
-7.618179
-3.844134
-3.304985
2.086508
1.008209
-4.922433
-4.383283
-6.539880
-5.461582
-2.765836
1.008209
5.321403
5.860552
5.860552
6.399702
4.782254
2.625657
4.243105
4.243105
7.478000
6.938851
5.860552
4.782254
5.321403
4.243105
3.703955
5.860552
8.556299
9.095448
9.634597
14.486940
12.869492
11.791194
9.634597
4.782254
2.086508
5.860552
9.095448
7.478000
10.173746
10.173746
11.252045
11.252045
8.017149
6.938851
4.782254
1.008209
-3.844134
-4.922433
-4.922433
-6.000731
-3.304985
-4.383283
-1.148388
-1.687537
-4.383283
-6.539880
-7.618179
-3.844134
-6.000731
-4.922433
-2.765836
-3.304985
-4.383283
-0.609239
-5.461582
-0.609239
-4.383283
-3.304985
-2.226686
-7.618179
-9.774776
-11.392224
-13.548821
-15.166268
-12.470522
-14.087970
-14.087970
-13.009671
-13.009671
-11.931373
-10.313925
-11.392224
-6.539880
-5.461582
-4.922433
-6.000731
-4.922433
-4.922433
-8.696477
-8.696477
-4.922433
-4.922433
-9.774776
-6.539880
-4.383283
-4.383283
-1.687537
0.469060
-1.148388
-2.226686
-2.765836
2.086508
2.086508
-3.304985
-2.226686
-2.765836
-5.461582
-2.765836
-1.687537
-3.844134
-3.844134
-5.461582
-4.383283
-0.070089
0.469060
-0.609239
-1.687537
-1.687537
-1.687537
-0.609239
3.164806
1.547358
-2.226686
-4.383283
-8.157328
-4.922433
-3.844134
-6.000731
-5.461582
-4.383283
-4.922433
-3.844134
-0.609239
-6.000731
-4.922433
-3.844134
-7.079030
-7.079030
-6.539880
-5.461582
-5.461582
-3.844134
-4.922433
-8.157328
-6.000731
-7.079030
-11.931373
-5.461582
-5.461582
-10.313925
-6.000731
-7.618179
-8.157328
-4.922433
-3.844134
-3.304985
-5.461582
-4.922433
-4.922433
-8.696477
-6.000731
-6.539880
-4.383283
-2.226686
-0.609239
-0.070089
-0.609239
-3.304985
-4.922433
-1.148388
-2.226686
-0.609239
-0.609239
0.469060
-0.070089
-0.070089
3.703955
4.782254
5.321403
5.321403
4.243105
4.243105
7.478000
7.478000
10.173746
9.634597
12.869492
12.869492
9.634597
10.173746
9.095448
8.556299
7.478000
7.478000
5.860552
8.556299
5.860552
7.478000
8.017149
3.703955
3.703955
4.782254
5.860552
10.173746
3.703955
1.547358
0.469060
-1.148388
0.469060
3.703955
3.703955
-2.226686
-1.687537
-1.148388
-2.226686
-3.304985
-8.157328
-8.157328
-11.392224
-17.322865
-11.392224
-10.853074
-11.931373
-10.313925
-6.539880
-4.922433
-3.304985
-2.226686
-1.687537
-0.070089
-1.687537
-3.844134
-5.461582
-10.853074
-11.392224
-7.618179
-9.235627
-7.618179
-4.922433
-3.304985
-4.383283
-1.687537
1.008209
-2.765836
0.469060
-4.922433
-5.461582
-3.844134
-3.304985
-2.226686
-8.696477
-7.079030
-5.461582
-6.539880
-6.000731
3.164806
2.625657
6.399702
6.399702
4.243105
6.399702
5.860552
8.017149
5.321403
5.860552
4.243105
2.625657
-1.148388
-0.609239
-1.687537
-4.383283
-5.461582
-3.844134
1.547358
2.625657
-0.609239
-4.922433
-7.618179
-5.461582
-7.079030
-9.774776
-3.844134
-3.304985
-4.922433
-3.844134
-4.922433
-4.383283
-7.079030
-6.000731
-7.079030
-7.618179
-7.618179
-7.079030
-8.696477
-9.235627
-9.235627
-8.157328
-6.000731
-4.922433
-3.304985
-9.235627
-5.461582
-6.539880
-7.079030
-4.922433
-6.000731
-10.853074
-12.470522
-10.313925
-13.009671
-9.774776
-10.313925
-9.235627
-9.235627
-6.000731
-6.000731
-7.079030
-7.618179
-6.539880
-7.618179
-6.000731
-2.765836
-7.618179
-6.000731
-4.922433
-4.383283
-3.844134
-7.618179
-3.844134
-7.079030
-9.774776
-3.304985
-1.687537
-3.304985
-9.235627
-7.618179
-4.922433
-3.844134
-1.687537
-0.609239
-0.609239
-4.383283
-3.304985
-0.609239
2.086508
3.164806
1.008209
-0.609239
-0.609239
4.782254
4.782254
6.399702
7.478000
6.399702
8.017149
8.556299
7.478000
11.791194
11.791194
8.017149
8.556299
8.556299
8.556299
11.252045
12.869492
10.173746
4.782254
3.164806
2.086508
0.469060
-2.765836
-1.148388
4.782254
5.860552
6.399702
7.478000
7.478000
7.478000
3.703955
1.547358
2.086508
-0.609239
3.164806
-0.070089
-0.070089
1.547358
1.008209
1.547358
3.703955
3.164806
-2.765836
-2.765836
2.086508
1.008209
-3.304985
-1.148388
-2.765836
-4.922433
-6.000731
-5.461582
-3.844134
-6.000731
-8.157328
-7.618179
-7.618179
-6.000731
-5.461582
-6.000731
-5.461582
-4.383283
-6.539880
-8.696477
-12.470522
-15.705417
-15.166268
-16.783716
-11.392224
-11.392224
-8.157328
-6.000731
-9.235627
-10.313925
-11.931373
-13.009671
-9.235627
-10.853074
-9.235627
-8.157328
-10.313925
-13.548821
-13.009671
-8.696477
-4.383283
-0.070089
-0.609239
1.008209
0.469060
-2.765836
-3.844134
-1.687537
-3.304985
-6.000731
-1.148388
-0.070089
-1.687537
3.703955
3.703955
1.008209
4.243105
1.547358
0.469060
3.164806
1.547358
2.625657
4.243105
0.469060
0.469060
3.703955
2.086508
4.243105
6.399702
6.399702
3.703955
-0.070089
0.469060
2.086508
3.703955
-1.148388
-3.844134
3.164806
-1.148388
-1.687537
1.008209
4.782254
2.086508
0.469060
-1.148388
-2.765836
-1.148388
3.703955
-1.148388
-4.922433
-7.618179
-4.922433
-6.000731
-7.618179
-2.765836
-4.383283
-6.539880
-7.079030
-4.383283
-6.000731
-2.226686
-3.844134
-5.461582
-4.383283
-0.609239
-3.844134
-0.070089
2.086508
1.547358
0.469060
-1.687537
-1.687537
-2.765836
-1.687537
-3.844134
-6.000731
-7.079030
-4.383283
-0.609239
-1.687537
-4.922433
-4.383283
-7.079030
-9.235627
-6.539880
-3.304985
-2.765836
-1.687537
-3.304985
-1.148388
-0.609239
-0.609239
-1.687537
-3.844134
-3.844134
-5.461582
-3.844134
-1.148388
-0.070089
0.469060
0.469060
1.008209
1.008209
2.625657
1.008209
-0.609239
-1.148388
-0.070089
-1.687537
-6.539880
-4.383283
-1.687537
-2.765836
-2.765836
-5.461582
-4.922433
-2.226686
-3.304985
1.547358
2.086508
-0.070089
-3.304985
-3.844134
-3.844134
-3.844134
-4.383283
-2.226686
-0.609239
-2.226686
-3.844134
0.469060
-0.609239
-4.383283
-1.148388
-2.226686
-1.687537
-1.687537
-1.687537
-7.618179
-8.696477
-4.922433
-2.765836
-1.687537
-2.765836
-3.304985
-2.226686
-5.461582
-7.079030
-2.226686
-7.079030
-6.539880
-3.844134
-7.618179
-1.687537
2.086508
1.008209
-2.765836
-1.687537
-3.304985
-7.618179
-5.461582
-6.539880
-9.774776
-8.696477
-7.079030
-4.922433
-8.157328
-7.079030
-1.687537
-6.539880
-2.765836
-3.304985
-6.539880
-0.070089
-1.148388
1.008209
1.008209
1.547358
0.469060
-3.844134
-0.609239
-1.687537
1.008209
-1.148388
0.469060
1.547358
0.469060
3.164806
1.008209
1.008209
3.164806
6.399702
4.782254
6.938851
6.938851
0.469060
3.703955
3.703955
2.086508
4.243105
2.625657
3.703955
5.860552
4.782254
2.086508
2.625657
4.782254
5.321403
1.547358
1.547358
1.008209
-0.609239
3.703955
-0.070089
2.086508
-1.148388
-3.844134
-6.000731
-6.000731
-4.383283
-8.157328
-6.539880
-4.383283
-2.226686
-2.226686
0.469060
-1.148388
-3.304985
-6.000731
-6.000731
-5.461582
-3.304985
-0.609239
1.008209
-2.226686
-2.765836
-2.226686
-6.000731
-8.157328
-11.392224
-9.235627
-13.548821
-15.166268
-10.853074
-11.392224
-4.922433
-7.618179
-10.853074
-8.157328
-10.853074
-7.079030
-6.000731
-6.539880
-8.696477
-9.774776
-4.383283
-7.079030
-5.461582
-4.383283
-2.765836
-10.853074
-14.627119
-9.774776
-9.235627
-7.618179
-5.461582
-0.070089
-3.304985
-6.000731
-4.383283
-4.922433
-0.609239
1.547358
0.469060
0.469060
-0.070089
2.086508
2.625657
6.399702
7.478000
7.478000
4.782254
1.008209
1.008209
1.008209
4.243105
8.556299
8.556299
5.860552
3.164806
5.860552
8.556299
10.173746
8.017149
3.703955
-0.070089
-0.609239
1.008209
0.469060
2.086508
-3.304985
-2.765836
1.008209
-3.304985
1.008209
-0.609239
-1.687537
-3.304985
-0.070089
2.086508
-4.383283
-4.383283
-4.383283
-4.383283
-0.609239
-1.148388
-3.304985
-4.383283
-11.931373
-9.235627
-5.461582
-11.392224
-12.470522
-11.392224
-12.470522
-9.774776
-7.079030
-5.461582
-3.304985
-4.922433
-5.461582
-3.844134
-2.765836
-4.383283
-7.618179
-5.461582
-7.079030
-5.461582
-6.000731
-3.304985
-3.844134
-8.157328
-7.618179
-3.844134
-3.844134
-3.844134
-4.922433
-7.618179
-3.844134
-5.461582
-1.148388
-2.765836
-2.226686
2.625657
-4.383283
-2.226686
-0.070089
-2.765836
-1.687537
1.008209
0.469060
2.625657
-1.148388
-6.539880
-3.844134
-2.765836
-1.687537
3.164806
3.703955
2.625657
5.321403
2.625657
4.782254
5.860552
6.938851
5.321403
1.547358
1.547358
1.547358
-3.844134
-1.687537
3.164806
1.547358
5.321403
6.938851
-0.070089
-0.609239
1.008209
-1.148388
0.469060
-3.304985
-5.461582
-3.304985
-3.844134
-3.844134
-2.765836
-5.461582
-4.383283
-2.226686
-1.148388
-1.148388
-5.461582
-7.618179
-4.922433
-1.687537
-3.304985
-0.609239
3.164806
1.547358
1.008209
1.547358
3.703955
2.086508
-1.148388
-4.383283
-8.157328
-8.157328
-13.548821
-14.087970
-11.931373
-8.157328
-9.774776
-7.618179
-6.000731
-4.383283
-3.304985
-4.383283
-3.844134
-2.226686
-2.226686
-3.844134
-2.765836
-4.922433
-4.383283
-5.461582
-3.304985
-2.226686
0.469060
4.782254
6.399702
7.478000
4.243105
3.164806
2.625657
0.469060
-0.070089
-3.844134
-5.461582
-3.304985
-4.383283
3.164806
6.399702
5.321403
5.321403
1.547358
4.243105
5.321403
5.321403
5.321403
6.399702
6.399702
4.243105
1.547358
0.469060
-0.609239
-8.696477
-9.774776
-6.000731
-0.070089
4.243105
-1.148388
1.008209
-0.070089
-4.922433
-1.148388
1.008209
-1.687537
-3.844134
-2.226686
-1.687537
-0.070089
1.547358
2.086508
-2.226686
-0.609239
2.625657
0.469060
-0.070089
-1.148388
-3.844134
-8.157328
-9.774776
-13.009671
-11.392224
-11.931373
-11.931373
-10.313925
-8.696477
-6.000731
-5.461582
1.008209
-0.070089
-1.687537
0.469060
-7.618179
-10.313925
-9.774776
-10.853074
-9.235627
-7.079030
-5.461582
-7.618179
-8.696477
-11.392224
-11.931373
-13.548821
-10.853074
-8.696477
-7.079030
-8.157328
-8.696477
-7.618179
-13.009671
-15.705417
-11.392224
-8.157328
-4.922433
-1.687537
-2.226686
-4.383283
-4.922433
-3.304985
-2.226686
-4.383283
-8.696477
-8.157328
-9.774776
-6.539880
-4.922433
-5.461582
-1.148388
-1.687537
3.703955
4.782254
5.321403
8.017149
5.321403
4.243105
4.782254
6.938851
2.625657
5.321403
3.703955
-0.609239
1.547358
-2.226686
-1.687537
2.625657
-0.070089
-0.609239
3.164806
0.469060
-0.070089
1.547358
0.469060
4.243105
4.782254
6.938851
5.860552
3.164806
1.008209
-3.844134
-4.383283
-4.922433
-7.079030
-0.609239
3.703955
0.469060
1.547358
2.086508
1.008209
4.782254
3.703955
0.469060
3.164806
1.008209
-1.687537
-1.687537
-0.609239
-2.226686
-4.383283
-0.609239
-1.148388
-0.070089
1.008209
1.008209
3.164806
1.008209
-2.765836
-8.157328
-7.079030
-8.157328
-8.157328
-4.383283
-4.383283
-6.539880
-4.383283
-3.844134
-9.235627
-3.304985
1.547358
2.086508
-0.609239
-1.148388
1.008209
-1.687537
1.008209
-1.148388
0.469060
4.782254
4.782254
3.703955
4.782254
5.860552
4.782254
-0.609239
0.469060
4.782254
-0.609239
-2.765836
-4.922433
-8.157328
-7.618179
-2.226686
-3.844134
-1.148388
1.008209
-0.070089
-4.383283
-7.618179
-8.696477
-11.392224
-6.539880
-5.461582
-3.304985
-6.000731
-9.235627
-11.931373
-10.313925
-10.313925
-10.853074
-3.844134
-10.313925
-6.539880
-2.226686
-6.539880
-8.157328
-6.539880
-6.000731
-8.157328
-8.157328
-9.774776
-6.000731
-7.618179
-9.235627
-5.461582
-8.157328
-5.461582
-3.304985
-4.922433
-2.765836
-6.539880
-7.079030
-8.157328
-9.235627
-8.696477
-9.235627
-3.844134
-1.148388
-3.844134
-0.070089
4.243105
5.860552
8.017149
5.860552
4.243105
5.321403
2.086508
1.008209
1.547358
2.625657
2.625657
6.938851
12.330343
8.017149
9.634597
10.712895
8.017149
5.860552
-1.148388
-3.304985
-5.461582
-6.000731
-1.148388
3.164806
5.321403
8.017149
7.478000
5.321403
-0.609239
-4.383283
-3.844134
-3.844134
-4.383283
-1.687537
-4.922433
-6.539880
-5.461582
-4.383283
1.547358
4.243105
5.860552
10.173746
2.625657
1.008209
-0.609239
-9.774776
-11.931373
-9.235627
-7.618179
-4.922433
-4.922433
0.469060
4.243105
5.321403
5.860552
8.556299
5.860552
-0.070089
-3.844134
-5.461582
-3.844134
-10.313925
-10.853074
-8.157328
-6.000731
-3.304985
0.469060
-0.070089
4.243105
3.164806
-0.070089
-3.304985
-5.461582
-3.844134
-7.079030
-9.235627
-11.931373
-9.235627
-6.000731
-1.148388
-0.070089
2.625657
1.008209
-7.079030
-9.235627
-13.009671
-15.166268
-15.705417
-13.009671
-13.548821
-8.696477
-4.922433
-4.922433
-1.148388
-3.304985
-2.765836
-2.226686
-3.304985
-8.157328
-7.618179
-8.157328
-7.079030
-3.844134
-0.609239
-0.609239
0.469060
1.008209
2.625657
5.860552
4.782254
4.243105
3.164806
0.469060
-3.844134
-7.618179
-6.000731
-2.765836
-3.844134
0.469060
-0.070089
2.625657
2.625657
4.243105
4.243105
1.008209
2.625657
-3.304985
-4.922433
-2.765836
-3.304985
-5.461582
-6.539880
-3.304985
-5.461582
-7.079030
-2.765836
-0.609239
-2.226686
-0.070089
-5.461582
-11.931373
-12.470522
-14.087970
-13.548821
-11.931373
-7.079030
-6.000731
-6.539880
-3.844134
-1.148388
2.625657
5.860552
4.782254
-1.687537
-6.539880
-11.931373
-14.087970
-13.548821
-9.235627
-4.383283
-5.461582
-1.148388
2.086508
3.703955
9.095448
6.938851
6.938851
5.860552
1.008209
-2.226686
-2.765836
-1.148388
1.008209
2.625657
4.782254
3.703955
8.556299
12.869492
7.478000
7.478000
4.782254
-3.304985
-7.618179
-7.079030
-7.079030
-2.765836
1.547358
6.399702
11.791194
6.938851
8.556299
5.860552
-2.226686
-7.618179
-13.009671
-16.244567
-14.087970
-8.696477
-5.461582
-0.070089
-4.383283
-2.226686
0.469060
3.164806
12.869492
8.017149
-0.609239
-2.226686
-10.313925
-16.783716
-11.392224
-9.235627
-1.687537
3.703955
6.938851
12.330343
16.104388
12.869492
12.330343
8.556299
1.547358
-6.000731
-15.166268
-14.087970
-14.087970
-7.079030
-6.000731
2.086508
9.095448
8.556299
10.712895
8.017149
9.634597
2.086508
-2.226686
-7.618179
-12.470522
-14.627119
-10.853074
-6.000731
-4.383283
-1.148388
2.086508
-1.148388
-4.922433
-2.226686
-4.383283
-8.696477
-7.618179
-9.774776
-13.548821
-10.313925
-13.548821
-9.235627
-7.079030
-4.922433
-2.226686
-2.226686
-1.148388
-6.000731
-3.304985
-6.539880
-11.931373
-17.862014
-17.322865
-15.705417
-11.392224
-5.461582
-0.609239
1.547358
-2.226686
1.008209
0.469060
-2.765836
2.625657
5.321403
-2.226686
-7.079030
-7.618179
-7.618179
-8.157328
-3.844134
-1.148388
-3.844134
-8.696477
-10.853074
-10.853074
-4.922433
-3.844134
-2.226686
2.625657
1.547358
-1.148388
-1.148388
5.321403
6.399702
5.321403
3.703955
-1.687537
-3.304985
-2.765836
-0.070089
1.547358
2.086508
1.547358
-5.461582
0.469060
10.173746
11.252045
5.321403
5.321403
3.164806
-2.765836
-4.922433
-2.226686
5.860552
5.321403
0.469060
4.782254
4.243105
11.252045
11.791194
9.634597
11.791194
8.556299
2.086508
-9.235627
-13.548821
-15.166268
-14.627119
-9.774776
-7.618179
-15.166268
-11.392224
-9.235627
-7.079030
-6.000731
-11.931373
-13.548821
-16.244567
-19.479462
-16.244567
-14.087970
-13.548821
-7.618179
-3.844134
-7.618179
-5.461582
-3.304985
-4.922433
-5.461582
-11.392224
-16.783716
-25.410104
-27.566701
-22.175208
-14.087970
-7.079030
-4.922433
5.321403
10.173746
12.869492
19.878433
21.495880
16.104388
10.712895
6.938851
2.625657
-3.304985
-7.079030
-8.696477
-1.148388
6.399702
15.565239
32.278865
31.739716
30.122268
26.348224
10.173746
0.469060
-7.079030
-3.844134
-1.687537
1.547358
12.869492
18.800134
22.035030
32.278865
50.070790
66.245268
71.636760
68.941014
60.314626
41.983552
22.574179
8.017149
-6.000731
-12.470522
-17.862014
-24.870955
-30.801596
-36.732238
-39.427984
-39.427984
-36.732238
-35.114790
-33.497343
-36.193089
-40.506283
-41.045432
-37.271387
-28.644999
-22.175208
-12.470522
-2.226686
3.164806
3.164806
2.086508
-1.148388
-13.548821
-25.410104
-38.349686
-53.985014
-60.454805
-61.533103
-59.376506
-48.054372
-42.662880
-37.271387
-31.340746
-29.184149
-20.018611
-15.166268
-8.696477
-2.226686
-1.148388
-0.070089
-4.922433
-5.461582
-4.922433
1.008209
5.321403
3.164806
5.860552
4.782254
2.625657
9.634597
8.556299
6.399702
11.252045
12.869492
13.408642
18.800134
22.574179
15.026089
17.721836
26.348224
33.896313
42.522701
47.914193
50.070790
41.983552
32.278865
27.426522
18.800134
15.026089
9.095448
6.399702
8.017149
-2.226686
1.547358
25.269925
63.010372
91.585282
112.072953
125.012535
113.690401
77.028252
32.278865
9.634597
-10.853074
-41.045432
-72.855237
-96.038655
-109.517386
-109.517386
-90.108013
-56.680760
-22.175208
2.625657
4.243105
-7.079030
-8.696477
-17.322865
-24.331805
-31.879895
-35.653940
-32.419044
-34.036492
-35.114790
-25.410104
-6.539880
4.782254
-5.461582
-25.949253
-52.367566
-80.403327
-108.978237
-125.152714
-124.074416
-124.074416
-122.456968
-101.430147
-66.924596
-19.479462
29.043970
53.844835
71.097611
66.784417
48.453343
26.887373
-2.765836
-26.488402
-39.967133
-44.819477
-46.976074
-32.419044
-12.470522
15.026089
40.366104
51.688238
59.775477
50.070790
33.896313
13.408642
4.782254
2.086508
7.478000
15.026089
26.887373
50.609940
78.106551
100.211670
115.846998
115.846998
99.133372
70.558462
34.974611
2.625657
-28.105850
-36.732238
-37.271387
-41.045432
-36.732238
-16.783716
43.061850
136.334669
226.911742
277.591771
288.374756
253.869205
176.770863
69.480163
-18.401164
-62.072252
-89.029715
-139.709744
-190.389773
-210.877444
-196.859563
-160.197415
-99.273550
-23.253507
38.209507
42.522701
-8.696477
-59.915655
-79.864178
-78.785879
-83.099073
-76.090133
-31.879895
18.260985
40.366104
51.688238
78.106551
108.838058
98.055073
40.366104
-42.662880
-113.291431
-176.911041
-239.452354
-278.810249
-269.105562
-236.756608
-199.016160
-142.944639
-53.985014
45.757596
114.229550
134.178072
121.777640
93.202730
50.070790
3.164806
-30.801596
-52.906715
-73.394387
-86.873118
-91.725461
-66.924596
-21.636059
19.878433
43.061850
48.453343
24.191627
-17.322865
-55.063312
-79.864178
-78.246730
-59.915655
-29.184149
4.243105
60.314626
125.551684
192.406191
237.155578
252.790906
232.303235
171.918519
81.880596
-4.922433
-65.307148
-105.743341
-124.074416
-119.222072
-102.508446
-56.680760
5.860552
39.826955
72.175909
104.524864
115.846998
95.898476
60.314626
40.366104
43.600999
75.949954
191.327892
347.681173
458.206768
506.730200
491.634021
424.240366
279.748368
99.133372
-44.819477
-156.423370
-283.123443
-415.754157
-514.418468
-531.671244
-458.346947
-339.194964
-166.128057
16.643537
135.795520
142.804460
76.489103
48.453343
37.670358
-0.609239
-45.897775
-75.011834
-69.620342
-78.246730
-91.186312
-53.445865
15.026089
70.019312
46.835895
-49.671820
-173.676146
-292.288980
-402.814575
-491.774200
-521.966558
-488.539305
-401.197127
-275.575353
-95.499506
119.081894
323.419457
457.128470
487.859976
433.945052
310.479875
150.891699
-19.479462
-179.067638
-303.071965
-353.751994
-372.083068
-348.360501
-261.018324
-124.613565
29.043970
123.934237
153.048296
142.804460
107.759759
32.818014
-43.202029
-74.472685
-57.219909
13.947791
86.193790
185.936400
319.106263
458.206768
540.157453
527.757021
439.336545
281.365816
59.775477
-162.893161
-325.177084
-411.980112
-422.223947
-387.179247
-298.219621
-130.005057
76.489103
239.312175
365.473098
433.405903
414.535679
318.567114
190.788743
53.305686
-51.289268
-99.273550
-107.899938
-46.436924
71.097611
248.477712
497.025514
743.955867
892.221910
870.116791
676.023063
375.716934
24.191627
-328.411979
-580.733825
-681.015585
-712.825390
-762.427121
-750.565837
-616.317675
-381.787754
-108.439087
156.283191
368.168844
425.318664
268.965383
-11.931373
-242.148100
-334.342621
-347.282203
-347.282203
-297.141323
-145.101236
22.574179
125.551684
206.963220
301.314338
308.862427
141.726162
-166.667206
-510.644424
-784.532240
-962.990639
-1088.073264
-1059.498354
-828.742478
-479.373767
-120.300371
261.956443
692.736689
1039.409653
1159.100785
1074.993503
847.472522
485.703379
59.236327
-338.116665
-659.449615
-839.525462
-847.073552
-727.921569
-537.601886
-254.009383
85.654640
341.211382
447.962932
430.171007
300.775189
92.663581
-118.143774
-246.461294
-239.452354
-94.421207
129.325729
403.213545
660.387735
885.212969
1011.913042
959.076416
741.799270
402.135247
-2.226686
-447.563962
-780.219046
-944.120416
-957.059998
-826.585881
-547.845721
-226.512772
86.193790
402.674396
645.830705
753.121405
716.459256
611.325153
395.126306
112.072953
-111.673983
-233.521712
-285.280040
-282.584293
-189.850623
-27.566701
160.057236
455.511022
900.309148
1332.167693
1519.252480
1389.317513
987.112176
431.249306
-153.188475
-659.988764
-968.382132
-1013.670668
-986.713206
-1062.194100
-1112.334980
-920.397849
-539.758483
-137.553147
208.041519
460.363365
477.076992
121.238491
-406.049470
-731.156464
-743.556897
-627.639809
-499.861439
-334.342621
-49.132671
252.251757
415.074829
511.043394
649.604750
677.640510
328.271800
-327.333681
-974.851923
-1418.032601
-1696.233611
-1788.967281
-1612.665478
-1174.337143
-586.125318
-3.304985
598.385572
1347.803021
2030.365964
2339.837630
2224.459692
1785.592207
1142.387159
339.054785
-500.400588
-1111.795831
-1415.336855
-1511.305420
-1446.607511
-1233.104411
-816.881194
-241.069801
370.325441
848.550821
1110.038204
1159.639935
1012.991340
632.891123
250.095160
72.715059
67.862715
199.954280
401.596097
622.108138
824.828254
983.338132
1006.521549
812.427821
465.754857
38.209507
-493.391648
-1051.950265
-1454.155601
-1549.045868
-1436.902825
-1265.453365
-849.769298
-212.494892
439.875694
988.729624
1314.375768
1508.469495
1462.641810
1112.733950
562.801721
-56.141611
-509.026976
-824.429284
-1074.055384
-1099.934547
-894.518685
-587.742765
-231.904264
139.569565
673.327316
1408.726885
2026.591919
2182.406051
1814.167117
1166.109725
368.707994
-434.624380
-1150.075427
-1388.918542
-1116.109025
-930.641685
-1149.536278
-1351.178095
-1190.511620
-812.568000
-442.711619
-119.222072
110.994655
-5.461582
-670.771749
-1492.435197
-1810.533251
-1484.887108
-810.950552
-276.114502
225.833444
846.933373
1284.722559
1394.169856
1383.386871
1522.487376
1493.912466
851.246567
-268.027264
-1402.936422
-2158.284513
-2542.158775
-2639.744788
-2374.483360
-1647.710179
-794.236926
3.703955
864.725298
1868.621191
2708.615713
2986.816723
2668.718669
1836.272236
784.931210
-259.400876
-1126.352860
-1603.499941
-1666.580403
-1404.014721
-951.129356
-496.087394
107.759759
903.544044
1541.357599
1717.659402
1441.075840
824.289105
-3.844134
-754.879031
-1189.433322
-1244.965694
-808.793955
-105.743341
485.703379
896.535103
1365.055797
1824.950102
2035.218307
1851.368415
1307.905977
563.340871
-441.094171
-1409.406213
-2036.975933
-2227.834766
-2045.063172
-1685.989776
-1196.981411
-568.872542
160.057236
779.000568
1199.536979
1506.312898
1575.863151
1243.747217
633.969422
-24.331805
-442.172470
-605.534690
-685.867928
-565.637646
-344.586456
-49.132671
215.050459
394.587157
592.994079
807.575478
1179.049307
1751.625805
2082.124291
1902.587593
1434.066900
935.353849
490.555723
-42.123730
-404.432022
-367.769874
-319.785591
-781.297344
-1592.177807
-2066.089993
-1837.490713
-1447.146660
-1026.610250
-573.724885
-256.705130
-327.872830
-851.925895
-1135.518397
-703.120704
111.533804
567.654065
676.562212
872.812537
1084.698190
1009.217295
853.403164
954.224073
1218.946351
994.660266
64.088671
-1056.263459
-1827.786027
-2218.130079
-2400.362524
-2394.971032
-2035.897635
-1315.055096
-597.447452
-144.562087
452.276126
1355.890259
1941.406338
1753.782402
1342.950678
1252.912754
1003.825803
430.171007
63.010372
-65.307148
-201.172757
-382.326903
-561.863602
-550.002318
-402.275425
-383.405202
-685.867928
-1146.301382
-1360.882781
-1218.547381
-1091.847309
-870.796119
-203.329354
494.329767
762.826091
895.995954
1194.145486
1548.366540
1714.963656
1635.708717
1330.011096
856.638059
282.983264
-369.926471
-1007.200877
-1323.142334
-1270.844858
-1258.983574
-1380.292154
-1332.307871
-937.111476
-499.322289
-249.157040
56.001432
423.162067
687.884346
635.586869
483.007633
457.128470
499.721260
380.569277
123.934237
-27.566701
63.010372
206.963220
136.873819
125.012535
261.956443
350.376919
385.960769
666.318376
1410.883482
2196.423931
2422.866613
2127.412828
1586.646136
948.293431
144.421908
-661.067063
-992.643848
-889.666342
-1044.402175
-1601.882494
-2000.852934
-1661.728060
-1026.071101
-506.870379
-93.342909
250.634309
270.582831
-316.550696
-936.033177
-987.791505
-403.353724
95.898476
259.260697
525.600424
934.275551
1203.311023
1148.856950
1163.413979
1466.415854
1420.049019
604.316213
-587.742765
-1613.743777
-2265.575213
-2639.744788
-2835.455964
-2759.975070
-2293.610974
-1560.368002
-620.630869
555.792781
1787.748804
2851.490262
3185.762794
2544.175193
1642.717657
1018.382833
483.546783
2.625657
-388.257545
-778.062449
-1192.129068
-1639.622941
-1810.533251
-1399.701527
-621.170019
105.064013
259.260697
-187.694026
-586.125318
-685.328779
-750.026688
-688.024525
-192.007220
400.517799
701.902226
776.843971
953.684923
1473.424795
1973.755293
2101.533664
1819.019460
1237.277426
432.327604
-573.724885
-1628.300806
-2281.210541
-2325.420779
-2347.525898
-2535.149835
-2261.262019
-1294.567424
-186.615728
762.286942
1587.724434
2067.028112
2012.574039
1511.165242
785.470359
198.336832
9.634597
-47.515223
-238.913205
-452.955454
-421.145649
-256.705130
-77.168431
120.699341
401.056948
638.821765
480.851036
68.941014
-55.602462
597.846422
1543.514196
2093.985575
2261.660989
2441.736837
2580.837342
2050.314486
1218.946351
1027.548370
1136.995666
392.430560
-1311.820200
-2743.800592
-3341.177955
-3456.016744
-3250.061733
-2462.903836
-1148.997128
-193.624668
-61.533103
-61.533103
480.851036
1370.447289
1826.028400
1620.612538
1400.639647
1323.002156
918.101073
291.609652
144.421908
611.864303
863.647000
317.488815
-681.015585
-1520.470958
-2108.143634
-2670.476295
-3077.533974
-2939.511768
-2236.461154
-1492.974346
-1048.715369
-544.610826
487.859976
1580.176345
2118.786440
2267.591631
2343.611675
2111.777500
1311.680021
261.417294
-476.678021
-870.796119
-1210.999292
-1649.866776
-2049.915515
-2036.436784
-1709.173193
-1401.858124
-1129.048606
-626.022362
-18.940313
168.683624
1.547358
-23.792656
293.227099
674.405615
910.013835
1112.733950
1395.248154
1779.122416
1921.996966
1730.598984
1330.011096
841.541881
67.323566
-1147.379681
-2220.286676
-2697.972907
-2690.424817
-2654.840967
-2362.082928
-1499.983286
-473.443126
321.262860
918.640222
1471.807347
2001.791054
2165.692424
1724.129193
1072.836906
546.627244
152.509147
-309.002606
-586.125318
-373.161366
-20.018611
74.871656
-56.141611
-79.325028
51.688238
96.976775
-44.280327
124.473386
841.541881
2104.229410
3176.597257
3502.782549
3506.556594
3584.733234
3428.919103
2477.320687
1510.626092
1141.848010
617.255795
-899.371028
-2837.073412
-4007.027271
-4058.785599
-3788.671827
-3270.549404
-2137.257693
-806.098209
-194.163817
-459.964395
-487.461006
183.779803
1016.226236
1220.024650
1196.302083
1505.234600
1727.903238
1480.972884
1064.210518
1239.973172
1719.276850
1568.854211
433.945052
-984.017460
-2045.602321
-2908.241112
-3735.835201
-4201.120999
-3958.503839
-3224.182569
-2542.158775
-1873.074563
-773.210105
777.383121
2100.994515
2722.094444
2919.423067
2889.230710
2473.007493
1556.992927
347.681173
-629.257257
-1335.003618
-2124.318111
-2857.021934
-3079.151422
-2615.483072
-1890.866488
-1242.269948
-682.093883
-105.743341
388.117366
575.202154
406.448441
294.844547
548.783841
870.116791
982.798983
1000.051758
1367.751543
1991.547218
2314.497615
2142.509006
1787.748804
1282.565962
267.347936
-1153.310322
-2314.098645
-2749.192085
-2781.541040
-2806.341905
-2628.422654
-1812.150699
-532.749543
627.499631
1443.771586
2239.555870
3012.695886
3084.941885
2263.278437
1312.758320
801.644837
352.533516
-263.714070
-782.375643
-862.708880
-696.111763
-723.069226
-586.664467
147.117654
1062.593071
1407.109438
1059.897324
680.875406
965.546207
1790.444550
2542.557746
3029.409513
3390.639506
3548.071086
2942.606485
1750.547506
885.752119
719.155002
402.674396
-757.574777
-2226.217318
-3286.184732
-4010.801316
-4380.657697
-4008.105570
-2825.212128
-1510.766271
-860.552283
-758.113927
-451.877156
346.063725
1138.073965
1501.460555
1637.865314
1754.321551
1478.816287
727.242241
-52.906715
-114.369729
267.347936
303.470935
-320.324740
-1198.598859
-1711.329790
-1935.615876
-2268.810108
-2438.642120
-2093.586604
-1736.669805
-1828.864325
-2019.723158
-1564.142046
-531.132095
382.725874
951.528326
1394.709005
1672.370866
1485.825227
838.306985
172.457669
-116.526326
-326.255382
-912.310610
-1612.665478
-1914.049906
-1629.379105
-1164.093307
-600.143198
201.571728
1055.584130
1553.218883
1510.086943
1265.313186
1069.062862
940.206192
772.530777
437.179948
120.699341
111.533804
341.211382
588.141736
816.201866
1077.689249
1162.874830
680.336257
-55.063312
-610.926183
-936.033177
-1137.135845
-1370.048319
-1411.023661
-1076.751130
-538.141035
45.218447
653.917944
1299.818738
1865.925444
1961.354860
1461.024362
789.783553
306.705830
-158.040818
-635.187899
-861.091432
-821.733537
-714.442838
-710.668793
-523.044856
143.343610
1578.558897
3368.534387
4656.561932
5000.000000
4691.606632
4010.121988
2677.345057
1036.713907
-4.922433
-291.210681
-827.125030
-2131.327051
-3383.231596
-3928.311482
-3895.962527
-3417.737147
-2359.387181
-1017.444713
-222.199578
-454.572902
-1261.679320
-1698.929357
-1395.927482
-881.579103
-577.498930
-196.320414
360.081606
677.101361
783.852911
1211.398262
2091.828978
2832.620039
2702.145922
1656.196388
150.352550
-1316.672543
-2707.138444
-3923.998288
-4666.406797
-4661.015304
-4174.702686
-3679.224531
-2864.030874
-1321.524887
640.978362
2316.115063
3348.585865
3896.361497
3813.871663
2868.743038
1422.744766
96.437625
-765.662016
-1381.370453
-1969.043129
-2435.407225
-2520.592805
-2158.284513
-1590.560359
-834.133970
182.701504
1145.622054
1642.178508
1458.328616
1031.322414
791.940150
828.063149
1000.051758
1195.223785
1340.794081
1536.505256
1738.686223
1767.800282
1698.250029
1781.279013
1805.540729
1259.382545
108.298909
-992.104698
-1755.000879
-2425.163389
-2959.999439
-3065.672691
-2493.635343
-1801.906863
-1131.744353
-139.170594
1184.440800
2374.882331
3058.523572
3215.416002
2945.841380
2434.188748
1576.402300
526.678722
-351.595397
-888.588044
-1303.732962
-1726.965118
-1895.179682
-1584.629718
-965.147236
-387.179247
435.023351
1837.350534
3445.632729
4459.233308
4589.707425
4209.068059
3681.780098
2834.237487
1634.091269
665.240078
151.430848
-330.029427
-1380.831303
-2672.632892
-3432.833326
-3563.307443
-3454.399296
-3127.135705
-2555.637506
-2138.875141
-2231.608811
-2619.257117
-2530.836641
-1723.730223
-698.268360
37.670358
637.743466
1263.695739
1728.981536
1900.430996
2119.864738
2537.166253
2763.608936
2367.873391
1269.087231
-144.022938
-1425.041541
-2448.346807
-3334.708164
-4003.792376
-4300.324460
-4132.649045
-3691.624963
-2832.760218
-1416.415154
217.207056
1490.138421
2095.063873
2290.775049
2228.233736
1943.562935
1509.547794
953.684923
410.222485
-227.051921
-1097.238801
-1842.882206
-2003.548680
-1500.522436
-853.004194
-371.004769
-36.193089
271.121980
488.938275
542.853199
630.734526
850.707418
1001.130057
901.387447
753.121405
801.644837
1141.308860
1663.205329
2170.005618
2464.381105
2484.868776
2118.247291
1147.778651
-131.622505
-1236.878455
-2004.626979
-2593.917103
-3186.442122
-3361.665626
-2848.395546
-2034.819336
-1097.777950
49.531641
1354.811961
2389.439360
2751.747652
2597.011819
2302.097183
1898.274399
1326.237051
766.600136
134.717222
-504.713782
-1035.775787
-1444.990063
-1598.647598
-1412.101960
-871.335268
-208.720847
748.808211
2177.014558
3493.077863
4150.839941
4238.721267
4068.889256
3548.610235
2494.034314
1331.089394
564.958318
-63.150551
-1122.039666
-2297.385018
-3134.683794
-3590.264906
-3586.490861
-3263.001314
-2565.342193
-1818.081340
-1622.370165
-1901.110324
-2107.604484
-1754.461730
-1159.240964
-691.259420
-144.022938
558.488527
1062.053921
1169.883770
1459.946064
2231.468632
2912.953276
3005.686946
2630.978222
1941.945488
881.978074
-455.651201
-1743.139595
-2807.420203
-3582.177667
-4175.241835
-4416.241547
-4001.635779
-2982.104558
-1573.846733
-127.309311
1078.228399
1989.929770
2379.734674
2425.562360
2394.291703
2149.517947
1509.547794
617.794944
-414.136709
-1420.189198
-2047.219769
-2061.237649
-1529.097346
-899.371028
-306.306860
205.884922
556.871080
699.745629
768.217583
859.872955
907.318088
796.792493
426.936112
2.086508
-68.542043
279.209219
905.161491
1599.585718
2117.708141
2240.634169
1806.079878
947.754282
19.339283
-812.028851
-1736.130655
-2743.800592
-3518.558056
-3768.184156
-3334.708164
-2231.608811
-782.375643
680.336257
1907.979085
2597.550968
2704.302519
2497.808358
2171.083916
1697.171731
1048.036041
370.864591
-365.074128
-1103.169443
-1494.591794
-1477.339018
-1154.388621
-658.910466
118.542744
1452.397974
2773.313622
3529.200862
3790.149096
3758.339291
3389.022059
2549.566686
1662.666179
1115.968846
694.893286
5.321403
-853.543343
-1608.352284
-2130.787902
-2472.069373
-2536.767283
-2244.009243
-1928.606935
-2041.289127
-2463.442986
-2801.489562
-2791.245726
-2421.389344
-1904.345219
-1257.905276
-593.134258
62.471223
683.571152
1331.628543
2179.171155
3041.270796
3532.435758
3394.413551
2689.206340
1668.057672
435.023351
-768.357762
-1756.079177
-2573.429431
-3259.227270
-3785.436932
-3836.116961
-3337.943059
-2313.020346
-1060.037503
-20.557761
685.188600
1109.499055
1127.290980
873.351686
767.139285
853.403164
781.157165
383.804172
-37.271387
-311.159203
-550.002318
-700.964107
-581.272974
-238.913205
29.043970
51.149089
64.088671
211.276414
466.833156
628.038780
691.658391
802.183986
701.902226
336.898188
121.777640
297.540293
736.407778
1162.335681
1442.154138
1540.818450
1325.158752
757.973748
149.813400
-310.620054
-892.362088
-1578.699076
-2176.615588
-2604.700087
-2724.930369
-2435.407225
-1630.996553
-472.364827
627.499631
1338.098334
1813.088818
2127.951977
2084.820037
1833.037340
1565.619315
1247.521261
609.168556
-121.378669
-662.684510
-991.026400
-1151.692875
-793.158627
370.864591
1773.730924
2767.382980
3279.035613
3662.909875
3854.847006
3631.639219
3237.521121
2907.022635
2423.944912
1395.787303
-31.879895
-1354.952140
-2327.577376
-2865.109172
-3058.663751
-3062.976945
-3053.811408
-3044.645871
-3178.354883
-3155.171466
-2644.597132
-1873.074563
-1196.981411
-836.829716
-543.532527
-251.852786
-42.662880
206.963220
763.904389
1663.205329
2281.609511
2382.430420
2274.061422
2103.151112
1808.236475
1315.993215
636.665168
-260.479174
-1343.090856
-2508.192373
-3412.345655
-3687.311770
-3337.943059
-2604.160938
-1891.405638
-1228.791217
-740.861151
-459.964395
-270.723010
128.247431
702.441376
954.224073
830.758896
423.701216
-89.568864
-533.827841
-803.941612
-868.639522
-814.185448
-780.758195
-768.357762
-718.216882
-497.704842
-66.385446
585.985139
1194.145486
1539.201002
1488.520973
1216.789754
965.007057
877.125731
864.725298
797.870792
752.043106
630.195377
401.596097
127.169132
-171.519549
-395.805635
-571.568288
-945.198714
-1342.551707
-1603.499941
-1685.989776
-1603.499941
-1266.531664
-587.203616
87.811237
614.560049
1028.626668
1392.013259
1666.979373
1831.959042
2001.251905
2012.034889
1854.603310
1430.832004
873.890835
298.079443
-173.136997
-92.264610
355.768412
886.291268
1337.559185
1862.151400
2446.589180
2773.852771
2926.971157
3218.111748
3407.353133
3052.053781
2240.095020
1266.391485
223.137698
-701.503256
-1377.596408
-1873.613713
-2392.814435
-2927.111335
-3337.943059
-3586.490861
-3413.423954
-2871.039814
-2226.217318
-1827.246878
-1602.960792
-1315.055096
-1114.491577
-980.243415
-703.120704
-129.465908
509.425946
1055.584130
1454.015422
1757.556446
1991.547218
1990.468920
1755.399849
1371.525587
825.367403
48.992492
-915.006357
-1763.627267
-2296.306720
-2391.196987
-2074.716381
-1579.238225
-1053.028563
-657.293018
-464.816738
-359.682635
-272.340458
-177.989340
-0.070089
-82.559924
-601.760646
-1164.093307
-1634.770597
-1988.452501
-2063.394246
-1732.356611
-1230.947814
-742.478598
-492.852498
-251.852786
267.887085
943.980237
1546.749092
1907.439936
2136.578365
2235.781826
2108.003455
1795.836043
1616.838494
1643.795956
1590.420181
1271.782977
1008.678146
667.935824
54.923133
-621.170019
-1109.639234
-1502.679033
-1921.597995
-2338.360361
-2541.080477
-2383.109748
-1947.477159
-1210.460142
-445.946514
252.251757
902.465745
1421.666467
1660.509582
1841.124579
2088.594082
2178.632006
2041.148949
1791.522849
1437.301795
935.892998
406.448441
113.690401
82.419745
220.441951
358.464158
430.171007
483.007633
712.146062
1195.223785
1700.406626
2101.533664
2440.119389
2598.629267
2427.179807
2056.784277
1655.657239
1299.279589
811.888672
134.717222
-724.686673
-1673.589343
-2462.364687
-2953.529648
-3182.668077
-3182.128928
-2990.191797
-2740.026548
-2545.932820
-2277.436496
-1833.177519
-1263.296768
-757.574777
-297.680472
141.726162
521.826379
773.609076
919.179372
1017.304534
1083.080742
1012.452191
733.172883
279.748368
-106.282490
-418.989052
-764.583717
-1076.211981
-1189.972471
-1123.657114
-1136.596696
-1070.820488
-937.650625
-738.165405
-522.505707
-303.071965
-137.013997
-118.682923
-91.725461
-10.853074
-66.924596
-225.434473
-375.317963
-587.742765
-836.290567
-1071.359637
-1195.903113
-1238.495903
-1103.169443
-910.693163
-671.310898
-230.825966
355.768412
1029.704967
1546.749092
1964.050607
2361.403600
2535.548805
2432.571300
2349.003167
2301.018884
1892.882906
1151.013547
357.385859
-344.047307
-888.048894
-1401.318975
-1736.130655
-1831.020922
-1728.043417
-1532.332241
-1297.263171
-1026.610250
-642.196839
-176.371892
139.569565
388.656516
706.215420
1099.255219
1278.791918
1368.290692
1588.263584
1769.956879
1692.319388
1373.682184
1014.608788
681.953704
270.582831
-265.331517
-635.727048
-768.896911
-775.366702
-759.731374
-625.483213
-186.615728
453.893574
1017.304534
1514.400137
2098.837918
2578.141596
2708.615713
2439.580240
2008.260845
1480.433735
783.852911
-24.331805
-747.870091
-1243.887395
-1674.128492
-1916.206503
-1853.126041
-1609.969732
-1258.983574
-893.979536
-607.152138
-408.745216
-185.537429
66.245268
219.902802
217.207056
134.178072
34.435462
-72.316088
-236.217458
-328.411979
-167.745504
124.473386
264.113040
228.529190
216.128757
130.404028
-159.658266
-604.995541
-1006.661728
-1296.184872
-1622.909314
-1882.240100
-1856.360937
-1568.455240
-1282.706141
-1050.871966
-832.516522
-534.906140
-376.935411
-482.608663
-695.033465
-885.353148
-1092.925607
-1367.352572
-1673.589343
-1788.967281
-1613.743777
-1274.618902
-718.756032
-22.714358
665.779227
1242.129769
1682.614701
1999.095308
2198.580528
2302.097183
2207.206916
1833.037340
1329.471946
752.582255
104.524864
-426.537141
-813.646299
-910.154013
-858.934835
-802.863314
-603.917243
-262.635771
36.592059
203.728325
389.195665
564.419169
619.412392
562.262572
487.320827
494.329767
561.723423
681.414555
863.107850
1117.047144
1360.203453
1467.494153
1407.109438
1206.545919
929.423207
486.781678
-5.461582
-383.944351
-580.733825
-669.693451
-610.387034
-389.874993
-101.430147
329.889248
811.349523
1360.742603
1885.873966
2229.851184
2272.983124
1958.659114
1420.588169
698.667331
-92.803759
-775.905852
-1350.638946
-1802.985162
-2081.725321
-2187.937722
-2082.264470
-1707.016596
-1147.918830
-523.584005
-3.304985
318.027965
493.790618
490.555723
372.482038
151.430848
-101.969297
-328.411979
-568.872542
-722.530076
-819.576940
-731.695614
-491.235051
-189.311474
112.072953
298.618592
318.567114
164.909579
-65.307148
-416.293306
-760.809673
-1009.896624
-1108.021786
-1097.777950
-1079.446876
-801.785015
-351.595397
10.173746
257.104100
410.222485
487.320827
250.634309
-277.192801
-746.791792
-1083.220921
-1384.066199
-1576.542479
-1482.730511
-1102.091144
-613.082780
-101.969297
449.580380
1060.975623
1575.863151
1907.979085
2004.486800
1912.831429
1686.927895
1227.033590
709.450316
222.059399
-192.546370
-504.713782
-737.087106
-869.178671
-939.268073
-957.059998
-978.086818
-992.643848
-943.581267
-785.071389
-629.257257
-530.592946
-380.709456
-118.143774
188.092997
458.206768
765.521837
1014.608788
1280.409365
1473.963944
1513.860988
1347.263872
976.868341
594.072378
244.703667
-103.047595
-402.275425
-520.888259
-528.975498
-392.570739
-154.266773
246.860264
741.260121
1236.738276
1573.706554
1872.395235
2106.925156
2091.289828
1883.178220
1504.695451
1074.993503
636.665168
112.072953
-403.892873
-753.261583
-1050.332817
-1265.992514
-1391.614288
-1366.274274
-1041.167280
-626.561511
-306.306860
-31.340746
195.641086
297.001144
197.797683
11.791194
-137.013997
-194.702967
-333.264322
-546.767423
-741.400300
-772.670956
-643.814287
-495.548245
-231.904264
30.122268
244.703667
218.824504
-64.767999
-289.054084
-447.024813
-649.205779
-903.145073
-1044.402175
-1006.122579
-980.782564
-967.842982
-792.619478
-429.772037
-162.893161
-158.040818
-306.306860
-448.103111
-586.664467
-807.715657
-1098.856249
-1236.339306
-1115.569875
-862.169731
-542.993378
-128.926759
432.866754
978.485789
1307.905977
1567.236763
1830.341594
1960.276562
1812.010520
1431.371154
1082.002443
690.040943
250.095160
-158.579967
-372.083068
-356.447740
-277.192801
-286.897487
-389.874993
-461.581842
-540.836781
-655.136421
-745.174345
-697.729211
-505.252931
-371.004769
-325.177084
-179.606788
79.723999
431.788455
760.130345
1034.557310
1168.805472
1147.239502
899.230850
487.859976
163.831281
-8.157328
-142.944639
-411.440963
-544.071677
-531.671244
-484.226111
-380.170306
-192.546370
203.189176
627.499631
824.289105
913.787879
943.441088
994.121117
999.512609
918.640222
833.454642
794.635896
647.448153
279.209219
-148.336132
-473.443126
-720.912629
-1015.288116
-1166.789054
-1033.619190
-806.098209
-671.310898
-566.176796
-350.517098
-59.915655
89.428685
242.547070
378.412680
436.640798
327.732651
129.325729
21.495880
-17.322865
46.296746
92.663581
168.683624
220.441951
322.341159
356.846710
284.600711
187.553848
51.149089
-182.302534
-564.559348
-1001.270236
-1262.218470
-1345.247453
-1273.001455
-1131.205203
-920.936998
-647.588332
-471.825678
-428.693738
-392.031590
-255.087682
-220.042981
-272.879607
-312.776651
-333.264322
-266.948965
-243.765548
-143.483788
109.916356
487.320827
803.262284
988.190475
1112.194801
1155.326741
1096.020324
911.631282
640.978362
299.696890
-95.499506
-508.487827
-794.776075
-839.525462
-746.252643
-642.196839
-539.219333
-380.170306
-227.051921
-148.875281
0.469060
201.032579
385.960769
477.076992
471.146350
481.390186
525.600424
595.150676
687.345197
905.700641
1122.977786
1145.622054
1087.933085
1012.991340
932.658103
804.879732
585.985139
373.021187
159.518087
-42.662880
-190.389773
-231.365115
-139.709744
2.625657
206.424071
389.195665
527.217871
596.768124
618.334094
533.148513
457.128470
378.951829
191.867041
-90.647162
-436.241828
-792.619478
-1095.082204
-1288.636783
-1403.475572
-1361.421931
-1201.294605
-1016.905564
-856.239089
-693.955167
-498.783140
-296.063024
-207.103399
-166.667206
-118.682923
-170.980400
-212.494892
-294.445577
-347.282203
-211.416593
-50.210969
37.670358
147.656803
342.289681
463.059111
465.215708
411.300784
308.323278
114.229550
-183.380832
-525.740602
-817.959493
-1012.592370
-1113.952428
-1170.023949
-1120.422219
-941.963819
-804.480762
-658.910466
-505.252931
-312.776651
-180.685086
-136.474848
-141.866341
-97.656103
12.869492
147.117654
317.488815
506.191051
638.282616
767.678434
885.212969
1010.295594
1106.803309
1092.246279
1035.635608
801.105687
478.694439
130.404028
-165.049758
-344.586456
-436.241828
-465.355887
-496.087394
-509.566125
-488.000155
-491.774200
-468.590782
-398.501381
-321.403039
-254.009383
-181.224235
-127.309311
-96.577804
-38.349686
57.618880
278.670070
511.043394
688.423495
793.557598
891.143611
995.199415
1008.138997
982.798983
941.284491
810.271224
629.117078
426.396963
301.853487
287.835607
376.256083
577.358751
796.792493
965.546207
999.512609
955.302371
963.389610
830.758896
603.237915
485.703379
426.396963
284.061562
39.287805
-137.553147
-232.982563
-362.917531
-553.776363
-636.805347
-574.803184
-561.863602
-635.187899
-736.008808
-670.232600
-621.709168
-663.762809
-659.449615
-585.047019
-421.145649
-325.177084
-294.984726
-168.284654
-9.774776
81.880596
151.430848
270.582831
374.638635
378.412680
295.383696
181.623206
92.663581
-32.419044
-263.174921
-554.315512
-721.451778
-864.326328
-1023.914504
-1124.735413
-1100.473697
-944.659565
-874.570163
-789.923732
-718.756032
-690.720271
-654.058122
-725.225823
-793.158627
-798.010971
-729.539017
-662.145361
-607.691287
-429.772037
-165.049758
60.314626
246.860264
430.710157
586.524288
725.624793
718.076704
656.613690
597.846422
458.745917
216.128757
-75.011834
-248.078742
-301.454517
-250.235339
-167.745504
-50.750118
142.804460
215.050459
234.998981
249.016861
307.784129
391.891411
472.763798
411.839933
292.687950
222.059399
184.318952
234.459832
323.419457
436.101649
563.880020
571.428109
489.477424
406.987590
376.795232
350.376919
271.661130
177.310012
121.777640
172.996818
187.553848
236.077279
391.891411
634.508571
832.915493
858.255507
832.376343
716.459256
549.862140
371.403740
213.972160
157.900639
134.717222
62.471223
-32.419044
-78.246730
-111.134834
-173.676146
-283.662592
-410.362664
-499.861439
-585.586168
-735.469658
-867.022074
-880.500805
-794.776075
-668.076003
-512.261871
-270.723010
-60.454805
41.983552
153.587445
230.685787
266.269637
265.191339
187.014698
104.524864
-4.383283
-128.926759
-153.188475
-155.345072
-166.667206
-155.884221
-115.448028
-139.170594
-174.754444
-191.468071
-261.018324
-341.351561
-413.597560
-387.718396
-412.519261
-415.754157
-351.056247
-287.436636
-169.902101
-74.472685
-35.114790
-76.090133
-130.544206
-235.678309
-379.631157
-499.861439
-552.158915
-598.525750
-602.299795
-540.297632
-335.960068
-12.470522
229.068339
413.996530
551.479587
693.814988
690.040943
554.714483
384.343322
242.007921
73.254208
-156.962519
-307.924308
-348.360501
-296.063024
-214.112339
-23.253507
257.104100
523.443827
663.083481
693.814988
748.269061
745.034166
651.761347
570.888960
490.016573
383.265023
272.739428
165.987878
158.439788
248.477712
246.860264
184.318952
183.779803
151.430848
132.021475
131.482326
154.665744
211.276414
225.833444
202.650026
162.213833
153.587445
142.265311
104.524864
90.506984
146.578505
196.719385
168.683624
183.779803
218.824504
233.381533
214.511310
92.124431
6.399702
-90.647162
-270.723010
-420.067351
-525.740602
-579.655527
-668.076003
-690.181122
-632.492153
-514.418468
-360.221784
-231.904264
-153.727624
-127.848460
-33.497343
-38.888835
-55.063312
-14.627119
-11.931373
-35.114790
-112.752281
-100.890998
-75.011834
-94.960356
-125.152714
-223.817026
-324.098785
-399.040530
-471.825678
-504.174633
-445.407365
-362.378381
-310.080905
-278.810249
-169.362952
-13.009671
105.064013
151.430848
144.421908
103.446565
-40.506283
-238.374055
-433.006932
-546.228274
-614.161078
-694.494316
-723.069226
-690.720271
-603.917243
-441.094171
-232.443414
-37.810536
177.849161
350.916068
383.265023
365.473098
347.681173
301.853487
161.674684
91.585282
36.592059
-37.271387
-72.855237
-94.421207
-23.253507
148.195953
295.922846
429.092709
524.522125
599.463870
694.354137
687.345197
636.665168
588.141736
559.566826
481.929335
399.439500
364.933949
389.195665
415.074829
415.074829
403.752694
337.437337
309.401577
278.670070
218.285354
240.390473
292.687950
392.430560
442.032291
386.499919
350.916068
346.063725
258.721548
143.343610
151.430848
101.289968
16.643537
-22.714358
-41.584581
-32.419044
38.209507
86.732939
110.994655
74.871656
-41.045432
-217.886384
-385.561799
-494.469946
-566.715945
-619.552571
-672.928346
-683.172182
-622.787466
-545.149975
-426.537141
-242.148100
-125.691863
-75.011834
-89.029715
-158.040818
-190.928922
-249.157040
-318.168143
-350.517098
-418.989052
-464.277589
-449.181410
-466.434186
-473.443126
-402.814575
-314.394099
-316.011546
-309.541755
-203.868504
-62.072252
102.368267
154.665744
238.773026
321.802009
237.155578
144.961057
-15.705417
-125.691863
-145.101236
-271.262159
-386.100948
-417.910754
-456.729499
-528.975498
-552.698065
-391.492441
-174.215295
-40.506283
74.871656
204.267474
313.714771
380.569277
419.927172
432.327604
444.728037
375.177784
218.285354
111.533804
62.471223
67.862715
107.759759
195.641086
264.652189
305.627532
343.367979
334.741591
312.097323
397.822053
388.117366
381.108426
409.144187
392.430560
365.473098
255.486652
195.641086
201.571728
176.770863
59.236327
10.173746
-79.864178
-126.231013
-163.432310
-158.040818
-60.454805
52.766537
161.135535
247.938563
295.922846
347.681173
399.439500
364.394800
292.148801
229.607489
208.041519
162.752982
145.500206
96.437625
71.636760
49.531641
17.721836
19.878433
15.565239
-8.696477
-105.743341
-215.729787
-343.508158
-424.919694
-426.537141
-390.953291
-284.201741
-164.510609
-54.524163
-2.226686
53.844835
124.473386
174.075116
157.361490
65.166969
-45.897775
-197.398713
-302.532815
-392.570739
-454.572902
-453.494604
-416.832455
-397.423082
-346.743053
-289.593233
-195.781265
-55.063312
17.182686
113.690401
240.929623
314.253920
314.793069
300.775189
240.929623
106.142312
-41.584581
-158.579967
-311.698352
-449.720559
-505.792080
-518.731662
-553.237214
-616.317675
-591.516810
-531.671244
-475.599723
-335.960068
-147.796982
-2.765836
125.551684
175.153415
227.450892
288.913905
307.784129
340.672233
311.558174
188.632146
39.826955
-87.951416
-202.251056
-248.078742
-202.790205
-110.056535
-8.696477
47.375044
142.265311
251.712608
338.515636
472.763798
571.428109
630.734526
633.969422
596.768124
504.034454
314.253920
215.589608
93.202730
-34.575641
-139.709744
-198.477011
-255.087682
-287.975786
-222.199578
-163.971460
-50.750118
54.923133
77.567402
101.829118
102.907416
58.158029
1.008209
-45.897775
-50.750118
-91.725461
-87.951416
-15.166268
54.383984
119.621043
146.039356
152.509147
81.341446
-39.967133
-207.103399
-307.385159
-437.320126
-583.429571
-633.031302
-661.606212
-583.429571
-423.841395
-203.868504
120.699341
397.282903
562.801721
616.177497
543.931498
479.772738
318.027965
134.717222
-32.958193
-239.991503
-409.823515
-532.749543
-534.906140
-403.892873
-248.617891
-80.942476
78.645700
202.110877
268.965383
311.019024
377.334381
428.553560
379.490978
334.202442
279.209219
146.039356
35.513761
-69.620342
-187.694026
-255.626831
-320.863890
-349.977949
-359.682635
-338.655815
-293.367278
-272.879607
-153.727624
-34.575641
61.932074
152.509147
236.077279
344.446278
418.848873
431.788455
453.354425
392.430560
275.974324
139.569565
-39.427984
-170.441251
-295.523875
-342.429859
-310.620054
-285.280040
-262.635771
-189.850623
-91.186312
-36.732238
40.905253
172.457669
265.730488
268.965383
270.043682
251.712608
245.781966
192.945340
148.195953
158.978938
161.135535
154.126594
156.283191
170.840221
135.256371
89.967834
71.636760
27.965671
15.565239
48.453343
-4.383283
14.486940
56.001432
104.524864
130.943177
123.395087
163.831281
185.936400
153.048296
119.081894
153.587445
133.099774
80.263148
-14.627119
-49.132671
-138.092296
-276.653652
-349.977949
-427.615440
-434.085231
-363.456680
-313.315800
-255.626831
-103.047595
-15.166268
66.784417
166.527027
214.511310
266.269637
215.050459
117.464446
-18.940313
-145.101236
-249.157040
-379.631157
-449.181410
-435.702679
-440.015873
-472.903976
-417.910754
-340.812412
-242.687249
-142.405490
-49.132671
57.618880
115.846998
133.638923
84.037193
50.609940
38.748656
-30.801596
-106.282490
-211.416593
-372.622217
-479.912917
-551.619766
-651.901525
-664.841107
-632.492153
-612.543631
-552.698065
-399.040530
-215.729787
16.643537
258.182399
424.240366
567.654065
655.535391
635.586869
601.081318
557.410229
472.763798
383.265023
226.911742
111.533804
28.504821
-82.559924
-110.056535
-147.796982
-93.342909
-17.862014
40.366104
100.211670
171.379370
253.869205
311.558174
379.490978
367.629695
415.074829
401.056948
355.229262
312.097323
240.390473
240.929623
227.450892
172.457669
156.283191
191.867041
181.084057
150.352550
122.316789
167.066176
174.614266
181.623206
243.625369
245.242817
237.155578
241.468772
247.399414
249.556011
253.330055
257.104100
237.155578
248.477712
232.842384
151.969997
77.567402
-4.383283
-101.430147
-215.190638
-366.691575
-489.078454
-564.559348
-630.335556
-611.465332
-503.096334
-367.769874
-225.973623
-97.116953
66.245268
162.213833
191.867041
208.580668
137.412968
24.191627
-113.830580
-305.228562
-466.973335
-583.968721
-650.823227
-671.850047
-629.796406
-535.445289
-443.789917
-360.760934
-255.087682
-133.779102
-62.611402
33.357164
104.524864
129.864878
78.645700
27.426522
-90.647162
-214.112339
-308.463457
-391.492441
-458.346947
-480.452066
-525.740602
-551.080617
-514.957617
-438.398425
-300.915368
-155.884221
-47.515223
79.723999
263.573891
384.882471
468.989753
545.548946
561.723423
513.199991
420.466321
343.907128
297.001144
260.338995
130.943177
66.245268
82.419745
64.088671
93.741879
89.428685
145.500206
213.972160
257.643249
309.940726
353.611815
354.690113
375.716934
348.220322
307.784129
265.730488
202.650026
162.752982
139.569565
155.744042
180.005758
183.779803
154.665744
87.272088
19.339283
4.243105
-13.009671
-34.575641
-21.636059
-31.340746
-34.575641
15.026089
78.106551
199.415131
296.461995
359.003307
360.081606
299.696890
270.582831
198.336832
122.316789
83.498043
23.652477
-93.342909
-247.000443
-366.152426
-420.067351
-451.877156
-497.704842
-472.364827
-468.590782
-419.528201
-359.682635
-280.427696
-121.917819
22.574179
133.638923
215.589608
236.616429
199.415131
147.117654
58.158029
-52.906715
-133.239953
-231.365115
-376.935411
-427.615440
-444.329067
-455.112051
-387.718396
-277.731950
-136.474848
17.721836
128.247431
184.318952
258.721548
271.121980
244.703667
169.222773
67.862715
-53.445865
-193.085519
-352.673695
-472.903976
-546.228274
-607.691287
-627.639809
-594.212556
-509.026976
-410.362664
-316.011546
-226.512772
-65.307148
49.531641
144.421908
273.817727
349.837770
355.229262
342.289681
312.097323
290.531353
222.059399
155.204893
118.003595
45.218447
-28.105850
-109.517386
-152.649325
-121.378669
-128.926759
-67.463745
13.947791
93.741879
217.207056
272.200279
332.045845
384.343322
362.238203
367.629695
345.524576
325.036905
344.446278
313.175621
310.479875
341.750531
300.775189
245.242817
187.014698
124.473386
70.558462
54.923133
65.706118
64.627820
89.967834
143.882759
195.101937
246.860264
263.034742
314.253920
321.262860
301.853487
272.200279
279.748368
275.435174
223.137698
118.003595
1.008209
-54.524163
-148.875281
-234.600011
-300.376218
-335.960068
-444.868216
-489.078454
-512.261871
-527.897199
-491.235051
-417.371604
-397.962232
-345.664755
-264.253219
-219.503832
-197.398713
-208.720847
-188.233176
-222.738727
-284.740890
-326.794531
-339.194964
-351.595397
-321.403039
-309.541755
-267.488114
-167.206355
-76.090133
55.462283
182.701504
287.835607
367.629695
359.542456
329.889248
291.609652
230.685787
129.325729
-36.732238
-167.206355
-259.940025
-339.194964
-404.432022
-394.188187
-376.935411
-338.116665
-270.183861
-154.266773
-16.783716
148.195953
263.573891
355.229262
446.345485
461.441664
460.902514
451.736977
433.405903
339.054785
241.468772
153.048296
79.723999
-34.036492
-124.613565
-171.519549
-181.763385
-207.642548
-175.832743
-127.848460
-69.081193
-42.662880
-13.548821
93.741879
177.310012
205.345773
173.535967
207.502370
206.424071
174.075116
150.352550
110.994655
71.097611
25.809074
-21.636059
-56.141611
-70.159491
-173.676146
-220.582130
-272.340458
-299.837069
-262.096622
-201.172757
-109.517386
-24.870955
115.307849
217.207056
266.808786
278.670070
277.591771
290.531353
283.522413
272.739428
286.757308
294.844547
259.260697
204.806623
162.213833
108.298909
87.811237
37.670358
-20.018611
-54.524163
-107.899938
-155.345072
-175.832743
-182.841683
-121.378669
-66.924596
-20.557761
47.914193
82.419745
118.003595
107.759759
107.220610
38.209507
-45.358626
-168.284654
-299.297920
-346.203904
-364.534978
-345.125606
-276.653652
-222.738727
-70.698640
53.844835
113.690401
227.450892
305.088383
340.672233
306.166681
198.336832
64.627820
-77.707581
-227.051921
-373.700516
-482.608663
-541.915080
-545.689124
-564.559348
-546.767423
-484.765260
-412.519261
-301.454517
-218.964682
-108.439087
-7.618179
8.556299
82.419745
152.509147
178.927460
191.327892
140.647863
113.690401
41.444402
-26.488402
-103.586744
-184.998280
-234.060861
-244.304697
-248.078742
-221.660429
-114.369729
-54.524163
13.947791
101.289968
208.580668
248.477712
273.278577
300.775189
309.940726
315.871368
292.687950
243.625369
255.486652
239.312175
163.292132
99.133372
94.281028
100.211670
103.446565
118.542744
109.916356
57.618880
59.775477
37.670358
40.366104
112.072953
202.650026
311.019024
375.177784
405.909291
417.770575
436.640798
399.978650
362.777352
353.611815
284.600711
132.560625
12.869492
-74.472685
-116.526326
-170.980400
-193.624668
-165.588907
-144.562087
-153.188475
-151.031878
-113.291431
-52.906715
-34.036492
-46.976074
-27.566701
-5.461582
-39.967133
-94.421207
-127.848460
-174.215295
-220.042981
-297.680472
-367.769874
-436.780977
-428.693738
-405.510321
-391.492441
-311.698352
-218.425533
-140.248893
-70.159491
34.974611
116.925297
148.195953
164.370430
170.301072
129.864878
69.480163
27.965671
-29.184149
-72.316088
-202.790205
-270.723010
-292.288980
-327.872830
-327.333681
-319.246442
-279.349398
-228.130220
-154.266773
-70.159491
-8.696477
67.862715
154.665744
230.146638
299.696890
341.750531
327.193502
272.200279
149.274251
24.191627
-107.899938
-231.904264
-319.246442
-369.926471
-374.778814
-359.143486
-314.933248
-247.000443
-161.814863
-16.783716
126.090834
204.267474
280.287518
277.591771
273.817727
273.817727
240.390473
226.372593
215.589608
190.249594
117.464446
123.395087
105.064013
103.446565
125.551684
90.506984
58.158029
56.540581
5.860552
-14.087970
29.583119
27.965671
81.341446
113.690401
137.412968
136.334669
139.030416
198.875982
208.580668
219.902802
259.260697
212.354713
151.969997
57.079730
24.191627
-10.853074
-103.586744
-162.354012
-202.790205
-191.468071
-197.937862
-139.170594
-63.689700
-25.410104
13.408642
52.227387
50.070790
103.446565
130.943177
139.569565
109.916356
53.305686
39.287805
-3.844134
-26.488402
-78.246730
-127.309311
-132.161654
-167.206355
-193.085519
-166.667206
-107.360789
-45.358626
-6.539880
81.880596
160.057236
162.213833
110.994655
70.019312
41.444402
4.243105
-52.906715
-116.526326
-187.154877
-267.488114
-329.490278
-389.874993
-363.995829
-333.803471
-296.063024
-254.548533
-256.165980
-176.371892
-86.333968
-37.810536
36.592059
144.421908
199.415131
213.972160
212.354713
182.162355
171.379370
139.030416
87.272088
17.721836
-44.819477
-115.987177
-165.049758
-181.224235
-145.640385
-55.063312
5.860552
24.191627
57.079730
96.976775
125.012535
142.804460
170.301072
183.779803
135.795520
103.446565
57.618880
57.079730
84.576342
49.531641
45.757596
75.949954
117.464446
99.672521
98.055073
54.923133
20.956731
10.173746
-41.584581
-35.114790
-8.157328
23.652477
60.314626
84.037193
143.882759
138.491266
110.994655
102.368267
81.341446
71.636760
34.974611
-22.175208
-87.412267
-136.474848
-160.736564
-170.980400
-130.544206
-90.647162
-52.367566
14.486940
71.097611
63.549521
64.088671
48.992492
-29.723298
-73.394387
-91.186312
-108.978237
-147.257833
-142.405490
-178.528489
-135.935699
-85.255670
-89.568864
-45.897775
2.086508
-41.045432
-33.497343
-16.783716
-43.741178
-2.226686
25.809074
54.383984
89.967834
132.560625
170.840221
192.406191
187.553848
188.632146
134.717222
53.844835
-11.392224
-116.526326
-228.130220
-312.776651
-379.631157
-406.588619
-387.179247
-341.351561
-277.192801
-202.790205
-139.170594
-27.566701
73.254208
117.464446
175.153415
203.728325
208.580668
184.858101
110.994655
71.097611
14.486940
-3.304985
-4.383283
-8.157328
29.583119
45.218447
90.506984
76.489103
98.055073
123.395087
142.804460
117.464446
110.994655
148.195953
129.325729
124.473386
116.386147
106.142312
126.629983
155.744042
87.272088
78.645700
60.314626
7.478000
-10.313925
-65.846297
-91.725461
-108.978237
-128.926759
-132.161654
-135.935699
-126.231013
-84.716521
-76.090133
-45.358626
-21.096910
-24.870955
-15.705417
26.348224
54.383984
48.992492
30.122268
-8.696477
-32.958193
-16.244567
0.469060
6.399702
3.164806
2.086508
56.001432
80.263148
99.133372
127.169132
106.681461
66.245268
25.809074
-3.304985
-10.853074
-27.027552
-35.114790
-8.696477
-17.322865
-36.193089
-32.419044
-23.792656
-38.888835
-60.993954
-100.890998
-144.562087
-151.031878
-158.579967
-192.546370
-186.615728
-183.919982
-151.031878
-90.108013
-21.636059
23.113328
64.627820
106.142312
53.844835
-4.922433
-41.045432
-105.204192
-161.814863
-214.651489
-255.626831
-255.626831
-257.783428
-223.817026
-210.877444
-194.163817
-169.902101
-164.510609
-154.805922
-130.005057
-100.351849
-98.195252
-129.465908
-99.273550
-79.325028
-60.454805
-2.226686
-28.644999
12.330343
41.983552
77.567402
100.211670
98.055073
94.281028
17.721836
20.417582
20.417582
41.983552
61.392924
73.793357
135.256371
195.101937
290.531353
360.620755
413.457381
425.318664
404.830993
394.048008
342.828830
289.992204
250.095160
208.580668
195.101937
204.267474
219.363653
215.050459
212.893862
261.956443
281.904965
321.802009
288.374756
261.956443
265.191339
209.119817
188.092997
160.596385
142.265311
99.672521
31.739716
11.791194
23.113328
36.052910
23.652477
13.947791
-62.611402
-129.465908
-144.562087
-152.649325
-163.971460
-187.694026
-199.555310
-246.461294
-235.678309
-232.982563
-201.711907
-151.571027
-160.736564
-173.136997
-139.170594
-118.682923
-145.640385
-151.571027
-187.694026
-236.217458
-234.060861
-237.834906
-258.861727
-259.940025
-263.714070
-276.114502
-245.922145
-216.268936
-154.805922
-108.978237
-68.542043
-29.723298
-1.148388
29.043970
53.305686
52.766537
46.296746
30.661418
-36.732238
-52.367566
-117.604625
-162.354012
-181.224235
-167.206355
-154.266773
-99.273550
-37.271387
-76.090133
-59.915655
-39.967133
-0.070089
-10.853074
-8.696477
2.625657
-13.548821
5.321403
19.878433
55.462283
44.679298
18.800134
22.574179
28.504821
5.860552
-11.931373
-64.767999
-99.273550
-123.535266
-126.770162
-106.282490
-78.785879
-17.322865
0.469060
15.565239
31.739716
62.471223
95.898476
92.124431
58.158029
52.766537
50.070790
-24.870955
-46.976074
-4.922433
1.008209
26.887373
25.269925
63.549521
108.298909
103.446565
154.126594
162.752982
125.012535
167.066176
183.240654
165.987878
166.527027
146.578505
101.289968
59.236327
54.383984
129.325729
134.717222
122.855938
132.021475
118.542744
109.916356
120.160192
141.726162
133.099774
135.256371
100.750819
47.375044
40.905253
61.932074
98.594222
151.430848
191.867041
208.041519
188.092997
189.710445
157.361490
103.446565
68.401865
29.583119
6.938851
-75.011834
-86.873118
-97.656103
-103.586744
-114.369729
-103.047595
-69.620342
-64.767999
-17.862014
32.818014
49.531641
51.688238
9.095448
-14.627119
-53.445865
-101.969297
-139.170594
-181.224235
-206.564250
-234.600011
-245.382995
-254.009383
-297.141323
-305.767711
-305.228562
-329.490278
-290.132383
-280.966846
-267.488114
-215.190638
-165.588907
-103.047595
-53.445865
-9.774776
23.652477
34.435462
67.862715
133.099774
162.213833
165.987878
162.752982
123.395087
68.401865
15.565239
-8.696477
0.469060
25.809074
59.775477
60.314626
72.715059
135.256371
151.969997
155.744042
170.301072
143.882759
142.804460
127.708281
105.064013
108.838058
44.140149
22.035030
26.887373
22.035030
32.278865
27.965671
29.583119
64.627820
36.052910
33.896313
37.131208
22.574179
0.469060
-50.750118
-44.280327
-78.246730
-89.029715
-58.837357
-53.445865
-20.557761
-6.000731
-43.202029
-28.105850
-9.774776
-34.036492
-47.515223
-41.045432
-65.846297
-104.665043
-119.761222
-132.700803
-119.761222
-73.933536
-77.168431
-41.584581
-5.461582
-12.470522
23.113328
40.366104
18.800134
-1.148388
-24.331805
-75.011834
-125.152714
-159.658266
-214.112339
-238.374055
-228.130220
-230.825966
-171.519549
-97.656103
-52.367566
26.887373
75.949954
87.272088
148.195953
134.717222
91.585282
77.567402
24.191627
15.026089
18.260985
-25.949253
-17.322865
-21.096910
-75.011834
-83.099073
-121.378669
-118.682923
-141.866341
-167.745504
-135.935699
-122.996117
-85.255670
-60.454805
-66.924596
-29.723298
23.652477
88.350387
144.961057
222.598548
279.209219
306.705830
324.497756
255.486652
209.658967
169.222773
134.178072
85.654640
37.670358
6.938851
-17.862014
-34.036492
-41.584581
-16.783716
7.478000
21.495880
52.766537
59.775477
33.896313
54.923133
15.565239
-27.027552
-44.280327
-50.210969
-26.488402
-23.792656
24.191627
29.043970
61.932074
86.193790
85.654640
72.715059
80.263148
70.558462
46.296746
28.504821
-0.609239
8.556299
17.182686
-19.479462
-1.148388
21.495880
37.131208
65.166969
78.645700
73.793357
101.829118
84.576342
61.392924
81.880596
-3.304985
-20.018611
-10.853074
-55.602462
-45.358626
-49.671820
-50.750118
6.399702
23.652477
52.766537
70.019312
56.540581
55.462283
1.008209
-29.184149
-50.750118
-114.908878
-158.579967
-202.790205
-225.973623
-196.859563
-188.772325
-183.919982
-143.483788
-102.508446
-67.463745
-9.235627
3.164806
18.260985
39.287805
33.357164
44.679298
40.905253
-2.765836
-17.862014
-32.419044
-74.472685
-75.550984
-64.767999
-61.533103
-61.533103
-23.253507
-26.488402
-21.636059
-34.036492
-34.575641
-7.079030
-26.488402
-12.470522
-68.002894
-77.168431
-64.767999
-79.325028
-14.087970
37.670358
39.826955
80.263148
105.064013
33.357164
-11.392224
14.486940
12.869492
12.869492
5.321403
-9.235627
-18.401164
-60.454805
-70.159491
-49.671820
-29.184149
-2.226686
-20.018611
-63.689700
-42.123730
8.556299
-13.009671
-27.027552
-20.018611
4.782254
8.017149
18.800134
87.272088
105.064013
133.099774
146.039356
129.864878
139.030416
142.265311
98.594222
65.706118
65.166969
58.158029
44.679298
64.088671
39.287805
2.625657
-10.313925
-24.331805
-43.741178
-60.454805
-75.550984
-41.584581
-38.888835
-7.079030
24.730776
-1.687537
10.712895
2.625657
-2.765836
34.974611
62.471223
68.941014
89.967834
79.723999
74.332506
78.106551
47.914193
22.035030
-20.018611
-46.976074
-63.150551
-83.638222
-83.099073
-120.300371
-146.179535
-88.490565
-84.716521
-58.837357
19.878433
29.043970
63.010372
67.862715
47.375044
66.784417
54.383984
36.052910
45.218447
48.992492
17.182686
-21.096910
-62.611402
-100.890998
-105.204192
-89.568864
-90.108013
-98.195252
-127.848460
-130.005057
-138.631445
-138.092296
-134.318251
-165.049758
-166.667206
-177.450191
-105.204192
-71.237790
-63.689700
-31.879895
-17.322865
-31.879895
2.086508
16.104388
12.869492
12.330343
0.469060
-32.419044
-27.566701
-30.801596
-67.463745
-80.403327
-74.472685
-58.837357
-14.627119
15.565239
-12.470522
37.670358
56.540581
85.115491
125.551684
146.039356
154.665744
132.021475
119.081894
75.949954
67.323566
58.697178
63.549521
23.113328
52.227387
87.811237
75.949954
113.151252
112.612103
115.307849
114.229550
123.395087
133.099774
118.542744
106.681461
125.551684
99.672521
115.307849
111.533804
135.795520
144.961057
114.768700
108.298909
63.549521
50.070790
12.330343
22.574179
53.305686
66.245268
85.654640
142.265311
172.996818
172.996818
223.137698
220.981101
190.788743
129.325729
116.386147
88.889536
7.478000
-62.611402
-98.734401
-101.969297
-145.101236
-145.640385
-154.805922
-139.170594
-132.700803
-139.170594
-120.300371
-88.490565
-103.586744
-76.629282
-78.246730
-84.177371
-57.759059
-121.917819
-173.136997
-163.432310
-201.711907
-217.886384
-176.911041
-186.076579
-181.763385
-165.049758
-170.441251
-157.501669
-131.083356
-120.839520
-128.387609
-166.667206
-185.537429
-159.658266
-197.937862
-190.928922
-144.562087
-138.092296
-133.779102
-100.351849
-56.141611
-66.385446
-32.958193
-4.922433
9.095448
3.164806
-25.949253
-26.488402
-37.271387
-56.141611
-63.150551
-32.419044
13.947791
26.348224
17.721836
33.357164
49.531641
38.748656
73.254208
65.706118
30.661418
-8.157328
-50.210969
-93.882058
-90.108013
-55.602462
-59.915655
-38.349686
-17.322865
4.782254
51.149089
86.732939
94.820178
91.585282
85.115491
93.202730
66.245268
49.531641
30.661418
32.278865
38.209507
22.035030
54.923133
57.618880
34.435462
44.679298
53.844835
63.549521
97.515924
112.612103
91.046133
51.149089
44.140149
98.594222
106.142312
147.656803
188.632146
207.502370
204.806623
184.858101
183.240654
198.336832
165.448729
84.037193
53.305686
23.652477
4.243105
-38.888835
-55.063312
-77.707581
-51.289268
-44.280327
-93.342909
-102.508446
-72.855237
-48.054372
-10.313925
12.869492
32.818014
53.844835
33.357164
42.522701
68.401865
124.473386
110.994655
103.985715
93.741879
71.636760
75.949954
45.757596
20.417582
8.556299
8.017149
-17.322865
-16.244567
-15.166268
-10.313925
-32.958193
-14.087970
-2.226686
-22.714358
43.061850
24.730776
18.800134
45.218447
32.278865
-15.705417
-0.609239
-2.765836
-16.783716
-34.036492
-81.481625
-94.421207
-112.213132
-87.951416
-71.776939
-57.219909
-48.593521
-59.915655
-64.228849
-59.915655
-53.445865
1.008209
10.173746
4.782254
33.357164
2.086508
10.173746
-14.627119
-25.410104
-44.819477
-43.741178
-51.289268
-37.271387
-46.436924
-25.949253
12.869492
-32.419044
-23.253507
0.469060
-0.070089
-6.000731
-7.618179
-6.539880
-73.394387
-119.761222
-123.535266
-136.474848
-131.622505
-130.544206
-108.439087
-84.716521
-60.454805
-29.723298
-12.470522
-8.157328
-17.862014
-50.750118
-84.177371
-112.213132
-122.456968
-117.604625
-96.577804
-63.689700
-52.906715
-62.611402
-65.307148
-60.454805
-72.316088
-85.255670
-93.882058
-94.960356
-117.065475
-128.926759
-137.013997
-157.501669
-136.474848
-113.291431
-78.785879
-57.759059
-42.123730
-10.853074
43.061850
87.811237
118.003595
112.612103
130.404028
119.081894
115.846998
113.690401
94.281028
88.889536
84.576342
94.820178
75.949954
86.193790
97.515924
71.636760
63.549521
51.149089
75.949954
120.160192
133.099774
96.437625
72.175909
97.515924
54.383984
45.218447
81.880596
117.464446
112.612103
104.524864
120.699341
134.178072
169.222773
174.075116
140.647863
124.473386
110.994655
85.654640
71.097611
59.775477
101.289968
80.802297
63.549521
61.932074
66.245268
67.862715
56.001432
50.070790
57.079730
45.757596
32.818014
-6.000731
-41.584581
-14.087970
1.547358
-4.922433
3.703955
40.366104
37.131208
27.965671
32.818014
24.191627
33.357164
-1.687537
-75.550984
-119.222072
-131.622505
-137.553147
-138.631445
-161.814863
-128.387609
-77.707581
-79.864178
-57.219909
-6.000731
5.321403
-20.557761
-25.410104
-45.897775
-51.828417
-58.298208
-54.524163
-17.322865
-26.488402
-16.783716
18.800134
4.782254
-20.557761
1.008209
8.017149
-20.018611
-7.079030
-32.419044
-78.246730
-86.333968
-79.325028
-108.439087
-108.978237
-113.830580
-107.360789
-76.090133
-73.394387
-43.202029
-24.331805
-21.636059
-22.175208
12.869492
-17.322865
-46.976074
-40.506283
-83.638222
-100.890998
-92.264610
-115.448028
-111.673983
-119.761222
-130.005057
-121.917819
-144.562087
-151.571027
-132.161654
-135.396550
-137.553147
-118.682923
-105.743341
-101.969297
-86.873118
-38.349686
-38.349686
-10.313925
-21.636059
-26.488402
-13.548821
24.730776
37.131208
28.504821
39.826955
54.923133
34.974611
39.287805
66.784417
64.627820
52.227387
54.383984
89.428685
107.759759
83.498043
77.567402
108.838058
95.898476
86.732939
67.862715
67.862715
79.184849
21.495880
43.061850
56.001432
11.791194
36.592059
37.131208
54.383984
53.305686
65.166969
80.802297
56.540581
37.670358
43.600999
56.001432
16.643537
31.200567
4.782254
-14.627119
17.182686
25.269925
45.757596
88.350387
139.030416
115.846998
96.976775
83.498043
87.811237
39.287805
16.104388
20.417582
8.017149
8.556299
1.547358
59.775477
68.401865
68.401865
67.323566
62.471223
38.748656
36.052910
26.887373
14.486940
4.243105
-14.087970
-22.714358
-66.385446
-99.273550
-80.942476
-54.524163
-73.933536
-47.515223
-13.548821
-2.226686
11.252045
43.061850
69.480163
61.392924
40.366104
39.826955
46.296746
19.339283
5.321403
-10.853074
-28.105850
-52.367566
-44.280327
-39.967133
-23.792656
-7.079030
-28.644999
-44.819477
-65.307148
-97.116953
-69.620342
-63.150551
-65.307148
-38.349686
-45.897775
-51.289268
-34.575641
-38.349686
-72.855237
-54.524163
-35.653940
-45.897775
-68.002894
-54.524163
-39.427984
-30.801596
2.086508
18.260985
8.017149
-16.783716
-17.862014
4.243105
39.826955
30.661418
33.896313
-0.609239
-56.141611
-36.732238
-48.054372
-17.862014
-29.184149
-39.427984
-27.566701
-28.644999
-15.166268
-14.087970
-3.844134
4.782254
21.495880
-0.070089
35.513761
50.070790
52.766537
36.592059
33.896313
44.140149
46.296746
42.522701
19.339283
5.860552
5.860552
15.026089
-7.079030
6.399702
-3.844134
-24.331805
-22.714358
-40.506283
-60.993954
-33.497343
-49.132671
-66.385446
-44.280327
-42.662880
-29.184149
-4.922433
-21.636059
-20.018611
7.478000
-8.157328
-27.566701
-45.358626
-75.011834
-63.689700
-112.752281
-113.830580
-93.342909
-108.439087
-108.439087
-108.439087
-111.134834
-82.020774
-32.419044
-28.105850
-8.696477
27.426522
43.600999
15.026089
30.122268
32.278865
23.652477
51.149089
47.914193
19.339283
46.835895
62.471223
36.592059
33.357164
47.375044
51.149089
45.218447
63.010372
85.115491
92.663581
92.663581
58.158029
50.609940
69.480163
53.305686
63.549521
59.236327
53.305686
44.140149
62.471223
71.097611
30.122268
20.956731
18.800134
46.835895
41.444402
57.618880
38.209507
34.435462
29.043970
61.932074
72.175909
46.835895
60.853775
27.965671
13.947791
38.209507
46.835895
45.218447
24.191627
-7.079030
-11.931373
-30.262447
-7.618179
-3.844134
-35.653940
-22.714358
-5.461582
-6.000731
-0.609239
-11.392224
0.469060
2.086508
12.330343
24.730776
9.634597
23.652477
-2.765836
-37.810536
-13.009671
-11.931373
-13.009671
-28.105850
-55.602462
-47.515223
-35.114790
-34.036492
-45.897775
-49.671820
-52.367566
-72.855237
-76.629282
-57.759059
-53.445865
-66.924596
-51.289268
-21.636059
1.008209
16.643537
17.182686
3.164806
-24.870955
-32.958193
-26.488402
-12.470522
-41.584581
-69.620342
-52.367566
-68.002894
-65.307148
-43.741178
-29.723298
-20.018611
1.547358
10.712895
9.095448
1.547358
-4.922433
-14.627119
-1.148388
-10.313925
-37.271387
-37.810536
-75.011834
-76.090133
-84.716521
-96.038655
-90.647162
-71.776939
-80.403327
-58.298208
-27.566701
-26.488402
-32.958193
-41.045432
-27.566701
-43.202029
-16.783716
-18.940313
-16.244567
8.556299
5.321403
23.652477
48.992492
38.748656
39.287805
45.218447
36.592059
37.131208
50.070790
29.043970
51.149089
55.462283
56.001432
80.263148
71.636760
102.907416
96.437625
65.166969
37.670358
38.209507
33.357164
18.260985
18.260985
24.730776
19.878433
-3.304985
8.556299
5.860552
18.260985
33.896313
32.278865
40.366104
36.592059
45.218447
18.800134
24.730776
24.730776
23.652477
4.243105
-31.340746
-22.714358
-24.331805
-39.427984
-57.219909
-35.114790
-37.810536
-32.419044
-29.184149
-15.166268
-11.931373
-22.175208
-41.584581
-35.114790
-46.976074
-38.349686
-9.235627
-21.096910
8.017149
-8.696477
9.095448
29.583119
24.191627
17.721836
9.095448
11.252045
-12.470522
-16.244567
-16.244567
-51.289268
-28.644999
-20.018611
-26.488402
-7.079030
-9.774776
9.634597
23.652477
45.218447
50.070790
54.383984
52.227387
29.043970
12.330343
6.938851
2.086508
7.478000
3.164806
-6.539880
-1.687537
-24.331805
-15.705417
0.469060
8.017149
-4.383283
-16.244567
-19.479462
-36.193089
-29.723298
-37.810536
-33.497343
-29.184149
-21.636059
-24.331805
-25.949253
-29.723298
-26.488402
-29.184149
-23.253507
10.173746
0.469060
8.556299
-10.853074
-2.765836
24.730776
13.408642
2.625657
26.348224
32.278865
41.444402
41.444402
34.974611
45.218447
21.495880
9.634597
19.339283
18.260985
15.026089
20.417582
7.478000
-3.304985
-8.157328
-16.244567
-28.105850
-32.958193
-37.810536
-26.488402
-16.244567
-0.070089
25.269925
39.826955
54.383984
49.531641
18.260985
7.478000
-1.148388
2.086508
-1.148388
5.321403
31.739716
15.026089
-11.931373
-22.714358
-18.401164
5.321403
0.469060
-13.009671
-12.470522
-37.271387
-55.602462
-45.897775
-32.958193
-6.000731
-9.774776
-14.087970
9.634597
-1.148388
-7.079030
-9.235627
-36.193089
-46.436924
-72.855237
-77.168431
-65.307148
-56.141611
-47.515223
-62.611402
-41.045432
-38.888835
-30.801596
-2.765836
8.556299
13.947791
15.026089
4.782254
9.095448
18.800134
18.260985
7.478000
6.938851
10.173746
-8.696477
-5.461582
-14.087970
-4.922433
-8.696477
-20.018611
-11.931373
-11.931373
-21.636059
-25.949253
-7.618179
-6.000731
-7.618179
-20.018611
-0.070089
7.478000
7.478000
17.721836
44.140149
36.592059
38.748656
36.052910
44.679298
55.462283
28.504821
38.748656
25.809074
25.269925
32.818014
42.522701
34.435462
22.035030
24.730776
26.348224
13.408642
13.408642
-7.618179
-38.888835
-29.184149
-22.714358
-16.244567
-7.079030
-11.931373
-25.949253
-28.644999
-11.392224
-4.922433
-7.079030
-9.235627
5.860552
13.408642
19.878433
29.583119
9.634597
22.574179
8.017149
19.878433
22.574179
30.661418
20.417582
-19.479462
-20.557761
-27.027552
-33.497343
-37.810536
-39.967133
-62.072252
-60.993954
-60.993954
-40.506283
-32.958193
-16.244567
-22.714358
-4.922433
12.330343
8.017149
24.191627
26.348224
8.556299
11.791194
28.504821
18.800134
23.652477
22.574179
31.200567
36.052910
18.260985
26.887373
56.001432
41.444402
52.766537
67.323566
44.679298
33.896313
53.305686
52.227387
53.305686
64.627820
55.462283
30.122268
31.200567
17.721836
7.478000
13.947791
-8.157328
-18.940313
-27.566701
-43.202029
-35.114790
-48.593521
-40.506283
-34.036492
-69.620342
-58.837357
-57.219909
-69.081193
-64.767999
-62.072252
-71.776939
-51.828417
-48.054372
-49.132671
-37.810536
-18.940313
-39.967133
-45.897775
-21.636059
-15.166268
-18.940313
-26.488402
-4.383283
-5.461582
0.469060
2.086508
-3.304985
-11.392224
-17.862014
-18.940313
-23.792656
-35.114790
-32.419044
-27.566701
-13.548821
-8.696477
-4.383283
-8.696477
-4.383283
0.469060
-6.539880
10.712895
11.791194
16.643537
26.348224
22.035030
35.513761
42.522701
38.209507
36.592059
56.540581
41.444402
28.504821
40.905253
18.260985
2.625657
-9.774776
-10.853074
-13.009671
-17.862014
-25.949253
-26.488402
-21.096910
-7.079030
-14.087970
-24.870955
-27.566701
-19.479462
-31.879895
-46.436924
-42.662880
-24.870955
-16.783716
-21.636059
4.243105
3.703955
-6.000731
-10.853074
-9.235627
-14.627119
-17.862014
-29.723298
-42.123730
-31.879895
-19.479462
-31.879895
-27.027552
-27.566701
-33.497343
-6.539880
-18.401164
-18.940313
-16.783716
-23.253507
-35.114790
-42.123730
-31.340746
-27.027552
-37.271387
-56.141611
-51.289268
-41.045432
-37.810536
-35.114790
-29.184149
-5.461582
0.469060
22.035030
34.974611
43.061850
37.131208
38.748656
30.122268
43.061850
63.549521
60.853775
75.949954
79.184849
64.627820
46.835895
54.923133
56.540581
45.218447
59.236327
63.549521
68.401865
69.480163
45.218447
48.992492
54.383984
48.992492
54.923133
61.932074
71.636760
66.245268
52.766537
61.392924
60.853775
47.914193
45.757596
38.209507
49.531641
45.757596
53.844835
63.010372
54.923133
45.218447
34.435462
48.453343
30.122268
31.739716
53.844835
34.435462
31.200567
26.348224
19.339283
13.947791
-9.774776
-22.714358
-27.566701
-30.262447
-46.976074
-53.445865
-55.063312
-68.002894
-86.873118
-81.481625
-71.776939
-59.376506
-73.933536
-62.611402
-65.846297
-93.882058
-88.490565
-91.725461
-83.099073
-72.855237
-63.689700
-54.524163
-65.307148
-73.933536
-68.542043
-78.785879
-80.403327
-56.680760
-59.376506
-65.307148
-62.611402
-71.237790
-63.150551
-59.376506
-50.750118
-68.542043
-84.177371
-69.081193
-76.629282
-72.855237
-65.307148
-63.689700
-53.985014
-46.436924
-41.045432
-34.036492
-26.488402
-13.009671
-9.235627
-20.018611
-16.244567
-0.609239
6.938851
5.860552
4.782254
10.173746
10.712895
23.113328
22.574179
21.495880
37.670358
41.983552
26.348224
32.818014
46.835895
30.661418
34.435462
25.809074
22.035030
20.956731
24.191627
19.878433
22.574179
16.104388
29.583119
42.522701
25.269925
30.661418
53.844835
59.236327
47.375044
53.305686
46.835895
53.844835
57.079730
67.862715
69.480163
87.272088
85.654640
80.802297
81.341446
62.471223
68.401865
59.775477
54.383984
61.932074
45.757596
46.835895
41.983552
25.809074
15.565239
-0.609239
5.321403
-0.070089
2.086508
-9.235627
-1.148388
4.243105
-4.922433
-1.148388
-10.313925
-23.253507
-15.705417
-20.557761
-23.792656
-7.079030
-20.557761
4.243105
3.164806
-21.636059
-18.401164
-16.783716
-24.331805
-22.714358
-22.175208
-12.470522
-24.870955
-31.340746
-28.644999
-7.079030
3.164806
-4.383283
13.947791
5.321403
-19.479462
-25.410104
-21.096910
-23.253507
-34.036492
-36.193089
-18.940313
-20.018611
-25.949253
-24.870955
-36.732238
-24.870955
-16.783716
-16.783716
-14.627119
-10.853074
-21.636059
-31.340746
-22.175208
-22.175208
-26.488402
-22.175208
-12.470522
-1.687537
11.791194
9.634597
2.086508
-10.313925
-9.774776
-26.488402
-23.253507
-1.687537
-16.244567
-27.027552
-37.271387
-34.575641
-30.262447
-39.427984
-43.202029
-33.497343
-33.497343
-36.193089
-28.644999
-14.627119
-22.714358
-17.322865
-8.157328
-18.940313
-3.304985
-7.079030
-9.774776
4.243105
-5.461582
-16.783716
-15.166268
-16.783716
-16.783716
-18.940313
-34.036492
-38.349686
-20.557761
-25.949253
-14.087970
9.634597
4.243105
13.947791
13.408642
13.947791
11.791194
9.634597
7.478000
11.252045
21.495880
27.965671
29.583119
36.592059
30.122268
32.818014
37.670358
40.366104
47.375044
51.149089
56.001432
47.375044
42.522701
40.366104
33.357164
13.947791
1.008209
15.026089
17.721836
18.260985
30.661418
24.730776
18.260985
20.956731
2.086508
-2.226686
1.008209
-8.696477
2.086508
-16.244567
-23.253507
-22.175208
-30.262447
-4.922433
-5.461582
-10.313925
-2.765836
1.547358
1.547358
2.625657
9.634597
20.956731
20.417582
15.026089
1.008209
-20.018611
-10.313925
-31.879895
-45.358626
-34.036492
-42.123730
-35.114790
-31.879895
-39.967133
-29.723298
-32.419044
-36.732238
-36.193089
-43.202029
-32.419044
-46.436924
-31.879895
-28.105850
-28.105850
-18.940313
-27.566701
-37.271387
-32.419044
-45.358626
-36.732238
-33.497343
-34.575641
-16.244567
-21.636059
-16.244567
-19.479462
-32.419044
-30.801596
-10.853074
3.703955
18.800134
37.131208
37.131208
23.652477
13.408642
16.104388
18.800134
17.721836
10.712895
23.652477
30.122268
33.896313
45.218447
42.522701
43.061850
39.826955
33.357164
45.757596
39.826955
24.730776
38.748656
29.583119
20.956731
31.200567
44.140149
38.748656
31.200567
40.366104
40.366104
36.052910
38.748656
34.974611
45.218447
31.739716
22.035030
26.348224
17.182686
3.164806
-4.383283
-11.931373
-13.548821
-20.018611
-50.210969
-44.819477
-42.123730
-34.036492
-46.436924
-48.054372
-42.123730
-48.054372
-43.741178
-27.027552
-22.714358
-28.105850
-21.636059
-19.479462
-9.235627
2.086508
1.008209
-4.383283
-0.070089
-2.226686
-23.253507
-24.870955
-20.557761
-21.636059
-22.714358
-17.862014
-14.087970
-8.157328
-8.157328
-11.931373
-5.461582
-9.774776
-17.862014
-0.070089
0.469060
-12.470522
2.086508
5.321403
1.547358
6.938851
-2.765836
-7.079030
-0.609239
0.469060
-2.765836
11.252045
15.565239
15.026089
20.417582
14.486940
27.426522
27.426522
23.652477
16.104388
15.565239
22.574179
34.974611
35.513761
41.983552
48.453343
31.200567
20.956731
19.339283
20.956731
13.408642
-1.687537
-13.009671
-4.922433
-7.079030
-11.392224
9.165537
