-4.424795
-3.804207
-2.563030
-8.148326
-9.389502
-9.389502
-8.768914
-6.907149
-1.321853
2.401677
-0.701265
-1.321853
-2.563030
-3.804207
-0.701265
-0.701265
-5.045384
-1.942442
-0.080676
-0.080676
3.022265
2.401677
4.884031
4.263442
6.745796
8.607561
12.951680
12.331091
11.710503
15.434033
17.916387
14.192857
14.192857
13.572268
14.192857
19.778152
16.054622
15.434033
14.813445
10.469326
8.607561
4.884031
5.504619
7.366384
5.504619
3.022265
4.263442
5.504619
7.366384
6.745796
6.745796
9.228149
6.125207
5.504619
2.401677
3.022265
9.228149
6.745796
6.745796
5.504619
2.401677
0.539912
-0.701265
-0.701265
-3.804207
-5.665972
-8.768914
-8.768914
-5.665972
-6.286560
-4.424795
-5.665972
-10.010091
-11.871856
-9.389502
-7.527737
-7.527737
-5.665972
-6.286560
-5.045384
-6.907149
-8.768914
-10.010091
-10.010091
-13.733621
-11.251268
-14.354210
-16.215975
-10.630679
-10.010091
-5.665972
-5.665972
-8.148326
-8.148326
-10.010091
-8.768914
-4.424795
-3.183618
-2.563030
-4.424795
-2.563030
-7.527737
-10.630679
-9.389502
-8.148326
-9.389502
-7.527737
-5.045384
-5.665972
-4.424795
-2.563030
-1.942442
-5.045384
-6.907149
-4.424795
-5.045384
-5.045384
-0.080676
-1.321853
-5.665972
-4.424795
-4.424795
-8.148326
-8.148326
-10.010091
-5.665972
-4.424795
-1.942442
-0.080676
-1.321853
-0.701265
-3.804207
-3.804207
-7.527737
-4.424795
-6.286560
-7.527737
-8.148326
-10.010091
-11.871856
-11.251268
-8.148326
-9.389502
-8.148326
-6.907149
-4.424795
-3.183618
3.022265
0.539912
-0.080676
2.401677
1.781089
-0.080676
4.884031
6.125207
3.642854
3.642854
2.401677
3.022265
-1.321853
-1.942442
-1.942442
-1.942442
-0.080676
-0.080676
1.781089
2.401677
2.401677
1.781089
2.401677
1.781089
-0.080676
-0.080676
1.781089
4.263442
9.228149
8.607561
9.848738
6.745796
1.160500
0.539912
0.539912
-0.080676
1.781089
3.022265
3.642854
6.745796
6.125207
8.607561
6.745796
4.884031
4.884031
2.401677
3.642854
2.401677
-0.080676
1.781089
2.401677
-1.321853
1.781089
3.642854
-0.701265
0.539912
-0.701265
-4.424795
-3.183618
-3.183618
-4.424795
-2.563030
-3.804207
-7.527737
-6.907149
-3.804207
-8.768914
-6.286560
-3.183618
-6.907149
-10.010091
-5.665972
-4.424795
-3.804207
-4.424795
-8.148326
-11.251268
-11.251268
-13.733621
-13.733621
-14.354210
-14.974798
-15.595386
-16.215975
-9.389502
-6.907149
-8.148326
-11.251268
-8.768914
-8.148326
-7.527737
-5.045384
-6.286560
-8.768914
-8.148326
-6.907149
-7.527737
-5.665972
-5.045384
-4.424795
-5.045384
-5.665972
-6.286560
-7.527737
-5.045384
-5.665972
-3.183618
1.160500
3.022265
3.022265
3.642854
3.642854
4.884031
6.125207
2.401677
1.781089
0.539912
1.160500
4.263442
4.263442
3.022265
10.469326
8.607561
8.607561
9.228149
7.986973
9.228149
7.366384
6.125207
7.986973
9.228149
13.572268
8.607561
8.607561
9.228149
7.366384
10.469326
7.986973
9.848738
14.192857
14.192857
13.572268
15.434033
15.434033
14.813445
13.572268
14.192857
12.951680
11.089915
12.951680
8.607561
5.504619
7.366384
6.745796
4.263442
8.607561
6.745796
5.504619
6.745796
-1.321853
1.160500
1.160500
-2.563030
-4.424795
-3.183618
-5.045384
-6.907149
-5.665972
-5.665972
-7.527737
-8.768914
-12.492444
-11.871856
-14.354210
-18.077740
-14.974798
-15.595386
-16.215975
-18.077740
-18.698328
-20.560093
-20.560093
-23.042447
-18.698328
-14.354210
-14.974798
-16.215975
-15.595386
-15.595386
-18.698328
-19.318917
-17.457151
-14.354210
-12.492444
-13.733621
-16.836563
-13.113033
-14.974798
-14.354210
-12.492444
-10.010091
-8.148326
-10.010091
-12.492444
-16.215975
-12.492444
-7.527737
-7.527737
-2.563030
0.539912
1.781089
1.160500
-1.321853
6.125207
6.125207
3.642854
4.884031
3.022265
1.781089
4.884031
2.401677
3.022265
4.884031
3.022265
6.125207
9.228149
6.745796
4.263442
3.022265
1.781089
0.539912
2.401677
1.160500
1.781089
2.401677
-1.321853
-1.321853
2.401677
1.160500
-0.701265
-1.942442
1.160500
-0.080676
-3.183618
-2.563030
-5.045384
-4.424795
-3.804207
-5.045384
-4.424795
-5.045384
-3.804207
-4.424795
-6.286560
-5.045384
-5.045384
-5.665972
-3.804207
-1.942442
0.539912
-2.563030
-0.080676
1.160500
3.642854
6.125207
3.022265
1.781089
1.160500
-1.321853
-2.563030
-0.080676
3.022265
3.022265
4.263442
5.504619
4.263442
7.366384
7.986973
9.848738
9.848738
7.366384
8.607561
7.366384
6.745796
6.125207
4.884031
7.366384
4.263442
1.160500
-0.701265
-1.942442
-3.804207
-0.701265
-1.321853
-1.942442
-2.563030
-3.804207
-2.563030
-5.045384
-5.045384
-2.563030
-1.942442
-3.804207
-3.183618
-4.424795
-5.045384
-8.148326
-8.768914
-6.286560
-6.286560
-5.665972
-5.045384
-7.527737
-8.148326
-10.010091
-11.871856
-11.871856
-15.595386
-13.113033
-13.113033
-10.010091
-10.630679
-10.010091
-11.251268
-13.733621
-10.630679
-10.630679
-12.492444
-11.871856
-10.010091
-10.010091
-8.148326
-4.424795
-2.563030
-5.045384
-5.045384
-6.286560
-5.665972
-6.286560
-3.804207
-3.804207
-5.665972
-6.286560
-7.527737
-5.665972
-5.045384
-5.665972
-0.080676
-1.321853
-2.563030
-0.701265
-0.080676
0.539912
1.781089
-0.080676
-1.942442
-4.424795
-2.563030
-3.183618
-7.527737
-7.527737
-8.768914
-8.148326
-6.286560
-3.804207
-2.563030
-3.183618
-5.045384
-5.665972
-3.183618
-0.701265
2.401677
3.642854
3.022265
3.022265
3.022265
1.160500
3.022265
3.642854
5.504619
4.884031
4.884031
4.263442
1.781089
1.781089
0.539912
0.539912
2.401677
4.263442
2.401677
3.642854
6.745796
5.504619
3.022265
5.504619
7.366384
2.401677
3.022265
4.884031
2.401677
6.125207
8.607561
10.469326
13.572268
13.572268
16.054622
16.054622
11.710503
9.228149
10.469326
11.089915
11.089915
11.710503
9.848738
10.469326
8.607561
8.607561
12.951680
8.607561
8.607561
9.228149
6.745796
7.986973
6.745796
9.228149
7.366384
3.022265
1.781089
-0.701265
-0.080676
-0.080676
-2.563030
1.781089
1.160500
-3.804207
-4.424795
-3.183618
-6.907149
-5.045384
-3.183618
-6.286560
-2.563030
-1.942442
-4.424795
-8.768914
-7.527737
-10.630679
-10.630679
-10.010091
-12.492444
-10.630679
-13.733621
-13.113033
-11.871856
-13.113033
-18.077740
-16.215975
-17.457151
-18.698328
-17.457151
-19.939505
-18.698328
-19.318917
-17.457151
-16.836563
-15.595386
-20.560093
-20.560093
-16.215975
-16.215975
-13.113033
-11.251268
-11.251268
-8.768914
-6.286560
-3.183618
-1.942442
-5.045384
-7.527737
-11.251268
-10.630679
-8.148326
-8.768914
-10.630679
-6.286560
-9.389502
-10.630679
-11.251268
-11.251268
-9.389502
-7.527737
-5.665972
-4.424795
-3.183618
-3.183618
-0.080676
-3.804207
-4.424795
-2.563030
-1.942442
-0.080676
-1.321853
-1.321853
-3.183618
-2.563030
1.160500
3.642854
6.745796
7.366384
7.986973
8.607561
7.366384
7.986973
8.607561
7.366384
7.366384
8.607561
7.986973
7.986973
9.228149
9.848738
7.986973
12.331091
12.331091
9.848738
10.469326
9.228149
7.366384
7.986973
7.366384
7.986973
8.607561
7.366384
9.228149
11.710503
12.331091
11.089915
11.089915
11.710503
11.710503
9.228149
8.607561
5.504619
7.366384
7.366384
6.125207
11.710503
6.745796
3.642854
-1.321853
-1.942442
-3.183618
-6.907149
-6.286560
-6.907149
-8.768914
-8.148326
-6.907149
-7.527737
-6.286560
-5.665972
-6.286560
-8.148326
-9.389502
-6.286560
-8.148326
-9.389502
-9.389502
-6.907149
-7.527737
-8.768914
-5.045384
-6.286560
-7.527737
-8.148326
-10.630679
-8.768914
-8.148326
-10.010091
-8.148326
-11.871856
-15.595386
-14.354210
-13.113033
-8.768914
-10.630679
-8.768914
-7.527737
-10.630679
-8.768914
-11.251268
-8.148326
-6.286560
-5.665972
-3.183618
-3.183618
-5.045384
-5.045384
-1.942442
-4.424795
-5.045384
-2.563030
-5.045384
-3.804207
-1.942442
-0.080676
-1.942442
-5.045384
-6.907149
-6.286560
-4.424795
-1.321853
-1.942442
-2.563030
-1.942442
-2.563030
-1.321853
-5.665972
-8.148326
-7.527737
-11.251268
-11.871856
-10.010091
-11.251268
-8.148326
-8.148326
-6.907149
-4.424795
-5.665972
-5.665972
-6.286560
-4.424795
-1.321853
-2.563030
-1.942442
-5.665972
-6.286560
-5.045384
-5.045384
-2.563030
2.401677
-1.942442
-4.424795
-2.563030
-3.804207
0.539912
-1.321853
-1.321853
0.539912
-5.045384
-3.183618
3.642854
0.539912
-0.080676
1.781089
0.539912
-0.701265
2.401677
3.022265
0.539912
2.401677
6.125207
4.884031
4.884031
7.986973
4.884031
4.263442
5.504619
5.504619
7.986973
9.228149
8.607561
10.469326
14.192857
11.710503
10.469326
8.607561
6.125207
5.504619
4.263442
2.401677
1.160500
1.781089
6.745796
8.607561
9.848738
11.089915
11.710503
7.986973
6.125207
3.642854
1.781089
3.022265
1.781089
-1.942442
0.539912
-1.321853
-1.321853
-3.804207
-6.286560
-4.424795
-5.045384
-5.665972
-5.665972
-3.804207
-4.424795
-2.563030
-3.183618
-5.665972
-5.045384
-5.665972
-10.010091
-10.010091
-7.527737
-11.871856
-14.354210
-14.974798
-12.492444
-13.113033
-10.010091
-11.251268
-5.665972
-5.665972
-8.768914
-5.665972
-7.527737
-8.148326
-6.286560
-7.527737
-5.665972
-2.563030
-3.804207
-1.321853
-1.321853
-2.563030
-2.563030
-5.665972
-6.286560
-7.527737
-5.665972
-8.148326
-6.286560
-4.424795
-5.045384
-0.701265
-0.080676
-1.321853
-0.080676
-0.080676
-3.804207
-0.701265
1.781089
2.401677
5.504619
9.228149
9.848738
7.366384
9.848738
9.228149
6.125207
6.745796
6.125207
3.642854
1.781089
3.022265
1.781089
0.539912
-0.701265
0.539912
2.401677
3.642854
4.263442
7.366384
6.125207
3.642854
7.366384
4.884031
3.022265
3.642854
0.539912
-1.321853
-0.701265
-3.804207
-1.942442
-0.701265
-1.942442
-5.045384
-5.665972
-5.045384
-6.907149
-5.665972
-3.804207
-1.942442
0.539912
-0.701265
-0.701265
-1.942442
-5.665972
-9.389502
-8.148326
-6.907149
-6.907149
-3.804207
-6.286560
-2.563030
-3.804207
-6.907149
-8.148326
-6.907149
-8.768914
-9.389502
-6.907149
-9.389502
-11.251268
-8.768914
-7.527737
-5.665972
-7.527737
-8.768914
-9.389502
-10.630679
-11.251268
-13.733621
-11.871856
-8.768914
-6.286560
-6.286560
-1.321853
-3.804207
-3.804207
-2.563030
-5.665972
-5.045384
-3.183618
-6.907149
-8.148326
-8.148326
-6.907149
-3.183618
-1.942442
1.781089
-1.321853
1.781089
-0.080676
-0.701265
0.539912
1.160500
-0.080676
1.781089
4.263442
2.401677
-1.321853
-2.563030
2.401677
2.401677
-1.321853
-0.080676
4.263442
4.263442
6.125207
6.745796
9.848738
7.366384
6.745796
7.986973
7.366384
6.745796
5.504619
3.022265
2.401677
1.160500
4.884031
7.366384
6.745796
6.745796
4.263442
1.781089
-0.080676
-1.942442
-0.080676
-3.804207
-3.183618
-5.045384
-6.907149
-7.527737
-10.630679
-12.492444
-14.974798
-17.457151
-15.595386
-17.457151
-19.318917
-14.974798
-15.595386
-13.733621
-9.389502
-8.148326
-4.424795
-1.942442
-5.665972
-9.389502
-12.492444
-10.630679
-10.010091
-13.733621
-8.768914
-7.527737
-6.907149
-6.286560
-5.665972
-2.563030
-4.424795
-3.804207
-0.701265
-0.701265
5.504619
3.022265
3.022265
8.607561
6.125207
10.469326
10.469326
11.710503
12.331091
9.848738
11.089915
11.710503
10.469326
9.848738
10.469326
9.848738
13.572268
14.192857
16.054622
17.916387
16.675210
15.434033
14.813445
12.951680
10.469326
6.745796
7.986973
7.986973
10.469326
9.228149
4.263442
6.125207
6.125207
1.160500
-3.183618
-0.701265
-3.804207
-11.251268
-11.871856
-9.389502
-9.389502
-11.251268
-10.630679
-9.389502
-10.010091
-11.251268
-10.630679
-8.768914
-10.630679
-8.148326
-9.389502
-9.389502
-12.492444
-11.251268
-14.974798
-21.180682
-21.801270
-24.283624
-21.801270
-22.421859
-22.421859
-19.318917
-18.077740
-21.180682
-19.939505
-23.042447
-21.180682
-17.457151
-16.215975
-13.733621
-13.113033
-16.215975
-13.733621
-12.492444
-11.251268
-8.148326
-9.389502
-11.251268
-10.010091
-10.010091
-9.389502
-11.251268
-10.630679
-8.768914
-6.286560
-4.424795
-2.563030
1.160500
1.781089
4.263442
6.125207
7.986973
4.263442
4.884031
4.263442
1.160500
3.022265
7.366384
7.366384
6.745796
10.469326
6.745796
6.745796
5.504619
2.401677
5.504619
4.884031
5.504619
4.884031
7.986973
11.089915
8.607561
9.848738
11.089915
6.745796
4.263442
6.125207
2.401677
5.504619
4.263442
9.228149
9.848738
8.607561
9.228149
8.607561
7.366384
4.884031
2.401677
-3.804207
-5.665972
-6.907149
-5.045384
-3.804207
-3.183618
-3.183618
-7.527737
-6.907149
-6.286560
-2.563030
1.160500
1.781089
2.401677
1.160500
3.642854
4.263442
1.781089
5.504619
7.366384
3.022265
1.781089
6.125207
4.884031
5.504619
-0.080676
1.160500
1.781089
-1.942442
2.401677
4.884031
6.125207
4.263442
0.539912
3.022265
2.401677
3.022265
3.022265
7.986973
7.986973
8.607561
9.848738
6.125207
6.745796
7.986973
3.022265
4.263442
7.366384
7.366384
8.607561
10.469326
11.089915
6.125207
2.401677
1.160500
1.160500
-1.321853
0.539912
1.160500
-2.563030
-2.563030
-2.563030
-0.701265
1.160500
7.366384
6.745796
4.263442
2.401677
-1.321853
-1.942442
-3.804207
-3.804207
-4.424795
-5.665972
-10.010091
-14.974798
-16.215975
-13.113033
-9.389502
-10.630679
-8.768914
-10.630679
-10.630679
-10.630679
-13.113033
-9.389502
-13.733621
-16.215975
-18.077740
-18.698328
-15.595386
-16.836563
-18.698328
-14.974798
-14.974798
-13.733621
-15.595386
-15.595386
-16.215975
-20.560093
-21.801270
-24.283624
-24.283624
-25.524801
-29.248331
-28.007154
-25.524801
-22.421859
-21.180682
-19.318917
-14.974798
-14.354210
-14.354210
-9.389502
-13.113033
-15.595386
-13.113033
-14.974798
-11.871856
-10.010091
-8.768914
-5.665972
-5.045384
-8.768914
-6.286560
-1.942442
-6.286560
-6.907149
-6.907149
-4.424795
-1.942442
-5.045384
-1.942442
4.263442
0.539912
3.642854
7.986973
10.469326
9.228149
8.607561
7.986973
8.607561
9.228149
6.745796
9.848738
10.469326
10.469326
13.572268
19.157564
11.710503
15.434033
19.778152
16.054622
17.916387
19.157564
19.778152
14.813445
11.710503
11.710503
12.951680
14.813445
16.675210
18.536975
14.813445
11.089915
7.986973
8.607561
7.986973
11.089915
9.228149
7.366384
3.022265
1.781089
-1.321853
-4.424795
2.401677
3.022265
-0.080676
-0.701265
-0.080676
-3.183618
-0.080676
2.401677
-0.701265
1.781089
1.160500
-4.424795
-1.942442
-1.321853
-3.183618
-0.701265
1.781089
-2.563030
-1.942442
-6.286560
-6.907149
-3.804207
-4.424795
-0.080676
-0.701265
-3.183618
1.160500
5.504619
3.022265
6.745796
11.710503
4.884031
0.539912
-3.183618
-6.907149
-10.010091
-10.010091
-8.768914
-11.871856
-10.010091
-5.665972
-6.907149
-9.389502
-6.286560
-6.286560
-8.768914
-8.148326
-4.424795
-6.286560
-12.492444
-11.871856
-16.215975
-16.215975
-17.457151
-11.251268
-8.768914
-9.389502
-12.492444
-19.318917
-19.939505
-22.421859
-22.421859
-24.904212
-19.318917
-21.180682
-22.421859
-21.801270
-16.215975
-12.492444
-16.215975
-16.215975
-21.801270
-19.939505
-18.698328
-18.077740
-13.733621
-8.768914
-5.665972
0.539912
4.263442
4.263442
6.745796
7.986973
9.228149
9.848738
17.295798
18.536975
19.157564
21.639917
21.019329
20.398740
19.778152
18.536975
19.778152
22.260506
21.639917
23.501682
24.122271
26.604624
22.260506
22.260506
19.778152
18.536975
21.019329
16.054622
15.434033
15.434033
13.572268
14.192857
17.295798
15.434033
10.469326
6.745796
0.539912
-4.424795
-6.907149
-8.148326
-10.010091
-11.871856
-13.113033
-13.733621
-14.974798
-21.801270
-23.663035
-24.283624
-23.042447
-25.524801
-24.283624
-25.524801
-30.489508
-27.386566
-29.868919
-30.489508
-31.110096
-37.315980
-37.936568
-38.557157
-37.936568
-39.798334
-37.315980
-36.074803
-31.110096
-31.730684
-31.730684
-28.627743
-29.248331
-25.524801
-22.421859
-15.595386
-13.113033
-9.389502
-7.527737
-6.286560
-0.701265
1.160500
6.125207
8.607561
3.022265
3.642854
3.022265
3.022265
6.125207
9.228149
14.192857
19.778152
27.845801
36.534039
39.016392
44.601688
45.842865
40.878157
41.498746
35.913450
25.363448
20.398740
15.434033
15.434033
19.778152
25.984036
37.154627
47.084041
50.807572
52.669337
49.566395
43.360511
37.154627
30.328155
26.604624
17.916387
18.536975
26.604624
37.775215
50.186983
60.116398
63.219340
61.357574
48.945806
35.292862
30.328155
18.536975
14.192857
16.054622
11.710503
-1.942442
-7.527737
-19.318917
-34.833626
-45.383629
-54.692455
-67.724811
-77.654226
-90.686582
-103.098350
-104.960115
-111.165999
-101.236584
-84.480698
-64.001281
-46.624806
-36.074803
-35.454215
-36.074803
-36.695392
-42.901276
-46.624806
-57.795397
-69.586576
-78.895402
-85.721875
-85.101286
-80.136579
-68.965988
-61.518927
-51.589513
-49.107159
-48.486571
-42.280687
-29.868919
-22.421859
-21.801270
-12.492444
-10.010091
-4.424795
7.986973
20.398740
37.775215
44.601688
42.739923
42.739923
41.498746
39.016392
34.051685
31.569332
32.189920
35.913450
40.878157
47.704630
59.495809
71.907577
73.769342
76.872284
85.560522
81.836991
82.457580
80.595815
78.113461
77.492873
73.148754
58.254632
55.772279
58.254632
60.736986
58.875221
48.325218
33.431097
22.260506
15.434033
8.607561
17.916387
31.569332
47.084041
54.531102
65.701693
85.560522
90.525229
101.695820
128.381121
162.513482
203.472316
215.263496
186.095841
132.104651
60.116398
-27.386566
-106.821880
-156.468951
-186.257194
-214.804260
-266.933685
-292.998398
-281.827807
-240.248384
-182.533664
-127.301297
-79.515991
-58.415985
-60.898339
-84.480698
-96.892466
-81.377756
-66.483634
-60.898339
-62.139516
-62.139516
-46.624806
-41.660099
-37.936568
-42.901276
-66.483634
-99.374819
-154.607186
-213.563083
-242.110149
-245.213091
-244.592503
-233.421912
-196.807197
-137.851300
-73.310107
9.228149
76.872284
124.037002
148.860538
137.069358
125.278179
104.178173
79.354638
58.875221
27.225213
3.642854
6.125207
13.572268
42.119334
71.286989
91.145817
84.939933
63.219340
50.186983
24.742859
13.572268
19.157564
34.051685
50.807572
84.319345
137.689947
191.681137
236.984089
264.289979
256.842918
209.057612
141.413477
76.872284
12.331091
-41.660099
-83.860109
-103.718938
-102.477761
-91.307170
-58.415985
-26.765977
8.607561
42.739923
44.601688
34.051685
33.431097
29.086978
29.707566
40.878157
47.084041
58.875221
62.598751
65.701693
70.666400
63.219340
50.807572
25.984036
-2.563030
-24.283624
-35.454215
-23.663035
3.642854
24.742859
50.807572
82.457580
120.934060
174.304662
269.254686
348.069412
363.584121
308.972343
205.334081
79.975226
-57.174809
-162.674835
-222.871909
-261.968978
-312.857226
-379.880773
-404.704308
-371.192535
-293.618986
-188.739548
-109.304234
-56.554220
-29.248331
-55.313043
-91.307170
-88.204228
-46.004218
-7.527737
3.022265
7.366384
25.363448
45.222276
59.495809
55.772279
34.672273
-6.286560
-80.136579
-182.533664
-264.451332
-301.066047
-310.995461
-301.066047
-262.589566
-202.392492
-121.716001
-23.663035
66.322281
145.137007
195.404667
203.472316
182.372311
148.239949
106.039939
96.110524
97.972289
83.078168
72.528165
47.704630
11.710503
-13.733621
-39.798334
-69.586576
-90.065993
-111.786587
-147.780714
-150.883656
-126.060120
-88.204228
-17.457151
53.289925
124.657590
201.610551
245.672327
251.878211
236.984089
177.407604
92.386994
4.884031
-65.863046
-139.713065
-181.913075
-186.257194
-187.498371
-160.813070
-133.507181
-103.098350
-70.207165
-47.245394
-31.730684
-21.801270
-19.939505
-13.113033
-1.321853
10.469326
23.501682
54.531102
99.834055
137.689947
150.101714
163.134071
165.616424
125.278179
75.631107
39.016392
42.119334
91.145817
153.825245
259.945860
457.913557
667.051845
758.898927
725.387154
605.613594
456.672380
230.778205
-49.107159
-253.280741
-362.504298
-444.421965
-566.677879
-636.183779
-542.474931
-355.677825
-166.398366
-20.560093
43.981099
63.839928
9.228149
-105.580703
-189.360136
-155.848363
-54.071867
-6.286560
19.778152
74.389931
196.025255
315.178227
352.413530
323.866464
231.398794
61.978163
-204.874846
-487.863153
-677.763201
-749.751454
-737.960275
-708.172032
-613.222008
-407.186662
-134.127769
144.516419
366.066475
493.287095
506.940040
402.681190
209.678200
12.951680
-104.960115
-125.439532
-134.127769
-160.192482
-124.818943
-28.007154
80.595815
168.098778
191.060548
147.619361
38.395804
-154.607186
-337.060173
-455.592556
-472.969031
-406.566073
-296.721928
-152.745421
39.636981
264.289979
474.669444
624.231246
675.740083
592.581238
371.031182
81.836991
-219.768967
-453.730791
-593.983768
-618.807304
-567.298467
-474.830797
-350.092530
-192.463078
-3.183618
156.307598
229.537029
226.434087
122.175237
-11.251268
-114.889529
-189.980725
-168.260131
-79.515991
36.534039
119.072295
193.542902
258.084095
317.039992
311.454696
246.913504
137.689947
19.778152
-74.551284
-135.368946
-88.204228
63.219340
364.825298
812.269529
1233.028459
1457.681457
1465.749106
1313.084362
1025.131348
553.484169
55.151690
-308.513107
-539.371989
-804.363233
-1111.554487
-1251.807464
-1086.110363
-719.342623
-344.507234
-19.318917
218.987026
323.866464
205.954670
-52.830690
-235.283677
-211.080730
-134.748358
-129.783650
-78.274814
104.178173
387.166480
624.231246
739.040099
779.998933
686.290085
398.337071
-114.889529
-691.416145
-1097.280954
-1301.454535
-1360.410432
-1356.686902
-1192.851566
-818.636766
-357.539590
82.457580
422.540019
678.222436
844.540125
765.725400
497.631214
164.375247
-14.354210
-85.101286
-182.533664
-219.768967
-161.433658
35.913450
204.713493
281.045865
280.425277
260.566448
100.454643
-227.216028
-582.813177
-867.042660
-953.925035
-891.245608
-733.616156
-401.601366
50.186983
485.840035
854.469540
1086.569598
1177.796092
1043.748999
646.572428
81.836991
-521.995514
-950.201505
-1238.154519
-1303.936889
-1154.375086
-903.036787
-546.198462
-185.636606
177.407604
459.775322
546.657697
446.122378
232.019382
-55.313043
-339.542527
-504.619039
-509.583747
-345.748411
-70.207165
254.360564
571.481233
809.787175
964.934273
986.034279
822.198943
586.375354
276.701746
-21.180682
-190.601313
-108.063057
495.769449
1320.531422
1882.784506
2091.302205
2082.613968
1944.222756
1406.793209
616.163597
45.842865
-383.604303
-969.439745
-1796.684072
-2388.725398
-2347.766564
-1831.437022
-1151.272144
-559.851406
-37.315980
334.416467
292.216456
-37.936568
-261.968978
-114.889529
136.448770
66.942870
-136.610123
-121.095413
166.237013
533.625341
752.693043
896.048962
941.972503
665.190080
-73.310107
-968.819157
-1562.722248
-1866.810560
-2052.987078
-2249.093010
-2288.190079
-1904.666452
-1147.548614
-292.998398
543.554755
1270.884351
1752.460943
1772.940360
1318.669657
730.351861
451.707673
282.287042
34.051685
-237.766031
-389.810187
-212.942495
31.569332
282.907630
578.928293
816.613648
781.860698
404.542955
-111.165999
-531.304340
-670.316140
-636.183779
-615.083773
-456.833733
-57.795397
484.598858
1068.572535
1627.102088
2094.405147
2178.805169
1794.040366
1000.307812
66.322281
-723.686742
-1344.275134
-1730.281114
-1858.742911
-1825.231138
-1613.610496
-1164.925089
-472.969031
265.531155
799.857761
995.963693
879.913664
536.728283
-12.492444
-393.533717
-559.851406
-550.542580
-466.142559
-358.780767
-94.410112
343.725293
799.857761
1118.840195
1301.293182
1241.716696
943.213680
495.769449
127.760532
497.631214
1571.249133
2343.261093
2533.161141
2414.008169
2265.066955
1813.899194
880.534252
226.434087
89.904640
-242.110149
-1439.225158
-2906.916706
-3553.569811
-3323.331517
-2656.198995
-2018.854717
-1419.366330
-720.583800
-507.101393
-887.522077
-1170.510384
-735.477921
112.245823
343.104704
-11.871856
-304.168989
-64.001281
413.851781
708.010679
1054.919590
1345.975546
1337.287309
583.893001
-788.848523
-1848.192909
-2223.648886
-2385.622456
-2889.540231
-3464.825671
-3447.449196
-2828.101980
-1885.428212
-767.748518
444.881201
1579.937370
2181.908111
2014.969833
1459.543222
1083.466656
1093.396071
1045.610764
631.057718
203.472316
186.095841
375.375301
559.069465
752.072455
982.310748
1095.878424
796.754819
23.501682
-771.472048
-1054.460355
-964.475038
-814.913236
-629.977895
-218.527791
477.772386
1295.087298
2001.937477
2658.519996
3063.764216
2875.105345
2094.405147
991.619574
-213.563083
-1163.063324
-1740.831117
-2054.848843
-2190.137113
-2159.107693
-1768.757594
-965.095626
35.292862
894.807785
1506.707940
1704.055049
1466.990283
799.857761
29.707566
-497.792567
-726.169095
-782.022051
-732.995568
-504.619039
-16.215975
747.728336
1363.972610
1681.713867
1813.899194
1748.737413
1396.863795
842.057772
776.275402
1758.666827
2778.293556
3040.802446
2702.581772
2363.119921
2080.752203
1264.678467
568.998879
492.666507
419.437077
-559.230818
-2395.551871
-3764.569864
-3904.822841
-3374.219765
-2647.510758
-2002.719418
-1259.875113
-823.601473
-982.472101
-1249.945699
-950.822093
124.037002
719.801859
491.425330
37.154627
-73.310107
248.154680
468.463560
625.472423
840.816595
850.125421
314.557638
-956.407389
-2213.098883
-2751.149019
-2816.310801
-2916.225532
-3284.855037
-3413.316834
-2941.049067
-2080.292967
-1069.975065
-138.471888
860.054835
1535.875594
1442.166747
883.637194
420.057665
479.013562
876.810722
906.598965
477.151797
293.457633
375.995889
408.887074
380.340008
400.198837
562.792995
563.413584
-13.113033
-781.401462
-1120.242725
-915.448555
-549.301404
-252.660152
73.148754
572.722410
1298.810829
1794.040366
2191.837525
2667.828822
2829.802392
2427.040526
1545.184420
416.954723
-563.574937
-1112.175075
-1439.225158
-1701.113460
-1928.248811
-1812.198782
-1285.319237
-587.157296
160.651717
881.154841
1518.499119
1727.637408
1373.902024
800.478350
384.684127
162.513482
46.463453
-21.180682
-38.557157
102.936997
393.992953
693.116558
1005.893107
1255.990229
1329.840248
1264.057879
1046.231353
1543.322655
2608.252336
3225.737787
3277.246623
2823.596508
2392.908164
1663.096215
476.531209
-2.563030
200.989963
11.089915
-1255.530994
-2856.649046
-3587.081584
-3480.340380
-3050.893213
-2641.304874
-2131.801804
-1490.733995
-1554.654599
-2160.348870
-2317.357733
-1394.542794
27.845801
593.822415
492.666507
494.528272
966.796039
1380.107908
1361.490256
1474.437344
1655.649154
1296.949063
76.251696
-1621.678145
-2722.601953
-2962.769661
-3059.581450
-3368.634470
-3603.216882
-3265.616797
-2484.296011
-1608.025201
-713.757328
354.275295
1489.952053
1906.987453
1436.581452
719.801859
480.875328
794.893054
1015.201933
906.598965
818.475413
1018.304875
1177.796092
1015.822522
817.854825
897.290139
856.951893
289.113514
-682.727908
-1468.392813
-1682.495808
-1431.157509
-1042.669175
-610.739654
163.754659
997.825458
1676.128571
2175.081638
2579.705270
2814.287682
2647.349405
1890.231566
679.463613
-604.533771
-1693.045811
-2357.075390
-2502.293074
-2461.954829
-2398.654813
-1965.484115
-1261.116290
-517.651396
91.766406
607.475360
1043.128411
1163.522559
703.666560
172.442897
-0.080676
53.910514
60.736986
93.007582
236.363501
341.242939
514.387101
602.510652
635.401837
747.107748
786.204817
729.110684
643.469486
1273.987293
2644.867051
3566.440814
3710.417321
3377.161354
3113.411288
2363.740510
1028.854878
405.163544
479.634151
192.922314
-1181.060387
-2761.078434
-3360.566821
-3089.990282
-2504.154839
-1993.410592
-1349.860430
-710.033797
-872.627956
-1619.816380
-2009.545891
-1210.228041
43.981099
412.610604
310.834108
438.675317
1061.125474
1663.716803
1895.816862
2297.958140
2677.758236
2378.634631
1040.646057
-837.254418
-2100.151796
-2656.198995
-3094.954989
-3673.963959
-4009.081691
-3649.761011
-2844.857867
-1899.701745
-863.319130
349.310588
1479.402051
1748.116825
1223.719633
531.142987
231.398794
532.384164
719.181270
621.748893
732.834215
1007.754873
1157.316675
1145.525496
1080.363714
1206.343158
995.963693
146.998772
-905.519141
-1765.034064
-2173.381226
-2030.025308
-1707.319344
-1168.028031
-235.904266
819.096001
1761.149181
2459.931710
3041.423034
3262.352502
2917.925944
2011.246303
763.863634
-649.216135
-1949.969405
-2784.040204
-3053.996155
-3029.793208
-2949.737305
-2476.848950
-1636.572267
-757.819103
-67.104223
461.637087
814.131294
757.657750
336.278232
-287.413102
-557.369053
-369.330770
-232.801324
-205.495434
-111.165999
146.998772
556.587111
789.928347
763.243046
842.678360
940.731326
844.540125
1118.840195
2128.537509
3062.523039
3553.408458
3357.302526
2864.555342
2283.064019
1137.457847
353.654707
298.422340
232.019382
-672.798494
-2122.492978
-3086.887340
-3291.681509
-2906.916706
-2324.184206
-1766.275241
-1181.060387
-1113.416252
-1608.645789
-1997.134123
-1572.031074
-173.224838
833.990123
974.863688
940.731326
1325.496129
1966.563939
2301.681670
2607.631748
2913.581825
2752.849432
1785.972716
-7.527737
-1621.057557
-2369.487158
-2630.134283
-3093.713812
-3732.299268
-3752.158096
-3022.966735
-2108.840033
-1174.854503
-116.130706
1069.813712
1707.157991
1395.002029
591.340061
166.857601
511.284159
1006.513696
1130.631374
987.896044
1098.981366
1340.390251
1256.610818
984.172514
902.254846
1015.201933
589.478296
-576.607293
-1742.692882
-2265.848897
-2102.634149
-1576.375193
-957.027977
-185.016017
821.578355
1787.213893
2392.287576
2807.461210
3109.687757
3184.158364
2610.734690
1386.313792
-5.045384
-1292.766298
-2147.316514
-2666.128410
-2947.254951
-2955.322600
-2628.893106
-1966.104703
-1209.607453
-495.930802
174.304662
819.716590
1146.146084
807.925410
220.228203
-50.348336
-28.627743
88.042875
79.975226
14.192857
104.178173
366.066475
647.193017
815.993059
872.466603
923.975440
1212.549042
2047.240430
2894.343585
3294.002510
3428.049602
3178.573069
2646.728817
1440.304982
150.101714
-66.483634
111.004646
-420.219018
-1820.266431
-2849.822574
-2875.887286
-2708.328420
-2540.769554
-2290.051844
-1700.492871
-1238.775107
-1919.560574
-2834.928452
-2957.804954
-1805.992898
-467.383736
-52.210101
156.928187
797.375408
1764.252123
2239.002243
2332.711090
2707.546479
2945.852422
2405.319932
721.663624
-1300.833947
-2290.672432
-2536.425436
-2713.913716
-3257.549147
-3738.505152
-3338.846227
-2503.534251
-1712.284051
-1018.466228
111.625234
1270.884351
1304.396124
263.048802
-824.222061
-816.775001
22.881094
654.019489
812.269529
1172.831385
1882.163917
2260.102248
2028.002189
1586.143254
1590.487373
1512.913824
364.825298
-1305.178065
-2466.919536
-2593.519568
-2095.187089
-1539.760478
-750.992631
401.440013
1602.278552
2400.975813
2926.614181
3541.617278
3967.961504
3650.840835
2505.855251
983.551925
-307.892519
-1258.013348
-1984.101767
-2437.751881
-2712.051951
-2808.863740
-2549.457792
-1941.281168
-1181.680975
-285.551337
575.825352
1147.387261
1178.416680
732.834215
252.498799
91.145817
181.751722
240.087031
435.572375
654.640077
709.251856
829.025416
1005.272519
1123.804902
987.896044
842.678360
1542.702067
2598.943510
3042.043622
2988.673021
2933.440654
2990.534786
2286.166961
1042.507823
568.998879
974.243099
845.781302
-746.027924
-2427.822467
-2942.290244
-2620.204869
-2420.375406
-2610.896043
-2391.207752
-1799.787014
-1909.010571
-2733.772544
-3196.110897
-2271.434192
-722.445565
-54.692455
-117.371883
95.489936
1123.184314
1944.222756
2141.569865
2441.314059
3017.220087
3130.167174
1931.190400
-112.407175
-1630.366383
-2126.837097
-2303.084200
-2991.937316
-3752.778685
-3824.146350
-3346.293288
-2673.575470
-1946.866463
-819.877943
554.104758
1214.410807
717.319505
-525.098456
-1324.416306
-1110.313310
-500.274921
-99.995408
84.319345
544.175344
1078.501949
1314.325538
1260.334348
1286.399061
1540.219713
1188.346095
-99.995408
-1633.469325
-2564.351913
-2513.463665
-2052.366490
-1563.342837
-766.507341
288.492926
1324.875541
2106.196327
2789.464147
3547.202574
3982.235037
3633.464360
2414.628758
899.151904
-414.013134
-1270.425115
-1724.075230
-2139.869453
-2582.348977
-2696.537241
-2336.595973
-1779.928186
-1133.895669
-214.183672
861.296012
1587.384431
1329.840248
621.128304
407.025309
575.204763
688.151851
662.087138
912.804849
1334.804955
1536.496183
1489.952053
1405.552032
1424.790272
1509.190294
2221.625768
3166.781889
3300.828982
2950.196540
2532.540552
2296.716963
1571.869721
619.887127
639.745956
1285.778472
1272.125528
-121.716001
-1511.834000
-1774.342890
-1503.766351
-1257.392759
-1397.025147
-1567.686955
-1631.607560
-2350.869506
-3363.669763
-3750.296331
-2790.246088
-1272.286881
-634.942602
-667.833787
-424.563137
576.445940
1480.643227
1990.146298
2607.631748
3271.661328
3418.740777
2328.987560
501.354744
-846.563244
-1467.772224
-1799.787014
-2506.637193
-3419.522718
-3830.972822
-3546.743338
-3026.069677
-2486.157776
-1413.160446
53.289925
861.296012
483.357681
-502.757274
-981.851513
-804.363233
-634.322013
-597.086710
-350.092530
227.054675
680.704790
830.887181
964.934273
1241.096108
1564.422660
1183.381388
-65.242458
-1395.163382
-2214.340060
-2522.151903
-2504.154839
-2133.663569
-1330.001601
-270.036627
679.463613
1524.705003
2526.334668
3387.090768
3814.676171
3797.920284
3015.978910
1734.463880
447.984143
-633.080837
-1530.451652
-2245.990068
-2709.569597
-2854.166693
-2636.960755
-2196.963585
-1608.025201
-737.339687
230.778205
921.493086
941.972503
560.931230
266.772332
181.131134
60.116398
33.431097
359.240003
899.772492
1462.646164
1893.334508
2181.287522
2405.319932
3220.152491
4230.470394
4378.791019
3624.776123
2553.019969
1781.008009
510.663570
-1074.939772
-1401.369266
-555.507288
32.810508
-641.769074
-1398.886913
-1209.607453
-538.751401
35.292862
148.239949
155.687010
-156.468951
-1411.919269
-3009.313791
-4104.031715
-3668.378663
-2306.807731
-1531.072240
-1259.875113
-849.666186
222.089968
1234.890224
1795.281542
2435.108175
3073.073042
3285.934861
2401.596402
807.304822
-371.813123
-917.930909
-1246.222168
-2015.751775
-2793.349030
-2847.340220
-2502.913663
-2025.681189
-1544.725185
-816.775001
239.466443
851.366598
610.578301
-272.518981
-980.610336
-1078.042714
-1056.322120
-1182.922152
-1005.433872
-349.471941
544.175344
1085.328422
1287.640237
1719.569758
2098.749266
1867.890384
974.863688
-286.171925
-1375.925142
-2039.334133
-2453.266591
-2473.125420
-1908.389983
-1001.710342
-57.795397
911.563672
1821.346255
2722.440600
3356.061349
3506.864328
3163.678947
2302.922847
1207.584335
224.572322
-622.530834
-1577.616370
-2383.760691
-2635.098990
-2438.993058
-2162.210635
-1846.331143
-1338.069250
-572.263174
58.875221
165.616424
-153.986598
-401.601366
-366.227828
-382.983715
-485.380799
-331.474878
261.187037
973.622511
1422.307919
1717.087405
2145.913984
2866.417107
4027.537989
4541.385178
4079.046826
3130.167174
2093.163971
984.793102
-674.660259
-1710.422286
-1224.501574
-420.839606
-611.360243
-1396.404559
-1448.533984
-658.524961
20.398740
336.898821
462.257676
463.498853
-388.569010
-2079.672379
-3612.525708
-3958.814031
-2955.322600
-2036.231192
-1812.198782
-1596.234021
-819.877943
235.742913
866.260719
1488.090288
2380.496396
2914.823002
2522.611138
1363.352021
434.331198
102.936997
7.366384
-377.398419
-1099.763308
-1683.116396
-1920.181162
-1823.989961
-1451.016338
-942.754444
-245.213091
367.307652
354.895884
-347.610176
-1152.513321
-1378.407496
-1154.375086
-998.607400
-1092.936835
-823.601473
-134.127769
506.319452
941.351915
1341.631428
1954.772759
2286.787549
1961.599231
1072.916654
71.286989
-571.642586
-1045.151529
-1612.989908
-1889.772331
-1612.369320
-1045.772117
-412.151369
377.857654
1425.410861
2424.558172
3003.567142
3161.196594
2903.652411
2295.475787
1575.593251
825.301885
-124.198355
-1298.972182
-2274.537134
-2712.051951
-2730.049014
-2561.869560
-2151.660632
-1380.269261
-442.560200
157.548775
201.610551
105.419350
104.798762
-65.863046
-665.351433
-1074.319184
-839.116183
-284.930749
119.692883
475.910620
1238.613754
2202.387528
3462.802552
4605.926371
5000.000000
4571.173421
3574.508463
2312.852261
458.534145
-1222.639809
-1702.354636
-1434.260451
-1541.001654
-2263.366543
-2398.034224
-1680.013454
-713.136739
262.428213
1090.293129
1490.572642
900.393081
-637.424955
-2386.243045
-3539.916866
-3417.040364
-2784.040204
-2506.016604
-2434.028351
-1882.325270
-772.092636
95.489936
940.731326
1987.663944
2768.364141
2649.211170
1512.293235
470.325325
26.604624
-150.883656
-369.330770
-778.298520
-1089.213305
-1231.948635
-1374.683965
-1200.919216
-602.672005
238.225266
777.516579
629.816542
-31.730684
-886.280901
-1484.528111
-1793.581130
-1842.607613
-1722.834053
-1388.957498
-913.586790
-399.739601
210.919377
973.622511
1756.184474
2153.981633
2049.102195
1596.072668
871.846015
-20.560093
-621.289657
-890.004431
-1051.357413
-1063.148592
-1062.528004
-786.366169
-129.783650
708.010679
1534.634418
2135.984570
2641.764109
2831.664157
2450.002296
1884.646271
1480.022639
1013.960756
107.901704
-1053.219178
-1859.984088
-2164.072400
-2274.537134
-2309.910673
-1963.001761
-1178.578033
-408.427839
-64.621869
-39.177745
114.728176
310.834108
44.601688
-558.610230
-810.569117
-424.563137
14.813445
217.125261
643.469486
1528.428534
2917.305356
4229.229217
4844.852902
4853.541139
4433.402798
3703.590849
2132.261039
177.407604
-878.833840
-964.475038
-1325.036894
-2481.193069
-3081.302044
-2474.366596
-1425.572214
-643.010251
124.657590
1139.319612
1484.987346
541.692990
-1059.425062
-2194.481232
-2331.631266
-2116.287094
-2304.945965
-2653.096053
-2482.434246
-1662.636979
-963.854450
-512.686689
399.578248
1596.072668
2088.199263
1442.787336
621.128304
376.616478
379.098831
-11.251268
-700.104383
-1095.419189
-1153.754498
-1184.783917
-1234.430989
-803.122056
99.213466
871.225426
1131.872551
850.746009
358.619414
-180.671899
-760.301457
-1345.516311
-1935.695872
-2208.134176
-2115.666506
-1953.072347
-1737.107586
-1165.545677
-247.074857
574.584175
1064.849005
1326.737306
1319.910834
982.931337
464.740029
-4.424795
-279.966041
-444.421965
-646.113193
-782.642639
-549.301404
2.401677
601.890064
999.066635
1483.746169
2049.102195
2116.746330
1803.349191
1571.869721
1363.352021
627.334188
-442.560200
-1271.666292
-1662.016391
-1989.066474
-2359.557744
-2252.195952
-1776.204655
-1176.716268
-750.372043
-644.872016
-540.613166
-255.763094
-180.051310
-486.621976
-602.672005
-162.054247
383.442950
606.234183
895.428374
2029.243366
3532.308452
4373.205724
4671.708740
4760.452881
4669.846975
3786.129105
2291.752256
1082.225480
433.090021
-117.371883
-1302.075123
-2331.631266
-2486.157776
-1983.481178
-1415.642799
-1002.330930
-186.877783
697.460676
736.557745
-51.589513
-809.327940
-945.857386
-1025.913289
-1530.451652
-1862.466442
-1666.360510
-1164.925089
-960.130919
-795.674995
-252.660152
457.913557
809.787175
568.378291
386.545892
433.710610
490.804742
257.463506
-264.451332
-592.122003
-655.422019
-693.277911
-720.583800
-589.019061
-88.204228
376.616478
534.866518
576.445940
739.660687
937.628384
796.754819
240.087031
-509.583747
-1043.289764
-1387.716322
-1675.048747
-1925.145869
-2020.095893
-1811.578194
-1613.610496
-1376.545731
-955.786801
-296.101340
293.457633
461.637087
352.413530
213.401730
246.292915
286.010572
142.654654
5.504619
-37.315980
52.669337
272.357628
495.148861
892.946020
1348.457900
1614.069732
1617.793262
1549.528539
1243.578462
677.601848
53.910514
-567.298467
-1068.733888
-1660.154626
-2133.663569
-2215.581237
-2052.366490
-1717.248758
-1230.707458
-741.683805
-622.530834
-745.407336
-796.916172
-893.727961
-904.277964
-646.113193
-132.886592
308.351754
649.675370
1559.457953
2685.825885
3434.255486
3929.485023
4332.867478
4446.435154
3707.314379
2554.881734
1758.666827
1213.790219
425.022372
-609.498478
-1240.016284
-1378.407496
-1238.154519
-941.513268
-530.063163
37.154627
536.107694
568.378291
59.495809
-528.821987
-702.586737
-850.286774
-1270.425115
-1608.645789
-1520.522238
-1163.063324
-936.548560
-768.369106
-386.707245
58.254632
101.695820
-157.710128
-348.230765
-224.113086
18.536975
7.986973
-231.560147
-371.813123
-465.521971
-544.336697
-598.327887
-476.071973
-109.304234
238.845855
357.998826
290.354691
375.995889
580.169470
735.316568
641.607721
311.454696
75.631107
-193.704255
-688.933792
-1118.380959
-1370.339847
-1556.516364
-1912.113513
-2223.648886
-2152.281221
-1773.722302
-1367.236905
-965.095626
-484.760211
-191.842490
-28.627743
6.745796
49.566395
164.375247
189.819372
214.642907
320.142934
651.537135
1004.031342
1349.699077
1697.849165
2070.202200
2290.511079
2067.099258
1625.860911
1084.707833
531.763576
-63.380693
-753.474985
-1302.075123
-1580.098723
-1722.213465
-1725.936995
-1493.216348
-1038.325057
-670.936729
-503.998451
-564.195525
-753.474985
-807.466175
-802.501468
-655.422019
-373.054300
71.907577
652.778312
1141.181377
1646.960917
2296.716963
3004.187730
3410.052539
3262.973090
2851.522986
2306.025789
1640.755033
940.110738
441.778259
223.951733
81.836991
-98.133642
-89.445405
149.481126
510.042982
968.657804
1294.466710
1193.310802
768.828342
286.010572
-163.295424
-539.992578
-844.080890
-947.719151
-883.177959
-808.086763
-813.672059
-764.024987
-622.530834
-552.404346
-531.924929
-661.627903
-886.280901
-1058.804474
-1192.230978
-1266.080997
-1339.931015
-1447.913396
-1447.292807
-1413.781034
-1373.442789
-1238.154519
-950.822093
-507.101393
-157.089540
-62.139516
-9.389502
247.534092
554.104758
631.678307
501.975333
457.913557
427.504726
147.619361
-263.830743
-651.077900
-835.392652
-971.922099
-1276.630999
-1521.763414
-1433.639863
-1203.401569
-973.783864
-810.569117
-633.701425
-373.674889
-198.668962
-199.910139
-266.313097
-166.398366
99.213466
485.840035
778.757756
1085.949010
1543.943243
2016.211010
2267.549309
2297.337552
2268.169897
2036.690427
1558.216776
981.690160
456.051792
-75.171872
-541.233755
-869.525014
-1092.936835
-1163.063324
-1156.236851
-1105.969192
-988.677985
-988.057397
-1002.951518
-948.339740
-1006.054460
-1104.107426
-1032.739761
-796.295584
-470.486678
-55.313043
379.098831
873.087191
1398.104971
1793.419777
1898.299215
1893.334508
1758.666827
1441.546159
1013.960756
586.375354
272.357628
116.589941
76.251696
109.763469
359.240003
673.878318
1080.363714
1474.437344
1548.907951
1512.913824
1473.816755
1285.778472
896.048962
448.604731
178.028192
57.634044
-73.930695
-219.148379
-80.136579
217.125261
249.395857
163.134071
225.192910
394.613541
317.039992
-60.898339
-463.039617
-734.857333
-1104.728015
-1691.184045
-2036.231192
-1984.722355
-1825.851727
-1749.519354
-1600.578140
-1138.239788
-626.874953
-245.213091
14.813445
324.487053
591.340061
560.310642
391.510599
182.372311
71.286989
-144.677772
-521.374926
-875.730898
-1166.166266
-1370.960435
-1524.866356
-1619.195792
-1619.195792
-1549.069304
-1508.110470
-1486.389876
-1413.160446
-1185.404506
-887.522077
-662.869079
-557.989641
-399.739601
-43.521864
313.316462
568.998879
953.763682
1531.531476
1936.775696
2077.028672
2001.937477
1892.093332
1792.799189
1486.228523
1054.299002
630.437130
232.639971
-193.083666
-528.821987
-739.201452
-810.569117
-731.133803
-818.636766
-1053.839767
-1107.210368
-977.507394
-861.457365
-912.966202
-854.010304
-490.966095
-140.954242
-2.563030
162.513482
627.334188
1120.701960
1284.537296
1284.537296
1391.278499
1534.013829
1427.893214
1095.878424
886.740136
832.748946
676.360671
338.760586
70.666400
132.104651
336.898821
437.434140
567.757702
809.787175
968.037215
987.275456
953.763682
877.431310
840.816595
699.322442
449.845908
148.860538
-171.983661
-319.063110
-352.574883
-359.401356
-356.919002
-177.568957
119.072295
272.357628
195.404667
79.975226
22.881094
-233.421912
-698.242618
-1082.386833
-1225.122163
-1330.001601
-1527.348710
-1603.681082
-1288.422179
-707.551444
-253.280741
34.672273
371.651770
783.101875
968.657804
807.304822
674.498906
592.581238
346.207646
-103.098350
-639.907309
-940.892679
-1057.563297
-1123.966255
-1264.839820
-1347.998664
-1256.151582
-1073.078007
-1027.775054
-1115.898606
-1059.425062
-819.877943
-746.648512
-921.033851
-931.583853
-591.501414
-117.371883
217.125261
534.245929
1050.575472
1609.725613
1901.402157
1918.158044
1849.272732
1747.496236
1571.249133
1227.443163
645.951840
141.413477
-124.198355
-338.301350
-640.527897
-917.310320
-945.236798
-814.292647
-917.310320
-1177.957445
-1158.098616
-916.689732
-845.322067
-1017.225051
-1015.363286
-708.172032
-333.957232
-168.260131
76.251696
587.616531
841.437183
840.816595
842.057772
942.593091
1094.016659
1054.299002
963.072508
896.669550
760.760692
550.381227
427.504726
443.640024
503.837098
515.007689
433.710610
375.995889
349.310588
429.987079
494.528272
561.551819
636.022426
660.845961
573.342998
272.357628
41.498746
-10.630679
-101.236584
-345.127823
-527.580810
-422.080783
-219.148379
-131.645416
-18.077740
181.131134
275.460570
117.210530
-256.383682
-576.607293
-797.536761
-1093.557424
-1406.954562
-1658.913449
-1689.322280
-1470.875166
-1143.825083
-715.619093
-230.939558
317.660580
741.522452
877.431310
839.575418
846.401891
789.307758
524.316515
123.416414
-317.201345
-643.010251
-874.489721
-1019.707405
-1115.898606
-981.851513
-764.645576
-733.616156
-783.883816
-783.883816
-634.322013
-556.127876
-693.277911
-757.198515
-625.633776
-447.524907
-201.771904
256.222330
900.393081
1442.787336
1706.537402
1840.584495
1889.610978
1854.858028
1694.125634
1432.237333
1167.246089
732.834215
290.354691
-88.204228
-269.416039
-299.204282
-323.407229
-221.630733
-139.092476
-203.013081
-393.533717
-468.624913
-438.216081
-482.898446
-592.122003
-536.889636
-394.774894
-389.810187
-278.724865
59.495809
451.707673
695.598911
822.198943
909.081318
980.448983
964.313685
908.460730
858.193070
778.757756
563.413584
281.045865
113.486999
-29.868919
-82.618933
-132.266004
-244.592503
-297.342516
-226.595440
-90.065993
5.504619
136.448770
345.587058
433.710610
317.039992
68.184047
-79.515991
-195.566020
-373.054300
-550.542580
-592.742591
-451.869026
-397.877836
-352.574883
-79.515991
276.081158
455.431203
411.369428
312.075285
179.889957
-127.301297
-589.019061
-1062.528004
-1372.201612
-1536.036947
-1573.272251
-1399.507501
-1080.525067
-615.083773
-81.998344
373.513536
676.360671
856.951893
976.725453
911.563672
534.245929
103.557585
-189.980725
-494.069037
-790.089700
-979.369159
-993.022104
-842.839713
-729.272037
-772.092636
-749.130866
-611.980831
-531.304340
-631.839660
-806.845586
-767.127929
-544.957285
-353.816060
-183.154252
222.089968
833.369534
1146.766672
1157.937263
1198.896097
1296.328475
1260.954937
1044.369588
835.231299
543.554755
160.031129
-220.389556
-443.801377
-485.380799
-445.042554
-313.477815
-220.389556
-239.007208
-302.307224
-356.919002
-338.921939
-400.980778
-480.416092
-398.498424
-319.063110
-310.995461
-252.660152
73.148754
484.598858
801.098938
1039.404881
1231.787282
1453.337338
1514.155001
1447.752043
1393.760853
1357.766726
1228.063752
945.696033
672.016552
562.172407
479.013562
264.289979
61.357574
-21.801270
-59.036574
-79.515991
-83.239521
-0.080676
179.269369
258.704683
151.342891
32.810508
-71.448342
-214.804260
-373.054300
-680.245554
-852.148539
-840.977948
-832.289711
-798.777937
-616.945538
-222.871909
91.145817
241.328208
290.975279
317.660580
288.492926
69.425223
-279.345453
-613.842596
-881.936782
-1037.704468
-1130.172139
-1128.310374
-885.039724
-444.421965
31.569332
359.240003
682.566555
1049.954883
1179.037269
997.204870
670.775376
367.307652
57.634044
-337.060173
-687.072027
-848.425009
-890.004431
-939.651502
-1027.775054
-1094.798600
-991.780927
-800.019114
-743.545570
-800.019114
-816.775001
-621.289657
-401.601366
-225.974851
36.534039
387.787069
700.563618
724.766566
638.504779
670.775376
689.393027
544.795932
375.995889
118.451706
-124.818943
-260.107213
-443.801377
-565.436702
-528.201398
-378.639596
-289.274867
-328.371936
-356.298414
-308.513107
-283.689572
-391.671952
-466.763147
-466.142559
-487.863153
-652.939665
-773.333813
-637.424955
-326.510171
-113.648352
58.875221
340.622351
645.951840
914.046025
1031.957820
1088.431364
1187.104918
1151.110791
956.866624
778.137167
709.251856
642.228310
503.216510
303.387047
105.419350
127.760532
301.525282
439.295905
562.792995
694.978323
818.475413
835.851888
724.145977
588.857708
529.901811
485.840035
289.734103
-8.768914
-240.868973
-338.921939
-361.883709
-374.916065
-236.524854
71.907577
343.104704
555.345935
691.254792
777.516579
779.998933
609.957713
257.463506
-196.186608
-484.139622
-710.654386
-883.177959
-984.954455
-932.825030
-586.536707
-141.574830
216.504672
589.478296
933.904854
1113.254899
1064.849005
847.022479
621.748893
351.172354
56.392867
-283.068983
-628.116129
-826.083827
-966.957392
-1102.245661
-1102.866250
-1026.533877
-939.030914
-874.489721
-960.130919
-972.542687
-870.145602
-705.069090
-489.104330
-258.866036
-93.168935
-42.901276
-14.354210
-16.215975
16.675210
-27.386566
-114.889529
-319.063110
-491.586683
-691.416145
-905.519141
-962.613273
-840.357360
-739.201452
-661.627903
-454.351380
-207.977788
-50.348336
26.604624
100.454643
143.275242
117.831118
55.772279
-77.033637
-209.218965
-281.207218
-332.716055
-260.107213
-158.951305
16.054622
364.204710
652.157724
726.007742
779.378344
848.884244
802.960703
657.122431
528.660634
470.945913
402.060602
240.087031
99.213466
-76.413049
-168.260131
-70.827753
96.731113
268.013509
359.860591
535.487106
670.154787
629.816542
565.895937
597.545945
621.748893
451.707673
201.610551
85.560522
28.466390
-47.245394
-70.827753
-53.451278
88.663464
254.981153
371.031182
470.325325
614.922420
739.040099
704.907737
462.878264
135.207593
-96.892466
-287.413102
-510.204335
-697.622029
-774.574990
-697.622029
-569.160232
-389.810187
-56.554220
327.589995
572.722410
647.813605
673.878318
668.293022
586.375354
421.919430
224.572322
94.869348
-49.107159
-271.277804
-411.530781
-446.904319
-392.292540
-351.333707
-438.836670
-493.448448
-452.489614
-428.907256
-391.051364
-269.416039
-80.136579
91.766406
230.157617
210.919377
263.048802
387.166480
359.240003
242.569385
-6.907149
-240.248384
-510.824923
-881.936782
-1116.519194
-1145.686849
-1087.972128
-968.198568
-748.510278
-464.901382
-159.571893
119.072295
355.516472
528.040045
627.954776
562.172407
388.407657
194.163490
-15.595386
-139.092476
-134.748358
-171.983661
-155.848363
79.975226
351.792942
538.590048
660.845961
710.493033
668.293022
562.792995
369.790005
207.195847
103.557585
11.710503
-179.430722
-342.024881
-377.398419
-313.477815
-227.216028
-135.368946
16.675210
222.089968
338.139997
297.801752
271.737039
297.801752
235.122324
58.254632
-153.366009
-298.583693
-407.186662
-546.819050
-601.430829
-528.821987
-367.469005
-233.421912
-180.051310
-47.245394
186.095841
286.631161
302.145871
246.913504
181.131134
43.360511
-111.786587
-298.583693
-390.430775
-441.939612
-526.960222
-550.542580
-546.198462
-373.674889
-142.816007
59.495809
191.060548
287.251749
373.513536
359.240003
300.904694
261.187037
184.854664
63.839928
-90.686582
-151.504244
-188.739548
-175.086603
-118.613059
-126.680709
-109.924822
-96.892466
-73.310107
-28.007154
57.634044
165.616424
221.469380
260.566448
294.698810
334.416467
342.484116
362.963533
310.834108
244.431150
64.460516
-206.736611
-508.963158
-778.919109
-964.475038
-1072.457418
-1104.107426
-1056.942709
-798.777937
-507.721981
-237.145442
70.045812
380.340008
624.231246
785.584228
758.278339
624.851835
481.495916
321.384111
122.795825
-65.242458
-85.721875
77.492873
204.092905
199.748786
275.460570
458.534145
601.890064
532.384164
433.710610
388.407657
336.278232
183.613488
-57.174809
-167.018954
-126.680709
-62.760104
-3.804207
91.766406
335.657644
608.716536
757.657750
778.757756
802.960703
831.507769
771.931283
565.895937
259.325271
86.801698
-75.171872
-271.898392
-446.283731
-531.924929
-477.313150
-320.924875
-193.704255
-42.280687
142.034065
269.875274
302.766459
220.848791
83.078168
13.572268
5.504619
-109.924822
-310.374873
-438.836670
-472.969031
-444.421965
-489.104330
-500.895509
-388.569010
-182.533664
-72.068930
-57.795397
-44.763041
17.295798
37.154627
-86.963051
-246.454268
-252.039564
-186.877783
-245.833680
-307.271931
-298.583693
-245.213091
-230.318970
-265.692508
-301.066047
-258.866036
-216.666025
-175.707192
-179.430722
-223.492498
-175.086603
-84.480698
-77.654226
-41.660099
14.192857
42.739923
8.607561
-180.051310
-376.777831
-522.616103
-680.866143
-898.072080
-1061.907416
-1126.448608
-1065.630946
-910.483848
-716.239681
-438.216081
-135.368946
135.207593
372.272359
566.516526
693.116558
699.943030
642.848898
557.828288
413.851781
222.089968
68.184047
130.242886
245.672327
299.042929
367.928240
463.498853
522.454750
488.942977
404.542955
353.034119
312.075285
184.854664
-33.592450
-221.010144
-260.727801
-177.568957
-28.007154
171.201720
371.031182
614.301832
847.643067
987.275456
1086.569598
1125.046079
1141.181377
1012.719580
680.704790
355.516472
117.831118
-35.454215
-175.707192
-308.513107
-322.166052
-194.324843
-126.060120
-90.065993
59.495809
320.142934
475.290032
462.878264
342.484116
259.945860
222.710556
141.413477
24.742859
-61.518927
-96.892466
-116.751294
-221.010144
-292.377809
-208.598376
-134.748358
-125.439532
-194.324843
-257.624859
-227.216028
-233.421912
-302.307224
-337.060173
-337.060173
-373.674889
-379.880773
-441.319023
-471.727855
-405.324897
-332.095466
-307.892519
-325.268994
-336.439585
-319.063110
-283.689572
-298.583693
-291.136632
-207.977788
-148.401302
-155.848363
-155.227775
-72.068930
1.781089
-15.595386
-141.574830
-250.798387
-325.268994
-447.524907
-605.774947
-742.924982
-780.160286
-833.530887
-822.360296
-742.924982
-575.986705
-411.530781
-225.974851
-64.001281
119.692883
297.801752
385.925303
415.092958
378.478243
401.440013
387.166480
330.692937
280.425277
323.866464
311.454696
291.595868
295.939987
356.137061
387.166480
347.448823
281.045865
205.334081
135.828181
43.360511
-75.792460
-139.092476
-149.642479
-103.718938
14.192857
156.307598
287.872338
492.045919
703.666560
819.096001
884.257782
947.557798
1010.237226
834.610711
593.822415
414.472370
258.084095
99.213466
-108.683645
-199.289550
-150.883656
-109.924822
-121.095413
-70.207165
62.598751
202.851728
254.360564
253.739976
245.051738
189.819372
94.869348
-5.665972
-42.901276
-56.554220
-50.348336
-80.757167
-107.442468
-127.301297
-92.548347
-49.727748
-54.692455
-92.548347
-162.674835
-198.668962
-229.077793
-293.618986
-304.789577
-266.313097
-266.933685
-297.342516
-327.751348
-274.380746
-176.948368
-122.336590
-133.507181
-140.954242
-144.057183
-169.501308
-286.792514
-327.751348
-280.586630
-259.486624
-205.495434
-152.745421
-89.445405
16.054622
64.460516
19.157564
-19.318917
-44.142452
-127.301297
-294.860163
-428.907256
-456.213145
-402.842543
-420.219018
-381.121949
-243.971915
-130.404239
-60.898339
26.604624
94.869348
141.413477
162.513482
135.828181
155.066422
148.860538
95.489936
61.357574
98.592878
192.301725
180.510546
124.657590
134.587005
108.522292
24.742859
-46.004218
-104.960115
-214.183672
-307.271931
-378.639596
-443.180789
-395.395482
-310.995461
-273.760157
-258.245448
-168.880719
-65.242458
99.834055
278.563512
400.819425
529.901811
598.787122
637.263602
609.337125
515.628277
444.881201
371.031182
261.807625
102.316408
47.084041
76.251696
50.807572
-3.804207
-16.215975
42.119334
93.007582
75.631107
67.563458
115.969353
120.934060
59.495809
34.051685
38.395804
4.263442
31.569332
70.045812
52.048748
50.186983
50.186983
33.431097
-30.489508
-49.727748
-43.521864
-59.657162
-86.963051
-121.095413
-125.439532
-129.163062
-82.618933
-64.001281
-84.480698
-48.486571
1.160500
8.607561
1.160500
-26.145389
-31.110096
-15.595386
-41.660099
-107.442468
-95.030701
-73.310107
-59.657162
-36.074803
-42.280687
45.222276
107.901704
75.631107
-3.183618
-89.445405
-79.515991
-121.716001
-219.768967
-280.586630
-285.551337
-250.177799
-234.042500
-222.251321
-111.786587
68.184047
156.928187
179.889957
209.057612
211.539965
187.337018
121.554648
57.634044
17.295798
80.595815
139.551712
164.375247
255.601741
295.939987
338.760586
375.375301
284.148807
162.513482
52.048748
-96.892466
-281.207218
-450.007261
-520.133749
-531.924929
-537.510224
-502.136686
-458.695498
-360.642532
-225.974851
-132.266004
-39.177745
85.560522
175.545839
194.163490
187.957606
182.372311
220.848791
212.160554
182.372311
168.719366
169.960543
179.269369
158.169364
223.951733
155.687010
90.525229
51.428160
-40.418922
-107.442468
-129.783650
-85.721875
-49.107159
-7.527737
72.528165
111.004646
89.284052
71.907577
91.766406
90.525229
36.534039
-1.321853
-24.283624
-16.836563
-49.727748
-16.836563
12.951680
-36.695392
-8.148326
-64.001281
-99.995408
-105.580703
-121.716001
-163.916012
-261.968978
-259.486624
-260.727801
-270.657216
-214.183672
-215.424849
-136.610123
-63.380693
-122.336590
-101.857173
-31.730684
-0.080676
-28.007154
-55.933632
-37.315980
-52.830690
-73.310107
-112.407175
-60.277751
-13.733621
7.986973
-19.318917
-77.654226
-23.663035
-0.701265
-34.213038
-30.489508
49.566395
130.242886
164.995836
164.995836
188.578195
198.507609
106.039939
42.119334
17.295798
24.742859
103.557585
161.272305
181.131134
253.119388
313.316462
353.034119
385.304715
357.998826
407.025309
407.645897
298.422340
181.751722
73.769342
-51.589513
-157.710128
-189.980725
-211.701318
-215.424849
-191.842490
-135.989534
-85.101286
-58.415985
0.539912
61.357574
126.519356
124.037002
122.175237
186.095841
182.372311
142.654654
152.584068
187.337018
209.057612
253.119388
248.775269
224.572322
204.092905
159.410540
89.284052
4.884031
-57.174809
-111.165999
-114.268941
-113.648352
-120.474825
-60.277751
3.022265
16.675210
64.460516
126.519356
140.172300
102.936997
47.704630
-61.518927
-155.848363
-150.263067
-160.813070
-207.977788
-230.318970
-245.213091
-243.351326
-253.280741
-251.418975
-249.557210
-261.348390
-271.277804
-304.168989
-335.198408
-349.471941
-298.583693
-222.251321
-207.977788
-153.986598
-49.727748
9.228149
15.434033
-21.180682
-55.313043
-16.215975
24.122271
-34.833626
-85.721875
-121.095413
-122.336590
-145.918949
-198.048374
-184.395429
-142.816007
-130.404239
-164.536600
-137.851300
-46.624806
85.560522
111.004646
67.563458
70.045812
79.975226
39.016392
15.434033
-0.080676
-8.768914
12.331091
19.157564
-5.045384
9.848738
72.528165
130.863474
143.895831
146.998772
159.410540
143.895831
119.072295
27.225213
-4.424795
-51.589513
-114.268941
-110.545410
-124.198355
-148.401302
-129.163062
-68.345400
-78.274814
-81.998344
-74.551284
-3.183618
63.219340
50.186983
68.184047
114.728176
150.722303
235.122324
244.431150
225.813498
290.354691
302.766459
276.081158
229.537029
237.604678
224.572322
200.369374
158.169364
52.669337
48.325218
45.842865
57.634044
30.948743
43.981099
111.004646
148.860538
171.822308
168.098778
170.581131
166.237013
119.072295
35.913450
4.884031
17.916387
34.672273
-23.042447
-90.686582
-139.713065
-171.363073
-179.430722
-235.283677
-236.524854
-239.007208
-239.627796
-227.836616
-274.380746
-294.860163
-271.277804
-245.833680
-228.457205
-195.566020
-119.233648
-19.318917
64.460516
66.942870
66.322281
121.554648
125.898767
58.875221
-19.939505
-23.663035
-21.801270
-73.930695
-89.445405
-65.863046
-48.486571
-50.968925
-57.174809
-27.386566
14.813445
59.495809
61.357574
27.225213
-15.595386
-24.904212
-10.010091
16.054622
-3.183618
-34.213038
-63.380693
-81.998344
-85.721875
-67.104223
-0.701265
1.781089
-31.730684
-30.489508
7.986973
1.781089
-16.215975
-65.863046
-104.960115
-103.718938
-133.507181
-117.992471
-36.074803
30.328155
52.669337
63.219340
94.869348
122.175237
135.828181
85.560522
86.801698
73.148754
68.804635
38.395804
4.263442
66.942870
153.204656
140.792889
136.448770
179.889957
199.128197
190.439960
168.719366
156.928187
103.557585
56.392867
-23.042447
-63.380693
-1.942442
52.048748
83.698756
148.239949
179.269369
192.922314
214.022319
202.851728
194.163490
195.404667
150.101714
134.587005
114.728176
72.528165
72.528165
77.492873
57.013456
27.225213
9.228149
-9.389502
-21.180682
-53.451278
-98.754231
-133.507181
-167.639542
-215.424849
-260.727801
-278.724865
-234.042500
-214.804260
-251.418975
-253.280741
-167.018954
-132.886592
-97.513054
-69.586576
-50.968925
22.881094
-13.113033
-65.863046
-28.627743
5.504619
-33.592450
-77.033637
-72.689518
-108.063057
-129.783650
-124.198355
-140.954242
-113.648352
-31.730684
-24.283624
-91.927759
-91.307170
-98.133642
-86.963051
-109.924822
-134.127769
-122.336590
-99.374819
-97.513054
-125.439532
-107.442468
-95.651289
-110.545410
-163.916012
-201.151316
-201.771904
-209.839553
-218.527791
-254.521917
-252.660152
-226.595440
-229.077793
-193.083666
-150.883656
-104.960115
-65.863046
10.469326
83.078168
142.034065
199.128197
229.537029
197.887021
161.272305
124.037002
81.216403
43.981099
45.222276
94.869348
155.066422
224.572322
290.354691
365.445887
384.063538
384.684127
372.892947
345.587058
282.287042
197.266432
149.481126
115.348764
99.213466
91.766406
92.386994
107.901704
176.166427
243.189973
256.842918
265.531155
284.769396
256.842918
194.163490
146.998772
136.448770
149.481126
154.445833
133.966416
151.963480
218.366438
239.466443
235.742913
204.092905
215.263496
182.992899
173.063485
104.178173
33.431097
28.466390
-48.486571
-108.683645
-137.230711
-160.192482
-189.360136
-194.945432
-185.016017
-169.501308
-137.230711
-106.821880
-93.789524
-84.480698
-64.621869
-70.827753
-116.751294
-102.477761
-155.227775
-234.663089
-210.460141
-199.289550
-203.633669
-209.839553
-186.877783
-167.639542
-191.221901
-216.045437
-224.113086
-175.086603
-156.468951
-163.295424
-171.363073
-206.736611
-177.568957
-129.783650
-105.580703
-89.445405
-77.033637
-77.654226
-51.589513
-68.965988
-106.201292
-132.886592
-193.083666
-227.836616
-257.004271
-273.760157
-260.727801
-278.104276
-242.110149
-191.842490
-131.024827
-17.457151
67.563458
81.216403
118.451706
124.657590
133.345828
124.037002
35.292862
-16.215975
11.089915
11.089915
4.263442
40.878157
132.725239
172.442897
202.231139
214.642907
240.087031
226.434087
168.719366
121.554648
66.942870
67.563458
58.254632
29.086978
-5.665972
10.469326
38.395804
86.801698
93.628171
103.557585
153.204656
121.554648
85.560522
57.634044
42.119334
64.460516
51.428160
-39.798334
-77.654226
-80.136579
-46.004218
-36.074803
-8.148326
58.875221
37.775215
20.398740
-23.663035
-47.865983
-46.004218
-48.486571
-59.036574
-75.171872
-78.895402
-96.892466
-52.830690
-80.136579
-54.692455
29.707566
45.842865
73.148754
76.251696
62.598751
61.357574
75.631107
50.186983
23.501682
-15.595386
3.642854
-27.386566
-67.724811
-59.036574
-47.865983
-67.724811
-86.342463
-106.821880
-92.548347
-77.654226
-129.163062
-101.857173
-67.104223
-22.421859
-18.698328
16.675210
30.948743
64.460516
88.042875
83.698756
83.698756
84.319345
63.839928
47.704630
39.016392
21.639917
-20.560093
-82.618933
-59.657162
-75.792460
-85.101286
-74.551284
-41.039510
-3.183618
34.672273
96.731113
101.695820
101.695820
99.834055
97.972289
96.731113
79.975226
77.492873
94.869348
88.663464
78.734049
95.489936
141.413477
178.028192
163.134071
119.072295
136.448770
122.795825
15.434033
-42.901276
-62.760104
-90.065993
-92.548347
-158.330717
-194.945432
-134.748358
-122.336590
-87.583640
-77.033637
-52.210101
-20.560093
-42.280687
-73.930695
-68.345400
-5.045384
-9.389502
-54.692455
-77.654226
-63.380693
-31.730684
-41.039510
-59.036574
-37.315980
-3.183618
-0.080676
-24.904212
-0.701265
10.469326
43.360511
-10.010091
-60.898339
-75.171872
-119.233648
-136.610123
-160.192482
-129.163062
-108.683645
-103.718938
-50.968925
-1.321853
10.469326
42.119334
87.422287
124.037002
95.489936
116.589941
111.625234
76.872284
94.248759
122.175237
87.422287
120.313472
84.319345
30.328155
22.881094
-59.036574
-56.554220
-58.415985
-64.621869
-22.421859
-10.630679
-18.698328
8.607561
45.222276
53.289925
50.807572
94.869348
98.592878
77.492873
73.769342
42.739923
4.884031
-11.251268
-59.036574
-97.513054
-75.792460
-95.651289
-82.618933
-91.307170
-78.895402
-65.863046
-21.801270
-0.080676
53.910514
97.972289
79.975226
96.731113
95.489936
89.904640
82.457580
103.557585
75.631107
101.075231
148.239949
152.584068
140.792889
126.519356
129.622297
101.695820
54.531102
6.125207
-14.974798
-26.145389
-102.477761
-169.501308
-167.018954
-158.330717
-140.954242
-140.954242
-127.301297
-72.068930
-41.660099
-46.624806
-32.971861
-27.386566
-26.765977
-5.045384
17.295798
-0.701265
24.122271
56.392867
3.022265
40.878157
72.528165
76.872284
95.489936
104.798762
82.457580
86.801698
101.695820
112.866411
71.286989
59.495809
76.872284
36.534039
17.295798
-55.313043
-53.451278
-18.077740
-45.383629
-52.830690
-26.145389
-4.424795
-6.286560
-21.801270
-23.663035
-3.804207
-10.010091
14.192857
11.710503
11.089915
12.951680
-8.148326
-58.415985
-115.510117
-122.957178
-104.960115
-119.854236
-173.845426
-161.433658
-154.607186
-158.330717
-98.754231
-77.033637
-52.210101
-65.863046
-62.139516
-49.107159
-42.280687
-48.486571
-61.518927
-64.001281
-157.089540
-196.807197
-197.427785
-220.389556
-214.183672
-237.766031
-241.489561
-186.257194
-166.398366
-162.054247
-139.713065
-108.063057
-60.277751
-14.354210
-24.904212
10.469326
63.839928
102.936997
115.969353
140.792889
191.060548
199.748786
215.263496
232.639971
242.569385
262.428213
272.357628
230.778205
186.716430
123.416414
61.978163
61.357574
78.113461
66.942870
57.013456
76.872284
106.660527
93.628171
99.213466
87.422287
72.528165
77.492873
97.351701
109.763469
129.622297
124.037002
90.525229
58.254632
66.942870
67.563458
50.186983
43.360511
2.401677
-0.701265
1.160500
8.607561
14.192857
24.742859
63.219340
42.739923
22.881094
36.534039
16.054622
8.607561
-50.348336
-90.065993
-77.654226
-50.348336
-30.489508
-47.245394
-28.627743
7.986973
27.225213
39.636981
51.428160
17.295798
-4.424795
8.607561
-19.318917
-29.248331
-59.036574
-82.618933
-85.721875
-106.201292
-124.818943
-139.092476
-139.092476
-135.368946
-141.574830
-144.677772
-103.718938
-91.307170
-142.195418
-150.263067
-156.468951
-135.368946
-94.410112
-107.442468
-99.995408
-92.548347
-89.445405
-91.307170
-88.204228
-158.951305
-170.742484
-188.118959
-208.598376
-197.427785
-190.601313
-180.671899
-212.321907
-203.013081
-173.845426
-133.507181
-72.068930
-38.557157
-35.454215
14.192857
4.884031
15.434033
-2.563030
-14.354210
49.566395
72.528165
96.110524
130.242886
147.619361
152.584068
148.860538
135.207593
129.622297
79.975226
89.904640
68.184047
9.848738
9.228149
-3.804207
23.501682
22.260506
39.016392
106.039939
127.139944
134.587005
143.275242
133.966416
135.207593
140.172300
143.275242
97.972289
97.351701
101.075231
125.898767
130.242886
109.142881
114.107588
107.901704
110.384057
115.348764
148.860538
158.789952
182.992899
178.648780
153.204656
113.486999
91.766406
92.386994
-3.804207
-57.174809
-75.792460
-88.204228
-88.204228
-78.274814
-42.280687
1.160500
31.569332
26.604624
47.084041
43.360511
34.672273
-3.183618
-29.868919
-40.418922
-66.483634
-82.618933
-75.171872
-64.001281
-46.624806
-5.045384
7.366384
-3.183618
-32.351273
-28.007154
-18.077740
-0.701265
-10.010091
9.848738
-33.592450
-77.654226
-100.615996
-114.268941
-90.686582
-100.615996
-106.201292
-121.095413
-140.954242
-154.607186
-146.539537
-146.539537
-99.995408
-73.310107
-58.415985
-56.554220
-56.554220
-60.277751
-70.207165
-23.042447
21.639917
58.254632
48.325218
25.363448
68.184047
96.731113
128.381121
153.204656
172.442897
138.310535
89.284052
94.869348
80.595815
81.216403
55.772279
67.563458
64.460516
34.672273
30.328155
-16.215975
-66.483634
-78.895402
-116.751294
-126.060120
-89.445405
-56.554220
-50.968925
-46.004218
-3.183618
53.910514
64.460516
82.457580
49.566395
14.192857
14.192857
-15.595386
-52.210101
-85.101286
-72.068930
-117.371883
-116.130706
-83.860109
-34.213038
5.504619
31.569332
72.528165
108.522292
126.519356
106.660527
99.213466
74.389931
36.534039
-4.424795
-8.768914
-37.315980
-59.657162
-41.660099
-21.180682
1.781089
36.534039
65.081105
89.284052
93.628171
90.525229
102.936997
61.357574
6.125207
-37.936568
-116.751294
-139.713065
-101.236584
-65.242458
-21.180682
19.778152
57.634044
73.769342
62.598751
53.910514
43.981099
-5.045384
-8.148326
1.781089
13.572268
-13.733621
-31.730684
-40.418922
-67.724811
-31.730684
-39.798334
-24.904212
-26.145389
-34.833626
-77.033637
-72.689518
-41.039510
-62.139516
-63.380693
-101.236584
-101.236584
-109.924822
-118.613059
-137.230711
-122.336590
-131.024827
-132.266004
-114.268941
-96.271877
-16.215975
-4.424795
37.775215
63.219340
29.707566
66.322281
125.278179
124.657590
145.137007
174.925250
138.310535
132.104651
131.484063
131.484063
106.039939
68.804635
38.395804
-3.183618
-55.933632
-66.483634
-80.136579
-83.239521
-80.757167
-91.307170
-62.139516
-60.277751
-69.586576
-38.557157
-11.871856
-65.242458
-85.101286
-99.374819
-109.924822
-148.401302
-121.095413
-93.789524
-41.039510
-1.321853
30.948743
90.525229
109.142881
138.931123
140.172300
150.722303
131.484063
60.736986
10.469326
-51.589513
-122.957178
-134.748358
-158.330717
-180.671899
-133.507181
-81.377756
-44.142452
-19.318917
17.295798
43.360511
11.089915
-28.007154
-46.004218
-89.445405
-126.680709
-93.789524
-72.068930
-23.042447
16.675210
42.119334
110.384057
120.934060
142.654654
159.410540
155.687010
178.028192
163.754659
124.657590
42.119334
-36.074803
-64.001281
-66.483634
-52.210101
-8.148326
18.536975
7.366384
3.022265
-8.768914
12.951680
24.122271
33.431097
39.016392
8.607561
8.607561
26.604624
9.228149
-4.424795
8.607561
37.154627
80.595815
52.669337
45.222276
40.257569
4.884031
-2.563030
32.810508
61.978163
60.736986
79.975226
93.628171
66.322281
73.148754
78.734049
55.151690
34.672273
43.360511
56.392867
45.842865
34.672273
-25.524801
-55.313043
-63.380693
-85.101286
-86.342463
-60.898339
-39.177745
-46.624806
-34.833626
-15.595386
-35.454215
-41.039510
-24.904212
-5.665972
-58.415985
-49.727748
-36.695392
-58.415985
-60.277751
-43.521864
-37.936568
-25.524801
11.710503
12.331091
39.636981
40.878157
51.428160
17.916387
25.363448
53.910514
9.848738
-44.142452
-74.551284
-103.098350
-106.201292
-89.445405
-66.483634
-41.039510
8.607561
22.881094
2.401677
45.222276
57.634044
22.260506
-5.665972
-41.039510
-77.654226
-111.165999
-159.571893
-153.366009
-144.057183
-93.168935
-92.548347
-56.554220
-4.424795
-3.183618
44.601688
54.531102
39.636981
52.048748
4.884031
-43.521864
-74.551284
-121.095413
-127.301297
-127.301297
-125.439532
-122.957178
-120.474825
-91.927759
-67.104223
-59.036574
-49.727748
-47.865983
-57.174809
-65.863046
-57.795397
-65.863046
-42.901276
-24.904212
-23.042447
-18.698328
-7.527737
-14.354210
6.745796
19.778152
14.813445
34.672273
32.810508
22.260506
30.328155
55.151690
64.460516
97.351701
130.863474
156.928187
143.275242
150.101714
169.339955
155.687010
146.998772
115.969353
80.595815
74.389931
89.284052
50.186983
76.251696
123.416414
102.936997
83.078168
100.454643
108.522292
101.075231
122.795825
114.107588
85.560522
50.186983
25.363448
30.948743
32.810508
20.398740
30.328155
96.110524
97.351701
83.078168
102.316408
111.625234
95.489936
99.834055
67.563458
49.566395
39.636981
-0.080676
-41.039510
-57.795397
-52.830690
-68.965988
-65.863046
-87.583640
-32.351273
9.848738
10.469326
22.260506
45.842865
58.875221
41.498746
18.536975
6.125207
-29.248331
-49.727748
-54.071867
-104.339526
-60.898339
-49.107159
-36.074803
-5.665972
-3.183618
22.260506
41.498746
48.325218
70.045812
58.875221
39.016392
6.745796
-26.765977
-20.560093
-36.074803
-64.001281
-64.001281
-83.239521
-73.310107
-70.207165
-65.242458
-28.627743
-41.660099
-36.695392
2.401677
5.504619
23.501682
53.910514
29.707566
21.639917
63.219340
24.122271
-4.424795
22.260506
-24.904212
-57.795397
-57.174809
-86.342463
-90.686582
-123.577767
-101.857173
-76.413049
-77.654226
-81.998344
-77.033637
-74.551284
-82.618933
-50.968925
-50.348336
-41.660099
-30.489508
-53.451278
-68.345400
-64.621869
-91.307170
-95.030701
-85.101286
-64.621869
-37.315980
-24.904212
-10.010091
-24.283624
-33.592450
-67.104223
-76.413049
-83.239521
-101.857173
-123.577767
-135.368946
-147.160125
-147.160125
-109.924822
-68.965988
-47.865983
-26.145389
-12.492444
5.504619
23.501682
14.813445
1.781089
4.884031
-45.383629
-60.898339
-34.213038
-24.283624
-19.939505
-1.942442
8.607561
5.504619
16.054622
36.534039
66.942870
60.116398
72.528165
71.286989
64.460516
63.839928
54.531102
48.325218
36.534039
35.913450
25.363448
30.328155
19.157564
1.160500
15.434033
10.469326
14.813445
29.707566
34.672273
32.810508
14.813445
40.878157
42.119334
40.257569
21.019329
21.639917
20.398740
47.704630
52.669337
28.466390
39.636981
34.672273
31.569332
42.119334
62.598751
45.842865
34.051685
24.742859
24.122271
37.775215
22.260506
42.119334
32.810508
35.913450
45.222276
35.913450
21.639917
18.536975
-16.215975
-47.245394
-25.524801
-0.701265
6.125207
5.504619
28.466390
4.263442
-1.321853
21.019329
25.984036
14.813445
27.845801
9.848738
-8.148326
-10.630679
-16.836563
-34.833626
-32.351273
-36.695392
-19.939505
-5.665972
8.607561
24.742859
19.157564
12.951680
1.781089
-11.251268
-28.627743
-17.457151
-12.492444
-13.733621
-31.730684
-37.315980
-21.801270
-8.148326
5.504619
43.360511
50.186983
60.736986
58.254632
70.045812
71.286989
51.428160
45.842865
20.398740
-6.907149
-16.215975
-22.421859
-3.183618
21.639917
27.845801
40.257569
42.739923
40.257569
27.845801
43.981099
39.636981
27.845801
25.363448
11.089915
6.745796
10.469326
9.228149
14.192857
19.778152
9.228149
-0.701265
-21.180682
-29.248331
-45.383629
-68.965988
-85.101286
-92.548347
-79.515991
-75.792460
-59.657162
-72.068930
-84.480698
-78.895402
-72.689518
-86.342463
-57.795397
-72.068930
-104.339526
-98.133642
-122.957178
-121.095413
-113.648352
-90.065993
-78.274814
-77.033637
-80.136579
-79.515991
-71.448342
-55.313043
-23.042447
4.263442
-5.665972
-31.110096
-34.213038
-32.351273
-72.068930
-73.930695
-55.933632
-66.483634
-48.486571
-40.418922
-20.560093
-0.701265
0.539912
-3.804207
5.504619
19.778152
46.463453
61.978163
57.013456
80.595815
100.454643
101.695820
125.898767
115.348764
127.760532
159.410540
137.689947
131.484063
136.448770
113.486999
100.454643
81.216403
85.560522
83.078168
61.357574
50.186983
30.948743
40.878157
29.086978
23.501682
55.772279
54.531102
52.048748
64.460516
79.975226
79.354638
68.804635
54.531102
66.942870
65.081105
73.769342
85.560522
62.598751
63.219340
53.289925
45.842865
42.119334
50.807572
35.913450
27.225213
43.360511
27.845801
14.813445
17.295798
11.710503
-32.351273
-16.836563
-20.560093
-21.801270
-0.701265
12.331091
-5.045384
-9.389502
-29.868919
-52.210101
-45.383629
-42.280687
-41.039510
-37.936568
-39.798334
-74.551284
-67.104223
-57.795397
-41.660099
-38.557157
-17.457151
-6.286560
-24.283624
-46.004218
-61.518927
-70.827753
-74.551284
-88.204228
-106.201292
-74.551284
-82.618933
-88.824817
-104.960115
-96.892466
-86.342463
-93.168935
-102.477761
-113.648352
-119.233648
-116.751294
-120.474825
-117.992471
-120.474825
-127.921885
-142.816007
-134.127769
-131.645416
-137.230711
-126.680709
-119.854236
-108.063057
-101.857173
-78.895402
-62.139516
-55.933632
-72.068930
-70.827753
-50.968925
-28.627743
-18.698328
-1.942442
14.192857
32.810508
41.498746
30.948743
65.081105
52.048748
36.534039
40.257569
41.498746
41.498746
41.498746
40.257569
47.084041
42.739923
49.566395
54.531102
71.286989
89.904640
87.422287
106.660527
96.110524
80.595815
94.869348
97.351701
107.901704
114.728176
101.075231
106.039939
99.213466
101.695820
118.451706
112.245823
124.037002
130.863474
131.484063
148.239949
143.895831
132.725239
128.381121
110.384057
102.936997
101.075231
82.457580
75.631107
58.254632
53.289925
41.498746
31.569332
29.086978
16.054622
-6.286560
-20.560093
-25.524801
-38.557157
-35.454215
-46.004218
-49.727748
-34.213038
-41.039510
-53.451278
-53.451278
-48.486571
-37.936568
-45.383629
-53.451278
-59.036574
-69.586576
-85.721875
-83.860109
-57.174809
-56.554220
-68.345400
-82.618933
-72.689518
-75.792460
-73.310107
-86.963051
-104.339526
-94.410112
-122.957178
-124.198355
-121.095413
-128.542474
-100.615996
-87.583640
-78.274814
-47.245394
-43.521864
-34.833626
-24.904212
-28.007154
-27.386566
-36.695392
-53.451278
-41.660099
-39.177745
-46.004218
-26.145389
-24.904212
-11.251268
17.295798
9.228149
1.781089
21.639917
-0.080676
-8.148326
-6.907149
26.604624
25.984036
-2.563030
14.192857
-1.321853
-3.183618
16.054622
19.778152
-4.424795
8.607561
14.192857
14.192857
30.328155
38.395804
27.845801
22.260506
9.848738
16.054622
36.534039
46.463453
41.498746
46.463453
61.357574
52.669337
42.119334
40.878157
34.051685
5.504619
22.881094
15.434033
12.331091
5.504619
1.160500
14.813445
27.225213
18.536975
30.328155
22.260506
11.710503
13.572268
17.295798
19.157564
6.125207
16.054622
6.745796
24.742859
50.186983
50.186983
49.566395
43.360511
33.431097
40.878157
37.775215
48.325218
27.225213
27.225213
36.534039
19.778152
14.813445
-3.183618
-1.942442
-14.354210
-14.354210
1.781089
6.125207
-11.251268
-6.907149
-10.630679
-23.042447
-3.183618
-5.665972
-10.630679
-15.595386
-28.007154
-31.110096
-12.492444
-13.733621
-23.042447
-17.457151
-14.354210
-16.215975
-8.148326
-8.148326
-23.663035
-11.871856
-8.148326
-23.663035
-19.318917
-23.663035
-41.039510
-41.660099
-48.486571
-44.142452
-47.245394
-44.142452
-41.039510
-37.315980
-18.077740
-3.804207
-13.113033
-10.630679
-0.080676
11.710503
7.986973
-13.733621
-5.665972
-13.113033
-24.904212
-24.283624
-22.421859
-33.592450
-32.971861
-35.454215
-36.695392
-17.457151
-29.248331
-26.765977
-5.665972
-13.113033
-8.768914
2.401677
18.536975
27.845801
29.707566
15.434033
16.675210
13.572268
4.263442
-9.389502
9.848738
24.742859
-3.183618
-11.871856
-23.663035
-5.665972
-1.942442
-9.389502
-11.251268
-5.665972
-23.042447
-36.695392
-25.524801
-16.836563
-26.145389
-14.974798
-13.113033
-16.836563
3.642854
19.157564
18.536975
25.363448
37.154627
34.672273
34.051685
35.292862
32.189920
36.534039
34.051685
29.086978
21.639917
5.504619
13.572268
8.607561
3.642854
-7.527737
3.022265
11.089915
25.363448
34.051685
43.360511
46.463453
21.639917
0.539912
4.263442
16.054622
17.295798
16.675210
16.054622
29.707566
17.916387
38.395804
37.775215
43.360511
46.463453
39.636981
42.739923
45.842865
42.119334
25.984036
21.639917
9.228149
-10.010091
-6.907149
-2.563030
7.366384
13.572268
1.781089
-3.183618
-6.907149
-9.389502
-6.286560
0.539912
2.401677
6.125207
1.160500
-3.804207
-2.563030
-1.321853
-5.045384
-5.665972
-13.113033
-22.421859
-29.868919
-30.489508
-26.145389
-8.768914
-8.768914
-6.907149
14.192857
25.363448
25.363448
30.948743
47.084041
34.051685
12.331091
10.469326
-5.665972
-26.145389
-37.315980
-42.901276
-42.901276
-36.074803
-26.765977
-32.351273
-27.386566
-20.560093
-17.457151
-14.354210
-20.560093
-8.148326
-6.907149
-17.457151
-31.110096
-41.660099
-49.727748
-48.486571
-46.624806
-44.763041
-50.348336
-59.036574
-64.621869
-74.551284
-62.139516
-50.348336
-54.692455
-73.930695
-65.863046
-56.554220
-58.415985
-50.968925
-47.865983
-57.174809
-43.521864
-45.383629
-60.898339
-60.277751
-64.621869
-67.104223
-69.586576
-64.621869
-49.107159
-41.660099
-26.145389
-34.213038
-38.557157
-28.627743
-24.283624
-24.283624
-32.971861
-14.354210
-24.904212
-21.180682
-6.286560
5.504619
21.019329
27.845801
30.948743
32.189920
33.431097
23.501682
27.845801
31.569332
22.881094
16.054622
14.192857
16.675210
25.984036
28.466390
42.119334
34.672273
47.704630
54.531102
58.254632
63.839928
63.839928
60.736986
52.048748
52.048748
53.910514
55.151690
53.289925
50.186983
33.431097
40.257569
34.051685
39.636981
53.910514
48.325218
43.360511
39.016392
32.189920
33.431097
37.154627
48.325218
53.289925
56.392867
55.151690
40.257569
35.292862
27.225213
28.466390
25.363448
22.881094
22.260506
22.881094
27.225213
34.051685
31.569332
34.672273
35.292862
16.675210
10.469326
4.884031
-11.871856
-19.939505
-28.627743
-41.660099
-32.351273
-23.042447
-23.042447
-19.939505
-26.765977
-27.386566
-18.698328
-2.563030
1.160500
-3.183618
-1.942442
4.884031
-3.183618
-20.560093
-3.804207
-5.045384
-11.871856
-3.183618
-16.836563
-27.386566
-42.280687
-50.348336
-42.280687
-49.107159
-57.174809
-59.657162
-60.277751
-45.383629
-40.418922
-34.213038
-28.627743
-34.213038
-37.936568
-41.660099
-33.592450
-36.695392
-42.280687
-36.074803
-34.833626
-24.904212
-23.663035
-24.283624
-16.215975
-18.077740
-29.868919
-21.180682
-25.524801
-37.936568
-33.592450
-32.351273
-34.833626
-26.145389
-21.801270
-40.418922
-42.280687
-35.454215
-29.248331
-32.971861
-36.695392
-39.177745
-32.351273
-26.765977
-12.492444
6.745796
11.089915
9.848738
3.022265
11.089915
14.813445
24.122271
19.157564
7.366384
-1.942442
-6.907149
6.125207
7.366384
16.675210
24.742859
29.086978
23.501682
30.328155
32.189920
27.845801
30.328155
28.466390
34.051685
23.501682
32.810508
33.431097
40.878157
40.257569
57.634044
55.151690
55.151690
66.942870
57.634044
61.357574
60.116398
47.084041
46.463453
50.186983
43.360511
48.945806
45.222276
43.981099
57.013456
40.257569
41.498746
48.945806
42.119334
32.189920
19.157564
27.845801
25.984036
22.881094
18.536975
5.504619
-2.563030
0.539912
-0.701265
-5.665972
-5.045384
-4.424795
-6.286560
-13.733621
-3.183618
-5.665972
-8.148326
-11.251268
-11.871856
-5.665972
-6.286560
-13.733621
-14.354210
-19.939505
-27.386566
-31.730684
-25.524801
-26.145389
-29.868919
-26.765977
-29.868919
-32.971861
-37.936568
-28.627743
-29.868919
-28.007154
-29.248331
-33.592450
-31.110096
-18.698328
-8.148326
-11.871856
-11.871856
-8.768914
-13.113033
-19.939505
-13.113033
-6.907149
-5.665972
-13.113033
-20.560093
-28.007154
-26.765977
-20.560093
-34.213038
-34.213038
-31.730684
-36.695392
-36.695392
-24.283624
-10.630679
-13.113033
-26.765977
-39.798334
-31.110096
-32.971861
-19.939505
-11.251268
-20.560093
-13.733621
-22.421859
-29.868919
-24.283624
-24.904212
-24.904212
-28.007154
-31.730684
-25.524801
-23.042447
-22.421859
-19.939505
-22.421859
-17.457151
-23.663035
-29.248331
-22.421859
-20.560093
-14.974798
-14.974798
13.032356
