0.925686
-1.295960
-2.036509
-2.777058
-3.517607
-4.258155
-5.739253
-5.739253
-4.258155
-4.258155
-5.739253
-4.998704
-4.998704
-6.479802
-6.479802
-5.739253
-5.739253
-2.777058
-2.036509
-2.036509
-1.295960
-2.777058
-1.295960
-2.777058
-1.295960
-1.295960
-2.036509
-0.555412
0.925686
1.666235
0.925686
2.406783
1.666235
3.147332
3.147332
2.406783
5.368978
3.147332
3.147332
6.109527
4.628430
6.850076
9.071722
8.331173
7.590625
9.812271
8.331173
7.590625
8.331173
7.590625
7.590625
6.109527
6.109527
6.109527
8.331173
8.331173
8.331173
9.812271
6.109527
5.368978
4.628430
3.887881
5.368978
5.368978
4.628430
3.887881
3.147332
0.925686
-0.555412
2.406783
0.185137
-2.036509
-3.517607
-2.036509
-4.258155
-1.295960
-1.295960
-2.777058
-1.295960
-2.777058
-4.258155
-3.517607
-4.998704
-5.739253
-5.739253
-6.479802
-2.777058
-3.517607
-4.258155
-6.479802
-4.998704
-6.479802
-8.701448
-5.739253
-5.739253
-5.739253
-4.258155
-3.517607
-5.739253
-4.998704
-5.739253
-6.479802
-5.739253
-4.998704
-2.777058
-4.258155
-4.258155
-4.998704
-4.258155
-4.998704
-4.998704
-3.517607
-2.777058
-2.036509
-2.777058
-2.036509
-1.295960
0.185137
-2.777058
-3.517607
-4.998704
-4.998704
-5.739253
-6.479802
-4.998704
-4.998704
-3.517607
-3.517607
-3.517607
-4.998704
-6.479802
-6.479802
-7.220350
-3.517607
-2.777058
-4.258155
-2.777058
-2.777058
-0.555412
0.925686
0.925686
1.666235
0.925686
-0.555412
0.185137
1.666235
3.887881
3.887881
2.406783
3.887881
3.147332
0.925686
3.147332
3.147332
3.147332
3.147332
2.406783
2.406783
3.887881
3.147332
2.406783
1.666235
1.666235
1.666235
0.925686
2.406783
3.147332
3.147332
1.666235
2.406783
3.147332
1.666235
4.628430
3.887881
3.887881
5.368978
3.887881
4.628430
3.887881
1.666235
1.666235
0.185137
-0.555412
0.185137
-2.036509
-1.295960
-1.295960
-1.295960
0.925686
1.666235
0.185137
0.185137
1.666235
1.666235
0.925686
-0.555412
-0.555412
-1.295960
-0.555412
0.185137
0.185137
1.666235
3.887881
6.109527
7.590625
9.812271
9.071722
9.071722
6.850076
6.109527
5.368978
6.109527
7.590625
8.331173
9.071722
10.552820
10.552820
7.590625
8.331173
6.850076
5.368978
5.368978
4.628430
3.887881
6.109527
3.887881
4.628430
6.109527
5.368978
6.109527
3.887881
3.887881
3.887881
4.628430
3.887881
4.628430
1.666235
0.185137
-0.555412
0.185137
-1.295960
-2.036509
-2.036509
-2.777058
-2.777058
-4.258155
-4.998704
-4.258155
-2.036509
-5.739253
-4.258155
-5.739253
-6.479802
-4.258155
-4.998704
-4.998704
-5.739253
-6.479802
-6.479802
-7.220350
-8.701448
-6.479802
-9.441997
-9.441997
-7.220350
-8.701448
-6.479802
-4.998704
-4.258155
-3.517607
-3.517607
-3.517607
-3.517607
-4.998704
-4.258155
-4.998704
-4.258155
-5.739253
-5.739253
-6.479802
-8.701448
-8.701448
-7.220350
-4.998704
-3.517607
-1.295960
0.925686
0.185137
-1.295960
-2.036509
-3.517607
-0.555412
-1.295960
0.925686
0.925686
0.925686
1.666235
3.147332
2.406783
4.628430
3.887881
3.147332
4.628430
3.887881
3.147332
5.368978
5.368978
4.628430
5.368978
4.628430
3.147332
0.925686
-2.036509
-2.777058
-5.739253
-4.258155
-2.036509
-2.036509
-1.295960
-2.036509
-1.295960
-2.036509
-2.777058
-2.777058
-2.036509
-3.517607
-2.036509
-2.777058
-4.258155
-4.258155
-4.258155
-4.258155
-2.777058
-2.036509
0.925686
0.925686
1.666235
0.185137
1.666235
2.406783
0.925686
3.887881
3.887881
4.628430
4.628430
3.887881
4.628430
4.628430
3.887881
6.109527
5.368978
6.109527
6.850076
6.109527
7.590625
8.331173
6.850076
6.850076
9.071722
8.331173
6.109527
6.850076
7.590625
8.331173
9.812271
9.071722
9.812271
11.293368
9.071722
8.331173
11.293368
11.293368
12.033917
12.033917
10.552820
9.071722
9.812271
6.850076
5.368978
6.109527
7.590625
7.590625
8.331173
6.850076
5.368978
5.368978
3.887881
3.147332
3.147332
0.185137
-3.517607
-4.998704
-5.739253
-7.220350
-7.960899
-7.220350
-9.441997
-10.182545
-8.701448
-9.441997
-8.701448
-7.220350
-7.960899
-9.441997
-7.220350
-7.960899
-7.960899
-7.960899
-8.701448
-9.441997
-10.923094
-10.923094
-10.923094
-10.182545
-9.441997
-9.441997
-9.441997
-8.701448
-7.220350
-7.960899
-6.479802
-4.998704
-4.258155
-4.258155
-4.258155
-3.517607
-3.517607
-4.258155
-4.998704
-4.258155
-4.998704
-2.036509
-1.295960
-0.555412
0.925686
3.887881
1.666235
2.406783
3.887881
2.406783
1.666235
0.925686
0.925686
1.666235
0.185137
-1.295960
-0.555412
-2.036509
-2.036509
0.925686
1.666235
3.147332
3.887881
2.406783
1.666235
1.666235
0.925686
0.925686
1.666235
0.185137
-0.555412
0.185137
-0.555412
-2.036509
-2.777058
-1.295960
-1.295960
0.185137
0.185137
0.925686
0.185137
-1.295960
-2.036509
-4.258155
-4.998704
-2.777058
-4.258155
-4.998704
-5.739253
-4.998704
-6.479802
-6.479802
-6.479802
-5.739253
-5.739253
-4.998704
-5.739253
-6.479802
-4.998704
-5.739253
-4.258155
-3.517607
-4.998704
-5.739253
-4.998704
-3.517607
-2.036509
-2.036509
0.185137
2.406783
2.406783
0.925686
1.666235
1.666235
-1.295960
-0.555412
-0.555412
-0.555412
3.147332
3.887881
1.666235
5.368978
7.590625
7.590625
10.552820
12.774466
12.033917
11.293368
11.293368
9.071722
10.552820
12.033917
12.774466
12.774466
14.255563
13.515015
14.996112
17.958307
15.736661
16.477210
17.958307
17.958307
17.217758
16.477210
16.477210
14.255563
13.515015
9.812271
7.590625
11.293368
12.033917
11.293368
12.774466
12.774466
12.774466
10.552820
8.331173
6.850076
6.109527
6.109527
4.628430
2.406783
0.185137
-0.555412
-1.295960
-1.295960
-3.517607
-2.777058
-2.777058
-6.479802
-4.998704
-4.258155
-4.998704
-6.479802
-6.479802
-6.479802
-6.479802
-4.998704
-5.739253
-4.258155
-6.479802
-7.960899
-9.441997
-8.701448
-8.701448
-8.701448
-9.441997
-10.182545
-9.441997
-11.663643
-10.182545
-12.404192
-13.144740
-12.404192
-13.144740
-13.144740
-11.663643
-10.923094
-11.663643
-10.182545
-10.182545
-10.182545
-11.663643
-8.701448
-6.479802
-7.960899
-7.220350
-7.960899
-8.701448
-10.182545
-8.701448
-9.441997
-6.479802
-5.739253
-4.998704
-7.220350
-7.220350
-7.220350
-6.479802
-4.258155
-3.517607
-2.036509
-2.036509
-1.295960
-2.036509
-0.555412
2.406783
0.925686
0.185137
0.925686
0.925686
0.185137
0.925686
-1.295960
-1.295960
-2.036509
-2.036509
0.925686
0.185137
0.925686
0.185137
0.925686
0.185137
2.406783
5.368978
5.368978
5.368978
6.850076
6.109527
6.109527
6.109527
7.590625
9.071722
8.331173
6.850076
7.590625
6.109527
9.071722
8.331173
8.331173
8.331173
9.071722
9.071722
9.071722
9.071722
7.590625
9.071722
8.331173
8.331173
8.331173
9.812271
8.331173
7.590625
7.590625
7.590625
7.590625
6.850076
5.368978
4.628430
5.368978
3.147332
4.628430
6.109527
4.628430
4.628430
6.850076
4.628430
3.887881
2.406783
3.147332
1.666235
-3.517607
-1.295960
-1.295960
-2.036509
-1.295960
-0.555412
0.925686
0.925686
-0.555412
-1.295960
-2.036509
-4.258155
-4.998704
-5.739253
-3.517607
-2.777058
-1.295960
-1.295960
-1.295960
0.925686
-2.036509
-1.295960
-2.036509
-2.777058
-2.036509
-1.295960
-2.777058
-4.258155
-4.998704
-4.258155
-7.960899
-4.998704
-2.036509
-4.258155
-0.555412
0.185137
0.925686
1.666235
-1.295960
-0.555412
1.666235
0.925686
0.925686
2.406783
-0.555412
-0.555412
0.185137
-0.555412
-3.517607
-2.036509
-4.258155
-3.517607
-2.036509
-3.517607
-1.295960
-0.555412
0.185137
-0.555412
0.185137
-0.555412
-1.295960
-1.295960
-2.036509
-4.258155
-3.517607
-2.036509
-5.739253
-7.220350
-4.998704
-3.517607
-4.258155
-7.220350
-5.739253
-4.998704
-6.479802
-5.739253
-4.998704
-4.258155
-7.220350
-7.220350
-5.739253
-4.258155
-4.258155
-2.777058
-4.258155
-4.258155
-4.258155
-3.517607
-4.258155
-4.998704
-4.258155
-4.258155
-3.517607
-0.555412
2.406783
3.147332
1.666235
0.185137
1.666235
0.925686
0.925686
0.185137
3.147332
2.406783
3.887881
4.628430
5.368978
5.368978
5.368978
6.109527
6.109527
8.331173
9.812271
10.552820
10.552820
11.293368
8.331173
7.590625
8.331173
6.850076
3.887881
3.887881
3.147332
3.147332
3.147332
1.666235
2.406783
1.666235
1.666235
1.666235
0.925686
1.666235
3.887881
1.666235
2.406783
0.925686
-1.295960
0.185137
2.406783
-0.555412
2.406783
2.406783
1.666235
3.887881
0.185137
2.406783
1.666235
0.925686
-0.555412
0.185137
0.185137
0.185137
0.925686
0.925686
3.147332
3.887881
0.185137
-0.555412
-1.295960
-1.295960
0.925686
0.925686
2.406783
0.925686
-0.555412
-1.295960
-2.777058
0.185137
2.406783
0.925686
0.185137
-0.555412
-1.295960
-2.036509
-2.777058
-4.258155
-3.517607
-2.777058
-2.777058
-3.517607
-1.295960
-2.036509
-3.517607
-2.036509
-2.777058
-3.517607
-3.517607
-2.777058
-2.036509
-1.295960
-0.555412
0.185137
2.406783
0.925686
-0.555412
-2.036509
-4.998704
-4.258155
-2.777058
-4.258155
-5.739253
-3.517607
-4.998704
-4.258155
-2.777058
-2.777058
-2.036509
-4.258155
-5.739253
-4.998704
-4.998704
-6.479802
-5.739253
-4.998704
-2.777058
-1.295960
0.185137
4.628430
5.368978
3.887881
5.368978
4.628430
3.887881
4.628430
3.887881
0.925686
1.666235
0.185137
-0.555412
3.147332
6.109527
8.331173
12.774466
11.293368
9.071722
7.590625
3.147332
0.925686
1.666235
-2.036509
0.185137
1.666235
1.666235
5.368978
6.109527
6.109527
11.293368
9.071722
8.331173
9.071722
2.406783
-1.295960
-0.555412
-2.777058
-0.555412
2.406783
5.368978
6.850076
6.109527
3.887881
2.406783
0.925686
-0.555412
-2.777058
-4.258155
-6.479802
-7.220350
-7.220350
-7.220350
-2.036509
1.666235
2.406783
1.666235
1.666235
1.666235
-2.036509
-4.998704
-6.479802
-5.739253
-4.998704
-3.517607
-0.555412
0.185137
3.147332
3.147332
3.887881
5.368978
2.406783
2.406783
-0.555412
-4.998704
-4.998704
-6.479802
-7.960899
-4.258155
-2.036509
0.185137
6.850076
7.590625
7.590625
7.590625
6.109527
1.666235
1.666235
-2.036509
-4.258155
-3.517607
-2.036509
1.666235
3.887881
5.368978
7.590625
4.628430
0.185137
-0.555412
-2.036509
-6.479802
-5.739253
-7.960899
-9.441997
-7.220350
-7.220350
-5.739253
-1.295960
-0.555412
0.185137
1.666235
-2.036509
-4.258155
-6.479802
-10.923094
-10.923094
-10.923094
-10.182545
-8.701448
-5.739253
-5.739253
-2.036509
-1.295960
-2.036509
1.666235
-3.517607
-4.998704
-5.739253
-7.220350
-7.220350
-2.777058
0.185137
3.887881
7.590625
6.109527
8.331173
7.590625
2.406783
2.406783
0.925686
-1.295960
-0.555412
-2.777058
-4.258155
0.185137
1.666235
4.628430
9.071722
8.331173
6.850076
7.590625
2.406783
0.185137
-0.555412
-3.517607
-7.220350
-5.739253
-5.739253
-0.555412
5.368978
6.850076
11.293368
12.033917
10.552820
11.293368
8.331173
2.406783
0.185137
-3.517607
-4.998704
-3.517607
-4.258155
0.925686
5.368978
9.071722
12.033917
14.255563
10.552820
6.109527
1.666235
-3.517607
-4.258155
-7.220350
-12.404192
-7.960899
-5.739253
-5.739253
3.147332
6.850076
8.331173
11.293368
9.071722
7.590625
4.628430
-5.739253
-10.923094
-13.144740
-14.625838
-10.182545
-5.739253
-0.555412
5.368978
8.331173
11.293368
12.774466
11.293368
6.109527
0.925686
-8.701448
-14.625838
-13.885289
-13.885289
-10.182545
-2.036509
4.628430
11.293368
17.958307
17.217758
16.477210
11.293368
3.887881
-1.295960
-7.220350
-11.663643
-10.923094
-8.701448
-5.739253
2.406783
12.033917
17.217758
21.661051
21.661051
20.179953
14.996112
5.368978
1.666235
-2.777058
-10.182545
-6.479802
-2.036509
1.666235
7.590625
12.033917
17.958307
15.736661
9.812271
7.590625
0.185137
-7.960899
-13.885289
-21.290776
-24.993520
-23.512423
-19.069130
-14.625838
-4.998704
3.887881
8.331173
12.033917
9.812271
5.368978
0.925686
-8.701448
-16.106935
-19.809679
-25.734069
-27.955715
-26.474618
-22.031325
-11.663643
-1.295960
3.887881
6.109527
1.666235
-3.517607
-8.701448
-16.847484
-21.290776
-21.290776
-23.512423
-19.069130
-13.144740
-8.701448
0.925686
9.071722
12.033917
12.033917
12.033917
8.331173
3.147332
-1.295960
-8.701448
-12.404192
-12.404192
-7.960899
-3.517607
2.406783
9.071722
14.996112
15.736661
14.255563
13.515015
7.590625
-0.555412
-4.258155
-5.739253
-7.960899
-4.998704
2.406783
9.812271
18.698856
20.920502
22.401600
23.882697
18.698856
14.996112
12.033917
6.109527
0.925686
-2.036509
-6.479802
-2.036509
1.666235
4.628430
9.812271
15.736661
19.439405
20.920502
14.255563
9.071722
1.666235
-7.960899
-13.885289
-12.404192
-5.739253
-2.036509
7.590625
13.515015
15.736661
20.179953
14.996112
10.552820
3.887881
-4.998704
-12.404192
-16.106935
-17.588033
-13.885289
-7.220350
-0.555412
6.109527
13.515015
17.217758
15.736661
10.552820
0.925686
-8.701448
-13.144740
-17.588033
-19.069130
-13.144740
-11.663643
-6.479802
-0.555412
6.109527
11.293368
12.774466
11.293368
6.850076
0.925686
-5.739253
-10.182545
-13.885289
-16.106935
-11.663643
-6.479802
0.185137
11.293368
12.774466
12.033917
9.812271
2.406783
-2.036509
-6.479802
-10.923094
-13.885289
-13.144740
-9.441997
-3.517607
1.666235
8.331173
14.996112
17.217758
15.736661
11.293368
4.628430
-4.258155
-8.701448
-13.144740
-16.106935
-10.182545
-3.517607
3.887881
10.552820
14.996112
20.179953
17.958307
9.812271
6.109527
-6.479802
-16.106935
-22.031325
-25.734069
-22.031325
-16.106935
-7.220350
2.406783
11.293368
18.698856
21.661051
19.439405
14.996112
4.628430
-5.739253
-18.328581
-24.993520
-27.955715
-24.993520
-16.106935
-4.258155
12.033917
21.661051
31.288185
34.990928
29.807087
20.179953
4.628430
-10.923094
-23.512423
-30.177361
-28.696264
-21.290776
-8.701448
7.590625
23.142148
31.288185
29.066538
22.401600
11.293368
-4.258155
-22.031325
-34.620654
-37.582849
-40.545044
-32.399008
-19.069130
-5.739253
13.515015
28.325990
33.509831
33.509831
21.661051
2.406783
-16.106935
-30.917910
-33.139556
-29.436813
-24.993520
-11.663643
0.925686
8.331173
17.958307
28.325990
29.807087
29.066538
20.920502
2.406783
-14.625838
-26.474618
-35.361203
-30.917910
-17.588033
-6.479802
10.552820
23.142148
26.844892
27.585441
23.882697
17.217758
11.293368
0.185137
-7.960899
-16.847484
-26.474618
-24.993520
-15.366386
-3.517607
8.331173
19.439405
24.623246
26.844892
23.142148
13.515015
4.628430
-3.517607
-14.625838
-19.809679
-23.512423
-22.031325
-15.366386
-4.998704
3.147332
12.774466
18.698856
17.958307
17.217758
9.071722
-2.036509
-15.366386
-26.474618
-32.399008
-35.361203
-28.696264
-13.144740
-3.517607
3.147332
9.071722
10.552820
4.628430
1.666235
-3.517607
-8.701448
-6.479802
-7.220350
-2.777058
6.850076
14.996112
23.882697
34.990928
37.953123
38.693672
33.509831
15.736661
-1.295960
-13.144740
-14.625838
-13.144740
-9.441997
0.185137
8.331173
17.958307
23.142148
30.547636
28.325990
20.179953
13.515015
0.925686
-11.663643
-16.847484
-16.847484
-17.588033
-8.701448
2.406783
10.552820
19.439405
24.623246
26.104343
23.142148
15.736661
6.109527
-7.960899
-21.290776
-29.436813
-36.101751
-31.658459
-19.069130
-4.258155
8.331173
17.217758
19.439405
15.736661
9.071722
0.925686
-4.998704
-11.663643
-20.550228
-27.215166
-30.917910
-30.917910
-26.474618
-13.144740
-0.555412
12.033917
14.255563
10.552820
4.628430
-10.182545
-16.847484
-21.290776
-24.993520
-23.512423
-18.328581
-12.404192
-0.555412
12.774466
23.882697
29.807087
29.066538
21.661051
7.590625
-8.701448
-24.993520
-34.620654
-39.804495
-43.507239
-36.101751
-23.512423
-10.182545
9.071722
20.920502
24.623246
26.104343
12.774466
-7.220350
-16.106935
-24.993520
-27.955715
-16.106935
-7.960899
9.071722
29.807087
34.990928
45.358611
45.358611
29.066538
11.293368
-13.885289
-36.101751
-44.247788
-42.766690
-30.177361
-15.366386
-2.036509
14.255563
28.325990
42.396416
52.023549
57.207391
47.580257
23.142148
6.109527
-15.366386
-22.031325
-15.366386
-4.998704
9.812271
20.179953
28.325990
35.731477
32.028733
25.363795
23.142148
17.217758
12.033917
5.368978
-4.998704
-4.998704
4.628430
17.217758
41.655867
63.872329
70.537268
69.796719
49.801903
24.623246
-1.295960
-28.696264
-40.545044
-50.912726
-62.020958
-62.020958
-65.723701
-64.983153
-50.172178
-27.215166
-6.479802
12.774466
17.958307
6.109527
-6.479802
-21.290776
-33.139556
-33.139556
-33.139556
-30.917910
-32.399008
-26.474618
-13.885289
-5.739253
-1.295960
-3.517607
-7.220350
-22.771874
-43.507239
-59.799311
-67.945348
-72.388640
-67.204799
-47.950531
-25.734069
2.406783
31.288185
55.726293
69.056171
72.758914
61.650683
41.655867
16.477210
-7.960899
-22.771874
-24.993520
-16.847484
-0.555412
26.104343
49.061354
57.947939
57.947939
57.947939
46.099159
34.990928
19.439405
-1.295960
-4.258155
-6.479802
-4.258155
9.071722
25.363795
48.320806
63.872329
65.353427
62.391232
61.650683
66.093976
91.272633
144.592143
189.765616
209.760432
198.652201
150.516533
81.645499
-0.555412
-70.166994
-104.972785
-127.189247
-164.216685
-204.206317
-222.720036
-209.390158
-159.773392
-96.826749
-27.955715
34.990928
62.391232
40.174770
-4.998704
-46.469434
-56.096568
-47.209983
-41.285593
-30.917910
-16.106935
-1.295960
0.925686
-2.036509
-2.777058
-4.258155
-26.474618
-76.091384
-136.075832
-185.692598
-219.757841
-220.498389
-199.022476
-156.811197
-79.053579
4.628430
74.240012
128.300070
160.143666
165.327508
149.035435
108.305254
42.396416
-24.252971
-73.869737
-107.934980
-123.486503
-109.416077
-76.091384
-39.063946
5.368978
34.250380
49.801903
57.947939
40.174770
9.071722
-16.847484
-43.507239
-56.837116
-36.842300
2.406783
56.466842
111.267449
168.289703
203.836043
206.057689
179.397934
122.375680
56.466842
-16.106935
-86.459066
-133.854186
-149.405710
-136.816381
-114.599919
-72.388640
-13.144740
38.693672
79.423853
121.635132
140.889399
137.186655
112.748547
60.169586
14.996112
-6.479802
-4.258155
50.542452
151.997630
279.372015
395.638168
454.882068
443.033288
363.794572
234.198541
81.645499
-60.539860
-176.065465
-271.596253
-352.316066
-397.489540
-397.489540
-325.656311
-182.730403
-8.701448
136.446107
226.052505
246.787870
191.987263
83.126597
-26.474618
-102.010590
-138.297478
-147.184063
-144.962417
-122.005406
-81.275225
-32.399008
21.661051
57.207391
54.985744
9.812271
-99.788944
-233.828267
-360.462102
-452.290147
-484.133743
-455.992891
-363.424297
-236.049913
-76.091384
102.380864
238.641834
335.653719
374.902803
336.394268
243.085126
106.083608
-42.026141
-155.330100
-213.092902
-204.946866
-150.146258
-44.247788
92.013182
192.727811
253.452809
255.674455
196.430555
94.234828
-51.653275
-206.427963
-304.920946
-328.618506
-274.558448
-144.221868
34.250380
229.755249
430.443959
568.186026
612.618951
565.964380
408.227497
172.732995
-93.124005
-341.207835
-509.312400
-576.702336
-524.863924
-383.419114
-182.730403
39.434221
215.684822
334.172622
365.275669
320.842744
213.463176
54.985744
-104.972785
-247.158144
-321.213019
-306.402044
-218.276743
-58.318214
114.970193
263.820491
363.054023
377.124449
311.956160
166.068056
-6.479802
-187.173696
-356.759359
-456.733439
-468.582219
-338.245640
-58.318214
310.475062
685.192728
968.822898
1095.456733
1004.369238
726.663458
358.610731
-16.847484
-346.391676
-612.989225
-842.559336
-995.852927
-1007.701707
-846.262080
-553.745325
-183.470952
186.062873
447.476580
513.385419
376.383900
111.267449
-161.995038
-364.905395
-482.652646
-499.685267
-433.776428
-290.850520
-104.972785
98.678120
294.923538
454.882068
541.526271
488.206761
254.193357
-96.826749
-464.879476
-772.207206
-937.349576
-943.273966
-787.758729
-497.463621
-148.665161
206.057689
513.385419
747.398823
868.848817
847.372903
688.154923
383.789388
68.315622
-147.184063
-226.422779
-135.335283
67.575073
284.555856
492.650054
578.553708
507.461029
368.978413
187.543970
-4.258155
-221.979487
-510.793498
-754.434036
-815.899582
-712.963306
-416.003258
37.212575
520.050357
966.601252
1216.166179
1167.289962
905.876254
542.266820
119.413485
-303.439849
-684.081905
-936.609027
-1021.031584
-961.047136
-790.720924
-508.571852
-153.849002
163.105861
397.119265
451.919873
351.205243
201.614396
20.920502
-160.513941
-272.336802
-306.402044
-239.752657
-100.529492
63.131781
236.420187
401.562558
502.277187
485.985115
364.535121
139.408302
-105.713334
-356.018810
-514.496242
-458.214537
-126.448698
456.363165
1087.310697
1530.158848
1694.560669
1631.614026
1296.885993
755.544859
179.397934
-300.477654
-677.416966
-1109.897434
-1583.108083
-1859.332766
-1730.477284
-1243.936757
-584.107824
74.980561
634.835413
990.298811
941.422594
522.272004
28.325990
-291.591069
-421.927648
-531.528863
-614.470323
-564.113008
-399.711186
-153.849002
77.942756
261.598845
460.806458
483.763469
207.538786
-350.094420
-1005.480061
-1543.118451
-1820.083682
-1795.645573
-1523.864183
-948.457807
-173.103270
601.510719
1194.690265
1535.342689
1665.679268
1643.462806
1360.573185
765.171992
84.607694
-447.106306
-722.590440
-767.763913
-630.021846
-312.326434
115.710742
462.287555
568.186026
512.644870
426.000666
260.858296
-67.945348
-467.841671
-837.375495
-1043.248047
-937.349576
-610.767579
-110.156626
548.191210
1218.387825
1701.966157
1778.242678
1494.612508
966.601252
288.999148
-427.111490
-1105.454142
-1621.616618
-1882.289777
-1846.002888
-1570.518754
-1156.552005
-597.437701
30.547636
505.979931
717.776873
651.868034
417.854630
99.418669
-265.671863
-559.669715
-658.903247
-571.518495
-304.180398
43.877513
371.940608
708.890288
927.352168
978.450031
799.977784
405.265302
-112.378272
-572.259044
-952.901100
-1123.227311
-828.488910
39.434221
1356.870441
2625.430444
3423.001444
3717.739845
3538.527049
2879.438664
1818.232310
611.878402
-321.953568
-1003.258414
-1872.662643
-2931.647351
-3456.696412
-3037.545821
-1901.544044
-627.059651
509.682675
1538.304884
2131.484430
1818.972859
804.421076
-139.038027
-515.977339
-558.929167
-706.298367
-849.964824
-699.633428
-216.055097
272.707076
634.835413
996.223201
1391.676232
1434.628059
759.247602
-501.166364
-1847.483986
-2870.181805
-3341.911356
-3333.024771
-2896.101011
-1976.339468
-758.877328
519.309809
1538.304884
2161.846929
2629.873736
2932.017625
2643.203614
1685.674084
551.893953
-347.872774
-937.349576
-1169.141334
-1215.795905
-1016.588292
-504.128559
-49.431629
149.775984
192.727811
234.939090
232.717444
-30.177361
-650.016662
-1412.041323
-1757.877587
-1633.465398
-1122.486763
-305.661495
654.089680
1636.797867
2279.594179
2357.351798
1850.075906
1016.958566
126.078424
-855.889214
-1933.387640
-2820.565039
-3266.375384
-3177.509535
-2671.714741
-1965.231236
-967.712075
214.203725
1179.138742
1613.840856
1557.559151
1199.874107
694.819862
163.846410
-447.846855
-899.581590
-977.339208
-847.002629
-531.528863
-31.658459
619.283889
1287.999408
1744.917984
1735.290851
1350.946051
753.323213
77.202207
-478.949902
-850.705373
-693.709038
324.545488
1949.309438
3534.824305
4479.764505
4786.351687
4557.522124
3811.048987
2334.394787
612.618951
-535.231607
-1372.051690
-2481.393713
-3856.592735
-4677.861295
-4202.429000
-2918.317473
-1493.501685
-150.886807
1179.879291
2252.934424
2178.139001
1070.278076
21.661051
-346.391676
-293.812715
-473.766061
-863.294701
-881.067871
-518.939534
-199.022476
-90.161810
109.786352
468.952494
692.598215
248.268967
-949.938905
-2364.387011
-3342.651905
-3812.900359
-3880.290295
-3450.772022
-2526.567186
-1142.481579
383.048839
1524.234458
2222.571926
2866.849335
3413.374310
3397.082238
2602.473433
1589.402747
670.381753
-36.101751
-543.377643
-1100.270300
-1300.959011
-1032.139816
-754.434036
-515.236790
-212.352353
57.207391
356.389084
383.048839
-120.524309
-684.822453
-866.997445
-756.655682
-303.439849
443.033288
1097.678380
1850.816455
2532.861851
2572.110934
2078.905469
1419.817084
608.175658
-321.953568
-1366.867849
-2379.938534
-2939.052838
-2956.085459
-2744.288518
-2282.186100
-1483.134002
-435.257526
576.332062
1183.582034
1353.167697
1316.140260
1203.576850
834.783575
353.426889
-54.615470
-247.898693
-232.347169
-70.907542
174.954641
502.277187
925.871070
1168.030511
1052.504906
657.792424
225.311956
-65.723701
-241.233754
-307.142593
263.820491
1644.943903
3153.441700
4135.409338
4354.611767
4147.258118
3770.318806
2764.653608
1061.391491
-400.451735
-1087.680972
-1757.877587
-3080.497649
-4420.890880
-4754.137816
-3884.733588
-2579.886696
-1563.113267
-435.257526
953.271374
1645.684452
1109.527160
71.277817
-371.570334
-115.340467
112.007998
-129.410893
-421.927648
-248.639242
6.109527
-50.172178
-184.952049
-110.897175
191.246714
171.992446
-605.583738
-1952.641908
-3192.320509
-3833.635724
-4035.064983
-3858.814381
-3258.969897
-2158.514459
-578.183434
899.211316
1798.237494
2401.044174
3087.532862
3574.073388
3255.637427
2195.171622
1088.051246
573.369867
287.518051
-235.309364
-614.470323
-616.691969
-427.852038
-452.290147
-815.899582
-890.695005
-508.571852
-206.427963
-409.338320
-1064.723960
-1512.755952
-1420.187359
-855.889214
-87.940164
872.551561
2038.915837
3026.067316
3363.757544
2925.352686
1984.855778
1049.542711
220.128115
-886.251713
-2123.708668
-2986.447958
-3257.488799
-3119.006184
-2765.023883
-2059.280927
-892.916651
452.660421
1268.004591
1423.519828
1219.128374
1041.396675
799.977784
373.421705
34.250380
-20.550228
139.408302
330.469878
556.337246
878.475951
1355.389344
1669.382012
1559.780798
1103.602770
465.249750
-119.783760
-450.809050
-592.994409
-467.101122
497.833895
2186.285037
3797.719110
4675.269375
4785.611138
4557.522124
4056.911171
2735.031658
860.702781
-447.106306
-1136.557189
-2094.086718
-3712.926278
-5000.000000
-4988.891769
-3879.549746
-2757.618395
-1908.208983
-650.757211
705.187544
1156.922279
468.211945
-380.456919
-329.359055
186.062873
256.415004
-150.886807
-338.986189
-112.378272
-66.464250
-279.001740
-408.597771
-170.881623
194.208909
-56.096568
-1085.459325
-2382.900729
-3358.943977
-3785.500056
-3943.236939
-3866.960418
-3348.576295
-2184.433665
-669.270930
569.667123
1484.985374
2473.617951
3610.360277
4335.357500
4100.603547
3223.793831
2309.216129
1521.272263
661.495168
-369.348687
-1071.388899
-1139.519384
-989.928537
-1143.222128
-1337.986448
-1114.340726
-439.700818
109.045803
65.353427
-251.601437
-501.906913
-442.663013
-214.573999
79.423853
687.414374
1689.376828
2783.907876
3290.443218
2966.082867
2276.631984
1507.201837
587.440293
-582.626726
-1846.002888
-2625.800718
-2794.645833
-2875.365646
-2962.750398
-2575.443404
-1515.718147
-202.725219
656.311327
985.114970
1247.269226
1436.849706
1284.296664
876.254304
563.742733
437.108898
500.796090
492.650054
317.880549
336.394268
479.320176
566.704928
479.320176
213.463176
-16.847484
-124.227052
-194.579183
-145.702966
467.471396
1784.907617
3191.209686
4116.155071
4309.438294
4036.175806
3586.662717
2525.456363
1041.396675
-64.242604
-695.190136
-1506.091013
-2929.425704
-4347.576554
-4787.462510
-4194.282964
-3384.122635
-2676.158033
-1635.687044
-432.295331
157.922020
-199.763024
-724.812086
-441.181916
301.588477
719.998519
622.246084
424.519569
437.108898
257.155552
-147.924612
-435.998075
-358.240456
-71.648091
-147.924612
-920.316955
-2040.026660
-2949.420521
-3384.122635
-3587.773540
-3589.995186
-3267.856482
-2407.338838
-1141.000481
-45.728885
824.415892
1852.297552
3087.532862
4022.845929
4213.166957
3805.124597
3222.312734
2623.949346
1852.297552
646.684193
-435.257526
-949.198356
-1213.574259
-1473.506869
-1728.996186
-1700.114785
-1146.924871
-515.977339
-351.575517
-410.078868
-299.737105
-1.295960
426.741215
811.826563
1176.176547
1841.189321
2667.641723
3057.910912
2860.924945
2291.442959
1623.467990
790.350650
-317.510275
-1620.135520
-2531.010479
-2899.803755
-2907.949791
-2818.343392
-2529.529381
-1763.801977
-767.023364
96.456474
633.354316
939.200948
1182.841486
1307.253675
1065.834784
657.792424
371.940608
266.042137
288.258600
271.966527
265.301588
311.215611
354.167438
246.047321
66.093976
-173.103270
-249.379790
-87.940164
244.566224
1099.159477
2433.628319
3646.647166
4347.206280
4436.812678
4092.457511
3435.590773
2324.767653
1120.635391
283.815307
-284.926130
-1303.180657
-2955.344911
-4264.635095
-4570.481727
-4015.070167
-3384.863184
-2804.272966
-1816.380938
-832.191654
-564.113008
-1045.469693
-1178.768467
-366.386492
658.532973
1153.219536
1245.047580
1250.971970
1323.545747
1098.418928
570.407672
223.090310
230.495797
344.540304
-84.237420
-1124.708409
-2376.235791
-3261.932092
-3592.216833
-3802.532677
-3836.597919
-3503.350983
-2707.261080
-1753.434295
-998.074573
-221.238938
961.417410
2513.607583
3677.009664
3992.483430
3936.942274
3624.430703
3109.749324
2372.903321
1225.793313
174.954641
-495.982523
-1073.610545
-1799.348317
-2326.619025
-2505.831821
-2097.789462
-1406.116933
-1126.189506
-1031.399267
-731.477024
-327.137409
152.738179
643.721998
1005.109786
1704.187803
2598.030140
3009.034695
2892.768541
2461.028622
1873.032917
1054.726552
-86.459066
-1497.944977
-2495.464139
-3019.772652
-3353.760136
-3376.717147
-2955.344911
-2142.962936
-1112.119080
-156.811197
548.191210
1175.435998
1576.072870
1741.215240
1727.885363
1531.639945
1223.571667
923.649424
712.593031
565.223831
467.471396
366.016218
244.566224
130.521717
-4.998704
-264.931314
-380.456919
-201.244122
335.653719
1556.818603
2979.412745
4028.770319
4463.472433
4439.774873
4276.113600
3518.532232
2242.566742
1259.118006
700.003703
32.769282
-1377.235532
-3131.595512
-4145.406746
-4117.265894
-3661.087866
-3263.413189
-2702.817788
-1838.597401
-1292.072426
-1532.750768
-2070.389158
-1865.257156
-857.370311
97.197023
593.364683
810.345466
1050.283260
1196.911912
1139.889658
1071.018625
982.152775
1036.953382
977.709483
369.718962
-761.839523
-2122.227571
-2973.858629
-3365.608916
-3719.591217
-4020.254008
-3967.675047
-3357.462880
-2601.362610
-1991.150442
-1200.244381
92.753731
1823.416151
3171.214870
3799.200207
3893.249898
3832.524901
3576.295035
2783.167327
1698.263413
805.902174
315.658903
-113.118821
-732.958122
-1340.948643
-1571.999852
-1388.343763
-1079.534935
-1016.588292
-1143.222128
-1049.912986
-676.676417
-341.207835
-73.869737
351.945792
1242.825934
2285.518569
2939.423113
3139.371274
3028.288962
2828.340801
2199.614915
946.606435
-421.187100
-1541.637353
-2345.873292
-2999.037287
-3387.084830
-3195.282704
-2415.484874
-1432.776688
-646.313919
128.300070
937.719850
1419.817084
1621.246344
1707.149998
1653.830488
1362.054282
824.415892
237.160736
-174.584367
-453.771244
-640.389529
-639.648980
-446.365757
-197.541378
-18.328581
69.056171
526.715296
1767.134447
3247.491391
4276.113600
4568.630355
4441.996519
4136.149887
3249.713037
1764.172252
625.208279
344.540304
88.310438
-1101.751398
-2825.008331
-3963.972303
-4105.417114
-3816.603103
-3675.158292
-3207.131484
-2219.239456
-1668.271189
-2074.091902
-2801.310771
-2582.848891
-1369.830044
-176.065465
551.893953
1085.829600
1668.641463
1867.108527
1570.148480
1347.983856
1442.774096
1639.760062
1424.260377
626.689377
-507.831303
-1702.336431
-2582.848891
-3017.551005
-3196.023253
-3286.370200
-3248.602214
-3053.097345
-2856.851927
-2639.871145
-2123.708668
-1113.600178
226.793054
1419.076536
2209.242048
2844.632873
3337.838338
3633.317288
3650.349909
3383.752360
2949.790795
2342.540823
1420.557633
331.950976
-517.458437
-1127.670604
-1551.264487
-1853.408376
-2002.258674
-2089.643426
-2092.605621
-1890.435813
-1452.771504
-784.055985
-90.902359
722.220165
1609.397564
2280.334728
2602.473433
2773.540193
2798.718851
2546.191728
1901.173770
925.871070
-34.620654
-1152.108713
-2157.773910
-2837.597660
-2979.042470
-2624.319621
-2159.995557
-1563.853816
-959.566038
-326.396860
233.457992
551.153405
825.896990
1099.900026
1219.868923
1092.494538
843.670160
628.170474
421.557374
194.949458
29.066538
-49.431629
59.429037
132.743363
305.291221
1230.236605
2663.938979
3945.088310
4537.527308
4608.619987
4541.230051
3973.969712
2770.577998
1471.655497
778.501870
360.832377
-797.385863
-2425.112008
-3666.271707
-3886.955234
-3491.502203
-3168.622950
-2622.838523
-1804.532158
-1369.830044
-1657.162958
-2471.026030
-2842.781501
-2288.110490
-1342.429740
-538.193802
54.985744
737.771689
1285.037213
1627.170734
1800.459140
1938.201207
2306.994483
2404.746917
1807.124079
485.985115
-1081.016033
-2094.086718
-2606.546451
-2966.453142
-3279.705262
-3296.737883
-2906.468693
-2641.352242
-2717.628763
-2622.097975
-1941.533676
-955.863295
-179.027659
362.313474
849.594550
1465.731107
1968.563706
2158.144185
2221.090828
2308.475580
2463.990817
2405.487466
1921.909135
1189.506424
696.300959
431.184508
7.590625
-457.473988
-845.521531
-1231.347428
-1404.635835
-1492.761136
-1577.924242
-1362.424557
-789.239827
-39.804495
677.787240
1198.393009
1543.488725
1930.795720
2213.685341
2134.446625
1791.572555
1168.030511
354.907987
-537.453253
-1510.534306
-2275.521161
-2425.112008
-2022.253490
-1463.879735
-852.927019
-222.720036
326.026586
700.744251
899.951864
940.682045
929.573814
880.697597
613.359499
193.468360
-237.531010
-590.772763
-734.439219
-627.059651
-300.477654
485.244566
1890.065539
3260.080720
4173.177324
4582.700781
4707.112971
4623.430962
3888.066057
2832.784093
2053.726812
1442.033547
370.459510
-1426.852298
-3016.810457
-3764.024142
-3915.096086
-3789.943348
-3535.194579
-2797.608028
-1982.263858
-1851.927278
-2399.192802
-2805.013515
-2426.593105
-1792.683378
-1481.652905
-1333.543155
-991.409635
-364.164846
182.360129
622.246084
1353.908246
2341.800274
3198.615174
3274.891695
2505.461547
1325.026845
175.695190
-696.671233
-1636.427593
-2482.874810
-2982.004665
-3043.470211
-2842.781501
-2819.083941
-2773.910468
-2215.536713
-1312.067242
-806.272448
-737.401414
-515.977339
-91.642907
353.426889
523.753101
430.443959
597.807976
903.654608
889.584182
645.943644
700.003703
1138.408561
1594.586589
1858.221942
1795.275299
1654.571037
1477.579887
1033.250639
716.295775
492.650054
112.748547
-264.931314
-516.717888
-706.298367
-716.666050
-504.869108
39.434221
797.015589
1169.511608
1045.839967
815.529307
691.117118
430.443959
-94.605102
-641.130077
-873.662384
-922.538601
-1084.718777
-1328.359314
-1071.388899
-338.245640
365.275669
934.017107
1290.961603
1464.250009
1476.098789
1196.171363
801.458881
433.406154
175.695190
3.887881
-213.833451
-351.575517
133.483912
1285.037213
2565.445995
3394.860592
3742.918503
3961.380383
3877.698374
3218.609990
2428.444477
2021.142667
1789.350909
1088.791795
-264.190765
-1523.864183
-2292.553782
-2630.984560
-2819.824490
-2816.121746
-2490.280298
-2316.991891
-2605.805902
-3080.497649
-3260.450994
-2829.451624
-2313.289147
-2006.701966
-1775.650757
-1583.108083
-1500.907172
-1406.116933
-856.629763
0.925686
1056.207650
1985.596327
2431.406672
2363.276188
1836.746029
1272.447884
838.486318
294.182990
-433.035880
-1090.643167
-1523.864183
-1978.561114
-2293.294331
-2168.882142
-1671.973933
-1105.454142
-906.987077
-972.895916
-1001.777317
-804.050802
-602.621543
-485.614841
-416.743807
-373.051431
-440.441367
-850.705373
-1229.125782
-1208.390417
-780.353242
-191.616988
398.600363
962.898508
1564.224090
2166.290221
2617.284408
2900.174029
3026.067316
2957.196282
2518.791424
1780.464324
947.346984
159.403118
-322.694116
-438.219721
-326.396860
-193.838634
-200.503573
-321.213019
-424.889843
-643.351724
-921.798052
-1006.220609
-968.452623
-992.890732
-1260.969378
-1413.522420
-1232.828526
-781.093790
-304.180398
251.231162
911.800644
1498.315252
1887.103344
1950.049987
1764.172252
1440.552449
974.747288
479.320176
38.693672
-344.170030
-10.923094
922.168327
1756.766764
2322.546007
2832.784093
3325.989558
3477.802051
3195.652979
2799.459399
2539.526789
1990.039619
839.226867
-464.879476
-1436.479431
-1951.160810
-1988.188247
-1914.133373
-1854.148924
-1909.690080
-2121.487022
-2497.685785
-2810.197356
-2713.926019
-2411.782131
-2126.670863
-2010.404710
-2080.756841
-2257.007443
-2339.208353
-2171.103788
-1563.853816
-702.595623
141.629948
819.232051
1291.702151
1521.272263
1599.770430
1722.701522
1764.172252
1567.926834
1184.322583
500.055541
-383.419114
-1065.464509
-1238.752916
-987.706891
-618.173066
-404.154478
-398.230088
-481.912097
-759.617877
-943.273966
-800.348058
-471.544414
-217.536194
-427.111490
-962.528233
-1449.068760
-1746.769356
-1709.001370
-1437.219980
-1046.950791
-635.205687
-307.142593
-169.400526
10.552820
511.904321
1248.009775
1986.336876
2542.488984
2970.526160
3066.056948
2803.162143
2475.099048
2297.367349
2161.106380
1847.854260
1355.389344
731.106750
3.887881
-686.303551
-1253.563891
-1658.644055
-1640.130337
-1600.140704
-1708.260821
-1734.180027
-1570.518754
-1220.239197
-923.279150
-777.391047
-471.544414
-64.983153
235.679639
431.925056
618.543341
880.697597
1131.743622
1170.252157
932.536009
568.186026
390.454327
585.218647
939.200948
1177.657644
1351.686600
1658.273781
1960.417669
1961.898767
1995.223461
2389.935943
2803.902692
2737.253305
2028.548154
1177.657644
407.486948
-87.940164
-467.841671
-751.471841
-876.624579
-1141.000481
-1590.513571
-2174.806532
-2528.048284
-2375.495242
-2002.999222
-1668.271189
-1644.573629
-1795.645573
-1997.815381
-2290.332136
-2400.673899
-2241.455919
-1677.898323
-1009.182804
-594.475506
-387.862406
-275.298997
-112.378272
259.377199
677.787240
1013.255823
1185.803681
1163.587218
923.649424
550.412856
330.469878
392.675973
595.586329
682.971082
523.012552
205.317140
14.255563
-153.849002
-259.747473
-291.591069
-210.130707
-178.287111
-402.673381
-883.289518
-1320.213278
-1477.950161
-1483.134002
-1389.084311
-1315.769986
-1201.725479
-1018.809938
-812.937387
-624.097456
-373.791980
12.774466
508.201577
974.747288
1322.064650
1606.435369
2057.429555
2467.693561
2774.280742
2910.541711
2766.875255
2444.736550
1780.464324
937.719850
154.219276
-499.685267
-1015.847743
-1421.668456
-1783.056245
-2020.031844
-1980.782760
-1771.207465
-1464.620284
-1123.967860
-749.990743
-404.895027
-238.271559
-135.335283
103.121413
384.529937
534.861332
621.505536
616.321694
506.720480
229.755249
23.142148
52.764098
199.392750
364.535121
503.017736
643.721998
820.713148
1022.142408
1287.999408
1650.868293
2018.921020
2400.303625
2441.774355
2234.420706
2041.137483
1764.912800
1369.459770
891.805828
380.827193
-175.324916
-743.325804
-1184.692857
-1444.625467
-1540.156256
-1479.431259
-1275.039804
-1158.773651
-1137.297738
-1132.113896
-1172.103529
-1160.995298
-1089.902618
-995.112378
-922.538601
-856.629763
-832.932203
-958.084941
-991.409635
-933.646832
-930.684637
-849.964824
-670.011479
-382.678565
-73.129189
306.772318
650.386937
849.594550
756.285407
417.114082
53.504647
-258.266375
-510.052949
-608.545933
-661.124894
-720.368793
-758.877328
-785.537083
-741.104158
-487.095938
-144.221868
95.715926
227.533602
169.770800
-90.902359
-407.857222
-635.946236
-672.973673
-502.647462
-296.034361
-110.897175
6.109527
89.050987
319.361647
719.257970
1186.544229
1612.359759
2048.542970
2221.831377
1993.742363
1656.792683
1350.205502
1036.212834
690.376569
246.787870
-229.384974
-681.860258
-1129.151701
-1409.079128
-1537.934610
-1500.166623
-1356.500167
-1162.476395
-958.084941
-701.114526
-361.943200
-55.356019
273.447625
540.785722
728.144555
846.632355
822.194246
633.354316
450.438775
129.781168
-268.634058
-544.118192
-717.406598
-680.379161
-336.764543
109.045803
514.866516
1025.845151
1469.433850
1807.124079
2115.192358
2452.882586
2763.172511
2910.541711
2673.566112
2096.678639
1456.103973
731.847299
143.851594
-202.725219
-427.111490
-550.783130
-662.605991
-851.445921
-1083.237679
-1191.357796
-1089.902618
-849.964824
-524.863924
-300.477654
-213.833451
-219.757841
-290.850520
-436.738623
-592.994409
-616.691969
-630.762395
-792.202022
-1130.632799
-1427.592846
-1497.204428
-1377.976080
-1128.411153
-787.758729
-335.283445
39.434221
144.592143
-4.258155
-250.120339
-404.154478
-614.470323
-949.198356
-1255.785537
-1535.712963
-1662.346799
-1693.449846
-1629.022105
-1327.618766
-887.732810
-493.760877
-231.606621
-23.512423
157.922020
192.727811
82.386048
3.887881
34.990928
49.801903
-45.728885
-15.366386
160.143666
426.000666
640.759803
868.848817
1138.408561
1401.303366
1422.779279
1279.853371
1250.231421
1201.355204
1096.937831
902.914059
692.598215
471.914689
242.344577
-13.144740
-327.137409
-705.557818
-952.160551
-1089.902618
-1190.617247
-1113.600178
-869.219091
-415.262710
115.710742
534.120784
855.518940
1113.970452
1314.659162
1436.849706
1356.129892
1022.142408
736.290591
500.055541
50.542452
-418.965453
-641.870626
-532.269412
-285.666679
-30.177361
326.767134
775.539675
1254.674714
1647.906098
1963.379864
2095.197541
2146.295405
2152.960344
1882.660051
1410.930500
959.936313
487.466212
63.131781
-310.104788
-692.227941
-962.528233
-1149.146518
-1348.354130
-1324.656571
-1147.665420
-938.090125
-645.573370
-402.673381
-246.417595
-198.281927
-142.740771
-153.849002
-123.486503
-147.184063
-357.499907
-578.923983
-770.726108
-926.241345
-914.392565
-820.342874
-621.135261
-309.364239
-136.816381
-132.373088
-202.725219
-248.639242
-237.531010
-320.472470
-515.236790
-777.391047
-1107.675788
-1393.527604
-1657.903506
-1834.894657
-1808.234902
-1588.291924
-1355.759618
-1224.682490
-1125.448958
-952.160551
-732.217573
-479.690451
-173.843818
250.490614
601.510719
786.647906
811.826563
848.854001
914.022291
1034.731736
1103.602770
1079.905210
1022.142408
780.723516
573.369867
375.643352
227.533602
179.397934
140.148850
210.500981
278.631466
283.074758
327.507683
300.847928
299.366831
419.335728
434.146703
330.469878
136.446107
-58.318214
-238.271559
-312.326434
-235.309364
-56.837116
194.949458
419.335728
563.742733
577.813160
602.251268
640.759803
670.381753
731.847299
689.636020
575.591513
470.433591
319.361647
149.775984
28.325990
23.142148
212.722627
474.136335
646.684193
797.756137
991.779909
1209.501240
1245.788129
1158.403377
1087.310697
1044.358870
878.475951
473.395786
-22.031325
-358.240456
-605.583738
-848.483726
-1004.739512
-961.787685
-832.932203
-767.763913
-695.930685
-630.021846
-558.929167
-526.345022
-497.463621
-481.171548
-498.204169
-535.231607
-591.513311
-589.291665
-557.448069
-468.582219
-282.704484
-87.199615
101.640315
129.040619
12.774466
-102.010590
-247.158144
-444.144111
-649.276114
-819.602325
-930.684637
-933.646832
-876.624579
-838.856593
-753.693487
-647.795016
-634.465139
-792.942570
-1071.388899
-1209.871515
-1173.584626
-1277.261451
-1404.635835
-1327.618766
-1049.172437
-738.882512
-413.041063
34.990928
622.246084
1276.891176
1710.112193
1884.141149
1914.503647
1810.826823
1522.012811
1093.975636
651.868034
301.588477
3.147332
-296.034361
-545.599289
-655.941052
-557.448069
-434.516977
-222.720036
57.207391
260.117747
468.211945
576.332062
648.165290
763.690895
891.805828
871.070463
708.890288
631.873218
602.251268
570.407672
554.856148
594.105232
703.706446
836.264672
870.329914
821.453697
852.556745
885.881438
813.307661
702.965898
611.137853
512.644870
385.270485
186.803421
17.217758
22.401600
122.375680
221.609212
263.079942
280.853112
340.837561
384.529937
355.648536
290.480246
222.349761
28.325990
-290.109971
-662.605991
-892.916651
-988.447440
-1019.550487
-918.095309
-715.925501
-517.458437
-448.587403
-488.577036
-473.025512
-394.527345
-345.651127
-363.424297
-377.494724
-352.316066
-399.711186
-472.284963
-350.094420
-114.599919
143.111045
261.598845
250.490614
256.415004
193.468360
8.331173
-203.465768
-387.862406
-564.113008
-794.423668
-1025.474877
-1187.655052
-1238.752916
-1137.297738
-985.485245
-783.315437
-641.870626
-599.659348
-665.568186
-828.488910
-1016.588292
-1163.957493
-1143.222128
-1006.961158
-866.256896
-685.563002
-457.473988
-159.773392
138.667753
483.022920
942.163143
1394.638427
1736.031399
1887.103344
1887.103344
1648.646647
1262.820750
891.805828
509.682675
120.894583
-173.103270
-457.473988
-749.250194
-991.409635
-1122.486763
-1019.550487
-810.715740
-515.236790
-174.584367
199.392750
445.254934
601.510719
694.819862
759.988151
811.826563
874.773207
914.022291
916.984486
879.216499
766.653090
762.209797
762.950346
869.589366
1016.958566
1042.137224
961.417410
836.264672
665.197912
494.871700
323.064391
254.193357
251.231162
306.772318
331.210427
300.847928
251.971711
206.057689
166.068056
166.808605
151.997630
61.650683
-151.627356
-438.960270
-685.563002
-868.478543
-1007.701707
-1056.577924
-1083.237679
-1059.540119
-1016.588292
-992.890732
-924.760247
-752.952938
-630.021846
-642.611175
-651.497760
-554.485874
-450.809050
-398.230088
-284.185582
-99.788944
181.619580
426.000666
571.148221
692.598215
848.113452
890.324731
839.967416
637.057059
414.892435
171.251898
-116.081016
-373.791980
-611.508128
-715.184952
-716.666050
-721.849891
-760.358426
-775.169401
-723.330988
-636.686785
-573.740141
-494.501426
-402.673381
-352.316066
-360.462102
-396.748991
-410.819417
-353.797164
-233.828267
-110.897175
-12.404192
48.320806
103.121413
254.933906
430.443959
690.376569
954.752472
1182.841486
1309.475321
1316.140260
1207.279594
999.925945
788.129004
498.574444
226.793054
-53.134373
-384.900211
-664.087089
-824.786167
-821.083423
-706.298367
-507.090754
-194.579183
117.191839
340.097012
377.864998
348.983597
420.076277
490.428407
445.995483
391.194875
344.540304
337.875366
268.263783
130.521717
174.954641
260.858296
326.767134
306.031770
237.901285
226.052505
256.415004
297.145185
291.961343
350.464694
366.016218
332.691524
237.160736
146.813789
84.607694
89.050987
102.380864
80.904951
-58.318214
-187.914244
-264.931314
-374.532529
-481.171548
-544.118192
-498.944718
-460.436183
-531.528863
-694.449587
-718.887696
-733.698671
-813.677935
-902.543785
-924.760247
-847.743178
-792.202022
-762.580072
-650.757211
-441.181916
-147.184063
120.154034
391.935424
718.517421
931.795460
1055.467101
1058.429296
1021.401859
893.286926
693.338764
483.763469
192.727811
-159.032843
-435.257526
-657.422150
-779.612693
-770.726108
-818.861777
-797.385863
-683.341356
-567.075203
-469.322768
-382.678565
-206.427963
-44.988336
6.109527
20.179953
-32.399008
-122.005406
-215.314548
-310.845336
-354.537712
-355.278261
-291.591069
-239.012108
-196.060281
-119.783760
-1.295960
187.543970
374.162254
479.320176
468.952494
505.239382
534.861332
518.569260
420.076277
255.674455
164.586959
116.451290
-9.441997
-92.383456
53.504647
233.457992
306.772318
308.993965
381.567742
502.277187
549.672307
525.234199
491.168956
524.493650
530.418040
423.038472
355.648536
383.789388
408.968045
357.870182
254.933906
233.457992
238.641834
241.604029
211.241530
237.901285
268.263783
311.215611
339.356463
311.956160
282.334210
327.507683
341.578109
257.896101
150.516533
100.159218
107.564705
35.731477
-50.172178
-84.977969
-57.577665
-5.739253
-10.182545
-47.209983
-94.605102
-204.946866
-318.991373
-524.123375
-724.071537
-773.688303
-822.564520
-869.219091
-888.473359
-844.040434
-708.520013
-547.080387
-359.721554
-182.730403
9.071722
182.360129
253.452809
278.631466
326.767134
369.718962
338.615914
211.982079
100.159218
-18.328581
-244.936498
-461.176732
-579.664531
-585.588921
-602.621543
-605.583738
-592.994409
-473.766061
-372.310882
-302.699300
-150.886807
-50.172178
-11.663643
-46.469434
-59.058763
-87.940164
-124.227052
-139.038027
-148.665161
-163.476136
-188.654793
-264.190765
-280.482838
-216.055097
-237.531010
-269.374607
-263.450217
-196.800829
-169.400526
-139.038027
-96.086200
-10.923094
160.884215
326.026586
400.081460
422.297923
450.438775
451.179324
440.071093
379.346095
331.210427
374.162254
408.227497
437.108898
444.514385
389.713778
370.459510
376.383900
341.578109
254.933906
240.863480
220.868664
123.116229
-19.809679
-144.221868
-104.972785
59.429037
166.068056
242.344577
322.323842
409.708594
500.055541
405.265302
328.988781
298.626282
307.512867
291.961343
132.002814
27.585441
-25.734069
-122.005406
-233.087718
-338.245640
-295.293813
-237.531010
-211.611804
-137.556930
-105.713334
-25.734069
92.753731
140.148850
154.219276
108.305254
34.250380
-37.582849
-143.481320
-204.946866
-240.493205
-219.757841
-160.513941
-103.491687
-114.599919
-87.199615
-38.323398
-9.441997
52.023549
123.856778
205.317140
231.236346
153.478728
46.839708
-58.318214
-151.627356
-227.903877
-270.855704
-233.828267
-259.006924
-300.477654
-251.601437
-134.594735
-91.642907
-77.572481
-99.788944
-178.287111
-253.823083
-390.084052
-449.327952
-499.685267
-539.674899
-570.037398
-599.659348
-615.210871
-576.702336
-519.680083
-424.149295
-245.677047
-224.201133
-170.141075
-113.859370
-112.378272
-103.491687
-116.821565
-139.778576
-119.043211
-84.977969
-109.416077
-109.416077
-44.247788
75.721109
220.868664
314.918355
371.200059
415.632984
394.897619
398.600363
340.097012
311.956160
405.265302
509.682675
565.223831
553.375051
523.753101
501.536639
480.060725
384.529937
318.621098
353.426889
381.567742
358.610731
318.621098
300.107380
368.237864
517.828711
596.326878
665.197912
687.414374
673.343948
557.818343
364.535121
258.636650
206.798237
200.133299
140.148850
151.257081
171.251898
188.284519
165.327508
143.851594
160.143666
137.927204
97.937572
9.812271
-102.751139
-196.060281
-273.077350
-320.472470
-333.802348
-355.278261
-361.943200
-358.240456
-391.565150
-393.046247
-332.321250
-273.077350
-176.065465
-103.491687
-84.977969
-102.751139
-147.924612
-250.860888
-350.834969
-413.781612
-460.436183
-504.869108
-618.173066
-641.870626
-590.032214
-518.939534
-441.922465
-353.056615
-173.103270
1.666235
113.489095
129.781168
103.861962
78.683304
-84.977969
-343.429481
-558.929167
-704.817270
-752.952938
-811.456289
-873.662384
-881.067871
-857.370311
-761.839523
-664.087089
-542.637094
-343.429481
-193.838634
-43.507239
40.915318
13.515015
29.066538
71.277817
144.592143
174.954641
142.370497
148.294887
180.879031
114.970193
63.131781
89.050987
204.576591
390.454327
514.866516
575.591513
616.321694
619.283889
619.283889
589.661939
568.186026
619.283889
641.500352
597.807976
473.395786
349.724146
320.842744
344.540304
327.507683
354.167438
489.687859
630.392121
731.847299
760.728700
737.771689
713.333580
693.338764
640.019254
533.380235
413.411338
250.490614
131.262265
0.185137
-72.388640
-19.809679
79.423853
191.987263
266.782686
327.507683
409.708594
348.243048
226.052505
106.083608
-27.215166
-124.967601
-258.266375
-362.683749
-427.852038
-416.003258
-378.975821
-309.364239
-163.476136
-36.842300
82.386048
63.131781
-19.809679
-61.280409
-137.556930
-207.168512
-244.936498
-296.034361
-358.981005
-449.327952
-618.173066
-775.169401
-812.196838
-796.645314
-736.660866
-691.487392
-661.124894
-552.264228
-410.819417
-293.072166
-227.163328
-153.849002
-19.809679
45.358611
-16.106935
-144.962417
-199.022476
-284.926130
-497.463621
-603.362091
-675.935868
-721.849891
-715.925501
-757.396231
-743.325804
-639.648980
-529.307217
-418.224905
-309.364239
-147.924612
54.985744
231.236346
373.421705
438.589995
456.363165
402.303107
352.686341
269.004332
179.397934
100.899767
65.353427
55.726293
112.748547
147.554338
223.830859
324.545488
348.983597
377.864998
400.081460
480.801274
520.790906
472.655238
349.724146
310.475062
271.225978
251.971711
264.561040
334.172622
451.919873
525.974747
537.082978
567.445477
660.754619
726.663458
779.242419
774.799126
681.489984
527.455845
318.621098
135.705558
-28.696264
-64.242604
-39.063946
-24.993520
22.401600
78.683304
121.635132
251.231162
366.016218
385.270485
351.945792
277.890917
72.018366
-158.292295
-392.305699
-575.961788
-638.167882
-672.233125
-677.416966
-608.545933
-470.803866
-324.915763
-216.055097
-89.421261
69.796719
155.700374
160.884215
86.088792
-18.328581
-173.103270
-275.298997
-357.499907
-440.441367
-458.955086
-430.073685
-462.657829
-510.052949
-487.836487
-438.219721
-356.759359
-261.969119
-201.244122
-96.086200
-55.356019
-65.723701
-158.292295
-273.817899
-301.958751
-315.288629
-338.245640
-376.013626
-353.797164
-296.034361
-298.996556
-313.807531
-269.374607
-239.012108
-180.508757
-110.156626
-57.577665
-50.172178
-43.507239
12.033917
55.726293
153.478728
268.263783
388.973229
488.206761
514.125967
472.655238
376.383900
334.172622
337.134817
350.464694
329.729329
270.485430
226.052505
194.208909
164.586959
114.229644
149.035435
292.701892
326.767134
309.734513
252.712260
189.765616
155.700374
32.769282
-18.328581
-9.441997
23.882697
100.899767
133.483912
180.138483
256.415004
335.653719
394.897619
384.529937
349.724146
357.870182
329.729329
240.863480
179.397934
109.045803
66.834524
36.472026
57.947939
119.413485
202.354945
287.518051
303.810123
337.134817
296.404636
238.641834
172.732995
50.542452
-119.783760
-353.056615
-557.448069
-725.552635
-842.559336
-791.461473
-648.535565
-519.680083
-320.472470
-204.946866
-119.043211
-24.993520
-2.036509
33.509831
59.429037
72.018366
-13.885289
-157.551746
-298.256008
-371.570334
-374.532529
-386.381309
-422.668197
-359.721554
-248.639242
-219.757841
-199.022476
-80.534676
60.169586
134.224460
136.446107
137.186655
89.791536
37.953123
-70.166994
-295.293813
-404.895027
-462.657829
-473.766061
-499.685267
-527.085570
-455.252342
-281.223387
-119.043211
-6.479802
117.932388
200.873848
237.901285
235.679639
234.198541
148.294887
84.607694
69.056171
77.202207
109.786352
142.370497
203.836043
335.653719
391.935424
403.043655
408.227497
393.416522
392.675973
331.950976
260.858296
233.457992
226.052505
209.019884
113.489095
39.434221
20.920502
14.996112
-13.885289
-85.718517
-116.081016
-84.977969
-23.512423
26.104343
17.217758
31.288185
93.494279
175.695190
211.982079
231.236346
169.770800
136.446107
140.148850
103.861962
92.013182
87.569889
102.380864
103.861962
137.186655
187.543970
234.939090
237.160736
291.961343
328.988781
324.545488
323.804939
294.923538
225.311956
87.569889
-33.880105
-133.113637
-226.422779
-323.434665
-428.592587
-524.863924
-549.302033
-507.090754
-435.257526
-355.278261
-275.298997
-160.513941
-133.854186
-127.189247
-118.302662
-156.811197
-155.330100
-201.984671
-244.195949
-313.066983
-405.635576
-387.121857
-356.759359
-330.840153
-247.158144
-124.227052
-8.701448
106.083608
154.959825
206.057689
271.966527
335.653719
289.739697
185.322324
60.169586
-71.648091
-187.173696
-314.548080
-436.738623
-489.317584
-476.728256
-418.224905
-366.386492
-183.470952
31.288185
178.657385
344.540304
423.779020
500.055541
531.158589
487.466212
414.151887
299.366831
217.906469
140.148850
67.575073
84.607694
143.851594
156.440923
221.609212
295.664087
338.615914
342.318658
299.366831
301.588477
318.621098
252.712260
183.100678
137.927204
94.234828
83.126597
-6.479802
-87.940164
-147.924612
-198.281927
-225.682231
-236.049913
-256.044729
-186.433147
-111.637724
-90.902359
-74.610286
-51.653275
-40.545044
-39.804495
-69.426445
-97.567297
-33.880105
-7.220350
-20.550228
-44.988336
-50.912726
0.185137
115.710742
212.722627
271.966527
293.442441
307.512867
298.626282
233.457992
170.511349
86.088792
41.655867
-4.258155
-126.448698
-257.525827
-253.823083
-270.855704
-348.613322
-367.867590
-317.510275
-266.412412
-236.790462
-233.087718
-219.017292
-176.065465
-141.259673
-121.264857
-95.345651
-60.539860
-89.421261
-113.859370
-148.665161
-206.427963
-243.455400
-249.379790
-242.714852
-175.324916
-93.124005
-25.734069
32.028733
104.602510
231.236346
302.329026
297.885733
254.933906
232.717444
181.619580
36.472026
-121.264857
-249.379790
-357.499907
-480.430999
-545.599289
-541.155997
-498.204169
-401.932832
-333.061799
-256.044729
-84.237420
57.947939
163.846410
228.274151
260.117747
240.863480
200.133299
144.592143
51.283001
-39.063946
-140.519125
-189.395342
-239.752657
-216.795646
-151.627356
-86.459066
32.769282
112.007998
226.052505
282.334210
311.956160
349.724146
328.248232
258.636650
222.349761
249.750065
265.301588
267.523235
229.755249
229.755249
187.543970
132.002814
86.088792
54.985744
100.159218
146.813789
123.856778
106.083608
45.358611
36.472026
111.267449
101.640315
120.154034
163.105861
165.327508
199.392750
246.047321
266.042137
320.842744
408.227497
443.033288
451.179324
532.639686
533.380235
523.753101
485.244566
347.502499
241.604029
174.214093
69.056171
-22.031325
-103.491687
-171.622172
-170.881623
-215.314548
-238.271559
-240.493205
-263.450217
-267.893509
-270.855704
-230.866072
-209.390158
-190.876439
-142.740771
-181.249306
-241.233754
-227.903877
-276.039545
-327.877958
-368.608139
-367.127041
-312.326434
-322.694116
-268.634058
-193.838634
-124.967601
-47.209983
-2.036509
70.537268
123.116229
118.672937
109.786352
49.801903
-10.182545
-79.794127
-184.952049
-266.412412
-346.391676
-389.343504
-392.305699
-409.338320
-407.857222
-378.235272
-318.250824
-240.493205
-179.027659
-45.728885
52.023549
83.126597
86.088792
99.418669
82.386048
13.515015
-71.648091
-172.362721
-233.828267
-328.618506
-344.910579
-328.618506
-325.656311
-264.931314
-172.362721
-49.431629
63.131781
137.927204
194.208909
287.518051
329.729329
374.902803
386.011034
346.761951
348.983597
289.739697
245.306772
247.528419
191.246714
134.224460
103.861962
16.477210
14.996112
9.071722
23.142148
48.320806
57.947939
91.272633
84.607694
120.894583
153.478728
184.581775
239.382382
261.598845
252.712260
280.853112
316.399452
318.621098
332.691524
408.968045
432.665605
441.552190
393.416522
333.432073
304.550672
243.825675
154.959825
132.743363
73.499463
37.953123
-39.063946
-136.816381
-120.524309
-90.902359
-67.945348
-60.539860
-53.874921
-29.436813
-24.993520
-45.728885
-56.096568
-104.232236
-172.362721
-239.012108
-294.553264
-366.386492
-453.030696
-441.181916
-419.706002
-344.910579
-268.634058
-223.460584
-177.546562
-139.778576
-164.957233
-157.551746
-121.264857
-104.972785
-124.227052
-155.330100
-161.254490
-215.314548
-237.531010
-255.304180
-244.195949
-241.974303
-244.936498
-239.012108
-215.314548
-187.914244
-168.659977
-144.221868
-59.799311
-3.517607
9.071722
72.018366
114.970193
135.705558
122.375680
89.791536
64.612878
-50.912726
-128.670345
-204.206317
-233.828267
-217.536194
-170.141075
-103.491687
-50.912726
23.882697
92.753731
184.581775
220.868664
249.009516
320.842744
349.724146
386.751583
400.081460
391.935424
420.816825
377.864998
354.167438
352.686341
354.167438
369.718962
360.091828
328.988781
310.475062
286.777502
287.518051
272.707076
220.128115
185.322324
191.987263
193.468360
150.516533
108.305254
82.386048
61.650683
60.169586
13.515015
57.207391
161.624764
166.808605
171.251898
150.516533
138.667753
117.932388
25.363795
-39.804495
-90.161810
-121.264857
-153.108453
-184.211501
-199.763024
-216.055097
-184.952049
-189.395342
-198.281927
-178.287111
-170.881623
-219.017292
-200.503573
-230.125523
-261.228570
-266.412412
-287.888325
-327.877958
-367.867590
-400.451735
-416.003258
-382.678565
-384.900211
-368.608139
-301.218203
-261.228570
-261.969119
-275.298997
-276.780094
-262.709668
-327.137409
-322.694116
-296.774910
-313.066983
-330.099604
-324.175214
-349.353871
-349.353871
-341.948384
-317.510275
-270.855704
-255.304180
-197.541378
-133.113637
-78.313030
-74.610286
-36.842300
62.391232
117.932388
160.143666
180.879031
197.171104
211.982079
214.203725
203.095494
173.473544
174.214093
159.403118
93.494279
38.693672
20.179953
48.320806
131.262265
175.695190
243.825675
304.550672
320.102196
346.761951
335.653719
327.507683
366.756767
382.308290
368.978413
403.784204
414.151887
425.260118
445.254934
437.108898
389.713778
380.827193
398.600363
360.091828
311.956160
258.636650
262.339393
264.561040
231.976895
183.100678
171.251898
182.360129
168.289703
156.440923
160.143666
180.138483
211.982079
229.755249
190.506165
195.690006
180.879031
193.468360
140.148850
67.575073
55.726293
8.331173
-44.247788
-102.010590
-105.713334
-98.307846
-89.421261
-77.572481
-100.529492
-110.897175
-127.929796
-130.151442
-173.103270
-221.238938
-250.120339
-279.001740
-276.780094
-313.066983
-322.694116
-291.591069
-217.536194
-206.427963
-174.584367
-109.416077
-84.237420
-94.605102
-134.594735
-141.259673
-124.967601
-126.448698
-152.367905
-184.952049
-161.254490
-141.259673
-207.168512
-241.974303
-318.250824
-355.278261
-416.743807
-478.209353
-494.501426
-507.090754
-473.025512
-435.257526
-386.381309
-360.462102
-239.012108
-150.886807
-101.270041
-19.809679
61.650683
90.532084
67.575073
40.174770
-29.436813
-53.874921
-85.718517
-88.680712
-62.761506
-4.998704
26.104343
43.136964
103.121413
137.927204
126.078424
171.251898
200.873848
171.992446
183.841226
187.543970
190.506165
217.906469
191.246714
167.549154
217.165920
230.495797
241.604029
217.165920
219.387566
238.641834
202.354945
174.954641
164.586959
163.846410
171.251898
113.489095
74.240012
25.363795
-22.771874
-30.917910
-49.431629
-75.350835
-82.015774
-14.625838
-29.436813
-32.399008
23.142148
34.250380
91.272633
130.521717
130.521717
102.380864
74.240012
43.877513
6.850076
12.774466
3.887881
3.887881
14.255563
-3.517607
-6.479802
-12.404192
-19.809679
-19.809679
-16.106935
-37.582849
-56.837116
-67.204799
-89.421261
-116.821565
-133.113637
-144.221868
-113.118821
-92.383456
-79.053579
-73.129189
-60.539860
-20.550228
32.028733
55.726293
80.904951
117.191839
126.078424
127.559522
119.413485
90.532084
70.537268
34.250380
11.293368
-19.069130
-30.177361
-32.399008
-81.275225
-99.788944
-113.118821
-99.788944
-59.058763
-59.799311
-7.960899
34.990928
58.688488
131.262265
165.327508
164.586959
194.949458
180.138483
209.760432
195.690006
157.181471
143.111045
66.834524
29.807087
17.958307
7.590625
-6.479802
-0.555412
31.288185
51.283001
88.310438
100.159218
96.456474
117.191839
103.861962
132.743363
160.143666
159.403118
169.770800
165.327508
167.549154
144.592143
120.894583
96.456474
89.050987
92.013182
35.731477
6.109527
19.439405
12.033917
-48.691080
-70.166994
-95.345651
-130.151442
-152.367905
-181.249306
-231.606621
-280.482838
-282.704484
-303.439849
-307.883141
-277.520643
-229.384974
-216.055097
-215.314548
-193.838634
-139.778576
-118.302662
-111.637724
-103.491687
-98.307846
-69.426445
-99.048395
-76.831932
-53.874921
-73.129189
-66.464250
-74.610286
-77.572481
-66.464250
-79.794127
-113.859370
-87.199615
-58.318214
-82.756322
-54.615470
-90.161810
-103.491687
-104.972785
-134.594735
-101.270041
-79.794127
-79.053579
-75.350835
-35.361203
-10.923094
24.623246
17.958307
11.293368
34.990928
68.315622
57.207391
37.953123
27.585441
18.698856
-10.182545
-22.031325
-44.247788
-100.529492
-136.816381
-181.249306
-197.541378
-216.055097
-204.946866
-129.410893
-63.502055
-39.063946
6.850076
18.698856
38.693672
38.693672
19.439405
29.066538
31.288185
68.315622
84.607694
66.093976
40.915318
-2.036509
13.515015
4.628430
-6.479802
59.429037
88.310438
102.380864
119.413485
157.181471
158.662569
165.327508
186.803421
176.435739
210.500981
217.165920
200.873848
177.176288
181.619580
174.954641
171.992446
205.317140
209.760432
206.798237
205.317140
210.500981
201.614396
173.473544
160.143666
134.224460
125.337875
138.667753
104.602510
97.937572
89.050987
56.466842
25.363795
26.104343
-2.777058
-32.399008
-9.441997
-20.550228
-44.988336
-67.945348
-84.237420
-85.718517
-37.582849
9.071722
52.023549
86.088792
69.056171
33.509831
52.764098
52.023549
40.174770
37.212575
-6.479802
-16.847484
-16.847484
-30.917910
-42.026141
-27.955715
-110.897175
-133.113637
-100.529492
-130.151442
-119.783760
-99.788944
-92.383456
-71.648091
-45.728885
-28.696264
-22.031325
-42.026141
-3.517607
0.925686
4.628430
57.207391
67.575073
58.688488
34.250380
22.401600
4.628430
4.628430
-58.318214
-64.242604
-79.794127
-140.519125
-173.103270
-187.914244
-218.276743
-258.266375
-248.639242
-233.828267
-185.692598
-150.886807
-110.156626
-71.648091
-19.069130
32.769282
16.477210
33.509831
28.325990
0.185137
-19.069130
-42.766690
-30.917910
-10.923094
-13.144740
-10.182545
20.179953
41.655867
75.721109
53.504647
35.731477
35.731477
35.731477
12.774466
4.628430
-40.545044
-67.945348
-73.869737
-73.129189
-84.237420
-93.124005
-53.134373
-18.328581
20.920502
-0.555412
52.023549
60.910134
32.769282
38.693672
48.320806
42.396416
71.277817
92.013182
70.537268
71.277817
43.136964
10.552820
-22.771874
-3.517607
36.472026
49.061354
79.423853
66.834524
96.456474
92.753731
92.013182
133.483912
98.678120
81.645499
75.721109
81.645499
72.018366
69.056171
52.764098
20.920502
31.288185
30.547636
42.396416
9.812271
2.406783
-25.734069
-70.166994
-76.091384
-99.048395
-90.902359
-133.113637
-141.259673
-140.519125
-119.783760
-111.637724
-69.426445
-51.653275
-15.366386
21.661051
41.655867
75.721109
67.575073
56.466842
65.353427
74.980561
67.575073
98.678120
61.650683
37.953123
-4.998704
-34.620654
-57.577665
-125.708150
-142.740771
-147.924612
-161.995038
-169.400526
-173.843818
-170.141075
-164.216685
-164.957233
-153.108453
-82.015774
-21.290776
-4.998704
24.623246
32.028733
79.423853
82.386048
103.121413
97.197023
90.532084
63.131781
23.142148
28.325990
47.580257
61.650683
105.343059
124.597327
132.743363
152.738179
135.705558
119.413485
106.824157
95.715926
80.164402
48.320806
17.958307
-20.550228
-9.441997
18.698856
16.477210
63.872329
86.088792
86.829341
104.602510
120.894583
112.748547
146.813789
147.554338
116.451290
74.240012
27.585441
7.590625
34.990928
44.618062
56.466842
68.315622
73.499463
56.466842
34.250380
50.542452
92.753731
104.602510
68.315622
89.791536
72.758914
73.499463
50.542452
-3.517607
-36.842300
-13.885289
-16.106935
-42.766690
-5.739253
-20.550228
-34.620654
-32.399008
-49.431629
-61.280409
-77.572481
-155.330100
-230.125523
-244.195949
-253.082534
-273.077350
-308.623690
-325.656311
-298.996556
-261.228570
-219.757841
-154.589551
-84.977969
-27.215166
-5.739253
5.368978
8.331173
3.887881
2.406783
18.698856
-12.404192
-30.917910
-4.998704
-64.242604
-104.232236
-64.983153
-70.907542
-127.929796
-129.410893
-124.967601
-139.778576
-173.843818
-216.795646
-197.541378
-185.692598
-179.768208
-116.081016
-76.091384
-53.874921
-27.215166
17.958307
28.325990
60.910134
123.856778
97.197023
114.970193
93.494279
83.867146
65.353427
60.169586
17.217758
12.033917
27.585441
9.812271
44.618062
52.764098
32.769282
26.844892
65.353427
53.504647
39.434221
52.764098
82.386048
92.013182
44.618062
60.169586
37.953123
23.882697
48.320806
62.391232
97.937572
146.073240
140.148850
143.851594
114.229644
113.489095
131.262265
81.645499
85.348243
89.791536
108.305254
89.050987
121.635132
147.554338
155.700374
183.100678
162.365313
177.916836
180.138483
154.219276
121.635132
102.380864
49.061354
26.844892
24.623246
-2.036509
0.185137
15.736661
35.731477
60.910134
88.310438
86.829341
53.504647
30.547636
6.109527
-28.696264
-48.691080
-129.410893
-185.692598
-193.098086
-201.244122
-209.390158
-184.211501
-182.730403
-153.849002
-111.637724
-114.599919
-76.831932
-58.318214
-47.209983
2.406783
4.628430
26.844892
-3.517607
-30.177361
-39.804495
-99.788944
-111.637724
-130.891991
-147.924612
-173.103270
-147.924612
-105.713334
-99.048395
-50.912726
-18.328581
-28.696264
-44.988336
-59.799311
-77.572481
-91.642907
-85.718517
-44.988336
9.071722
55.726293
94.234828
134.965009
191.987263
207.538786
199.392750
186.062873
157.181471
123.856778
120.894583
99.418669
69.056171
56.466842
52.764098
44.618062
54.985744
59.429037
74.240012
98.678120
77.942756
52.764098
52.023549
35.731477
15.736661
22.401600
30.547636
37.212575
77.942756
67.575073
43.877513
40.915318
26.844892
41.655867
49.801903
26.104343
-3.517607
-12.404192
-0.555412
-6.479802
7.590625
22.401600
-16.847484
-24.252971
-37.582849
-24.252971
-30.917910
-50.172178
-62.020958
-56.837116
-49.431629
-64.242604
-54.615470
-72.388640
-76.831932
-77.572481
-72.388640
-60.539860
-66.464250
-53.134373
-27.215166
-38.323398
-40.545044
-25.734069
-55.356019
-82.015774
-109.416077
-116.081016
-139.038027
-168.659977
-181.989854
-202.725219
-200.503573
-173.103270
-119.043211
-103.491687
-66.464250
-22.771874
0.925686
37.953123
52.764098
47.580257
32.028733
18.698856
-12.404192
-56.837116
-59.799311
-36.101751
-44.988336
-16.106935
-16.106935
-12.404192
-24.252971
-29.436813
-10.182545
15.736661
15.736661
22.401600
25.363795
8.331173
-4.258155
-13.144740
-16.847484
-16.106935
9.812271
37.953123
82.386048
102.380864
100.899767
112.748547
92.753731
101.640315
129.040619
112.748547
128.300070
110.526900
69.796719
54.245196
43.136964
32.028733
19.439405
52.764098
69.796719
49.061354
88.310438
103.121413
60.910134
60.910134
51.283001
32.769282
37.953123
47.580257
48.320806
71.277817
93.494279
77.942756
69.796719
62.391232
67.575073
62.391232
58.688488
50.542452
46.839708
24.623246
14.996112
14.996112
-4.258155
5.368978
-11.663643
-7.220350
-5.739253
-16.106935
-25.734069
-33.880105
-30.177361
-42.026141
-24.993520
-20.550228
-29.436813
-40.545044
-44.988336
-16.847484
-19.069130
-17.588033
-10.923094
-19.809679
-53.874921
-70.907542
-67.945348
-78.313030
-91.642907
-94.605102
-80.534676
-108.675529
-135.335283
-131.632540
-129.410893
-139.038027
-123.486503
-104.232236
-96.826749
-83.496871
-57.577665
-34.620654
-7.220350
12.033917
-1.295960
-4.998704
-25.734069
-35.361203
-30.177361
-18.328581
-4.258155
14.255563
32.769282
25.363795
29.807087
17.217758
12.774466
27.585441
52.764098
57.947939
66.834524
65.353427
56.466842
67.575073
81.645499
84.607694
60.910134
69.056171
62.391232
26.844892
27.585441
29.807087
44.618062
69.796719
72.018366
65.353427
51.283001
53.504647
51.283001
57.207391
41.655867
47.580257
37.953123
31.288185
9.071722
20.179953
29.807087
-3.517607
3.147332
0.925686
-10.923094
-9.441997
6.109527
9.812271
10.552820
5.368978
-7.960899
0.185137
0.925686
3.887881
17.958307
25.363795
12.774466
23.882697
14.255563
-10.182545
-24.993520
-53.874921
-68.685896
-68.685896
-76.091384
-76.831932
-42.026141
-68.685896
-56.096568
-30.177361
-32.399008
-30.177361
2.406783
-13.885289
-33.139556
-19.069130
-24.993520
-22.771874
-30.177361
-44.988336
-49.431629
-41.285593
-30.917910
-18.328581
-15.366386
13.515015
12.774466
-21.290776
-27.215166
-12.404192
-39.804495
-52.393824
-33.880105
-43.507239
-31.658459
-39.804495
-38.323398
-31.658459
-41.285593
-23.512423
-2.036509
-8.701448
-10.182545
-5.739253
-17.588033
-2.036509
-19.809679
-17.588033
-22.771874
-22.771874
-10.182545
-25.734069
-22.031325
-30.177361
-39.063946
-27.215166
-22.771874
-12.404192
7.590625
8.331173
3.887881
12.033917
34.250380
48.320806
50.542452
40.915318
39.434221
36.472026
31.288185
28.325990
22.401600
20.179953
17.958307
6.850076
37.953123
52.764098
29.807087
37.953123
37.212575
21.661051
20.179953
31.288185
14.255563
9.071722
6.109527
6.109527
3.887881
-27.955715
-4.998704
4.628430
-0.555412
2.406783
11.293368
8.331173
4.628430
15.736661
21.661051
65.353427
66.834524
47.580257
41.655867
52.764098
38.693672
34.250380
41.655867
40.174770
17.217758
9.812271
6.109527
-9.441997
-2.777058
14.996112
27.585441
38.693672
54.985744
57.947939
44.618062
48.320806
44.618062
32.028733
42.396416
31.288185
14.255563
15.736661
22.401600
31.288185
39.434221
59.429037
64.612878
62.391232
56.466842
57.207391
60.169586
32.028733
28.325990
15.736661
-7.220350
-26.474618
-17.588033
-16.847484
-27.215166
-26.474618
-22.771874
-22.031325
-23.512423
-27.215166
-2.777058
-11.663643
-7.220350
12.774466
-22.031325
-15.366386
-36.842300
-67.945348
-71.648091
-79.053579
-80.534676
-69.426445
-74.610286
-61.280409
-53.874921
-79.794127
-79.053579
-57.577665
-62.020958
-60.539860
-61.280409
-67.204799
-48.691080
-44.247788
-39.804495
-30.917910
-18.328581
-10.923094
-11.663643
-2.777058
-18.328581
-17.588033
-10.923094
-13.144740
-27.215166
-20.550228
-9.441997
-22.031325
-7.960899
0.185137
4.628430
-4.998704
-10.923094
-13.885289
-5.739253
1.666235
0.185137
7.590625
-7.220350
-4.258155
-7.960899
-19.069130
-14.625838
2.406783
17.217758
14.255563
17.958307
23.882697
15.736661
12.774466
8.331173
9.812271
14.255563
0.925686
-2.777058
-13.144740
-4.258155
3.147332
-10.923094
-4.258155
17.958307
30.547636
29.066538
37.953123
23.142148
10.552820
6.850076
12.774466
3.147332
-5.739253
-4.258155
4.628430
13.515015
11.293368
21.661051
33.509831
32.028733
18.698856
-6.479802
5.368978
-3.517607
-19.069130
-19.069130
-21.290776
-21.290776
-32.399008
-44.988336
-31.658459
-22.031325
-32.399008
-14.625838
-11.663643
-4.258155
17.217758
23.882697
38.693672
46.839708
40.174770
32.028733
13.515015
9.812271
10.552820
16.477210
12.774466
3.887881
9.812271
-6.479802
-1.295960
19.439405
14.255563
6.850076
20.179953
-3.517607
2.406783
5.368978
6.850076
15.736661
29.807087
36.472026
29.807087
42.396416
32.028733
43.136964
59.429037
50.542452
63.131781
66.093976
53.504647
43.136964
47.580257
35.731477
30.547636
23.882697
32.028733
38.693672
29.066538
34.250380
23.142148
15.736661
14.996112
25.363795
14.255563
5.368978
5.368978
14.255563
3.887881
-13.885289
-13.885289
-30.177361
-42.766690
-26.474618
-17.588033
0.925686
-6.479802
-19.069130
-19.069130
-27.215166
-33.139556
-55.356019
-52.393824
-51.653275
-47.950531
-19.809679
-11.663643
-24.252971
-22.031325
-25.734069
-25.734069
-30.177361
-28.696264
-39.063946
-47.209983
-42.766690
-40.545044
-39.804495
-45.728885
-45.728885
-54.615470
-61.280409
-67.204799
-52.393824
-42.766690
-34.620654
-25.734069
-41.285593
-49.431629
-42.766690
-56.837116
-47.950531
-38.323398
-33.139556
-21.290776
-39.063946
-48.691080
-52.393824
-53.134373
-56.837116
-50.172178
-41.285593
-25.734069
0.185137
4.628430
21.661051
31.288185
17.217758
3.147332
-0.555412
0.925686
-2.777058
6.109527
-6.479802
-4.998704
2.406783
1.666235
10.552820
12.774466
38.693672
54.245196
60.910134
59.429037
66.834524
54.245196
49.801903
57.207391
72.018366
79.423853
76.461658
64.612878
70.537268
77.202207
60.910134
69.056171
61.650683
49.061354
52.023549
56.466842
51.283001
47.580257
43.136964
29.066538
22.401600
38.693672
21.661051
12.774466
-0.555412
-16.847484
-16.106935
-13.885289
-2.036509
6.109527
15.736661
17.958307
19.439405
18.698856
25.363795
20.179953
14.255563
8.331173
3.147332
0.925686
-10.923094
-21.290776
-22.031325
-12.404192
-19.069130
-20.550228
-6.479802
-13.144740
-10.182545
-14.625838
-12.404192
-12.404192
-23.512423
-24.993520
-9.441997
-13.885289
-19.069130
-5.739253
-3.517607
4.628430
-5.739253
5.368978
7.590625
-10.182545
-7.220350
-9.441997
-13.885289
-16.106935
-7.960899
4.628430
2.406783
1.666235
-24.252971
-18.328581
-24.252971
-13.885289
-11.663643
-18.328581
-13.144740
-17.588033
-17.588033
-16.106935
0.185137
3.147332
-3.517607
-3.517607
-7.220350
-10.923094
-13.885289
-18.328581
-27.955715
-15.366386
-3.517607
7.590625
30.547636
28.325990
30.547636
33.509831
30.547636
26.104343
20.179953
9.071722
7.590625
0.185137
3.147332
-5.739253
-13.144740
-4.258155
-7.960899
-4.258155
0.185137
9.812271
12.774466
1.666235
6.109527
-4.258155
-4.258155
-3.517607
-22.771874
-21.290776
-7.220350
-16.847484
-31.658459
-19.809679
-16.106935
-29.436813
-17.588033
-8.701448
-14.625838
-16.106935
-17.588033
-7.220350
-4.258155
-5.739253
-7.220350
-19.069130
-16.106935
-10.923094
-10.923094
0.185137
-5.739253
-6.479802
1.666235
-4.258155
3.147332
5.368978
13.515015
12.774466
5.368978
5.368978
-8.701448
-15.366386
-19.809679
-27.215166
-17.588033
-10.923094
-8.701448
-2.777058
-12.404192
-5.739253
7.590625
11.293368
19.439405
31.288185
15.736661
7.590625
20.179953
4.628430
-0.555412
-3.517607
-5.739253
0.925686
7.590625
-6.479802
0.185137
6.109527
-5.739253
-16.847484
-11.663643
-4.998704
-24.993520
-25.734069
-33.880105
-19.069130
-7.960899
-5.739253
1.666235
6.850076
-3.517607
1.666235
6.850076
3.887881
12.033917
-0.555412
5.368978
7.590625
16.477210
20.920502
9.812271
21.661051
23.882697
13.515015
29.807087
20.179953
20.179953
24.623246
14.996112
8.331173
0.925686
1.666235
-8.701448
-7.220350
-7.220350
0.925686
-2.036509
-3.517607
-5.739253
14.255563
28.325990
27.585441
36.472026
39.434221
41.655867
37.212575
40.915318
21.661051
14.996112
6.109527
-1.295960
8.331173
0.185137
3.887881
4.628430
3.147332
3.147332
7.590625
7.590625
0.925686
2.406783
11.293368
6.850076
2.406783
14.996112
17.958307
14.996112
14.996112
15.736661
15.736661
15.736661
7.590625
8.331173
4.628430
1.666235
-3.517607
-19.069130
-10.182545
-13.885289
-7.220350
6.850076
0.185137
-24.993520
-23.512423
-19.069130
-15.366386
-4.998704
-11.663643
-0.555412
-3.517607
-8.701448
-8.701448
-16.847484
-16.106935
-22.031325
-24.993520
-24.252971
-37.582849
-33.880105
-39.804495
-58.318214
-47.209983
-50.172178
-49.431629
-42.026141
-35.361203
-29.436813
-27.215166
-24.252971
-32.399008
-33.139556
-31.658459
-24.252971
-15.366386
-11.663643
-10.182545
-5.739253
-22.031325
-19.069130
-22.031325
-35.361203
-27.955715
-25.734069
-14.625838
-1.295960
6.850076
18.698856
23.882697
21.661051
12.774466
0.925686
12.774466
12.033917
12.033917
12.774466
9.812271
16.477210
13.515015
23.882697
25.363795
34.990928
44.618062
38.693672
39.434221
36.472026
40.915318
40.174770
34.250380
33.509831
40.174770
47.580257
46.839708
47.580257
30.547636
34.990928
38.693672
28.325990
37.212575
40.174770
40.174770
34.990928
36.472026
27.585441
9.071722
-2.777058
-10.182545
-7.960899
-5.739253
-1.295960
14.255563
2.406783
-2.036509
0.925686
6.850076
8.331173
0.925686
8.331173
1.666235
-2.036509
-10.923094
-19.069130
-22.771874
-33.880105
-31.658459
-19.069130
-22.771874
-29.436813
-31.658459
-34.620654
-32.399008
-24.252971
-15.366386
-11.663643
-2.036509
-1.295960
-13.144740
-8.701448
-10.182545
-9.441997
-15.366386
-21.290776
-18.328581
-17.588033
-9.441997
-2.036509
-0.555412
-6.479802
-11.663643
-23.512423
-22.771874
-28.696264
-20.550228
-20.550228
-12.404192
-2.777058
-12.404192
-2.036509
1.666235
1.666235
2.406783
5.368978
7.590625
4.628430
1.666235
6.109527
6.850076
2.406783
0.925686
-10.923094
-18.328581
-16.106935
-20.550228
-10.923094
-0.555412
-7.960899
-0.555412
-2.036509
-13.144740
-19.809679
-19.069130
-5.739253
-5.739253
-2.036509
9.071722
19.439405
22.401600
25.363795
32.769282
24.623246
19.439405
1.666235
9.071722
15.736661
9.071722
17.958307
17.958307
23.882697
29.807087
27.585441
26.844892
31.288185
22.401600
20.920502
23.142148
32.028733
23.142148
12.774466
14.996112
9.812271
9.071722
11.293368
6.850076
7.590625
10.552820
6.109527
6.850076
3.887881
13.515015
3.147332
-2.036509
-2.036509
1.666235
-3.517607
1.666235
5.368978
0.925686
0.185137
0.185137
0.185137
-7.220350
-4.998704
-13.144740
-13.144740
-8.701448
1.666235
0.925686
-2.777058
0.185137
-0.555412
0.925686
6.109527
15.736661
20.179953
20.920502
15.736661
4.628430
-3.517607
-4.258155
-2.036509
5.368978
9.812271
3.887881
5.368978
0.185137
-13.144740
-9.441997
-11.663643
-22.031325
-21.290776
-23.512423
-15.366386
-13.885289
-19.069130
-14.625838
-12.404192
-7.220350
-7.960899
-6.479802
-7.960899
-9.441997
-6.479802
-9.441997
-13.885289
-15.366386
-16.106935
-16.106935
-20.550228
-14.625838
-13.885289
-21.290776
-24.993520
-27.215166
-27.955715
-26.474618
-21.290776
-13.885289
-1.295960
5.368978
4.628430
-8.701448
-12.404192
-16.847484
-16.106935
-17.588033
-19.809679
-17.588033
-21.290776
-24.252971
-28.696264
-19.069130
-14.625838
-10.182545
0.925686
4.628430
10.552820
4.628430
0.925686
-2.777058
2.406783
-4.258155
-8.701448
-7.960899
-13.144740
-4.258155
-13.885289
-16.106935
-18.328581
-21.290776
-15.366386
-6.479802
9.071722
18.698856
20.179953
17.958307
8.331173
12.033917
11.293368
11.293368
2.406783
-2.036509
0.925686
-0.555412
8.331173
6.850076
11.293368
12.774466
17.958307
11.293368
11.293368
14.996112
14.996112
23.882697
31.288185
33.509831
31.288185
30.547636
25.363795
32.028733
27.585441
23.882697
20.179953
17.217758
15.736661
20.920502
32.769282
32.028733
29.066538
29.807087
32.769282
26.104343
23.142148
11.293368
6.109527
-3.517607
-0.555412
-0.555412
-3.517607
11.293368
9.071722
23.142148
26.104343
22.401600
18.698856
6.109527
-2.777058
-3.517607
0.185137
12.033917
7.590625
0.925686
0.925686
-6.479802
-14.625838
-10.923094
-13.144740
-15.366386
-19.069130
-19.809679
-15.366386
-17.588033
-17.588033
-16.847484
-10.182545
-25.734069
-28.696264
-18.328581
-13.885289
-7.960899
0.185137
0.185137
-0.555412
-13.885289
-14.625838
-13.885289
-16.847484
-7.220350
-2.036509
4.628430
12.774466
9.071722
5.368978
5.368978
6.109527
8.331173
6.850076
10.552820
6.850076
9.071722
3.147332
4.628430
3.887881
-2.777058
-4.258155
-16.106935
-17.588033
-17.588033
-16.847484
-3.517607
-2.777058
3.887881
4.628430
2.406783
1.666235
-7.220350
-12.404192
-12.404192
-14.625838
-20.550228
-13.144740
-13.144740
-4.258155
-3.517607
-2.036509
4.628430
-3.517607
-17.588033
-22.031325
-20.550228
-25.734069
-17.588033
-10.182545
-9.441997
-13.144740
-7.960899
-2.036509
-1.295960
-2.036509
-8.701448
2.406783
5.368978
4.628430
-3.517607
-8.701448
-15.366386
-22.771874
-22.771874
-18.328581
-12.404192
-16.106935
-16.106935
-13.144740
-2.036509
0.925686
7.590625
9.071722
6.850076
6.850076
8.331173
17.958307
22.401600
21.661051
15.736661
13.515015
4.628430
3.147332
5.368978
9.071722
14.255563
17.217758
14.255563
8.331173
18.698856
12.774466
6.109527
10.552820
7.590625
2.406783
12.774466
15.736661
15.736661
22.401600
22.401600
14.255563
8.331173
7.590625
14.996112
21.661051
23.142148
26.844892
26.104343
30.547636
29.807087
19.439405
25.363795
24.623246
22.401600
25.363795
21.661051
16.477210
12.033917
14.255563
3.887881
6.109527
4.628430
0.925686
12.033917
14.255563
12.774466
10.552820
5.368978
-2.036509
-4.998704
-4.998704
-6.479802
-16.106935
-12.404192
-6.479802
-4.998704
3.147332
6.109527
3.147332
1.666235
2.406783
-2.777058
-17.588033
-16.847484
-18.328581
-27.955715
-23.512423
-27.955715
-21.290776
-16.847484
-12.404192
-22.031325
-38.323398
-34.620654
-41.285593
-33.880105
-27.955715
-30.177361
-22.771874
-24.252971
-23.512423
-19.069130
-11.663643
-10.923094
-10.923094
-13.144740
-13.144740
-16.106935
-19.069130
-26.474618
-30.917910
-18.328581
-13.885289
-12.404192
-3.517607
-0.555412
-11.663643
-9.441997
-9.441997
-3.517607
0.185137
5.368978
7.590625
1.666235
4.628430
-2.777058
2.406783
8.331173
7.590625
14.996112
11.293368
10.552820
9.812271
10.552820
17.217758
11.293368
9.071722
9.071722
21.661051
29.066538
32.769282
26.104343
31.288185
23.882697
14.255563
10.552820
14.255563
19.439405
11.293368
18.698856
14.255563
12.774466
10.552820
5.368978
1.666235
-1.295960
6.850076
7.590625
12.774466
12.033917
9.071722
0.925686
-6.479802
-8.701448
-17.588033
-19.069130
-13.144740
-15.366386
-5.739253
-3.517607
-11.663643
-15.366386
-13.885289
-17.588033
-13.144740
-10.923094
-10.923094
-6.479802
-7.220350
-7.960899
-10.182545
-19.809679
-16.847484
-7.220350
-11.663643
-7.960899
-8.701448
-9.441997
-12.404192
-16.106935
-14.625838
-9.441997
-2.036509
-3.517607
6.109527
8.331173
6.850076
7.590625
3.147332
0.185137
4.628430
1.666235
0.925686
-2.036509
-4.258155
-0.555412
0.185137
11.293368
20.920502
19.439405
21.661051
21.661051
19.439405
21.661051
24.623246
32.028733
23.142148
20.179953
21.661051
17.958307
15.736661
24.623246
29.066538
25.363795
19.439405
21.661051
18.698856
10.552820
12.774466
12.033917
13.515015
6.850076
9.812271
5.368978
3.147332
0.925686
-2.777058
-3.517607
-6.479802
-11.663643
-13.885289
-16.106935
-19.069130
-13.144740
-4.258155
-3.517607
0.185137
-2.036509
-6.479802
-8.701448
-9.441997
-4.998704
-7.960899
-11.663643
-10.923094
-10.182545
-6.479802
3.887881
11.293368
6.109527
7.590625
7.590625
-2.777058
-10.182545
-7.220350
-7.960899
-14.625838
-9.441997
-10.182545
-6.479802
0.185137
2.406783
4.628430
-3.517607
-3.517607
-7.220350
-5.739253
-7.220350
-3.517607
-6.479802
-15.366386
-19.069130
-16.106935
-5.739253
0.185137
4.628430
3.887881
0.185137
-2.036509
-4.998704
1.666235
-0.555412
-4.998704
-3.517607
-12.404192
-9.441997
-6.479802
-12.404192
-9.441997
-4.998704
-3.517607
-2.036509
0.925686
1.110823
