-2
-2
-2
-2
0
0
1
0
1
1
-1
-4
-3
-1
0
1
1
2
1
1
0
0
-2
-1
0
1
0
-1
-1
-2
-1
-2
-1
-1
1
0
-1
-1
-2
-3
-2
-1
-1
0
-2
-2
-3
-4
-2
-2
0
1
1
0
0
-2
-1
-2
-2
-1
-1
-1
-1
-1
-2
-2
-2
-3
-2
-1
-1
-1
0
-2
-2
-2
-2
-1
-1
1
2
2
2
1
-1
-2
-2
-2
-1
0
1
1
2
0
-1
-1
-2
0
1
1
2
2
2
2
2
2
1
0
2
2
1
2
3
2
1
1
0
1
1
1
2
2
2
1
0
1
1
2
2
2
2
2
1
-1
-1
0
1
2
2
2
1
1
-1
0
0
1
3
1
2
2
1
0
-2
-4
-4
-2
0
0
0
-2
-1
-2
-2
-1
1
0
0
2
1
1
0
2
-1
-1
-2
-2
-2
0
-1
-2
-1
-1
0
0
2
3
1
1
0
0
-1
0
1
1
0
1
-1
-1
-1
-1
1
2
2
2
1
0
2
1
1
0
0
2
2
2
0
0
1
0
0
0
-1
-1
-1
-2
-1
0
0
0
0
1
1
0
-1
-1
-1
1
0
0
0
-1
-2
-3
-3
-1
0
1
1
1
0
0
0
0
0
0
-1
-1
-2
-1
1
1
0
1
-1
0
-1
0
-2
-1
-1
0
-1
-1
-1
-1
-1
-1
-1
-1
-1
-2
-2
-3
-3
-3
-2
1
1
2
0
0
-2
-2
-1
-1
0
1
2
2
0
1
-1
-1
0
1
1
4
2
3
2
2
2
0
0
0
0
-1
0
0
-1
1
3
3
4
2
0
-1
-1
-2
-2
-1
0
1
0
2
1
0
1
0
2
1
0
0
0
1
1
0
0
1
0
0
0
0
-1
-1
-1
0
0
0
-1
-1
-2
-1
0
1
-1
0
1
1
3
0
2
2
0
0
1
0
1
0
1
0
0
-1
-1
-1
0
0
0
0
0
-1
-1
-2
-1
-2
-2
-1
0
1
2
3
4
3
3
4
1
0
1
1
1
0
0
-1
-2
-1
0
0
1
1
0
0
1
1
2
1
2
1
1
0
-1
-2
-2
-2
-2
-2
-1
-3
-4
-3
-2
-1
-1
-1
-2
-2
-2
-1
-2
-5
-5
-4
-2
-2
-1
-1
0
-1
-2
-1
0
0
-1
-1
0
0
0
0
0
1
2
2
2
1
3
1
2
1
0
0
0
0
0
0
0
-1
1
0
-1
-2
-1
0
0
2
2
1
1
0
1
2
1
1
1
1
-1
0
-1
0
0
2
2
4
3
2
1
-1
-1
0
1
3
3
2
1
1
-1
-1
0
0
1
2
2
3
1
1
1
0
0
0
0
1
1
1
1
1
0
-1
-2
-1
0
0
-1
-2
-2
-3
-4
-3
-3
-2
-1
-2
-2
-2
-2
-1
-1
0
0
1
1
1
1
2
0
0
3
2
0
1
-1
-1
-1
-2
-2
-1
-1
-1
-1
1
1
-1
0
1
0
0
0
1
0
-1
0
0
-1
0
-1
0
0
-1
-1
0
-2
-2
-2
-3
-2
-1
0
0
-1
-1
-2
-3
-3
-2
-2
-1
0
1
2
2
1
2
1
1
1
2
3
4
5
3
2
1
1
2
3
3
3
2
1
1
-1
-3
-2
-2
-3
-3
-2
-2
-2
0
1
1
2
2
1
0
-1
-1
-2
-2
-2
0
-1
1
1
0
0
0
-2
-1
0
-1
1
1
1
1
0
0
0
2
3
4
5
3
4
2
0
-1
1
1
2
2
3
2
2
0
0
1
0
2
1
0
-1
-3
-3
-3
-2
-1
-1
-1
-2
-2
-3
-2
-2
-1
-1
-1
-3
-3
-3
-5
-3
-4
-2
-3
-2
-3
-3
-3
-1
-2
-1
-1
-2
-2
-1
1
2
2
2
2
1
0
0
2
2
2
2
2
2
2
1
1
1
2
1
-1
-1
0
0
0
2
2
3
2
1
1
0
-1
-1
0
2
2
2
2
1
-1
-1
-1
0
0
2
2
1
0
-2
-3
-3
-3
-3
-1
-2
-1
0
1
-1
-2
-2
-1
-2
0
0
0
0
1
0
-2
-1
-1
-1
0
1
3
2
2
0
0
-1
-1
2
3
3
2
3
1
0
-1
-1
-2
-1
0
1
2
3
0
0
2
2
1
2
3
1
1
1
2
2
1
2
3
3
1
1
1
1
1
-1
1
1
2
1
1
0
2
1
0
-1
0
1
1
0
0
-1
-2
-2
-3
-2
-2
-1
0
1
1
-1
-2
-1
-3
-3
-3
-3
-3
-3
-3
-2
-1
-1
-1
0
-1
-2
-4
-3
-3
0
-1
1
0
-1
-1
0
-1
-1
-1
0
-1
0
1
0
-1
-1
-1
-1
1
1
1
1
0
-1
-2
-1
0
1
1
1
1
0
-1
0
-2
-2
-2
0
3
2
3
2
1
1
-2
0
0
1
2
1
1
1
1
0
-1
1
1
4
3
0
1
-1
0
-1
0
1
0
3
3
2
1
0
-1
-1
-1
-1
0
-2
-1
0
0
0
-1
-1
-1
1
0
1
2
2
2
3
3
3
3
3
2
1
0
-1
-1
0
0
1
1
1
2
2
1
1
1
1
0
1
0
1
0
0
0
-2
-1
-2
-2
-3
-3
-2
-2
-1
1
0
-2
-2
-1
0
-1
-1
-1
-1
0
0
0
-2
-1
-2
-2
-2
-2
-2
0
0
2
3
2
-1
-1
-2
-2
-2
0
1
0
0
-2
-1
-2
-2
-2
-2
0
-2
0
-1
-2
-3
-2
-3
-2
0
0
1
1
1
1
-1
0
0
0
1
2
1
0
0
-1
-2
-1
0
2
2
2
1
1
2
3
2
4
4
4
5
5
4
5
5
4
2
2
1
1
1
1
3
3
3
4
3
1
0
0
0
-1
0
0
-2
0
-1
-1
-1
0
-1
-1
-2
-4
-4
-4
-3
-2
-1
0
1
0
-2
-1
-2
-1
2
1
1
0
0
-2
-2
-2
0
-1
0
1
0
-1
-2
-2
-3
-1
0
0
2
2
2
2
2
3
3
3
2
2
3
2
1
0
0
-2
-2
-2
-3
-2
-2
-2
-1
0
0
1
1
2
2
1
2
2
1
-1
0
-1
-1
-3
-2
-2
-3
-4
-4
-5
-5
-6
-5
-5
-4
-4
-5
-3
-2
-1
0
-3
-3
-5
-5
-5
-3
-1
0
0
-2
-4
-6
-7
-7
-4
-1
2
3
6
7
7
7
8
9
9
9
9
9
9
10
11
13
13
14
13
12
13
12
10
9
8
6
4
2
0
-3
-6
-8
-8
-8
-9
-10
-10
-10
-9
-9
-9
-8
-6
-5
-3
-2
-1
1
1
3
3
-1
-3
-5
-8
-9
-8
-7
-5
-6
-7
-9
-12
-15
-15
-15
-12
-9
-7
-5
-3
-2
-1
0
0
3
5
8
10
11
11
9
8
9
9
8
8
10
14
23
29
37
41
40
33
23
10
0
-9
-15
-20
-23
-23
-25
-28
-31
-33
-35
-34
-32
-25
-16
-3
11
22
34
40
43
41
36
29
21
13
5
0
-4
-7
-9
-14
-17
-23
-29
-32
-34
-35
-32
-27
-21
-12
0
11
20
27
35
38
33
23
10
-5
-16
-19
-19
-14
-6
-6
-11
-19
-26
-32
-33
-31
-26
-19
-13
-7
4
14
21
26
26
19
11
1
-7
-10
-8
-4
-1
3
5
8
8
6
0
-4
-7
-7
-2
6
13
20
24
26
23
20
19
18
17
17
16
15
14
13
15
17
21
24
26
26
27
26
23
18
13
6
2
-2
-6
-9
-13
-20
-25
-31
-35
-37
-38
-37
-35
-27
-19
-10
-1
4
7
6
3
-1
-3
-6
-9
-10
-9
-10
-14
-19
-21
-24
-27
-26
-27
-26
-23
-21
-17
-13
-10
-10
-10
-11
-11
-13
-13
-12
-9
-5
0
5
7
12
12
11
10
8
10
9
10
14
33
64
105
147
175
175
141
90
28
-28
-62
-71
-71
-67
-62
-65
-76
-88
-104
-126
-128
-124
-116
-102
-54
21
84
139
186
194
179
142
113
71
42
22
-15
-37
-54
-46
-54
-62
-61
-78
-106
-140
-152
-142
-108
-53
-2
53
102
125
121
122
126
109
74
37
-1
-41
-64
-70
-70
-54
-40
-45
-58
-60
-68
-74
-73
-66
-52
-30
-3
22
48
67
66
52
30
7
-11
-28
-33
-32
-27
-29
-24
-17
-7
9
18
23
28
28
24
30
37
45
55
62
62
67
73
80
123
201
270
295
278
218
116
7
-71
-113
-126
-117
-108
-120
-132
-133
-137
-148
-164
-176
-183
-183
-157
-85
18
114
186
229
226
192
139
80
24
-11
-43
-80
-108
-117
-109
-98
-88
-90
-109
-150
-183
-188
-165
-119
-52
6
57
103
131
134
128
105
48
-17
-81
-135
-161
-158
-136
-102
-64
-41
-34
-30
-30
-31
-25
-16
-5
12
29
38
45
44
31
11
-7
-34
-60
-81
-100
-104
-93
-71
-32
15
59
92
118
127
129
134
143
154
157
179
282
464
607
656
626
495
255
-2
-174
-254
-254
-219
-203
-220
-249
-270
-289
-326
-366
-382
-390
-393
-305
-81
193
434
616
709
677
540
368
203
60
-65
-182
-290
-363
-367
-305
-230
-176
-169
-231
-348
-458
-500
-443
-285
-77
145
356
516
622
657
575
398
157
-121
-372
-522
-554
-483
-337
-181
-82
-48
-68
-128
-194
-242
-264
-243
-183
-97
28
178
292
340
305
168
-22
-206
-360
-449
-445
-377
-278
-163
-44
63
157
207
213
188
141
103
107
160
261
381
454
471
458
462
599
841
1004
996
848
561
204
-101
-262
-256
-167
-127
-171
-279
-395
-475
-528
-575
-613
-625
-618
-570
-392
-57
325
610
749
762
660
483
291
138
22
-94
-235
-367
-440
-432
-356
-307
-342
-455
-600
-742
-814
-737
-519
-277
-47
173
324
437
533
528
435
300
79
-179
-348
-404
-394
-329
-251
-244
-251
-261
-299
-285
-201
-126
-103
-82
-61
-11
54
96
116
113
70
16
-2
31
95
138
118
53
-21
-104
-164
-172
-161
-125
-47
61
216
398
572
717
801
794
727
603
444
300
220
324
657
1085
1447
1594
1475
1093
554
25
-348
-510
-531
-513
-548
-555
-561
-567
-589
-658
-790
-967
-1131
-1167
-950
-494
83
619
978
1117
1066
866
586
300
18
-276
-549
-757
-809
-713
-500
-331
-286
-377
-569
-768
-902
-966
-916
-753
-585
-341
0
361
674
845
797
561
190
-251
-613
-796
-795
-697
-538
-343
-164
25
182
241
182
5
-276
-540
-668
-632
-466
-215
-11
144
245
280
247
173
63
-103
-278
-451
-490
-389
-226
-30
162
308
406
486
598
785
1018
1135
1148
1075
900
712
573
424
239
107
156
588
1306
2054
2508
2536
2075
1321
541
-26
-239
-186
-123
-240
-495
-754
-955
-1108
-1209
-1401
-1694
-2032
-2219
-2045
-1383
-397
563
1263
1588
1600
1402
1113
861
637
343
-57
-506
-860
-1037
-1043
-943
-938
-1131
-1505
-1872
-2059
-2033
-1765
-1275
-716
-233
294
850
1348
1737
1859
1565
879
-11
-918
-1574
-1835
-1732
-1361
-875
-435
-113
104
182
114
-20
-244
-462
-519
-396
-80
378
889
1218
1309
1113
716
278
-213
-692
-1071
-1272
-1359
-1272
-986
-592
-87
419
727
893
1036
1073
1074
1104
1145
1219
1255
1143
909
558
114
-380
-711
-571
694
3112
5444
6559
6521
5621
3885
1750
30
-765
-918
-1242
-2111
-2928
-3288
-3412
-3503
-3538
-3719
-4213
-4885
-5223
-4764
-3100
-596
1781
3459
4549
5211
5339
4977
4387
3733
2628
895
-977
-2342
-3010
-3150
-3066
-2917
-2977
-3361
-3924
-4261
-3996
-3231
-2307
-1415
-458
641
1862
3097
4142
4662
4352
3181
1398
-488
-1959
-2765
-2946
-2682
-2209
-1684
-1120
-539
14
536
845
638
-4
-631
-896
-717
-144
638
1363
1718
1560
1025
333
-392
-1096
-1790
-2322
-2592
-2509
-1980
-1042
107
1212
2082
2510
2539
2295
1965
1680
1423
1216
1094
1017
953
903
781
524
119
-452
-1053
-1288
-577
1653
4797
7197
7954
7458
6023
3693
1070
-664
-1271
-1551
-2249
-3226
-3873
-3942
-3879
-4029
-4266
-4679
-5414
-6128
-6096
-4874
-2394
526
2919
4499
5613
6314
6361
5745
4933
3897
2146
-293
-2518
-3778
-4162
-4126
-3845
-3421
-3282
-3573
-4030
-4172
-3824
-2996
-2002
-962
280
1662
3013
4288
5123
5123
4312
2762
663
-1407
-2830
-3544
-3576
-3081
-2347
-1546
-747
32
612
954
1073
825
303
-166
-354
-211
176
646
929
969
740
138
-694
-1447
-2076
-2597
-2828
-2584
-1894
-808
554
1912
3037
3720
3781
3305
2611
1925
1260
673
281
54
-59
-82
-30
82
164
10
-257
-513
-713
-668
-7
1897
5040
7814
8923
8574
7114
4630
1699
-685
-1806
-2096
-2642
-3689
-4561
-4802
-4746
-4839
-4970
-5128
-5723
-6566
-6820
-5844
-3390
-86
2878
5060
6534
7276
7225
6527
5543
4318
2500
73
-2229
-3589
-3903
-3584
-2953
-2298
-2186
-2779
-3765
-4653
-5056
-4841
-4230
-3262
-1729
116
1970
3733
5157
5619
5009
3650
1766
-190
-1676
-2547
-2716
-2196
-1422
-662
152
770
948
747
124
-814
-1770
-2452
-2594
-2034
-1018
133
1160
1769
1812
1462
770
-245
-1295
-2165
-2616
-2503
-1864
-685
897
2376
3250
3499
3217
2522
1609
755
191
-110
-233
-158
188
711
1229
1558
1592
1306
765
89
-489
-443
1176
4256
7116
8408
8247
6978
4657
1680
-912
-2183
-2475
-3017
-4095
-4878
-4735
-4213
-4031
-3986
-4151
-4923
-5974
-6517
-5881
-3579
-415
2308
4183
5608
6676
7049
6626
5921
5120
3627
1165
-1383
-2917
-3362
-3335
-3219
-2924
-2893
-3518
-4505
-5143
-5200
-4911
-4477
-3760
-2479
-760
1163
3244
5125
6004
5647
4395
2583
667
-838
-1712
-1923
-1613
-1236
-1051
-812
-496
-510
-945
-1612
-2311
-2972
-3383
-3100
-2062
-497
1090
2176
2814
3018
2550
1479
217
-1066
-2335
-3218
-3436
-2888
-1569
74
1640
3016
3842
3893
3472
2792
2023
1281
746
417
244
425
871
1264
1522
1502
1011
386
-254
-909
-1266
-585
1863
5159
7387
8253
8035
6539
4038
1248
-746
-1367
-1634
-2537
-3570
-4077
-4092
-4246
-4627
-4800
-5262
-6388
-7213
-7200
-5930
-3132
99
2694
4825
6435
7222
7306
6918
6366
5416
3501
959
-1369
-2898
-3570
-3834
-3682
-3303
-3440
-4208
-4980
-5443
-5489
-4995
-4186
-3083
-1551
23
1599
3487
5087
5704
5500
4504
2775
891
-660
-1744
-2229
-2235
-2184
-2168
-1958
-1558
-1280
-1192
-1188
-1405
-1824
-2077
-1928
-1299
-243
831
1496
1829
1766
1193
414
-353
-1096
-1686
-1952
-1858
-1287
-287
1016
2445
3441
3741
3573
3084
2354
1605
990
565
270
100
172
453
692
857
915
831
733
633
391
330
1640
4255
6621
7667
7433
6245
4185
1761
-257
-1297
-1308
-1812
-3036
-4168
-4555
-4749
-4946
-4860
-5199
-5750
-6185
-6315
-5723
-3465
-403
2027
3689
4835
5694
6012
5805
5514
5130
3995
2085
-59
-1627
-2278
-2545
-2756
-2761
-3062
-3900
-4814
-5364
-5360
-4864
-4117
-3321
-2280
-1105
241
1873
3493
4522
4626
3996
2879
1562
345
-387
-552
-449
-487
-808
-1052
-1083
-1227
-1655
-2013
-2202
-2499
-2881
-2871
-2246
-1167
-145
601
1269
1754
1703
1148
469
-173
-844
-1378
-1556
-1200
-435
525
1621
2586
3118
3149
2814
2138
1345
729
371
210
158
234
459
774
953
867
705
687
627
392
565
1925
4349
6630
7753
7729
6817
5029
2640
468
-736
-1268
-2096
-3282
-4238
-4652
-4809
-5030
-5220
-5415
-5939
-6556
-6767
-6084
-4122
-1457
980
2917
4561
5743
6338
6503
6483
6148
5036
3163
1053
-673
-1830
-2647
-3205
-3469
-3869
-4609
-5298
-5635
-5428
-4793
-4080
-3157
-2036
-1001
222
1762
3170
4164
4495
3971
3041
2034
1008
213
-144
-364
-800
-1313
-1646
-1755
-1731
-1628
-1781
-2125
-2317
-2536
-2629
-2163
-1329
-555
70
510
780
925
861
645
346
-128
-690
-1038
-921
-386
420
1401
2344
2895
2944
2735
2467
2124
1630
997
348
-296
-841
-780
-101
692
1352
1784
1933
1842
1558
1189
724
407
1316
3595
5972
7493
8012
7430
5922
3609
1210
-199
-920
-1962
-3460
-4895
-5655
-5989
-6280
-6087
-5872
-6256
-6646
-6789
-6393
-4611
-2050
282
2300
3848
5008
6023
6600
6907
7019
6343
4727
2636
669
-732
-1878
-2950
-3547
-3975
-4725
-5337
-5587
-5505
-5056
-4690
-4540
-4037
-3195
-2177
-609
1347
3149
4392
5014
5024
4494
3664
2701
1563
294
-940
-2100
-2941
-3225
-3189
-2909
-2269
-1708
-1476
-1382
-1274
-1141
-1084
-1021
-865
-610
-386
-120
158
348
373
223
43
-113
-163
96
685
1254
1680
2067
2385
2461
2259
1904
1518
985
388
132
431
1114
1678
2032
2270
2265
1963
1562
1017
415
197
978
2931
5060
6505
7250
7056
5751
3796
1722
326
-546
-1811
-3423
-4809
-5742
-6187
-6322
-6161
-5718
-5511
-5566
-5536
-5057
-3722
-1920
-411
929
2297
3532
4672
5654
6607
7399
7234
5957
4125
2133
216
-1553
-3041
-3934
-4580
-5401
-5993
-6084
-5810
-5353
-4777
-4119
-3498
-2822
-1863
-562
1119
2991
4423
5278
5610
5279
4454
3539
2528
1181
-374
-1872
-3211
-4211
-4537
-4251
-3582
-2688
-2140
-2054
-1888
-1716
-1690
-1463
-1038
-614
-227
161
663
1179
1545
1663
1448
1012
527
130
67
297
724
1317
1894
2258
2517
2655
2524
2093
1357
656
196
-114
-160
212
899
1542
1813
1781
1587
1066
294
-415
-810
5
2215
4549
6377
7539
7559
6416
4565
2750
1538
479
-887
-2522
-4147
-5223
-5845
-6261
-6088
-5833
-6319
-6930
-7243
-7124
-6083
-4322
-2229
64
2076
3808
5429
6701
7649
8169
7974
7074
5433
3373
1675
298
-929
-1927
-2968
-4074
-5086
-6032
-6662
-6884
-6940
-6805
-6376
-5559
-4124
-2165
98
2407
4275
5525
6135
6050
5502
4603
3348
1863
159
-1528
-2898
-3776
-3964
-3637
-3203
-2765
-2395
-2176
-1899
-1519
-1091
-607
-333
-337
-343
-199
103
545
963
1278
1328
1039
718
622
761
1003
1314
1641
1949
2168
2232
2296
2403
2343
2091
1772
1487
1444
1553
1657
1824
1645
986
222
-556
-1160
-1546
-1899
-1607
33
2415
4516
6030
6940
7017
6041
4482
3268
2480
1651
514
-998
-2448
-3575
-4745
-5701
-6098
-6463
-7053
-7674
-8162
-7992
-6922
-5285
-3366
-1373
556
2276
3659
4980
6396
7458
7881
7604
6728
5644
4487
3197
2060
944
-568
-2416
-4315
-5976
-7164
-7765
-7773
-7385
-6736
-5812
-4734
-3440
-1815
-88
1457
2733
3578
3804
3571
3135
2544
1936
1418
828
211
-268
-701
-1060
-1148
-1052
-1004
-1001
-991
-1041
-1157
-1254
-1305
-1334
-1258
-1157
-1079
-934
-694
-511
-398
-298
-51
427
1008
1681
2373
2983
3422
3593
3604
3711
3769
3617
3315
2913
2490
2052
1618
1314
983
498
-30
-768
-1554
-2132
-2467
-2561
-2330
-1426
255
2107
3571
4688
5395
5627
5376
4892
4559
4200
3346
1994
386
-1203
-2626
-3929
-4961
-5762
-6568
-7296
-7794
-7916
-7366
-6251
-4878
-3500
-2167
-814
464
1533
2671
3950
5037
5703
5865
5809
5668
5239
4566
3871
2923
1501
-240
-1932
-3215
-4041
-4367
-4165
-3863
-3740
-3812
-4060
-4083
-3731
-3452
-3236
-2942
-2868
-3077
-3181
-2797
-1882
-777
113
720
1245
1713
1975
2300
3051
3844
4100
3930
3598
3172
2630
1863
984
148
-903
-2219
-3407
-4135
-4347
-4211
-3860
-3167
-2251
-1303
-341
658
1781
2924
3730
4073
4183
4076
3956
3934
3902
3863
3706
3334
2861
2403
1950
1530
1018
364
-354
-1082
-1744
-2396
-2798
-2435
-1383
-264
792
1780
2572
3067
3115
3008
3020
2875
2159
960
-240
-1115
-1875
-2505
-2717
-2696
-2715
-2928
-3296
-3473
-3312
-3066
-2848
-2631
-2402
-2173
-1943
-1630
-1059
-355
274
692
935
1170
1373
1505
1595
1625
1489
1208
912
863
1081
1452
1842
1964
1795
1426
812
94
-578
-1324
-2207
-3218
-4213
-4937
-5375
-5548
-5347
-4903
-4475
-4104
-3686
-2997
-1973
-854
326
1620
2724
3468
3959
4347
4681
4797
4659
4328
3737
2882
1904
998
280
-328
-899
-1292
-1449
-1475
-1363
-1088
-720
-355
-136
-134
-229
-387
-468
-367
-30
501
1105
1752
2345
2697
2810
2961
3122
3068
2785
2422
1884
1057
205
-393
-731
-916
-1023
-1113
-951
-438
55
434
744
796
463
-196
-948
-1432
-1547
-1450
-1200
-864
-445
-100
105
408
894
1323
1549
1523
1314
1081
764
422
75
-377
-988
-1723
-2399
-2776
-2840
-2754
-2661
-2720
-2908
-2976
-2852
-2459
-1750
-863
48
723
1168
1567
1970
2340
2482
2406
2163
1728
1034
300
-334
-912
-1522
-2171
-2736
-3100
-3300
-3317
-3111
-2667
-2050
-1508
-1073
-700
-361
-70
237
555
933
1348
1732
2116
2431
2631
2741
2697
2473
2142
1825
1659
1561
1446
1363
1307
1100
691
166
-336
-726
-1037
-1236
-1289
-1191
-1043
-891
-665
-376
-123
49
189
253
265
212
141
141
243
460
728
1048
1401
1693
1825
1860
1726
1394
881
142
-671
-1382
-1957
-2335
-2435
-2363
-2151
-1771
-1316
-762
-96
600
1194
1599
1826
2042
2177
2222
2267
2229
2058
1779
1439
1142
931
645
288
-47
-398
-771
-1171
-1567
-1805
-2066
-2336
-2412
-2381
-2319
-2128
-1726
-1153
-505
48
446
699
754
622
329
52
-160
-432
-716
-899
-883
-709
-572
-446
-230
-137
-237
-483
-756
-942
-1131
-1283
-1233
-997
-736
-451
-111
215
455
544
597
664
721
832
1008
1199
1297
1274
1247
1234
1069
792
533
212
-155
-484
-654
-634
-558
-542
-584
-669
-825
-1042
-1234
-1346
-1372
-1358
-1329
-1124
-736
-198
446
1109
1690
2038
2070
1819
1435
998
559
140
-185
-430
-576
-572
-419
-151
176
405
450
415
312
177
162
321
635
988
1233
1383
1511
1636
1682
1699
1759
1762
1598
1316
987
665
288
-103
-417
-674
-898
-1090
-1229
-1265
-1196
-1019
-704
-361
-78
124
241
227
116
-32
-143
-248
-374
-447
-447
-365
-250
-165
-81
-29
-83
-202
-314
-452
-613
-693
-723
-717
-641
-521
-349
-143
-2
56
57
-32
-153
-236
-287
-341
-412
-404
-371
-382
-363
-311
-275
-276
-319
-415
-437
-369
-329
-288
-218
-244
-430
-715
-973
-1148
-1302
-1460
-1534
-1475
-1312
-1055
-709
-268
196
518
649
665
599
490
363
255
193
132
37
-13
38
221
490
731
904
945
889
798
709
678
690
758
827
817
748
754
844
987
1129
1297
1455
1505
1418
1224
996
722
416
133
-69
-207
-318
-402
-397
-287
-145
3
138
245
279
240
207
184
150
123
137
187
252
357
523
715
814
807
704
470
129
-268
-601
-837
-949
-1010
-1013
-916
-708
-397
-65
228
456
533
437
275
116
0
-145
-346
-459
-454
-445
-439
-385
-356
-463
-657
-891
-1097
-1273
-1453
-1570
-1609
-1586
-1505
-1333
-1032
-745
-554
-480
-534
-684
-857
-979
-1009
-934
-833
-713
-582
-430
-253
-37
207
392
447
402
281
245
350
447
588
767
884
874
785
705
681
642
549
466
423
342
285
309
393
550
741
875
992
1137
1204
1170
1049
842
620
415
198
40
-26
-82
-176
-300
-327
-249
-170
-99
-22
55
106
105
127
246
445
596
672
798
934
1029
1083
1097
1090
1006
751
450
207
-2
-201
-391
-465
-423
-356
-294
-162
44
209
260
228
110
-73
-254
-435
-549
-559
-491
-427
-380
-356
-333
-286
-307
-357
-431
-549
-749
-1043
-1318
-1453
-1494
-1480
-1378
-1224
-1082
-956
-885
-818
-707
-647
-700
-846
-960
-1034
-1107
-1131
-1052
-840
-590
-384
-150
91
285
441
560
694
812
825
826
889
947
957
920
884
864
787
674
613
617
623
628
641
691
814
898
933
915
885
786
603
419
324
311
292
266
293
389
425
413
438
484
455
292
76
-84
-207
-277
-268
-179
-54
84
192
324
511
651
729
753
674
506
307
57
-190
-379
-478
-527
-521
-435
-315
-186
-53
63
177
207
119
-33
-206
-365
-515
-638
-696
-698
-687
-661
-582
-484
-458
-494
-542
-602
-677
-807
-968
-1086
-1183
-1235
-1207
-1081
-902
-743
-639
-586
-546
-562
-624
-704
-762
-777
-772
-807
-799
-709
-607
-469
-337
-148
65
243
393
529
662
757
821
850
889
896
848
792
675
533
423
369
334
386
499
616
709
780
798
790
743
635
521
418
390
392
468
608
756
838
860
913
946
928
868
765
655
527
404
355
415
494
538
568
593
604
617
690
793
823
765
658
506
370
215
85
61
63
20
-27
-23
9
-16
-45
-64
-109
-244
-423
-521
-594
-696
-811
-922
-1026
-1129
-1224
-1247
-1203
-1176
-1172
-1172
-1174
-1166
-1175
-1140
-1094
-1057
-1006
-966
-899
-800
-739
-681
-619
-636
-695
-773
-844
-911
-949
-1017
-1038
-1030
-1017
-974
-863
-671
-486
-376
-254
-116
-28
78
211
380
589
730
816
911
956
957
930
869
743
591
458
394
391
401
475
578
635
708
759
735
645
499
362
286
256
207
243
317
384
442
508
622
694
711
717
733
733
683
634
666
715
752
807
866
976
1041
965
864
831
808
726
612
513
481
441
347
302
323
322
269
231
294
384
405
419
421
387
301
161
-3
-170
-322
-472
-592
-748
-895
-989
-1037
-1090
-1121
-1114
-1110
-1128
-1186
-1209
-1232
-1258
-1295
-1273
-1177
-1084
-984
-873
-752
-614
-568
-546
-540
-581
-693
-839
-923
-929
-899
-859
-806
-717
-634
-577
-474
-372
-293
-293
-339
-345
-306
-250
-182
-76
35
86
105
142
233
352
441
510
587
685
743
770
774
791
772
686
588
532
478
444
424
411
444
454
402
338
269
216
209
207
241
351
458
546
671
824
1001
1110
1155
1132
1090
1049
1007
915
850
834
755
655
596
524
379
199
41
-33
-85
-120
-92
4
126
216
254
280
289
233
108
-40
-155
-264
-390
-492
-522
-496
-484
-444
-365
-316
-336
-406
-533
-676
-798
-911
-967
-989
-984
-953
-885
-785
-666
-550
-472
-461
-507
-548
-574
-569
-526
-452
-372
-264
-168
-118
-66
-7
33
52
34
-24
-121
-243
-358
-484
-580
-606
-592
-551
-493
-417
-306
-190
-88
6
64
120
174
236
306
356
415
431
460
508
548
601
627
605
565
502
405
327
235
140
80
21
-38
-42
52
188
354
510
607
659
694
692
685
660
642
650
662
669
698
717
706
675
601
480
359
230
100
13
-41
-106
-157
-174
-188
-195
-213
-194
-202
-256
-314
-316
-332
-353
-350
-328
-282
-230
-174
-118
-59
-50
-77
-161
-286
-416
-556
-677
-755
-807
-805
-736
-686
-601
-490
-404
-359
-337
-302
-270
-223
-189
-138
-78
8
86
146
185
229
255
267
283
285
258
170
32
-111
-229
-318
-363
-419
-418
-383
-336
-273
-207
-125
-41
33
75
98
95
56
24
11
20
86
166
248
334
408
466
454
416
401
365
290
227
203
228
273
314
382
412
411
393
373
371
368
347
335
358
383
419
466
447
430
419
357
303
259
200
138
95
39
3
9
10
28
40
29
-41
-132
-229
-323
-381
-428
-437
-429
-441
-440
-407
-347
-264
-217
-185
-178
-231
-325
-404
-454
-493
-533
-584
-612
-652
-679
-640
-565
-457
-355
-260
-157
-99
-90
-77
-54
-44
-47
-74
-56
-42
-33
-3
75
168
222
225
234
251
225
182
115
69
52
6
9
50
79
89
67
50
44
-10
-89
-151
-187
-213
-211
-130
-3
131
246
314
317
336
324
313
327
353
412
457
485
532
558
553
527
485
435
379
316
228
140
77
50
16
12
50
96
150
192
250
309
335
299
221
127
37
-26
-64
-32
15
40
54
85
110
54
-10
-60
-167
-280
-347
-377
-396
-420
-405
-392
-364
-323
-302
-289
-266
-279
-333
-400
-474
-564
-622
-619
-592
-538
-460
-350
-221
-118
-43
-13
-17
-27
-39
-60
-97
-143
-184
-224
-243
-240
-211
-158
-88
-36
26
88
93
109
129
131
157
185
238
285
328
370
372
350
316
276
221
139
22
-99
-197
-273
-304
-272
-204
-150
-109
-59
-10
46
131
235
344
452
510
549
566
583
598
602
577
513
421
285
149
44
-11
-39
-33
3
54
89
110
152
158
151
112
45
-39
-123
-180
-191
-142
-79
7
95
160
189
198
183
150
83
5
-52
-90
-112
-132
-131
-126
-141
-151
-172
-172
-177
-217
-264
-314
-375
-452
-503
-539
-522
-450
-359
-226
-103
8
128
208
236
226
153
49
-58
-129
-175
-196
-172
-164
-185
-190
-180
-181
-196
-201
-188
-171
-159
-136
-104
-63
14
116
225
297
323
316
292
277
242
190
133
32
-84
-169
-238
-242
-225
-226
-212
-209
-220
-227
-196
-133
-55
33
89
135
171
209
238
248
261
283
275
249
225
181
146
113
86
66
78
75
96
119
134
163
168
118
41
-37
-98
-138
-157
-142
-113
-80
-39
16
60
89
124
154
195
233
243
256
262
248
205
160
154
147
125
101
66
7
-72
-186
-311
-402
-480
-521
-506
-462
-401
-304
-203
-87
47
140
205
247
252
220
174
111
79
51
14
21
40
34
-4
-5
17
32
35
33
16
-26
-46
-63
-36
47
122
184
242
275
268
238
214
172
133
74
6
-49
-98
-122
-125
-115
-99
-90
-89
-93
-105
-124
-173
-235
-303
-370
-415
-414
-377
-323
-229
-133
-79
-48
-35
-22
-3
2
25
67
104
103
121
143
154
180
185
177
127
65
-11
-93
-167
-212
-238
-242
-218
-194
-157
-98
-27
38
120
195
222
211
204
169
142
123
93
99
120
116
105
73
17
-12
-61
-125
-183
-244
-284
-289
-258
-198
-137
-87
-31
27
82
124
150
136
104
65
15
-10
-3
2
21
60
90
125
154
185
187
162
142
108
77
44
42
75
104
145
174
203
214
232
240
226
185
127
77
36
22
20
69
111
136
183
233
249
242
205
140
48
-58
-174
-255
-312
-345
-328
-283
-221
-166
-129
-112
-94
-93
-114
-145
-161
-170
-153
-131
-95
-29
16
47
80
82
29
-42
-91
-163
-240
-297
-352
-365
-343
-295
-221
-117
-34
30
65
88
114
116
116
113
128
126
106
85
69
79
75
54
40
-8
-71
-131
-171
-181
-179
-151
-95
-45
-2
12
4
2
2
-9
-15
-36
-32
-40
-60
-51
-28
-19
-17
1
30
63
73
75
77
62
39
16
6
40
98
134
138
137
102
68
50
38
30
22
8
-5
0
16
38
68
105
168
228
253
260
225
166
95
3
-62
-117
-172
-182
-165
-124
-89
-58
-24
8
38
70
54
27
22
28
36
87
162
223
247
267
275
264
235
181
152
86
20
-33
-90
-119
-119
-112
-81
-35
13
42
52
88
96
76
71
66
53
41
37
37
36
30
6
-18
-47
-105
-158
-169
-203
-211
-214
-217
-211
-186
-155
-147
-124
-115
-124
-137
-138
-150
-158
-147
-138
-120
-130
-137
-146
-147
-116
-83
-52
-32
-18
-23
-23
-17
-6
8
5
-6
-12
-3
6
-10
-22
-28
-32
-41
-60
-52
-55
-88
-91
-74
-49
-23
11
66
91
98
97
67
21
-32
-93
-125
-134
-149
-135
-119
-103
-76
-41
-18
-2
16
6
3
14
45
85
126
179
218
228
239
250
239
219
182
137
119
117
111
112
105
92
95
93
73
78
99
112
157
205
223
243
247
232
224
191
155
124
98
77
73
61
62
56
53
65
56
45
33
24
25
39
54
69
72
58
29
-6
-35
-55
-62
-93
-108
-126
-133
-117
-101
-73
-67
-58
-43
-23
-8
-13
-26
-44
-57
-68
-96
-115
-135
-155
-156
-170
-180
-167
-166
-177
-171
-156
-155
-172
-173
-166
-157
-158
-175
-177
-190
-209
-240
-274
-279
-294
-319
-305
-285
-266
-243
-238
-236
-232
-222
-190
-134
-76
-32
2
24
33
45
70
99
111
107
83
44
10
-6
15
47
72
91
114
117
125
153
198
246
290
307
326
343
334
340
351
362
354
311
258
231
203
193
207
213
195
187
182
179
205
222
222
205
192
166
131
116
105
108
124
104
82
61
22
0
-24
-27
-31
-8
2
10
26
16
35
42
54
69
53
3
-49
-93
-135
-181
-201
-217
-234
-211
-202
-170
-134
-110
-98
-98
-113
-112
-100
-93
-97
-102
-99
-109
-116
-142
-157
-183
-215
-242
-271
-298
-320
-333
-334
-331
-336
-329
-294
-262
-220
-149
-100
-89
-60
-32
-26
-12
8
-5
-25
-66
-122
-150
-154
-146
-113
-65
-28
-25
-23
-15
1
32
75
117
160
176
167
166
151
136
124
122
149
169
180
198
205
217
217
214
215
240
273
286
294
285
254
208
167
144
145
157
171
194
206
180
127
93
79
63
73
96
122
126
125
137
147
165
163
151
136
112
78
33
10
-37
-69
-98
-120
-131
-125
-117
-121
-119
-133
-159
-180
-184
-186
-154
-123
-124
-122
-123
-151
-192
-224
-241
-254
-244
-227
-223
-218
-206
-189
-179
-177
-172
-182
-201
-199
-188
-170
-135
-110
-82
-49
-12
7
4
-17
-45
-53
-69
-73
-66
-55
-38
-16
-8
-10
5
16
39
79
118
145
159
140
107
79
76
61
62
87
94
124
144
138
140
156
166
195
232
244
243
233
209
183
171
169
170
179
201
201
198
181
153
128
105
93
99
111
131
163
161
156
135
124
125
116
110
95
94
78
50
16
-14
-61
-102
-124
-147
-141
-146
-166
-176
-168
-171
-187
-170
-161
-160
-162
-182
-200
-220
-243
-263
-284
-295
-326
-352
-356
-357
-344
-322
-285
-257
-236
-216
-196
-170
-152
-135
-127
-121
-115
-94
-83
-72
-64
-74
-67
-58
-47
-35
-22
-13
0
-8
-10
4
12
19
55
91
114
140
163
179
176
183
175
164
158
145
147
140
131
123
133
152
186
224
260
278
276
281
268
272
272
236
223
235
198
168
172
156
166
192
182
175
181
163
154
170
203
208
223
245
254
253
214
188
172
151
134
126
90
26
-59
-112
-140
-191
-197
-204
-222
-210
-198
-166
-138
-123
-123
-128
-127
-135
-152
-187
-223
-254
-289
-318
-330
-335
-358
-365
-359
-355
-350
-343
-335
-309
-298
-283
-251
-225
-217
-212
-202
-188
-171
-150
-123
-108
-114
-123
-118
-111
-95
-64
-46
-36
-33
-26
-20
-22
-12
2
4
16
17
21
36
50
61
69
69
69
71
64
59
58
69
97
126
171
211
232
272
296
300
314
305
290
275
236
209
190
186
168
166
167
166
170
181
185
199
229
234
246
275
294
286
286
307
320
314
288
260
247
216
199
180
149
126
83
53
36
-4
-22
-38
-54
-67
-67
-58
-74
-71
-101
-142
-176
-222
-245
-246
-240
-251
-229
-226
-223
-224
-216
-215
-208
-185
-196
-206
-217
-223
-233
-236
-244
-252
-253
-258
-262
-262
-267
-266
-269
-274
-260
-246
-197
-157
-137
-99
-83
-76
-68
-81
-80
-69
-68
-50
-46
-35
-49
-76
-83
-88
-108
-112
-97
-80
-57
-54
-45
-16
10
28
45
79
98
102
112
141
150
158
168
177
202
209
198
202
182
166
173
183
198
224
240
255
276
278
291
282
269
256
244
243
238
245
245
237
234
211
189
178
173
168
160
155
147
128
135
112
94
81
60
36
9
-18
-45
-67
-101
-127
-141
-146
-155
-154
-138
-120
-111
-97
-88
-99
-106
-121
-120
-125
-126
-110
-110
-112
-96
-96
-121
-135
-155
-190
-214
-236
-241
-243
-234
-222
-190
-165
-153
-139
-133
-123
-111
-95
-86
-65
-69
-76
-91
-108
-113
-131
-138
-129
-130
-122
-119
-107
-98
-88
-64
-43
-20
-17
7
18
12
4
-12
-9
-1
13
37
81
105
103
103
104
95
95
92
171
236
208
224
268
240
187
171
175
184
162
173
176
140
122
115
90
68
82
112
92
72
69
68
66
69
70
101
143
89
120
123
77
83
74
44
26
4
-11
-48
-69
-79
-111
-97
-96
-54
-24
-28
-18
-28
-37
-59
-28
-21
-8
32
-16
-46
0
-33
-55
-5
-35
-43
-40
-67
-84
-91
-93
-110
-76
-54
-43
-17
-15
-38
-68
-75
-112
-130
-148
-161
-169
-173
-159
-149
-169
-161
-175
-177
-148
-121
-99
-80
-51
-34
-22
-67
-82
-58
-64
-51
-33
-25
-26
-23
10
-12
-5
20
32
50
78
119
105
148
169
151
182
208
186
197
239
210
199
157
133
94
66
93
82
86
116
79
29
21
10
3
42
87
90
80
60
5
-25
-40
-37
-44
-32
-31
-24
-29
-45
-51
-85
-79
-84
-73
-32
-30
-5
-4
-20
-2
-36
-39
-36
-38
-20
-26
-27
-23
-42
-36
-16
-19
-12
-4
-7
1
28
28
37
51
43
80
81
77
76
45
28
13
0
-13
-41
-53
-55
-61
-72
-105
-107
-120
-118
-81
-58
-35
-36
-58
-78
-98
-95
-89
-90
-75
-77
-78
-76
-76
-70
-75
-67
-47
-45
-41
-32
-7
17
43
65
81
112
139
150
159
165
162
161
131
104
108
80
55
70
74
75
74
62
30
18
32
46
57
78
100
112
95
60
27
-9
-26
-25
-35
-21
-4
0
1
-15
-17
-7
-9
-2
10
10
-26
-31
-34
-42
-33
-45
-29
-10
-4
14
16
4
-13
-38
-36
-31
-21
-10
-6
-11
-20
-17
-7
20
30
34
34
29
17
-5
-17
-35
-35
-34
-56
-68
-62
-92
-117
-116
-122
-117
-110
-118
-117
-100
-105
-97
-73
-73
-60
-58
-57
-51
-53
-51
-72
-87
-71
-74
-79
-77
-60
-54
-47
-31
0
16
40
51
42
47
40
36
61
61
75
90
88
87
83
80
61
56
46
35
39
38
38
53
62
75
69
64
72
67
60
45
40
36
40
43
45
59
61
51
52
53
63
71
71
79
80
67
51
40
41
31
42
70
90
100
101
113
103
81
43
30
6
-10
-7
-14
11
12
12
-2
-3
-10
16
31
24
35
10
-22
-52
-41
-36
-19
-4
-18
-30
-40
-54
-51
-49
-49
-68
-81
-85
-103
-117
-132
-138
-151
-166
-145
-120
-130
-145
-175
-187
-188
-182
-170
-152
-143
-151
-135
-112
-92
-64
-44
-26
-36
-45
-39
-41
-13
-23
-34
-1
-8
-12
-11
-10
30
22
5
25
7
-6
7
-17
23
42
35
66
75
89
93
88
98
105
97
108
99
95
117
127
143
149
148
139
142
134
106
111
104
86
96
92
95
100
110
111
103
95
96
75
53
55
38
44
60
52
51
54
59
56
68
74
57
37
13
-8
-21
-24
-28
-31
-28
-13
-33
-64
-52
-57
-65
-58
-48
-11
-12
-12
-22
-38
-53
-74
-70
-77
-76
-68
-69
-68
-66
-59
-64
-73
-61
-56
-65
-80
-84
-87
-88
-84
-82
-65
-42
-44
-38
-32
-57
-78
-89
-90
-92
-81
-69
-70
-69
-59
-56
-74
-75
-71
-63
-58
-49
-53
-57
-79
-106
-108
-96
-88
-96
-73
-59
-70
-67
-54
-41
-29
-11
5
22
38
39
37
37
34
44
72
88
124
151
158
154
136
120
105
108
117
118
119
138
149
151
156
152
162
151
146
146
142
144
138
138
135
129
114
121
109
100
90
72
70
76
70
64
55
36
19
6
0
-3
-10
-18
-17
-20
-24
-2
-5
-4
-36
-64
-80
-106
-111
-91
-86
-96
-82
-95
-103
-100
-103
-108
-92
-86
-89
-95
-94
-95
-113
-109
-110
-105
-90
-95
-86
-90
-106
-114
-137
-135
-126
-120
-90
-89
-102
-109
-120
-119
-111
-92
-71
-56
-48
-52
-54
-53
-63
-64
-37
-10
1
17
25
19
6
5
7
19
49
65
86
83
61
49
45
48
54
79
93
85
88
87
83
86
90
113
128
134
142
143
130
112
105
96
85
78
77
86
97
103
112
108
94
90
84
71
56
39
42
50
56
56
43
39
27
9
17
36
34
35
17
-8
-26
-25
-25
-24
-7
-21
-44
-55
-63
-68
-66
-51
-48
-53
-59
-77
-83
-87
-86
-79
-86
-93
-103
-88
-75
-88
-88
-91
