0
0
1
-1
1
1
2
2
3
4
3
2
3
1
1
1
1
1
0
0
0
0
-1
-1
-1
1
0
0
1
1
0
0
1
1
2
3
2
1
1
1
2
1
2
2
1
1
1
2
1
0
0
0
0
0
-2
-1
-2
-1
-3
-3
-2
-3
-4
-4
-3
-4
-4
-3
-3
-2
-1
-2
-3
-3
-2
-2
-3
-3
-2
-2
-1
0
-2
-1
-1
0
1
1
1
1
0
0
0
1
1
1
0
1
1
1
1
2
1
1
0
1
2
2
2
3
3
3
3
3
3
2
3
2
3
3
4
5
4
6
4
3
4
3
2
1
1
-1
-2
-1
-2
-3
-3
-2
-4
-4
-4
-6
-6
-4
-4
-5
-4
-3
-3
-2
-3
-2
-1
-2
-2
0
0
1
1
0
0
0
0
1
1
-1
0
-1
-1
-1
-2
-1
-1
0
-1
1
0
1
1
1
2
1
3
3
2
3
3
2
2
3
2
2
2
1
2
3
2
2
0
2
2
0
1
1
0
0
0
-2
-3
-2
-2
-3
-1
-2
-1
0
-1
-2
-3
-2
-2
-3
-2
-1
-1
-1
1
-1
0
0
0
0
-1
-2
-3
-3
-3
-2
-2
-2
0
0
0
0
0
-2
-1
-1
-1
0
-1
0
1
0
0
1
1
0
1
1
1
2
1
1
2
4
3
2
3
2
1
1
0
1
2
2
1
1
0
0
0
1
-1
-1
0
-1
-1
-1
0
0
1
1
-1
0
-1
-1
-1
-1
-1
-3
-4
-2
-3
-5
-3
-2
-1
-2
-2
-2
-1
-1
-1
0
1
1
0
0
1
1
0
1
3
1
1
0
-1
-1
0
0
1
2
3
4
2
4
3
2
2
2
1
0
1
1
1
4
4
3
4
2
2
2
1
3
2
1
1
1
1
1
1
0
0
-1
0
0
0
0
-1
-1
-1
-1
-1
-1
-2
-2
-2
-3
-4
-3
-3
-3
-3
-3
-4
-5
-4
-4
-3
-2
-3
-2
-3
-3
-3
-3
-3
-2
-2
-1
-2
-2
-1
-2
-2
-1
0
-1
-2
-3
-2
-2
0
1
1
1
2
2
2
2
3
3
3
2
3
3
2
3
2
2
2
2
1
2
1
1
2
0
1
1
1
2
2
3
1
1
1
1
1
0
-1
0
0
0
-1
-1
-1
-2
-1
-1
0
-1
-1
-3
-2
-2
-2
-1
-1
-1
-2
-1
-1
0
-1
-2
0
0
1
0
2
2
2
2
1
1
2
2
1
0
1
2
2
4
4
3
4
3
3
2
2
1
0
1
2
2
3
2
2
1
1
2
1
1
2
2
1
1
0
2
0
-1
-1
1
-1
-1
-2
-2
-3
-3
-3
-3
-3
-3
-2
-3
-3
-4
-4
-4
-4
-3
-3
-3
-4
-2
-4
-2
-2
-2
0
-2
0
0
-1
0
0
0
-1
-1
-2
0
-1
0
0
-1
0
-1
0
0
1
0
2
3
1
2
2
1
1
3
1
0
2
2
2
1
3
2
2
5
5
2
3
2
0
1
0
0
3
1
1
-1
-2
-1
-4
-1
-1
-3
2
-3
-3
-3
-1
-1
-2
1
-2
1
1
1
1
0
4
3
3
2
1
1
-1
2
2
1
3
2
1
1
1
0
-1
0
0
0
1
1
1
1
1
0
0
0
1
1
0
-2
-2
-1
0
-1
1
0
-2
-2
-2
-3
-3
-2
-3
-3
-2
-3
-3
-3
-4
-4
-4
-4
-3
-4
-1
-3
-3
-1
0
0
1
2
1
0
1
0
-1
-2
-1
-1
0
0
-1
0
0
0
0
0
1
0
0
1
1
1
1
0
1
2
1
0
1
0
0
0
1
2
3
3
2
1
2
2
2
1
2
1
1
1
1
1
2
1
1
0
-1
0
1
2
2
1
3
2
0
1
1
1
2
1
1
1
1
0
1
1
0
2
1
2
2
1
2
2
0
0
-2
-3
-3
-2
-2
-1
-1
-2
-2
-1
-2
-1
0
-1
-1
-1
-1
-2
-3
-2
-2
-1
-1
-1
0
1
0
0
0
0
0
0
1
1
1
0
-1
-2
-2
-2
-3
-1
-2
-2
-2
-3
-3
-2
-2
-1
-2
-1
-1
-1
-1
-1
-1
-1
-1
-2
-1
-1
0
1
-1
0
0
-1
-1
1
0
-1
-2
-1
0
-1
-1
-1
-1
1
0
1
0
0
1
1
2
3
3
3
2
3
3
4
2
2
3
1
1
1
2
3
3
3
3
3
2
2
2
1
1
1
1
2
0
0
2
2
1
2
3
1
1
0
0
1
1
1
1
1
1
1
-1
0
0
-1
-1
-2
-2
-3
-2
-2
-2
-1
-2
-2
-2
-4
-5
-4
-2
-2
-2
-1
-2
0
-2
-1
-1
-1
-1
-1
-1
0
2
2
2
2
2
2
0
0
0
0
-1
0
0
-2
-1
-1
-1
-1
-1
-2
-2
-3
-2
0
1
2
3
2
2
3
2
2
2
3
1
0
-1
-2
-1
-2
-2
-4
-5
-5
-6
-7
-6
-6
-6
-5
-5
-7
-5
-5
-3
-3
-2
-1
0
0
2
3
4
5
7
6
7
8
7
6
7
7
5
3
3
2
3
2
0
1
0
1
0
1
0
-1
-1
-2
-2
-1
0
1
4
5
5
6
7
8
8
8
8
8
7
6
3
1
0
-1
-4
-6
-6
-9
-9
-10
-11
-11
-10
-11
-10
-9
-9
-8
-7
-6
-6
-4
-3
0
2
4
5
6
5
5
3
4
3
3
3
3
3
4
4
5
5
4
4
5
5
5
5
4
4
2
0
-1
-1
-3
-4
-5
-6
-7
-7
-5
-4
-3
0
1
1
3
5
6
6
7
5
6
5
5
4
3
1
-2
-3
-6
-8
-9
-11
-12
-13
-13
-12
-12
-12
-10
-9
-9
-7
-5
-4
-1
-1
1
2
4
4
5
6
6
5
5
3
2
2
2
5
4
6
6
6
9
11
12
13
14
14
11
8
5
2
-2
-4
-6
-6
-7
-7
-10
-10
-10
-10
-9
-6
-3
0
2
8
11
14
14
14
15
12
10
7
3
1
-2
-5
-7
-7
-8
-10
-12
-13
-13
-14
-11
-9
-7
-4
0
2
4
3
1
-2
-3
-5
-7
-8
-9
-10
-11
-12
-14
-12
-12
-12
-11
-8
-4
1
5
9
14
15
17
17
17
17
15
15
14
16
19
24
30
33
32
26
17
6
-4
-13
-16
-16
-17
-17
-17
-17
-19
-19
-19
-21
-22
-21
-15
-8
4
19
30
36
39
36
29
22
13
6
-3
-9
-13
-18
-18
-17
-16
-17
-21
-26
-32
-35
-33
-29
-22
-13
-2
8
18
25
29
30
26
21
13
6
-1
-4
-3
-1
1
1
2
3
1
-4
-7
-12
-16
-18
-16
-12
-3
6
14
16
14
9
-1
-14
-23
-30
-35
-34
-28
-19
-10
-3
1
3
1
-1
-2
-1
2
7
16
22
31
37
38
34
24
14
4
-3
-9
-8
-4
0
5
9
12
14
18
19
17
17
17
15
16
18
20
21
21
19
18
15
11
4
-3
-11
-16
-19
-19
-17
-11
-6
1
6
6
5
2
-4
-9
-13
-16
-16
-16
-14
-12
-9
-7
-8
-11
-16
-18
-19
-18
-16
-12
-9
-4
-3
-3
-3
-6
-8
-10
-14
-18
-21
-23
-23
-21
-17
-13
-11
-9
-7
-9
-7
-7
-6
-4
-4
-2
2
6
9
10
12
12
10
10
12
15
20
24
26
27
29
32
37
48
59
63
59
46
27
4
-16
-27
-31
-32
-31
-31
-35
-36
-35
-35
-37
-37
-37
-32
-23
-5
20
44
67
80
82
74
60
39
20
2
-13
-22
-27
-32
-33
-34
-36
-40
-43
-43
-40
-37
-29
-22
-10
7
23
34
39
32
16
-4
-23
-37
-43
-43
-40
-36
-30
-23
-16
-7
-3
-3
-5
-9
-10
-5
4
17
28
31
29
23
13
4
2
3
6
7
8
6
10
14
17
24
35
45
60
100
159
208
220
200
153
80
-1
-55
-78
-84
-83
-86
-105
-127
-138
-145
-154
-163
-167
-155
-132
-89
-10
85
162
206
222
214
180
132
88
50
8
-38
-82
-111
-124
-123
-121
-127
-142
-165
-190
-202
-190
-149
-72
18
83
134
173
180
157
127
89
35
-15
-64
-115
-142
-135
-121
-102
-72
-55
-51
-48
-48
-49
-38
-21
-14
4
26
44
59
66
57
43
21
-15
-44
-61
-74
-75
-63
-46
-16
27
65
102
135
153
161
162
162
160
167
179
210
297
413
483
480
416
281
97
-77
-194
-243
-243
-230
-230
-235
-237
-240
-239
-245
-263
-278
-281
-248
-146
38
245
402
489
499
441
330
207
89
-13
-127
-243
-328
-362
-341
-284
-219
-177
-174
-213
-260
-279
-255
-184
-92
28
163
276
360
411
408
336
216
66
-98
-219
-283
-311
-309
-268
-222
-194
-167
-149
-142
-131
-128
-138
-122
-85
-42
-2
50
86
83
61
10
-51
-99
-145
-172
-156
-116
-81
-41
-2
9
28
52
64
94
138
156
177
208
233
252
278
285
273
307
451
669
852
954
924
735
424
89
-156
-277
-307
-311
-321
-359
-406
-439
-449
-451
-479
-541
-618
-647
-548
-302
52
405
666
808
821
716
561
397
224
21
-211
-412
-536
-575
-536
-448
-363
-355
-434
-555
-659
-698
-642
-482
-240
56
356
620
794
852
789
625
377
77
-177
-370
-509
-571
-553
-489
-406
-307
-230
-197
-159
-175
-198
-170
-123
-24
76
201
286
304
283
166
45
-92
-214
-300
-339
-325
-312
-248
-178
-129
-54
-12
42
147
248
336
438
565
620
638
618
527
398
279
143
41
350
1148
1939
2315
2293
1967
1254
336
-368
-602
-514
-507
-688
-927
-1079
-1153
-1165
-1123
-1160
-1443
-1834
-2092
-1987
-1330
-224
906
1670
2034
2132
2012
1695
1349
1070
708
44
-732
-1199
-1252
-1131
-1002
-886
-929
-1339
-1968
-2381
-2401
-2150
-1726
-1075
-257
529
1266
2073
2749
2991
2786
2200
1264
239
-519
-946
-1144
-1135
-1046
-1070
-1161
-1207
-1216
-1176
-1125
-1147
-1184
-1110
-866
-461
137
753
1130
1181
993
612
151
-248
-573
-858
-1084
-1218
-1198
-950
-552
-107
285
490
497
480
464
564
783
1029
1189
1291
1303
1185
1040
837
551
282
-38
-389
-665
-499
946
3651
5906
6597
6400
5513
3459
941
-518
-692
-513
-756
-1391
-2017
-2304
-2553
-2865
-3010
-3387
-4501
-5655
-6006
-5311
-3435
-698
1860
3559
4509
4957
5006
4683
4116
3415
2270
398
-1575
-2725
-2975
-2862
-2580
-2251
-2325
-3125
-4170
-4627
-4326
-3743
-2958
-1543
142
1430
2646
4217
5369
5414
4604
3244
1461
-315
-1618
-2307
-2466
-2321
-2184
-2229
-2081
-1648
-1284
-1050
-837
-897
-1137
-1141
-816
-259
655
1569
1879
1719
1344
664
-196
-914
-1542
-2118
-2445
-2452
-2060
-1172
-62
978
1846
2341
2260
1796
1327
960
726
654
668
753
764
739
771
768
647
442
91
-393
-822
-1158
-526
2177
5825
7983
8525
8122
6361
3331
487
-981
-1119
-1062
-1704
-2793
-3456
-3619
-3914
-4092
-3999
-4488
-5826
-6892
-6941
-5516
-2606
878
3727
5563
6509
6738
6380
5700
4922
3784
1912
-594
-2843
-3993
-4004
-3478
-2841
-2350
-2508
-3552
-4736
-5096
-4618
-3781
-2592
-1038
442
1705
3259
5080
6297
6337
5388
3778
1601
-753
-2408
-3009
-3040
-2943
-2769
-2477
-1968
-1308
-820
-504
-434
-957
-1830
-2269
-1993
-1118
157
1408
2146
2279
1852
955
-41
-938
-1776
-2489
-2856
-2727
-2099
-1009
501
2027
2978
3158
2761
1981
1137
502
109
0
80
161
201
411
734
962
1003
771
336
-184
-676
-927
-501
1585
5241
8259
9245
8954
7618
4955
1744
-622
-1507
-1601
-2189
-3342
-4218
-4353
-4368
-4681
-4839
-5100
-6242
-7677
-8062
-6842
-4060
-444
2918
5456
7109
7773
7702
7265
6553
5309
3343
844
-1571
-3176
-3681
-3395
-2946
-2850
-3258
-4246
-5508
-6263
-6005
-5011
-3756
-2240
-505
1251
3057
5059
6758
7480
6898
5451
3473
1128
-967
-2104
-2524
-2838
-3030
-3051
-2888
-2403
-1951
-1821
-1761
-1932
-2696
-3277
-2728
-1447
96
1740
2953
3341
2971
2046
890
-264
-1367
-2381
-3024
-3145
-2793
-1757
-68
1587
2636
3025
2791
2215
1533
823
485
500
459
330
436
765
1076
1372
1595
1454
943
228
-582
-1211
-1524
-1398
303
4117
7845
9504
9667
8716
6310
2883
-110
-1472
-1576
-2044
-3327
-4458
-4756
-4730
-5112
-5474
-5530
-6362
-8014
-8794
-7850
-5235
-1589
2005
4885
7058
8287
8699
8659
8297
7288
5254
2384
-618
-3023
-4324
-4539
-4354
-4261
-4379
-4852
-5694
-6200
-5706
-4585
-3502
-2441
-1050
610
2280
4238
6448
8104
8404
7394
5526
3082
401
-1896
-3587
-4710
-5210
-5292
-5051
-4195
-2967
-1927
-1235
-1083
-1437
-1710
-1481
-903
128
1586
2818
3196
2980
2464
1532
237
-1064
-2294
-3331
-3925
-3909
-2982
-1182
809
2274
3218
3641
3309
2540
1781
1175
744
487
352
505
893
1249
1649
1909
1702
1019
133
-881
-1858
-2549
-2259
438
5014
8596
10147
10357
8966
5973
2391
-233
-1087
-1350
-2575
-4402
-5561
-5605
-5519
-5711
-5367
-5150
-6466
-8153
-8503
-7078
-4041
-422
2813
5630
7665
8634
9075
9276
8976
7594
4877
1503
-1667
-4097
-5214
-5160
-4795
-4623
-4753
-5250
-5870
-5884
-5091
-4195
-3330
-2073
-594
995
3044
5463
7593
8550
8026
6408
4149
1557
-1028
-3111
-4373
-5230
-5841
-5805
-4939
-3568
-2165
-1143
-734
-1047
-1809
-2281
-1961
-996
345
1745
2730
3085
2958
2532
1835
821
-619
-2160
-3284
-3847
-3747
-2531
-358
1705
2978
3578
3659
3270
2504
1667
1124
733
117
-407
-229
501
1276
1994
2329
1982
1083
-256
-1523
-2266
-1997
561
5089
8724
10254
10336
8953
6147
2729
25
-1121
-1768
-3144
-5025
-6242
-5970
-5320
-5255
-4977
-5062
-6574
-8180
-8525
-7200
-4121
-482
2572
5122
7163
8602
9449
9734
9514
8185
5263
1514
-1962
-4281
-5096
-5125
-4958
-4648
-4587
-5177
-5855
-5682
-4723
-4061
-3940
-3285
-1663
271
2451
5393
8251
9237
8391
6875
5004
2626
143
-1915
-3587
-5130
-6292
-6731
-5867
-3838
-2365
-1889
-1510
-1796
-3026
-3540
-2676
-1327
254
1785
2679
3199
3533
3326
2627
1680
162
-1975
-3767
-4380
-4166
-3083
-1022
1078
2407
3157
3478
3381
3040
2432
1595
880
213
-387
-282
440
1308
1986
2053
1645
855
-343
-1461
-2007
-641
3303
7184
9242
10266
9838
7629
4479
1548
-31
-925
-2365
-4081
-5640
-6073
-5547
-5506
-5225
-4948
-6531
-8464
-8892
-8146
-5708
-2093
1310
4169
6184
7598
8998
9742
9850
9161
6843
3538
71
-2920
-4204
-4282
-4473
-4636
-4712
-5269
-6163
-6409
-5489
-4356
-3987
-3549
-2130
-301
1630
4422
7493
9141
8957
7413
5227
2965
764
-1057
-2558
-3768
-4566
-5530
-5807
-4407
-2912
-2293
-1866
-2092
-3130
-3712
-3514
-2768
-1138
849
2041
2501
3027
3257
2608
1635
410
-1425
-3162
-4024
-3992
-3049
-1258
715
2202
3074
3349
2942
2267
1720
1101
455
33
-10
225
649
1355
2018
2058
1681
1007
-32
-884
-1519
-911
2404
6445
8791
9990
10024
8324
5428
2184
105
-929
-2280
-3824
-5344
-6003
-5280
-5021
-5024
-4406
-5297
-7474
-8551
-8497
-6881
-3637
-371
2474
4839
6670
8341
9286
9608
9552
7815
4651
1281
-1789
-3466
-3874
-4176
-4194
-3971
-4379
-5373
-5990
-5488
-4653
-4438
-4077
-2945
-1554
275
3010
6063
8415
8912
7677
5906
3715
1168
-820
-1951
-2878
-3817
-4421
-4448
-3810
-2831
-2214
-2222
-2666
-3521
-4556
-4728
-3620
-2218
-681
1165
2320
2899
3478
3356
2388
1069
-806
-2839
-3914
-3767
-2834
-1284
610
2112
2922
3206
2991
2553
2076
1414
512
-92
53
420
1005
2007
2624
2472
1662
523
-421
-1103
-1562
-55
4272
8054
9461
9998
9389
7328
4394
1403
-191
-1355
-3301
-5180
-6533
-6304
-5061
-4947
-4709
-4365
-6181
-8274
-8693
-8054
-5807
-2597
310
2973
5003
6800
8698
9629
9827
9056
6364
3104
-4
-2677
-3607
-3661
-4065
-4155
-4115
-4463
-5021
-5262
-4651
-4285
-4683
-4185
-2324
-289
1858
4623
7205
8504
8057
6621
5195
3223
629
-1569
-3254
-4127
-4157
-4078
-3224
-1552
-822
-1372
-2156
-3129
-4372
-5116
-4969
-4230
-3079
-1575
-46
1278
2763
3855
3435
2211
704
-1566
-3545
-4092
-3482
-2093
-448
1117
2623
3666
4049
3919
3398
2605
1377
-181
-1107
-898
-309
484
1637
2418
2405
1622
489
-435
-1233
-834
2564
6896
9176
10384
10289
8319
5708
2837
804
-158
-1842
-4162
-6452
-7498
-6589
-6058
-5810
-4825
-5723
-7965
-8592
-8193
-6388
-2805
359
2758
4714
6237
7976
9134
9637
9596
7588
4194
818
-2226
-3652
-3874
-4363
-4605
-4630
-5143
-5831
-5747
-4443
-3388
-3603
-3593
-2467
-713
1442
4165
7189
9088
8655
6919
5135
3275
938
-1372
-3118
-4572
-5380
-5173
-4140
-2214
-176
348
-404
-1495
-3259
-4977
-5092
-4297
-3625
-2411
-805
252
1175
2494
3114
2475
1346
-532
-2886
-4041
-3821
-2886
-1045
903
2233
3378
4036
4006
3598
2962
2032
767
-380
-714
-507
-48
623
1382
1960
1677
671
-312
-887
726
4680
7794
9640
10740
9498
6770
4025
1867
749
-377
-1930
-3973
-6232
-6789
-6523
-6680
-5666
-5380
-7507
-8996
-8835
-7787
-5021
-1459
1827
4372
5721
6967
8286
9180
9621
8268
5395
2504
-815
-3547
-4342
-4331
-4395
-4559
-4820
-5087
-5354
-5157
-4300
-3726
-3411
-2691
-1629
84
2921
6331
8773
9661
9262
7390
4528
1725
-808
-3042
-4896
-5928
-6193
-5826
-3825
-1067
460
1333
1423
-240
-2234
-3372
-4170
-4243
-3191
-2116
-1558
-390
1336
2080
2064
1875
584
-1591
-3183
-3934
-3826
-2391
-462
895
2283
3770
4514
4526
4171
3271
1834
369
-585
-820
-351
360
712
839
917
559
-10
-737
-253
3222
6914
8693
10365
10711
8774
6133
3240
1374
305
-1486
-3629
-5686
-6493
-6113
-6728
-6609
-5479
-6839
-9031
-9381
-8843
-6804
-3532
-477
2413
4711
6524
8197
9299
10201
9782
7144
3924
517
-2682
-4397
-5075
-5389
-5343
-5223
-5116
-5106
-4575
-3512
-3231
-3565
-3325
-2477
-1045
1339
4561
8128
10444
10441
9280
7126
3659
285
-2717
-5270
-6731
-7088
-6625
-5322
-2630
414
1673
2191
2394
568
-1527
-2336
-3536
-4125
-2950
-2239
-1916
-325
1382
1569
1072
625
-905
-3309
-4578
-4817
-4207
-2062
162
1657
3860
5798
5952
5535
5158
3789
1577
-319
-1177
-1224
-942
-244
406
588
460
-250
-927
1073
5066
7419
8836
10253
9695
7730
5716
4236
3037
1338
-618
-3272
-5888
-6346
-6631
-7310
-6420
-6623
-8798
-9650
-9137
-8005
-5565
-2464
509
2503
3843
5821
7760
9391
10539
9519
7252
4753
1084
-2389
-4190
-5354
-6509
-7501
-7745
-7364
-6838
-5562
-4016
-3104
-2442
-1973
-1503
62
2717
5530
7905
9557
10092
9267
7420
4903
2041
-934
-4332
-7106
-7996
-7819
-6630
-4094
-1391
629
1773
1901
1318
700
161
-1124
-2560
-2787
-2813
-2895
-1511
367
1325
1466
534
-1244
-2923
-4128
-4779
-4531
-3049
-1303
-127
1847
4688
6423
7085
7213
5951
3855
1726
-236
-1190
-1184
-1197
-1438
-1420
-1039
-1246
-1219
1844
6136
8155
9247
10018
9061
7509
5919
4760
4199
2848
459
-2476
-4465
-4709
-5692
-6962
-6660
-7642
-10139
-10902
-10120
-8291
-5397
-2646
-238
1810
3513
5362
7281
9331
10515
9411
7355
5248
2386
-386
-2358
-4304
-6292
-7982
-9127
-9310
-8328
-6712
-5399
-4536
-3623
-2580
-1317
615
3417
6345
8285
9232
9597
9303
8255
6197
3473
390
-3227
-6245
-7685
-7886
-6706
-4622
-2825
-1117
387
824
882
1266
1053
-138
-1260
-1808
-2355
-2374
-1301
-152
602
943
336
-944
-2098
-3146
-4124
-4212
-3407
-2536
-1263
1079
3509
5107
6322
6787
5893
4417
2908
1346
264
-423
-1200
-1740
-1669
-1590
-1881
-770
2962
6451
7969
9219
9467
8025
6493
5315
4703
4391
3338
1106
-1769
-3364
-3997
-5546
-6282
-6327
-8353
-10564
-11011
-10355
-8242
-5106
-2289
-108
1499
2955
4402
6120
8416
9534
8782
7500
5578
3004
885
-934
-3025
-5253
-7312
-9019
-9977
-9373
-7744
-6431
-5267
-3977
-2962
-1898
-95
2611
5299
7249
8432
8838
8909
8604
7300
5574
3394
97
-3280
-5734
-6859
-6641
-5732
-4218
-2605
-1529
-774
-272
480
1099
346
-785
-1464
-2348
-2702
-2003
-727
676
1242
814
228
-525
-1481
-2524
-3191
-3086
-2889
-2654
-1073
1434
3588
5160
5666
5458
4586
3113
1818
922
292
-225
-1109
-1599
-1386
-1064
-845
1404
5175
7547
8340
8684
8226
6952
5706
4611
4406
4074
2977
797
-1306
-2201
-3497
-5425
-6285
-7215
-9470
-10868
-10794
-9712
-7524
-4856
-2333
-148
1525
3063
4541
6197
7895
8459
8036
7333
5701
3431
1520
-456
-2709
-4830
-6713
-8282
-9155
-9116
-8476
-7705
-6722
-5414
-3992
-2352
-215
2155
4360
6179
7185
7620
7985
7865
6983
5752
4159
1987
-362
-2414
-3935
-4566
-4399
-4082
-3466
-2566
-1983
-1558
-1214
-1232
-1419
-1831
-2506
-2849
-2581
-1800
-743
312
1307
1692
1244
609
56
-613
-1286
-1761
-1670
-967
-90
1098
2601
3930
4382
3891
3153
2410
1334
163
-524
-731
-791
-855
-458
428
917
1716
4143
6563
7736
8438
8362
7571
6295
4792
4059
3740
3237
2106
8
-1562
-2582
-4573
-6159
-6839
-8176
-9632
-10330
-10358
-9363
-7333
-4825
-2627
-769
1216
2816
4050
5821
7521
8467
8715
7778
5943
4071
2101
75
-1749
-3324
-4835
-6812
-8323
-8683
-8724
-8541
-7558
-6251
-5043
-3784
-2165
-12
2131
3966
5432
6435
7169
7313
6773
6431
6090
4855
2998
1252
-196
-1510
-2589
-2966
-2913
-2936
-3258
-3755
-3951
-3965
-4187
-4418
-4273
-3696
-2951
-2246
-1170
370
1403
1634
1597
1393
1070
790
503
679
1345
1663
1677
1988
2511
2824
2664
2232
1769
984
-165
-1169
-1597
-1338
-777
-206
614
1275
1136
992
2419
4704
6259
7397
8044
7733
6656
5404
4915
4991
4819
3829
1765
-329
-1779
-3582
-5025
-5430
-6332
-7997
-9455
-10279
-10110
-9020
-7271
-5352
-3786
-2192
-625
943
3362
5980
7633
8464
8466
7572
6316
5163
4180
3017
1504
-453
-2885
-4970
-6163
-6860
-7118
-6932
-6697
-6608
-6463
-5805
-4557
-2994
-1340
10
819
1473
2290
3280
4285
5316
6176
6112
5219
4222
3368
2741
2313
1678
785
-309
-1549
-2875
-3885
-4168
-4267
-4672
-4973
-5069
-5184
-5045
-4531
-3755
-3053
-2527
-1861
-1030
10
1297
2575
3766
4710
5079
4951
4888
4855
4415
3806
3276
2457
1259
220
-199
-12
466
764
672
293
-284
-1111
-1739
-1394
-94
1394
2535
3623
4763
5591
5952
6121
6429
6490
5870
4799
3502
2145
815
-854
-2436
-3468
-4539
-6045
-7281
-7875
-8166
-8230
-7956
-7200
-6075
-4961
-3990
-2862
-1420
30
1049
1945
2951
3558
3649
3556
3492
3428
3209
2885
2617
2309
1800
1147
563
159
-306
-949
-1540
-2027
-2644
-3402
-3862
-3833
-3629
-3467
-3197
-3002
-2872
-2583
-2218
-1543
-561
306
1018
1587
1904
2172
2339
2396
2486
2689
2744
2504
2145
1612
952
211
-833
-1929
-2690
-3250
-3737
-3891
-3578
-3035
-2435
-1678
-783
57
646
922
1040
1102
1064
901
859
1085
1547
2203
3004
3756
4092
4081
3873
3602
3388
3209
2945
2497
1824
1111
779
950
1271
1538
1751
1704
1293
758
395
210
-25
-382
-782
-1226
-1679
-2031
-2171
-2014
-1774
-1693
-1677
-1598
-1407
-1182
-914
-542
-371
-562
-851
-1170
-1516
-1758
-1964
-2141
-2211
-2233
-2122
-1821
-1321
-672
-120
303
541
541
483
480
410
309
413
599
699
921
1320
1552
1434
1049
443
-93
-463
-779
-879
-735
-541
-552
-851
-997
-1057
-1362
-1569
-1615
-1668
-1663
-1790
-1842
-1611
-1503
-1495
-1307
-979
-682
-601
-507
-49
436
819
1274
1839
2517
2845
2759
2689
2516
2040
1336
656
189
-100
-423
-641
-677
-676
-670
-564
-156
500
1196
1839
2392
2777
3032
3109
3016
2968
2955
2800
2507
2158
1657
1000
308
-199
-474
-806
-1180
-1454
-1569
-1579
-1658
-1682
-1460
-1371
-1474
-1372
-1026
-536
-194
-56
238
424
247
-17
-204
-344
-586
-842
-800
-502
-219
124
539
965
1105
751
341
80
-345
-928
-1281
-1398
-1544
-1761
-1794
-1580
-1313
-1258
-1427
-1497
-1355
-1171
-907
-284
614
1318
1676
1800
1770
1588
1298
888
408
-132
-714
-1348
-1915
-2223
-2371
-2544
-2720
-2908
-3096
-3152
-3067
-2826
-2256
-1461
-686
117
1063
2022
2795
3286
3473
3413
3147
2653
2092
1750
1414
905
376
-44
-320
-397
-299
-31
456
964
1321
1510
1599
1553
1452
1385
1352
1298
1226
1109
799
417
157
-17
-117
-194
-305
-350
-352
-334
-256
-64
193
245
165
173
293
429
430
363
168
-311
-1016
-1791
-2355
-2645
-2719
-2542
-2059
-1316
-405
510
1383
2148
2502
2521
2331
1897
1481
1254
1056
972
920
655
332
-41
-602
-1153
-1607
-2038
-2417
-2693
-2717
-2340
-1722
-949
-109
568
986
1157
1147
1013
793
514
224
-148
-596
-1030
-1340
-1481
-1584
-1732
-1864
-1936
-2106
-2295
-2274
-1958
-1575
-1210
-727
-124
470
832
1021
1241
1416
1358
1177
1064
888
583
194
-86
-54
108
286
632
1143
1638
2021
2263
2414
2449
2262
1937
1579
1214
757
215
-256
-527
-714
-881
-1019
-1093
-1054
-1028
-1083
-1074
-847
-506
-234
24
426
933
1339
1553
1735
1854
1580
852
-86
-1024
-1821
-2477
-2921
-2918
-2501
-1990
-1340
-446
488
1134
1408
1526
1537
1404
1200
982
953
1085
1116
1094
1099
1068
823
325
-210
-614
-1014
-1320
-1347
-1078
-622
-236
20
363
754
962
923
774
619
205
-407
-878
-1095
-1194
-1368
-1516
-1517
-1481
-1562
-1631
-1510
-1189
-987
-1044
-978
-711
-439
-105
320
728
946
782
537
519
544
421
285
116
-125
-386
-573
-417
90
566
908
1221
1481
1628
1714
1753
1750
1625
1298
961
634
267
30
-124
-269
-425
-668
-816
-833
-963
-1169
-1191
-1098
-994
-860
-532
27
619
1052
1422
1737
1760
1382
703
-17
-728
-1470
-2100
-2393
-2369
-2130
-1751
-1194
-457
178
595
850
962
988
941
809
782
774
643
566
510
428
401
357
222
64
-176
-448
-637
-626
-374
-43
221
411
563
677
766
762
754
711
408
-159
-694
-1038
-1276
-1466
-1512
-1413
-1280
-1232
-1155
-813
-309
35
171
207
244
274
268
417
661
733
558
331
178
87
-9
-105
-188
-244
-389
-484
-269
161
620
1018
1364
1638
1828
1884
1898
1898
1772
1422
860
341
-17
-306
-523
-641
-746
-805
-835
-917
-899
-816
-851
-954
-1047
-1049
-914
-669
-304
138
466
629
620
424
123
-254
-634
-1009
-1316
-1524
-1604
-1546
-1295
-899
-490
-77
236
426
616
765
812
829
787
700
588
450
349
254
108
-21
-153
-292
-356
-320
-163
124
392
595
795
988
1111
1148
1156
1110
913
514
43
-398
-808
-1164
-1371
-1469
-1514
-1516
-1461
-1300
-958
-601
-324
-33
186
263
357
536
751
884
888
853
789
632
468
357
249
58
-243
-438
-418
-289
-97
186
518
753
827
981
1193
1273
1272
1248
1186
965
549
226
89
-37
-249
-455
-505
-533
-614
-630
-495
-367
-461
-691
-805
-793
-768
-664
-367
-41
61
-42
-210
-391
-600
-849
-1056
-1194
-1329
-1467
-1499
-1280
-931
-577
-224
87
306
456
526
639
737
678
591
515
370
245
212
217
302
267
95
-102
-203
-212
-139
13
227
426
544
687
906
1176
1380
1395
1236
943
517
52
-401
-728
-865
-965
-1098
-1074
-923
-736
-527
-314
-104
37
71
48
97
246
373
436
497
615
641
508
431
398
282
112
-63
-115
-24
18
64
231
473
677
731
747
772
726
567
418
344
251
117
-100
-290
-389
-474
-513
-417
-204
-41
95
195
217
150
20
-152
-323
-408
-491
-550
-529
-524
-583
-680
-798
-950
-1112
-1235
-1323
-1401
-1403
-1327
-1210
-1040
-785
-442
-99
211
457
618
718
717
606
490
407
324
197
67
50
72
-16
-108
-185
-186
-129
-151
-123
0
123
222
319
511
766
835
763
682
550
350
75
-121
-209
-284
-384
-428
-330
-128
33
91
213
311
309
284
311
361
373
345
313
317
326
353
382
409
446
497
560
673
814
925
1032
1073
1038
1065
1120
1131
1067
928
801
601
315
103
-29
-187
-435
-701
-869
-913
-909
-785
-530
-283
-98
-64
-117
-124
-171
-281
-376
-478
-648
-840
-961
-998
-964
-891
-852
-893
-990
-1063
-1128
-1139
-1110
-1017
-925
-877
-788
-639
-455
-283
-189
-177
-187
-268
-427
-543
-545
-491
-429
-309
-105
88
198
261
363
439
468
453
436
478
525
551
642
759
803
759
654
531
368
171
-31
-194
-332
-494
-601
-596
-556
-430
-270
-147
7
184
369
588
751
768
726
632
533
459
435
464
486
451
437
536
752
994
1186
1295
1345
1296
1137
1029
986
919
766
579
412
289
196
164
175
199
183
105
37
54
123
224
360
456
514
458
335
210
46
-142
-335
-558
-794
-1017
-1196
-1335
-1411
-1414
-1399
-1448
-1482
-1458
-1426
-1346
-1243
-1071
-834
-615
-402
-151
51
146
110
-3
-128
-340
-578
-765
-903
-967
-964
-887
-738
-610
-520
-452
-418
-394
-349
-259
-159
-50
60
222
395
486
523
562
581
530
477
483
490
428
339
277
267
257
199
176
229
228
153
114
186
252
240
182
172
163
69
-25
6
122
207
235
311
507
735
906
1056
1268
1378
1349
1301
1280
1272
1158
924
681
450
171
-55
-206
-280
-275
-294
-276
-151
-3
118
237
334
411
431
409
370
268
128
10
-123
-264
-350
-395
-483
-580
-644
-717
-785
-853
-916
-959
-1012
-1084
-1079
-997
-835
-631
-388
-100
107
153
146
87
-53
-216
-393
-523
-613
-711
-738
-659
-519
-376
-246
-126
-74
-85
-130
-139
-118
-82
-60
-46
-27
-12
-26
-35
-20
-20
-28
-62
-119
-149
-130
-107
-62
-16
28
64
90
124
196
283
326
372
373
322
236
129
64
11
-39
-18
29
117
240
390
545
697
803
853
902
957
1029
1078
1114
1091
990
829
616
387
212
55
-100
-173
-201
-157
-53
80
237
360
379
368
378
345
285
201
98
-20
-167
-330
-410
-435
-466
-494
-522
-532
-541
-568
-570
-582
-617
-666
-715
-706
-669
-594
-502
-364
-246
-195
-192
-224
-236
-271
-325
-365
-404
-450
-528
-575
-542
-441
-339
-238
-108
9
94
178
265
373
414
380
309
232
139
13
-70
-121
-136
-191
-240
-226
-186
-191
-206
-172
-96
-58
-65
-43
-7
28
58
123
190
228
211
156
171
257
304
336
417
476
529
569
624
665
634
574
483
444
439
458
502
522
556
530
421
330
266
174
104
49
26
42
67
134
249
381
500
559
591
614
532
395
286
148
-27
-227
-408
-521
-602
-664
-685
-680
-688
-718
-756
-759
-696
-651
-632
-606
-552
-472
-391
-270
-140
-77
-100
-178
-271
-323
-388
-413
-420
-430
-469
-525
-519
-486
-445
-387
-290
-221
-196
-175
-141
-53
4
73
132
193
241
247
271
310
267
170
101
75
42
4
-4
-5
-7
-47
-36
4
48
45
-15
-66
-112
-171
-198
-174
-98
14
105
228
404
527
609
692
727
729
701
639
604
600
565
525
499
506
516
464
409
363
310
228
136
74
63
55
37
91
207
320
421
496
574
608
545
490
416
293
166
33
-106
-200
-295
-379
-396
-410
-443
-489
-543
-582
-635
-681
-679
-665
-633
-569
-500
-409
-305
-253
-209
-202
-234
-294
-345
-393
-426
-442
-481
-491
-475
-449
-403
-338
-293
-272
-264
-242
-219
-211
-220
-192
-177
-165
-91
-9
105
164
173
222
249
217
198
209
210
189
134
120
122
108
76
72
72
38
-12
-43
-59
-77
-101
-113
-70
9
82
166
251
317
358
336
346
365
360
321
315
357
364
356
369
411
457
467
446
423
376
302
212
126
84
85
92
125
189
245
260
259
261
208
147
92
15
-61
-133
-163
-168
-155
-104
-32
-11
-23
-49
-88
-155
-230
-277
-313
-318
-302
-272
-234
-174
-144
-138
-129
-122
-163
-224
-275
-315
-357
-392
-414
-413
-380
-364
-336
-253
-185
-146
-103
-53
-37
-15
-2
8
42
79
98
99
98
92
84
83
71
70
50
19
-34
-100
-148
-172
-178
-183
-153
-129
-125
-125
-96
-43
10
57
105
143
207
239
243
261
290
238
172
118
48
-18
-83
-106
-109
-112
-113
-78
-27
46
124
183
260
327
349
355
369
385
403
414
435
482
491
453
423
378
311
241
146
61
-8
-90
-161
-205
-215
-221
-251
-237
-238
-237
-247
-272
-279
-272
-255
-233
-200
-138
-78
-48
-6
14
8
3
-2
-7
-7
-1
-22
-85
-154
-242
-333
-415
-456
-483
-508
-491
-466
-425
-334
-233
-163
-86
6
41
56
106
146
191
217
227
247
250
216
189
162
103
37
-26
-86
-126
-170
-213
-195
-171
-142
-92
-38
51
138
222
328
398
449
472
465
464
429
374
332
273
190
113
32
-26
-67
-87
-92
-44
19
39
81
101
78
65
67
107
150
190
229
243
257
236
214
172
108
36
-62
-145
-176
-172
-146
-120
-98
-93
-101
-147
-214
-250
-300
-360
-418
-449
-450
-431
-389
-301
-186
-97
-31
22
32
28
26
18
43
66
59
44
31
38
15
-6
-15
-60
-133
-209
-267
-302
-306
-291
-256
-186
-126
-79
9
110
204
241
256
262
237
196
153
136
113
34
-42
-49
-69
-97
-132
-169
-176
-219
-251
-243
-182
-98
-22
59
149
232
279
315
360
393
364
304
225
169
135
105
60
50
32
-17
-41
-48
-6
46
106
134
139
144
160
181
226
316
381
375
343
315
277
220
145
93
30
-55
-140
-164
-134
-68
-17
24
38
15
-19
-71
-106
-146
-196
-269
-336
-362
-366
-342
-295
-207
-128
-78
-43
-35
-24
-20
-13
-13
-9
-25
-45
-36
7
56
69
54
29
-40
-113
-160
-210
-255
-307
-332
-322
-310
-267
-171
-58
20
61
107
140
152
157
129
87
29
-52
-97
-130
-140
-136
-155
-181
-182
-184
-178
-144
-117
-80
-43
-8
51
106
159
208
226
212
190
150
127
103
79
44
7
-27
-23
-12
10
65
115
141
173
227
257
310
339
370
377
366
339
295
262
213
141
69
-3
-86
-145
-198
-218
-185
-158
-127
-82
-66
-48
-28
-5
14
11
-13
-30
-43
-46
-51
-51
-36
-33
-50
-71
-62
-52
-70
-78
-92
-87
-76
-61
-29
22
58
79
84
79
79
69
55
50
55
32
-3
-22
-27
-13
-4
25
55
60
70
74
81
94
104
79
59
45
3
-47
-114
-159
-199
-244
-287
-324
-313
-300
-275
-212
-141
-93
-53
-7
42
50
69
77
41
9
-4
-4
-8
-15
-26
-53
-95
-118
-150
-160
-148
-160
-182
-163
-120
-50
72
199
271
330
347
321
286
240
188
117
33
-40
-89
-146
-130
-107
-110
-111
-98
-83
-89
-62
-52
-49
-19
-14
-18
12
48
81
81
80
83
76
60
41
33
28
-1
-6
-14
-25
-5
17
61
105
127
130
119
126
145
164
179
181
171
130
88
51
20
12
5
-15
3
33
45
59
92
128
121
105
93
72
49
35
-5
-43
-82
-133
-178
-183
-191
-182
-166
-149
-119
-96
-70
-19
14
31
43
31
37
31
22
18
18
-13
-46
-59
-48
-39
-34
-48
-65
-87
-115
-107
-58
-7
38
114
160
213
263
270
267
236
156
59
-24
-104
-160
-197
-230
-258
-281
-304
-311
-300
-258
-226
-212
-184
-174
-174
-161
-120
-84
-49
-32
-38
-45
-60
-57
-65
-61
-45
-67
-116
-140
-132
-119
-91
-45
1
56
80
96
143
177
204
225
230
229
219
209
209
205
190
149
121
109
85
98
138
170
177
155
150
151
147
133
122
96
67
23
-12
-20
-34
-30
-21
-23
-16
6
24
20
42
66
74
91
99
99
83
63
39
34
4
-50
-77
-93
-109
-106
-122
-129
-116
-131
-121
-71
-25
31
72
114
144
150
169
193
200
177
148
80
17
-34
-87
-115
-173
-210
-233
-275
-296
-270
-235
-211
-175
-158
-146
-126
-117
-119
-92
-83
-91
-98
-114
-108
-93
-86
-89
-93
-103
-115
-125
-122
-116
-105
-102
-92
-61
-21
16
45
66
96
115
106
112
124
110
101
96
96
95
85
94
115
133
125
124
129
132
134
131
119
131
107
77
55
18
5
-24
-38
-27
-28
-20
-27
-26
-4
8
26
48
81
120
137
149
164
167
153
129
108
83
64
31
2
-13
-21
-28
-40
-4
18
20
48
44
48
66
83
96
109
108
83
52
26
-21
-67
-83
-112
-137
-162
-168
-172
-183
-176
-179
-169
-154
-160
-169
-168
-173
-178
-165
-146
-127
-139
-162
-165
-177
-174
-168
-152
-146
-162
-161
-147
-121
-79
-43
-13
36
65
83
108
123
135
129
124
112
97
106
98
101
99
87
72
63
57
63
64
68
55
50
54
58
84
123
144
126
112
86
57
44
41
55
61
81
83
92
107
116
119
119
134
131
112
95
99
101
99
114
99
71
55
17
-2
-15
-28
-44
-40
-30
-13
14
58
83
87
99
96
100
109
98
66
25
-40
-89
-108
-118
-120
-144
-171
-192
-210
-213
-213
-187
-178
-193
-205
-210
-207
-206
-202
-182
-157
-166
-199
-200
-204
-219
-215
-173
-158
-153
-151
-167
-130
-103
-90
-81
-65
-49
-48
-39
-12
27
47
52
67
69
71
73
81
95
89
85
74
65
70
94
108
134
156
153
163
163
172
185
175
157
148
126
116
103
93
84
84
85
88
89
89
107
115
145
181
200
212
218
236
242
251
242
199
174
149
135
128
115
81
61
41
31
29
38
60
61
53
49
52
43
24
24
-6
-52
-86
-100
-110
-118
-125
-143
-159
-180
-185
-167
-166
-170
-160
-170
-182
-197
-225
-232
-242
-257
-276
-288
-309
-335
-337
-333
-321
-301
-293
-276
-250
-224
-179
-135
-80
-36
-27
-3
7
3
0
3
11
-5
-2
-4
-12
6
34
26
17
-1
-24
-8
2
28
72
99
114
117
137
144
150
153
152
170
162
160
153
153
154
154
145
135
132
115
101
100
87
83
79
64
78
95
119
161
174
175
175
140
115
90
70
84
72
75
96
112
142
170
191
203
214
197
181
148
122
90
59
22
-10
-18
-39
-59
-61
-48
-63
-75
-90
-97
-88
-69
-65
-37
-35
-63
-68
-77
-86
-99
-118
-142
-169
-184
-217
-226
-244
-250
-240
-247
-230
-217
-192
-164
-148
-124
-97
-94
-89
-65
-69
-78
-82
-90
-88
-95
-87
-93
-122
-140
-159
-163
-155
-139
-113
-98
-65
-38
-27
-12
8
-2
-8
-23
-31
-30
-23
-6
14
52
72
89
100
106
120
122
112
123
119
119
136
146
165
173
178
176
169
172
155
127
110
103
101
93
102
132
147
169
200
228
250
261
279
284
272
245
219
188
142
118
94
61
41
16
-9
-31
-49
-60
-65
-52
-25
-12
-59
-77
-76
-116
-116
-134
-122
-115
-117
-142
-159
-185
-219
-234
-243
-236
-254
-242
-212
-148
-106
-63
-48
-54
-74
-61
-50
-46
-38
-43
-58
-80
-69
-76
-68
-69
-84
-78
-72
-75
-53
-24
-22
-16
7
20
32
58
63
64
54
40
35
19
30
36
28
28
7
12
25
45
53
50
55
47
35
35
40
41
48
68
85
100
107
96
80
72
59
40
34
19
1
6
17
23
68
86
108
133
146
132
120
118
95
54
20
0
-20
-18
-8
2
7
22
18
22
41
28
6
-5
-13
-23
-21
-25
-38
-46
-50
-71
-86
-86
-96
-122
-143
-169
-192
-203
-197
-184
-162
-145
-106
-70
-59
-22
0
15
15
-6
-21
-27
-35
-25
-23
-28
-37
-36
-45
-56
-53
-69
-67
-58
-35
-17
15
28
47
82
80
77
79
80
31
14
0
-14
-8
-23
-4
20
12
18
30
21
11
8
10
11
6
-3
-2
0
12
14
26
28
39
53
60
88
91
86
90
100
92
114
139
147
169
194
215
214
231
210
178
145
113
82
41
31
15
2
6
23
40
58
72
69
59
56
35
19
21
28
20
4
-17
-46
-63
-92
-106
-132
-169
-198
-224
-241
-244
-231
-211
-186
-166
-161
-148
-142
-140
-151
-148
-132
-142
-134
-115
-105
-84
-58
-52
-54
-50
-63
-66
-59
-69
-71
-54
-28
-18
19
62
79
84
84
82
63
46
20
12
5
-5
-5
2
11
23
37
44
58
53
49
49
40
44
49
59
75
76
69
55
36
24
19
12
8
-1
-24
-28
-22
-16
11
37
60
89
107
122
130
134
120
97
81
84
87
89
74
72
57
44
47
44
56
49
27
30
37
30
40
37
31
19
22
15
-16
-24
-27
-46
-62
-77
-83
-84
-90
-88
-86
-82
-72
-62
-38
-39
-42
-43
-41
-40
-37
-31
-35
-21
-6
-17
-17
-35
-55
-68
-67
-60
-61
-48
-39
-29
-14
6
34
66
91
86
66
58
49
50
66
58
57
51
30
14
15
0
-11
-19
-33
-30
-47
-59
-63
-57
-55
-52
-46
-26
-26
-40
-48
-45
-57
-67
-69
-89
-98
-95
-75
-66
-43
-13
6
19
41
42
33
50
37
26
38
46
40
52
45
33
41
20
18
34
32
33
45
44
50
43
51
53
51
54
45
49
27
11
-2
-30
-23
-20
-38
-38
-34
-43
-34
-31
-26
-9
-5
-9
-10
-6
-9
-10
9
11
5
5
7
2
14
10
0
4
0
2
8
2
-1
7
15
19
40
71
69
67
66
64
70
69
59
37
22
32
30
32
34
22
1
-17
-32
-35
-26
-22
-13
-11
-18
-20
-37
-38
-37
-53
-72
-84
-98
-107
-106
-109
-111
-106
-105
-95
-84
-62
-30
-30
-20
-2
6
5
29
40
50
46
56
70
52
44
35
40
43
28
22
27
27
24
17
32
29
10
8
3
-4
-9
-16
-26
-19
-37
-47
-38
-32
-45
-52
-45
-40
-42
-27
-16
-2
9
23
26
11
19
16
16
19
3
-10
-14
-30
-29
-33
-24
-16
-10
-9
-2
18
19
28
44
59
69
75
81
76
82
107
109
114
114
100
87
73
52
49
48
46
34
25
17
4
-3
-5
-2
0
6
1
-9
-13
-18
-25
-19
-34
-37
-40
-52
-44
-35
-38
-38
-29
-25
-30
-37
-28
-19
-24
-18
-5
-17
-13
-17
-26
-11
3
-19
-25
-12
-16
-24
-27
-2
8
2
10
15
-4
5
-11
-32
-24
-40
-50
-68
-83
-92
-99
-102
-93
-94
-96
-102
-92
-73
-43
-23
-8
9
-2
1
1
1
-3
-1
-11
-24
-28
-17
-16
-16
7
20
30
49
52
55
64
62
68
73
74
89
82
92
97
102
106
94
97
101
86
87
86
77
90
85
75
71
53
40
20
4
-1
-4
-10
-2
0
-1
10
8
-12
-22
-37
-51
-66
-73
-67
-62
-55
-41
-25
-13
-8
-9
-5
-9
-17
-25
-41
-62
-72
-78
-63
-56
-48
-26
-2
3
-4
0
-1
-15
-19
-15
-19
-21
-21
-19
-14
-10
-7
-14
-23
-35
-53
-70
-78
-83
-88
-71
-60
-53
-45
-22
-13
-5
1
7
1
-1
-2
-4
-7
-20
-10
-20
-28
-13
-10
1
12
23
16
10
19
17
23
29
46
65
66
73
75
76
91
93
107
111
89
86
86
76
77
86
80
76
72
57
48
21
17
7
-1
-9
-23
-21
-24
-13
-20
-20
-17
-28
-15
-8
-10
-15
-26
-40
-42
-26
-9
10
16
30
19
4
1
-17
-28
-30
-30
-33
-27
-31
-23
-15
-16
-21
-9
9
1
7
12
-2
-1
-8
-14
-16
-22
-36
-32
