-1
-1
-2
-1
0
1
1
1
2
3
5
5
4
4
3
1
1
0
1
1
1
1
1
1
0
1
3
3
4
2
0
2
1
0
1
1
1
0
0
1
0
0
1
0
1
-1
1
0
-1
0
2
2
2
1
1
0
0
-2
-2
-2
-3
-2
-3
-2
-1
-2
-1
1
0
0
1
2
1
-2
-2
-1
-2
-1
1
0
-1
0
0
1
1
1
-1
0
0
0
0
0
0
0
1
-1
1
0
0
-1
-2
-3
-2
-3
-3
-1
0
-1
-2
-1
-1
-2
0
0
0
1
1
0
0
0
0
0
1
0
1
1
1
1
3
2
2
1
-1
-1
1
1
1
1
1
1
2
2
2
3
2
1
1
1
1
0
-1
-1
-2
-2
-1
-1
0
0
0
0
-1
0
0
0
0
-1
-2
-1
-2
-3
-2
-2
-2
-1
0
-1
-2
-2
0
0
1
1
0
2
2
1
0
2
2
1
1
1
2
3
3
3
3
3
2
2
2
1
2
2
2
1
0
0
1
1
-1
0
1
2
0
1
0
0
0
0
1
1
1
-1
-1
0
0
0
-1
-1
-1
-2
-3
-2
-2
-2
-4
-4
-4
-4
-4
-3
-3
-3
-4
-3
-3
-1
-1
-2
-3
-2
-1
-1
-3
-1
0
1
0
-1
-1
-1
-1
0
2
2
2
2
1
0
-1
-1
0
0
-1
0
1
3
3
1
1
2
1
2
2
2
1
3
3
3
3
3
4
3
4
4
3
3
3
2
0
0
0
-2
-2
-2
1
0
1
1
1
0
-2
-1
-1
0
1
2
2
1
2
3
1
1
1
0
-1
-2
-1
1
1
0
2
2
1
1
1
1
2
1
0
1
-1
-1
-1
-3
-2
-2
-1
0
0
0
0
-2
-2
-3
-2
-2
-4
-2
-3
-3
-2
-3
-4
-3
-2
-2
-3
-3
-3
-4
-3
-2
-2
-2
-3
-5
-4
-3
-3
-1
-1
0
-1
-1
-2
-1
-1
-2
-2
-3
0
0
-1
0
2
2
3
3
2
1
0
0
1
1
2
2
2
3
3
3
3
3
3
4
3
4
4
3
2
2
2
2
2
3
4
3
2
0
0
0
0
0
-1
0
2
2
2
3
2
1
2
1
1
3
1
1
0
0
0
0
0
1
-1
-1
0
0
-1
-1
0
0
-1
-2
-2
-2
-2
-2
-1
-1
-1
-2
-1
0
1
0
3
2
0
-1
-1
-2
-2
-2
-1
-1
-1
-2
1
0
0
0
1
0
-2
0
-1
-2
-3
-3
-3
-3
-2
-3
-2
-2
-1
-1
-2
-1
0
1
1
2
3
1
0
-1
-1
-2
-2
-4
-3
-3
-2
-1
0
-1
0
1
2
1
2
1
0
-1
-1
0
-1
0
0
-1
1
0
0
0
1
0
0
0
0
1
-1
-1
-1
0
0
0
1
0
1
0
0
-1
2
2
0
1
1
2
2
3
2
1
2
1
1
2
2
3
2
3
4
3
4
5
5
5
4
3
3
2
2
1
3
3
3
3
3
3
3
2
1
1
1
-1
-1
-1
0
-1
-1
-2
-1
0
-2
-2
-2
-2
-4
-4
-3
-4
-4
-3
-2
-3
-2
0
0
-1
0
-1
-3
-3
-1
-1
-1
-1
-2
-2
-3
-2
-1
-2
-2
-2
-2
-3
-1
-2
-3
-3
-2
-3
-3
-4
-3
-1
-1
1
1
1
1
0
2
-1
-1
0
0
-2
-3
-2
-1
1
0
-1
-1
0
-2
-1
-1
0
-1
-1
-1
-1
-1
-1
0
1
1
2
3
3
4
3
4
3
4
3
3
1
2
1
2
3
2
2
3
3
3
2
1
1
0
1
1
2
1
1
0
0
-1
0
1
2
2
2
4
3
1
2
1
2
1
1
0
0
-1
-1
0
1
2
3
2
0
0
1
1
1
1
0
1
0
1
-2
0
-1
-2
-1
-2
-1
0
-1
-2
-2
-3
-4
-4
-3
-3
-3
-4
-5
-3
-4
-2
-2
-2
-4
-3
-5
-3
-3
-1
-1
-1
-2
-3
-2
-3
-3
-3
-2
-2
1
1
3
3
3
2
1
0
1
2
2
2
3
3
3
4
4
4
1
2
-1
1
2
1
1
1
0
0
1
2
2
2
0
0
1
1
0
0
1
2
2
1
1
2
2
1
1
2
2
2
3
1
0
-2
-2
0
-1
0
-2
-2
-2
-1
0
2
1
-1
-1
-1
-2
-3
-2
-2
-2
-1
0
1
1
1
1
0
-1
-2
-3
-4
-3
-2
-2
-3
-3
-2
-2
-2
-1
-3
-2
0
0
0
0
-1
-2
-2
-4
-3
-2
-2
-1
0
1
3
4
2
4
3
2
1
0
1
0
1
1
0
0
-1
-1
0
1
1
1
2
1
1
1
1
2
1
2
2
1
2
3
2
2
1
0
1
3
2
2
2
2
1
-1
-1
-1
0
-1
0
0
1
1
-1
1
1
-2
-1
-1
-2
-1
1
2
2
2
-1
0
0
0
0
0
-1
0
0
0
-1
-1
-1
-1
-1
-2
1
1
1
0
-1
-3
-1
-2
-2
-1
-1
0
0
2
0
1
2
1
3
-1
0
-1
-2
-2
-4
-3
-3
-4
1
-2
1
-1
-2
0
-1
0
0
1
2
0
0
0
-1
-1
0
0
0
1
0
0
2
2
2
1
0
-3
-4
-5
-4
-3
-2
-3
-2
0
-2
0
0
1
2
3
4
5
3
4
5
5
5
5
3
3
2
2
2
2
3
0
1
2
3
2
2
1
-2
-2
-1
-4
-4
-2
-2
-3
0
1
1
1
1
0
0
2
0
0
0
2
2
1
0
-1
-2
-2
-2
-3
-4
-4
-3
-3
-1
-1
-1
-2
-2
-2
-2
-2
-3
-3
-2
1
0
1
2
0
0
0
-1
1
1
2
3
4
3
1
2
0
-1
-3
-3
-4
-3
-2
0
0
2
1
1
1
1
0
-1
-1
-2
1
-1
1
-1
-2
4
1
3
4
2
1
1
1
-2
0
0
-4
2
0
0
2
-3
-1
-3
-2
-1
-1
0
0
2
0
2
2
1
1
4
5
4
4
3
1
2
2
1
2
2
2
2
1
-1
0
0
-1
0
0
-2
0
-2
4
-5
0
0
-3
2
-4
1
-2
1
3
-4
5
-2
0
1
-4
2
-2
-1
1
-2
-3
-2
-2
-2
-1
-2
-2
-1
-5
-3
-5
-2
-1
-1
0
0
-1
2
0
1
3
3
2
3
5
4
6
6
4
5
4
2
0
-1
0
-3
-3
-2
-2
-3
-3
-3
-1
1
0
1
-1
-2
0
-2
-2
1
1
1
2
4
4
2
2
1
0
-2
-1
-1
-1
1
-2
-1
-1
-4
-1
-1
0
-3
-1
-1
0
2
0
3
1
2
3
3
5
5
6
4
5
6
3
3
0
-2
-2
-4
-3
-2
-2
-3
-1
-3
-3
-3
-1
-2
-2
-4
-3
-3
-3
-1
-3
-4
-1
0
0
1
1
2
0
0
-1
0
-3
-3
-3
-4
-2
-3
-5
-5
-5
-6
-5
-7
-6
-6
-5
-3
0
1
0
2
2
2
4
6
6
7
6
5
6
3
3
3
1
0
2
1
5
3
3
0
-2
-3
-5
-5
-6
-3
-2
0
3
5
9
8
10
10
6
6
2
3
2
1
1
1
1
1
0
2
1
0
-1
0
-1
-1
-3
-1
1
-3
-6
-5
-3
-4
-1
-3
0
0
1
0
2
3
1
2
4
4
3
6
3
3
4
2
-1
1
0
-3
-4
-5
-5
-5
-4
-2
-1
-2
0
1
3
5
2
3
2
0
-3
-6
-4
-5
-5
-4
-5
-3
-1
-2
0
0
0
-1
-3
-4
-2
-4
-4
-6
-4
-2
-2
1
2
3
-1
-3
-2
-2
-1
-4
-3
-5
-4
-5
-5
-4
-2
0
4
5
1
2
0
-1
-2
-1
-2
-1
-1
-6
-5
0
-1
-2
4
3
3
0
-2
-2
-3
-4
-5
-4
-1
-1
2
2
2
-1
0
1
1
3
6
6
8
9
10
11
10
11
9
8
6
8
8
6
1
3
2
4
6
6
2
0
6
14
31
42
46
57
58
47
28
7
-14
-36
-58
-71
-69
-66
-76
-89
-88
-93
-93
-83
-59
-25
5
23
52
87
102
103
99
78
49
17
-15
-28
-30
-41
-49
-45
-42
-43
-42
-40
-29
-18
-9
4
31
51
66
71
68
63
43
20
15
31
54
78
87
98
100
77
51
46
52
51
34
20
8
-17
-61
-102
-129
-152
-180
-195
-178
-143
-103
-62
-11
43
75
92
116
134
143
141
126
110
93
62
28
-10
-39
-68
-118
-167
-193
-208
-223
-221
-190
-148
-97
-51
-4
58
99
99
95
89
66
44
25
8
8
4
-20
-22
-20
-39
-57
-69
-77
-62
-59
-62
-40
-8
7
32
61
76
83
51
22
21
13
2
4
14
13
14
16
31
52
61
52
148
317
400
439
449
378
232
86
28
83
96
-8
-126
-206
-317
-452
-498
-477
-485
-534
-560
-443
-214
1
213
427
557
585
581
592
618
596
471
301
124
-35
-153
-254
-343
-441
-586
-757
-846
-825
-740
-609
-470
-266
-33
128
306
522
652
660
599
491
380
241
19
-136
-198
-349
-487
-489
-462
-432
-359
-324
-252
-110
-60
-11
123
212
234
279
290
273
244
138
2
-91
-168
-239
-258
-235
-209
-214
-218
-171
-65
69
201
314
394
404
412
651
1016
1190
1191
1083
798
389
23
-87
63
49
-266
-538
-657
-876
-1107
-1125
-1038
-1075
-1275
-1302
-901
-343
135
657
1134
1353
1354
1369
1479
1523
1352
1028
646
213
-140
-362
-549
-768
-1057
-1455
-1822
-2019
-1979
-1730
-1463
-1172
-777
-267
260
745
1315
1727
1685
1369
1101
850
513
198
-88
-426
-783
-1097
-1228
-1029
-820
-786
-658
-522
-483
-276
-7
213
466
601
595
698
759
695
616
325
-108
-481
-826
-1054
-1044
-988
-902
-675
-442
-98
409
764
976
1202
1192
1117
1129
1298
2155
3117
3253
3031
2833
2119
939
-32
-173
54
-539
-1801
-2388
-2380
-3115
-4044
-3808
-3285
-3507
-3937
-3335
-1239
579
1422
2883
4550
4873
4478
4539
5093
4993
3634
2313
1399
24
-1427
-2288
-2802
-3487
-4526
-5453
-5831
-5807
-5395
-4645
-3637
-2435
-1041
522
2081
3684
5320
6092
5624
4820
3781
2337
735
-637
-1428
-2208
-3341
-4146
-4053
-3603
-3462
-3117
-2236
-1698
-1287
-560
273
1495
2410
2583
2917
3183
2746
2267
1730
741
-337
-1602
-2925
-3429
-3339
-3317
-2862
-2080
-1490
-781
50
928
1946
2582
2564
2532
2658
2461
2172
2242
1927
1725
2933
4185
4451
4217
3515
2330
520
-1387
-1518
-285
-501
-2195
-2821
-2131
-2682
-4172
-3977
-2749
-2868
-4328
-4360
-1697
505
827
2066
4389
5399
4583
4198
5580
6097
4062
2106
1449
389
-1515
-3010
-3210
-3488
-5042
-6392
-6331
-5743
-5304
-4827
-3772
-2251
-1047
267
2331
4463
6025
6542
6281
5726
4608
3108
1316
-435
-1763
-3155
-4492
-4881
-4568
-4295
-4176
-3916
-3347
-2542
-1568
-576
800
2318
2910
3245
3968
4179
3856
3316
2224
907
-515
-2101
-3169
-3480
-3733
-3962
-3760
-3200
-2450
-1690
-888
57
861
1336
1836
2487
3381
4025
4244
4357
3944
2840
1560
404
445
2543
4327
4359
3802
2796
1147
-785
-1925
-712
1143
126
-2547
-3228
-2375
-3099
-4575
-4192
-3218
-4084
-6091
-5456
-1306
1762
2157
3311
5546
6218
5052
4702
6464
6807
3737
846
-84
-978
-2673
-4059
-4047
-4152
-6079
-7724
-7177
-5783
-4924
-4472
-3438
-1665
-21
1429
3639
6378
7590
7018
5917
4710
3598
2260
328
-1347
-2439
-4110
-6004
-6072
-4749
-4160
-3726
-2978
-2367
-1096
-46
716
2779
4191
3682
3421
3816
3758
3108
2127
1044
-193
-2024
-3822
-4226
-3756
-3605
-3570
-3113
-2179
-1363
-756
344
1611
2435
2811
2998
3621
4275
4451
4212
3682
2881
1553
-304
-1478
-974
946
3364
4815
5236
5050
3768
1809
713
1113
1796
739
-1540
-3031
-3594
-4149
-5204
-5683
-5353
-6097
-7574
-7167
-4316
-797
1438
2897
5144
6803
6825
6834
7603
7913
6149
2867
550
-634
-2266
-4057
-5100
-5752
-6896
-8492
-9026
-7758
-6212
-5463
-4680
-2739
-303
1648
3751
6177
8045
8385
7265
6280
5714
4265
1758
-776
-2714
-4727
-6718
-7327
-6508
-5262
-4420
-3840
-2510
-813
385
1489
2807
3877
3955
3420
3563
4155
4025
3165
1990
649
-941
-2776
-3989
-4140
-4133
-4649
-4839
-4131
-2942
-1628
-399
1024
2519
3208
3565
4359
5078
5357
4900
3665
2632
1481
-161
-1170
-828
123
1591
4022
5928
6458
5902
4189
2548
1614
352
-240
-79
-1199
-3225
-4464
-4658
-5175
-6385
-7125
-7104
-6881
-6517
-4822
-1027
2560
4182
5421
7176
8303
8019
7332
7370
6519
3481
365
-1367
-2485
-4056
-5969
-6902
-7357
-8644
-9520
-8813
-7179
-5820
-5140
-3333
-343
2005
4245
6841
8701
9358
8570
7035
5713
3850
974
-1854
-3721
-5362
-6839
-7024
-6210
-5178
-4197
-3605
-2516
-761
576
1822
3291
4431
4805
4526
4373
4445
3770
2467
1005
-614
-2146
-3705
-4784
-4754
-4626
-4767
-4385
-3475
-2350
-1189
-51
1284
2625
3389
3828
4655
5549
5665
5373
4810
3517
1780
-252
-1961
-1427
136
1572
4481
6770
6652
5517
3727
2545
1935
471
-476
-785
-1847
-3968
-5486
-4980
-5189
-6858
-7689
-7714
-6885
-5777
-4334
-461
3114
4262
5561
7260
8838
9360
8081
7464
6516
3074
-93
-1997
-3434
-4766
-7131
-8821
-8946
-9752
-10228
-9123
-7305
-5339
-4031
-2319
824
3815
6269
8758
10458
10971
9954
7557
5189
2730
-420
-3330
-5611
-7372
-8373
-8570
-7715
-6186
-4545
-2911
-1434
401
2317
3575
4852
5770
5649
5377
4991
4341
3740
2603
823
-1060
-2987
-4644
-5657
-6050
-6105
-6110
-5680
-4664
-3267
-1246
1028
2869
4382
5420
5844
6212
6426
6007
5030
3627
1663
-220
-1806
-2954
-2180
-227
2500
5763
7302
7493
6823
4773
3235
2133
1299
1136
-100
-1988
-3778
-4925
-5343
-6884
-8182
-8515
-9349
-9082
-7560
-4662
-64
2918
4749
7471
9290
10241
10446
9848
9190
6544
2512
-174
-2199
-4169
-6157
-8324
-9357
-10223
-11536
-11183
-9590
-8039
-6265
-4293
-1515
2099
5272
8413
11073
12178
12000
10201
7818
5383
1855
-1434
-4311
-7376
-9143
-9906
-9765
-8316
-6555
-4659
-2715
-560
1710
3441
5211
6489
6628
6697
6388
5708
5357
4256
2100
2
-2164
-4571
-6258
-7107
-7649
-7864
-7580
-6706
-4975
-2475
-55
2062
4382
5816
6298
7074
7387
7024
6548
5210
3210
1511
-311
-2488
-4147
-3801
-2599
-559
3303
6210
7547
7908
6222
4807
4348
3151
2316
1558
-134
-2699
-4933
-5637
-6616
-7995
-8985
-10119
-9911
-8767
-6937
-2618
1488
3892
6187
7987
9751
10824
10348
9998
8544
5070
1858
-870
-2888
-4575
-7335
-9338
-10335
-11769
-12249
-11255
-9351
-7100
-5049
-2220
1292
4666
8057
10512
11927
12450
10893
8480
6262
3188
-230
-3209
-6236
-8780
-9814
-9897
-9336
-7397
-5299
-3787
-1569
750
2717
5023
6649
7184
7402
7131
6186
5134
4234
2553
173
-1989
-4245
-6325
-7475
-8150
-8378
-7891
-6957
-5473
-2994
-181
2117
4388
6276
6952
7267
7607
7194
6164
4877
3181
1261
-431
-2115
-3517
-4499
-4572
-3129
-544
3583
7221
8885
9678
8412
6391
5351
3798
2898
1841
-518
-2717
-5180
-6473
-7052
-8721
-9704
-10736
-11430
-9899
-7720
-3838
1013
3855
6354
8630
10088
11665
11887
11031
9507
5938
2257
-513
-3099
-5010
-7365
-9931
-11319
-12621
-13118
-11643
-9615
-7288
-4665
-2146
1448
5648
8713
11280
12886
12374
10775
8465
5988
3615
380
-3122
-6464
-9087
-10386
-11060
-10006
-7879
-6434
-4294
-1838
570
3757
6024
7273
8153
7813
7022
6223
5261
4045
2010
-528
-3255
-5643
-6997
-8019
-8671
-8407
-7878
-6923
-4944
-2277
885
3799
5508
6624
7517
7696
7328
6689
5650
4158
2097
-40
-1328
-2293
-3485
-4712
-4600
-2604
455
4761
8616
10437
10645
8701
6279
4982
3919
2974
1253
-1414
-4194
-6514
-7475
-8328
-9414
-10105
-11379
-11626
-9831
-6715
-1778
2613
5247
7853
9729
11161
12543
12575
11673
9089
4803
1184
-1795
-4411
-6588
-9251
-11478
-12883
-13905
-13109
-10689
-8238
-5783
-3234
-327
3477
7175
10239
12777
13393
11863
9715
7324
4872
2237
-1095
-4457
-7692
-10411
-11825
-11793
-10063
-8132
-6502
-3790
-1075
1868
5385
7612
9026
9492
8294
7054
6031
4617
2777
348
-2369
-5000
-6915
-7893
-8342
-8201
-7676
-7225
-6160
-3829
-1139
1436
3947
5481
6453
7512
7739
7633
7433
6197
4251
2304
550
-1301
-2981
-4548
-5441
-4054
-1134
2829
7179
9727
10311
9094
7011
5627
4561
3383
1464
-1054
-3622
-6190
-7388
-7873
-8720
-9517
-10915
-11255
-9572
-7070
-2879
1465
4390
7030
8713
10260
12172
12493
11640
9550
5880
2228
-1188
-4026
-6030
-8618
-11124
-12630
-13410
-12659
-10701
-8415
-5820
-3445
-1063
2099
5594
8705
10991
11956
11557
10252
8348
6249
3815
538
-3107
-6703
-9658
-11212
-11615
-10555
-8529
-6638
-4096
-1060
1918
5109
7446
8602
8836
7919
6630
5398
4019
2333
129
-2119
-4183
-5984
-7141
-7605
-7701
-7513
-6970
-5956
-3881
-1274
984
3232
5105
6224
7008
7296
7241
6876
5836
4165
2353
897
-560
-2271
-3778
-5073
-4816
-2740
683
5612
9159
10311
10025
7873
5860
4590
3238
2260
214
-2887
-5530
-7200
-7592
-8244
-9404
-10179
-11036
-10822
-8737
-5070
-236
3302
5307
7530
9488
11092
12307
12354
11293
8336
3948
420
-2183
-4622
-7160
-9842
-11824
-13056
-13500
-12057
-9342
-6782
-4671
-2604
166
3416
6543
9379
11430
12065
11201
9682
8054
5962
3093
-689
-4476
-7729
-10530
-11530
-10888
-9611
-7629
-5405
-2794
434
3588
6291
8080
8604
7984
6685
5532
4341
2878
1234
-877
-3081
-4883
-6129
-6818
-7102
-7167
-7261
-6698
-5195
-3103
-358
2395
4522
5899
6526
6857
6729
6325
5856
4551
3025
1400
-826
-2217
-3531
-4132
-2501
-277
3353
6922
8368
9245
8372
6527
5296
3826
2883
1243
-1372
-3803
-6396
-7637
-8451
-9825
-10163
-10516
-10367
-8678
-6150
-1979
2099
4723
7345
9408
10959
12190
12102
11452
9788
6311
2617
-609
-3556
-6325
-9289
-11641
-12901
-13684
-13414
-11633
-9238
-6700
-4131
-1362
2240
5709
8401
10853
12304
12491
11562
9631
7439
4448
550
-3189
-6561
-9180
-10827
-11502
-10809
-9207
-7137
-4480
-1435
1662
4408
6375
7648
8211
7788
6757
5570
4122
2439
622
-1298
-2951
-4419
-5877
-6924
-7479
-7835
-7733
-6808
-5197
-2960
-197
2398
4656
6452
7302
7519
7158
6397
5639
4467
3018
1489
-327
-2487
-4227
-4040
-2069
1510
5361
7359
8435
8205
6456
5172
4501
4098
2663
-187
-2860
-5072
-6379
-7453
-8829
-9268
-10055
-10817
-9644
-6969
-2791
1127
3549
6258
8513
9824
11176
11712
11512
10025
6714
3688
1161
-1643
-4290
-7173
-9827
-11701
-13334
-13605
-12119
-10508
-8676
-6312
-3523
97
3742
6988
9970
11755
12226
11966
10937
9281
6576
2708
-1084
-4723
-8021
-9969
-10986
-10988
-10110
-8875
-6501
-3425
-454
2637
4966
6474
7508
7516
7312
6885
5675
4173
2272
205
-1603
-3290
-4676
-5974
-7236
-7997
-8355
-8033
-6590
-4538
-2292
154
2590
4720
6567
7882
8404
8293
7525
6121
4489
2915
919
-1547
-3976
-4954
-3729
-601
3460
6287
7545
7493
6043
4737
4261
4422
3879
1205
-1823
-4053
-5438
-6116
-7322
-8348
-9158
-10568
-10617
-8237
-4109
147
2740
4835
7237
8921
10083
11050
11432
10374
7440
4214
1993
46
-2456
-5298
-7897
-10277
-12395
-13395
-12743
-11049
-9690
-8333
-5794
-2541
1181
4959
8308
11142
12387
12286
11854
10795
8589
4977
962
-2848
-6616
-9137
-10419
-10783
-10070
-9261
-7682
-5009
-2223
802
3352
5167
6491
6805
6878
6897
6267
5266
3655
1694
-10
-1753
-3241
-4571
-6054
-7263
-8151
-8378
-7667
-6241
-4180
-1743
717
3269
5848
7748
8679
9020
8323
6961
5215
3230
1404
-818
-3254
-4664
-4070
-1594
1770
4698
6478
6852
5788
4514
4113
4513
4408
2608
3
-2315
-4220
-5368
-6405
-7493
-8512
-10098
-10878
-9475
-6306
-2332
868
3323
5851
7832
9405
10891
11766
11394
9282
6254
3644
1498
-773
-3317
-5906
-8454
-10895
-12674
-13104
-12368
-11405
-10304
-8401
-5385
-1559
2436
6321
9662
11772
12605
12658
12208
10898
8152
4218
107
-3752
-7179
-9493
-10590
-10906
-10566
-9677
-7918
-5059
-1879
977
3412
5266
6379
6786
7075
7184
6528
5259
3432
1533
-51
-1883
-3547
-4924
-6422
-7676
-8530
-8379
-7177
-5749
-3754
-1369
1017
3814
6096
7756
9238
9312
8303
6967
4982
2871
705
-1818
-4394
-5537
-4723
-2271
1555
4586
6302
7000
6104
5140
4854
5190
5203
3160
410
-1906
-3742
-4814
-6253
-7401
-8319
-10239
-11265
-10162
-7058
-3167
-415
2092
5003
7299
9182
10894
12312
12486
10350
7236
4779
2761
279
-2633
-5317
-7955
-10715
-12849
-13340
-12439
-11538
-10854
-9359
-6530
-2817
962
4943
8989
11499
12317
12607
12478
11509
9207
5597
1699
-1912
-5519
-8483
-9764
-10134
-10412
-10154
-8816
-6220
-3243
-563
1984
3998
5166
5701
6037
6595
6765
5759
4282
2846
1215
-578
-2302
-3784
-5217
-6933
-8364
-8621
-7812
-6445
-4623
-2035
806
3317
5547
7398
8679
8817
7897
6485
4637
2729
561
-1729
-3624
-5099
-4973
-2757
639
3832
5677
6629
6611
5573
5077
5545
5844
4740
1950
-865
-2565
-4124
-5913
-7087
-7988
-9532
-11299
-11509
-8970
-5320
-2628
-168
2821
5476
7442
9259
11509
13164
12228
9499
7343
5719
3522
531
-2425
-5043
-8446
-11945
-13490
-13203
-12615
-12384
-11589
-9084
-5724
-2397
1606
6031
9400
10824
11173
11793
12015
10701
8242
5569
2655
-892
-4352
-6416
-7412
-8529
-9635
-9721
-8448
-6528
-4477
-2092
551
2446
3244
4009
5256
6160
6087
5342
4406
3156
1344
-438
-1712
-3013
-4753
-6556
-7544
-7402
-6674
-5433
-3450
-981
1186
3037
5013
6785
7717
7437
6304
4782
3080
1308
-271
-1507
-2939
-4127
-3828
-1763
1305
3927
5721
6787
6500
5606
5362
5979
6292
4632
1801
-704
-2749
-4464
-5989
-6800
-7642
-9724
-11544
-11320
-8912
-5744
-3366
-889
1848
3780
5603
8093
11035
12861
12141
10291
8866
7436
5383
2836
286
-2842
-7081
-10796
-12467
-12548
-12435
-12415
-11515
-9702
-7566
-4630
-725
3234
6091
7208
7711
8732
9528
9495
9084
8265
6221
3157
631
-1141
-2736
-4248
-6050
-7698
-8249
-8002
-6980
-4856
-2627
-1285
-541
452
1799
2960
3831
4164
3490
2207
846
-242
-689
-1014
-1799
-2747
-3482
-3762
-3491
-2537
-1112
30
723
1380
2223
3161
3958
4209
3815
2903
1518
230
-441
-911
-1544
-2646
-3517
-2801
-662
2144
4848
6698
7637
7429
6551
6348
6758
6849
5518
2775
276
-1529
-3304
-5044
-6392
-7631
-9475
-11331
-11596
-9812
-7218
-5288
-3699
-1659
501
2632
5083
8122
10693
11334
10638
9954
9510
8460
6374
3970
1367
-1943
-5274
-7374
-7907
-7970
-8579
-9197
-9041
-8352
-7567
-6288
-4380
-2596
-1690
-1063
508
2843
4949
6455
7430
7810
7171
5809
4804
4124
3006
1082
-952
-2136
-2634
-2858
-2677
-2083
-1719
-2181
-2837
-2921
-2673
-2702
-3288
-3898
-4129
-4372
-4262
-3256
-1699
-304
381
813
1581
2317
2727
3012
3180
3170
2714
2269
2425
2814
2922
2559
1851
1154
352
-677
-1501
-2089
-2754
-3433
-3457
-2194
2
2177
3887
5033
5637
5525
4966
4962
5442
5379
4504
3130
1824
785
-544
-1822
-2531
-3316
-4543
-5885
-6515
-6285
-5973
-5687
-5060
-4093
-3100
-2126
-686
1307
2975
3890
4207
4317
4340
4091
3795
3788
3783
3387
2749
2184
1802
1312
435
-670
-1887
-3287
-4676
-5709
-6065
-5790
-5405
-4880
-3930
-2837
-1773
-925
-359
198
452
231
68
210
550
973
1444
2141
2963
3442
3691
3865
3761
3200
2072
732
-497
-1824
-3046
-3836
-4287
-4384
-4358
-4217
-3630
-2943
-2432
-1951
-1594
-1311
-1055
-909
-494
170
800
1357
1916
2547
3218
3693
3839
3879
3644
2951
2124
1512
1197
934
511
416
909
1415
1633
1785
1983
1929
1313
769
798
983
687
-140
-566
-419
-513
-699
-303
380
541
1
-399
-171
-28
-477
-956
-926
-928
-1458
-1954
-1700
-1011
-829
-1034
-770
-178
201
367
768
1507
1766
1270
702
518
357
-179
-784
-1119
-1355
-1813
-2153
-1737
-790
-64
254
410
609
599
236
-27
-54
-253
-738
-1245
-1461
-1242
-1115
-1124
-847
-453
-316
-346
-368
-269
-284
-691
-1111
-1280
-1294
-1386
-1510
-1197
-622
-260
31
368
765
1018
814
478
327
77
-298
-632
-601
-292
-211
-164
183
634
1002
1095
1087
1245
1199
757
487
472
446
377
233
469
987
1241
1392
1626
1630
1282
688
164
-90
-261
-490
-482
-135
273
669
1177
1763
2188
2240
2083
1972
1750
1252
562
-112
-612
-1004
-1278
-1188
-799
-416
-251
-88
192
425
497
331
114
-165
-570
-873
-888
-644
-443
-517
-565
-367
-150
112
356
560
667
478
216
82
1
-153
-468
-800
-1008
-1195
-1382
-1477
-1484
-1416
-1352
-1195
-876
-635
-560
-655
-878
-1077
-1189
-1311
-1361
-1395
-1425
-1384
-1324
-1133
-789
-588
-522
-554
-702
-757
-750
-734
-467
-116
95
279
497
818
1164
1385
1503
1550
1354
1063
794
639
465
200
-7
-78
67
276
505
768
884
747
585
510
510
523
429
373
466
558
784
1176
1590
1887
1936
1835
1808
1722
1449
1171
848
445
6
-346
-379
-236
-180
-77
13
6
-89
-312
-400
-417
-571
-675
-523
-271
-63
47
220
479
557
603
648
652
574
389
330
500
623
630
596
472
212
-165
-621
-992
-1342
-1786
-2139
-2241
-2074
-1771
-1361
-922
-593
-474
-393
-272
-159
-75
-111
-254
-354
-449
-497
-441
-420
-441
-646
-955
-1216
-1544
-1715
-1704
-1607
-1373
-1245
-1171
-939
-706
-525
-320
-125
118
222
260
416
664
873
913
957
1127
1294
1295
1167
997
741
340
-38
-162
-113
-55
5
208
561
869
1038
1251
1473
1456
1230
974
807
608
340
180
208
286
311
344
552
812
881
819
751
669
421
-16
-344
-497
-576
-594
-442
-134
120
225
240
341
497
416
235
147
20
-56
-5
203
574
804
845
861
766
553
243
-106
-356
-603
-868
-937
-819
-736
-750
-798
-801
-788
-798
-696
-494
-354
-335
-387
-367
-346
-429
-479
-456
-500
-615
-782
-917
-1055
-1243
-1330
-1241
-1077
-917
-776
-633
-548
-605
-735
-876
-950
-976
-911
-589
-119
282
675
1084
1489
1787
1874
1744
1389
862
265
-208
-373
-314
-195
70
439
802
1122
1399
1611
1649
1436
1061
692
309
5
-100
-115
-22
123
300
597
844
906
871
682
319
-97
-505
-693
-707
-678
-458
-129
197
523
718
787
763
477
12
-360
-608
-768
-816
-771
-586
-357
-222
-52
155
255
192
-25
-263
-469
-634
-626
-451
-242
-97
-59
-24
26
41
39
24
11
-10
-129
-259
-294
-347
-426
-515
-599
-610
-650
-691
-715
-759
-744
-739
-737
-580
-407
-298
-209
-248
-329
-506
-783
-1008
-1184
-1284
-1181
-875
-435
78
603
1129
1554
1794
1836
1673
1327
863
431
94
-112
-139
-96
69
369
659
987
1315
1496
1562
1453
1218
963
711
540
463
407
392
419
508
544
490
340
64
-307
-691
-1005
-1237
-1341
-1305
-1007
-517
-18
491
915
1177
1216
1047
791
510
170
-170
-346
-342
-311
-305
-269
-191
-183
-273
-391
-500
-598
-768
-921
-913
-785
-676
-592
-448
-326
-268
-224
-98
117
288
330
332
357
309
206
65
-81
-234
-460
-743
-960
-1040
-1137
-1201
-1082
-839
-504
-266
-127
28
42
-168
-465
-768
-1015
-1234
-1427
-1429
-1178
-814
-347
248
924
1484
1687
1673
1592
1360
963
621
393
248
102
16
104
312
516
662
817
949
958
852
769
727
724
695
681
730
845
955
1018
1065
1041
845
472
32
-382
-717
-1017
-1267
-1335
-1212
-960
-639
-241
166
383
411
367
295
229
119
34
-4
8
37
23
10
-30
-196
-440
-612
-730
-854
-861
-788
-657
-448
-294
-186
-79
-46
-85
-143
-156
-106
-2
87
213
362
457
485
456
405
293
113
-138
-401
-625
-806
-922
-865
-658
-369
-70
204
428
524
488
326
62
-280
-659
-1035
-1344
-1447
-1391
-1254
-935
-504
-68
317
536
657
712
632
550
587
652
739
783
773
827
892
900
877
817
718
546
295
200
216
227
281
363
474
601
725
844
975
974
771
534
293
-4
-290
-496
-593
-648
-694
-640
-480
-334
-277
-299
-312
-325
-376
-384
-303
-149
27
92
166
283
235
88
-129
-393
-667
-976
-1185
-1240
-1230
-1166
-1059
-895
-684
-522
-448
-366
-275
-169
-105
-65
41
125
167
263
358
388
356
186
-47
-223
-447
-688
-833
-899
-872
-743
-531
-158
292
632
888
1062
1142
1101
972
795
555
278
-4
-234
-294
-231
-124
-45
15
83
138
207
318
512
722
874
989
1092
1173
1277
1341
1344
1261
1081
870
652
514
438
357
283
222
172
178
254
327
350
318
211
95
-3
-93
-175
-286
-381
-482
-538
-572
-555
-556
-662
-776
-869
-992
-1011
-884
-721
-543
-380
-196
-18
118
180
174
67
-158
-482
-825
-1023
-1174
-1298
-1317
-1302
-1278
-1217
-1125
-986
-816
-634
-477
-338
-148
14
156
343
513
611
717
762
655
514
303
4
-261
-522
-781
-956
-1058
-1035
-899
-692
-405
-61
217
455
640
755
793
762
635
477
367
258
168
83
32
-11
-74
-95
-48
50
222
348
509
734
916
1086
1277
1436
1507
1513
1441
1350
1246
1132
1009
873
735
567
417
350
345
335
324
327
318
322
351
395
431
424
401
331
306
296
142
-48
-289
-525
-774
-974
-1014
-976
-948
-886
-733
-578
-422
-256
-84
36
46
-82
-239
-358
-468
-612
-704
-782
-893
-1033
-1147
-1169
-1161
-1190
-1221
-1150
-1009
-874
-753
-583
-402
-254
-120
16
168
276
270
127
-47
-185
-373
-579
-709
-781
-827
-838
-740
-499
-206
49
274
500
699
791
782
742
653
514
365
241
150
31
-143
-301
-382
-401
-378
-303
-169
-8
114
313
548
811
1069
1242
1344
1389
1376
1391
1408
1371
1293
1144
947
731
538
420
348
262
205
159
181
218
278
403
512
548
601
618
642
639
484
235
18
-213
-471
-623
-693
-720
-746
-727
-571
-340
-135
37
202
343
341
182
-8
-170
-346
-523
-663
-726
-802
-889
-974
-958
-916
-915
-879
-835
-802
-759
-708
-633
-506
-415
-320
-183
-50
7
-17
-98
-224
-419
-663
-897
-1083
-1212
-1289
-1230
-1034
-758
-465
-199
106
438
640
766
850
833
718
546
398
291
166
1
-151
-213
-218
-250
-204
-84
-17
2
68
225
439
620
794
953
1079
1150
1149
1199
1253
1198
1071
950
826
712
598
545
501
380
245
138
109
130
136
188
256
312
365
428
520
537
438
292
82
-112
-250
-392
-481
-546
-586
-555
-439
-257
-53
157
285
295
276
204
34
-150
-346
-554
-721
-860
-968
-1037
-1056
-1022
-947
-807
-670
-530
-390
-328
-271
-179
-91
-21
42
93
111
79
15
-58
-160
-322
-485
-638
-770
-867
-906
-870
-757
-630
-484
-256
-35
182
359
476
585
613
584
500
382
196
-37
-224
-353
-416
-428
-388
-330
-212
-89
10
205
404
556
700
794
879
944
923
898
844
758
641
527
483
494
513
498
456
426
392
294
234
228
180
156
168
217
297
399
432
465
473
403
310
215
87
0
-83
-212
-282
-292
-259
-203
-76
32
72
96
88
46
5
-89
-175
-273
-385
-472
-597
-711
-819
-899
-975
-980
-894
-776
-682
-553
-413
-297
-186
-117
-39
5
-10
-92
-187
-255
-363
-471
-513
-529
-558
-559
-511
-421
-305
-243
-199
-138
-68
-42
-11
104
233
340
407
473
528
465
350
243
71
-77
-236
-308
-344
-366
-322
-229
-106
88
297
488
664
738
780
769
754
668
545
459
380
323
330
432
506
514
554
547
511
447
377
318
273
210
166
182
216
250
276
277
243
189
125
111
80
-1
-74
-129
-129
-95
-12
60
154
186
125
107
111
67
2
-39
-127
-213
-275
-327
-328
-354
-451
-531
-603
-649
-671
-650
-582
-521
-482
-404
-258
-165
-105
-75
-115
-177
-264
-361
-473
-549
-602
-670
-675
-613
-504
-378
-265
-130
-57
-39
-58
-61
-34
-2
25
63
90
106
136
171
168
110
72
6
-53
-127
-166
-207
-230
-196
-147
-41
103
253
401
471
497
485
390
328
258
145
102
128
163
230
290
375
457
486
452
419
399
348
278
241
266
305
358
370
369
363
312
232
168
101
55
2
-27
-14
35
117
196
248
251
242
182
105
21
-35
-76
-123
-142
-144
-144
-123
-110
-106
-65
-75
-107
-169
-202
-229
-266
-288
-274
-251
-229
-199
-155
-128
-164
-230
-299
-360
-422
-504
-547
-515
-454
-367
-250
-93
5
29
69
80
37
-21
-54
-84
-77
-94
-73
-28
8
43
25
65
71
21
-26
-63
-101
-148
-160
-103
-36
22
77
146
225
247
221
221
205
132
78
82
42
52
94
113
179
249
248
262
234
150
110
18
-46
-69
-81
-92
-38
62
87
122
145
134
96
88
63
65
83
133
171
231
269
239
235
182
108
36
-60
-139
-213
-280
-288
-273
-250
-229
-209
-172
-125
-86
-41
-17
-25
-51
-49
-38
-7
54
79
92
75
33
-26
-80
-191
-222
-300
-384
-377
-333
-250
-168
-44
16
73
116
134
160
132
88
21
-53
-93
-116
-70
-63
-52
-35
-3
26
71
86
78
45
32
48
45
87
158
212
218
257
249
217
165
90
22
-22
-37
-17
24
74
124
175
259
278
334
349
313
285
211
144
58
-14
-54
-87
-133
-150
-127
-145
-167
-200
-244
-228
-195
-144
-47
52
100
158
177
198
212
196
155
96
9
-71
-110
-153
-145
-143
-145
-152
-150
-136
-101
-101
-113
-150
-202
-243
-277
-222
-146
-95
-83
-39
-41
-89
-107
-129
-174
-229
-268
-309
-262
-190
-138
-76
33
122
178
217
237
222
140
64
1
-75
-153
-179
-189
-178
-127
-82
-58
-55
-85
-76
-98
-133
-152
-116
-33
8
84
180
246
263
266
246
196
129
80
50
56
66
43
72
103
130
179
217
240
269
230
206
194
174
158
138
143
118
134
102
99
91
9
-55
-102
-144
-138
-89
-68
1
50
86
127
159
220
214
185
132
61
19
9
20
54
100
93
72
66
86
58
2
-46
-111
-188
-244
-228
-217
-190
-144
-129
-97
-70
-60
-72
-111
-128
-177
-213
-168
-141
-104
-74
-37
16
73
110
134
145
122
94
31
12
-4
-33
-110
-149
-147
-187
-205
-194
-176
-210
-266
-301
-279
-297
-296
-234
-175
-124
-76
0
47
75
98
85
82
59
35
37
15
-8
7
-10
0
49
16
-18
-40
-50
-80
-71
-27
31
98
132
190
225
258
261
247
217
132
53
-3
-47
-100
-108
-100
-83
-63
-32
7
45
76
94
103
111
121
107
126
164
212
238
250
249
257
223
169
150
87
25
-8
-21
-5
-13
-30
2
39
56
57
57
70
41
5
6
7
10
8
22
45
78
114
145
170
172
200
187
156
125
66
28
-24
-57
-60
-57
-82
-95
-112
-127
-152
-207
-258
-266
-267
-290
-250
-223
-208
-198
-154
-120
-97
-37
-33
-65
-45
-62
-101
-137
-163
-181
-205
-216
-203
-208
-254
-255
-262
-239
-228
-202
-133
-70
-25
73
150
170
217
287
250
180
120
69
3
-94
-87
-100
-119
-138
-115
-88
-103
-73
-39
4
45
59
75
135
178
177
222
253
252
238
189
186
177
117
99
79
38
16
4
4
9
3
-26
-42
-36
-35
-21
-36
-2
1
-27
2
64
93
97
157
178
198
211
188
193
179
118
80
70
56
62
60
48
27
22
-13
-48
-23
-48
-108
-143
-130
-130
-153
-131
-86
-58
-40
-2
26
46
72
82
84
89
55
29
20
-6
-26
-66
-114
-143
-192
-190
-169
-163
-158
-141
-107
-77
-68
-25
15
34
68
79
70
67
67
47
29
-9
-27
-50
-78
-98
-118
-113
-99
-101
-81
-25
19
43
86
116
106
101
65
68
58
35
36
30
29
19
17
-27
-68
-59
-61
-91
-104
-106
-128
-116
-109
-62
-37
-50
-34
4
28
53
104
154
180
180
171
184
173
132
106
66
23
-11
-12
-25
-10
-27
-51
-45
-52
-55
-68
-67
-74
-83
-87
-102
-100
-82
-42
-13
10
40
55
84
98
111
101
90
104
47
5
-15
-50
-91
-133
-146
-173
-152
-146
-150
-95
-96
-103
-97
-120
-103
-59
-62
-81
-26
2
4
36
61
88
86
65
52
49
27
-9
-31
-23
-7
-11
2
45
72
94
110
134
148
131
168
208
203
207
185
174
189
171
146
127
90
52
18
-4
-14
-32
-60
-65
-52
-57
-45
-20
-9
20
59
75
115
174
190
207
203
185
167
150
88
35
-14
-73
-106
-136
-156
-170
-162
-182
-161
-158
-146
-128
-133
-123
-149
-170
-170
-154
-149
-130
-102
-74
-35
-18
5
34
21
1
-25
-61
-109
-168
-182
-178
-172
-168
-171
-133
-90
-71
-41
-15
-17
-58
-75
-84
-85
-84
-47
3
29
41
94
167
188
183
177
174
104
72
79
65
30
4
5
8
49
57
74
65
51
56
62
80
104
129
112
94
103
119
98
103
113
75
42
28
11
-17
-40
-77
-111
-134
-143
-131
-113
-93
-69
-40
-29
15
58
81
90
82
70
50
42
29
9
-5
-33
-71
-92
-107
-128
-96
-94
-73
-44
-25
-5
14
12
-11
-30
-42
-52
-56
-11
11
45
62
102
132
115
104
94
74
14
7
-18
-32
-7
-23
-29
-11
18
52
73
83
76
35
-23
-35
-53
-50
-38
-43
0
50
66
73
91
88
62
19
32
3
-27
-24
-39
-47
-30
-31
-26
9
11
-18
-9
12
26
24
23
33
25
16
14
7
1
-5
-15
-43
-56
-79
-104
-121
-134
-147
-167
-180
-198
-167
-125
-104
-100
-51
-37
-43
18
48
61
45
51
49
27
31
26
16
-4
-35
-39
-35
-43
-28
-21
-15
-7
-37
-23
11
-18
-20
5
18
30
61
78
79
74
33
48
67
45
43
50
40
58
71
59
54
66
47
29
23
11
27
5
-32
-41
-23
-38
-19
4
35
74
87
119
141
165
173
184
175
140
144
126
98
75
66
50
38
65
57
60
46
35
20
-1
29
20
23
31
26
27
35
34
57
51
36
13
-19
-33
-69
-102
-115
-158
-198
-188
-199
-201
-150
-123
-100
-66
-64
-39
-24
-30
-24
-33
-52
-98
-121
-131
-145
-147
-167
-164
-129
-108
-103
-99
-84
-88
-96
-91
-78
-97
-120
-109
-103
-99
-73
-57
-34
-29
-24
-17
-30
-39
-56
-70
-71
-62
-49
-19
-9
12
40
37
26
27
28
40
30
1
17
9
0
4
13
9
17
49
81
147
182
201
207
226
243
236
251
247
234
199
212
187
167
153
176
218
218
191
167
168
138
145
169
182
188
186
174
172
168
158
123
91
73
23
11
-15
-53
-63
-94
-153
-178
-160
-164
-159
-150
-119
-123
-114
-100
-69
-56
-92
-101
-116
-117
-130
-143
-147
-160
-214
-224
-215
-236
-242
-247
-225
-195
-178
-157
-147
-131
-129
-128
-93
-81
-78
-65
-83
-79
-75
-102
-98
-101
-98
-95
-78
-97
-80
-57
-68
-43
-27
-26
-32
-31
-23
-25
-27
-25
-26
-15
3
6
47
68
57
48
89
117
124
134
160
168
169
184
201
217
198
205
228
229
200
181
194
191
159
132
161
153
107
135
172
193
213
264
259
242
225
185
149
116
93
56
37
16
-7
-19
-51
-85
-79
-106
-133
-128
-116
-109
-92
-86
-79
-70
-60
-45
-49
-37
-55
-75
-103
-120
-136
-155
-179
-208
-233
-250
-238
-219
-176
-141
-128
-96
-75
-75
-69
-59
-52
-63
-88
-104
-105
-106
-103
-117
-111
-103
-104
-101
-105
-102
-115
-121
-106
-100
-72
-58
-34
-34
-25
-6
-6
-23
-11
8
-1
6
6
15
11
13
67
99
96
103
106
163
191
197
193
185
164
175
188
202
239
243
172
131
120
88
108
140
147
188
209
204
254
273
246
242
229
204
161
146
135
113
81
30
31
16
3
16
40
15
5
18
-4
14
6
-16
-29
-30
-54
-72
-75
-92
-127
-152
-170
-189
-203
-216
-227
-253
-253
-258
-237
-190
-151
-110
-87
-85
-64
-63
-81
-116
-138
-137
-158
-184
-174
-147
-163
-168
-163
-137
-134
-144
-145
-152
-156
-131
-107
-114
-95
-83
-63
-64
-79
-83
-92
-93
-94
-107
-96
-60
-38
-28
8
30
62
81
94
137
142
166
185
191
190
200
190
173
170
164
150
160
180
189
206
194
232
239
236
252
273
265
267
281
241
215
195
168
137
122
111
105
73
63
85
92
79
76
60
45
23
10
2
-2
4
4
0
-4
-8
-40
-77
-101
-137
-179
-196
-202
-233
-242
-246
-252
-234
-196
-159
-149
-146
-142
-143
-158
-150
-141
-155
-163
-150
-142
-142
-138
-115
-125
-111
-101
-116
-116
-113
-121
-146
-120
-110
-95
-90
-103
-84
-61
-55
-71
-71
-92
-84
-67
-66
-37
-19
23
50
84
117
105
103
88
92
97
104
114
146
137
132
131
118
133
134
120
117
147
162
168
189
192
202
211
228
236
194
181
167
130
125
115
109
109
95
115
98
81
92
89
87
79
50
33
26
12
22
18
21
15
34
44
26
8
-25
-43
-70
-104
-115
-96
-116
-120
-107
-98
-83
-73
-70
-76
-61
-91
-111
-105
-109
-146
-167
-167
-179
-180
-151
-125
-111
-85
-78
-102
-99
-104
-121
-124
-123
-133
-137
-121
-123
-108
-98
-96
-105
-129
-133
-135
-146
-133
-94
-89
-68
-58
-37
13
10
22
45
30
13
36
33
11
9
14
24
30
35
49
64
68
80
103
120
121
130
152
158
190
194
183
176
152
144
140
128
124
127
132
123
121
145
156
177
178
183
178
176
162
150
146
131
139
127
124
104
95
57
30
-3
-32
-26
-15
-14
-28
-19
-18
-19
-11
14
43
22
-10
-36
-60
-81
-108
-138
-159
-160
-154
-150
-130
-98
-107
-103
-92
-80
-76
-76
-81
-100
-127
-147
-149
-142
-138
-137
-121
-141
-139
-108
-111
-115
-122
-136
-159
-159
-137
-98
-64
-38
-25
-26
-3
11
20
2
-3
-15
-42
-44
-37
-32
-49
-47
-28
-23
-22
-5
19
29
31
46
54
46
56
64
52
25
23
50
60
57
73
60
79
92
87
97
106
115
110
115
122
114
102
114
111
93
95
94
71
50
42
39
30
29
26
3
8
14
3
17
38
64
81
70
58
49
31
27
9
-25
-30
-34
-36
-40
-19
7
11
-2
2
10
-3
-6
-6
-13
-8
-17
-32
-31
-38
-55
-57
-74
-63
-44
-36
-36
-23
-36
-44
-32
-27
-27
-29
-7
-3
-13
0
-9
4
15
-4
5
-3
4
3
4
5
-18
-13
-30
-39
-41
-35
-32
-32
2
38
40
48
71
50
34
35
5
-14
-15
-13
-3
-40
-42
-36
-46
-39
-22
-13
-14
-8
10
10
16
18
21
18
11
4
-9
-1
-17
-22
-29
-54
-55
-59
-64
-58
-59
-70
-56
-27
-32
-27
-12
-15
-27
-55
-57
-66
-62
-57
-58
-47
-49
-44
-40
-24
-2
-6
9
28
11
22
18
17
26
26
40
28
7
9
5
-6
-2
11
4
-6
12
35
38
55
57
33
29
26
36
32
21
28
44
51
52
71
72
70
73
84
78
62
62
52
61
57
52
54
54
73
89
96
102
81
67
60
33
17
14
8
3
-8
-7
-6
-4
12
2
22
21
-7
5
16
-4
5
6
10
20
13
21
22
22
-4
-21
-13
-33
-37
-18
-23
-35
-30
-21
-44
-61
-64
-56
-78
-75
-80
-95
-91
-94
-80
-66
-58
-78
-67
-74
-70
-70
-61
-45
-38
-27
-21
4
24
31
29
20
0
-5
-8
-25
-37
-36
-41
-34
-17
-14
-11
16
4
1
-14
-37
-37
-23
-15
-20
-16
0
30
30
42
59
55
46
35
15
13
6
5
11
-1
11
6
5
14
18
3
-3
-3
-7
-13
-12
-11
-24
-8
-1
7
18
29
