2
2
0
0
0
0
0
-1
-1
-1
0
1
-1
-1
-1
-1
-2
-3
-3
-2
-3
-3
-1
-2
-2
-3
-3
-3
-5
-4
-3
-4
-1
-1
-1
-1
0
-1
-2
-1
-1
-1
-1
0
0
0
0
0
1
0
0
0
0
1
2
2
3
3
2
2
2
0
0
-2
-1
-1
-1
-2
-1
0
0
1
0
0
0
0
-1
0
1
0
0
0
1
2
2
2
0
-1
-1
-2
-3
-2
-3
-2
-1
-1
-1
-2
-3
-2
-1
-2
-3
-1
-2
-2
-1
-2
1
1
0
-1
0
-1
0
-1
-1
-1
-2
-2
-2
0
-1
-1
0
0
-1
0
1
1
2
1
1
2
4
4
3
1
3
3
2
2
3
2
2
3
3
2
4
3
3
1
3
3
1
1
1
0
0
0
1
3
3
2
1
-1
0
0
1
0
1
0
0
1
-1
-1
-2
0
-2
-2
-2
-2
-3
-3
-3
-2
-1
-2
-1
0
-1
-1
0
0
1
0
2
0
1
1
1
1
2
0
0
-1
-2
-1
-1
-1
-2
-2
-2
-2
-1
-2
-2
-2
-2
-1
0
0
-1
0
1
0
0
2
1
0
1
-1
-1
-3
-4
-3
-1
1
0
2
1
3
2
2
2
3
3
3
3
3
2
2
3
4
3
1
2
-1
1
0
0
0
0
0
0
1
1
1
-1
-2
-2
-2
-3
-2
0
0
0
-2
-1
-2
-3
-2
-1
-1
-1
-1
-1
0
0
-1
1
1
0
1
1
1
1
1
1
3
1
1
1
1
0
2
3
4
4
5
5
5
4
4
4
2
2
2
2
0
1
1
1
0
-1
-2
-1
-2
-1
-2
-2
-2
-3
-2
-2
-5
-6
-5
-4
-4
-4
-3
-3
-3
-3
-4
-4
-4
-5
-4
-3
-1
-2
-3
-1
-4
-3
-4
-3
-3
-4
-4
-3
-4
-3
-1
-1
2
2
2
4
4
2
0
0
1
0
2
2
2
4
3
3
5
5
4
4
2
1
1
0
0
0
-1
0
0
0
0
0
-1
0
0
0
2
0
-1
-2
0
1
2
1
0
0
0
0
1
2
0
1
1
1
-1
-1
-1
-2
-1
-2
0
0
0
1
0
0
0
-1
0
0
-1
-2
-1
-1
0
1
1
3
2
-1
-2
-1
0
0
0
1
1
1
2
2
1
1
1
0
0
-1
-2
-1
-1
0
1
2
4
4
3
1
3
2
2
2
1
1
1
1
2
2
1
2
2
1
1
1
1
1
1
1
0
-1
0
0
1
2
2
1
0
0
0
-2
-1
0
0
1
1
2
0
-2
-2
0
1
1
-1
-2
-2
-1
-1
0
0
0
0
0
-3
-3
-3
-3
-3
-2
-3
-3
-2
-3
-2
-1
-3
-2
-3
-1
-2
-1
0
0
0
0
1
-1
0
0
0
-1
-2
-1
-1
0
1
2
1
0
2
1
0
2
-1
-3
-2
-1
-1
0
-1
-1
0
1
0
1
1
-2
-3
-4
-4
-5
-4
-3
-3
0
1
0
0
1
0
1
2
1
0
0
2
1
1
1
0
0
2
4
2
2
3
1
1
3
3
3
3
3
3
3
4
2
3
3
4
2
3
4
2
2
2
2
2
1
1
1
1
1
1
0
0
-1
-1
-1
-1
-1
-2
0
-1
-1
-1
-2
-3
-3
-3
-3
-2
-3
-2
-1
-2
0
1
2
3
3
3
3
2
1
0
0
-1
-1
-2
0
1
0
1
2
3
2
0
-1
0
-2
-3
0
-1
-2
-3
-3
-3
-2
-1
-1
-1
0
0
-1
-2
-3
-2
-4
-4
-4
-5
-4
-2
-2
-1
-1
0
-1
1
0
-1
0
-3
-1
-1
-3
-2
-3
-3
0
1
2
1
1
2
0
-1
0
-2
-3
-1
-1
-1
2
2
2
4
6
4
3
4
3
1
2
2
1
2
2
3
2
1
1
0
0
0
1
1
1
1
2
1
1
1
2
2
1
1
0
0
0
1
-1
-1
1
0
0
-1
-1
0
-1
1
2
3
3
2
1
1
1
2
0
-1
0
-1
0
1
0
0
1
2
3
3
2
1
0
-1
-1
-1
-2
-1
-1
-2
-2
-1
0
-1
-1
0
0
0
-1
-2
-1
0
-1
0
-1
0
0
-1
-2
-2
-2
-1
-2
-3
-2
-2
-1
-1
0
0
-2
-1
-1
-2
-3
-2
-1
-2
-2
-1
0
-1
-2
-3
-3
-3
-3
-3
-2
-1
-1
-1
-2
-1
-1
0
0
1
0
-1
-1
-1
0
1
2
1
0
1
1
0
-1
0
1
1
2
3
3
1
1
3
3
4
3
3
2
3
3
4
4
3
3
2
2
2
4
4
3
4
3
2
3
2
3
4
4
3
3
2
2
0
-1
-1
-1
0
-1
-1
1
0
2
2
0
-2
-2
-1
-1
-1
0
1
0
1
1
1
-1
-2
-1
-1
0
-2
-1
-1
-2
-1
-1
-2
-3
-2
-1
-3
-2
-2
-1
1
1
2
2
0
1
0
2
1
0
-1
0
-1
-1
1
-1
0
-2
-1
0
0
0
1
0
-3
-2
-3
-4
-2
-1
0
-2
0
0
-1
-2
-1
-1
-3
-4
-4
-5
-2
-3
-3
-3
-3
-6
-3
-1
-1
-2
-1
-2
-2
0
-1
-1
-2
-3
-5
-4
-4
-6
-5
-3
-2
0
0
2
3
1
0
1
-2
-2
-1
-1
0
0
0
-1
0
-1
0
1
2
1
2
3
3
3
2
5
3
2
3
1
2
3
3
3
3
4
3
3
4
2
1
3
3
1
1
2
2
1
1
1
1
0
1
2
3
3
2
3
1
2
1
0
0
0
0
1
2
0
1
-1
-1
1
-1
-2
-2
-3
-1
0
1
3
3
2
1
1
1
0
1
-1
-1
-1
-1
-3
-1
0
1
1
0
-1
0
-1
0
-1
-1
-1
-3
-2
0
0
-1
1
0
-1
-2
-2
-3
-2
-1
-1
0
0
0
1
2
2
1
0
-1
-1
0
-2
-1
0
0
0
0
0
0
0
0
-1
0
1
1
2
0
0
0
-2
-1
-1
-1
-1
-3
-1
-1
0
1
0
0
-1
-1
0
-1
-2
-4
-2
-2
-2
0
1
0
1
0
0
0
1
-2
-3
-4
-3
-3
-2
1
2
-1
-1
1
0
1
2
1
1
0
-1
0
1
1
2
1
1
1
1
1
2
3
1
2
3
2
3
2
0
2
1
0
1
1
2
0
2
4
4
3
2
1
0
1
0
0
0
0
0
1
2
2
1
1
1
1
-1
1
2
-1
-1
-2
-3
-1
-2
-1
1
2
-1
-1
-1
-2
-2
-1
-1
-2
-1
-2
-1
-1
-2
-2
-2
-1
-4
-3
-3
-3
-1
0
0
-1
0
-1
-1
-1
-1
-1
1
-1
-1
-2
0
-1
0
-1
-2
-3
-3
-3
-2
-1
-1
-2
-2
-2
-2
-2
-1
1
1
2
3
1
1
1
3
3
2
3
3
3
2
2
5
3
2
2
2
1
2
2
1
2
2
1
1
1
1
0
1
3
1
3
3
2
2
0
1
0
-1
-2
-3
-2
-3
-3
-3
-4
-3
-2
-2
-3
-1
-2
-4
-3
-5
-6
-4
-3
-1
-2
-2
-2
-2
-1
-2
-2
-1
-3
-2
-3
-2
-1
0
-1
0
0
1
2
2
3
4
2
2
3
2
2
0
0
-1
-2
-1
1
1
3
3
4
5
3
2
3
2
2
2
1
0
1
0
1
1
1
0
1
1
-1
-1
0
2
1
4
2
2
2
3
2
3
1
0
1
2
0
0
-1
-1
0
0
0
1
0
0
0
0
1
0
-2
-1
1
1
1
2
2
2
2
2
1
2
0
1
1
2
2
1
0
0
1
-1
-1
-1
0
0
1
2
1
0
-2
-1
-3
-4
-4
-2
0
0
0
-1
0
-3
-5
-6
-5
-4
-3
-2
-2
-1
-1
-1
0
0
0
-1
-1
-3
-4
-5
-8
-6
-7
-5
-5
-4
-1
0
2
4
3
3
1
-1
-3
-4
-4
-4
-2
0
1
1
1
1
3
2
1
3
1
2
1
2
4
7
8
9
9
6
5
2
0
-2
-2
-3
-4
-3
-2
0
2
6
6
3
5
5
4
4
0
-3
-2
-1
2
3
0
-1
1
0
1
1
-1
-1
-1
-2
0
-3
-6
-3
-5
-2
17
30
22
14
5
-9
-9
-1
11
28
26
-5
-25
-27
-29
-30
-33
-45
-58
-59
-63
-54
-22
0
-5
-11
-7
-1
7
18
26
41
47
33
31
48
53
33
16
1
-20
-30
-33
-28
-11
-4
-15
-10
8
15
23
32
25
21
17
2
7
20
19
11
11
2
-1
3
-3
2
12
8
4
12
7
6
13
19
28
47
61
66
72
58
35
24
7
-5
-2
-8
-22
-32
-46
-63
-70
-80
-94
-96
-100
-97
-76
-48
-13
20
42
53
60
56
49
42
29
10
-7
-28
-41
-48
-54
-62
-70
-81
-91
-97
-95
-79
-61
-43
-20
5
29
51
58
62
65
59
44
32
20
5
-3
-15
-27
-18
-10
-13
-5
12
30
50
66
64
62
51
30
30
45
58
57
37
1
-10
13
57
119
170
185
160
118
84
87
113
110
72
23
-41
-99
-136
-156
-166
-178
-212
-246
-226
-166
-101
-40
22
90
145
169
190
234
246
195
128
76
30
-17
-60
-80
-96
-145
-212
-245
-234
-211
-204
-192
-160
-137
-123
-75
4
79
115
96
57
31
-8
-53
-66
-80
-98
-108
-110
-77
-8
27
26
30
20
-1
1
14
36
56
39
11
11
14
3
0
-13
-37
-57
-65
-45
0
41
53
55
47
44
42
57
72
56
6
75
410
769
873
826
744
546
203
-81
50
406
278
-292
-572
-528
-702
-1060
-1108
-904
-1008
-1475
-1550
-791
47
322
551
1055
1377
1337
1308
1626
1916
1559
795
283
97
-128
-479
-807
-1120
-1573
-2152
-2527
-2371
-1954
-1719
-1595
-1306
-730
66
880
1609
2240
2570
2408
2074
1993
1934
1523
790
-145
-920
-1424
-1910
-2023
-1670
-1601
-1886
-2041
-1893
-1390
-783
-400
90
753
1029
1312
2081
2630
2645
2295
1438
559
-29
-718
-1225
-1354
-1711
-2163
-2184
-2003
-1532
-741
-259
-23
388
681
911
1459
1862
2086
2210
1883
1521
1548
1336
904
579
86
528
1960
2457
2244
2246
1529
243
-929
-1178
354
1445
-10
-1558
-1382
-1478
-2759
-3477
-2920
-2600
-3946
-5473
-3952
-414
1141
1493
3049
4492
4345
3532
3950
5431
4986
2311
443
-40
-737
-1785
-2402
-2758
-3675
-5370
-6620
-6283
-5073
-4232
-3590
-2805
-1783
-114
1661
3229
5001
6196
6018
5097
4393
4126
3370
1390
-785
-2177
-3484
-4894
-5006
-3862
-3191
-3579
-4033
-3517
-2231
-1289
-518
875
1996
2128
2338
3411
4608
4880
3995
2537
1102
-345
-1707
-2521
-2904
-3492
-4208
-4582
-4120
-2720
-1191
-136
678
1340
1849
2370
3056
3989
4523
4047
2964
2169
1576
945
258
-372
-988
-1555
-474
2275
3967
4151
3990
3175
1786
120
-34
2351
3292
665
-1672
-1611
-1727
-3562
-4804
-4061
-3936
-6243
-7928
-5332
-1019
433
722
2823
4885
4815
4223
5715
7764
6550
3162
1345
935
-202
-1949
-2866
-3264
-4805
-7125
-8049
-7003
-5648
-5186
-4809
-3724
-2151
-303
1706
3946
6031
6889
6457
5726
5659
5962
4833
2336
445
-1475
-4063
-5568
-5611
-4929
-4432
-5192
-5471
-3725
-2414
-2082
-610
926
1076
1346
2149
3421
5284
5513
4177
3465
2260
272
-865
-1733
-2848
-3851
-5102
-5595
-4417
-2866
-1635
-331
835
1676
2277
2777
3626
4258
3879
3097
2461
2099
1887
1103
314
-340
-1564
-2551
-1947
899
4230
5272
4855
4461
3612
2125
879
2047
4300
3197
-348
-1972
-1607
-2389
-4851
-5998
-5541
-6702
-9349
-9195
-4702
-572
90
903
3852
5923
5802
6018
8144
9145
6228
2566
1605
1573
-22
-2302
-3404
-4263
-6678
-9126
-9068
-7180
-6301
-6677
-6056
-3964
-1629
572
3157
6143
8190
8310
7721
7716
7849
6546
3612
725
-1650
-3986
-5761
-6435
-5957
-5366
-5829
-5976
-4571
-2713
-1339
-192
1073
2070
2369
2904
4342
5748
6067
5181
3725
2267
694
-1039
-2491
-3689
-5107
-6302
-6551
-5678
-3782
-1776
-303
1065
2476
3469
4186
4888
5316
4947
3768
2522
1769
1187
362
-414
-990
-1635
-2231
-2446
-2169
-1732
-1699
-1911
-1568
-335
2115
5569
8147
8876
8793
7796
5771
3721
2401
2063
696
-3104
-6377
-7136
-7382
-8390
-8911
-7887
-7101
-8092
-8120
-4558
11
1986
2573
4731
7352
7883
7572
8804
10105
8130
3948
1515
813
-1081
-4177
-6004
-6493
-7874
-10012
-10060
-7731
-5928
-5668
-4848
-2365
318
2183
4402
7276
8946
8508
7428
7100
7045
5836
3378
831
-1850
-4782
-7027
-7858
-7297
-6526
-6507
-6276
-4896
-2982
-1139
612
2170
3305
3751
3761
4533
5985
6334
5156
3444
1627
-279
-2275
-3860
-4684
-5336
-6235
-6490
-5050
-2694
-790
682
2117
3134
3516
3739
4150
4487
4121
3017
2133
2035
1977
1726
1508
735
-629
-2101
-3183
-3417
-2932
-1848
674
4023
6142
6986
7441
7035
5644
3792
2812
3173
2028
-1495
-4017
-4722
-5846
-7852
-8835
-8062
-7705
-8836
-8527
-4827
-794
759
2036
5042
7550
7754
7614
9158
10156
7777
4077
2269
1251
-1215
-4228
-5722
-6340
-8301
-10480
-9997
-7770
-6440
-5875
-4442
-1966
211
1905
4412
7418
9065
9069
8676
8342
7322
5065
2188
-530
-3136
-5631
-7520
-8322
-8140
-7778
-7395
-6279
-4372
-2420
-648
1132
2780
4019
4797
5279
5958
6332
5518
4207
2965
1335
-615
-2410
-3864
-5057
-6290
-7198
-7032
-5731
-4027
-2313
-41
2302
3741
4763
5716
6256
6260
5556
4505
3772
2852
1404
189
-599
-1490
-2319
-2890
-3035
-2293
-947
1506
4659
6018
6053
5807
4622
3472
2599
2571
3490
2153
-1055
-2880
-3645
-5083
-7325
-8687
-8656
-9315
-10278
-8551
-3852
367
2119
3867
7030
9091
8967
8964
10009
9459
5794
2110
902
131
-2285
-4985
-6192
-7159
-9413
-10916
-9432
-6892
-5963
-5842
-4128
-1101
1353
3604
6728
9645
10471
9458
8684
8473
6968
3800
399
-2571
-5470
-8058
-9218
-8793
-8060
-7787
-7193
-5375
-2895
-781
1221
3177
4317
4695
4865
5387
6014
5590
4183
2646
1024
-656
-2028
-3134
-4324
-5706
-6981
-7321
-6267
-4496
-2646
-701
1048
2505
3919
5423
6575
7002
6594
5422
4232
3077
1772
694
-534
-2116
-3374
-4153
-3655
-1793
536
3671
6015
6243
6256
5863
4983
4620
3744
3073
2692
473
-2175
-3412
-4345
-5952
-8162
-9648
-9938
-10054
-9591
-7126
-3027
270
1957
4148
7365
9637
10132
10172
10297
8840
5483
2577
1146
-404
-3194
-6118
-7634
-8628
-10165
-10704
-9318
-7630
-6921
-6005
-3489
-97
2663
4825
7382
9862
10551
9924
9683
8963
6611
3105
-559
-3269
-5460
-7884
-9215
-9039
-8772
-8526
-7264
-4729
-2102
-178
1401
2891
4244
4883
4946
5493
5838
4843
3404
2312
1169
-263
-1936
-3706
-5122
-6276
-7290
-7199
-5746
-4061
-2511
-707
1285
3181
4628
5680
6423
6668
6175
5091
4215
3226
1565
52
-1072
-2025
-2649
-3168
-3092
-1784
554
3995
7036
7955
7939
7168
5162
3339
2365
2700
2825
60
-3140
-4116
-4865
-6714
-8555
-8872
-8624
-9918
-10594
-7379
-2153
915
2091
4729
8298
9532
8963
9700
10931
8975
4319
1253
637
-861
-4210
-6427
-6716
-7878
-10321
-10780
-8334
-6263
-6500
-6124
-3271
-290
1754
4078
7383
10122
9993
8813
9028
8545
5855
2152
-1266
-4047
-6889
-9071
-9190
-7980
-7078
-6565
-4808
-1811
572
2013
3238
4051
3924
3197
2887
3329
3552
2741
1605
946
161
-1004
-2162
-3454
-5085
-6749
-7589
-6854
-5047
-2937
-760
1300
3107
4575
5827
6885
7164
6332
4969
3724
2710
1677
625
-404
-1606
-2620
-3222
-2393
171
3115
5946
7523
7662
7303
5766
4237
3496
2555
1726
-64
-2668
-4177
-5287
-6443
-7595
-8830
-9475
-9913
-9666
-7501
-3914
-240
2340
4424
6910
8749
9726
10344
10338
9128
6158
2816
579
-1455
-3989
-6462
-8288
-9446
-10516
-10773
-9315
-7449
-6112
-4778
-2875
-263
2201
4071
6338
8482
9429
10033
10507
10048
8580
5607
1606
-1727
-4912
-8004
-9522
-10151
-10374
-9474
-7836
-5328
-1995
938
3085
4786
5827
5860
5469
5077
4334
3260
1887
488
-333
-1015
-2283
-3556
-4410
-5482
-6823
-7345
-6673
-5295
-3786
-2091
269
2648
4498
5872
6881
7671
7399
5862
4662
3553
1590
-114
-1668
-3032
-3790
-4422
-3019
1463
5641
7635
8717
9040
7785
5369
3448
3520
3917
1232
-2727
-4116
-4264
-5779
-7716
-8255
-8049
-9526
-11554
-9942
-5130
-1657
-339
2016
6008
8608
9044
10246
12532
12034
7793
3900
2519
865
-3002
-6590
-7864
-9195
-11955
-12919
-10469
-7682
-6977
-6595
-4072
-645
1426
3357
6876
10028
10308
9511
10270
10920
9249
6069
3076
419
-3373
-7637
-9602
-9696
-10213
-10830
-9462
-6212
-3316
-845
2199
5254
7130
7132
6743
7112
6513
4410
2335
855
-646
-2655
-4349
-4829
-5198
-6340
-7380
-7284
-6416
-5814
-4922
-2971
-478
1650
3376
5378
7327
8243
8014
7423
6938
5665
3448
1268
-777
-2837
-4825
-5320
-2915
1380
4725
6369
7884
8237
6759
5292
4628
4934
3606
-649
-3635
-4329
-5136
-6473
-7591
-7528
-7967
-9974
-10185
-6949
-2954
-1025
6
2949
6351
7844
8828
10873
12147
9937
5662
3245
2307
-322
-4208
-6808
-8188
-10324
-12474
-11970
-9376
-7782
-7753
-6602
-3321
-149
2072
4943
8337
10274
10045
9752
10777
10732
8296
5097
2132
-945
-4722
-8128
-9619
-10206
-10936
-10832
-8890
-5610
-2512
323
3379
5826
7101
7544
7834
7783
6625
4672
2627
824
-1075
-3203
-4697
-5740
-7010
-7980
-8179
-7484
-6522
-5726
-4222
-2137
21
2256
4420
6734
8211
8227
8002
7593
6671
5151
2803
605
-1717
-4222
-4628
-2031
1751
4083
5203
6388
6560
5656
4825
5178
5866
3357
-932
-2864
-3256
-4266
-6024
-6837
-6560
-8099
-10411
-9568
-5759
-2675
-1913
-518
3010
5751
6764
8474
11339
12120
9026
5616
4479
3047
-621
-4458
-6389
-8174
-11347
-13162
-11713
-9511
-9065
-9082
-6958
-3466
-1019
1261
4976
8484
9791
9844
10649
11809
11011
8070
5336
2925
-565
-4289
-6807
-8248
-9836
-11471
-11375
-9292
-6559
-4049
-1340
2188
4731
5772
7148
8386
8564
7605
5984
4693
3201
910
-1370
-3151
-4826
-6850
-8515
-8676
-8057
-7708
-6923
-5034
-2747
-704
1379
3772
5853
7012
7538
7928
8263
7556
5679
3770
1847
-579
-2697
-2793
-270
2142
2922
3906
4784
4495
3525
3122
4787
5627
2770
-529
-1589
-2030
-3799
-5865
-5845
-5706
-8104
-10185
-8370
-4404
-2576
-2407
-231
3295
4862
5173
7478
10815
10683
7352
5389
5352
3634
-510
-3565
-4739
-7365
-11332
-12685
-10849
-9442
-10084
-9772
-6718
-3655
-2129
199
4338
7451
7819
8452
10655
11575
10223
7573
5428
3676
91
-3204
-4307
-5710
-8327
-10362
-10041
-8433
-7300
-5667
-2996
87
2244
3489
5970
8264
8310
7356
6559
5787
4034
1761
197
-1468
-3708
-6030
-7554
-7647
-7627
-7857
-7031
-5299
-3514
-1780
540
3169
4888
5654
6241
6868
7081
6576
5464
3863
1890
-599
-2074
-345
2446
3695
4457
4963
4758
3858
2678
3567
5344
3726
-128
-2479
-2972
-3927
-6051
-6627
-5697
-6616
-8804
-8384
-4345
-863
-516
-66
2594
4720
4789
5544
8532
10367
8283
5464
5190
5135
2390
-1388
-3501
-5383
-9207
-12526
-12267
-10330
-10107
-10602
-8724
-5132
-2498
-521
2744
6672
8297
7769
8437
10183
9954
7615
5629
4430
2084
-1395
-3740
-4600
-5999
-8600
-9906
-8668
-7182
-6376
-4680
-1704
885
2077
3413
5813
7399
7000
5967
5507
4828
2933
900
-251
-1500
-3708
-5859
-6513
-6268
-6621
-6783
-5703
-4038
-2593
-1162
1149
3507
4705
5158
5465
6033
6002
5008
4244
3229
1105
-1176
-1989
-186
2053
2903
3922
4975
4982
4204
3799
5314
6479
4217
627
-1170
-1901
-3916
-6288
-6568
-6381
-8180
-10154
-8918
-4796
-2024
-1411
277
3331
4945
4793
6120
9359
10186
7635
5751
6034
5610
2661
-261
-1537
-4007
-8488
-11591
-11480
-10582
-11558
-12408
-10381
-7384
-5447
-3025
1367
5787
7369
7515
9037
10753
10276
8296
6965
5906
3161
-352
-2424
-3279
-4901
-7574
-8807
-8032
-7381
-7049
-5419
-2562
-376
545
1758
3890
5557
5738
5459
5673
5402
3967
2394
1475
595
-1412
-3831
-5012
-5597
-6359
-6718
-6108
-4519
-3130
-1949
211
2747
4472
5318
5586
5743
5464
4274
3056
2248
876
-1104
-1777
-65
1978
2968
3970
4965
5129
4375
3919
5399
6695
4671
1203
-517
-1377
-3529
-5722
-5997
-5881
-7782
-10254
-9472
-5953
-3793
-3270
-1511
1650
3510
3708
5605
9458
10885
8977
7445
7846
7428
4552
1826
501
-2061
-6616
-10130
-10564
-10125
-11425
-12649
-11307
-9034
-7669
-5646
-1525
2658
4443
4943
6661
8885
9239
8382
8175
7744
5569
2599
876
136
-1671
-4589
-6562
-6944
-7281
-7836
-6741
-4172
-2507
-1928
-849
1165
2844
3377
3731
4340
4276
3129
1919
1781
1723
360
-1392
-2387
-2924
-3692
-4420
-4006
-2898
-2494
-2290
-1198
733
2469
3193
3683
4380
4323
3374
2506
2255
1719
-33
-1835
-1877
-239
1224
2218
3834
5168
5194
4599
4951
6884
7701
5703
3161
1410
-413
-2875
-4835
-5215
-5841
-8258
-10287
-9610
-7103
-5400
-4625
-2767
-404
514
1042
3560
7277
8998
8397
8178
8970
8781
7223
5902
4870
2145
-2365
-6060
-7462
-8239
-9962
-11169
-10774
-10094
-9782
-8480
-5348
-2124
-718
-2
1549
3349
4592
5411
6374
6993
6256
4863
4141
3981
3302
1731
112
-1194
-2629
-3696
-3777
-3092
-2648
-3014
-3371
-3068
-2294
-1414
-736
-193
-4
-525
-1028
-725
13
273
-82
-453
-661
-853
-664
52
851
1124
967
1109
1789
2564
3003
3132
3143
2613
1596
1067
1060
587
-708
-2160
-3039
-2930
-1552
341
2140
3721
4338
4408
4937
5879
7097
7654
6526
4513
2533
953
-333
-1757
-2943
-4125
-6057
-7808
-8001
-6681
-5383
-5092
-4933
-4309
-3560
-2587
-761
1928
3945
4331
4363
5247
6373
6539
5895
5277
3998
1542
-753
-1536
-1413
-2031
-3309
-4047
-4291
-4677
-4981
-4540
-3635
-3623
-4590
-4949
-4037
-2967
-2322
-1260
123
645
369
592
1775
2802
2718
2153
2015
2115
1975
2112
2999
3616
3075
2070
1608
1603
1203
189
-700
-1554
-3000
-4408
-4860
-4430
-4073
-4281
-4282
-3611
-2946
-2485
-1754
-616
401
655
852
1830
3118
3996
4475
5010
5540
5426
4658
3888
3177
1930
146
-979
-834
-378
-233
151
1023
1705
1751
1796
2669
3491
2918
1621
882
467
-394
-1503
-1813
-1432
-1723
-2502
-2440
-1469
-901
-1339
-1599
-1104
-933
-1445
-1364
-197
781
739
616
1289
1770
1288
657
501
372
-352
-1207
-1205
-838
-1030
-1393
-1358
-996
-989
-1411
-1352
-1021
-1109
-1273
-1166
-853
-603
-574
-283
215
245
-28
-126
-177
-387
-752
-1053
-1081
-1192
-1315
-1015
-495
0
314
601
916
921
653
512
388
183
-105
-403
-423
-387
-521
-502
-295
-196
-414
-753
-771
-707
-837
-829
-605
-291
86
368
935
1843
2449
2609
2566
2428
2045
1317
706
468
188
-298
-610
-541
-210
177
528
1040
1572
1746
1656
1603
1606
1402
844
324
86
-136
-240
-93
184
453
458
409
607
814
915
859
733
643
353
-68
-220
-243
-379
-701
-1031
-1051
-966
-782
-449
-196
-14
-91
-474
-682
-697
-856
-1118
-1324
-1469
-1607
-1666
-1488
-1006
-426
149
556
834
1099
1145
992
769
375
-221
-882
-1488
-1835
-1950
-1957
-1903
-1793
-1505
-1108
-889
-706
-436
-367
-535
-759
-700
-404
-273
-234
-97
156
268
49
-66
87
-64
-653
-1073
-999
-748
-731
-543
160
882
1252
1528
2016
2514
2392
1827
1461
1308
859
94
-316
-433
-674
-869
-646
-69
352
531
794
1085
1236
1198
1188
1314
1277
1069
1008
1104
1113
1008
984
1022
902
681
650
757
704
541
449
321
8
-258
-279
-199
-200
-237
-130
111
256
271
423
557
234
-260
-554
-637
-734
-1005
-1111
-1078
-1286
-1501
-1368
-901
-379
-24
265
706
1063
1096
1047
1062
792
64
-678
-1188
-1548
-1903
-2248
-2356
-2253
-2134
-1841
-1303
-664
-222
-118
-56
118
250
264
196
176
145
-61
-254
-240
-143
-302
-783
-1291
-1612
-1860
-2062
-1983
-1509
-959
-635
-286
360
1081
1457
1584
1806
1865
1534
1055
755
576
180
-321
-491
-379
-222
-93
131
540
731
609
696
1057
1231
1165
1146
1241
1174
912
833
1009
1015
787
615
633
766
726
540
534
430
25
-323
-301
-39
118
208
516
782
760
712
730
669
374
-80
-402
-551
-690
-881
-946
-897
-976
-1070
-900
-532
-208
-20
281
729
986
1137
1407
1537
1278
782
241
-228
-739
-1306
-1749
-1977
-2143
-2237
-2009
-1441
-915
-610
-264
117
381
458
498
591
517
150
-87
-60
-76
-234
-529
-826
-1085
-1509
-1902
-1943
-1773
-1574
-1408
-1084
-568
-140
190
510
737
887
831
587
406
302
55
-246
-422
-453
-320
-106
84
315
507
511
453
507
734
903
856
855
997
1067
1071
1111
1243
1320
1133
854
781
814
662
385
253
231
14
-271
-260
-11
199
239
344
637
782
664
536
531
518
282
-3
-28
-33
-260
-589
-791
-842
-1001
-1211
-1157
-897
-647
-413
-12
622
1059
1188
1215
1156
908
343
-349
-747
-1047
-1407
-1551
-1438
-1159
-932
-790
-449
-28
108
154
252
358
355
161
24
63
87
-55
-97
-40
-172
-481
-779
-955
-1116
-1302
-1353
-1221
-1056
-933
-753
-412
-93
-32
-37
121
231
151
69
122
106
-121
-327
-174
102
218
291
407
480
386
284
407
655
736
654
694
956
1114
1130
1267
1507
1501
1199
977
923
764
489
274
199
99
-165
-357
-273
-149
-216
-327
-272
-148
-171
-193
18
234
276
269
394
620
640
485
356
206
-81
-394
-583
-599
-603
-744
-709
-382
-103
47
199
366
390
104
-278
-550
-830
-1074
-1235
-1263
-1153
-1068
-1040
-794
-424
-149
55
241
489
615
541
447
461
464
353
200
125
58
-176
-463
-610
-622
-730
-921
-901
-732
-661
-637
-558
-466
-480
-609
-689
-634
-524
-454
-309
-13
238
356
518
729
822
799
779
755
661
508
409
426
412
351
336
404
485
532
668
884
1007
1033
1008
1018
982
817
732
731
639
435
254
213
171
-57
-281
-399
-556
-778
-930
-869
-670
-591
-537
-304
29
210
279
427
544
420
154
-1
-6
-96
-292
-328
-254
-205
-199
-152
98
289
193
61
-21
-192
-461
-653
-689
-732
-871
-966
-912
-716
-482
-236
72
364
514
555
578
645
650
561
506
430
274
71
-80
-173
-250
-341
-427
-453
-420
-378
-360
-312
-372
-545
-718
-869
-1003
-1087
-1167
-1188
-1106
-982
-711
-311
69
333
511
625
672
658
638
665
644
546
472
458
530
608
662
769
856
797
736
750
735
656
566
494
457
374
306
359
454
458
356
236
138
-57
-290
-381
-432
-502
-590
-577
-436
-302
-185
-18
119
185
218
248
307
298
191
102
61
13
-45
-130
-166
-216
-317
-371
-397
-446
-530
-628
-700
-767
-821
-889
-969
-942
-873
-787
-577
-266
16
266
448
541
646
707
696
621
507
375
168
-57
-198
-249
-302
-352
-312
-157
27
151
242
312
310
225
111
21
-71
-265
-499
-573
-559
-523
-400
-172
18
92
86
97
179
222
222
261
403
516
569
700
914
1048
1053
1047
1015
910
706
498
414
334
233
175
160
187
191
195
202
156
0
-193
-336
-431
-478
-489
-397
-340
-308
-203
-82
-35
-64
-171
-317
-452
-580
-577
-519
-413
-305
-207
-62
77
99
89
75
-59
-281
-476
-581
-666
-733
-717
-721
-740
-760
-807
-818
-822
-849
-823
-718
-554
-336
-111
160
471
709
914
1048
1059
970
788
523
200
-85
-344
-570
-705
-727
-692
-592
-460
-312
-154
-33
66
160
282
352
333
329
373
411
426
473
561
548
360
193
125
113
78
60
187
357
460
606
856
1125
1275
1294
1301
1241
1065
841
677
571
411
212
111
151
188
200
251
261
177
23
-131
-157
-184
-259
-271
-208
-125
-64
-13
68
84
-64
-255
-453
-612
-759
-893
-890
-815
-735
-623
-469
-281
-117
-15
27
16
-32
-127
-234
-299
-325
-410
-560
-720
-866
-1013
-1151
-1249
-1250
-1220
-1159
-1048
-883
-600
-311
-31
270
553
699
742
711
627
518
305
82
-118
-294
-439
-567
-581
-541
-526
-474
-339
-182
-13
110
221
309
350
374
400
441
438
353
228
130
-26
-189
-243
-207
-134
-8
129
326
579
800
1031
1258
1413
1459
1362
1316
1313
1196
1038
913
802
617
409
309
316
236
55
-57
-91
-137
-178
-80
87
206
248
303
510
609
506
398
287
79
-222
-391
-435
-506
-612
-655
-558
-467
-408
-324
-174
-61
-100
-152
-98
-55
-111
-190
-193
-206
-330
-475
-576
-699
-951
-1217
-1379
-1462
-1489
-1478
-1395
-1200
-988
-773
-452
-68
223
356
407
370
272
142
-46
-217
-392
-571
-705
-756
-707
-589
-480
-375
-215
-77
35
173
305
395
427
443
487
538
533
455
369
258
88
-46
-85
-48
-33
-25
100
266
410
620
853
1074
1175
1196
1219
1251
1216
1127
1011
901
753
534
400
354
246
85
-47
-115
-178
-252
-192
-52
84
192
353
561
716
757
725
665
528
292
64
-63
-200
-372
-493
-513
-506
-459
-375
-250
-140
-129
-151
-134
-164
-207
-241
-284
-289
-315
-372
-400
-477
-587
-699
-815
-893
-972
-1051
-1084
-1071
-977
-823
-650
-397
-101
120
259
361
392
296
114
-104
-319
-526
-737
-873
-887
-802
-738
-618
-392
-165
-22
89
227
341
387
395
456
510
451
327
272
222
142
58
36
67
50
27
88
217
329
431
568
726
814
865
907
941
935
846
775
714
615
495
405
331
238
156
75
8
-54
-73
-75
-44
31
127
287
411
486
563
606
596
552
489
397
256
42
-155
-299
-417
-492
-464
-395
-306
-205
-117
-45
2
-14
-73
-139
-236
-309
-370
-406
-457
-565
-656
-727
-770
-771
-793
-833
-866
-927
-912
-838
-714
-527
-323
-146
-36
64
177
224
135
9
-154
-323
-515
-678
-717
-700
-682
-619
-472
-249
-55
68
211
342
385
378
408
474
472
366
260
206
135
74
54
45
39
-1
-32
33
127
206
330
441
554
674
747
832
864
811
736
630
532
492
451
419
399
336
261
187
140
132
107
47
23
23
60
121
178
273
331
352
377
431
460
437
384
291
154
-26
-142
-185
-212
-219
-216
-154
-82
-24
43
100
99
39
-53
-117
-138
-248
-376
-498
-614
-696
-732
-701
-634
-640
-693
-703
-672
-641
-562
-476
-392
-351
-318
-232
-171
-138
-138
-170
-231
-311
-385
-399
-401
-414
-422
-423
-370
-294
-245
-117
-12
51
156
243
309
327
307
251
154
65
31
4
-23
-42
-59
-29
19
55
117
219
262
296
341
396
429
394
386
384
322
261
255
280
321
338
336
344
342
291
274
277
276
237
203
230
249
257
256
266
256
220
208
253
282
258
267
267
254
208
177
183
170
104
30
5
-8
-14
-20
-14
2
-9
-16
5
27
2
-66
-160
-247
-285
-325
-342
-349
-356
-362
-404
-404
-365
-329
-322
-326
-318
-322
-341
-347
-347
-326
-311
-351
-351
-274
-212
-203
-200
-162
-150
-189
-189
-140
-97
-83
-72
-11
67
98
90
86
82
28
-64
-103
-103
-112
-147
-122
-34
38
83
139
238
285
259
227
229
209
174
129
123
126
92
110
160
232
270
256
235
218
146
75
47
27
27
8
16
86
169
177
167
188
191
193
185
228
267
263
237
234
264
274
218
167
135
43
-56
-106
-130
-159
-202
-238
-213
-172
-131
-73
-34
12
-10
-60
-66
-58
-78
-136
-171
-177
-221
-265
-226
-206
-209
-221
-233
-230
-267
-317
-343
-338
-347
-360
-329
-265
-184
-123
-88
-35
-11
-41
-102
-101
-64
-66
-77
-79
-43
-23
-17
5
58
69
30
19
65
127
129
124
161
213
250
264
306
342
288
198
149
127
85
42
27
74
99
109
157
240
323
327
308
283
254
160
49
12
-20
-100
-157
-146
-122
-129
-130
-86
-22
14
34
84
150
198
200
230
282
282
233
193
177
155
94
26
-28
-79
-134
-177
-165
-153
-173
-166
-152
-113
-66
-59
-54
-15
-35
-97
-122
-148
-152
-185
-216
-201
-182
-193
-221
-219
-211
-232
-271
-255
-206
-182
-156
-94
5
76
89
95
118
97
11
-79
-119
-179
-257
-302
-287
-277
-272
-239
-202
-137
-101
-80
-7
50
55
100
159
209
240
260
292
296
281
243
191
142
85
31
41
65
69
98
141
195
265
297
309
316
277
226
198
173
132
87
45
21
-11
-22
-14
9
31
46
61
93
133
161
184
203
218
192
180
195
207
194
159
113
70
35
8
-5
-25
-53
-79
-104
-106
-77
-83
-94
-92
-105
-120
-158
-166
-148
-164
-189
-195
-211
-229
-271
-306
-322
-340
-367
-358
-306
-267
-232
-171
-98
-39
3
34
65
70
28
-10
-30
-91
-160
-207
-247
-267
-279
-277
-264
-256
-233
-213
-183
-114
-83
-73
-37
12
58
113
188
234
227
201
177
146
110
82
83
84
60
61
85
126
147
174
205
203
172
154
170
162
152
146
140
147
139
144
177
170
157
149
141
149
139
142
146
132
104
62
52
64
66
64
76
64
40
48
82
104
98
98
100
69
47
64
85
97
86
53
40
10
-26
-59
-78
-93
-148
-186
-191
-210
-254
-263
-258
-240
-228
-210
-158
-112
-74
-38
-12
16
28
38
58
43
38
25
-5
-27
-37
-93
-135
-158
-202
-213
-220
-224
-218
-238
-223
-196
-175
-150
-126
-115
-78
-29
5
13
18
21
4
-2
-5
0
-20
-35
-46
-44
-37
-30
-4
10
-3
1
3
1
14
15
-8
-1
9
19
58
88
137
139
151
191
200
189
182
154
119
84
43
18
-3
-41
-71
-63
-57
-42
14
72
112
142
158
182
199
191
172
198
196
191
202
208
205
196
162
132
98
51
3
-41
-76
-128
-172
-194
-165
-156
-130
-78
-32
-3
14
22
42
54
28
38
61
65
64
73
77
83
60
23
7
-13
-56
-124
-150
-179
-214
-231
-217
-187
-170
-155
-151
-105
-54
-49
-54
-36
-26
-35
-36
-17
21
34
7
7
34
31
19
30
33
2
-42
-68
-78
-95
-140
-156
-150
-145
-134
-104
-28
7
30
68
133
182
189
192
189
167
130
75
56
30
-31
-85
-106
-102
-112
-101
-71
-31
2
13
66
114
129
123
124
131
117
84
92
102
89
68
65
75
67
37
15
6
-45
-94
-141
-159
-153
-143
-116
-67
-19
1
21
50
84
81
65
66
51
42
28
29
52
52
40
37
37
36
12
-32
-75
-120
-157
-175
-164
-138
-131
-111
-80
-52
-35
-22
-8
-2
-8
-12
1
15
42
55
85
99
92
88
107
100
76
43
-5
-41
-87
-126
-147
-147
-150
-173
-157
-110
-86
-61
-28
-10
11
22
55
95
122
126
130
133
116
101
75
43
13
-23
-48
-28
-15
-9
9
37
60
81
120
150
147
136
123
99
81
67
69
68
50
44
28
27
37
26
0
-19
-67
-107
-123
-124
-111
-116
-104
-88
-53
-25
17
66
98
97
83
93
84
74
39
7
-18
-58
-105
-132
-137
-150
-182
-221
-225
-210
-209
-188
-151
-104
-88
-77
-79
-70
-51
-84
-92
-59
-53
-63
-27
19
56
70
76
84
100
60
24
29
16
-30
-64
-70
-53
-28
-31
-11
21
32
15
28
65
66
61
65
96
132
131
134
163
186
165
152
146
127
80
33
9
3
-20
-39
-33
-14
10
1
26
60
65
56
60
82
82
66
67
73
54
36
41
61
67
52
30
2
-18
-40
-62
-57
-74
-85
-93
-100
-76
-61
-47
-16
19
27
35
73
110
119
92
73
73
52
-9
-37
-46
-80
-133
-143
-132
-106
-114
-103
-51
-30
-33
-28
1
-10
-38
-55
-49
-49
-51
-51
-29
-1
13
42
67
92
86
50
19
-18
-44
-65
-62
-51
-52
-47
-31
-20
-12
0
-13
-8
-22
-41
-35
-13
-7
4
21
22
47
69
59
60
56
25
-1
-23
-42
-57
-72
-73
-63
-44
-12
1
15
17
24
31
16
35
25
17
31
20
18
30
49
55
52
36
11
4
-17
-33
-57
-79
-100
-138
-129
-114
-91
-75
-50
-10
13
36
62
89
103
98
83
86
79
53
44
23
-13
-51
-74
-99
-114
-100
-84
-72
-63
-41
-33
-15
6
-1
11
26
11
10
31
35
62
70
85
136
141
137
144
144
127
81
47
53
26
3
3
14
11
19
46
71
72
58
61
52
44
42
50
60
63
65
83
96
106
100
89
78
48
25
-5
-17
-26
-46
-49
-45
-47
-46
-57
-64
-71
-83
-84
-72
-70
-72
-85
-71
-57
-45
-31
-37
-42
-66
-86
-97
-95
-114
-150
-181
-205
-212
-208
-206
-176
-144
-129
-113
-67
-31
-20
-19
-20
-14
-12
-29
-47
-31
-42
-61
-65
-60
-44
-60
-66
-46
-46
-42
-39
-42
-36
-35
-45
-49
-32
-19
-13
16
62
87
89
102
101
117
105
92
97
107
100
96
117
113
92
74
74
63
56
58
61
66
63
54
72
107
123
129
152
154
137
144
134
143
146
133
138
141
139
153
161
151
147
147
138
124
104
85
59
49
60
50
58
50
37
33
23
9
-9
-24
-25
-31
-29
-24
-49
-57
-63
-103
-140
-158
-167
-186
-198
-184
-183
-177
-162
-137
-101
-81
-77
-79
-69
-73
-98
-111
-129
-157
-184
-182
-173
-171
-161
-147
-144
-125
-122
-127
-126
-127
-134
-143
-127
-115
-114
-102
-74
-50
-37
-9
-5
-8
-7
-10
-9
-3
24
48
37
35
39
37
43
44
50
41
32
28
26
29
28
32
51
71
85
85
98
94
80
89
96
114
142
153
157
160
162
174
182
193
204
202
189
192
169
167
153
139
132
119
127
125
124
135
156
149
143
132
125
118
111
95
81
56
22
-16
-37
-50
-89
-105
-105
-118
-131
-127
-119
-94
-103
-94
-67
-57
-39
-44
-58
-60
-105
-146
-163
-182
-202
-229
-219
-201
-189
-177
-161
-154
-165
-182
-189
-192
-188
-161
-141
-115
-88
-81
-50
-35
-23
-38
-41
-59
-68
-79
-84
-73
-68
-64
-62
-30
-12
-3
14
28
18
6
0
-16
-1
16
18
47
72
78
97
99
107
113
101
78
85
101
119
141
154
170
171
182
199
208
198
173
136
112
90
78
89
93
103
105
127
150
154
154
149
158
147
122
127
139
119
81
48
14
-7
-30
-59
-66
-63
-93
-108
-91
-79
-87
-82
-58
-37
-34
-31
-23
-34
-50
-80
-109
-128
-153
-180
-182
-187
-189
-206
-202
-182
-171
-165
-151
-137
-138
-139
-106
-89
-92
-82
-95
-88
-85
-90
-95
-92
-102
-108
-105
-94
-79
-82
-66
-66
-35
-16
-17
13
16
-3
-3
-17
-25
-12
1
9
12
19
22
32
45
61
80
85
91
113
136
158
179
200
204
218
219
207
194
194
178
156
163
158
147
150
154
131
132
136
155
178
179
166
169
158
196
263
250
204
138
45
-89
-65
-86
-71
17
-4
-92
-164
-138
-153
-56
-29
-5
20
-41
-58
-15
6
-25
-36
-66
-105
-132
-128
-166
-171
-215
-288
-298
-289
-301
-269
-245
-255
-212
-133
-106
-67
-19
-61
-84
-86
-110
-110
-87
-106
-129
-113
-97
-91
-57
-35
-44
-54
-70
-86
-58
-38
-33
-4
-4
-7
19
28
35
52
39
24
24
15
19
45
53
45
65
74
88
113
140
157
163
181
202
207
238
234
211
208
202
179
157
147
136
116
109
103
103
122
135
139
151
156
166
163
149
126
110
90
72
72
58
52
20
14
12
8
17
5
-15
-24
-38
-35
-21
-30
-43
-47
-56
-67
-68
-78
-70
-74
-103
-119
-145
-168
-176
-182
-171
-157
-137
-137
-121
-120
-114
-100
-109
-110
-124
-127
-142
-136
-121
-123
-112
-106
-105
-111
-121
-126
-124
-118
-123
-114
-94
-98
-77
-75
-73
-82
-67
-55
-59
-50
-45
-49
-53
-52
-33
-21
-28
-11
-3
1
-3
25
47
46
56
64
76
81
92
109
103
110
114
111
117
117
120
130
123
121
120
114
118
110
103
112
134
151
154
156
131
107
93
78
94
94
83
79
81
61
61
75
63
65
59
77
56
62
53
24
12
-13
-5
7
-10
-21
-24
-41
-80
-88
-82
-74
-44
-44
-48
-42
-37
-49
-43
-31
-39
-51
-64
-77
-78
-84
-101
-97
-100
-89
-81
-56
-56
-64
-70
-97
-81
-86
-85
-80
-65
-60
-60
-36
-23
-34
-44
-34
-54
-58
-53
-73
-64
-44
-41
-28
-1
16
21
10
4
14
16
26
32
32
42
43
47
50
54
53
57
68
74
75
64
45
30
24
32
21
27
56
58
60
68
71
54
51
55
40
42
56
64
65
70
63
58
59
51
42
50
63
34
32
32
13
13
11
1
-5
-10
-13
-22
-28
-31
-33
-27
-29
-24
-27
-23
-16
-9
-18
-9
-5
-22
-18
-27
-43
-35
-38
-42
-46
-31
-32
-25
-20
-21
-23
-30
-46
-71
-68
-70
-67
-72
-53
-48
-45
-25
-26
-27
-36
-38
-44
-43
-36
-45
-40
-30
-28
-16
-1
-12
-1
-10
-18
-14
-19
-12
1
13
13
14
24
34
26
25
11
17
11
4
25
41
51
39
25
50
44
32
36
28
19
23
31
44
57
53
46
45
49
58
53
50
40
20
20
21
33
38
36
37
30
22
23
31
32
26
7
2
-9
-18
-16
-7
-6
-8
-9
-25
-25
-26
-43
-27
-28
-5
-18
-12
-2
-10
0
-7
-3
0
-15
-15
-7
1
-1
-12
-7
5
-8
-24
-20
-24
-32
-52
-69
-73
-67
-75
-69
-53
-36
-43
-33
-27
-20
-10
-21
-13
-9
-11
-7
15
31
13
-1
-4
-1
22
11
-2
8
-4
-8
10
22
28
34
33
34
40
46
40
28
10
-13
-19
-4
-5
-13
-16
-6
17
23
52
65
45
34
24
22
37
37
13
0
-2
-13
-29
-19
-24
-32
-21
-11
-9
-3
6
-1
-6
-10
-29
-41
-32
-37
-31
-44
-46
-63
-80
-78
-81
-99
-78
-85
-100
-67
-60
-43
-18
1
7
6
28
36
31
31
8
-5
-18
-27
-10
-11
-12
-14
-19
-14
2
15
24
38
52
48
58
73
50
41
44
35
39
42
43
42
54
50
62
82
84
87
83
73
57
63
59
42
47
58
52
55
61
52
42
36
22
24
26
25
20
8
-2
-6
4
14
24
25
28
34
39
39
55
53
45
38
31
7
-4
-12
-29
-38
-28
-36
-33
-22
-30
-26
-33
-31
-18
-27
-43
-35
-42
-48
-46
-62
-75
-80
-91
-98
-101
-104
-128
-126
-121
-112
-98
-92
-92
-86
-80
-73
-32
-7
-9
-11
-15
-21
-23
-21
-24
-26
-44
-55
-39
-33
-33
-1
10
