4
3
3
4
4
5
4
2
1
1
0
0
-1
0
0
-1
-1
-3
-2
-2
-2
-2
-2
-2
-2
-1
-2
-2
0
-3
-3
-2
0
-1
1
0
1
1
1
1
0
0
-1
0
-1
-1
-1
0
0
-1
-1
0
-1
-2
1
-1
-1
0
1
1
0
0
-2
-1
-1
-1
-2
-3
-1
-2
-1
0
2
1
-1
-1
-1
-1
-1
-2
-2
0
-1
0
0
-1
0
-2
0
-1
0
-1
-1
-1
-1
0
-1
0
-2
-1
-1
-1
0
0
0
1
2
2
1
3
1
2
2
1
2
3
4
4
4
3
4
3
4
3
2
1
1
-1
-1
0
0
0
1
0
1
-1
-1
-1
-1
-1
-1
-1
0
0
-1
0
-1
1
1
0
1
2
3
3
3
3
4
4
2
2
2
1
0
0
0
0
1
2
1
0
-1
-2
-2
-1
-2
-2
0
-2
0
-2
-1
0
-1
-1
-1
0
0
0
-1
-1
0
0
1
2
4
2
1
-1
-1
-2
-3
-3
-3
-3
-3
-3
-3
-3
-3
-3
-2
-2
-1
0
-1
-1
0
0
0
1
0
1
2
1
1
3
2
2
0
-1
-1
-2
-2
-1
-1
-2
-2
-3
-2
-2
-1
-2
-3
-3
-2
-3
-2
-3
-4
-5
-4
-3
-2
-2
-1
0
0
1
2
2
3
2
3
3
3
3
3
3
3
4
3
3
2
2
3
1
2
1
2
1
1
1
3
2
3
4
3
1
1
0
0
1
1
3
3
2
1
1
0
-1
0
0
-1
0
1
0
0
-2
-3
-3
-3
-3
-3
-3
-3
-2
-1
0
0
0
1
0
-1
1
1
2
2
2
2
2
0
0
1
1
1
1
1
0
0
0
0
1
-1
0
0
0
2
1
1
1
0
0
0
0
0
1
-1
-2
-1
-1
-2
-2
-2
-3
-1
-1
-2
-3
-4
-4
-4
-3
-2
-1
0
-1
-1
-2
-2
0
0
1
2
2
3
2
3
3
4
4
2
1
0
1
1
3
3
0
0
1
0
0
-1
-1
-2
-2
-2
-1
0
-1
-1
-3
-3
-2
-2
-1
-1
0
1
1
0
0
0
0
0
1
0
0
0
-1
0
-2
-2
-2
-1
-1
0
-1
-1
-1
-1
0
1
1
1
2
2
2
2
4
3
3
3
2
1
2
3
3
4
4
4
3
3
1
1
0
0
-1
-1
-2
-2
-2
-4
-3
-3
-4
-3
-4
-3
-2
-3
-2
-2
-1
-1
-1
1
2
0
1
1
0
2
2
3
4
4
4
4
3
2
2
2
1
0
1
0
-2
-2
-1
-2
-2
-1
-1
-2
-2
-3
-3
-3
-2
-3
-2
-2
-2
-2
-1
0
0
0
0
1
0
-1
0
-1
-2
-1
-2
-1
1
0
0
-1
0
-1
-1
-1
-2
-1
-1
-1
1
1
2
2
2
2
3
4
4
4
2
2
1
1
2
2
1
1
1
1
2
2
0
-1
-2
-2
-1
-2
-3
-4
-3
-4
-3
-3
-3
-4
-5
-3
-1
-1
0
0
0
0
1
0
1
2
2
2
3
4
3
4
5
6
5
6
4
3
2
3
2
2
3
2
2
0
0
-1
0
-1
0
-1
-2
-2
-2
-2
-2
-2
-3
-2
-1
-1
-1
-2
-4
-3
-3
-3
-3
-1
-2
-2
-2
-2
-4
-3
-3
-3
-3
-2
-2
-2
-1
-2
-2
-1
1
2
1
2
2
1
1
4
5
6
5
5
5
4
3
5
3
3
3
3
3
1
1
0
-1
0
0
0
0
-1
-2
-2
-1
0
1
0
-1
-1
-1
0
-1
-1
-2
-3
-2
-4
0
0
1
1
1
2
1
1
2
1
0
-1
-2
-1
1
2
2
3
2
0
0
-1
0
0
-1
-1
0
0
1
-1
-2
-2
0
0
-1
-1
0
-1
-1
-1
-1
-1
-2
-3
-1
-1
-1
0
0
0
0
-1
0
-2
-2
-2
0
-1
0
0
1
1
2
3
3
1
2
3
3
2
2
2
2
3
2
3
2
2
1
1
1
0
-1
-1
-1
0
1
1
1
1
-1
-2
-2
-1
-2
0
-1
-1
-1
-2
-2
-3
-3
-2
-2
-3
-2
-3
-3
-2
-1
0
1
1
1
-1
0
0
-1
1
0
0
1
1
1
1
1
0
1
1
2
3
2
2
2
1
1
0
0
1
-1
0
1
1
1
-1
-2
-2
-2
0
-1
-2
-3
-3
-2
-3
-3
-3
-2
-3
-3
-3
-2
-2
-1
0
0
1
1
3
3
3
3
3
2
2
1
3
3
2
2
2
2
2
1
1
0
1
1
2
1
0
0
2
2
2
3
2
2
0
0
1
0
-1
0
1
-1
0
1
-1
0
-1
-3
-3
-4
-4
-4
-3
-1
0
1
0
0
-1
0
-1
-1
0
-1
-2
-1
-1
-1
0
0
1
1
2
2
1
1
1
0
2
1
-1
0
1
1
0
0
0
1
-1
-2
-1
-2
-2
-3
-3
-4
-5
-4
-5
-4
-3
-2
-2
-1
-1
0
-1
-1
1
0
1
0
2
2
2
1
2
3
2
0
2
1
1
1
1
2
4
4
3
2
2
1
1
1
-1
0
0
1
1
2
1
1
0
0
0
-1
-1
-1
0
-1
1
1
-1
-1
-2
-2
-2
-3
-2
-1
-1
-1
-1
-2
-2
-1
-1
-1
-2
-2
-3
-3
-2
0
0
1
0
0
0
1
2
2
2
2
3
5
4
4
3
1
0
0
0
-2
0
0
-1
0
0
0
0
0
-1
-1
-1
-1
1
-1
0
0
-2
-1
-1
0
-1
-3
-2
-1
-1
-1
-2
-1
0
2
3
4
6
5
5
5
4
2
2
1
2
2
3
2
1
1
0
-1
0
1
-1
0
0
0
1
0
1
1
0
0
0
0
-1
-1
0
-3
-2
-1
-1
-3
-1
-3
-3
-2
-3
-4
-3
-4
-6
-7
-7
-7
-6
-5
-6
-4
-3
-4
-4
-1
0
-1
0
1
2
2
2
4
5
4
3
1
0
4
3
3
3
4
6
5
6
7
7
7
7
7
7
7
6
6
7
5
3
2
0
-1
-2
-3
-3
-2
-2
-2
-2
-4
-3
-3
-2
-1
-2
-1
-1
0
-3
-2
-3
-4
-5
-4
-3
-3
-4
-5
-5
-5
-7
-7
-7
-8
-10
-8
-8
-6
-4
-4
-3
-3
-3
-4
-5
-5
-6
-7
-4
-3
-2
-1
3
4
6
5
4
3
4
6
7
8
9
9
10
11
12
9
9
10
11
15
20
20
21
19
14
6
-1
-5
-6
-6
-6
-9
-10
-12
-15
-16
-15
-13
-10
-7
-4
2
8
13
18
19
19
16
12
8
4
3
-1
-6
-10
-15
-18
-20
-20
-21
-23
-21
-21
-18
-13
-7
1
7
10
13
14
11
9
5
-1
-7
-13
-20
-21
-21
-20
-17
-14
-12
-12
-11
-10
-8
-4
0
3
10
14
17
20
20
17
13
8
3
1
-1
0
2
4
4
5
5
7
10
15
19
24
28
32
40
49
56
55
52
40
24
10
-3
-11
-15
-21
-26
-32
-38
-42
-44
-44
-40
-35
-30
-21
-11
5
20
35
44
46
46
39
29
18
9
-1
-13
-23
-33
-39
-43
-47
-49
-49
-52
-52
-51
-44
-30
-15
0
15
27
33
36
36
32
25
14
2
-12
-25
-31
-35
-34
-29
-24
-18
-15
-11
-4
2
7
11
15
16
16
17
15
13
11
4
-3
-8
-16
-23
-29
-33
-33
-28
-18
-6
7
19
28
34
38
39
41
41
38
35
33
29
26
25
25
22
20
18
20
31
45
60
71
74
69
56
36
21
13
10
4
-6
-20
-37
-57
-74
-84
-88
-89
-84
-75
-55
-27
3
33
56
67
67
58
48
39
31
20
7
-7
-23
-35
-47
-58
-70
-83
-96
-108
-110
-102
-84
-59
-28
3
29
50
64
71
71
62
43
22
0
-21
-37
-47
-51
-51
-52
-51
-46
-41
-36
-31
-24
-14
-3
9
23
38
49
50
43
30
11
-11
-32
-48
-58
-59
-54
-45
-32
-17
-4
10
24
35
50
64
74
82
89
89
85
75
62
48
33
18
8
1
-4
-4
0
9
21
48
89
136
175
198
197
176
136
86
48
27
10
-7
-33
-65
-104
-150
-192
-221
-237
-241
-230
-197
-139
-60
21
99
159
193
200
182
156
124
93
56
13
-28
-65
-100
-129
-154
-181
-209
-237
-260
-263
-239
-191
-120
-40
40
108
162
192
202
191
153
98
39
-13
-60
-92
-111
-117
-119
-120
-119
-119
-110
-97
-84
-65
-36
-5
29
68
105
131
142
128
95
50
3
-40
-73
-95
-107
-105
-96
-76
-46
-11
20
44
64
81
95
112
134
154
162
162
151
128
109
92
69
50
30
6
-17
-27
-23
-7
32
109
207
298
364
388
364
297
203
109
47
15
-12
-51
-103
-168
-247
-337
-418
-481
-519
-530
-501
-408
-252
-65
118
275
386
441
437
391
329
261
187
96
0
-86
-162
-227
-287
-351
-416
-493
-571
-612
-595
-510
-363
-176
30
214
365
477
532
538
496
405
272
122
-30
-160
-248
-286
-295
-288
-266
-257
-264
-259
-242
-214
-158
-80
7
112
225
316
372
392
351
254
135
5
-119
-207
-256
-277
-257
-206
-154
-87
-10
56
104
149
185
210
246
291
320
342
356
340
302
249
180
116
55
-6
-61
-104
-125
-122
-85
28
226
452
645
761
775
688
512
290
125
57
26
-28
-123
-240
-384
-574
-764
-922
-1040
-1123
-1146
-1044
-780
-408
-1
384
695
893
954
912
823
697
533
332
104
-103
-253
-354
-440
-532
-667
-850
-1056
-1223
-1267
-1166
-952
-644
-265
147
530
860
1110
1239
1211
1020
730
403
104
-122
-298
-460
-600
-706
-799
-816
-750
-669
-580
-498
-473
-429
-279
-41
233
531
773
862
840
733
540
332
126
-144
-391
-546
-635
-605
-452
-265
-94
77
204
290
393
504
587
649
674
652
637
628
601
545
445
282
75
-123
-256
-314
-298
-240
-179
-120
-63
-19
67
282
702
1243
1711
1991
2028
1806
1345
736
206
-98
-280
-510
-811
-1091
-1336
-1625
-1930
-2145
-2263
-2371
-2409
-2173
-1524
-592
360
1234
1941
2395
2520
2381
2141
1835
1392
803
191
-335
-727
-1034
-1297
-1529
-1819
-2173
-2547
-2782
-2733
-2386
-1857
-1209
-442
393
1205
1888
2402
2684
2629
2186
1483
757
183
-218
-602
-982
-1257
-1526
-1880
-2025
-1921
-1730
-1397
-1149
-1048
-751
-274
155
633
1198
1579
1666
1631
1491
1274
1088
723
115
-393
-778
-1170
-1299
-1112
-834
-547
-270
-74
154
523
828
1056
1320
1446
1397
1318
1248
1151
1009
795
488
144
-137
-328
-485
-561
-628
-740
-842
-850
-613
82
1267
2625
3674
4178
4144
3525
2454
1311
520
174
-17
-422
-963
-1397
-1860
-2468
-3091
-3570
-3959
-4339
-4446
-3831
-2451
-704
970
2402
3520
4125
4172
3918
3600
3104
2278
1178
120
-689
-1251
-1649
-1922
-2201
-2662
-3320
-3943
-4238
-4076
-3532
-2761
-1769
-600
631
1796
2824
3601
3964
3734
2942
1882
829
-175
-1138
-1831
-2184
-2342
-2409
-2368
-2173
-1876
-1622
-1505
-1330
-892
-342
158
727
1311
1752
2069
2199
2130
1941
1483
688
-207
-911
-1454
-1861
-1909
-1681
-1261
-740
-235
222
708
1156
1371
1404
1413
1410
1360
1363
1408
1382
1259
938
445
-26
-372
-656
-846
-916
-982
-982
-851
-621
-286
113
435
886
1897
3336
4586
5299
5264
4410
2925
1116
-323
-715
-435
-360
-762
-1407
-2141
-3039
-3951
-4507
-4727
-4889
-5051
-4708
-3278
-1007
1332
3324
4801
5516
5356
4626
3870
3237
2430
1293
74
-961
-1676
-2074
-2264
-2418
-2808
-3620
-4634
-5350
-5421
-4839
-3753
-2345
-792
771
2234
3518
4574
5155
4958
3939
2374
711
-697
-1776
-2444
-2716
-2777
-2679
-2451
-2023
-1478
-1085
-957
-1028
-1207
-1070
-441
552
1814
2922
3470
3439
2924
2126
1234
333
-604
-1556
-2275
-2616
-2579
-2050
-1183
-360
253
640
858
1035
1293
1521
1670
1813
1869
1773
1759
1862
1809
1487
873
15
-863
-1564
-1981
-1989
-1680
-1265
-854
-434
-28
319
564
699
723
658
1018
2468
4540
6023
6343
5698
4337
2335
110
-1299
-1227
-678
-1234
-2651
-3600
-3970
-4509
-5164
-5237
-4855
-4870
-5221
-4550
-2035
1159
3436
4777
5871
6362
5749
4681
4108
3801
2714
731
-1094
-2069
-2601
-3139
-3570
-3777
-4219
-5198
-6108
-6043
-4990
-3655
-2347
-963
601
2150
3485
4664
5692
6086
5325
3657
1833
312
-1019
-2190
-2868
-3155
-3414
-3569
-3427
-2927
-2105
-1461
-1163
-792
-324
52
587
1531
2557
3270
3615
3466
2903
2308
1452
301
-732
-1683
-2707
-3341
-3260
-2754
-1938
-958
-184
396
970
1355
1589
1998
2334
2336
2272
2255
2125
1945
1758
1326
698
-15
-876
-1644
-1963
-1947
-1854
-1603
-1163
-766
-319
177
497
929
2193
4360
6343
7118
6739
5617
3962
1926
-63
-692
62
122
-1348
-3031
-3948
-4625
-5780
-6741
-6643
-6197
-6235
-5907
-3783
1
3326
4960
5935
6776
6595
5385
4326
3914
3295
1627
-379
-1497
-1812
-2211
-2925
-3587
-4264
-5476
-6925
-7423
-6556
-4996
-3418
-1801
73
1998
3640
4958
5993
6468
5820
4079
2050
383
-938
-2107
-2898
-3183
-3186
-3053
-2792
-2357
-1781
-1550
-1748
-1759
-1307
-529
535
1803
2904
3600
3778
3497
2948
2217
1205
-93
-1326
-2321
-3010
-3193
-2895
-2338
-1587
-813
-220
261
773
1194
1522
1722
1822
2086
2415
2621
2803
2852
2502
1729
702
-346
-1226
-1882
-2258
-2239
-1837
-1269
-644
-47
293
401
352
257
267
385
960
2821
5573
7515
7897
7251
5893
3721
953
-1162
-1361
-771
-1459
-3182
-4220
-4309
-4807
-5951
-6338
-5871
-5968
-6654
-6141
-3243
665
3235
4619
6259
7568
7293
6062
5371
5150
3836
1178
-1080
-2064
-2696
-3699
-4614
-4918
-5213
-6269
-7311
-7079
-5798
-4554
-3558
-2109
-23
2140
3941
5613
7220
7917
7024
5010
2907
1101
-806
-2725
-3960
-4496
-4660
-4421
-3737
-2613
-1526
-1271
-1499
-1415
-1055
-460
567
1921
3233
4006
4180
3939
3545
2950
1717
137
-1240
-2556
-3672
-4097
-3798
-3127
-2429
-1880
-1294
-437
553
1426
2278
3173
3614
3511
3342
3328
3265
2892
2225
1366
364
-762
-1821
-2428
-2348
-2101
-2031
-1817
-1379
-964
-590
-188
266
727
1130
1909
4001
6993
8740
8521
7376
5636
3126
225
-1682
-1375
-619
-1736
-3901
-5033
-5022
-5560
-6808
-6979
-6255
-6354
-6934
-5868
-2056
2455
4900
6021
7533
8413
7598
6118
5376
5028
3261
179
-2023
-2814
-3396
-4278
-5023
-5256
-5721
-6905
-7661
-6960
-5380
-3994
-2797
-1102
1136
3303
5166
6830
8029
8083
6631
4325
2139
186
-1814
-3530
-4518
-5021
-5246
-4901
-4064
-3042
-1988
-1419
-1266
-821
-362
-90
611
1728
2718
3553
4178
4309
3946
3217
1846
-7
-1585
-2984
-4361
-4980
-4652
-3890
-2760
-1517
-340
869
1932
2468
2627
2873
3034
2863
2611
2661
2728
2539
2128
1510
802
60
-877
-1799
-2207
-2260
-2244
-2068
-1628
-1103
-677
-234
369
1823
4804
7743
8827
8544
7315
5117
2510
34
-874
141
514
-962
-2689
-3529
-4201
-5730
-7246
-7569
-7689
-8266
-8082
-5723
-1208
3003
5182
6659
8032
8142
7074
6077
5622
4680
2304
-319
-1687
-2113
-2474
-3051
-3737
-4601
-6176
-7952
-8564
-7757
-6355
-4877
-3094
-961
1333
3691
5997
7862
8629
7837
5844
3486
1263
-668
-2382
-3753
-4645
-5232
-5182
-4271
-3114
-2087
-1487
-1709
-2128
-2117
-1643
-493
1132
2639
3664
4244
4551
4459
3931
3023
1324
-859
-2777
-4289
-4976
-4517
-3596
-2740
-1707
-581
326
1149
1981
2586
2799
2671
2269
2095
2408
2618
2627
2637
2270
1424
501
-344
-1059
-1533
-1833
-2016
-1877
-1449
-1065
-611
-19
393
766
2134
4970
7708
8696
8277
6904
4750
2175
-433
-1343
-293
-98
-1626
-3086
-3614
-3913
-5129
-6488
-6676
-6765
-7549
-7638
-5425
-1111
2732
4526
6032
7720
7954
6905
6015
5679
4617
1877
-1011
-2297
-2589
-3010
-3569
-3880
-4307
-5671
-7322
-7740
-6789
-5657
-4720
-3336
-1258
1011
3152
5196
7052
8009
7297
5473
3499
1536
-456
-2409
-4069
-5003
-5322
-5065
-3992
-2431
-1275
-1156
-1478
-1839
-2158
-1643
-371
1004
2422
3247
3200
3308
3543
2961
1683
391
-1002
-2681
-3689
-3704
-3207
-2286
-1530
-1208
-337
827
1327
1725
2357
2377
1829
1655
1878
2266
2702
2685
2170
1688
1009
4
-450
-434
-747
-1182
-1263
-1142
-893
-530
-230
114
459
1375
3896
6953
8415
8204
6939
4916
2423
-26
-746
442
897
-520
-2446
-3402
-3777
-5091
-6442
-6585
-6963
-7949
-8015
-5867
-1473
2627
4702
6238
7567
7489
6508
5789
5649
4848
2275
-499
-1916
-2485
-2852
-3163
-3402
-3937
-5485
-7353
-7989
-7262
-6060
-4820
-3274
-1226
968
3098
5274
7236
8165
7400
5402
3216
1266
-555
-2392
-3966
-4987
-5970
-6474
-5448
-3695
-2109
-886
-541
-688
-765
-909
-525
793
2186
2816
2936
3303
3553
3084
2341
1174
-715
-2639
-4271
-5170
-4522
-3201
-2375
-1403
41
1122
1832
2707
3392
3521
2963
1893
1177
1324
1584
1505
1444
1438
984
167
-252
-196
-252
-677
-1281
-1627
-1451
-1061
-523
1136
4484
7588
8651
8462
7424
5295
2540
-382
-1725
-735
12
-761
-1735
-1887
-1898
-3375
-5311
-5944
-6485
-7602
-7962
-6323
-2240
1997
4204
5956
7973
8531
7409
5969
5021
3796
1324
-1453
-3064
-3544
-3600
-3652
-3444
-3104
-3677
-5034
-5823
-5782
-5496
-5003
-3891
-2118
39
2446
4871
6998
8170
7697
5827
3301
491
-2094
-4125
-5504
-6117
-6370
-5983
-4505
-2811
-1291
119
779
526
-156
-765
-762
-51
1125
2235
3089
3807
3633
2642
1786
482
-1665
-3679
-5186
-6026
-5712
-4317
-2361
-131
1861
2993
3659
4333
4371
3638
2831
1994
920
87
-69
239
645
840
685
314
91
-294
-927
-1159
-1146
-1302
-1145
-579
205
1928
5050
8049
9327
9167
7720
4967
1697
-1423
-2919
-2066
-1112
-1419
-1877
-1668
-1509
-2579
-3875
-4348
-5345
-7056
-7886
-6548
-2724
1340
3877
6199
8264
8507
7391
6274
5532
4155
1292
-1667
-3269
-3836
-3955
-3747
-3172
-2726
-3510
-5153
-6069
-5867
-5360
-4857
-3897
-2145
158
2424
4594
6777
8143
7784
6032
3732
1296
-1086
-3474
-5837
-7332
-7721
-7576
-6326
-3846
-1436
196
889
724
225
-166
-229
117
1088
2371
3123
3647
4241
4106
3151
1600
-664
-3130
-5128
-6462
-6866
-6048
-4322
-2406
-340
1836
3576
4752
5262
4843
3878
2912
1843
813
430
536
600
587
534
396
118
-387
-1041
-1587
-1902
-2096
-2083
-1092
1971
6044
8559
9496
9372
7636
5022
1931
-568
-737
-623
-2128
-3752
-4184
-3578
-3512
-4294
-4195
-4248
-5756
-7040
-6657
-3565
647
2832
4403
6826
8043
7938
7696
7529
6807
4068
139
-2387
-3353
-3864
-4159
-4084
-3653
-3978
-5337
-6045
-5632
-5153
-4973
-4709
-3798
-1960
487
3225
6075
8333
8955
7965
6107
3773
1347
-959
-3084
-4903
-6378
-7084
-6809
-5931
-4457
-2768
-1578
-841
-609
-834
-782
-408
-59
701
1978
3106
3939
4579
4600
3911
2596
401
-2120
-4148
-5624
-6443
-6163
-4901
-3190
-1378
282
1793
3168
4119
4302
3930
3398
2690
1776
1181
1120
1117
1039
747
205
-365
-1101
-1856
-2217
-2249
-2126
-1844
-1231
-388
1075
4060
7301
9001
9449
8583
6595
4221
1418
-84
371
261
-1382
-3352
-4369
-4472
-5425
-6472
-6142
-6202
-7034
-7263
-5767
-1724
2345
4296
6184
8184
8600
7912
7095
6674
5860
3257
100
-1829
-2702
-3157
-3580
-3731
-3790
-4899
-6728
-7651
-7312
-6393
-5339
-4091
-2324
-15
2393
4724
7157
9065
9275
7748
5514
3165
663
-1875
-4126
-5847
-7095
-7616
-7147
-5830
-3893
-2267
-1732
-1555
-1411
-1550
-1129
152
1557
2884
4065
4841
5312
5565
5185
3637
1406
-1194
-3972
-5869
-6476
-6248
-5162
-3453
-1864
-337
1362
2614
3105
3243
2851
1919
1197
1022
1402
2184
2723
2698
2366
1642
427
-927
-1966
-2668
-3408
-3859
-3439
-2199
551
4684
7726
9142
9526
8107
5713
3127
544
-269
18
-627
-1792
-2663
-2785
-3101
-4503
-5295
-5711
-7098
-8162
-7956
-5654
-1490
1803
4155
6925
8779
9212
9078
8653
7895
5732
2208
-812
-2623
-3616
-4093
-4163
-3747
-3736
-4795
-5939
-6314
-6147
-5860
-5466
-4572
-2866
-552
1993
4644
7324
9086
9114
7830
5817
3527
1072
-1534
-3426
-4852
-6138
-6552
-6659
-5968
-3983
-2703
-2020
-1050
-863
-1341
-1700
-1467
-525
683
2093
3278
4206
5189
5095
4044
3105
1313
-1524
-3920
-5455
-6147
-5578
-4124
-2454
-362
1613
2662
3459
4116
3709
2541
1437
341
-413
-337
159
770
1608
1879
1217
399
-411
-1482
-2540
-3204
-3484
-3213
-1760
1397
5277
8251
9739
9523
7969
5725
2690
284
-274
-671
-1946
-3393
-4031
-3745
-4009
-4831
-5065
-5575
-6801
-7771
-7290
-4387
-746
1771
4258
6839
8450
9153
9268
9135
8320
5832
2427
-376
-2279
-3519
-4107
-4000
-3856
-4419
-5401
-6212
-6481
-6332
-5988
-5236
-4076
-2373
-89
2395
5108
7570
8744
8683
7550
5588
3691
1461
-952
-2803
-4881
-6525
-6946
-6870
-5615
-3555
-2290
-1496
-1099
-1398
-1817
-1920
-1280
-410
429
1810
3003
3856
4943
5248
4425
3094
835
-1952
-3891
-4996
-5593
-5080
-3797
-2525
-805
1297
2980
4166
4647
3935
2603
1324
239
-272
-30
459
805
1087
1120
716
215
-324
-1289
-2530
-3390
-3826
-3756
-2156
1203
4854
7711
9403
9539
8535
6637
3839
1683
907
-172
-2112
-3929
-4820
-4944
-5347
-5704
-5452
-5519
-6300
-7086
-6508
-3954
-1058
1111
3386
5712
7341
8187
8714
9227
9079
7263
4184
1355
-638
-2249
-3424
-3919
-4270
-5013
-6167
-7174
-7257
-6507
-5734
-5095
-4221
-2748
-895
1058
3514
6088
7763
8021
7034
5584
4368
3143
1455
-331
-2139
-4227
-6082
-6918
-6458
-5057
-3723
-2891
-2365
-2139
-2174
-2107
-1423
-487
161
868
1791
2846
4150
5052
4994
4165
2408
-52
-2170
-3391
-3984
-4083
-3578
-2817
-1914
-614
901
2370
3488
3610
2799
1811
1070
613
592
1129
1761
1915
1573
914
206
-407
-1364
-2577
-3300
-3736
-4085
-3402
-924
2583
5658
7758
8865
8804
7662
5606
3612
2801
2112
364
-1746
-3407
-4552
-5495
-6286
-6464
-6422
-6937
-7641
-7553
-5863
-3102
-509
1842
4119
5869
7036
7787
8331
8685
8131
6340
4108
2178
632
-609
-1591
-2573
-3809
-5324
-6940
-7927
-7848
-7125
-6268
-5249
-3917
-2393
-835
1151
3502
5303
6092
5827
4805
3870
3255
2494
1855
1227
-144
-1805
-3013
-3715
-3774
-3578
-3567
-3649
-3804
-3822
-3526
-2799
-1569
-534
-14
523
1026
1693
2663
3221
3237
2874
1887
524
-474
-844
-916
-1007
-1193
-1284
-1011
-557
-129
476
1211
1551
1311
1057
1161
1395
1573
1626
1468
1135
508
-329
-817
-991
-1369
-1833
-2226
-2510
-2481
-2095
-864
1567
4122
5846
6865
7156
6746
5749
4415
3701
3425
2510
934
-860
-2313
-3409
-4758
-5805
-6078
-6522
-7204
-7418
-6660
-4790
-2769
-1150
700
2522
3671
4405
5132
6010
6661
6594
6070
5531
4863
3766
2423
1205
-134
-1825
-3575
-4955
-5725
-5971
-5926
-5660
-5155
-4546
-3914
-3150
-2108
-1008
-210
268
598
941
1362
1788
2242
2686
2883
2740
2229
1507
885
211
-619
-1347
-1983
-2385
-2531
-2396
-1820
-1075
-680
-648
-769
-1028
-1303
-1565
-1659
-1469
-1223
-1047
-568
271
1065
1610
1932
2093
2029
1469
803
546
571
717
976
1432
2088
2559
2483
2210
1832
994
-196
-1412
-2266
-2652
-2838
-2883
-2562
-2037
-1601
-1124
-451
288
975
1712
2603
3520
4175
4557
4782
4824
4612
4199
3971
3871
3277
2070
657
-598
-1812
-2889
-3495
-3728
-3911
-4205
-4539
-4512
-3985
-3523
-3291
-2997
-2565
-2033
-1280
-193
1272
2694
3516
3755
3623
3471
3364
3148
3031
3046
2889
2456
1902
1498
1338
915
17
-1045
-2203
-3507
-4789
-5676
-5879
-5689
-5460
-5129
-4558
-3683
-2741
-2045
-1463
-815
-432
-320
56
742
1541
2390
3175
3891
4532
4757
4464
3869
3026
1829
389
-896
-1880
-2560
-2920
-2833
-2493
-2096
-1762
-1502
-1239
-1145
-1319
-1556
-1598
-1484
-1219
-701
119
1139
2149
2858
3304
3465
3137
2550
1929
1311
806
439
265
260
259
313
469
646
681
483
39
-450
-908
-1347
-1532
-1478
-1348
-1111
-776
-374
129
600
946
1176
1263
1245
1396
1750
2204
2743
3104
3185
3046
2662
2130
1458
649
-71
-663
-1189
-1501
-1534
-1394
-1269
-1434
-1784
-2016
-2172
-2354
-2278
-1766
-1135
-634
-180
440
1231
1869
2193
2336
2248
1692
718
-217
-844
-1342
-1864
-2266
-2352
-2210
-2128
-2097
-1935
-1734
-1817
-2077
-2183
-1914
-1480
-1061
-500
261
923
1358
1598
1739
1752
1312
508
-244
-786
-1121
-1215
-1120
-713
-229
-4
179
433
593
544
258
-90
-228
-280
-327
-29
540
993
1189
1035
634
148
-450
-1028
-1312
-1380
-1325
-1152
-784
-132
566
1118
1544
1721
1620
1324
867
489
311
166
100
185
292
394
473
488
412
257
-19
-316
-450
-354
-30
485
1030
1588
2135
2450
2589
2580
2249
1681
1057
426
60
-82
-216
-235
-191
-204
-253
-353
-411
-466
-595
-671
-665
-588
-357
18
431
871
1187
1330
1365
1174
721
188
-333
-822
-1235
-1531
-1613
-1561
-1571
-1616
-1572
-1514
-1531
-1543
-1511
-1428
-1295
-1062
-617
-7
536
896
1118
1157
933
483
-14
-498
-974
-1392
-1599
-1541
-1293
-946
-604
-300
-148
-280
-515
-664
-826
-940
-966
-897
-642
-253
145
601
925
870
536
62
-444
-908
-1285
-1411
-1249
-1015
-703
-192
430
997
1408
1593
1615
1385
887
424
131
12
100
219
326
486
613
687
763
735
597
439
224
49
117
382
699
1027
1313
1564
1704
1694
1663
1627
1463
1182
880
632
476
351
264
221
135
-19
-198
-312
-324
-311
-347
-348
-286
-187
77
424
769
1071
1195
1103
851
499
161
-107
-410
-670
-868
-1043
-1151
-1166
-1060
-895
-747
-703
-714
-740
-726
-559
-294
1
302
507
629
630
451
141
-220
-651
-1130
-1526
-1765
-1828
-1703
-1406
-1047
-704
-473
-417
-422
-456
-558
-641
-637
-557
-425
-264
-77
106
214
177
-32
-335
-692
-1089
-1415
-1565
-1532
-1299
-919
-448
52
518
865
1037
1042
906
698
454
305
257
279
367
488
585
706
717
561
453
385
322
293
334
408
521
617
738
1000
1227
1302
1322
1250
1116
937
682
444
256
57
-52
-78
-121
-57
52
141
229
249
243
284
311
356
530
742
888
953
1026
1132
1169
1015
761
476
103
-333
-744
-973
-1093
-1215
-1285
-1203
-983
-764
-617
-460
-240
-82
3
139
342
500
545
474
374
228
-19
-287
-544
-775
-981
-1144
-1197
-1184
-1081
-914
-791
-676
-588
-599
-657
-746
-856
-871
-805
-720
-655
-573
-480
-415
-432
-463
-516
-658
-873
-1038
-1108
-1005
-734
-384
102
576
913
1114
1173
1148
1023
792
561
356
123
-31
-39
48
188
284
311
346
326
317
396
470
593
688
658
665
758
862
1003
1165
1305
1374
1293
1058
861
751
610
401
158
-122
-406
-626
-732
-654
-442
-261
-173
-37
178
398
599
732
793
778
664
530
474
501
513
443
305
142
-53
-261
-406
-457
-435
-418
-478
-544
-525
-474
-368
-234
-76
110
204
161
97
63
-88
-317
-545
-746
-959
-1173
-1282
-1254
-1132
-996
-920
-804
-604
-492
-420
-340
-332
-402
-483
-560
-552
-500
-491
-458
-418
-431
-451
-480
-551
-674
-860
-1058
-1145
-1069
-837
-498
-116
268
584
805
925
982
1008
966
813
635
486
412
382
318
236
173
149
75
54
142
216
236
224
254
369
496
569
690
852
975
1081
1130
1230
1322
1291
1224
1182
1108
896
597
290
24
-277
-545
-615
-516
-295
-12
337
716
979
1023
981
901
706
405
119
-33
-79
-108
-97
37
173
189
107
20
-61
-249
-474
-597
-607
-556
-451
-248
68
314
334
282
235
78
-222
-540
-808
-1016
-1203
-1336
-1344
-1264
-1191
-1164
-1100
-1017
-978
-986
-958
-855
-769
-701
-628
-495
-355
-265
-212
-175
-177
-277
-418
-551
-674
-790
-919
-1001
-958
-820
-638
-446
-227
5
192
275
347
446
543
561
518
486
483
460
380
339
355
348
295
258
284
300
254
195
180
220
243
285
395
537
637
722
790
883
996
1054
1083
1116
1097
987
821
660
501
297
101
-7
-19
19
161
412
696
954
1144
1271
1322
1247
1037
786
563
358
201
144
188
271
340
360
349
243
28
-239
-474
-614
-679
-659
-515
-305
-120
24
152
193
122
-13
-230
-493
-781
-1038
-1200
-1252
-1222
-1162
-1089
-962
-862
-834
-821
-785
-751
-762
-820
-875
-886
-835
-771
-717
-607
-522
-567
-682
-778
-844
-901
-958
-1002
-957
-871
-793
-677
-467
-191
38
189
354
552
684
703
676
660
608
454
272
153
114
65
22
10
54
78
2
-83
-69
-2
23
56
182
401
567
643
747
874
949
926
843
864
876
763
629
569
502
357
229
191
249
326
394
501
653
800
877
927
962
955
814
654
507
368
295
249
242
315
399
480
533
529
530
483
370
222
129
127
152
179
217
284
284
216
109
-2
-136
-370
-642
-836
-952
-1059
-1145
-1140
-1071
-982
-926
-845
-734
-612
-512
-433
-348
-312
-311
-372
-431
-425
-397
-433
-484
-516
-577
-684
-806
-949
-1053
-1114
-1198
-1219
-1160
-1062
-935
-776
-550
-285
-56
130
276
382
425
381
257
182
110
47
6
6
22
41
39
5
-25
-45
-55
-102
-80
0
118
253
427
593
721
740
720
694
601
475
347
261
231
215
201
303
443
568
671
777
860
914
915
895
914
898
838
779
729
668
552
416
328
267
196
102
45
13
-7
-34
-39
0
61
118
232
388
497
576
629
643
595
458
287
101
-83
-294
-510
-669
-803
-929
-999
-1012
-1010
-971
-959
-905
-775
-619
-478
-353
-243
-158
-138
-176
-158
-103
-107
-148
-172
-200
-254
-315
-358
-363
-374
-442
-496
-507
-504
-502
-498
-445
-352
-293
-220
-128
-74
-32
-37
-98
-166
-240
-303
-330
-311
-289
-260
-205
-183
-158
-71
-17
-20
-25
-22
47
123
236
418
590
719
740
701
619
465
245
49
-109
-197
-221
-169
-24
173
346
515
667
768
842
860
831
765
717
655
588
574
557
518
467
412
364
298
198
77
-11
-101
-213
-267
-245
-153
-30
80
188
321
387
378
361
335
278
120
-47
-200
-319
-460
-601
-653
-689
-738
-776
-743
-654
-512
-406
-300
-198
-117
-67
-12
54
88
84
33
-19
-51
-65
-76
-99
-139
-223
-309
-354
-411
-424
-407
-375
-329
-257
-176
-67
34
120
190
204
189
124
29
-84
-179
-252
-298
-344
-352
-301
-253
-221
-205
-153
-108
-95
-95
-77
-44
-8
46
124
236
308
313
286
240
151
18
-111
-238
-329
-378
-384
-286
-109
106
316
498
663
784
835
813
800
799
730
654
612
574
517
437
356
315
240
79
-40
-120
-202
-279
-299
-234
-135
-34
105
295
469
536
528
538
520
438
296
182
70
-54
-196
-312
-417
-487
-571
-642
-668
-638
-593
-578
-489
-382
-273
-200
-146
-103
-86
-99
-136
-145
-155
-192
-223
-254
-265
-273
-331
-352
-360
-373
-382
-383
-315
-204
-77
37
116
193
229
204
153
89
-22
-192
-291
-347
-378
-391
-379
-308
-233
-190
-165
-127
-100
-84
-78
-27
84
186
268
360
473
523
503
473
422
356
219
60
-72
-164
-213
-240
-219
-118
27
135
242
381
479
496
497
519
536
528
542
558
559
554
515
483
450
386
268
138
0
-139
-276
-340
-308
-223
-123
-15
118
252
334
375
416
403
350
261
163
82
17
-48
-116
-152
-191
-258
-326
-359
-379
-405
-419
-385
-336
-274
-206
-112
-34
0
-22
-67
-84
-120
-159
-203
-235
-255
-299
-341
-336
-328
-339
-358
-370
-352
-315
-267
-176
-82
9
81
146
184
146
42
-90
-220
-321
-403
-456
-466
-458
-428
-368
-289
-244
-189
-164
-141
-60
26
72
175
297
350
369
374
380
359
261
134
27
-108
-228
-324
-327
-276
-187
-97
24
173
295
358
380
406
399
389
371
402
448
472
481
502
520
477
426
353
267
156
43
-43
-109
-135
-134
-112
-31
73
135
186
223
242
205
161
124
104
73
47
66
52
30
9
-31
-86
-149
-198
-193
-186
-156
-83
-21
66
132
168
198
219
214
165
107
26
-63
-122
-202
-246
-267
-269
-276
-307
-282
-254
-234
-186
-138
-69
31
109
168
237
257
208
129
48
-59
-200
-316
-384
-454
-534
-578
-590
-605
-573
-548
-526
-457
-385
-315
-235
-119
-14
64
118
142
179
175
98
46
-5
-102
-206
-272
-260
-233
-180
-109
9
104
156
183
202
222
197
162
132
161
191
194
185
207
243
203
143
112
82
41
-5
-8
53
89
139
210
315
416
482
522
530
497
427
303
199
138
48
-19
-12
15
43
49
5
-8
-40
-91
-125
-137
-126
-85
-38
14
103
199
273
328
369
375
351
271
194
103
2
-71
-141
-209
-244
-268
-272
-238
-225
-199
-165
-118
-69
-33
26
74
93
79
87
80
71
42
-6
-39
-75
-129
-185
-233
-296
-363
-419
-430
-406
-373
-316
-264
-198
-113
-49
-10
43
81
46
-26
-111
-193
-272
-347
-401
-407
-357
-269
-172
-57
63
134
161
193
210
172
125
119
124
139
170
194
224
229
175
96
6
-96
-202
-259
-305
-311
-278
-219
-107
34
188
337
432
482
477
428
374
279
198
120
58
17
9
18
21
17
-20
-65
-128
-190
-213
-227
-210
-162
-117
-50
49
137
199
238
258
260
234
190
152
133
91
23
-29
-57
-90
-105
-89
-55
-33
-14
41
84
129
177
174
168
139
90
58
13
-30
-45
-63
-89
-92
-89
-50
-43
-64
-76
-104
-114
-106
-94
-40
6
25
59
100
142
146
139
109
37
-63
-183
-277
-361
-412
-416
-396
-322
-214
-136
-44
54
116
128
113
106
88
70
57
86
123
129
148
151
139
111
23
-76
-132
-200
-255
-273
-248
-181
-105
-1
113
223
273
274
259
232
177
117
96
81
55
58
62
50
45
9
-39
-61
-77
-101
-112
-90
-40
-10
40
87
125
141
120
125
119
110
84
56
24
-18
-63
-103
-151
-186
-219
-234
-241
-232
-198
-157
-94
-8
85
117
164
196
182
145
69
-6
-68
-125
-181
-200
-190
-196
-200
-191
-165
-146
-158
-166
-144
-137
-141
-111
-63
10
67
125
169
165
139
90
28
-41
-119
-184
-223
-213
-168
-110
-36
39
118
163
190
204
208
206
184
157
187
200
180
164
169
172
129
70
15
-44
-107
-153
-145
-109
-53
18
64
146
244
305
338
343
320
269
209
137
129
102
56
43
24
5
-41
-83
-116
-138
-167
-182
-178
-139
-86
-33
41
113
162
171
165
152
132
88
31
1
-34
-63
-88
-105
-84
-99
-120
-138
-153
-181
-200
-195
-177
-121
-82
-36
13
57
94
74
42
-1
-84
-162
-217
-245
-256
-251
-232
-187
-112
-54
-39
-24
-15
-36
-60
-70
-48
-70
-88
-92
-99
-100
-102
-112
-139
-167
-210
-234
-218
-191
-161
-125
-76
-19
22
58
108
128
122
105
116
128
130
124
119
115
110
75
38
23
-16
-51
-86
-91
-58
-20
21
80
151
223
256
285
337
369
364
341
339
328
300
259
247
232
190
150
106
93
48
-9
-27
-15
-14
15
68
100
141
179
201
218
224
207
155
91
25
-27
-71
-98
-104
-96
-105
-117
-95
-72
-65
-69
-62
-69
-69
-45
-21
14
54
64
54
41
-20
-80
-152
-234
-292
-331
-364
-362
-343
-305
-255
-200
-145
-123
-86
-71
-54
-44
-46
-44
-49
-75
-112
-146
-178
-197
-234
-268
-291
-287
-275
-248
-208
-153
-102
-67
-34
18
74
81
78
71
61
59
58
63
61
53
26
16
-5
-34
-53
-62
-41
-25
-15
33
85
118
161
200
230
232
248
258
267
277
266
249
208
187
175
124
117
98
88
77
55
51
46
61
62
73
81
90
107
110
148
168
164
171
149
109
66
24
-34
-64
-83
-102
-111
-101
-102
-104
-93
-93
-79
-60
-46
-22
9
33
80
107
106
81
49
7
-36
-72
-96
-100
-96
-91
-94
-87
-80
-84
-77
-52
-44
-27
-18
-15
15
11
-8
-30
-30
-35
-87
-115
-148
-174
-198
-206
-182
-170
-158
-157
-145
-113
-87
-73
-75
-70
-65
-67
-56
-27
-17
-31
-46
-81
-81
-85
-101
-106
-94
-76
-78
-54
-31
-18
0
23
52
76
120
146
170
206
218
217
229
225
209
191
160
128
99
75
56
46
58
53
50
53
70
92
93
121
149
154
174
167
142
141
133
107
93
61
37
18
-6
-44
-73
-94
-117
-116
-110
-104
-120
-117
-104
-90
-51
-31
-19
-5
-1
-11
-31
-41
-35
-40
-41
-32
-17
-14
-25
-29
-59
-81
-99
-108
-102
-85
-58
-36
-28
-25
-23
-11
-11
-17
-22
-29
-48
-60
-66
-59
-50
-45
-31
-39
-32
-14
9
35
47
53
54
53
43
45
49
31
2
-17
-64
-79
-97
-106
-84
-85
-55
-24
-5
-6
2
11
7
22
30
55
92
113
161
205
209
214
200
171
146
107
84
60
46
31
2
5
10
-1
-11
6
17
27
38
37
49
31
32
42
48
48
40
44
33
18
15
18
0
-15
-49
-82
-101
-105
-110
-116
-105
-97
-115
-106
-107
-107
-104
-101
-90
-59
-40
-19
-29
-52
-62
-82
-88
-85
-90
-91
-101
-92
-80
-77
-52
-46
-43
-39
-46
-63
-48
-44
-28
-4
-4
-25
-11
-12
-25
-35
-60
-68
-75
-76
-47
-8
17
52
83
97
101
93
93
96
103
85
78
78
54
42
42
61
64
59
54
54
48
45
34
27
46
63
97
123
162
166
168
172
168
180
158
141
135
122
94
67
49
42
27
22
22
32
37
25
13
32
28
6
2
-15
-27
-35
-28
-25
-28
-27
-36
-39
-40
-44
-62
-90
-101
-115
-126
-147
-161
-166
-164
-167
-163
-135
-102
-89
-81
-68
-43
-50
-59
-44
-37
-60
-72
-86
-91
-108
-119
-99
-103
-99
-89
-90
-82
-82
-81
-65
-55
-32
-20
-9
2
9
18
19
22
5
-21
-57
-82
-77
-73
-42
-14
18
45
54
77
96
101
96
76
69
75
70
69
77
84
73
70
74
84
91
80
71
95
103
87
108
124
125
133
152
150
136
135
129
128
117
120
125
131
143
139
120
113
99
62
46
39
39
35
26
19
26
32
15
12
-11
-29
-43
-70
-77
-84
-102
-77
-70
-58
-43
-44
-54
-69
-77
-73
-72
-102
-122
-124
-119
-100
-71
-41
-33
-45
-33
-26
-27
-22
-34
-46
-70
-83
-104
-110
-105
-105
-106
-110
-98
-101
-98
-113
-123
-105
-109
-108
-95
-55
-29
-16
-8
-16
-32
-63
-82
-88
-113
-130
-123
-120
-118
-93
-79
-55
-21
-13
9
5
-8
-11
7
28
39
56
59
55
52
48
50
86
120
122
123
135
170
172
180
182
181
172
164
165
166
172
154
159
145
127
127
122
105
101
108
99
100
97
112
121
119
110
89
82
74
64
52
39
21
-7
-5
-29
-57
-73
-105
-126
-122
-110
-98
-73
-55
-75
-66
-63
-88
-88
-74
-78
-73
-66
-74
-78
-61
-67
-60
-74
-78
-83
-88
-77
-69
-55
-54
-39
-28
-29
-32
-41
-49
-59
-55
-50
-46
-46
-42
-29
-26
-13
7
9
-1
-11
-22
-46
-46
-48
-65
-74
-76
-87
-83
-63
-48
-45
-38
-45
-55
-39
-24
-21
-15
-8
-6
4
6
24
29
8
1
19
26
40
57
61
64
72
78
66
60
69
59
50
63
73
66
72
61
52
58
61
59
64
74
73
108
130
139
154
150
147
120
89
72
61
41
42
22
5
4
-16
-27
-28
-36
-32
-24
-25
-21
-7
5
1
11
19
7
14
23
20
11
1
-11
-12
-22
-38
-51
-66
-65
-89
-87
-86
-70
-53
-55
-53
-55
-47
-59
-51
-56
-64
-63
-54
-47
-42
-28
-52
-69
-82
-97
-83
-82
-77
-63
-60
-64
-48
-43
-53
-58
-61
-57
-55
-43
-17
-18
-21
-31
-46
-57
-50
-45
-40
-37
-36
-2
19
51
63
60
80
85
84
99
93
80
88
76
68
51
50
57
67
59
49
45
36
37
40
53
68
60
68
97
102
107
108
104
103
106
116
110
96
81
76
54
40
21
-8
-32
-65
-52
-60
-69
-68
-61
-38
-16
-5
0
9
15
14
13
7
-8
-10
-24
-19
-22
-28
-18
-24
-32
-39
-42
-58
-65
-62
-63
-48
-22
-5
-4
-5
-11
-24
-24
-45
-51
-60
-64
-73
-74
-60
-44
-37
-58
-32
-12
-20
-20
7
-2
-14
-27
-43
-38
-48
-48
-52
-52
-61
-68
-71
-62
-53
-53
-70
-73
-61
-62
-44
-33
6
27
27
46
49
48
69
80
58
59
53
57
54
46
43
28
24
8
13
18
31
37
37
51
58
77
88
97
93
91
98
125
140
149
151
135
113
99
85
81
68
33
9
-22
-17
-16
-15
0
5
4
11
13
11
13
0
-7
-11
-22
-30
-42
-50
-49
-55
-49
-55
-58
-56
-67
-84
-94
-102
-98
-80
-79
-59
-54
-34
-17
-23
-19
-29
-49
-57
-67
-89
-83
-83
-70
-65
-64
-61
-49
-40
-48
-39
-33
-47
-48
-22
-8
-12
-11
-20
-23
-37
-50
-54
-59
-68
-53
-44
-44
-37
-22
-16
-16
-16
-12
-10
-10
0
9
7
2
10
31
46
46
48
41
37
40
44
44
44
48
42
52
65
90
100
94
93
86
83
81
98
95
110
129
130
145
148
151
132
118
92
63
62
54
53
52
49
52
67
70
75
67
58
39
22
20
20
34
33
30
15
13
3
-2
7
-8
-22
-30
-33
-52
-70
-68
-66
-56
-38
-20
-9
-11
-31
-52
-61
-81
-100
-83
-74
-85
-82
-73
-77
-81
-79
-81
-83
-90
-92
-95
-105
-96
-105
-99
-93
-88
-93
-92
-77
-77
-86
-94
-92
-98
-86
-63
-63
-52
-51
-49
-50
-44
-39
-44
-67
-74
-71
-56
-22
-16
1
29
28
8
20
20
14
15
27
26
27
38
45
56
60
72
78
83
83
93
103
100
91
101
109
106
94
74
66
72
76
83
77
82
85
80
81
71
80
75
70
73
75
84
66
54
54
48
50
41
44
37
32
49
27
22
24
16
4
7
11
21
37
41
49
38
24
6
-6
-27
-38
-39
-29
-16
-12
-16
-15
-8
-18
-19
-21
-34
-55
-74
-83
-102
-101
-91
-85
-60
-56
-49
-45
-47
-53
-68
-85
-107
-119
-119
-116
-110
-96
-82
-66
-49
-50
-49
-34
-36
-59
-62
-65
-77
-64
-40
-24
-16
-12
-17
-16
-13
-14
-17
1
-2
-2
8
12
-3
-9
-13
-5
18
24
27
30
22
15
10
37
43
59
70
77
72
45
43
25
12
12
22
31
37
45
45
49
62
55
49
43
30
36
27
42
53
56
58
60
71
74
92
89
91
81
69
65
42
54
64
60
60
67
46
17
22
