-2
-4
-5
-5
-6
-5
-3
-1
0
1
-1
-1
1
2
4
12
14
15
14
14
10
10
12
12
9
11
8
1
2
-1
-5
-5
-7
-9
-6
-7
-4
-5
-9
-9
-10
-11
-5
-1
2
5
8
9
10
13
12
11
9
4
4
3
0
-5
-7
-8
-10
-10
-11
-6
0
3
6
4
-1
-1
-2
-3
3
7
9
11
8
7
6
3
4
3
2
6
3
3
1
-2
-3
-9
-15
-17
-18
-15
-13
-9
-4
0
0
0
-4
-4
-5
-10
-12
-11
-12
-9
-6
-4
-1
1
3
6
11
11
8
8
4
3
3
3
1
0
-1
1
2
-1
-4
-6
-5
-8
-7
-4
-5
-6
-5
-4
-4
-5
-4
-1
2
5
12
14
12
14
13
10
7
3
3
4
2
-1
-6
-12
-18
-21
-21
-16
-9
-4
-2
5
8
8
8
6
3
5
8
9
11
15
10
9
9
4
-1
-4
-5
2
4
1
2
4
4
0
-2
0
-1
-4
2
7
7
9
5
2
-3
-9
-7
-3
0
0
0
2
-2
-5
-4
1
4
6
9
13
12
3
0
-4
-8
-12
-13
-8
-4
3
8
12
11
7
1
-4
-8
-7
-5
-2
3
6
8
8
11
9
0
-6
-8
-12
-12
-8
-7
-5
-2
0
2
3
3
1
-2
-2
-3
-3
-4
1
2
3
7
5
3
0
-2
-6
-12
-11
-10
-6
-2
4
6
5
0
-1
-7
-8
-4
-5
-4
1
2
2
4
5
5
7
9
6
7
6
4
2
-1
-2
-8
-9
-11
-9
-8
-8
-7
-5
-5
-3
1
2
1
-3
-1
1
0
0
1
0
1
2
1
2
-1
0
3
5
5
5
6
3
0
-2
0
-2
-2
0
-1
3
2
1
-1
-4
-2
-2
3
8
13
14
13
10
4
-2
-9
-8
-7
-6
0
4
4
3
-3
-9
-8
-7
-6
-5
-8
-8
-13
-13
-8
-8
-7
-2
-1
3
2
1
3
3
0
-1
2
-1
-1
3
8
10
11
11
14
10
5
7
5
4
6
3
4
3
1
-3
-2
4
9
10
9
10
13
7
5
8
7
4
8
10
7
7
4
5
4
2
5
6
5
5
-1
-7
-8
-8
-6
-6
-6
-6
-8
-9
-8
-9
-5
-2
0
2
1
-3
-4
-8
-12
-17
-15
-10
-8
-3
-2
3
1
-2
-4
-8
-12
-13
-9
-4
-1
2
4
4
-2
-5
-10
-17
-17
-21
-20
-14
-10
-6
-5
-5
-7
-12
-11
-8
-7
0
1
1
2
0
1
2
2
1
-1
2
5
5
10
9
10
9
11
11
14
15
14
17
17
18
19
19
13
13
13
10
9
8
7
9
8
8
5
3
3
3
4
3
1
-2
-2
-4
-4
-1
1
1
4
4
4
5
0
-4
-6
-9
-7
-6
-4
-1
-1
1
1
-3
-3
-8
-7
-8
-10
-13
-13
-13
-9
-6
-2
-2
-5
-9
-12
-12
-12
-10
-7
-1
5
7
12
9
5
2
-2
-5
-6
-3
-6
-5
-5
-3
1
7
9
13
15
10
6
2
3
2
5
9
12
12
11
9
8
7
6
6
5
6
5
3
2
2
-1
-2
-2
-2
-1
-2
-3
-5
-3
-9
-11
-13
-13
-11
-12
-13
-13
-13
-14
-13
-9
-8
-8
-7
-8
-7
-6
-3
-1
-3
-1
2
-3
-3
-4
-5
-3
-1
3
3
6
9
8
6
9
8
7
7
2
5
5
2
3
3
1
4
9
8
9
12
11
13
8
4
-1
-5
-7
-8
-10
-10
-10
-7
-10
-11
-9
-7
-5
-1
0
-2
0
-2
-1
-1
-2
0
4
7
8
9
10
5
2
0
2
2
2
-1
2
1
4
5
3
6
5
8
10
13
11
10
6
1
5
4
3
2
0
-6
-3
1
2
3
4
9
12
15
15
16
14
8
5
5
1
1
0
0
1
0
3
-1
-1
-7
-8
-10
-9
-10
-11
-9
-9
-9
-6
-4
-5
-5
-5
-7
-6
-9
-10
-7
-10
-10
-7
-7
-8
-7
-8
-9
-11
-10
-9
-8
-9
-13
-14
-14
-9
-3
-2
-4
-4
-5
-6
-3
-4
-5
-3
-2
-4
-2
-3
-4
-4
-6
-10
-7
-5
-3
0
5
8
9
10
8
12
15
18
17
14
11
5
6
4
6
9
12
15
16
13
10
11
9
8
8
8
5
6
9
8
8
9
3
-1
-1
-5
1
2
4
7
8
2
-3
-6
-9
-10
-8
-9
-9
-6
-5
-4
-6
-10
-10
-10
-9
-9
-6
-8
-7
-6
-7
-6
-7
-9
-12
-11
-13
-14
-12
-14
-10
-10
-10
-4
-5
-5
-5
-2
0
3
4
3
1
0
0
3
3
4
7
10
7
8
10
9
12
12
19
19
18
16
17
18
15
14
12
9
8
4
5
11
13
12
15
16
16
13
13
14
13
14
14
14
10
9
7
8
9
4
3
6
5
5
6
6
5
7
8
8
6
3
-1
-6
-10
-9
-10
-11
-11
-13
-14
-13
-11
-8
-9
-12
-16
-16
-17
-16
-16
-19
-19
-22
-22
-23
-26
-23
-24
-27
-30
-30
-29
-30
-29
-24
-21
-18
-11
-7
-6
-8
-13
-18
-18
-18
-15
-13
-10
-9
-10
-7
-11
-17
-18
-16
-13
-7
1
8
15
17
19
19
14
11
12
10
9
8
10
12
14
14
13
16
17
17
21
21
25
27
28
30
31
33
33
32
33
31
26
27
25
24
26
26
24
24
22
20
20
15
14
15
13
16
20
23
23
21
18
11
8
0
-6
-7
-11
-8
-7
-6
-8
-9
-12
-17
-18
-19
-19
-19
-19
-15
-18
-22
-29
-34
-37
-41
-40
-34
-26
-27
-24
-25
-28
-28
-25
-27
-26
-25
-30
-32
-31
-34
-35
-34
-29
-25
-22
-19
-15
-13
-18
-17
-13
-12
-11
-6
-5
-2
3
5
9
6
2
-4
-7
-7
-7
-6
-3
5
9
16
25
31
35
36
35
33
34
37
40
40
41
40
39
41
46
54
55
56
54
51
48
44
43
41
44
47
50
49
49
46
37
30
25
21
18
16
13
10
5
5
3
-2
-7
-15
-16
-17
-21
-26
-30
-37
-41
-43
-44
-43
-50
-56
-60
-63
-69
-75
-78
-81
-80
-74
-63
-57
-53
-51
-49
-48
-51
-49
-50
-50
-43
-41
-40
-36
-28
-27
-27
-25
-29
-32
-27
-25
-23
-15
-12
-8
-6
-7
-5
-4
-1
5
6
12
21
24
29
30
35
33
35
41
47
50
50
52
58
61
66
73
74
75
73
71
70
67
64
57
57
57
55
58
61
64
69
70
69
65
58
58
54
58
66
74
78
79
72
61
55
52
41
37
33
25
17
8
4
0
-10
-14
-24
-35
-42
-51
-59
-66
-71
-85
-95
-105
-116
-122
-122
-122
-123
-129
-135
-141
-144
-141
-135
-128
-125
-121
-112
-105
-100
-92
-91
-86
-78
-73
-63
-53
-48
-41
-40
-37
-36
-34
-30
-32
-27
-22
-15
-13
-13
-11
-12
-7
-2
8
16
24
36
43
50
59
61
59
65
74
81
86
90
90
90
92
95
101
110
111
113
117
113
109
105
100
99
99
96
98
104
106
111
111
113
115
114
110
108
103
96
92
91
92
95
97
92
91
87
82
73
69
67
61
51
42
24
6
-11
-30
-46
-63
-78
-101
-121
-140
-157
-177
-196
-211
-213
-214
-217
-226
-231
-237
-247
-247
-243
-232
-223
-205
-190
-180
-168
-160
-146
-133
-121
-109
-102
-94
-80
-64
-54
-48
-45
-39
-40
-40
-31
-22
-19
-15
-12
-5
-5
-4
6
18
28
45
68
79
82
76
79
86
97
110
117
129
136
138
141
138
129
125
125
130
139
149
157
163
162
160
156
154
160
162
161
159
149
145
136
123
122
124
121
126
135
138
139
134
132
135
125
117
115
104
96
88
88
87
81
82
65
61
53
34
23
10
-8
-24
-43
-58
-82
-101
-118
-149
-178
-209
-240
-265
-285
-307
-320
-339
-356
-364
-373
-385
-386
-383
-366
-329
-299
-277
-250
-227
-205
-182
-164
-139
-125
-112
-98
-91
-70
-60
-49
-37
-32
-34
-42
-42
-48
-52
-52
-41
-30
-21
2
17
26
31
36
50
61
71
93
111
131
151
176
193
203
213
221
225
230
231
231
227
232
235
237
238
229
216
217
221
228
222
218
213
198
198
201
208
214
214
216
220
214
215
212
205
193
174
149
131
118
101
94
87
85
82
70
62
56
36
20
2
-4
-10
-26
-41
-58
-71
-78
-104
-124
-135
-161
-185
-217
-256
-298
-337
-374
-407
-433
-456
-470
-469
-468
-475
-481
-490
-488
-477
-452
-409
-367
-310
-255
-197
-160
-131
-103
-98
-89
-75
-66
-58
-30
-17
-13
-3
1
-11
-20
-24
-35
-47
-55
-50
-51
-47
-29
-5
15
46
66
79
96
112
127
152
179
205
230
248
279
284
292
304
309
317
319
330
335
338
337
325
305
297
294
292
289
288
296
295
278
278
274
263
249
235
240
232
225
227
223
206
188
180
169
159
155
138
131
121
112
107
92
67
54
38
14
11
8
-6
-25
-34
-67
-103
-130
-150
-175
-202
-236
-284
-325
-369
-423
-467
-516
-561
-615
-651
-660
-659
-635
-617
-613
-622
-625
-625
-600
-531
-454
-375
-305
-239
-189
-141
-109
-87
-66
-51
-34
-24
-2
19
21
16
-4
-20
-35
-56
-66
-85
-100
-94
-91
-80
-74
-44
-24
9
64
130
165
186
212
223
253
295
346
396
435
457
482
500
508
510
498
496
503
481
473
457
436
405
371
358
335
321
322
321
328
315
302
308
302
285
278
255
246
254
252
263
277
269
243
232
209
197
183
185
177
162
163
161
156
156
144
107
43
-18
-82
-114
-145
-167
-175
-229
-284
-345
-435
-523
-594
-675
-730
-787
-854
-897
-902
-894
-875
-879
-898
-868
-872
-837
-782
-724
-648
-571
-495
-424
-340
-272
-226
-188
-128
-107
-99
-99
-88
-75
-55
-46
-55
-47
-61
-100
-125
-151
-171
-203
-219
-224
-198
-150
-83
-13
34
89
123
180
244
320
390
462
523
597
643
652
684
691
682
677
663
645
622
622
609
602
602
598
593
575
582
573
566
540
509
469
448
435
435
446
450
438
434
432
414
417
404
421
406
385
402
392
389
416
478
564
587
545
444
323
189
111
92
136
142
56
-87
-294
-507
-692
-868
-1000
-1126
-1244
-1325
-1394
-1416
-1378
-1364
-1391
-1428
-1453
-1446
-1388
-1236
-1026
-820
-646
-567
-532
-515
-460
-382
-326
-265
-206
-198
-179
-121
-60
-53
-75
-130
-236
-306
-361
-369
-342
-349
-391
-440
-518
-494
-488
-481
-376
-297
-232
-143
-39
49
165
337
441
482
579
629
674
759
893
986
1022
1027
974
898
846
825
780
733
724
730
725
750
750
696
631
573
556
558
592
705
789
853
871
868
826
790
814
855
935
941
932
890
835
859
991
1201
1414
1445
1265
1005
737
571
551
684
825
789
517
75
-424
-834
-1155
-1340
-1504
-1646
-1776
-1978
-2196
-2321
-2344
-2391
-2503
-2549
-2477
-2334
-2046
-1733
-1453
-1252
-1179
-1148
-1077
-855
-509
-241
-91
-41
-120
-265
-339
-349
-270
-166
-213
-359
-512
-616
-700
-826
-935
-989
-1094
-1188
-1193
-1090
-959
-874
-852
-859
-805
-656
-427
-94
253
518
673
776
859
1062
1285
1478
1587
1616
1585
1516
1470
1451
1452
1374
1212
1044
941
916
896
916
896
805
673
590
654
842
1044
1221
1323
1340
1316
1360
1457
1531
1601
1660
1634
1561
1574
1600
1618
1689
1967
2445
2669
2500
1937
1338
836
696
908
1471
1851
1602
651
-534
-1534
-1960
-1892
-1590
-1467
-1667
-2248
-3113
-3793
-3939
-3576
-3123
-2826
-2604
-2489
-2489
-2553
-2352
-1923
-1516
-1198
-869
-560
-195
65
98
2
-99
-129
-91
4
146
208
-32
-504
-932
-1136
-1111
-1038
-1001
-1088
-1394
-1751
-2022
-2035
-1794
-1505
-1300
-1220
-1232
-1168
-995
-677
-249
230
579
802
950
1105
1283
1434
1541
1604
1655
1679
1659
1563
1411
1159
876
663
565
652
745
756
640
493
350
285
416
709
1039
1247
1359
1400
1468
1598
1810
2011
2157
2206
2233
2191
2116
2100
2092
2060
2138
2555
3153
3379
2875
1895
1081
733
962
1682
2523
2707
1784
62
-1538
-2314
-2144
-1399
-853
-1013
-1909
-3157
-4261
-4654
-4010
-2945
-2318
-2382
-2761
-3101
-3259
-2999
-2256
-1325
-728
-529
-484
-413
-186
144
356
346
262
266
274
280
289
222
-140
-723
-1111
-1093
-933
-902
-1118
-1564
-2136
-2624
-2672
-2307
-1766
-1476
-1467
-1722
-1994
-1841
-1247
-488
164
591
669
526
433
677
1200
1680
1928
1932
1760
1494
1251
1109
1008
872
674
502
380
359
341
243
55
-71
6
234
526
884
1138
1192
1150
1169
1445
1839
2299
2610
2721
2592
2412
2291
2280
2388
2481
2550
2457
2590
3110
3513
3281
2263
1262
710
850
1404
2301
2700
2014
207
-1644
-2533
-2198
-1186
-459
-671
-1906
-3486
-4664
-4924
-4075
-2670
-1794
-2077
-2985
-3669
-3585
-2944
-1837
-713
-125
-254
-738
-864
-542
112
647
861
663
367
168
62
-14
-91
-147
-446
-824
-1069
-1092
-1211
-1570
-1996
-2228
-2227
-2097
-1881
-1759
-1847
-2068
-2170
-1974
-1435
-707
-131
70
-12
-45
180
577
1087
1532
1785
1675
1319
1078
1124
1235
1244
1103
815
421
55
-86
34
190
315
292
170
37
70
373
840
1226
1513
1633
1659
1709
1900
2246
2559
2730
2726
2622
2511
2416
2399
2469
2419
2525
2975
3696
3722
2749
1377
630
771
1465
2398
2930
2461
671
-1371
-2446
-2070
-860
17
-286
-1901
-3665
-4803
-4796
-3873
-2452
-1577
-1977
-3318
-4278
-4029
-2956
-1583
-533
-75
-422
-1037
-1232
-741
156
909
1256
972
424
38
15
22
-64
-188
-275
-466
-722
-957
-1243
-1644
-2031
-2177
-2057
-1812
-1676
-1828
-2155
-2441
-2301
-1763
-1122
-640
-376
-350
-462
-404
20
711
1250
1435
1316
1142
974
989
1129
1249
1132
774
392
85
-24
-17
48
56
-54
-152
-131
-5
239
590
888
1106
1209
1323
1513
1773
2120
2328
2407
2438
2497
2577
2615
2616
2537
2448
2299
2146
2353
3032
3679
3483
2190
910
494
1080
1968
2631
2648
1592
-243
-1753
-1995
-1182
-172
19
-1100
-2941
-4276
-4407
-3617
-2554
-1836
-1902
-2858
-4039
-4322
-3406
-1963
-724
-88
-216
-785
-1243
-1056
-239
687
1311
1504
1150
446
-54
-135
67
217
251
115
-284
-945
-1507
-1731
-1722
-1577
-1446
-1452
-1747
-2145
-2482
-2502
-2201
-1656
-1119
-846
-846
-994
-928
-693
-256
256
734
870
814
768
746
849
898
1021
984
791
535
292
129
22
24
59
147
45
-58
-39
68
320
568
973
1340
1555
1621
1634
1779
2034
2294
2555
2672
2643
2534
2430
2355
2306
2223
2047
2027
2441
3212
3594
2786
1235
125
382
1524
2593
2728
1840
158
-1439
-1941
-1270
-161
327
-470
-2348
-4025
-4538
-3671
-2304
-1515
-1694
-2709
-3842
-4290
-3617
-2309
-1128
-493
-518
-851
-1154
-1147
-657
117
806
1281
1353
1053
513
-28
-244
-105
323
717
770
207
-772
-1632
-1867
-1462
-757
-365
-644
-1460
-2404
-2830
-2510
-1603
-706
-359
-674
-1221
-1544
-1375
-704
141
767
855
590
259
163
313
597
945
1174
1036
673
283
34
1
60
193
337
376
281
195
182
263
473
768
1142
1486
1623
1642
1660
1760
1913
2086
2155
2131
2217
2283
2232
2088
1869
1654
1486
1551
2031
2836
3262
2496
977
-268
-188
1078
2442
2925
2118
278
-1457
-1822
-967
163
521
-438
-1978
-3290
-3662
-3096
-2177
-1797
-2129
-2846
-3551
-3663
-3160
-2342
-1697
-1277
-1219
-1181
-1036
-929
-606
-214
99
437
787
850
758
512
190
170
412
705
835
611
-66
-610
-873
-794
-500
-377
-575
-1048
-1484
-1867
-1835
-1609
-1321
-1111
-1115
-1208
-1304
-1297
-1159
-658
-244
35
169
233
241
226
281
492
744
783
760
581
407
235
208
350
584
666
553
476
553
722
811
928
993
1102
1226
1358
1527
1560
1580
1575
1550
1580
1690
1765
1739
1723
1558
1427
1394
1423
1605
1921
2286
2267
1708
900
416
644
1293
1958
2180
1484
142
-920
-1164
-671
96
255
-287
-1355
-2388
-2706
-2235
-1640
-1428
-1688
-2266
-2585
-2448
-1983
-1556
-1347
-1463
-1531
-1237
-854
-514
-374
-534
-763
-695
-388
59
387
317
-55
-359
-564
-574
-352
-254
-184
-273
-483
-678
-854
-1006
-1011
-846
-700
-608
-703
-998
-1315
-1440
-1302
-1007
-780
-779
-734
-722
-768
-732
-600
-458
-271
-25
161
300
148
-81
-14
273
575
763
823
758
672
701
913
1185
1362
1401
1362
1337
1387
1549
1727
1789
1641
1392
1299
1364
1476
1602
1648
1581
1410
1248
1279
1614
2012
2108
1674
1061
722
923
1482
1929
2185
1846
1074
543
465
706
1135
1134
519
-120
-673
-891
-704
-586
-859
-1334
-1953
-2386
-2395
-2217
-2085
-1904
-1899
-2117
-2072
-1959
-1826
-1582
-1536
-1477
-1187
-1014
-839
-522
-499
-616
-628
-593
-433
-173
-145
-257
-410
-701
-806
-728
-649
-674
-678
-811
-964
-992
-1038
-922
-853
-1096
-1262
-1230
-1161
-977
-768
-637
-550
-551
-635
-542
-298
-189
-62
189
403
520
518
407
397
431
508
720
917
962
940
955
1018
1135
1204
1310
1399
1466
1545
1705
1856
1770
1593
1442
1381
1473
1593
1620
1592
1502
1437
1737
2146
2286
2120
1620
1208
1326
1605
2056
2469
2233
1628
1128
802
829
958
585
180
-184
-605
-686
-472
-592
-1105
-1782
-2413
-2576
-2332
-2159
-2070
-2076
-2484
-2723
-2429
-2118
-1926
-1842
-1957
-1927
-1605
-1287
-960
-653
-860
-1178
-1111
-923
-667
-288
-180
-264
-400
-700
-719
-490
-487
-563
-520
-607
-636
-548
-564
-623
-699
-812
-834
-676
-624
-658
-559
-597
-612
-437
-252
-184
-211
-384
-361
-92
92
295
521
482
235
176
264
450
712
890
962
1010
1035
1083
1210
1235
1252
1406
1624
1768
1798
1814
1723
1583
1452
1446
1548
1642
1578
1607
1969
2407
2644
2465
1969
1537
1594
1761
2004
2460
2514
2229
1889
1422
1030
953
622
243
166
-148
-449
-519
-688
-1117
-1541
-2070
-2543
-2568
-2489
-2375
-2146
-2324
-2916
-3093
-2925
-2679
-2236
-2060
-2131
-2155
-2183
-1925
-1319
-978
-1062
-1157
-1265
-1189
-843
-436
-157
-82
-242
-406
-391
-393
-471
-356
-172
-186
-213
-199
-170
-213
-379
-569
-532
-391
-342
-244
-167
-291
-454
-469
-423
-250
-40
-19
-33
-106
-246
-159
15
172
338
358
248
168
237
407
757
1085
1188
1202
1166
1113
1127
1276
1461
1716
1895
1875
1742
1615
1492
1438
1476
1530
1815
2357
2788
2720
2363
1929
1812
2150
2339
2691
3013
2796
2297
1803
1440
1370
1309
868
603
225
-393
-723
-754
-781
-1123
-1613
-2220
-2622
-2748
-2711
-2367
-2031
-2295
-2827
-2958
-3017
-2866
-2559
-2342
-2204
-2202
-2282
-2113
-1750
-1714
-1767
-1606
-1390
-1136
-799
-606
-547
-554
-681
-592
-319
-273
-246
-90
-61
-45
90
150
54
-77
-202
-134
11
-46
-222
-242
-237
-238
-63
31
-66
-216
-356
-374
-121
118
219
224
1
-212
-180
-22
184
460
589
525
470
475
634
934
1155
1202
1231
1299
1380
1531
1624
1641
1660
1572
1512
1593
1619
1933
2506
2808
2767
2491
2179
2370
2684
2648
2917
3056
2792
2548
2343
2089
1971
1491
744
585
382
62
-28
-223
-842
-1624
-2293
-2778
-2679
-2562
-2651
-2531
-2581
-3104
-3347
-3181
-3040
-2785
-2674
-2832
-2896
-2808
-2666
-2272
-1920
-2000
-2123
-2011
-1895
-1624
-1188
-993
-918
-764
-631
-467
-260
-286
-264
-148
-111
41
289
369
309
236
232
338
343
308
314
432
459
439
436
434
402
411
438
402
353
186
62
127
237
271
228
72
-69
-33
118
258
380
482
511
600
729
883
1028
1146
1261
1420
1590
1646
1659
1563
1445
1544
2080
2787
3217
3045
2588
2174
2232
2620
2899
3432
3694
3440
2899
2365
1890
1785
1622
1311
1295
945
316
-182
-453
-871
-1278
-1646
-2088
-2337
-2560
-2797
-2810
-2763
-3137
-3289
-3196
-3220
-3230
-3203
-3276
-3268
-3078
-2916
-2605
-2589
-2839
-2941
-2749
-2471
-2171
-1820
-1736
-1825
-1719
-1371
-960
-789
-834
-790
-621
-373
-39
256
293
100
-84
48
413
676
713
719
662
588
639
769
944
969
905
890
885
824
777
735
633
499
390
347
339
319
307
343
287
240
306
471
626
767
801
743
755
852
1124
1441
1659
1625
1460
1358
1773
2623
3246
3325
2966
2514
2560
2994
3216
3748
4066
3774
3347
2999
2644
2496
2195
1640
1527
1268
758
357
143
-308
-896
-1412
-1973
-2242
-2327
-2479
-2435
-2379
-2818
-3216
-3286
-3441
-3352
-3059
-2973
-3097
-3130
-3330
-3276
-2973
-3073
-2990
-2839
-2821
-2761
-2687
-2467
-2428
-2459
-2120
-1897
-1522
-1438
-1332
-1196
-960
-859
-656
-251
-148
-95
-58
57
235
421
508
682
825
806
821
1032
1118
1245
1378
1256
1217
1199
1100
1046
1066
918
751
643
528
477
447
279
228
387
483
480
583
560
490
649
876
1155
1368
1334
1187
1264
1374
1642
2358
3033
3116
2805
2386
2330
2906
3215
3506
4033
4119
3725
3321
3016
2781
2726
2225
1945
1826
1339
796
552
368
-268
-910
-1508
-1878
-1902
-1936
-2144
-2317
-2800
-3358
-3303
-3034
-2975
-2983
-3125
-3454
-3515
-3341
-3055
-2817
-2938
-3296
-3376
-3232
-3096
-2872
-2552
-2440
-2435
-2329
-2218
-2136
-2126
-2074
-1774
-1376
-1233
-1090
-1008
-1066
-967
-677
-295
22
235
232
382
558
572
624
853
1081
1277
1498
1504
1406
1230
1086
1200
1429
1465
1357
1151
929
822
857
888
811
714
627
590
691
781
713
726
783
870
932
999
965
1175
1871
2491
2769
2574
2141
2027
2561
2858
3321
4062
4090
3822
3526
3199
2975
2986
2539
2386
2552
2196
1757
1520
1156
490
36
-553
-917
-925
-1145
-1443
-1480
-1779
-2345
-2497
-2506
-2550
-2534
-2670
-2946
-2945
-2991
-3086
-3027
-2981
-3168
-3268
-3279
-3268
-3144
-3048
-2993
-2937
-2815
-2835
-2741
-2555
-2390
-2199
-1943
-1785
-1665
-1582
-1549
-1446
-1231
-1061
-946
-730
-639
-480
-217
-37
26
141
278
411
635
812
976
1087
974
833
849
886
905
941
1016
1025
1029
944
895
946
962
934
941
1074
1228
1360
1376
1272
1140
1051
1046
1247
1729
2398
2780
2672
2295
2031
2274
2747
2956
3378
3799
3775
3639
3445
3167
2966
2768
2459
2666
2761
2451
2056
1676
1276
790
435
92
-132
-404
-688
-818
-839
-1230
-1631
-1769
-1945
-2106
-2209
-2301
-2354
-2417
-2711
-2790
-2791
-2916
-3092
-3149
-3130
-3140
-3105
-3060
-2948
-2907
-2912
-2907
-2714
-2501
-2406
-2345
-2225
-2184
-2110
-2000
-1812
-1605
-1498
-1495
-1461
-1252
-1083
-957
-853
-697
-632
-495
-333
-183
-6
97
213
421
592
623
626
506
444
531
723
928
996
877
752
775
905
1027
1108
1228
1335
1406
1480
1518
1437
1299
1224
1625
2363
2828
2678
2318
2062
2239
2664
2790
3232
3644
3666
3505
3424
3236
3019
2752
2331
2471
2548
2327
2026
1849
1535
1106
791
356
154
-5
-233
-344
-364
-702
-1092
-1206
-1353
-1491
-1519
-1676
-1785
-1786
-1975
-2118
-2096
-2215
-2426
-2525
-2563
-2583
-2636
-2677
-2749
-2733
-2788
-2845
-2668
-2419
-2289
-2241
-2173
-2172
-2179
-2124
-1939
-1750
-1647
-1655
-1612
-1471
-1370
-1206
-1015
-970
-1005
-989
-898
-698
-479
-332
-247
-191
-220
-187
-79
32
110
184
251
381
490
531
595
580
564
592
703
898
1156
1329
1379
1360
1234
1182
1332
1835
2538
2971
2825
2427
2216
2426
2758
2817
3200
3503
3535
3381
3229
3010
2775
2442
2039
2246
2311
2096
1830
1595
1283
915
593
191
101
-40
-291
-337
-286
-596
-943
-1134
-1224
-1161
-1173
-1325
-1362
-1370
-1672
-1792
-1752
-1770
-1853
-1891
-1890
-1868
-1969
-2137
-2177
-2122
-2100
-2118
-1966
-1798
-1742
-1717
-1678
-1631
-1543
-1473
-1401
-1335
-1381
-1472
-1454
-1296
-1147
-992
-923
-961
-1077
-1059
-1009
-883
-733
-601
-516
-488
-486
-493
-476
-480
-435
-376
-242
-111
-52
-27
-14
-61
-46
62
212
389
623
734
754
803
830
870
1157
1781
2318
2471
2267
2097
2232
2691
2854
3050
3413
3442
3295
3180
3177
3052
2862
2302
2164
2319
2174
2019
1858
1613
1162
793
435
299
194
-107
-350
-398
-528
-774
-863
-965
-1170
-1308
-1376
-1431
-1252
-1284
-1463
-1566
-1709
-1845
-1722
-1563
-1575
-1647
-1779
-1875
-1825
-1719
-1713
-1582
-1482
-1435
-1345
-1172
-1148
-1195
-1168
-1137
-1006
-915
-911
-927
-944
-945
-786
-597
-538
-615
-729
-836
-879
-783
-681
-546
-505
-597
-610
-585
-648
-675
-683
-652
-587
-491
-373
-282
-222
-234
-207
-113
-31
87
301
427
475
567
658
753
1055
1545
1891
1922
1802
1733
2043
2309
2440
2847
3053
3097
2971
2893
2824
2836
2583
2263
2340
2253
2135
2026
1903
1539
1173
815
563
586
483
210
-103
-392
-657
-696
-691
-723
-868
-1117
-1411
-1444
-1327
-1426
-1612
-1816
-1951
-1890
-1711
-1627
-1593
-1689
-1842
-1825
-1630
-1502
-1440
-1386
-1332
-1182
-987
-824
-752
-752
-771
-711
-582
-393
-319
-370
-410
-443
-350
-323
-364
-394
-339
-329
-388
-400
-422
-418
-415
-445
-470
-517
-648
-694
-615
-568
-569
-563
-621
-623
-521
-490
-417
-340
-280
-153
21
146
206
250
316
485
817
1203
1320
1249
1169
1261
1619
1851
2056
2314
2399
2395
2400
2424
2374
2335
2103
1992
2053
2024
2004
1893
1726
1436
1216
893
752
769
617
429
201
-68
-336
-441
-576
-676
-743
-889
-1047
-1083
-1160
-1369
-1561
-1692
-1752
-1767
-1717
-1669
-1597
-1674
-1773
-1715
-1596
-1532
-1470
-1334
-1207
-1028
-858
-701
-523
-417
-435
-417
-276
-134
-64
-6
10
3
-8
-15
5
67
42
-125
-193
-180
-71
13
-47
-125
-217
-289
-300
-246
-179
-258
-367
-416
-364
-294
-272
-314
-358
-360
-294
-122
48
113
24
-39
28
166
419
754
909
781
658
690
931
1125
1243
1415
1517
1602
1613
1602
1658
1650
1489
1429
1604
1681
1670
1545
1365
1238
1095
930
875
912
756
552
403
288
121
-61
-286
-407
-449
-557
-651
-712
-858
-1126
-1345
-1468
-1484
-1474
-1505
-1530
-1534
-1565
-1603
-1525
-1443
-1464
-1407
-1275
-1115
-952
-852
-769
-701
-663
-624
-459
-225
-84
-19
21
66
60
58
103
172
251
218
148
109
101
72
92
140
183
168
125
57
38
20
-39
-92
-76
8
54
25
-41
-118
-214
-204
-108
-15
15
9
-21
-113
-163
-152
-90
50
137
231
345
369
315
287
387
524
748
995
1172
1316
1269
1111
1034
1050
1080
1149
1267
1319
1357
1250
1102
1029
924
723
592
574
551
573
492
295
84
-80
-184
-221
-181
-241
-416
-570
-671
-691
-704
-845
-1003
-1112
-1220
-1201
-1122
-1094
-1134
-1197
-1208
-1119
-973
-900
-841
-769
-667
-565
-421
-289
-269
-273
-255
-144
-1
77
77
104
101
67
70
72
113
111
66
107
149
90
15
-24
-24
12
15
0
12
-27
-115
-186
-223
-279
-302
-316
-308
-294
-308
-306
-357
-407
-421
-382
-302
-238
-229
-231
-203
-190
-208
-195
-111
-38
-5
56
171
361
530
625
776
974
1077
1079
1109
1197
1311
1366
1375
1420
1379
1200
1030
920
896
889
784
664
630
567
451
385
327
194
65
-9
-30
-5
-35
-145
-247
-346
-458
-510
-555
-624
-708
-811
-816
-763
-730
-693
-667
-641
-621
-584
-545
-486
-412
-366
-281
-155
-57
-30
4
-2
-69
-124
-145
-109
23
64
53
-3
-46
-106
-128
-142
-91
-46
-51
9
4
-45
-206
-376
-480
-465
-412
-378
-366
-424
-491
-538
-599
-639
-698
-704
-617
-522
-433
-414
-416
-478
-553
-560
-520
-508
-540
-524
-413
-199
-21
88
122
107
80
122
282
570
915
1157
1293
1394
1415
1278
1080
975
1026
1178
1288
1335
1350
1250
1022
790
619
447
296
265
377
467
507
414
253
85
-106
-208
-209
-196
-228
-220
-199
-165
-207
-343
-449
-497
-541
-573
-449
-253
-130
-81
-63
-47
-79
-122
-170
-135
-73
-52
32
147
245
204
81
-98
-184
-262
-208
-87
127
93
69
409
476
-15
-511
-869
-1306
-1009
-108
558
821
698
22
-1377
-2022
-1377
-1090
-670
184
59
-722
-1420
-1887
-2464
-2149
-1308
-1066
-1069
-1300
-1551
-1991
-1810
-1315
-1103
-1062
-945
-363
794
2180
2849
2396
1530
727
492
1296
3152
4934
5353
4648
3448
2482
1755
1051
833
703
730
712
589
758
512
-475
-1937
-3403
-4192
-4321
-3923
-3077
-1795
-887
-976
-1568
-2453
-3121
-3354
-2756
-1416
126
1737
2546
2685
2617
2271
1861
1454
1623
2289
2989
3861
4578
4859
4273
2841
1331
-10
-590
-705
-470
101
201
-288
-1361
-2501
-3437
-4162
-4333
-4080
-3239
-2431
-1875
-1337
-1157
-1104
-1292
-1428
-1192
-631
334
1225
2178
2725
2583
1998
1163
592
159
-75
151
359
300
-110
-711
-1484
-2364
-3046
-3431
-3429
-3239
-2888
-2568
-2284
-2242
-490
2600
4449
4594
3291
2074
1487
827
2463
5130
7596
8339
6363
4271
2513
854
-951
-2315
-2210
-2433
-2877
-3605
-3381
-2590
-3405
-5019
-6610
-7420
-7707
-7421
-5554
-2646
547
2193
2358
2084
1723
1512
1404
2260
4337
5736
6107
6290
6683
6300
4827
3378
1515
-68
-1016
-1361
-722
126
462
-428
-2349
-4185
-5724
-6825
-6957
-5713
-3961
-2711
-1559
-671
-6
328
240
527
1034
1722
2648
4059
5488
6321
6329
5360
3945
2340
689
-399
-913
-1047
-1399
-2072
-2672
-3304
-4197
-5186
-5724
-5936
-6061
-5805
-4873
-3477
-1929
-811
181
641
935
891
2061
5420
7810
9144
9142
7948
6999
5125
4503
5101
5365
5755
3902
1484
129
-1237
-3310
-5557
-6574
-8148
-9283
-9644
-8859
-6687
-5891
-5503
-5381
-5799
-5607
-5036
-3904
-1182
2069
4419
5893
7144
8018
8346
7758
7308
7224
6551
5297
4239
3983
3793
3281
1813
-264
-2399
-4612
-6806
-7748
-7568
-7200
-7023
-6978
-6436
-5426
-4791
-4314
-3216
-2166
-1194
-138
1636
3991
5858
7145
7993
8406
8134
7088
6123
5503
4941
3938
2596
1456
290
-1219
-3076
-4444
-5346
-6512
-7691
-8189
-7882
-7184
-6555
-5667
-4430
-3423
-2541
-1699
-541
1029
2102
3446
6863
9658
10909
11120
9914
8668
6925
5111
4994
5176
5294
4158
1438
-38
-1013
-3538
-6332
-8005
-9689
-11251
-12117
-11528
-8836
-6580
-5351
-4586
-4176
-3758
-3414
-2907
-865
2457
4823
6360
8126
9857
10705
10201
9014
7974
6301
3796
1939
1228
1134
779
-726
-2486
-4043
-6117
-8240
-9491
-9725
-9645
-9676
-9322
-7835
-5597
-3743
-2195
-433
1281
2402
3021
4146
5995
7496
8322
9110
9814
10019
9396
8102
6760
5119
2839
318
-1667
-2955
-4225
-5594
-6571
-6854
-7107
-7695
-8052
-7831
-7348
-6971
-6119
-4429
-2358
-410
1414
3118
4750
5574
7297
9924
11195
11720
11075
9625
8410
6775
5908
5630
5161
4174
960
-2084
-3348
-4870
-7174
-8882
-10000
-11294
-12280
-12535
-10799
-8201
-6460
-5224
-4299
-3015
-1274
131
1621
4242
6384
7003
7655
9098
10679
11214
10318
8904
7122
4374
1455
-609
-1882
-2795
-4626
-6774
-8027
-8570
-8994
-9537
-9626
-9637
-10161
-10609
-9876
-7326
-4242
-1602
814
3151
5192
6347
7124
8150
9027
9129
8772
8766
9107
9240
8586
7309
5653
3114
-119
-3198
-5365
-6749
-7979
-8804
-8862
-8511
-8136
-7662
-6889
-5959
-5047
-4281
-3002
-1093
1023
3133
4801
6114
7261
7623
9151
11712
12714
12694
11177
8987
7132
4650
3431
2745
1568
497
-2389
-4952
-5328
-6005
-7501
-9216
-11045
-12519
-13147
-12856
-10391
-6512
-3286
-1169
-61
1120
3163
4825
5389
6368
7441
7880
8037
8494
10154
11435
10320
7685
4815
1646
-1494
-4496
-6817
-7619
-8523
-10109
-10950
-10483
-9332
-8854
-9128
-8953
-8347
-7960
-6974
-4449
-1505
1377
3350
5105
7129
9023
10207
10374
9899
9293
7715
5905
4814
4461
3612
1900
606
-982
-2630
-4511
-6393
-8021
-9573
-10475
-10451
-9718
-7763
-5388
-3618
-2049
-397
933
2037
3122
4272
5349
5911
6413
7325
8009
9073
11714
12898
12097
10387
7365
4978
2387
-190
-864
-1851
-2606
-4067
-6855
-6707
-5923
-7125
-8763
-10214
-10949
-11162
-11192
-9447
-5673
-1966
260
1664
3667
6527
8926
8836
8268
8712
7901
6361
5539
5962
7060
6135
3692
1908
496
-1422
-3925
-6712
-8421
-9821
-11796
-12702
-11294
-8506
-6089
-4950
-4070
-2581
-1759
-1668
-993
748
2391
3049
3800
5955
8665
9974
9851
9252
8153
6121
3345
1223
249
-882
-2663
-4331
-4903
-4839
-5468
-6412
-6854
-7233
-8149
-8950
-8408
-6533
-4319
-2852
-1163
1232
3305
5136
6460
7646
8722
8371
7243
6770
6814
6511
6619
8619
9915
9632
8224
5868
4328
1558
-1803
-3263
-4608
-4945
-6152
-8398
-6966
-5390
-5751
-6348
-6970
-6459
-6272
-7123
-6380
-3218
-112
1129
2289
4705
7551
9111
8345
7994
8495
7363
5364
3699
3361
3758
1933
-742
-1642
-2220
-3574
-5403
-6652
-6914
-7898
-9730
-10540
-9459
-7469
-5942
-4855
-2825
-159
1245
1567
2713
3931
4130
3552
3501
4805
5876
5919
5605
5494
5250
3918
1951
380
-626
-2255
-4558
-6036
-6267
-6444
-7132
-7240
-6459
-6004
-6282
-6067
-4671
-2981
-1844
-991
402
2067
3359
4200
5014
6257
7081
6594
6105
6291
6420
5656
5622
7878
8629
7512
6143
4391
3530
1152
-1262
-1297
-2140
-2747
-4974
-7363
-5604
-4757
-5472
-5898
-5952
-4784
-5009
-5911
-4154
-1092
646
667
1575
4073
6427
7578
7248
7639
8199
6646
4591
3392
3632
3707
1183
-1155
-1697
-2583
-4031
-5477
-6100
-6083
-7416
-9121
-9208
-7769
-5963
-5073
-4336
-2547
-767
37
801
2448
4032
4061
3259
3326
4327
4909
4507
4309
4443
3928
2678
1377
856
442
-1153
-3309
-4718
-5323
-6214
-7237
-7243
-6709
-6559
-6644
-5842
-4029
-2462
-1613
-934
138
1204
1876
2552
3722
5138
5660
5438
5505
5969
5974
5570
7191
8889
8273
7271
5672
4806
3613
860
224
-549
-1942
-3491
-6782
-6538
-4926
-5622
-6081
-6544
-5723
-5013
-6108
-5278
-2361
-286
-41
431
2646
5144
6849
7233
7646
8881
8407
6742
5595
5143
5223
3121
-4
-1219
-2155
-3724
-5262
-6256
-6200
-6899
-8457
-8938
-8148
-6900
-6100
-5637
-4556
-2613
-1067
-34
1662
3644
4458
4014
3749
4624
5323
4874
4426
4359
4076
3164
2099
1504
1286
330
-1652
-3385
-4379
-5272
-6599
-7853
-8021
-7715
-7868
-7511
-5822
-3585
-1944
-1242
-383
1012
1796
2285
3078
4107
5205
5393
5144
5559
6110
6096
6973
8789
8899
8173
6672
4945
4177
1758
8
-676
-2476
-3678
-6250
-7566
-5703
-6000
-6862
-7163
-7082
-5754
-5927
-5605
-2675
-5
1115
1437
2867
5267
6822
7373
7346
8441
9155
7783
6624
6262
6195
4865
1342
-906
-1728
-3565
-5536
-7010
-7164
-7098
-8449
-9232
-8400
-6882
-5917
-5838
-4966
-2936
-1320
-457
833
3252
4789
4563
4435
5172
6072
5825
4563
4144
4160
3289
1852
843
912
387
-1628
-3429
-4189
-4592
-5867
-7474
-7823
-7693
-8002
-8201
-7238
-4957
-2939
-1907
-903
853
2484
3125
3646
4504
5376
5448
4779
4832
5552
5760
6463
8227
8762
8257
7063
5307
4396
2351
75
-987
-2750
-3894
-5714
-7575
-6206
-5844
-6935
-7377
-7362
-5823
-5173
-5160
-2735
90
1516
1963
2887
5183
6950
7414
7118
7726
8820
7971
6508
6010
5880
5014
2021
-711
-1387
-2649
-4703
-6535
-7406
-7261
-8113
-9247
-8558
-6910
-5600
-5061
-4492
-2707
-695
244
985
2685
4376
4822
4586
5075
6235
6264
5181
4499
4102
3482
2136
685
129
-485
-1842
-3479
-4671
-5056
-5664
-6964
-7703
-7598
-7685
-7984
-7663
-6144
-4103
-2583
-1343
457
2340
3429
4006
4480
4977
5344
5002
4689
5102
6192
8091
8684
8394
8415
7024
5354
3426
1510
649
-1463
-3454
-4947
-7135
-7211
-7147
-7918
-8059
-8411
-7519
-6323
-5631
-3597
-1146
532
1524
2457
4185
5969
7508
8042
8083
8887
8887
8153
7437
6488
5811
3803
839
-672
-1812
-3351
-5301
-7273
-8121
-8706
-9318
-9304
-8333
-6631
-5604
-4928
-3644
-1838
255
1195
1889
3489
4330
4749
5260
5948
7144
7098
5800
4962
4385
3665
2276
623
-154
-902
-2437
-3916
-4529
-4867
-5936
-7533
-8557
-8437
-7976
-7916
-7131
-5174
-3138
-1618
-557
962
2951
3884
3961
4221
4884
5632
5457
5223
6293
8173
8835
7982
7700
7441
6307
4317
1961
878
-617
-3188
-5339
-7301
-7556
-7445
-8689
-8998
-8573
-7790
-6961
-6526
-4604
-1923
-436
481
1922
4295
6249
7394
8228
8825
9487
9179
8107
7534
6847
5682
3728
1261
61
-889
-2720
-4724
-6496
-7628
-8811
-9960
-9907
-8885
-7656
-6722
-5689
-3878
-1780
34
1239
2227
3576
4417
4715
5387
6427
7259
7115
6314
5651
5160
4378
3024
1630
449
-815
-2193
-3532
-4313
-4792
-5836
-7185
-8212
-8444
-8127
-7889
-7337
-6235
-4648
-2888
-1407
512
2603
4025
4814
4909
5270
6027
6061
5928
6609
7918
8355
7797
7517
7322
6768
5106
2989
1590
-439
-2990
-5534
-7678
-7989
-8361
-9617
-10131
-9727
-8466
-7467
-6809
-4689
-2050
-477
496
2077
4731
6876
7827
8172
8766
9634
9348
8417
8023
7524
6482
4222
1629
445
-684
-2733
-5022
-6816
-7841
-8986
-10175
-10266
-9116
-7834
-7261
-6347
-4466
-2189
-161
1012
2377
4123
4813
5130
5773
6638
7407
6943
5919
5581
5362
4745
3702
2511
1464
-15
-2085
-3610
-4239
-5032
-6371
-7621
-8209
-8140
-7912
-7514
-6532
-5441
-4628
-3543
-1969
36
2235
3818
4692
5567
6140
6238
6468
6885
7808
8314
7552
7096
6990
6464
5739
4575
3413
1774
-685
-3089
-5452
-7029
-7957
-9247
-10197
-10694
-10472
-9303
-8086
-6440
-4236
-2354
-828
657
2742
5035
6796
7959
8312
8633
9127
8944
8594
8080
7119
5774
3580
1637
453
-967
-2768
-4899
-6691
-7994
-9295
-10039
-10029
-9405
-8589
-7911
-6610
-4615
-2306
-213
1301
2997
4563
5430
6154
6713
7231
7305
6512
5667
5150
5044
4675
3574
2548
1442
-66
-1732
-3269
-4103
-4851
-6202
-7375
-8014
-7969
-7467
-7056
-6220
-4943
-3598
-2485
-1376
533
2616
3988
4758
5334
6107
6625
6732
7495
8423
8417
7755
6956
6393
5963
4881
3635
2516
786
-1280
-3533
-5302
-6224
-7552
-9104
-10229
-10784
-10548
-9961
-8678
-6483
-4264
-2329
-436
1784
4244
6173
7445
8190
8503
8585
8367
8161
7974
7244
6158
4667
2844
1255
-245
-1781
-3479
-5414
-7006
-8304
-9301
-9791
-9833
-9274
-8579
-7711
-6285
-4473
-2278
-234
1295
2825
4328
5553
6302
6761
7309
7344
6630
5732
5061
4637
3856
2673
1583
451
-773
-2041
-3407
-4469
-5136
-5844
-6645
-7173
-7089
-6698
-6392
-5846
-4725
-3203
-1794
-496
1109
2881
4443
5499
6160
6792
7367
7723
8061
8218
8019
7634
6729
5842
5209
4305
3262
1679
-84
-1875
-3979
-5523
-6753
-7932
-8998
-10058
-10233
-9835
-9187
-7850
-6086
-4053
-2014
-92
2300
4705
6684
8037
8752
9407
9571
9091
8361
7357
6222
4669
2915
1609
426
-836
-2404
-4023
-5246
-6651
-8029
-8890
-9349
-9353
-9269
-8737
-7353
-5835
-4213
-2332
-414
1452
3009
4406
5679
6626
7038
6946
6654
6167
5594
4811
3826
2996
2058
888
-205
-1200
-2226
-3481
-4883
-5807
-6305
-6596
-6522
-6363
-6026
-5411
-4674
-3644
-2490
-1251
111
1236
2320
3632
4917
5954
6760
7363
7889
8268
7926
7335
6956
6208
5351
4273
3254
2505
1080
-520
-1978
-3504
-4755
-6236
-7647
-8538
-9299
-9610
-9382
-8603
-7350
-5948
-4224
-2163
171
2488
4441
6351
7757
8445
8989
9181
9058
8450
7167
5811
4331
2677
1238
29
-1164
-2527
-3899
-5165
-6154
-6890
-7656
-8108
-8202
-8128
-7801
-7111
-5997
-4511
-3041
-1423
532
2438
4176
5634
6670
7345
7458
6970
6324
5524
4491
3361
2120
1135
425
-343
-1101
-1944
-2965
-3983
-4862
-5594
-5988
-6065
-5999
-5819
-5368
-4582
-3446
-2186
-1084
98
1404
2537
3542
4401
5256
6252
6950
7564
7932
7714
7381
6666
5769
5012
4043
3171
1922
421
-864
-2391
-3624
-4707
-6035
-7149
-8269
-8957
-9112
-9056
-8351
-7247
-6024
-4482
-2588
-128
2315
4399
6212
7423
8314
8764
8675
8589
8110
7014
5677
4171
2833
1607
257
-1023
-2233
-3574
-5003
-6244
-6931
-7232
-7587
-7857
-7791
-7231
-6507
-5755
-4436
-2825
-1382
-6
1463
3212
4750
5663
6241
6568
6623
6292
5551
4791
3946
2683
1263
39
-757
-1397
-2291
-3153
-3670
-4144
-4769
-5206
-5338
-5154
-4935
-4839
-4389
-3477
-2351
-1282
-180
1230
2671
3716
4343
5066
5987
6631
7141
7307
7166
7096
6521
5747
5092
4393
3552
2022
436
-795
-2227
-3395
-4511
-5671
-6570
-7761
-8548
-8547
-8280
-7564
-6727
-5667
-4202
-2517
-474
1614
3695
5439
6446
7325
7973
8168
8151
7516
6654
5506
3873
2553
1397
300
-705
-1956
-3002
-3983
-5178
-5965
-6450
-6726
-6958
-7208
-6824
-6192
-5538
-4512
-3252
-1763
-359
923
2455
3840
4887
5445
5646
5845
5697
5194
4518
3688
2825
1565
195
-713
-1527
-2332
-3018
-3500
-3711
-3952
-4326
-4543
-4478
-4277
-4096
-3787
-3247
-2506
-1632
-666
514
1817
2922
3886
4717
5407
6303
7030
7142
7004
6761
6355
5706
4769
4076
3194
1988
723
-832
-2015
-2900
-4148
-5350
-6468
-7353
-7767
-8080
-7901
-7133
-6096
-4934
-3746
-2072
-230
1491
3190
4448
5592
6664
7090
7238
7197
6811
6101
4971
3744
2669
1603
379
-911
-1911
-2863
-3877
-4723
-5555
-6071
-6370
-6720
-6613
-6257
-5771
-4983
-4190
-3173
-1842
-492
877
2176
3239
4125
4773
5125
5285
5231
4877
4306
3498
2569
1721
833
-192
-1135
-1941
-2569
-2983
-3366
-3551
-3595
-3744
-3834
-3765
-3495
-2988
-2527
-2071
-1370
-522
410
1378
2389
3444
4294
5098
5877
6267
6511
6506
6229
5868
5119
4468
3738
2646
1694
424
-840
-1784
-2979
-3993
-4914
-5827
-6442
-6934
-7034
-6808
-6280
-5393
-4339
-2974
-1509
-52
1565
2911
4069
5187
6015
6530
6599
6266
5766
5090
4322
3464
2459
1398
262
-887
-1937
-2821
-3540
-4304
-5173
-5771
-6149
-6351
-6141
-5769
-5280
-4567
-3809
-2877
-1730
-457
824
1811
2606
3338
3945
4376
4535
4485
4208
3520
2710
1925
1112
393
-353
-1165
-1829
-2275
-2603
-2763
-2815
-2901
-3015
-3124
-3086
-2798
-2442
-2035
-1463
-895
-320
403
1272
2200
3023
3845
4719
5272
5618
5827
5909
5865
5296
4572
3861
3016
2259
1228
126
-678
-1739
-2926
-4017
-4808
-5274
-5799
-6104
-6105
-5769
-5147
-4532
-3514
-2106
-822
418
1553
2653
3855
4818
5401
5762
5841
5576
5059
4501
3918
3222
2286
1134
100
-858
-1853
-2765
-3489
-4203
-4907
-5395
-5573
-5414
-5152
-4862
-4304
-3653
-2980
-2088
-1097
8
989
1721
2465
3110
3610
3878
3774
3553
3190
2463
1650
1103
577
-108
-766
-1252
-1596
-1953
-2324
-2432
-2364
-2414
-2482
-2476
-2356
-2079
-1909
-1731
-1236
-604
-9
531
1247
2187
3056
3836
4379
4773
5034
4973
4861
4567
4217
3772
2908
2133
1374
533
-179
-1085
-1960
-2790
-3689
-4396
-4887
-5133
-5226
-5232
-4892
-4359
-3549
-2469
-1355
21
1269
2149
2961
3715
4404
4767
4746
4694
4540
4190
3581
2894
2292
1419
323
-745
-1664
-2336
-3003
-3720
-4286
-4582
-4590
-4564
-4391
-3937
-3379
-2802
-2313
-1717
-852
3
710
1296
1839
2381
2758
2919
2894
2806
2652
2129
1421
912
504
10
-599
-1131
-1313
-1420
-1646
-1803
-1822
-1758
-1764
-1815
-1777
-1516
-1270
-1165
-962
-598
-121
336
822
1427
2118
2868
3421
3819
4165
4367
4408
4148
3760
3328
2639
1924
1146
336
-261
-898
-1553
-2183
-2807
-3259
-3635
-3903
-4076
-4077
-3821
-3503
-3029
-2270
-1368
-343
631
1464
2286
3042
3614
3861
3890
3815
3469
2969
2406
1778
1229
600
-141
-743
-1273
-1683
-2141
-2663
-3006
-3303
-3486
-3568
-3439
-3039
-2722
-2334
-1765
-1229
-600
13
550
1068
1439
1707
1921
2008
1979
1831
1564
1259
953
578
217
-84
-417
-763
-1027
-1123
-1105
-1103
-1131
-1095
-1012
-1004
-953
-847
-730
-598
-550
-391
-22
297
637
1038
1408
1894
2339
2646
3024
3368
3481
3353
3062
2706
2196
1489
752
102
-439
-1059
-1591
-1855
-2008
-2131
-2317
-2449
-2396
-2332
-2302
-2150
-1874
-1470
-1042
-618
11
753
1351
1833
2314
2735
2938
2815
2478
2082
1639
1053
409
-111
-471
-793
-1208
-1460
-1449
-1432
-1524
-1726
-1844
-1841
-1899
-1932
-1865
-1632
-1330
-1096
-852
-416
151
586
820
980
1241
1345
1169
938
755
538
156
-298
-562
-620
-626
-711
-747
-594
-398
-293
-218
-121
-52
-75
-254
-374
-375
-382
-397
-370
-205
102
408
757
1150
1502
1781
1941
1999
2026
2013
1930
1685
1296
879
504
192
-131
-371
-549
-709
-838
-896
-853
-803
-797
-808
-863
-860
-802
-791
-735
-594
-479
-356
-228
-64
189
409
614
787
909
912
781
605
429
267
54
-207
-386
-501
-551
-593
-618
-504
-389
-382
-426
-411
-328
-372
-480
-498
-458
-400
-394
-397
-174
107
195
199
274
417
413
246
58
-78
-240
-531
-760
-694
-474
-312
-141
159
541
858
991
1065
1159
1106
826
488
224
37
-164
-348
-384
-225
8
210
395
605
730
632
454
319
154
-58
-319
-569
-689
-742
-673
-491
-180
153
413
642
869
1029
1019
923
793
630
361
-1
-284
-532
-803
-1072
-1314
-1387
-1366
-1319
-1186
-976
-738
-515
-361
-223
-84
-30
-50
-80
-56
15
77
178
284
398
524
571
630
683
666
648
577
492
373
227
75
-153
-362
-532
-666
-803
-886
-896
-884
-834
-763
-674
-563
-443
-327
-172
28
309
630
929
1183
1389
1583
1699
1744
1743
1608
1337
974
559
198
-99
-425
-723
-923
-968
-930
-826
-708
-590
-478
-472
-518
-484
-492
-569
-642
-616
-429
-136
221
634
1082
1474
1732
1855
1850
1661
1242
674
103
-409
-877
-1280
-1558
-1722
-1805
-1799
-1741
-1580
-1340
-1144
-983
-828
-637
-398
-180
-27
158
306
346
388
527
719
874
920
925
987
994
949
907
904
840
630
314
73
-105
-360
-674
-940
-1094
-1247
-1382
-1316
-1131
-928
-706
-512
-237
37
225
437
670
912
1130
1273
1426
1556
1638
1642
1574
1498
1327
1110
849
525
193
-171
-471
-743
-989
-1141
-1246
-1261
-1206
-1110
-964
-737
-559
-377
-195
-95
-26
18
55
168
309
433
587
764
911
1022
1101
1096
967
682
298
-153
-605
-1050
-1423
-1678
-1827
-1884
-1817
-1636
-1379
-1092
-855
-628
-447
-317
-211
-78
57
124
135
219
382
624
837
937
1079
1181
1166
1048
913
854
731
459
199
-14
-216
-452
-692
-799
-869
-966
-1067
-1047
-870
-685
-545
-428
-227
-15
145
316
545
799
933
1009
1093
1218
1280
1261
1267
1225
1145
961
709
511
306
85
-131
-334
-462
-566
-630
-681
-661
-599
-574
-520
-392
-189
-31
56
114
161
191
219
239
319
417
470
500
557
636
716
669
524
351
99
-204
-547
-845
-1073
-1286
-1454
-1533
-1503
-1348
-1204
-1065
-869
-654
-456
-319
-159
37
184
227
213
273
399
499
579
659
756
804
771
740
687
582
417
177
-44
-190
-379
-563
-689
-767
-801
-839
-795
-662
-491
-365
-268
-138
-37
2
45
100
181
263
301
385
495
614
721
791
813
829
747
580
462
287
138
-19
-174
-259
-319
-338
-307
-244
-166
-120
-108
-79
-22
30
23
2
-23
-6
33
95
208
381
510
582
651
702
743
699
603
494
314
120
-90
-293
-432
-557
-696
-848
-917
-922
-878
-809
-758
-628
-474
-353
-223
-37
133
264
293
293
337
364
375
369
385
413
364
263
218
209
169
60
-61
-123
-205
-319
-417
-436
-428
-517
-588
-602
-533
-444
-423
-395
-306
-250
-259
-272
-232
-162
-109
-60
33
223
365
441
532
635
692
693
616
556
518
410
258
123
56
-24
-153
-234
-224
-172
-122
-142
-118
-29
-23
-103
-136
-103
-85
-100
-115
22
245
416
529
691
875
962
900
776
648
504
270
3
-190
-290
-428
-610
-688
-685
-663
-681
-669
-589
-467
-342
-246
-135
33
176
217
250
298
295
265
201
144
187
177
106
59
41
60
61
47
84
94
28
-78
-182
-260
-340
-480
-575
-602
-627
-642
-654
-613
-538
-483
-430
-361
-273
-179
-90
-10
97
241
331
414
500
571
614
615
566
521
426
285
185
97
23
-34
-74
-123
-154
-180
-188
-141
-119
-108
-62
-50
-52
-50
-30
32
94
166
276
435
602
716
815
934
949
809
613
449
245
-14
-223
-392
-490
-592
-722
-721
-641
-537
-451
-366
-225
-98
-30
6
68
148
159
102
112
150
131
81
36
32
40
22
-5
44
92
57
31
30
58
51
-49
-178
-274
-381
-536
-659
-698
-689
-710
-732
-666
-536
-485
-449
-371
-250
-117
-43
54
184
290
330
319
345
396
377
322
308
316
301
232
157
137
141
98
38
27
22
-8
-75
-64
-9
15
-5
-18
46
99
124
205
314
435
479
503
578
661
701
680
657
617
523
357
161
29
-118
-306
-476
-534
-526
-479
-411
-356
-216
-127
-103
-56
23
67
61
15
-28
-28
-50
-95
-110
-71
-34
3
43
107
166
204
227
220
197
144
62
-35
-105
-163
-245
-331
-428
-504
-525
-544
-513
-472
-460
-382
-357
-315
-231
-201
-157
-130
-116
-83
-17
40
91
149
192
190
164
143
148
178
192
162
147
145
100
52
14
8
-18
-76
-113
-113
-56
1
-13
9
91
163
233
326
424
485
474
425
420
436
393
308
221
173
134
37
-25
-55
-109
-178
-236
-241
-207
-162
-157
-107
-29
20
20
23
44
45
-16
-92
-108
-105
-84
-102
-103
-63
-36
-28
0
33
80
77
73
49
12
-37
-150
-215
-253
-301
-307
-314
-333
-307
-311
-313
-298
-280
-273
-296
-300
-295
-243
-182
-166
-142
-103
-65
-13
67
156
216
228
237
247
247
251
239
236
232
209
197
187
181
180
182
173
167
163
138
163
168
166
202
233
242
241
251
253
209
147
100
60
41
12
3
4
-12
-12
-19
-29
-16
-6
3
24
52
36
-2
-25
-44
-55
-45
-48
-24
1
-7
-4
0
-24
-77
-105
-122
-126
-125
-110
-92
-59
-45
-36
-15
-1
11
23
23
34
30
-21
-59
-55
-63
-114
-150
-176
-202
-218
-270
-345
-366
-404
-429
-429
-400
-334
-303
-280
-221
-128
-57
-37
-14
22
46
68
62
90
150
168
192
239
293
321
313
301
281
268
234
144
83
36
-11
-39
-38
-25
0
14
2
-6
-7
-38
-86
-116
-112
-96
-76
-69
-34
16
36
91
127
175
192
195
174
173
146
120
113
93
81
64
50
29
26
23
6
-27
-55
-83
-92
-97
-107
-88
-35
3
62
158
230
284
314
342
350
347
316
269
219
163
71
-35
-83
-138
-181
-235
-268
-289
-338
-381
-414
-397
-376
-366
-354
-307
-227
-185
-144
-60
8
60
111
175
241
279
325
364
394
422
418
388
375
335
259
174
100
33
-44
-103
-152
-213
-257
-279
-267
-251
-233
-206
-179
-170
-182
-202
-196
-212
-233
-218
-172
-144
-110
-75
-32
8
4
32
44
26
18
12
-20
-89
-162
-209
-254
-271
-262
-250
-225
-194
-165
-143
-110
-76
-18
35
112
210
292
387
457
520
557
547
499
424
375
317
244
169
78
-23
-91
-173
-208
-195
-223
-249
-276
-306
-322
-341
-332
-307
-245
-171
-122
-42
55
139
209
269
334
392
424
452
465
471
449
438
405
354
278
188
101
18
-41
-112
-153
-179
-233
-265
-286
-303
-308
-316
-318
-317
-282
-246
-222
-209
-182
-148
-141
-110
-33
25
84
126
146
160
157
104
34
0
-60
-118
-176
-212
-240
-276
-315
-345
-347
-311
-285
-234
-175
-123
-67
-13
55
137
195
242
302
343
393
423
439
441
450
435
382
321
240
168
92
15
-48
-109
-184
-264
-313
-338
-334
-329
-325
-305
-274
-230
-198
-140
-53
31
110
198
287
366
428
465
478
491
457
398
347
290
255
208
134
84
60
-9
-65
-119
-176
-211
-296
-331
-359
-377
-401
-408
-395
-348
-314
-297
-248
-164
-90
-40
36
94
154
178
189
194
211
201
144
107
71
19
-61
-132
-150
-184
-216
-230
-235
-215
-213
-212
-214
-196
-178
-164
-102
-43
62
124
160
221
257
302
340
348
351
378
377
357
321
254
187
73
-44
-118
-176
-247
-309
-366
-391
-396
-408
-387
-350
-297
-241
-178
-109
-26
44
83
127
200
277
333
382
437
485
475
440
416
362
314
247
173
130
102
58
-5
-50
-89
-151
-243
-319
-369
-393
-406
-417
-386
-333
-299
-260
-174
-73
-10
53
116
159
189
204
216
245
247
228
187
149
137
79
3
-63
-112
-129
-153
-208
-217
-209
-217
-241
-233
-207
-195
-193
-168
-103
-29
31
65
147
251
304
296
293
301
321
308
262
256
240
155
67
0
-53
-116
-208
-290
-337
-368
-398
-413
-379
-326
-285
-246
-189
-99
-45
6
34
73
140
176
210
271
349
396
431
432
428
398
344
278
212
168
112
45
-14
-46
-96
-143
-189
-248
-283
-306
-338
-356
-338
-315
-286
-240
-170
-79
-17
25
82
134
183
186
183
216
212
187
181
165
148
119
53
15
-20
-41
-85
-155
-183
-179
-211
-255
-261
-231
-194
-180
-138
-65
10
51
90
143
200
222
237
251
270
281
244
223
207
183
115
14
-50
-82
-150
-238
-275
-295
-324
-367
-407
-374
-328
-302
-250
-193
-108
-58
-25
8
68
108
125
146
161
208
211
216
264
291
308
311
286
319
299
226
154
78
-10
-99
-166
-198
-204
-222
-188
-191
-205
-192
-190
-182
-170
-139
-88
-43
-5
44
98
126
146
161
179
185
198
196
166
141
104
58
5
-12
-31
-76
-92
-103
-137
-170
-218
-247
-204
-180
-162
-104
-49
-9
21
60
105
136
168
195
225
248
233
212
186
159
121
60
-16
-49
-119
-150
-190
-235
-218
-241
-254
-249
-211
-182
-152
-147
-108
-58
-20
2
44
81
79
72
82
101
136
164
165
203
224
238
265
268
270
279
231
158
108
40
-22
-81
-138
-161
-174
-196
-197
-184
-158
-161
-144
-117
-78
-37
-15
-7
26
36
39
78
116
144
156
175
180
189
176
163
151
120
72
18
-27
-55
-76
-110
-129
-149
-177
-178
-198
-222
-227
-216
-202
-190
-155
-130
-87
-24
-8
27
73
92
89
75
52
19
-26
-61
-75
-109
-120
-158
-175
-174
-164
-149
-109
-88
-69
-78
-96
-80
-73
-38
-40
-30
1
20
38
68
87
117
146
176
232
282
325
367
388
393
384
360
308
239
180
109
17
-56
-105
-133
-151
-153
-138
-126
-124
-129
-125
-104
-98
-102
-102
-82
-48
-18
4
49
79
92
110
130
159
186
181
160
135
100
56
35
1
-37
-80
-146
-154
-157
-182
-200
-203
-192
-195
-192
-178
-152
-114
-81
-59
-19
39
63
62
73
62
49
26
8
18
18
22
-7
-26
-54
-72
-87
-86
-82
-64
-60
-77
-78
-94
-106
-112
-123
-122
-118
-119
-82
-29
40
88
115
142
170
216
250
287
331
323
300
275
251
220
158
97
47
9
-59
-109
-121
-125
-146
-171
-190
-177
-165
-169
-130
-98
-71
-27
-18
5
33
32
50
64
103
159
187
203
217
208
194
165
107
50
6
-61
-112
-153
-173
-192
-217
-230
-239
-217
-208
-185
-162
-141
-107
-81
-56
-19
-12
8
26
32
72
78
69
66
69
60
46
22
20
4
-16
-4
-7
10
13
9
-17
-54
-92
-107
-129
-131
-128
-106
-79
-50
10
68
123
144
192
226
275
307
318
319
308
283
266
255
255
242
206
155
81
22
-54
-137
-177
-194
-205
-202
-190
-185
-185
-173
-172
-159
-134
-116
-86
-78
-36
-9
-4
39
85
118
135
156
162
178
129
86
47
-16
-62
-108
-167
-200
-221
-256
-270
-260
-266
-240
-227
-222
-181
-141
-107
-80
-25
-3
-6
-1
36
39
42
63
86
91
97
82
58
55
24
14
10
15
4
4
-6
-27
-21
-39
-70
-87
-85
-89
-68
-51
-38
-23
27
69
110
171
211
258
306
342
349
360
335
289
257
210
169
144
103
62
34
1
-29
-46
-77
-93
-111
-120
-126
-140
-140
-139
-131
-102
-84
-60
-26
-15
6
17
32
71
118
145
157
142
113
103
90
55
24
-26
-94
-137
-183
-229
-248
-275
-276
-263
-267
-257
-238
-214
-184
-164
-155
-149
-141
-92
-65
-43
-14
7
-2
22
37
34
50
51
68
77
75
71
51
23
-8
-37
-48
-35
-39
-56
-64
-112
-114
-102
-86
-45
-5
30
79
146
222
280
312
342
334
332
336
337
296
250
219
188
154
133
102
47
16
-11
-17
-8
-34
-45
-58
-100
-125
-131
-136
-116
-100
-79
-40
-11
25
39
54
75
96
103
140
153
137
130
98
55
14
-18
-65
-105
-124
-140
-166
-202
-236
-254
-261
-252
-235
-198
-162
-160
-167
-137
-125
-136
-132
-112
-80
-52
-21
8
50
47
27
5
18
32
17
25
34
42
34
27
-18
-44
-67
-87
-94
-78
-62
-36
-16
-28
-33
-36
-18
13
67
138
194
218
238
247
230
202
188
186
175
165
159
119
99
78
48
44
25
-7
-17
-34
-43
-59
-80
-111
-133
-149
-157
-146
-111
-72
-37
-12
-11
6
3
21
44
54
80
84
87
81
64
28
3
-30
-57
-76
-89
-91
-100
-100
-117
-125
-131
-120
-104
-91
-70
-38
-14
-22
-18
-16
-33
-23
6
22
42
54
68
62
45
45
32
29
25
38
54
62
58
31
-8
-30
-55
-64
-67
-52
-53
-55
-39
-12
14
30
42
73
95
116
175
183
192
222
193
175
172
145
127
97
70
49
45
12
-7
-7
-14
-20
-9
7
-19
-33
-50
-83
-97
-124
-138
-137
-126
-110
-81
-49
-4
20
31
36
18
17
4
0
0
6
-2
-16
-22
-38
-59
-87
-117
-134
-137
-145
-134
-138
-132
-105
-101
-82
-62
-47
-55
-47
-48
-49
-45
-44
-47
-21
15
28
40
49
54
49
44
58
62
68
70
57
53
41
13
-21
-37
-58
-55
-55
-37
1
12
11
10
24
60
79
99
128
141
142
136
123
111
96
78
53
40
47
33
11
18
24
-1
-22
-30
-42
-40
-29
-25
-43
-62
-93
-93
-96
-84
-74
-46
-19
-5
17
36
47
42
70
83
86
89
89
79
73
61
32
34
32
23
14
-7
-14
-15
-34
-42
-35
-26
-27
-38
-38
-29
-39
-18
-22
-32
-27
-26
-36
-42
-29
-20
13
33
31
48
58
51
38
35
33
12
-7
-47
-60
-75
-101
-98
-101
-89
-72
-57
-59
-49
-31
-18
-6
7
19
35
46
64
71
80
105
91
90
86
75
69
47
16
-1
-24
-53
-32
-13
-7
1
-11
-29
-49
-73
-94
-109
-120
-125
-127
-105
-72
-33
-2
15
30
37
54
73
94
108
92
65
41
32
13
6
-11
-7
-2
-15
-11
-29
-44
-73
-95
-81
-83
-86
-83
-94
-90
-91
-96
-98
-93
-94
-74
-56
-13
22
39
65
88
86
87
92
84
105
97
115
110
76
63
32
-20
-28
-16
-19
-27
-5
5
-3
-4
-5
6
16
26
57
88
102
114
98
97
94
97
86
84
87
86
104
116
108
91
64
20
-1
-30
-48
-77
-91
-87
-96
-96
-93
-99
-108
-105
-94
-84
-61
-54
-49
-34
-23
26
60
74
99
103
92
84
80
72
52
35
20
18
30
23
-5
-45
-58
-73
-99
-89
-79
-73
-91
-109
-97
-89
-88
-75
-47
-35
-27
-11
12
22
40
43
54
75
86
86
81
77
63
53
27
-12
-33
-60
-88
-94
-95
-87
-81
-69
-53
-58
-64
-83
-75
-42
-23
-5
14
38
44
67
81
64
65
52
42
72
76
68
67
58
47
32
15
-11
-29
-55
-83
-100
-120
-137
-143
-151
-135
-116
-107
-99
-93
-59
-37
-19
-3
44
63
54
51
67
76
75
75
76
64
52
41
28
31
0
2
-10
-31
-18
-14
-29
-33
-38
-55
-48
-54
-52
-36
-33
-9
24
56
74
91
111
102
133
153
178
186
182
172
164
138
97
65
59
43
19
23
12
7
1
-2
-5
-6
-19
-15
-2
-14
-15
-21
-25
-19
-3
6
34
55
66
76
89
91
88
89
56
33
12
-19
-39
-41
-74
-109
-129
-141
-156
-165
-168
-186
-210
-216
-204
-172
-142
-115
-83
-69
-48
-16
4
7
13
42
45
50
69
55
27
7
-8
-24
-18
-26
-26
-20
-31
-48
-73
-77
-78
-97
-92
-85
-89
-85
-75
-52
-28
12
47
72
104
99
81
84
61
46
54
57
59
61
65
71
66
59
54
50
57
50
31
25
5
1
-19
-31
-25
-13
20
34
54
71
72
77
59
67
80
79
95
89
98
88
45
40
45
25
18
22
-5
-17
-29
-50
-74
-91
-116
-131
-138
-127
-122
-97
-78
-43
-2
2
6
-2
-12
-21
-16
-6
11
42
58
44
50
55
29
15
0
-16
-25
-28
-32
-28
-39
