-5
-4
-5
-4
-5
-6
-6
-4
-8
-12
-7
-4
-3
-2
-4
-5
-4
-4
-2
-2
1
2
4
3
-3
-5
0
-4
-4
2
2
2
5
5
7
6
3
2
2
4
6
5
7
9
9
7
7
10
11
8
6
8
6
9
10
7
6
8
10
6
7
8
6
5
8
6
6
5
2
1
-4
-1
-1
-3
1
-1
-2
-6
-6
-7
-11
-13
-12
-10
-6
-6
-6
-7
-8
-9
-2
-1
-1
1
0
0
2
2
0
0
-2
-2
-1
0
0
1
1
4
5
3
4
3
5
3
1
0
-3
-3
-5
-4
-4
-2
1
3
5
0
-6
-7
-7
-3
0
-1
-3
-1
0
-2
2
2
1
-2
-3
-7
-6
-5
-8
-9
-4
-2
-1
1
2
1
0
-3
-1
0
0
2
-1
-2
-5
-5
-4
-4
0
2
2
1
2
2
2
5
2
0
-1
-1
-1
0
2
4
5
4
3
3
7
11
13
15
11
8
4
8
8
7
10
8
7
7
9
4
2
2
2
0
-1
1
5
2
3
6
3
-1
-3
-4
-2
-1
3
2
-2
-7
-11
-12
-9
-7
-4
-1
-1
-3
-6
-7
-6
-4
-6
-6
-7
-7
-3
-3
0
2
3
0
1
3
1
-2
-3
-1
-5
-2
2
3
1
-1
2
0
0
3
1
0
0
-3
-1
1
2
3
2
3
0
-2
-3
-6
-1
0
-1
-3
-3
-3
-3
-4
-4
-1
-1
-2
0
-1
-3
-5
-6
-6
-3
-5
-8
-7
-6
-6
-4
-4
-3
-2
-4
-4
-3
-1
0
1
2
-1
1
-2
-3
-3
-4
-2
0
2
3
1
0
2
3
4
6
6
6
3
3
1
2
3
4
7
6
8
9
4
5
6
7
11
11
11
6
5
6
7
7
10
11
9
10
12
8
9
12
12
12
11
9
7
3
5
4
3
1
-8
-7
-5
-4
-7
-4
-4
-6
-2
-1
-1
-1
2
-3
-7
-7
-9
-9
-11
-10
-11
-13
-13
-13
-11
-10
-10
-10
-9
-6
-4
0
1
-3
-7
-8
-8
-10
-10
-6
0
-3
-2
-2
2
0
-1
1
2
2
3
3
4
6
7
6
10
10
4
3
4
-1
-3
-2
-1
0
2
4
3
3
3
2
1
0
1
-1
-2
-3
-3
-3
-6
-4
1
1
1
1
1
-3
-3
-2
-4
-5
-1
1
2
3
1
0
-1
-1
-2
1
3
4
1
-2
0
-1
0
4
3
2
1
1
1
3
4
5
9
8
8
6
2
-1
-3
-3
-2
2
3
3
3
2
4
3
3
2
2
-1
-3
-3
-1
-1
-1
-1
-2
0
1
3
3
3
1
2
0
-1
0
1
0
0
-2
-2
1
5
0
0
-2
-4
-4
-3
-3
-2
-3
-3
-1
-2
-3
-7
-6
-5
-5
-3
-1
-2
0
-1
-2
-2
-4
-3
-2
1
1
-1
-1
-4
-6
-7
-6
-4
-6
-2
-2
-2
-1
1
0
-1
0
-2
-3
-3
0
0
1
2
-1
-2
0
1
2
3
3
0
2
3
5
7
9
6
3
-3
-3
-1
0
3
8
7
8
6
3
5
6
3
2
3
0
-2
-4
-3
-3
0
2
4
3
4
4
1
3
3
-3
1
2
4
5
4
4
2
1
-1
-1
-1
-3
-4
-3
-1
1
3
5
4
2
1
-2
-1
-2
-1
-2
-5
-7
-5
-6
-5
-5
-7
-5
-6
-7
-4
0
0
-2
-2
-4
-2
-4
-5
-1
-2
-1
-1
0
-1
0
1
-2
0
1
0
-1
0
1
1
0
-3
-1
2
3
5
2
5
6
7
5
4
4
0
0
0
-2
-2
-1
1
2
5
5
6
8
7
10
10
6
7
4
2
-1
0
-2
-4
-4
-6
-6
-6
-6
-8
-5
-4
-5
-4
-3
-2
-2
-3
-4
-5
-9
-8
-7
-7
-6
-5
-4
-4
0
1
-1
1
4
2
4
5
3
3
0
-2
-5
-5
-4
-5
-5
-4
-4
-3
-1
0
0
2
2
3
1
2
1
2
3
1
3
3
4
4
6
7
6
6
6
6
6
5
5
6
1
2
1
2
3
4
5
5
2
1
2
1
2
3
3
0
-2
-2
-1
0
1
5
6
2
0
1
2
3
3
5
2
2
0
3
3
3
4
0
-4
-5
-4
-3
-4
-6
-6
-7
-6
-3
-2
2
2
3
0
-1
-1
-4
1
-1
-4
-4
-9
-10
-10
-6
-5
-4
-2
0
-1
1
1
0
-2
-4
-7
-7
-11
-11
-8
-10
-8
-5
-3
-4
-5
-5
-5
-5
-4
-1
1
-4
-2
-3
0
3
6
8
6
2
0
-2
-3
0
4
5
8
8
8
10
12
13
12
8
8
7
6
7
6
6
5
7
7
7
5
5
4
6
6
5
8
10
12
11
13
10
7
8
9
8
6
5
1
1
2
3
1
0
-4
-8
-9
-10
-11
-10
-12
-13
-12
-12
-12
-14
-14
-16
-16
-16
-18
-17
-16
-17
-16
-15
-14
-14
-13
-15
-13
-15
-15
-14
-17
-16
-12
-10
-9
-2
-4
0
1
0
0
-1
2
1
2
2
-1
-5
-3
0
2
7
9
9
9
11
13
12
15
16
17
21
19
23
26
25
26
25
25
22
20
22
20
21
18
22
25
26
24
25
22
17
15
13
15
15
17
18
15
14
15
17
21
23
24
23
19
15
8
4
1
0
-2
-6
-9
-11
-12
-13
-15
-15
-19
-21
-21
-24
-24
-27
-28
-31
-35
-39
-44
-46
-49
-50
-51
-51
-52
-52
-54
-54
-53
-54
-51
-50
-49
-46
-44
-43
-38
-36
-33
-27
-25
-22
-20
-17
-16
-15
-15
-15
-14
-15
-10
-7
-5
1
3
4
6
8
7
14
20
21
23
32
36
40
47
52
55
56
59
61
63
63
64
62
65
64
62
68
67
67
66
71
76
77
77
75
77
75
73
78
74
70
65
66
71
77
78
76
68
51
33
18
10
8
13
10
-1
-15
-41
-61
-71
-72
-67
-66
-68
-78
-91
-102
-102
-104
-104
-101
-107
-114
-119
-119
-112
-108
-112
-120
-126
-128
-126
-113
-99
-89
-88
-92
-94
-93
-89
-79
-64
-59
-55
-49
-47
-45
-41
-37
-32
-29
-31
-27
-19
-8
4
16
22
28
25
30
40
48
63
71
77
79
80
84
89
96
103
106
102
100
98
95
98
105
106
106
101
98
97
103
110
114
118
116
104
99
93
96
100
110
116
116
111
104
103
110
132
154
171
173
161
137
118
93
82
79
81
77
54
12
-29
-72
-98
-109
-115
-105
-118
-142
-181
-202
-217
-218
-203
-194
-190
-192
-209
-222
-216
-207
-200
-203
-219
-232
-237
-234
-214
-186
-163
-152
-149
-160
-160
-146
-128
-107
-89
-82
-90
-93
-99
-97
-86
-80
-86
-98
-102
-104
-94
-75
-53
-31
-11
-8
1
25
50
81
107
120
120
123
127
136
156
167
170
160
148
134
130
145
146
150
151
145
146
150
174
192
204
210
201
190
185
186
182
182
185
175
164
156
157
166
176
179
169
152
141
124
115
124
136
138
140
132
138
176
225
256
246
206
155
100
60
63
95
120
94
31
-61
-155
-224
-266
-264
-233
-207
-221
-280
-340
-373
-376
-360
-335
-307
-305
-328
-347
-345
-314
-282
-270
-285
-315
-349
-353
-329
-280
-222
-182
-176
-196
-213
-205
-178
-135
-101
-78
-82
-118
-138
-147
-133
-118
-116
-134
-156
-163
-157
-140
-108
-66
-39
-31
-25
-12
15
58
96
131
150
158
166
183
207
233
254
262
247
225
207
206
209
218
219
219
213
220
241
256
287
293
280
266
265
274
291
302
311
292
266
245
229
227
243
247
242
225
202
191
176
173
180
178
159
135
106
91
96
91
96
109
136
186
229
228
211
167
105
46
21
68
120
123
69
-38
-164
-291
-391
-412
-376
-343
-346
-391
-460
-519
-526
-508
-466
-418
-386
-399
-442
-436
-406
-357
-316
-311
-332
-359
-392
-386
-340
-292
-234
-222
-250
-275
-287
-269
-234
-194
-146
-133
-158
-188
-210
-198
-179
-160
-166
-183
-181
-175
-154
-120
-78
-41
-27
-36
-3
41
109
184
237
271
286
295
312
357
399
447
452
421
384
352
344
351
356
356
343
318
291
285
313
337
359
362
339
325
303
309
335
352
369
332
284
248
226
240
257
257
233
179
144
116
115
129
137
133
118
90
79
69
65
64
58
65
56
75
156
248
298
305
261
159
46
13
46
145
217
181
53
-142
-353
-496
-560
-535
-486
-485
-540
-643
-702
-730
-699
-641
-608
-582
-589
-623
-603
-525
-416
-344
-338
-370
-426
-450
-424
-373
-328
-283
-302
-369
-426
-418
-363
-286
-227
-194
-183
-210
-258
-279
-259
-231
-213
-219
-236
-239
-195
-138
-75
-18
19
37
51
103
196
311
389
443
474
504
527
566
632
643
629
578
500
436
437
479
505
507
489
444
383
363
356
400
457
469
444
424
417
428
487
500
474
454
431
383
380
411
432
446
402
362
294
238
239
234
260
261
224
166
108
77
55
49
46
-3
-73
-131
-150
-51
111
260
334
296
165
45
-49
-28
82
207
260
154
-58
-326
-566
-766
-842
-857
-861
-933
-1071
-1235
-1333
-1311
-1225
-1123
-1063
-1024
-1022
-1045
-1009
-865
-667
-511
-470
-483
-471
-436
-339
-216
-111
-79
-148
-260
-345
-323
-185
-33
16
12
-48
-136
-230
-278
-241
-187
-187
-242
-260
-250
-161
-53
38
57
63
58
71
144
320
534
692
759
783
829
878
943
1001
999
959
846
732
672
682
718
715
649
523
429
379
375
427
497
536
528
462
441
443
530
577
556
518
493
472
455
494
589
632
604
529
445
393
364
363
372
365
295
193
104
57
25
19
-5
-79
-166
-272
-379
-423
-405
-320
-138
41
203
218
138
11
-130
-221
-170
38
251
293
154
-90
-396
-756
-1065
-1244
-1346
-1415
-1575
-1720
-1777
-1748
-1684
-1617
-1591
-1575
-1587
-1570
-1478
-1224
-855
-553
-340
-251
-180
-127
-85
-48
-4
26
23
-24
-30
75
190
259
213
83
-141
-301
-407
-474
-443
-380
-356
-407
-423
-348
-258
-185
-117
-107
-46
59
216
474
784
1022
1207
1280
1308
1407
1524
1596
1626
1616
1538
1432
1297
1225
1162
1061
908
664
493
415
381
441
485
457
422
311
267
304
397
537
584
551
514
468
450
546
624
694
718
676
572
503
484
457
413
333
217
111
33
-63
-123
-117
-155
-258
-452
-606
-719
-806
-843
-698
-461
-21
449
502
387
139
-190
-447
-398
114
713
1013
804
227
-472
-1181
-1752
-1968
-1933
-1792
-1846
-2062
-2211
-2294
-2245
-2349
-2510
-2682
-2726
-2593
-2206
-1532
-699
-65
129
25
-182
-244
-169
112
440
780
981
989
868
795
710
451
27
-454
-720
-811
-653
-504
-372
-428
-763
-1236
-1599
-1643
-1347
-849
-413
-66
164
309
483
674
913
1231
1518
1740
2018
2395
2818
3004
2879
2637
2284
1987
1767
1732
1798
1771
1519
1127
627
239
-14
-132
-99
-92
-46
-43
-68
-74
43
153
229
259
350
559
776
1000
1129
1237
1287
1272
1142
1155
1110
1131
999
807
565
374
184
-56
-201
-368
-534
-768
-747
-320
377
725
417
-297
-1013
-1302
-1161
-250
1131
2123
1816
272
-1422
-2641
-3065
-2795
-1818
-803
-616
-1429
-2741
-3809
-4275
-4058
-3541
-2906
-2414
-1996
-1770
-1661
-1541
-1289
-1080
-1152
-1030
-405
652
1475
1764
1505
927
170
-310
-130
525
1152
1286
735
-258
-1070
-1446
-1339
-1096
-857
-801
-1085
-1588
-1922
-1739
-1286
-858
-623
-395
-33
370
812
1275
1718
1922
2027
2143
2475
3007
3470
3634
3353
2965
2647
2527
2513
2557
2467
2097
1413
620
84
-62
22
36
-39
-315
-597
-895
-973
-758
-313
118
376
501
674
1008
1241
1528
1759
2061
2071
1935
1755
1782
1826
1670
1472
1199
922
514
76
-300
-18
682
1387
1142
-45
-1257
-1959
-1909
-1248
499
2175
2297
133
-2573
-4111
-4206
-3329
-1927
-373
3
-1376
-3839
-5501
-5677
-4617
-3108
-1892
-1360
-1647
-2228
-2834
-2913
-2222
-955
22
287
319
654
944
636
103
-35
225
375
598
1061
1306
813
-388
-1583
-2128
-1836
-1028
-268
-165
-830
-1800
-2659
-3034
-2568
-1269
16
392
-21
-404
-404
-67
653
1623
2610
3071
2990
2810
2825
2972
3215
3401
3469
3454
3370
3163
2673
2106
1604
1252
927
718
710
740
344
-316
-957
-1107
-947
-532
53
625
867
750
623
741
1221
1790
2438
2739
2908
2725
2646
2470
2392
2317
2191
1957
1402
943
619
1013
1580
1866
1178
-175
-1464
-1915
-1424
-215
1346
1956
799
-1951
-4194
-4800
-3721
-2181
-895
-553
-1825
-4137
-6158
-6258
-4869
-2935
-1655
-1363
-2130
-3311
-3824
-3389
-2128
-850
204
474
119
-397
-347
-34
143
173
254
485
384
257
144
-19
-640
-1389
-1768
-1682
-1413
-1183
-1164
-1643
-2320
-2780
-2618
-2151
-1593
-1060
-694
-768
-1059
-874
-144
756
1393
1913
2256
2463
2561
2823
3329
3703
3871
3779
3658
3367
3126
2933
2690
2218
1709
1407
1281
1241
1043
788
313
-227
-721
-682
-288
214
669
907
936
804
849
1103
1622
2177
2767
3228
3387
3252
3036
2903
2653
2540
2360
2365
2038
1485
880
943
1656
2379
2181
685
-991
-2081
-1920
-869
880
2161
1724
-1010
-4317
-5779
-4829
-2699
-927
-255
-1232
-3605
-6318
-7223
-5840
-3400
-1432
-940
-1816
-3440
-4415
-4031
-2454
-771
294
596
9
-996
-1470
-826
31
607
824
1013
785
-230
-1349
-1797
-1444
-953
-335
89
-266
-1732
-3325
-4074
-3644
-2513
-1200
-483
-900
-2078
-3105
-3007
-1977
-546
915
1928
1931
1270
962
1540
2597
3494
4076
4328
4172
3662
3281
3315
3432
3289
2956
2607
2217
1815
1595
1384
959
479
204
164
136
95
99
139
140
85
378
829
1211
1396
1617
1887
2273
2650
3023
3334
3331
3139
2977
2968
2844
2616
2248
1681
1404
1937
3101
3673
2501
179
-1551
-1761
-737
1047
2827
3251
857
-3128
-5825
-5325
-2782
-528
387
-594
-3176
-6383
-7839
-6433
-3506
-1215
-630
-1676
-3731
-5308
-5101
-2911
-448
830
768
-26
-1120
-2007
-1569
-229
914
1111
702
324
-266
-1147
-1842
-1883
-1678
-1311
-820
-455
-1052
-2582
-4003
-4509
-3993
-2971
-1668
-1096
-1749
-3130
-3900
-3285
-1805
-212
920
1358
791
81
285
1637
3266
4250
4399
3964
3279
2710
2966
3732
4259
4037
3284
2426
1702
1288
1383
1707
1632
1103
477
98
-114
-185
-14
330
584
764
1053
1344
1458
1391
1566
1962
2479
2982
3404
3605
3301
2910
2678
2684
2779
2605
2316
2053
2226
2992
3755
3236
1173
-1050
-1665
-525
1477
3061
3447
1819
-1834
-4982
-5336
-2790
123
1248
11
-2768
-5790
-7485
-6298
-3333
-877
-452
-1685
-3573
-4951
-4902
-3168
-528
935
593
-609
-1409
-1654
-1294
-474
357
674
308
94
202
8
-938
-1898
-2444
-2229
-1296
-214
163
-906
-3115
-4967
-5056
-3645
-1669
-506
-928
-2802
-4612
-5004
-3521
-989
810
1254
446
-873
-1515
-579
1476
3452
4259
3730
2656
1866
1862
2624
3623
3994
3576
2679
1834
1419
1362
1446
1467
1240
771
535
527
558
332
30
-42
263
747
1140
1409
1386
1182
1086
1502
2294
3069
3328
3079
2562
2177
2158
2445
2884
2822
2629
2809
3649
4239
3256
1210
-511
-425
1173
3145
4298
3758
959
-2661
-4639
-3482
-376
1733
1463
-1081
-4217
-6592
-6647
-4154
-1272
-38
-1144
-3280
-4831
-4867
-3464
-1045
917
1168
-29
-1356
-1677
-1258
-377
317
584
266
-316
-441
-264
-506
-1197
-1846
-2176
-1973
-1515
-958
-840
-1623
-3000
-4013
-3942
-3137
-2041
-1502
-1875
-2900
-3873
-3855
-2625
-1146
-302
-203
-711
-1158
-985
3
1384
2441
2566
2135
1890
1890
2167
2598
2970
2965
2664
2097
1686
1618
1518
1502
1426
1252
863
533
363
489
624
621
641
691
739
807
994
886
797
830
1244
1798
2213
2405
2291
1871
1536
1573
1869
2254
2281
1829
1560
1999
3012
3540
2924
1272
-221
-293
1159
3188
4519
3721
821
-2213
-3459
-1927
862
2567
1722
-938
-3676
-5005
-3974
-1800
-502
-821
-2310
-3604
-3519
-2617
-1682
-1195
-1418
-1789
-1653
-955
-293
-122
-821
-1804
-2027
-1329
-48
1144
1123
-382
-2122
-3130
-2710
-1173
210
554
-229
-1867
-3443
-3743
-2811
-1383
-537
-966
-2284
-3259
-3400
-2746
-1674
-1070
-1035
-1248
-1431
-1294
-638
83
532
777
841
1135
1825
2348
2311
1994
1710
1751
2120
2454
2571
2381
1839
1172
839
799
897
1021
1030
884
571
223
119
348
564
617
579
514
367
288
405
751
1253
1553
1552
1434
1254
984
929
1253
1647
2275
2984
3487
3324
2383
1172
683
1537
2849
3902
4097
2836
670
-1045
-1346
-99
1602
1967
613
-1362
-3087
-3514
-2242
-668
-69
-761
-2283
-3210
-2680
-1534
-595
-318
-926
-1640
-1578
-944
-324
-179
-992
-2047
-2344
-1960
-1075
-176
-333
-1482
-2709
-3448
-3015
-1679
-708
-567
-1112
-2173
-2925
-2784
-2216
-1454
-922
-1178
-1861
-2321
-2447
-1969
-1202
-967
-1088
-1154
-1116
-744
-190
158
349
374
255
331
856
1386
1588
1406
1015
811
935
1170
1441
1568
1374
1114
1043
1083
1132
1111
1047
1167
1383
1498
1478
1360
1043
779
736
910
1092
1090
832
643
635
681
808
955
1014
866
773
998
1623
2167
2294
2046
1703
1789
2237
2722
3211
3421
2910
2131
1559
1453
1942
2371
1917
932
27
-791
-873
-348
-34
-117
-885
-2202
-2982
-2766
-2087
-1271
-777
-1132
-1927
-2509
-2617
-1949
-1129
-1060
-1410
-1712
-2007
-1950
-1534
-1341
-1347
-1583
-2015
-2077
-1818
-1695
-1637
-1530
-1662
-1876
-1964
-2045
-1971
-1887
-1897
-1684
-1463
-1563
-1696
-1803
-1761
-1476
-1159
-1027
-980
-814
-594
-81
328
362
352
440
646
997
1354
1520
1555
1333
1104
1116
1242
1278
1254
1191
1144
1248
1273
1197
1088
889
806
992
1183
1369
1412
1078
686
478
508
846
1109
937
637
464
437
639
1183
1775
2147
2083
1667
1446
1748
2185
2463
3028
3472
3479
3089
2370
1817
1672
1477
1031
1067
1194
864
399
-208
-894
-1336
-1713
-1882
-1499
-1187
-1331
-1608
-1793
-1976
-1946
-1792
-1627
-1449
-1587
-1863
-1683
-1191
-935
-921
-1239
-1798
-2054
-2048
-1857
-1330
-1037
-1298
-1533
-1687
-1809
-1701
-1585
-1661
-1648
-1502
-1331
-939
-804
-1196
-1725
-2034
-2010
-1395
-649
-427
-575
-987
-1284
-1033
-494
11
425
567
406
412
687
1022
1276
1234
1007
931
993
1092
1288
1302
1003
755
714
898
1083
1005
740
552
540
664
1087
1431
1438
1164
804
646
767
879
879
955
893
851
1162
1611
1847
1772
1413
1375
1710
1890
2179
2750
3019
2914
2555
2005
1729
1620
1096
725
794
539
159
-95
-415
-731
-1215
-1983
-2324
-2091
-1818
-1490
-993
-910
-1353
-1906
-2345
-2255
-1759
-1285
-932
-628
-856
-1378
-1601
-1651
-1595
-1401
-1260
-1209
-1089
-1182
-1317
-1258
-1292
-1328
-1131
-982
-1078
-1061
-1018
-1001
-879
-847
-916
-877
-876
-1011
-916
-810
-898
-747
-386
-109
41
-83
-371
-391
-88
210
673
1117
1120
846
536
369
509
855
1087
1188
1103
857
767
885
944
900
818
806
961
1116
1223
1243
1045
766
707
917
1301
1473
1195
853
857
1242
1988
2572
2441
1777
1242
1166
1385
2064
2859
3095
2777
2003
1257
1029
1018
632
306
423
288
-47
-378
-913
-1492
-2157
-2788
-2746
-2083
-1649
-1554
-1488
-1590
-1899
-2085
-2096
-1789
-1420
-1347
-1272
-1082
-1153
-1381
-1383
-1379
-1374
-1344
-1343
-1264
-1079
-1001
-880
-670
-716
-939
-926
-780
-723
-629
-636
-633
-537
-460
-419
-388
-540
-824
-918
-735
-437
-150
121
134
-20
-143
-241
-162
93
386
658
842
779
459
247
183
189
432
754
846
746
535
334
410
705
1006
1155
1158
972
830
994
1206
1302
1323
1191
1067
1100
1114
1154
1234
1329
1683
2327
2689
2505
2050
1750
1781
2031
2570
3180
3463
3144
2230
1373
1067
963
558
212
138
-126
-581
-1054
-1539
-1992
-2520
-3086
-3063
-2494
-2090
-2028
-2128
-2367
-2626
-2639
-2410
-1989
-1712
-1744
-1816
-1668
-1473
-1303
-1107
-1131
-1302
-1422
-1448
-1212
-782
-631
-578
-430
-406
-414
-355
-478
-642
-530
-232
109
409
344
4
-327
-761
-902
-514
-30
315
399
279
37
-282
-391
-134
366
676
653
505
328
190
167
267
437
428
171
-27
-13
58
135
246
302
303
295
329
438
491
539
689
958
1212
1348
1337
1168
993
868
969
1243
1580
1946
2255
2401
2218
1942
1977
2276
2443
2609
3020
3386
3296
2779
2095
1666
1461
1029
549
477
271
-333
-814
-1167
-1552
-1969
-2616
-3129
-3049
-2824
-2644
-2280
-1997
-2162
-2503
-2779
-2856
-2652
-2403
-2168
-1743
-1358
-1335
-1437
-1635
-1918
-1939
-1684
-1280
-831
-494
-414
-432
-448
-551
-478
-271
-216
-62
277
465
467
353
137
42
116
174
339
511
356
187
298
425
505
499
362
297
331
293
374
592
597
458
409
324
216
111
-52
-101
-25
79
146
217
123
-84
-139
-120
3
331
603
721
692
534
455
461
510
613
882
1299
1831
2222
2332
2187
1783
1740
2142
2534
2781
3020
3092
2955
2661
2203
1973
1761
1076
463
438
389
131
-161
-659
-1178
-1800
-2586
-2902
-2593
-2354
-2318
-2139
-2066
-2219
-2423
-2678
-2732
-2624
-2535
-2292
-1777
-1498
-1568
-1692
-1942
-2054
-1969
-1732
-1372
-991
-861
-827
-707
-710
-650
-471
-295
-146
14
145
379
484
403
517
681
654
722
766
725
772
726
658
899
1095
1040
1066
945
729
724
758
706
803
822
662
591
336
-22
-140
-154
-238
-130
-40
-143
-151
-156
-213
-82
-5
-89
11
183
287
399
479
463
461
451
474
810
1401
1899
2118
2082
1892
1859
2141
2322
2496
2930
3194
3126
2778
2189
1709
1428
951
409
312
239
-111
-445
-848
-1320
-1858
-2526
-2955
-2803
-2407
-2165
-1965
-1845
-2053
-2370
-2610
-2677
-2505
-2374
-2273
-1990
-1742
-1890
-2163
-2359
-2488
-2253
-1805
-1372
-1012
-956
-1213
-1360
-1191
-915
-490
-185
-158
-94
11
136
285
415
406
498
701
826
993
1068
946
834
967
1222
1470
1580
1539
1464
1415
1364
1415
1469
1328
1146
953
846
782
643
374
175
30
-79
-3
59
-24
-99
-129
-101
-10
44
80
121
171
226
219
268
396
379
491
993
1454
1777
1875
1646
1607
2025
2353
2489
2889
3049
2932
2916
2621
2184
1982
1421
591
435
417
43
-260
-671
-1370
-1843
-2355
-2988
-3013
-2804
-2780
-2564
-2245
-2359
-2547
-2752
-3053
-2883
-2551
-2447
-2183
-1857
-2007
-2213
-2276
-2348
-2178
-1924
-1780
-1495
-1210
-1353
-1521
-1442
-1302
-921
-339
-81
-75
-57
-203
-255
112
377
450
577
524
432
603
775
905
1143
1212
1188
1265
1314
1362
1467
1575
1661
1755
1719
1565
1420
1293
1186
1123
1096
1057
1012
800
554
396
258
178
242
373
447
454
357
290
289
244
139
99
178
361
769
1350
1694
1711
1407
1127
1497
2179
2490
2827
3196
3107
2925
2712
2315
2131
1937
1209
829
961
645
148
-245
-889
-1442
-1832
-2389
-2634
-2471
-2604
-2869
-2746
-2704
-2868
-2963
-3202
-3333
-3161
-3161
-3171
-2861
-2704
-2805
-2832
-2922
-3075
-2962
-2731
-2375
-1776
-1455
-1560
-1596
-1603
-1561
-1064
-512
-219
-71
-62
-195
-79
262
483
698
813
700
657
792
941
1137
1417
1561
1538
1482
1418
1467
1587
1716
1840
1918
1928
1823
1630
1448
1305
1230
1200
1274
1339
1268
1128
904
689
608
681
849
993
1047
933
750
607
526
522
586
670
999
1511
1848
1905
1610
1298
1401
1786
2053
2559
3119
3088
2809
2387
1909
1796
1768
1231
852
839
504
106
-139
-590
-1120
-1626
-2293
-2517
-2203
-2138
-2387
-2444
-2506
-2715
-2781
-2943
-3058
-2976
-3090
-3322
-3166
-3053
-3180
-3275
-3442
-3556
-3533
-3523
-3422
-2943
-2547
-2451
-2324
-2216
-2247
-2062
-1643
-1189
-706
-427
-479
-515
-337
-115
141
515
723
756
912
1022
1172
1466
1691
1789
1949
1991
1921
1951
2006
2117
2264
2308
2174
1973
1723
1485
1350
1289
1243
1248
1277
1201
1080
850
548
438
569
790
1034
1186
1145
1043
884
726
846
1246
1777
2244
2408
2248
1945
1884
2059
2322
2863
3453
3645
3477
2935
2351
2233
2203
1849
1647
1539
1031
593
280
-132
-459
-990
-1683
-1930
-1780
-1806
-1959
-2022
-2178
-2323
-2429
-2541
-2563
-2548
-2770
-2957
-2884
-2947
-3174
-3425
-3616
-3598
-3513
-3602
-3701
-3654
-3623
-3472
-3179
-2895
-2714
-2769
-2877
-2724
-2340
-1893
-1568
-1485
-1467
-1417
-1353
-1113
-687
-468
-270
62
260
487
801
862
1003
1346
1556
1718
1917
1934
1879
2018
2080
2073
2153
1999
1731
1655
1595
1602
1690
1639
1494
1493
1395
1197
1195
1228
1212
1295
1385
1364
1364
1320
1349
1700
2106
2260
2292
2260
2299
2488
2609
2804
3268
3639
3766
3627
3209
2802
2519
2160
1970
2155
2150
1942
1612
1028
564
138
-463
-848
-726
-581
-744
-980
-1309
-1685
-1923
-2126
-2157
-1934
-2003
-2380
-2643
-2756
-2850
-2984
-3213
-3453
-3509
-3559
-3622
-3499
-3513
-3714
-3732
-3577
-3361
-3067
-2914
-2970
-2873
-2696
-2531
-2220
-1955
-1897
-1914
-1880
-1807
-1719
-1531
-1302
-1010
-609
-261
-107
-130
-168
-65
221
665
982
1104
1139
1111
1129
1217
1356
1379
1361
1360
1416
1461
1478
1449
1404
1431
1516
1631
1690
1717
1651
1591
1653
1676
1697
1890
2095
2275
2426
2391
2229
2215
2442
2674
2859
3067
3188
3207
3231
3103
2968
2980
2693
2174
1916
1854
1821
1904
1775
1465
1143
518
-47
-18
200
244
194
-28
-308
-472
-701
-1003
-994
-1076
-1390
-1517
-1565
-1729
-1945
-2273
-2655
-2813
-2847
-2942
-2921
-2861
-3063
-3293
-3335
-3322
-3190
-2989
-2942
-2839
-2656
-2582
-2466
-2355
-2340
-2255
-2120
-1953
-1761
-1677
-1756
-1754
-1612
-1330
-936
-640
-576
-616
-690
-674
-449
-225
-29
189
266
297
353
284
227
180
205
398
667
812
765
682
557
556
785
1077
1342
1485
1414
1275
1301
1515
1814
2183
2430
2464
2374
2268
2372
2618
2831
3086
3371
3511
3480
3201
2837
2739
2691
2479
2392
2356
2042
1702
1378
1109
1085
934
561
402
392
298
199
162
60
-5
-118
-306
-316
-352
-606
-816
-868
-956
-1052
-1215
-1483
-1651
-1793
-1994
-2016
-1953
-2036
-2170
-2279
-2369
-2386
-2353
-2313
-2278
-2202
-2143
-2107
-2078
-2102
-2103
-2041
-1903
-1764
-1686
-1648
-1686
-1662
-1460
-1217
-1018
-907
-870
-813
-702
-583
-545
-507
-457
-395
-210
6
129
6
-229
-405
-408
-195
27
182
200
61
-52
9
212
404
533
603
678
784
926
1068
1279
1471
1585
1668
1722
1776
1934
2108
2209
2462
2785
2992
3023
2868
2630
2513
2372
2208
2217
2258
2132
1920
1618
1299
1099
837
595
614
669
559
437
281
96
19
-94
-178
-110
-145
-340
-534
-665
-775
-861
-985
-1105
-1152
-1263
-1430
-1503
-1534
-1576
-1517
-1477
-1459
-1402
-1377
-1393
-1317
-1208
-1184
-1084
-1073
-1140
-1172
-1241
-1242
-1137
-1059
-1136
-1172
-1213
-1218
-1075
-938
-886
-831
-826
-839
-707
-548
-520
-562
-586
-470
-213
-16
-8
-149
-337
-492
-479
-311
-84
1
-43
-101
-64
60
124
113
123
229
375
513
589
590
518
578
675
806
833
778
711
820
1035
1372
1728
1866
1855
1747
1714
1797
1860
1731
1548
1504
1504
1560
1608
1418
1053
682
409
446
667
773
721
571
351
189
148
69
-5
-76
-232
-340
-349
-457
-610
-755
-981
-1120
-1152
-1197
-1195
-1074
-1062
-1070
-1035
-1009
-955
-820
-705
-616
-446
-435
-455
-420
-423
-451
-459
-519
-561
-537
-488
-462
-415
-452
-558
-584
-599
-536
-415
-361
-340
-310
-323
-335
-262
-185
-132
-69
-94
-109
-95
-162
-268
-276
-274
-204
-84
-34
-3
-34
-107
-161
-48
157
266
311
280
198
155
91
95
221
288
244
155
165
264
382
523
664
852
1071
1213
1328
1305
1156
1036
972
995
1072
1098
1022
931
758
562
423
278
149
87
175
287
317
247
76
-101
-203
-261
-202
-143
-127
-177
-231
-250
-333
-466
-700
-878
-942
-927
-811
-666
-560
-552
-672
-694
-585
-481
-370
-291
-273
-270
-260
-225
-209
-250
-337
-413
-407
-373
-386
-372
-402
-411
-346
-332
-325
-326
-341
-286
-115
52
137
99
-37
-124
-104
-37
43
93
42
-44
-49
-27
-13
-24
-100
-138
-101
17
141
190
183
151
137
187
198
172
114
16
16
137
280
369
407
426
439
472
555
635
711
844
1078
1295
1403
1305
971
712
572
576
692
794
732
582
403
204
130
-23
-279
-438
-438
-289
-48
108
67
-98
-294
-455
-467
-356
-276
-222
-202
-175
-126
-155
-315
-492
-619
-658
-582
-402
-258
-229
-268
-385
-445
-477
-523
-574
-611
-622
-546
-378
-267
-293
-422
-612
-738
-720
-651
-555
-471
-459
-403
-221
-219
-335
-484
-613
-673
-515
-268
44
185
125
-55
-166
-247
-287
-199
-67
35
186
242
182
56
-108
-139
6
216
367
434
339
208
154
183
254
370
420
423
422
482
544
653
739
761
777
843
894
904
1092
858
891
1052
1364
1455
1767
1759
1388
577
-94
-313
-6
921
1783
2390
1918
624
-722
-1505
-1504
-742
419
1371
1498
1005
234
-497
-1177
-1726
-1974
-1668
-1043
-428
-18
71
-434
-1476
-2426
-2743
-2587
-2293
-1798
-913
68
737
1014
869
350
-668
-1575
-1402
-242
1101
2090
2633
2435
1363
-221
-1466
-1859
-1764
-1471
-790
-30
144
-461
-1372
-2122
-2693
-3220
-3334
-2668
-1717
-1066
-636
-297
-383
-1008
-1691
-1770
-1248
-592
35
733
1195
1307
1037
874
905
807
361
185
306
502
704
868
1301
2346
3988
5222
5542
4539
2569
780
317
1477
4416
7390
8236
6362
3120
-139
-2506
-3781
-3917
-3131
-2448
-2861
-3373
-3125
-2777
-3476
-5184
-6707
-7189
-6710
-5167
-2022
2068
4696
4805
3451
2169
1488
1176
1565
3148
4976
5777
5558
5352
5186
4058
1657
-879
-2320
-3097
-3548
-3030
-1657
-628
-989
-2723
-4591
-5947
-7309
-8061
-7122
-5217
-3405
-2019
-956
45
426
-237
-931
-646
304
1546
3355
5412
6854
7019
6010
4739
3603
2220
900
241
174
120
-352
-1027
-1796
-3000
-4819
-6416
-7178
-7205
-6677
-5620
-4246
-2759
-1956
-1657
-1385
-733
-300
610
1670
2853
3729
5020
7821
10054
11142
10591
8498
6115
4257
2673
3938
6627
7889
6689
3821
662
-2113
-5099
-7944
-8980
-8607
-9393
-9996
-8996
-6595
-4672
-5155
-6549
-6653
-6418
-6309
-4575
95
5153
8264
8864
8853
9566
9054
7358
6288
6298
6423
5331
4272
4756
5373
3980
756
-2294
-4767
-7296
-9445
-10034
-8235
-6628
-6790
-7129
-6913
-6743
-7161
-7433
-6612
-4709
-3121
-1901
685
4216
6514
7416
7311
7028
6751
5725
5280
5946
6494
6031
4533
3201
2002
195
-2183
-4295
-5855
-7355
-8771
-9304
-8746
-7806
-7243
-7039
-6219
-5644
-5087
-4462
-3128
-1193
1064
2751
4469
6045
6640
8685
10801
11812
12150
11042
8668
7461
5514
4957
6595
7132
5839
2887
-721
-3257
-5699
-8649
-10464
-10328
-10550
-11565
-11143
-9279
-6391
-5216
-5854
-5417
-3868
-2742
-1320
1728
6259
9451
10087
9843
10827
12078
11378
9720
8451
7611
5704
2873
1689
2225
1826
-768
-4135
-6222
-7386
-9287
-10871
-10456
-9578
-10075
-10787
-9855
-6885
-4303
-3284
-2378
-807
407
1021
2417
5370
8314
9308
9018
9171
9802
9344
8044
6542
5311
3273
359
-1690
-2292
-2675
-4110
-6202
-7827
-9106
-10527
-11412
-10896
-9563
-8666
-7989
-6915
-5040
-3014
-1547
-109
1680
3278
4080
4990
6067
8743
11742
12846
13257
12656
10465
8375
5766
4293
4966
4423
2571
113
-2636
-4279
-5942
-8223
-9768
-10669
-11955
-13336
-13105
-11034
-7807
-5504
-4686
-3168
-1497
-270
1668
4311
7511
9771
10006
9990
11157
12328
12571
11883
10258
8192
5153
1663
-490
-1186
-2458
-4564
-6930
-8692
-9341
-9896
-10238
-9785
-9652
-10496
-11119
-10204
-7473
-4059
-986
1738
4030
5393
6382
7693
9176
10403
10485
9808
9383
9342
9274
9121
8215
6181
3098
-903
-3893
-5753
-6950
-7991
-8842
-9951
-10636
-11037
-10789
-9798
-8989
-8370
-7688
-6223
-4324
-1740
952
2910
4616
5491
5947
6482
7388
10118
12477
13197
12967
11053
8587
6373
3640
2906
3086
1825
-350
-3267
-5499
-6312
-7847
-9917
-11421
-12492
-13536
-13725
-12075
-8906
-5103
-2992
-2049
-337
1147
2618
4756
6923
8963
10220
10455
11091
12294
12722
12224
10448
7235
3551
-119
-2922
-4159
-5120
-6655
-8110
-9481
-10506
-10998
-11197
-10609
-9982
-10373
-10298
-8551
-5665
-2471
553
3250
5389
6535
7219
8630
10322
11334
11440
10752
9960
9295
8359
7419
6523
4750
1931
-1126
-3565
-5141
-6443
-7772
-8830
-9753
-10823
-11371
-10760
-9146
-7369
-6019
-4621
-3066
-1561
-99
1630
3397
4920
5996
6750
7510
8435
10709
12620
12844
12256
10304
7660
5302
2711
1629
1644
181
-2133
-5160
-7285
-7846
-8872
-10710
-12047
-12653
-13079
-13156
-12096
-9140
-5247
-2844
-1965
-186
2557
5527
7815
9198
10773
11814
11076
9855
9716
10327
10359
8428
5315
3060
1189
-1554
-4549
-6885
-8689
-10651
-12608
-13187
-11868
-10026
-8863
-8219
-7453
-6266
-5009
-4018
-2554
-148
2258
4016
5764
8069
10510
11930
11770
11006
10183
8918
7203
5525
4387
3589
2299
425
-1059
-2010
-3259
-5232
-7272
-8715
-9439
-9977
-10218
-9313
-7617
-6043
-4642
-3000
-885
1161
2491
3478
4562
5735
6362
6570
6868
8608
11082
11895
11740
11031
9481
7652
4628
2034
1633
688
-1745
-4879
-7454
-7589
-7940
-10016
-11474
-11774
-11705
-12341
-12609
-10267
-6130
-3488
-3057
-1774
1397
4758
6740
7874
9957
11967
11617
9941
9535
10261
9901
7097
3749
1965
719
-1677
-4518
-6155
-6957
-8753
-11548
-12680
-11413
-10059
-10025
-9907
-8262
-5762
-3989
-2684
-535
2110
3800
4094
4663
6704
8739
9204
8903
9153
9639
9129
7612
6169
5130
3377
497
-2174
-3567
-4331
-5273
-6590
-7413
-7223
-7228
-7524
-7570
-7037
-6377
-6029
-5541
-3698
-970
1431
3226
4810
6547
7466
7465
7347
7298
7964
9808
10456
10610
10669
9380
8117
5885
3270
2810
1818
-880
-3871
-6768
-7447
-7570
-9171
-10441
-10676
-10571
-11133
-11531
-9834
-6045
-2977
-2326
-1450
1482
4613
6604
7663
9259
11301
11259
9548
8769
9157
8744
5993
2480
433
-692
-2678
-5319
-6952
-7680
-9060
-11347
-12624
-11384
-9556
-9074
-8928
-7437
-4934
-3045
-1812
-63
2293
4022
4443
4880
6593
8503
8902
8100
7662
7836
7306
5715
4198
3200
1797
-434
-2611
-3847
-4358
-5357
-6853
-7545
-7331
-7168
-7291
-7084
-6072
-4738
-4096
-3422
-1604
507
2003
2800
3765
5401
6738
7077
7285
7629
9024
10679
10477
10025
9508
8102
6343
3737
2120
2664
1861
-745
-3560
-5806
-6262
-7258
-9429
-10581
-10695
-10605
-11066
-10922
-8024
-3831
-1503
-1189
138
3091
5472
6426
7164
9073
10908
10542
9302
9381
10033
9135
5611
1783
-33
-1579
-4371
-7130
-8357
-8561
-9728
-11616
-11833
-10004
-8523
-8687
-8599
-6688
-4020
-2191
-1086
662
2958
4264
4646
5512
7281
8590
8017
6634
6238
6442
5846
4430
3105
2018
337
-1903
-3415
-3793
-4376
-5829
-7395
-7969
-7348
-6836
-6652
-5751
-4462
-3544
-2984
-2174
-240
1805
2624
2993
3915
5338
6638
7198
7462
8022
9541
10477
9730
9275
8667
7417
5606
2791
1775
2310
772
-1732
-4403
-6123
-6244
-8011
-10157
-10532
-10178
-9961
-10580
-10007
-6530
-2946
-1564
-883
1530
5042
7182
7683
8348
10027
10712
9071
7623
7908
8462
7225
3892
1414
509
-1404
-4732
-7675
-8984
-9574
-11204
-12656
-11562
-8999
-7457
-7273
-6631
-4353
-2029
-1108
-412
1211
3005
3939
4296
5540
7709
8747
7888
6633
6169
5995
4827
2964
1627
486
-1298
-3262
-4206
-4209
-4577
-5989
-7572
-7955
-7282
-6856
-6572
-5680
-4375
-3222
-2488
-1332
788
2675
3351
3582
4362
5726
6707
6959
6859
7961
10277
10631
9940
9662
8956
8002
5450
2664
2639
2011
-774
-3812
-6344
-6154
-6157
-8717
-10187
-10007
-9384
-9666
-10513
-8529
-4561
-2312
-2079
-664
3389
7016
8295
8584
9733
11354
10452
7897
7234
7736
7181
4351
1096
351
173
-2142
-5351
-7420
-8275
-9720
-12049
-12727
-10744
-8677
-8313
-8019
-5954
-2823
-676
119
1439
3329
4189
4063
4299
5787
7228
6958
5822
5540
6109
5959
4616
3232
2045
191
-2455
-4624
-5305
-5545
-6646
-7997
-8388
-7655
-6890
-6732
-6393
-5289
-4178
-3659
-2760
-849
1190
2404
2771
3464
5014
6247
6815
6900
7269
9514
10770
10116
9896
9266
8467
6812
3939
3513
3739
1412
-1647
-4948
-6150
-5900
-7969
-10041
-10363
-9636
-9151
-9866
-8573
-4842
-1981
-1450
-1278
1699
5494
7165
7899
8985
11003
11804
9839
8733
9116
8660
5962
1732
-448
-712
-2374
-5292
-7355
-7839
-8579
-10726
-11968
-10751
-8865
-8629
-9117
-7805
-4901
-2306
-821
758
3004
4503
4739
4820
5932
7261
6978
5413
4514
4716
4751
3888
2923
2235
940
-1177
-3120
-3901
-4302
-5630
-7457
-8612
-8531
-7798
-7425
-6950
-5763
-4415
-3531
-2548
-672
1347
2406
2537
2740
3714
4843
5520
5755
6399
8772
10373
10135
10151
9599
8764
7116
4120
3519
3605
1135
-1787
-4898
-6116
-5964
-8233
-10054
-10215
-9644
-8968
-9428
-8120
-4399
-1744
-1181
-859
2212
6079
7556
8337
9398
11180
11945
10120
9224
9591
8814
6115
1939
-370
-682
-2500
-5646
-7923
-8580
-9212
-11094
-12047
-10543
-8439
-8127
-8671
-7244
-4290
-1791
-389
887
3056
4766
5113
5415
6623
8066
7862
5904
4696
4923
4873
3782
2522
1821
686
-1627
-3805
-4479
-4621
-5810
-7621
-8803
-8583
-7698
-7512
-7330
-6229
-5000
-4401
-3770
-1890
726
2384
2851
3473
4859
6095
6437
6126
6546
8720
9629
8959
9212
9170
8704
7084
4196
3865
3719
628
-2816
-6004
-6917
-6990
-9560
-11061
-10600
-9738
-9334
-9857
-7922
-3758
-1214
-779
-212
3407
7246
8242
8805
10128
11959
12018
9567
8873
9847
9388
6569
2494
700
364
-2109
-5752
-8063
-8666
-9685
-12032
-12707
-10614
-8105
-7628
-8137
-6305
-3172
-1204
-245
859
3087
4767
4753
5156
6853
8529
8364
6464
5511
5776
5258
3525
1931
1446
596
-1560
-3477
-3949
-3889
-5277
-7510
-8522
-8310
-7758
-7919
-8224
-6925
-5314
-4567
-3558
-1717
655
1959
1954
2701
4468
5815
6163
5846
7016
9630
9860
9026
9141
8785
8139
5860
3326
3930
3459
205
-3266
-6002
-6088
-7087
-10427
-11869
-11452
-10677
-11062
-11388
-8087
-3549
-1100
-698
656
5074
7971
8178
8749
10309
12395
11771
9194
9334
10394
9505
6240
2523
1536
802
-2509
-6117
-7735
-7961
-9562
-12192
-12491
-10351
-8439
-8685
-8816
-6223
-3036
-1262
-378
1229
3974
5234
4824
5266
6966
8249
7311
5630
5711
6467
5948
4066
2663
2362
1108
-1292
-3122
-3490
-3663
-5568
-7865
-8267
-7331
-6778
-7333
-7482
-6243
-5290
-4987
-3975
-1750
584
1397
1307
2415
4365
5630
5670
6249
8867
10131
9271
8843
8870
9119
7700
4767
4215
4085
1773
-1403
-4643
-5263
-5705
-8923
-11461
-11931
-11048
-11091
-12236
-10396
-6520
-3764
-2645
-1519
2867
7016
7854
8409
9752
11832
12489
10412
9587
10181
9270
6497
3088
1972
1990
-350
-3947
-6263
-6782
-7894
-10665
-12049
-11084
-9660
-9679
-10093
-7884
-4392
-2063
-797
346
2757
4889
4973
4918
6081
7635
7572
5908
5383
6361
6620
5140
3360
2730
2034
82
-2240
-3292
-3142
-3968
-6040
-7392
-7153
-6332
-6551
-7158
-6477
-5036
-4207
-3997
-2750
-269
1377
1561
1798
3132
4672
5045
5554
8024
9999
10010
9313
8540
8425
7727
5386
4158
3822
2008
-707
-3703
-4723
-4867
-7388
-10174
-11299
-11002
-10985
-12129
-11094
-7726
-5044
-3736
-2464
1513
5948
7371
7907
9279
11302
12157
10573
9650
10202
9545
6768
3412
2126
2044
19
-3683
-6254
-6545
-7143
-9422
-10717
-10013
-8937
-9307
-10311
-8820
-5637
-3621
-2578
-1225
1311
4073
5138
5401
6520
7811
7445
5778
4950
5508
5775
4433
2782
2484
2274
967
-652
-1782
-2241
-3325
-5441
-6827
-6797
-6361
-6409
-6667
-6110
-4650
-3444
-2946
-2019
-219
1046
1264
1591
2700
4086
4508
4935
7274
9088
9232
9110
8506
8302
7603
5535
4634
4089
2168
-322
-3245
-4246
-4346
-6681
-9242
-10424
-10245
-10302
-11436
-10624
-7771
-5481
-4617
-3742
105
4631
6507
7325
8632
10805
11867
10442
9569
9990
9475
6724
2903
1338
1484
56
-3185
-5776
-6140
-6453
-8478
-9806
-9004
-7659
-7862
-9152
-8424
-5618
-3567
-2825
-1918
418
3102
4146
4387
5679
7525
7835
6229
5066
5439
5562
4144
2262
1639
1596
405
-1400
-2253
-2171
-2579
-4211
-5691
-5768
-5386
-5724
-6359
-6048
-4673
-3477
-3058
-2251
-271
1423
1852
2072
3056
4239
4508
5086
7023
8296
8648
8504
7808
7596
6716
5277
4760
3575
1625
-817
-3258
-3830
-4722
-6971
-8941
-9881
-9491
-10067
-11026
-9548
-7209
-5399
-4553
-3025
1144
4577
5893
6967
8478
10611
11213
9945
9531
9693
8713
5826
2719
1684
1113
-1028
-4275
-6285
-6220
-6902
-8530
-9043
-8302
-7311
-7715
-8365
-6905
-4534
-3084
-2706
-2066
245
2799
3860
4270
5504
6939
6769
5610
5289
5883
5871
4060
2034
1404
1104
14
-1685
-2721
-2717
-3272
-4719
-5580
-5046
-4160
-4501
-5409
-5133
-3732
-2859
-2888
-2201
-313
1390
1863
2012
3255
4785
5401
6234
7330
8026
8537
7850
6897
6725
5912
5047
3958
1981
378
-1706
-3445
-3925
-5224
-7044
-8597
-9245
-8989
-9391
-9217
-7855
-6453
-5254
-4494
-2042
1932
4465
6044
7328
8794
10434
10464
9888
9824
9172
7509
4591
2163
1450
313
-2151
-4960
-6454
-6624
-7635
-8644
-8386
-7598
-7047
-7447
-7446
-5881
-3996
-2690
-2236
-1459
662
2627
3614
4236
5466
6520
5908
4847
4601
4920
4797
3281
1757
1179
661
-286
-1819
-2867
-3103
-3809
-5040
-5853
-5418
-4396
-4392
-4813
-4136
-2702
-1745
-1641
-1114
256
1461
1967
2103
2961
4367
5846
7216
7633
8042
8724
8124
6960
5856
5009
4651
2962
431
-1346
-2628
-3247
-4356
-6212
-7318
-7753
-7981
-8671
-8970
-7482
-5977
-5394
-4925
-3344
15
2756
3987
5524
7490
9281
9883
9474
9615
9720
8307
5545
3088
1986
1033
-1019
-3638
-5366
-5798
-6622
-7959
-8096
-7305
-6702
-6758
-6786
-5566
-3933
-2980
-2456
-1893
-616
977
2001
2793
3934
5293
5774
5312
5123
5134
4719
3559
1997
1073
512
-355
-1382
-2288
-2768
-3108
-3882
-4635
-4799
-4522
-4448
-4729
-4486
-3408
-2263
-1661
-1004
158
1266
1937
2427
2955
3500
4384
5737
6688
7003
7330
7407
7058
6390
5443
4789
3892
1966
-369
-2440
-3514
-4010
-5318
-6857
-7516
-7298
-7220
-7597
-7009
-5353
-4074
-3678
-3148
-1081
1601
3082
3902
5206
7056
8363
8402
8301
8686
8418
6612
4068
2381
1448
-194
-2792
-5150
-6045
-6350
-7173
-7730
-7279
-6293
-5800
-5804
-4961
-3300
-2012
-1497
-1521
-1022
227
1264
1909
2584
3653
4601
4682
4508
4744
4949
4370
2808
1264
380
-402
-1447
-2570
-3178
-3356
-3807
-4374
-4450
-3828
-3176
-3256
-3585
-3070
-1960
-1348
-1139
-466
714
1607
1991
2516
3614
4721
5626
6341
6529
6708
6740
5986
5182
4514
3867
3257
1899
302
-1020
-2364
-3351
-4357
-5617
-6577
-7066
-7112
-7059
-6581
-5372
-4159
-3106
-2199
-908
1189
2822
3809
4732
5615
6644
7155
7088
7126
6984
6234
4694
3009
1920
813
-923
-3166
-5067
-6027
-6716
-7320
-7446
-6974
-6036
-5369
-4846
-3652
-2145
-804
-146
-119
378
1332
1977
2069
2186
2902
3549
3487
3315
3512
3800
3378
2123
908
180
-557
-1878
-3326
-3999
-4125
-4564
-5090
-4768
-3620
-2717
-2522
-2346
-1447
-308
96
37
464
1377
1946
1990
2267
3334
4706
5652
6044
6283
6641
6473
5494
4355
3627
2997
1841
165
-1346
-2282
-3010
-3776
-4541
-5053
-5312
-5541
-5783
-5708
-4940
-3980
-3216
-2415
-1279
381
2073
3213
4209
5270
6068
6605
6795
6713
6337
5452
4134
2699
1434
370
-759
-2206
-3722
-4886
-5658
-6220
-6522
-6512
-6237
-5719
-4977
-4058
-2902
-1565
-347
404
771
1366
2179
2637
2591
2571
2868
3017
2835
2632
2669
2726
2160
1108
195
-456
-1142
-2235
-3402
-3912
-4114
-4657
-5065
-4671
-3679
-2915
-2628
-2085
-866
343
935
1275
1913
2612
2887
2728
2801
3507
4226
4634
4925
5182
5664
5657
4841
4094
3436
2602
1362
-375
-1831
-2875
-3784
-4377
-4840
-4986
-4874
-4842
-4681
-4350
-3620
-2673
-2067
-1352
-365
900
2339
3387
4266
5118
5603
5941
6028
5851
5542
4784
3568
2151
782
-310
-1485
-2826
-4182
-5261
-5761
-6068
-6196
-5924
-5476
-4772
-4061
-3514
-2513
-1211
-111
515
786
1454
2344
2692
2612
2665
3022
3065
2520
2079
2122
2252
1691
547
-246
-661
-1346
-2492
-3569
-3894
-4038
-4634
-5013
-4484
-3370
-2612
-2434
-1798
-468
615
1095
1376
2062
2893
3043
2846
3167
3888
4349
4350
4377
4682
4871
4524
3840
3365
2988
2257
1152
-63
-1126
-2288
-3403
-4009
-4309
-4506
-4664
-4644
-4199
-3592
-3088
-2304
-1392
-547
136
789
1876
3118
3898
4329
4823
5462
5755
5373
4822
4348
3648
2353
754
-355
-1063
-2111
-3511
-4710
-5178
-5197
-5521
-5713
-5223
-4285
-3586
-3306
-2626
-1222
-25
323
419
1000
1862
2192
1924
2006
2665
2968
2521
1977
2033
2288
1729
505
-303
-603
-1206
-2337
-3329
-3625
-3687
-4172
-4637
-4282
-3347
-2748
-2594
-2067
-860
281
744
1069
1807
2534
2728
2572
2757
3365
3599
3390
3444
3842
4085
3816
3279
2991
2701
1962
1043
281
-424
-1348
-2434
-3090
-3253
-3428
-3814
-3955
-3562
-3083
-2904
-2490
-1620
-639
12
381
1207
2400
3213
3540
3860
4537
5075
4836
4292
3923
3632
2811
1376
241
-364
-1138
-2487
-3790
-4326
-4340
-4620
-4962
-4689
-3844
-3126
-2906
-2471
-1380
-265
171
158
488
1297
1754
1623
1654
2155
2537
2202
1645
1644
1854
1492
624
-116
-466
-881
-1739
-2607
-3006
-3110
-3439
-3824
-3670
-2943
-2298
-2023
-1532
-585
305
785
1139
1686
2252
2397
2312
2353
2525
2573
2377
2269
2589
2948
2856
2496
2241
2093
1594
821
304
25
-546
-1426
-2047
-2151
-2120
-2371
-2657
-2502
-2083
-1887
-1796
-1402
-630
6
193
460
1268
2187
2637
2755
3073
3548
3576
3122
2720
2534
2028
991
-103
-779
-1212
-2003
-3016
-3599
-3712
-3747
-3787
-3604
-2913
-2080
-1597
-1202
-496
247
709
787
839
1149
1289
1120
1022
1125
1168
955
697
592
526
307
-75
-454
-726
-1104
-1562
-1910
-2153
-2231
-2285
-2319
-2032
-1581
-1226
-769
-158
396
810
1075
1375
1624
1618
1528
1472
1437
1344
1168
1032
1015
1084
1215
1340
1424
1431
1298
1012
666
441
322
174
-87
-304
-505
-697
-752
-723
-738
-795
-809
-739
-670
-498
-245
-44
122
329
570
832
1084
1410
1642
1713
1793
1836
1710
1364
888
398
-140
-837
-1617
-2226
-2536
-2731
-2811
-2597
-2154
-1651
-1237
-900
-345
284
573
588
632
818
819
477
207
271
357
102
-233
-284
-185
-229
-478
-658
-567
-559
-920
-1235
-1197
-948
-823
-950
-913
-585
-350
-185
127
628
1038
1032
931
1058
1230
1163
830
491
292
45
-193
-254
-124
127
255
304
546
874
1037
944
778
709
568
401
395
504
565
430
291
383
467
404
237
116
63
-46
-279
-452
-379
-282
-351
-413
-274
40
275
303
456
766
822
519
130
-132
-366
-796
-1381
-1752
-1775
-1727
-1683
-1415
-881
-254
103
310
728
1162
1286
1022
662
492
223
-339
-791
-885
-882
-1055
-1274
-1244
-1008
-786
-721
-619
-304
18
65
-38
30
202
332
282
292
471
639
726
882
1166
1402
1419
1231
1031
923
775
490
142
-221
-505
-698
-841
-794
-566
-406
-300
-190
-21
190
308
265
200
122
58
131
237
356
536
741
922
1091
1165
1152
1052
831
586
235
-208
-550
-868
-1179
-1370
-1441
-1375
-1247
-1067
-747
-435
-202
-77
-22
-11
-112
-237
-432
-646
-700
-711
-635
-326
22
357
607
773
986
1122
1064
840
522
106
-360
-767
-1062
-1143
-1142
-1213
-1165
-918
-643
-381
-198
-53
115
164
143
170
208
267
367
468
587
758
969
1154
1326
1454
1498
1447
1281
1035
750
457
177
-145
-524
-836
-1008
-1096
-1180
-1228
-1117
-868
-657
-481
-261
23
264
312
282
416
634
747
712
713
915
1107
1072
984
981
933
704
277
-163
-486
-818
-1287
-1740
-1919
-1877
-1835
-1819
-1540
-931
-370
-50
175
413
573
508
280
89
2
-77
-234
-325
-129
252
512
630
774
980
1073
995
838
658
372
-92
-517
-819
-976
-1081
-1211
-1199
-998
-735
-452
-214
-3
229
363
380
397
433
480
479
499
606
749
956
1122
1234
1317
1314
1227
1014
668
347
12
-370
-705
-1020
-1212
-1248
-1250
-1243
-1162
-1022
-761
-502
-333
-124
117
284
379
439
558
718
804
820
877
1021
1122
1078
924
779
628
356
-4
-333
-633
-941
-1282
-1582
-1662
-1578
-1529
-1497
-1303
-919
-524
-191
109
397
600
595
479
329
196
79
-108
-248
-136
89
293
485
690
905
968
913
821
620
233
-229
-590
-869
-1103
-1289
-1416
-1345
-1116
-859
-541
-217
77
303
374
477
670
690
575
468
426
483
585
717
939
1174
1267
1259
1215
1090
848
459
-19
-455
-796
-1107
-1338
-1374
-1266
-1141
-1044
-889
-576
-251
-19
179
354
511
572
583
683
818
922
948
974
1059
1117
1079
967
852
752
524
164
-129
-410
-662
-999
-1314
-1382
-1356
-1346
-1301
-1126
-776
-466
-281
-57
172
353
353
242
152
122
22
-147
-175
-17
139
224
331
501
675
696
628
552
415
55
-408
-744
-969
-1199
-1468
-1632
-1571
-1378
-1180
-955
-622
-201
67
160
292
524
665
554
401
415
510
491
465
612
835
983
962
915
901
825
590
142
-216
-441
-773
-1113
-1248
-1164
-999
-924
-784
-425
-33
306
552
730
909
980
915
835
783
791
808
784
855
993
1088
1057
987
952
807
565
285
-44
-368
-727
-1036
-1198
-1303
-1292
-1178
-1059
-825
-564
-373
-148
40
200
270
225
183
176
137
60
62
139
122
131
211
327
446
395
345
306
176
-34
-317
-566
-759
-1033
-1332
-1465
-1388
-1220
-1072
-932
-693
-336
-43
117
311
539
655
535
375
372
456
433
318
335
465
603
588
559
571
521
308
-68
-374
-548
-767
-1020
-1171
-1129
-950
-831
-697
-422
-92
174
373
563
740
866
879
827
782
823
866
815
779
813
895
934
928
905
816
640
367
42
-264
-525
-782
-1051
-1245
-1273
-1142
-965
-752
-477
-188
4
122
237
292
295
196
65
12
29
103
180
229
338
475
544
597
615
561
391
145
-99
-327
-489
-690
-914
-1098
-1162
-1086
-993
-870
-684
-463
-264
-92
69
318
549
591
560
531
517
490
433
370
370
416
416
423
437
426
347
143
-76
-223
-378
-607
-783
-896
-946
-936
-853
-672
-484
-281
-86
120
353
517
665
722
710
697
705
734
758
718
637
620
609
620
583
516
442
292
47
-260
-493
-678
-930
-1163
-1235
-1132
-973
-878
-700
-459
-222
-10
97
164
248
225
83
-17
22
118
155
144
256
468
571
583
608
606
490
260
-34
-230
-330
-540
-801
-982
-1036
-924
-815
-707
-481
-250
-109
-19
113
340
507
500
425
427
495
531
525
550
605
613
557
489
498
467
331
86
-147
-277
-435
-584
-725
-835
-860
-849
-789
-625
-441
-258
-129
-24
130
283
417
479
475
487
556
584
596
569
541
558
565
554
542
520
429
284
76
-116
-236
-413
-665
-869
-972
-958
-899
-831
-684
-481
-282
-102
65
192
315
338
248
198
189
218
216
197
272
414
528
591
650
678
611
452
242
65
-65
-249
-498
-715
-799
-810
-810
-756
-611
-422
-266
-146
-9
170
294
311
284
320
350
350
336
342
370
371
355
334
335
312
191
-12
-178
-305
-429
-548
-636
-702
-725
-697
-617
-531
-415
-287
-187
-104
-48
58
169
260
274
290
365
481
524
498
523
578
602
523
436
383
319
135
-71
-197
-249
-384
-586
-715
-732
-642
-630
-646
-564
-389
-277
-252
-148
17
109
91
13
29
139
155
126
161
303
446
485
524
637
707
636
461
348
297
175
-61
-288
-398
-442
-546
-640
-586
-449
-349
-285
-199
-30
149
207
203
242
320
313
220
200
264
302
295
266
300
353
332
225
130
90
14
-122
-250
-342
-421
-487
-511
-479
-368
-260
-193
-102
4
106
165
210
251
287
307
322
353
403
418
401
394
417
414
350
289
233
129
7
-90
-169
-268
-398
-506
-542
-522
-519
-536
-504
-425
-387
-391
-382
-321
-274
-305
-322
-270
-177
-114
-104
-35
132
259
320
364
436
514
485
401
316
275
178
24
-132
-212
-218
-288
-370
-350
-308
-281
-260
-204
-77
10
48
53
82
125
116
88
99
144
179
192
211
279
341
312
260
192
135
32
-70
-122
-177
-221
-248
-236
-179
-110
-65
-20
34
100
121
169
236
262
250
241
241
268
239
180
176
200
197
191
195
218
192
90
9
-27
-64
-176
-296
-334
-335
-328
-364
-391
-354
-330
-370
-399
-373
-334
-331
-404
-415
-337
-281
-249
-200
-86
38
107
149
265
392
445
393
343
340
333
249
118
80
86
22
-81
-114
-54
2
-21
-36
45
126
122
85
110
180
194
119
74
139
214
193
132
164
246
238
180
142
129
135
38
-69
-75
-47
-68
-126
-119
-17
72
63
52
106
155
144
60
20
38
1
-78
-120
-92
-48
-50
-68
-42
3
36
18
-22
-31
-64
-128
-193
-222
-244
-293
-341
-348
-324
-318
-332
-358
-349
-350
-365
-363
-366
-349
-374
-405
-387
-353
-288
-203
-135
-57
37
116
224
344
397
403
395
354
279
216
129
81
64
9
3
33
94
153
186
214
273
303
263
248
250
230
177
107
54
81
98
94
106
142
196
198
184
206
242
207
133
57
16
6
-38
-59
-27
61
116
136
161
185
185
155
81
31
-1
-53
-112
-147
-147
-129
-100
-71
-10
40
87
109
79
34
-8
-65
-123
-188
-246
-285
-328
-328
-286
-241
-192
-163
-177
-213
-226
-254
-307
-354
-365
-363
-383
-342
-263
-179
-112
-45
25
100
190
238
255
268
285
252
215
163
99
88
64
27
15
40
60
63
100
154
224
237
172
134
129
92
7
-100
-137
-129
-148
-152
-88
23
97
105
80
115
155
103
19
-23
-45
-92
-146
-148
-47
59
82
105
163
230
217
153
121
92
2
-92
-147
-162
-142
-143
-125
-44
64
115
145
165
151
144
71
7
-48
-107
-163
-202
-215
-170
-139
-106
-48
-21
-9
-36
-52
-95
-168
-219
-271
-296
-283
-259
-199
-136
-70
19
90
155
229
265
275
272
238
216
169
111
57
24
18
11
18
49
44
72
100
100
142
158
139
106
91
49
-20
-95
-106
-122
-164
-167
-128
-68
-10
11
24
99
135
83
23
-16
-39
-59
-108
-96
-32
21
28
47
141
215
215
180
140
93
7
-106
-161
-200
-208
-208
-203
-146
-61
15
66
130
160
173
114
42
11
-28
-85
-145
-155
-119
-93
-69
-27
28
74
78
57
15
-48
-125
-197
-244
-276
-284
-272
-221
-97
31
116
204
298
347
371
344
303
229
155
81
22
17
2
9
27
57
83
116
142
147
160
126
65
18
-26
-95
-188
-257
-280
-302
-303
-268
-218
-166
-137
-106
-88
-39
-1
-20
-69
-90
-103
-139
-142
-150
-126
-70
-65
-34
60
125
126
108
71
51
-6
-98
-159
-189
-227
-251
-225
-141
-34
74
147
199
267
287
241
174
123
71
3
-44
-26
0
19
49
81
153
222
245
249
220
171
80
-9
-84
-128
-144
-160
-150
-85
19
120
230
312
383
425
397
367
315
229
157
78
18
-5
-32
-31
-25
17
65
99
129
139
113
59
9
-64
-144
-208
-287
-332
-341
-339
-326
-268
-214
-204
-180
-146
-108
-105
-132
-177
-181
-223
-254
-249
-240
-193
-163
-151
-107
-34
13
15
-7
-25
-30
-59
-108
-134
-149
-162
-190
-171
-103
-36
6
40
99
148
187
181
165
153
132
114
92
89
127
137
133
159
188
215
219
203
195
177
134
53
1
-17
-55
-72
-59
-11
60
141
219
274
332
337
336
315
262
197
116
29
-42
-87
-107
-109
-93
-45
3
46
92
111
96
72
16
-47
-135
-197
-245
-280
-312
-303
-277
-244
-193
-169
-134
-82
-79
-94
-94
-117
-131
-156
-179
-186
-161
-138
-122
-86
-42
11
61
67
79
98
48
-22
-77
-112
-149
-165
-160
-119
-51
30
94
151
208
243
237
195
158
132
76
22
8
26
45
52
69
117
144
149
170
150
138
124
87
51
16
-29
-72
-92
-64
-26
33
98
147
190
214
207
216
204
149
96
25
-12
-64
-116
-128
-128
-114
-96
-59
-19
12
14
-16
-13
-28
-65
-114
-156
-183
-213
-272
-296
-265
-231
-204
-184
-119
-75
-58
-89
-126
-112
-102
-132
-165
-129
-83
-48
-42
-14
49
96
109
86
82
80
22
-42
-71
-39
-30
-44
-45
-8
53
103
109
153
209
208
212
165
165
165
102
39
52
58
107
63
64
122
103
160
119
143
141
82
83
27
34
14
-13
-23
-38
8
36
84
122
160
199
178
168
158
86
26
-34
-96
-155
-188
-198
-187
-128
-76
-25
17
53
76
80
60
50
8
-44
-95
-131
-139
-171
-197
-184
-171
-169
-151
-133
-128
-111
-143
-157
-152
-163
-159
-172
-168
-134
-105
-91
-74
-12
13
14
48
62
70
63
27
1
-19
-36
-41
-46
-8
33
61
90
116
146
160
144
145
133
92
45
3
5
19
8
6
16
47
78
87
102
105
111
74
55
52
49
59
55
69
98
116
128
161
177
177
161
130
95
51
9
-40
-95
-125
-161
-180
-155
-132
-109
-59
-15
21
59
71
74
77
65
17
-19
-34
-73
-95
-126
-128
-137
-142
-152
-145
-119
-110
-126
-153
-149
-169
-197
-230
-234
-213
-177
-153
-117
-56
-3
20
22
59
89
85
58
15
20
17
-22
-18
-22
8
38
69
140
206
236
211
197
198
176
112
56
28
6
-13
-31
-4
48
101
128
151
190
209
196
150
143
130
104
70
66
80
103
104
111
123
132
130
96
50
26
-1
-85
-139
-169
-189
-214
-230
-219
-173
-128
-101
-56
7
54
61
56
42
37
-16
-74
-99
-107
-105
-134
-153
-134
-128
-129
-134
-127
-122
-136
-175
-185
-179
-184
-197
-176
-159
-139
-119
-108
-76
-44
-17
-6
17
49
59
33
37
51
70
74
94
114
122
115
113
139
144
151
140
119
139
150
94
48
44
22
13
25
46
87
120
143
172
193
225
210
170
158
142
116
80
66
65
76
87
102
115
128
117
70
23
-9
-66
-138
-205
-238
-248
-273
-288
-276
-239
-206
-146
-88
-46
-12
-22
-4
-9
-14
-23
-63
-76
-72
-74
-90
-108
-113
-96
-89
-81
-68
-60
-102
-153
-166
-188
-191
-186
-186
-173
-142
-124
-86
-38
11
54
91
145
173
186
182
162
152
146
124
127
129
137
148
152
173
178
193
174
151
133
105
58
-9
-31
-31
-44
-50
-8
37
58
70
98
134
148
154
160
172
172
154
133
155
150
145
145
135
133
111
92
54
8
-32
-101
-174
-227
-268
-299
-319
-324
-282
-237
-205
-156
-107
-39
-12
-4
21
15
4
-21
-39
-44
-57
-59
-82
-87
-80
-84
-86
-101
-100
-104
-147
-189
-219
-233
-255
-271
-270
-248
-209
-166
-109
-51
3
42
68
92
128
144
122
120
144
146
153
166
173
191
201
214
232
240
225
189
139
96
56
9
-14
-29
-47
-62
-55
-32
-20
-1
50
88
95
107
142
145
206
234
226
200
166
126
104
115
123
143
144
150
105
57
16
-79
-158
-202
-236
-274
-305
-285
-270
-260
-224
-152
-76
-27
4
24
62
108
99
60
29
6
-31
-46
-54
-50
-40
-43
-47
-40
-34
-77
-134
-160
-166
-178
-211
-231
-243
-236
-204
-179
-148
-116
-79
-21
27
67
96
107
86
73
95
97
93
121
138
148
178
207
223
206
185
158
115
56
15
-41
-91
-99
-116
-107
-67
-26
2
15
32
66
111
134
162
174
188
189
158
139
137
131
134
139
113
91
58
29
-5
-28
-42
-72
-102
-147
-174
-196
-228
-234
-217
-196
-190
-173
-125
-80
-47
-5
45
72
71
68
54
42
42
6
5
11
-12
-19
-34
-47
-40
-43
-84
-125
-160
-198
-234
-232
-227
-211
-204
-190
-145
-89
-25
30
62
73
96
84
85
93
79
79
85
97
128
164
177
200
189
174
167
142
123
80
24
-35
-79
-112
-123
-119
-99
-65
-47
-1
52
104
136
161
166
177
187
165
158
153
129
107
104
88
102
97
61
28
-9
-33
-57
-88
-124
-150
-183
-213
-228
-221
-211
-217
-203
-151
-87
-45
-21
12
55
90
119
141
150
145
116
86
77
67
38
40
39
18
10
-20
-70
-93
-112
-151
-177
-210
-205
-171
-153
-118
-81
-65
-49
-19
24
65
82
84
87
105
122
126
112
119
117
107
98
114
114
103
77
62
48
2
-26
-70
-100
-128
-162
-177
-170
-155
-133
-93
-49
11
67
95
121
171
185
177
173
167
162
141
139
113
83
58
32
32
23
-23
-67
-92
-130
-162
-173
-196
-224
-220
-222
-199
-155
-118
-74
-39
-23
-6
22
32
24
58
51
41
38
24
28
32
24
16
6
-13
-25
-46
-57
-80
-107
-133
-163
-183
-193
-181
-178
-175
-134
-105
-63
-21
25
64
88
117
150
182
188
202
197
193
207
209
201
190
172
156
136
133
116
77
37
11
-13
-40
-59
-78
-60
-40
-42
-18
8
20
34
63
85
109
123
111
128
145
130
118
108
84
67
39
10
-11
-40
-72
-98
-124
-132
-154
-177
-207
-223
-224
-231
-230
-206
-186
-160
-132
-97
-48
-14
16
21
23
27
36
55
52
61
65
51
48
57
56
36
17
-11
-21
-56
-104
-144
-173
-180
-174
-165
-134
-89
-61
-27
6
43
76
88
111
147
151
152
149
146
155
147
152
165
151
129
121
98
82
70
40
-9
-29
-55
-88
-95
-111
-88
-81
-79
-51
-34
-5
23
20
43
60
66
77
83
104
122
120
121
108
96
79
48
21
-3
-44
-83
-106
-148
-165
-174
-192
-201
-190
-184
-165
-152
-134
-107
-93
-71
-46
-30
-11
5
3
24
58
76
65
72
61
60
55
63
59
23
10
-9
-10
-8
-17
-38
-73
-107
-141
-145
-141
-115
-99
-90
-44
9
42
96
131
145
160
153
147
161
164
149
142
143
120
130
134
132
127
98
74
38
-2
-20
-40
-62
-80
-77
-68
-71
-47
-34
-22
-2
11
47
72
77
81
87
70
54
62
49
56
49
44
18
-11
-28
-57
-80
-123
-128
-128
-144
-160
-160
-168
-172
-162
-155
-126
-116
-105
-103
-84
-59
-40
0
21
41
43
30
12
16
18
24
45
46
52
40
15
11
-7
-33
-51
-58
-61
-81
-83
-93
-106
-103
-82
-44
11
34
35
57
72
73
71
78
80
82
113
133
148
170
148
133
131
115
98
81
71
49
40
31
25
3
-20
-33
-36
-30
-38
-21
20
34
41
73
75
60
63
64
68
68
74
44
55
44
16
11
2
-13
-15
-20
-46
-53
-80
-120
-130
-126
-121
-126
-146
-143
-142
-126
-98
-72
-76
-67
-42
-48
-32
-21
-14
0
23
46
75
79
76
74
56
48
35
21
-2
-39
-74
-91
-112
-117
-116
-115
-97
-94
-77
-28
-17
0
8
20
26
25
40
33
28
29
21
37
63
60
84
90
74
79
88
90
93
84
57
44
28
0
-26
-36
-43
-36
-23
-17
17
31
35
56
76
96
91
80
89
80
67
57
30
25
12
-4
1
-6
-3
-20
-40
-49
-49
-63
-93
-114
-132
-132
-144
-146
-131
-119
-110
-90
-59
