-6
-4
-5
-5
-6
-2
1
1
3
3
3
4
1
2
1
-1
0
-3
-6
-2
-6
-6
-5
-6
-1
-1
-6
-4
-4
-3
-3
-4
-2
-3
-4
-5
-2
-4
-2
-2
-1
-1
-2
1
0
-2
-2
-4
-4
-4
-4
-1
1
1
1
2
-1
1
1
2
3
-1
0
1
2
7
7
6
5
4
3
2
2
1
-3
0
0
2
5
4
6
5
5
5
5
4
1
3
3
5
3
4
8
5
3
5
0
2
2
2
7
1
2
5
3
5
9
8
10
11
8
7
6
2
2
2
-4
0
0
2
4
3
4
3
1
4
4
5
4
0
1
0
-3
-4
-5
-4
-6
-7
-7
-6
-6
-7
-6
-6
-7
-5
-6
-8
-8
-12
-8
-8
-9
-6
-8
-10
-9
-9
-10
-9
-11
-12
-10
-4
-4
-1
2
0
-1
-1
0
0
1
0
-2
-2
-2
-3
-4
-4
-6
-6
-4
-6
-3
-1
0
1
0
0
1
1
3
4
3
6
7
8
8
7
3
2
6
5
9
11
10
9
8
5
5
5
4
2
-3
1
1
3
6
5
6
5
4
4
2
2
5
3
4
1
-1
1
1
1
3
1
2
2
-2
0
-3
-2
-3
-2
-3
-2
0
0
2
3
2
0
4
0
1
3
2
2
2
0
2
-1
-2
-1
-1
4
1
2
5
3
5
3
-2
-5
-7
-11
-9
-7
-10
-5
-4
-5
0
-2
1
2
-4
-5
-2
0
2
2
1
5
3
-2
0
-4
-4
-3
-7
-4
-4
-7
-5
-7
-3
-2
-2
1
-2
-2
-5
-7
-4
-6
-7
-6
-7
-4
-5
-4
-1
-5
-8
-7
-4
-2
-3
-3
4
2
2
6
3
0
0
-3
-4
-7
-5
-2
-1
-3
2
3
4
4
4
3
3
4
3
7
6
8
10
13
10
10
12
12
7
6
6
6
5
3
4
1
0
3
1
3
3
-1
4
3
3
4
2
4
5
5
7
4
4
1
1
1
1
0
2
1
1
1
-1
1
-4
-5
-2
1
-1
-1
0
-4
-2
-2
-5
-4
-5
-4
-4
-2
0
-3
-2
-5
-6
-6
-7
-5
0
0
-1
-1
-5
-3
-3
-4
0
-3
-7
-5
-3
0
-2
-2
-2
0
-1
-3
-2
-3
-3
-2
-3
-3
0
5
2
5
5
2
2
4
2
2
2
0
1
3
5
5
2
1
-3
-3
-2
-1
2
1
0
1
-1
1
2
1
4
7
5
2
1
3
2
1
-2
-2
-1
-1
3
2
2
1
-1
-4
-8
-6
-3
-1
0
-1
3
5
2
1
1
-1
-1
-3
-1
-2
-1
5
6
5
5
3
-2
-1
-2
1
3
1
-2
-4
-2
0
0
-1
-2
-2
-3
-2
0
1
2
6
1
1
2
2
3
-1
1
-7
-4
-2
-4
0
-1
-4
-5
-4
-4
-6
-5
-5
-8
-9
-7
-7
-5
-3
-2
2
2
-1
2
-1
0
3
3
4
5
5
4
0
1
1
0
-2
-4
1
-1
-1
3
5
4
5
3
0
0
-2
-6
-6
-2
-1
-1
1
0
-2
2
1
-1
2
0
0
-1
-2
-2
-1
-1
-4
-2
-4
-3
-1
0
2
1
0
-2
-2
1
6
8
7
4
3
1
1
4
3
6
6
5
2
1
1
0
2
4
4
5
6
4
2
5
2
0
3
2
1
2
-2
-2
0
-1
-1
0
1
2
1
4
3
3
5
1
-2
0
-3
-5
-1
-3
-3
0
0
-2
0
0
0
-1
-1
1
0
0
-3
-3
-5
-6
-3
-1
1
3
1
2
1
-2
0
-1
0
2
0
1
2
0
-1
2
-2
-1
0
-3
-3
-1
1
3
4
5
3
2
2
1
-1
-3
-5
-6
-4
-6
-2
-1
0
1
0
-2
-3
-5
-4
-7
-8
-6
-6
-9
-5
-2
-3
-6
-10
-10
-9
-8
-6
-5
-5
-5
-9
-10
-7
-6
-7
-7
-5
-5
-5
-2
1
2
1
1
0
2
2
1
0
0
-1
-2
5
6
8
7
7
8
7
6
8
6
8
10
10
8
9
12
12
13
15
13
10
10
12
12
13
11
10
7
9
10
10
10
8
6
4
1
2
3
3
5
0
-2
-1
-3
1
2
1
1
-4
-5
-4
-6
-9
-7
-8
-7
-7
-3
-1
-3
-4
-6
-6
-12
-12
-14
-11
-9
-6
-6
-7
-6
-8
-9
-7
-4
-4
-6
-5
-3
-7
-4
-3
-4
-1
-3
-1
0
-1
-1
-1
0
1
2
3
3
1
2
0
1
0
-1
1
1
2
1
3
1
1
5
2
2
-1
0
1
3
3
4
4
1
3
4
3
0
-1
-3
-1
1
2
4
3
4
1
0
-2
-3
-1
-5
-3
-3
-5
-4
-5
-4
-2
-3
-3
-2
-4
-4
-6
-3
-1
-5
-5
-3
-4
-2
0
3
6
5
3
4
1
6
1
1
0
2
2
1
6
3
5
1
2
2
3
5
1
3
3
2
2
5
5
5
4
3
3
4
4
5
3
5
6
5
8
6
3
1
0
-1
3
-2
3
3
2
3
2
3
-1
-1
-1
-1
0
-1
2
-1
3
1
4
3
-1
-1
-5
-4
-7
-6
-4
-5
-2
-4
-4
-3
-3
-4
-4
-1
-4
-1
-4
-11
-7
-8
-8
-6
-8
-7
-6
-7
-4
-2
1
1
0
-2
-4
-5
-3
-3
1
-1
-2
-2
-6
-5
-4
-5
-6
-4
1
3
3
4
1
0
0
0
-4
2
-1
-2
-1
0
2
1
2
0
-1
-1
-2
-2
1
3
6
6
7
6
4
5
2
5
7
6
3
7
3
4
6
6
8
9
10
10
9
11
7
6
3
4
5
4
7
6
7
4
4
7
5
8
5
4
3
2
0
-3
-2
-3
2
1
2
1
3
3
5
5
4
4
6
3
1
-1
-3
-5
-7
-8
-7
-8
-5
-6
-7
-7
-13
-10
-14
-12
-11
-14
-13
-15
-14
-15
-15
-10
-9
-6
-7
-8
-7
-9
-10
-12
-12
-15
-10
-10
-9
-6
-3
-5
-6
-6
-7
-5
-6
-2
-5
-1
-1
-1
3
1
0
-1
-2
-3
-4
1
3
5
5
3
7
7
12
12
12
12
8
3
6
8
10
11
12
12
9
12
11
15
12
14
17
17
21
17
19
15
19
20
16
21
18
18
17
15
21
17
19
16
16
12
9
9
4
4
0
0
-3
-4
-4
-4
-4
-4
-4
-8
-8
-10
-14
-17
-18
-20
-22
-21
-23
-25
-26
-30
-32
-32
-31
-35
-32
-31
-28
-28
-26
-22
-24
-24
-24
-21
-19
-20
-16
-18
-18
-15
-12
-7
-6
-2
-6
-4
-2
1
3
3
6
7
5
7
10
10
17
12
16
14
13
18
16
21
21
21
21
21
20
28
28
23
28
33
36
43
44
45
44
39
42
33
40
41
38
40
42
43
38
35
30
25
20
17
12
16
11
12
9
6
6
5
3
0
0
-7
-10
-12
-13
-15
-19
-22
-24
-33
-38
-45
-49
-58
-61
-67
-75
-74
-75
-75
-79
-79
-83
-80
-83
-82
-78
-76
-67
-62
-55
-48
-45
-41
-41
-42
-40
-37
-36
-31
-25
-22
-13
-11
-8
-5
-5
-4
2
3
6
11
15
18
26
29
35
37
41
49
50
54
58
61
66
71
74
71
77
75
76
83
80
86
82
88
86
89
89
90
91
87
88
81
83
77
76
71
69
67
65
69
67
69
71
77
75
67
60
51
46
40
43
47
45
38
24
9
-6
-20
-38
-50
-63
-76
-88
-105
-111
-125
-132
-144
-155
-162
-168
-172
-176
-171
-167
-167
-172
-171
-173
-171
-162
-159
-152
-145
-139
-135
-127
-115
-112
-107
-108
-106
-99
-95
-84
-79
-76
-70
-62
-52
-47
-34
-29
-21
-13
0
9
18
31
40
52
61
73
86
97
103
118
118
125
131
132
140
141
148
147
152
151
151
147
143
143
148
146
152
154
158
156
152
155
153
158
157
163
170
181
183
180
170
158
148
150
168
191
204
199
182
154
128
107
95
93
86
76
49
18
-9
-31
-51
-69
-77
-99
-128
-164
-190
-203
-211
-224
-244
-282
-307
-336
-350
-331
-319
-307
-330
-349
-354
-352
-329
-315
-293
-287
-278
-261
-230
-193
-160
-137
-127
-133
-133
-128
-117
-96
-85
-85
-90
-99
-108
-94
-84
-72
-67
-64
-58
-52
-24
2
29
47
61
68
74
88
108
120
130
134
136
139
147
170
183
196
192
200
203
200
208
220
232
234
235
234
239
246
251
263
259
250
247
242
245
238
237
238
239
234
235
239
238
233
234
227
223
218
222
232
242
240
233
224
208
192
176
158
135
103
57
27
5
-27
-84
-138
-188
-237
-253
-258
-254
-274
-308
-363
-411
-432
-412
-398
-401
-430
-462
-499
-517
-491
-453
-426
-444
-458
-477
-473
-441
-407
-356
-319
-292
-277
-256
-217
-169
-139
-142
-125
-127
-112
-92
-81
-71
-77
-90
-108
-107
-95
-87
-82
-81
-75
-72
-53
-23
2
40
70
96
108
137
161
189
210
226
242
257
278
299
321
331
335
327
318
336
334
344
348
347
359
360
374
384
387
388
377
366
355
346
348
336
348
345
335
329
313
319
302
299
282
277
267
243
235
224
208
179
162
152
138
117
116
156
223
291
310
259
161
54
-20
-54
-19
22
39
-23
-138
-294
-413
-491
-550
-595
-629
-646
-677
-704
-713
-695
-674
-694
-739
-765
-781
-778
-746
-656
-568
-529
-536
-560
-576
-561
-514
-455
-400
-370
-346
-327
-297
-241
-189
-154
-154
-177
-172
-154
-155
-146
-129
-161
-175
-187
-181
-149
-102
-89
-65
-39
-13
39
91
165
248
320
375
432
479
513
545
566
565
589
603
607
615
632
613
610
574
547
531
533
554
537
547
546
540
530
522
530
536
540
524
512
490
477
460
441
434
443
413
381
353
319
305
282
252
233
182
134
83
47
54
43
21
-7
-19
-57
-98
-108
-73
37
138
211
199
131
87
35
-2
-14
51
84
17
-110
-279
-418
-555
-683
-812
-908
-1029
-1132
-1244
-1295
-1260
-1243
-1241
-1294
-1318
-1298
-1236
-1128
-990
-821
-710
-681
-674
-586
-453
-315
-221
-169
-134
-133
-111
-101
-37
4
2
-49
-96
-117
-105
-151
-156
-222
-156
36
-215
-368
-410
-471
-413
-294
77
148
274
393
200
229
336
467
566
897
1106
1264
1340
1284
1200
1070
950
877
913
983
1016
990
916
834
718
548
388
308
266
260
300
380
465
444
394
301
318
350
343
391
472
603
680
740
748
699
695
605
546
564
596
570
506
463
355
240
113
11
-98
-138
-151
-193
-219
-107
173
449
557
361
28
-271
-432
-345
27
481
685
417
-206
-875
-1362
-1549
-1540
-1458
-1424
-1545
-1859
-2256
-2476
-2523
-2538
-2645
-2678
-2565
-2299
-1921
-1547
-1197
-1044
-1111
-1236
-1142
-701
-79
512
951
1080
864
383
-69
-203
18
419
769
916
755
269
-366
-1001
-1299
-1184
-907
-630
-469
-369
-508
-772
-988
-952
-663
-225
271
710
1138
1410
1418
1390
1543
1803
2159
2488
2742
2870
2720
2343
1922
1649
1556
1592
1555
1468
1266
842
384
13
-91
-26
34
59
30
-49
-100
-29
96
408
703
913
1050
1146
1228
1334
1458
1587
1769
1952
1997
1877
1686
1405
1107
822
649
589
485
342
3
-408
-707
-648
-127
533
687
106
-778
-1462
-1557
-1023
-57
808
754
-424
-1969
-2974
-2955
-2179
-1334
-1018
-1425
-2470
-3592
-4143
-3836
-3008
-2297
-2178
-2532
-2904
-3018
-2786
-2296
-1687
-1183
-1023
-1017
-808
-238
380
729
908
930
772
464
246
329
582
742
689
474
166
-314
-862
-1301
-1311
-1079
-914
-903
-921
-973
-1062
-1189
-1059
-587
-56
384
696
1014
1328
1585
1775
1991
2301
2569
2756
2875
2995
3039
2941
2655
2328
2032
1827
1613
1352
1124
864
539
222
33
1
29
-54
-193
-221
-154
-56
204
502
835
1118
1245
1343
1465
1633
1870
2117
2330
2366
2181
1821
1423
1250
1234
1298
1233
961
455
-196
-770
-1033
-591
366
1107
830
-393
-1786
-2393
-1934
-808
507
1244
565
-1391
-3426
-4031
-3033
-1429
-430
-659
-1877
-3459
-4530
-4475
-3277
-1869
-1267
-1913
-3018
-3594
-3354
-2604
-1755
-1063
-789
-961
-1277
-1083
-338
382
727
659
524
418
356
360
406
519
393
128
-88
-215
-402
-784
-1223
-1492
-1336
-1058
-872
-854
-903
-1104
-1199
-1008
-432
364
861
971
922
973
1240
1732
2359
2858
3070
2980
2720
2603
2662
2840
2851
2607
2207
1809
1506
1334
1178
1042
830
489
137
-43
-77
-113
-47
-19
115
356
543
792
1041
1261
1349
1507
1733
2029
2352
2545
2502
2331
2091
1838
1639
1515
1420
1250
827
323
-204
-612
-857
-676
104
844
778
-440
-1816
-2332
-1774
-553
525
1092
486
-1321
-3207
-3782
-2647
-926
-54
-694
-2299
-3945
-4857
-4579
-3243
-1747
-1212
-2042
-3551
-4371
-3941
-2771
-1648
-1021
-958
-1435
-1952
-1884
-996
180
752
668
341
108
93
161
388
538
476
265
-70
-190
-320
-644
-1201
-1515
-1431
-1077
-791
-887
-1297
-1646
-1659
-1231
-394
442
884
824
516
556
1156
2077
2895
3313
3192
2803
2560
2650
3080
3584
3827
3483
2717
1920
1522
1491
1631
1645
1399
961
391
-39
-190
-69
79
194
273
315
399
450
579
776
1163
1575
1940
2178
2254
2193
2068
2146
2321
2444
2405
2100
1630
1042
597
346
279
244
-20
-23
468
716
26
-1434
-2392
-2049
-780
362
795
536
-905
-2899
-4028
-3270
-1384
44
-346
-2138
-3990
-4942
-4655
-3416
-1998
-1466
-2160
-3733
-4828
-4488
-2984
-1560
-1089
-1449
-2062
-2496
-2466
-1685
-414
503
699
334
-114
-382
-545
-517
-89
570
889
602
-31
-929
-1612
-1734
-1381
-853
-482
-776
-1625
-2329
-2382
-1657
-532
330
481
164
-284
-340
449
1748
2874
3277
3033
2502
2232
2552
3267
4023
4342
4059
3419
2765
2222
2297
2391
2471
2175
1579
857
360
184
151
366
558
352
39
-150
-53
10
544
951
1529
1782
1873
1950
1944
2134
2302
2597
2746
2755
2653
2356
1906
1512
1078
764
576
416
184
537
1198
1438
454
-1355
-2521
-1927
-137
1169
1316
536
-1278
-3221
-4053
-2961
-775
389
-727
-3173
-5001
-5315
-4297
-2740
-1688
-1815
-3061
-4676
-5379
-4514
-2743
-1366
-1226
-2015
-2796
-3006
-2575
-1659
-548
304
391
-288
-1013
-1198
-710
-131
255
400
121
-315
-877
-1362
-1578
-1404
-1076
-1030
-1311
-1839
-2161
-2215
-2082
-1618
-731
-34
117
-259
-598
-264
678
1817
2688
3077
2928
2528
2271
2610
3447
4229
4444
3981
3295
2768
2531
2480
2582
2718
2550
1969
1166
552
373
440
614
712
632
393
130
164
427
898
1371
1636
1785
1965
2202
2448
2607
2686
2780
2879
2860
2782
2714
2564
2048
1461
859
592
489
728
1512
2195
1708
-367
-2324
-2565
-808
1441
2074
1147
-823
-3024
-4280
-3557
-1304
589
342
-2253
-5013
-5978
-4977
-3192
-1740
-1616
-2764
-4352
-5427
-5197
-3681
-2118
-1403
-1651
-2519
-3108
-2997
-2397
-1569
-671
-147
-133
-585
-1128
-1172
-753
-383
-192
-151
-257
-563
-998
-1526
-1807
-1632
-1409
-1280
-1421
-1931
-2448
-2485
-2161
-1562
-741
-152
-135
-476
-670
-246
969
2156
2800
2928
2727
2541
2589
2969
3490
3985
4143
3909
3457
3059
2804
2623
2498
2450
2428
2165
1701
1135
786
820
947
976
916
897
925
991
1110
1303
1607
1939
2175
2421
2676
2865
2898
2788
2706
2797
2995
3008
2708
2279
1665
1138
724
762
1635
2634
2638
750
-1722
-2716
-1439
954
2045
1423
-370
-2394
-3796
-3602
-1926
-131
82
-2057
-4548
-5631
-4863
-3457
-2478
-2463
-3269
-4199
-4798
-4575
-3699
-2882
-2498
-2365
-2391
-2389
-2329
-2338
-2112
-1690
-1084
-685
-546
-794
-1129
-1173
-1089
-842
-624
-511
-623
-842
-1269
-1728
-1824
-1626
-1363
-1278
-1613
-2203
-2467
-2326
-1864
-1124
-528
-376
-540
-713
-577
181
1276
2113
2449
2349
2078
2164
2660
3104
3415
3509
3462
3369
3185
3010
2882
2816
2635
2416
2142
1975
1849
1705
1519
1449
1402
1297
1253
1374
1705
1965
1938
1577
1472
1836
2425
2868
2896
2679
2539
2475
2520
2602
2643
2544
2134
1678
1258
1278
2083
3022
3085
1503
-773
-1846
-730
1658
2831
1855
-469
-2801
-3745
-2928
-1198
27
-271
-2383
-4653
-5532
-4640
-3004
-1927
-2228
-3474
-4462
-4640
-3939
-2985
-2472
-2483
-2530
-2471
-2183
-1827
-1882
-2090
-2017
-1454
-743
-259
-529
-1208
-1720
-1814
-1302
-605
-215
-467
-1175
-1952
-2350
-2118
-1562
-1228
-1316
-1782
-2211
-2430
-2282
-1812
-1258
-914
-848
-903
-803
-420
41
485
937
1395
1718
1800
1720
1836
2133
2479
2706
2813
2787
2609
2439
2351
2510
2726
2707
2409
2005
1729
1778
2096
2354
2299
1964
1579
1420
1645
2049
2455
2544
2299
1996
1908
2199
2640
2861
2739
2433
2161
2097
2142
2053
1853
1588
1219
1139
1567
2324
2744
1876
97
-1200
-793
1152
2752
2779
1004
-1482
-2875
-2397
-784
557
431
-1464
-3573
-4465
-3880
-2609
-1902
-2336
-3352
-4010
-3962
-3457
-3036
-3141
-3415
-3300
-2723
-1994
-1574
-1887
-2578
-2841
-2411
-1483
-669
-608
-1201
-1758
-1857
-1410
-814
-682
-1099
-1531
-1524
-1225
-1077
-1209
-1545
-1717
-1631
-1566
-1551
-1542
-1618
-1678
-1562
-1277
-895
-597
-484
-413
-188
135
500
886
1125
1276
1540
1898
2114
2149
2075
2076
2270
2577
2783
2724
2396
1963
1813
2064
2396
2480
2251
1939
1714
1623
1682
1816
1929
1972
1995
1915
1843
1853
1949
2153
2300
2319
2308
2335
2275
2192
2099
2019
1957
1785
1670
1873
2405
2862
2541
1463
295
-213
465
1525
2072
1779
597
-778
-1414
-1146
-431
45
-589
-1836
-2713
-2846
-2377
-1915
-1995
-2622
-3243
-3401
-2998
-2436
-2291
-2725
-3143
-3118
-2706
-2027
-1741
-2052
-2579
-2864
-2683
-2153
-1823
-1860
-1922
-1855
-1736
-1776
-1858
-2031
-2091
-1792
-1307
-941
-1055
-1706
-2218
-1989
-1445
-962
-903
-1299
-1698
-1763
-1378
-770
-287
-367
-752
-765
-257
373
772
659
307
227
529
1129
1723
1917
1587
1122
918
1181
1766
2213
2283
1994
1720
1696
1913
2143
2200
2124
2141
2294
2381
2344
2209
2040
2015
2212
2380
2433
2364
2196
2103
2165
2225
2314
2361
2302
2226
2135
2206
2554
2898
2810
2378
1844
1535
1766
2014
2072
2011
1606
892
319
34
180
560
349
-319
-987
-1379
-1518
-1502
-1524
-1662
-1921
-2408
-2820
-2925
-2851
-2752
-2660
-2681
-2873
-2992
-3010
-2924
-2771
-2757
-2922
-2999
-2841
-2592
-2266
-2036
-2043
-2211
-2372
-2397
-2240
-1958
-1777
-1748
-1773
-1852
-1776
-1548
-1357
-1286
-1464
-1731
-1869
-1808
-1421
-907
-656
-827
-1186
-1304
-989
-469
35
254
124
-111
-143
212
693
925
965
927
921
1004
1176
1487
1754
1808
1722
1685
1765
1990
2141
2216
2180
1955
1817
1898
2059
2141
2129
2004
1831
1729
1760
1915
1976
1902
1785
1801
1932
2106
2541
3170
3574
3379
2907
2481
2655
3129
3260
3412
3448
3122
2688
2234
1760
1615
1344
779
258
-308
-761
-990
-1000
-1169
-1540
-2131
-2817
-3169
-3079
-2779
-2502
-2322
-2595
-2926
-3088
-3022
-2656
-2204
-2065
-2305
-2649
-2876
-2628
-2098
-1642
-1530
-1735
-2205
-2532
-2539
-2322
-1918
-1612
-1523
-1568
-1612
-1711
-1681
-1685
-1810
-1798
-1627
-1342
-1094
-1013
-1125
-1285
-1338
-1156
-742
-306
-141
-268
-550
-632
-359
78
455
606
506
280
121
152
380
706
926
924
875
820
856
990
1131
1282
1421
1519
1583
1665
1817
1913
1933
1954
1983
2078
2096
2022
1930
1776
1661
1648
1675
1981
2536
2968
3051
2794
2410
2396
2810
3086
3290
3460
3330
3136
2969
2679
2553
2351
1751
1268
990
670
270
-59
-424
-806
-1266
-1990
-2493
-2594
-2579
-2532
-2462
-2612
-2869
-2994
-3017
-2791
-2499
-2468
-2648
-2739
-2670
-2373
-1909
-1607
-1550
-1660
-1903
-2019
-1902
-1640
-1311
-1114
-1133
-1196
-1159
-1183
-1160
-1164
-1261
-1299
-1335
-1393
-1269
-1196
-1250
-1315
-1345
-1185
-969
-830
-875
-943
-946
-782
-464
-157
-70
-111
-166
-250
-165
137
409
461
341
174
201
418
642
829
902
839
808
877
1008
1148
1221
1310
1484
1717
1907
2009
1997
1830
1682
1687
1868
2079
2208
2519
2946
3133
2997
2617
2295
2544
2910
2954
3095
3179
3062
2952
2780
2559
2488
2130
1550
1252
1090
890
572
188
-266
-632
-1040
-1534
-1853
-1960
-2091
-2147
-2154
-2284
-2335
-2398
-2535
-2604
-2599
-2660
-2586
-2418
-2237
-2110
-2096
-2182
-2220
-2121
-1851
-1525
-1355
-1370
-1474
-1445
-1234
-977
-812
-675
-695
-884
-967
-1043
-1148
-1149
-1137
-1055
-874
-907
-1104
-1209
-1177
-1020
-864
-875
-974
-910
-723
-543
-402
-414
-513
-493
-329
-46
231
208
-105
-376
-274
200
727
1004
924
579
293
367
761
1239
1543
1624
1534
1412
1351
1408
1652
1822
1781
1673
1637
1819
2366
3032
3375
3393
2973
2544
2645
2914
3108
3453
3592
3407
3142
2710
2403
2216
1711
1139
767
563
545
426
105
-469
-1228
-1919
-2206
-1901
-1418
-1267
-1552
-2105
-2550
-2486
-2099
-1678
-1473
-1613
-2024
-2223
-2122
-1795
-1453
-1351
-1419
-1536
-1682
-1680
-1542
-1353
-1153
-1058
-1038
-1027
-1039
-1083
-948
-841
-805
-774
-859
-968
-910
-812
-799
-787
-882
-893
-701
-575
-615
-671
-756
-818
-725
-538
-445
-467
-620
-840
-871
-685
-448
-291
-375
-649
-818
-735
-476
-166
23
119
187
232
352
560
766
942
1145
1311
1350
1318
1331
1383
1507
1568
1576
1670
2070
2652
3090
3101
2798
2569
2666
2920
3038
3307
3468
3434
3254
2932
2614
2443
1993
1444
1161
855
579
249
-92
-466
-889
-1532
-2075
-2278
-2096
-1800
-1712
-1877
-2181
-2420
-2466
-2273
-1990
-1721
-1792
-1909
-1875
-1664
-1422
-1243
-1126
-1024
-914
-816
-763
-706
-552
-484
-349
-181
-71
-109
-187
-259
-314
-330
-417
-517
-524
-446
-478
-565
-690
-793
-797
-656
-500
-426
-519
-755
-780
-562
-362
-313
-470
-673
-761
-713
-507
-383
-382
-533
-727
-754
-646
-523
-349
-203
-136
-147
-135
-108
-6
186
415
609
726
759
759
869
900
959
1157
1595
2175
2706
2868
2698
2449
2444
2720
2945
3174
3346
3396
3350
3226
2911
2551
2120
1636
1367
1228
1070
765
281
-289
-843
-1327
-1748
-1957
-2059
-2074
-2108
-2202
-2412
-2591
-2579
-2493
-2388
-2311
-2255
-2192
-2028
-1894
-1768
-1593
-1434
-1282
-1158
-1095
-1044
-962
-706
-264
202
494
410
160
123
249
570
812
701
439
186
166
416
628
516
196
-207
-378
-216
59
148
-26
-319
-539
-489
-369
-366
-404
-454
-614
-790
-829
-759
-742
-791
-819
-772
-768
-839
-780
-612
-390
-305
-228
-131
-170
-36
220
398
566
692
745
671
827
960
956
1532
2255
2614
2492
2276
2069
2337
2732
2906
3319
3476
3292
2955
2616
2481
2477
2113
1525
1059
775
600
466
222
-321
-1039
-1860
-2314
-2254
-2000
-1921
-2049
-2387
-2733
-2794
-2654
-2444
-2402
-2538
-2700
-2554
-2234
-2056
-2007
-2024
-2017
-1831
-1507
-1152
-1035
-1114
-1073
-790
-358
-28
187
287
288
290
427
613
764
783
793
944
1061
1025
889
808
801
855
963
1011
931
781
594
523
514
366
199
65
14
-74
-278
-442
-562
-682
-741
-671
-598
-653
-832
-939
-837
-633
-523
-488
-453
-356
-246
-191
-36
157
287
382
442
586
921
1418
1952
2233
2237
2110
2114
2284
2431
2678
3073
3279
3218
2886
2441
2120
1863
1599
1449
1359
1142
769
287
-107
-523
-989
-1511
-1833
-1856
-1850
-1971
-2128
-2316
-2529
-2632
-2658
-2564
-2492
-2560
-2645
-2540
-2304
-2051
-1935
-1958
-1978
-1933
-1816
-1663
-1466
-1322
-1247
-1115
-824
-508
-259
-140
-75
28
113
227
427
576
610
626
640
718
844
909
966
961
885
834
874
1039
1237
1324
1149
841
607
620
711
751
743
521
232
31
-92
-112
-66
-94
-124
-104
-101
-125
-197
-236
-180
-56
78
110
79
18
-33
52
279
831
1482
1794
1739
1509
1462
1701
1976
2270
2774
3011
2917
2683
2371
2231
2136
1892
1604
1384
1129
888
626
299
-136
-670
-1358
-1771
-1859
-1891
-1986
-2170
-2434
-2625
-2674
-2709
-2757
-2823
-2918
-3021
-2919
-2723
-2574
-2544
-2554
-2431
-2286
-2162
-2069
-1994
-1882
-1663
-1323
-1033
-821
-737
-613
-338
-107
3
94
194
258
444
567
635
628
527
566
781
1020
1108
1067
1010
1022
1087
1148
1137
1174
1199
1159
1135
985
818
704
641
701
812
835
666
445
287
330
508
704
782
740
668
636
653
678
746
733
711
745
984
1473
1820
1879
1712
1539
1688
1950
2144
2471
2729
2731
2546
2271
2037
2023
1988
1712
1439
1154
879
628
351
78
-271
-802
-1369
-1635
-1645
-1707
-1909
-2182
-2404
-2403
-2430
-2584
-2771
-3061
-3302
-3354
-3188
-3031
-2976
-3067
-3194
-3199
-3148
-3057
-2967
-2907
-2769
-2502
-2142
-1816
-1593
-1460
-1339
-1180
-1007
-748
-454
-298
-142
102
212
228
270
410
626
867
987
1085
1156
1124
1169
1326
1449
1507
1536
1471
1422
1351
1215
1069
1034
1016
1020
1091
1070
902
793
747
748
840
858
869
1022
1171
1245
1246
1173
1077
991
1036
1275
1808
2274
2421
2244
1969
1913
2149
2418
2693
2944
2947
2831
2630
2465
2391
2272
1985
1732
1570
1406
1227
962
598
134
-295
-691
-882
-1002
-1201
-1499
-1805
-2045
-2146
-2154
-2232
-2353
-2495
-2648
-2785
-2842
-2971
-3081
-3199
-3237
-3147
-3033
-3023
-3208
-3410
-3498
-3392
-3105
-2751
-2448
-2256
-2177
-2123
-2033
-1922
-1756
-1479
-1142
-829
-613
-608
-674
-633
-518
-287
-8
181
323
421
493
640
748
815
878
1014
1220
1368
1476
1377
1171
1013
1043
1209
1352
1370
1268
1153
1078
1065
1156
1238
1262
1317
1374
1451
1503
1460
1370
1350
1504
1832
2166
2356
2318
2208
2192
2353
2494
2594
2781
2950
3032
2994
2815
2554
2424
2299
2204
2109
1952
1761
1542
1341
1055
758
354
-98
-320
-368
-489
-722
-1075
-1370
-1455
-1460
-1529
-1599
-1822
-2160
-2381
-2429
-2434
-2484
-2586
-2700
-2731
-2764
-2860
-2979
-3049
-3133
-3163
-3061
-2890
-2696
-2547
-2433
-2334
-2279
-2290
-2298
-2144
-1850
-1510
-1282
-1238
-1278
-1320
-1298
-1171
-1024
-863
-786
-715
-482
-230
-134
-138
-165
-130
46
302
555
622
476
258
221
449
766
957
974
922
873
936
1097
1259
1358
1387
1466
1692
1911
1985
1916
1786
1788
1977
2316
2623
2683
2491
2310
2315
2450
2614
2732
2838
2876
2837
2650
2449
2352
2296
2231
2206
2148
2004
1783
1505
1333
1167
911
595
366
272
184
-18
-308
-533
-707
-828
-867
-820
-915
-1160
-1444
-1619
-1700
-1811
-1928
-2010
-2021
-2049
-2090
-2115
-2191
-2324
-2447
-2483
-2362
-2171
-2029
-1917
-1845
-1823
-1862
-1890
-1889
-1849
-1777
-1674
-1543
-1484
-1512
-1536
-1580
-1593
-1542
-1502
-1447
-1351
-1255
-1158
-1066
-1003
-962
-946
-833
-660
-529
-442
-395
-349
-257
-179
-77
74
177
270
452
646
740
771
810
939
1137
1325
1507
1596
1565
1540
1568
1736
1958
2106
2140
2146
2174
2219
2318
2433
2587
2709
2744
2726
2651
2546
2398
2220
2093
2061
2034
1976
1864
1679
1437
1093
797
619
592
650
606
411
158
-90
-290
-354
-391
-432
-477
-603
-696
-748
-809
-897
-995
-1156
-1263
-1287
-1255
-1203
-1197
-1279
-1361
-1441
-1545
-1517
-1354
-1163
-1088
-1110
-1177
-1250
-1294
-1331
-1345
-1335
-1394
-1393
-1314
-1263
-1316
-1404
-1480
-1544
-1528
-1496
-1444
-1348
-1289
-1312
-1299
-1317
-1313
-1242
-1162
-1035
-916
-881
-866
-858
-830
-769
-736
-614
-430
-223
-44
49
107
163
219
342
523
720
890
1006
1096
1114
1121
1178
1298
1472
1610
1728
1799
1797
1808
1886
2048
2237
2348
2416
2369
2245
2156
2004
1923
1920
1918
1884
1790
1597
1344
1092
853
734
697
727
685
622
504
271
61
-111
-197
-215
-186
-153
-193
-282
-462
-585
-661
-725
-748
-740
-686
-606
-558
-570
-519
-562
-688
-769
-732
-627
-532
-454
-476
-554
-676
-804
-859
-806
-789
-811
-901
-940
-933
-1018
-1090
-1148
-1184
-1246
-1293
-1255
-1194
-1164
-1201
-1278
-1291
-1337
-1352
-1327
-1301
-1245
-1223
-1214
-1168
-1105
-1101
-1122
-1054
-957
-817
-673
-510
-368
-293
-233
-135
-13
32
93
178
268
336
426
571
791
1019
1154
1194
1212
1238
1329
1552
1821
2046
2174
2140
2051
1981
1867
1774
1678
1641
1669
1711
1660
1582
1395
1158
929
756
679
626
639
612
566
514
397
302
192
72
-54
-115
-70
-9
42
86
89
40
-92
-225
-294
-287
-179
-106
-72
-53
-86
-116
-164
-251
-269
-317
-356
-343
-273
-216
-235
-264
-397
-543
-631
-679
-690
-685
-640
-645
-677
-793
-960
-1072
-1181
-1235
-1232
-1193
-1137
-1140
-1179
-1250
-1328
-1409
-1475
-1495
-1480
-1334
-1201
-1124
-1094
-1094
-1115
-1066
-960
-824
-697
-642
-659
-633
-521
-392
-304
-228
-183
-81
100
315
512
648
719
795
887
1015
1120
1266
1473
1708
1850
1424
1182
1253
1518
1658
1757
2141
2307
1899
1539
1131
1152
1239
1376
1347
1426
1270
865
461
214
364
684
839
688
191
-441
-1031
-1373
-1270
-764
-465
-341
-342
-672
-1123
-1420
-1657
-1647
-1386
-867
-171
327
599
647
656
700
915
1153
1299
1479
1519
1536
1626
1764
1744
1375
976
574
27
-441
-873
-1303
-1626
-1780
-1918
-2077
-2192
-2564
-2970
-3255
-3458
-3351
-3001
-2665
-2332
-1936
-1573
-1362
-1133
-880
-716
-553
-353
-70
239
522
647
741
691
419
123
-212
-130
1475
4046
5841
5928
4505
2554
1055
227
595
2414
4852
5712
4023
2065
654
-783
-2728
-4454
-4888
-4261
-3652
-3674
-3085
-1821
-1954
-3727
-5480
-5875
-5076
-4187
-3065
-506
2838
4716
4522
3616
3443
3285
2395
2158
3649
5450
5876
4992
4531
4226
3074
878
-1269
-2002
-2021
-2716
-3022
-1985
-1217
-1894
-3583
-4810
-5087
-5373
-5351
-4486
-2797
-1042
-373
77
946
1947
2170
1857
2314
3100
3703
4071
4582
5334
5294
4226
2742
1634
691
-750
-1898
-2297
-2516
-3009
-3721
-4328
-4693
-5127
-5663
-5865
-5416
-4695
-4047
-3106
-1907
-702
209
665
1254
1794
2204
2396
3064
5956
8323
9063
9236
7859
6401
4762
3322
3167
3517
4378
3175
1106
-95
-1288
-3004
-5490
-7475
-8538
-8729
-8534
-8169
-6109
-4509
-4625
-4981
-5399
-4715
-3242
-2497
-1259
1543
4421
6011
6877
7588
8019
7700
6053
4870
5012
4909
4015
2935
2553
2207
799
-1362
-3182
-4451
-5972
-7569
-7926
-6614
-5281
-4577
-4275
-4225
-3946
-4047
-4009
-3109
-1038
903
1832
3423
5317
6496
6640
6095
5742
5264
4578
3875
3711
3790
3217
2189
708
-807
-2273
-4159
-5855
-6687
-6947
-7056
-6931
-6289
-5455
-4996
-4662
-3999
-3080
-2005
-785
370
1812
2908
3856
4547
6264
9215
10284
10419
9557
7780
6481
4508
3748
3801
4222
4131
1599
-592
-1942
-3317
-5603
-8007
-9254
-9983
-10009
-9983
-8433
-5540
-3839
-3467
-3648
-3300
-1994
-792
-51
1954
4907
6627
7358
8142
9294
9938
8663
6380
4933
3874
2259
597
-193
-41
-666
-2752
-4667
-5691
-6637
-8008
-9273
-9153
-8058
-7299
-6448
-4777
-2648
-1095
-494
-34
1275
2864
3688
4386
5830
7262
7715
7489
7518
7708
6879
5024
3117
1604
199
-1456
-3079
-3965
-4521
-5440
-6519
-7214
-7410
-7619
-7950
-7859
-6997
-5612
-4346
-2675
-750
931
2248
2902
3712
4390
4884
5472
7469
10066
10932
11108
10054
8311
6687
4203
2857
1881
1349
285
-2254
-3388
-3579
-4345
-6379
-8367
-9734
-10885
-11227
-10772
-8280
-5023
-2789
-1633
-1025
525
2166
2838
3336
4652
6110
6877
7693
8871
10341
10727
8859
6350
4076
1795
-353
-2250
-3335
-3855
-4970
-6606
-7421
-7549
-7806
-8460
-9305
-9448
-8607
-7437
-5882
-3263
-552
1422
2659
3695
5277
6583
7243
7704
7739
7792
7660
7115
6823
6419
5253
3273
1114
-817
-2479
-4146
-5972
-7328
-8409
-9096
-8971
-8527
-7818
-6841
-6142
-5767
-4955
-3718
-2152
-239
1450
3097
4532
5601
6685
7495
7848
8124
9706
10607
10096
9716
7967
6225
4386
2317
1335
-84
-794
-2643
-5583
-6699
-6876
-7294
-8601
-9585
-10300
-10519
-10023
-8886
-6040
-2945
-559
631
1267
3358
5815
6810
7108
8037
8797
8851
8600
8534
9377
9329
6946
3989
1629
-236
-2249
-4916
-6820
-7445
-8468
-9809
-9908
-8715
-7374
-7036
-7443
-7025
-5613
-4327
-2930
-707
2083
4466
5403
6186
8030
9325
9086
8193
7400
6782
5724
4413
3771
3446
2397
187
-2214
-3852
-4962
-6498
-8150
-8833
-8916
-9104
-9066
-8214
-6697
-5299
-4490
-3471
-1801
-79
1393
2718
3938
5130
5842
6211
6979
7814
7838
8196
9826
10221
9503
7993
5451
3584
1157
-959
-2142
-2873
-3020
-5248
-7264
-7014
-6620
-7408
-8982
-9868
-10060
-9654
-9000
-7069
-3497
-399
1221
1745
3165
5994
7613
7437
7545
8155
7991
7232
6722
7084
7680
6311
3499
1196
-243
-1717
-3942
-6193
-7389
-8365
-9927
-10553
-9315
-7273
-5611
-4819
-4312
-2924
-1465
-843
54
1603
3134
4151
5031
6877
8854
9599
9127
7860
6487
5260
3703
2240
1564
835
-608
-2331
-3440
-3948
-4617
-5650
-6613
-7232
-7684
-7696
-7130
-6161
-4630
-3408
-2312
-692
1137
2614
3883
5104
5668
6010
6066
6080
6311
6005
5687
7095
8745
8895
8319
6514
4587
2550
-719
-2463
-3389
-3948
-5153
-7650
-7864
-6482
-6056
-6912
-7971
-8433
-8425
-8608
-8296
-5537
-2009
-124
610
1943
4582
7069
7602
7257
7441
7096
6020
4733
4318
5168
4897
2580
329
-722
-1709
-3308
-4948
-6173
-7030
-8453
-9861
-9676
-8016
-6326
-5285
-4268
-2646
-659
749
1829
3096
4095
4283
3982
4275
5630
6885
7071
6904
6698
5962
4626
2924
1483
161
-1631
-3525
-4747
-5201
-5275
-5196
-5234
-5218
-5118
-5217
-4916
-4115
-3290
-2328
-1402
-340
1245
2643
3811
5252
6263
6497
6495
6394
6262
6007
5223
6299
7920
7677
7328
6044
4751
3633
1234
-341
-1510
-2380
-3860
-6847
-7559
-6364
-5770
-6354
-7229
-7154
-6675
-6932
-6866
-4799
-2088
-693
-177
1013
3502
6245
7042
6877
7247
7167
6091
4304
3440
3885
3191
1015
-792
-1625
-2327
-3677
-5404
-6462
-7200
-8414
-9427
-9251
-7659
-5870
-4734
-3953
-2511
-694
406
1319
2434
3532
3983
3755
4321
5389
5842
5993
5670
4880
4127
3077
1842
963
-29
-1362
-2772
-4106
-4902
-5500
-6028
-5851
-5406
-5209
-4806
-4026
-3069
-2311
-1831
-944
256
1394
2420
3605
4857
6021
6597
6525
6571
6481
5972
5648
7068
8211
8164
7636
6121
5139
3506
1398
176
-1505
-2492
-4458
-7109
-6873
-5906
-5676
-6059
-6639
-6326
-6061
-6195
-5363
-3222
-1487
-863
-219
807
3379
5839
6364
6986
7642
7338
6287
4722
4021
3742
1945
-332
-1801
-2717
-3411
-4437
-5680
-6263
-6938
-8269
-8951
-8668
-7715
-6356
-5495
-4366
-2131
-335
1081
2698
3672
4347
4413
4106
4690
4974
4855
4815
4233
3879
3430
2321
1346
504
-862
-2620
-4067
-4998
-5512
-6320
-7002
-6526
-5989
-5619
-4782
-3770
-2575
-1622
-1221
-372
987
2229
3262
3963
4713
5848
6333
6125
6286
6281
5958
6910
7867
8001
8005
6656
5282
3947
1963
1192
-266
-1810
-3080
-5704
-6430
-5850
-5638
-5705
-6303
-6157
-5707
-5621
-4766
-2703
-601
222
952
1988
3605
5910
6752
7032
7763
7756
7152
5964
5049
4798
3205
623
-1293
-2650
-3771
-5018
-6248
-7028
-7546
-8363
-8898
-8431
-7472
-6333
-5402
-4685
-2907
-1032
-33
1557
2984
3934
4410
4326
5015
5325
4849
4428
3518
2901
2408
1528
665
-39
-826
-2175
-3554
-4505
-5116
-5951
-7138
-7496
-7092
-6875
-5923
-4366
-2982
-1728
-941
-173
980
1957
2989
3685
3970
4631
5221
5450
5744
5986
6355
7689
8260
7998
7880
6674
5477
3993
2006
1021
-472
-1802
-3763
-6309
-6344
-5989
-6503
-6903
-6946
-6148
-5543
-5286
-3986
-1797
-54
495
1259
2747
4738
6489
6701
7145
8364
8231
7347
6455
5881
5445
3147
333
-1032
-2156
-3678
-5356
-6530
-6865
-7493
-8630
-8820
-7763
-6628
-5754
-5155
-3869
-1675
-381
539
2214
3846
4605
4432
4433
5239
5756
5205
4352
3897
3241
2114
782
-20
-433
-1748
-3549
-4727
-5208
-5594
-6415
-7181
-7138
-6933
-7166
-6855
-5412
-3671
-2382
-1569
-426
1266
2643
3528
4235
4915
5276
5081
4713
4986
5597
6767
8055
8085
8158
7699
6358
5207
3510
2208
577
-1412
-2839
-5152
-6269
-6019
-6297
-6818
-7371
-7063
-6135
-5549
-4428
-2671
-928
-10
609
2039
3928
5962
6899
6867
7569
8200
7971
7274
6511
6137
4707
1908
-100
-1324
-2885
-4832
-6574
-7355
-7693
-8251
-8551
-7903
-6838
-6096
-5486
-4596
-2859
-790
466
1742
3257
4174
4614
4417
4700
5623
5409
4565
4073
3604
2881
1577
533
-19
-1227
-2779
-3925
-4498
-5011
-5691
-6506
-7203
-7154
-6989
-6915
-6000
-4466
-2884
-1776
-952
655
2106
2541
2978
3692
4455
4784
4658
4810
5486
7110
7978
7685
7902
7611
6743
5202
3464
2678
856
-1281
-3187
-5338
-5640
-5852
-6777
-7426
-7932
-7220
-6422
-5802
-3987
-2005
-572
78
845
2737
4715
6200
6793
7059
7719
7858
7508
7063
6681
6223
4378
1886
512
-431
-2101
-4450
-6414
-7475
-8307
-9105
-9073
-7834
-6470
-5655
-4840
-3459
-1414
307
997
1906
3222
4261
4657
4691
5597
6372
5627
4485
4137
4174
3340
1673
411
-398
-1660
-3425
-4564
-4833
-5153
-5990
-7067
-7390
-6712
-6388
-6653
-6273
-5035
-3710
-2840
-1644
591
2552
3157
3370
4091
4996
5308
5117
4914
5420
6757
6895
6655
7164
7102
6538
4906
3305
2580
671
-1550
-4108
-6293
-6503
-7027
-7782
-8077
-7901
-6864
-6165
-5469
-3562
-1461
-118
351
1207
3351
5575
6839
7140
7705
8624
8518
7752
7010
6563
5845
3478
997
-79
-886
-2497
-4738
-6433
-7233
-8159
-9218
-9344
-8120
-6662
-6074
-5282
-3301
-794
945
1788
2954
4340
5072
5245
5428
6380
6971
5895
4378
3728
3706
2914
1384
326
-506
-1872
-3605
-4655
-4660
-5039
-6279
-7358
-7590
-6975
-6450
-6145
-5164
-3785
-2933
-2380
-1216
851
2790
3323
3482
4278
4985
5120
4901
4957
5775
6773
6279
5710
6172
5931
5076
3666
2622
2161
489
-1454
-3689
-5560
-6093
-7361
-8608
-9026
-8741
-7777
-7150
-5910
-3457
-1199
324
1307
2760
4681
6002
6834
7233
7836
8446
8094
7628
7287
6700
5687
3487
1492
534
-923
-2891
-4763
-6214
-7278
-8519
-9446
-9238
-8164
-7254
-6503
-5073
-3107
-871
955
2231
3840
5026
5410
5530
5519
6054
6313
5365
4459
4094
3670
2699
1576
908
-24
-1620
-3196
-4129
-4669
-5448
-6366
-7118
-7369
-6918
-6557
-6123
-4941
-3593
-2563
-1961
-1079
763
2185
2668
3393
4232
4826
5008
4742
5201
6647
7165
6465
6106
5881
5488
4552
3187
2633
1834
110
-2153
-4435
-5128
-5680
-7424
-8908
-9382
-8974
-8467
-7817
-5882
-3353
-1473
-256
1105
3400
5627
6775
7027
7292
7992
8114
7594
7395
7280
6741
5038
2805
1747
895
-964
-3256
-5119
-6333
-7629
-8921
-9283
-8840
-8170
-7727
-7007
-5172
-2829
-784
642
1943
3653
4826
5248
5786
6548
6898
6251
5281
4911
4689
3932
2713
1595
665
-532
-1782
-2706
-3251
-3911
-5318
-6629
-7111
-7047
-6741
-6578
-6129
-4969
-3832
-2799
-1349
457
2058
2789
3044
3666
4417
4758
4775
4833
5602
6778
6851
6619
6860
6558
5671
4214
2926
2162
928
-851
-3110
-4705
-5186
-6242
-7719
-8762
-8962
-8675
-8688
-7965
-5939
-3705
-1925
-702
1087
3707
5711
6719
7265
8001
8707
8448
7574
7083
6808
5837
3803
2135
1481
483
-1445
-3564
-4999
-6202
-7861
-9184
-9555
-9042
-8338
-8069
-7065
-4964
-2639
-808
458
2303
4215
5028
5371
5928
6754
6810
5874
5172
4916
4665
3857
2492
1608
945
-373
-1929
-3004
-3267
-3851
-5305
-6269
-6347
-6171
-6238
-6433
-5841
-4702
-3803
-3051
-1943
49
1860
2663
3266
4122
5073
5337
4840
4696
5497
6342
5999
5639
6115
6191
5577
4591
3768
3222
1827
-322
-2659
-4315
-4986
-6301
-7972
-8841
-8860
-8556
-8430
-7552
-5532
-3724
-2430
-1176
761
3339
5163
6213
7049
7790
8306
8067
7524
7231
6614
5317
3533
2233
1667
677
-1026
-2712
-4065
-5438
-7014
-8144
-8463
-8443
-8428
-8270
-7411
-5769
-3891
-2195
-602
1222
3009
4085
4862
5844
6569
6562
5800
5106
4737
4122
3321
2537
1845
969
-105
-1004
-1767
-2456
-3366
-4601
-5469
-5834
-5906
-5908
-5920
-5472
-4751
-4104
-3305
-2062
-430
828
1626
2656
3709
4525
5017
5105
5430
6133
6442
6129
5902
5882
5642
4973
4146
3748
3140
1772
-33
-1975
-3239
-4267
-5984
-7574
-8396
-8633
-8652
-8486
-7388
-5604
-4076
-2815
-1340
866
3232
4760
5676
6581
7480
7933
7702
7411
7285
6709
5339
3623
2545
1875
537
-1305
-2927
-4160
-5463
-6864
-7684
-7937
-7903
-7870
-7865
-7005
-5430
-3873
-2621
-1366
500
2156
3066
4015
5030
5818
5914
5370
5091
4902
4373
3448
2429
1730
1069
220
-595
-1188
-1621
-2575
-3783
-4520
-4913
-5045
-5397
-5671
-5244
-4707
-4124
-3264
-2138
-727
358
1185
2263
3180
3931
4529
4976
5884
6597
6466
6273
6148
5945
5486
4727
4128
3439
2341
845
-767
-1796
-2701
-4223
-6002
-7403
-8106
-8530
-8693
-8097
-6886
-5569
-4258
-2736
-548
1904
3803
5006
5916
6843
7464
7484
7298
7130
6677
5661
4281
3239
2626
1655
17
-1474
-2597
-3739
-5112
-6427
-7065
-7237
-7503
-7619
-7095
-5850
-4432
-3469
-2487
-977
598
1658
2398
3272
4160
4610
4454
4313
4622
4762
4216
3351
2708
2163
1246
105
-696
-1265
-2006
-2970
-3719
-3962
-4045
-4429
-4913
-4945
-4499
-3985
-3599
-2896
-1726
-626
176
982
2050
3043
3607
3939
4598
5643
6078
5954
5943
5882
5535
4816
4149
3685
2906
1702
53
-1344
-2106
-3216
-4752
-6099
-6961
-7467
-7982
-7971
-7032
-5863
-4826
-3651
-2044
25
1947
3335
4549
5783
6649
6958
6953
6868
6594
5816
4584
3498
2818
1869
483
-787
-1725
-2553
-3676
-4717
-5321
-5800
-6205
-6449
-6353
-5629
-4739
-4045
-3148
-1884
-433
759
1649
2625
3414
3711
3730
3717
3779
3716
3303
2837
2522
2093
1521
930
383
-245
-1011
-1849
-2504
-2806
-3127
-3541
-3783
-3725
-3444
-3136
-2773
-2164
-1495
-945
-345
318
1158
1911
2452
2999
3699
4617
5102
5182
5346
5298
5080
4573
3952
3502
2759
1817
648
-526
-1205
-2166
-3461
-4604
-5537
-5996
-6457
-6797
-6433
-5862
-5147
-4179
-2873
-999
835
2167
3208
4244
5265
5858
6001
5892
5515
4969
4080
3112
2526
1841
774
-391
-1402
-2064
-2746
-3624
-4382
-4955
-5200
-5323
-5304
-4731
-3919
-3345
-2995
-2385
-1285
-174
658
1365
1976
2513
2884
2964
3002
3098
2975
2387
1728
1427
1243
810
100
-457
-685
-1044
-1600
-1792
-1743
-1911
-2366
-2787
-2731
-2372
-2065
-1912
-1648
-950
-234
132
626
1419
2098
2346
2453
3226
4128
4228
4097
4076
4152
4114
3576
3159
2867
2358
1477
243
-458
-791
-1741
-3101
-4185
-4651
-4856
-5325
-5389
-4822
-4227
-3805
-3287
-1996
-260
1049
1902
2785
3883
4749
4987
4979
4989
4718
3965
2878
2213
1878
1140
28
-909
-1346
-1701
-2369
-3095
-3454
-3600
-4022
-4383
-4082
-3463
-2989
-2774
-2399
-1564
-690
-70
437
959
1524
1775
1750
1863
2094
2120
1692
1203
992
750
357
-52
-340
-480
-828
-1178
-1210
-1142
-1149
-1394
-1622
-1617
-1546
-1433
-1344
-1228
-907
-541
-270
174
787
1226
1460
1792
2290
2883
3134
3106
3221
3205
3126
2927
2734
2613
2235
1660
993
352
-88
-730
-1707
-2580
-3270
-3701
-4097
-4355
-4132
-3836
-3582
-3108
-2287
-1212
-123
720
1504
2344
3206
3799
3975
4000
3817
3391
2785
2203
1838
1357
633
-126
-736
-1087
-1399
-1782
-2228
-2541
-2801
-3151
-3194
-2900
-2619
-2414
-2227
-1796
-1101
-461
152
712
1096
1383
1568
1587
1569
1595
1467
1024
662
485
234
-56
-323
-470
-609
-824
-842
-673
-634
-745
-864
-950
-982
-877
-803
-859
-816
-596
-361
-113
249
677
926
1036
1283
1626
2076
2441
2511
2550
2545
2487
2405
2248
2175
1937
1537
1141
673
334
-31
-690
-1438
-2219
-2762
-3191
-3613
-3672
-3588
-3396
-2906
-2251
-1350
-376
451
1199
1673
2170
2649
2769
2800
2693
2403
2075
1640
1237
867
471
8
-470
-842
-1057
-1304
-1642
-1932
-2174
-2380
-2536
-2581
-2461
-2218
-2020
-1762
-1317
-707
-157
258
561
871
1151
1184
1050
905
830
647
274
59
113
71
-106
-212
-129
3
3
-68
-85
-73
-202
-487
-703
-688
-579
-688
-781
-537
-190
55
242
517
823
997
935
1013
1332
1552
1716
1761
1829
2015
2115
2065
1961
2020
2014
1640
1284
1128
759
142
-578
-1217
-1825
-2380
-2756
-3010
-3146
-3016
-2719
-2291
-1624
-751
-4
574
1160
1743
2117
2216
2104
1917
1645
1290
983
729
535
292
13
-135
-237
-366
-567
-891
-1229
-1462
-1634
-1827
-1912
-1810
-1676
-1653
-1459
-957
-562
-329
-82
152
359
488
524
447
342
171
-160
-496
-605
-564
-477
-481
-378
-83
120
255
408
506
525
360
106
-50
-135
-244
-397
-455
-365
-174
-5
151
374
628
718
658
669
767
814
798
792
798
885
992
1109
1326
1552
1752
1804
1724
1692
1541
1204
709
64
-561
-1076
-1522
-1828
-2000
-1981
-1901
-1760
-1398
-983
-463
8
311
577
835
999
1013
874
688
506
206
-70
-223
-284
-319
-364
-379
-260
-51
36
46
-10
-44
-138
-398
-618
-742
-850
-923
-995
-917
-728
-662
-672
-676
-606
-598
-736
-822
-851
-973
-1084
-1104
-900
-540
-247
20
320
681
997
1167
1304
1379
1280
942
538
286
99
-176
-419
-531
-480
-368
-295
-117
151
304
286
162
103
180
217
118
81
227
386
575
862
1233
1588
1706
1709
1749
1750
1625
1318
882
474
65
-358
-683
-867
-914
-987
-1087
-994
-710
-433
-250
-176
-80
8
-94
-238
-292
-343
-456
-612
-601
-411
-194
43
260
464
722
858
887
906
860
738
487
193
-7
-209
-477
-718
-858
-960
-1046
-1059
-1001
-935
-925
-974
-1011
-998
-1052
-1109
-1096
-970
-756
-526
-292
102
550
897
1149
1339
1550
1596
1394
1112
898
571
132
-242
-500
-604
-666
-729
-661
-449
-251
-190
-275
-291
-343
-461
-638
-786
-767
-752
-753
-497
-14
532
1033
1402
1764
2064
2206
2157
1952
1678
1294
788
316
-95
-373
-664
-949
-1092
-1132
-1095
-1052
-1004
-914
-781
-769
-710
-632
-544
-451
-435
-364
-192
18
202
448
639
858
1030
1150
1284
1333
1271
1107
876
612
375
128
-150
-377
-561
-726
-925
-1016
-1034
-1059
-1059
-1077
-1064
-1042
-1029
-1022
-913
-704
-489
-239
73
455
821
1122
1384
1669
1835
1820
1636
1410
1217
882
440
58
-215
-474
-720
-930
-978
-960
-1035
-1103
-1097
-986
-970
-1016
-1044
-1028
-901
-862
-766
-406
25
482
866
1251
1697
1965
2014
1906
1725
1450
991
439
-37
-407
-759
-1107
-1283
-1273
-1189
-1099
-986
-841
-676
-629
-612
-563
-531
-478
-486
-488
-372
-179
59
291
530
812
1094
1305
1412
1517
1518
1397
1242
1017
790
551
267
13
-229
-407
-579
-761
-900
-984
-1061
-1070
-1047
-988
-866
-788
-700
-555
-329
-57
168
386
691
961
1189
1327
1491
1618
1561
1377
1148
925
621
222
-130
-378
-593
-779
-963
-1034
-1007
-1009
-1099
-1052
-907
-820
-828
-869
-800
-703
-675
-552
-300
20
362
633
914
1265
1541
1553
1415
1232
1007
663
208
-182
-470
-783
-1113
-1273
-1234
-1089
-979
-904
-740
-577
-501
-483
-494
-457
-441
-494
-488
-426
-254
0
208
496
840
1113
1291
1391
1461
1425
1256
1049
817
574
293
-1
-203
-339
-407
-430
-487
-503
-520
-561
-575
-609
-590
-595
-607
-534
-365
-162
52
264
515
768
958
1127
1224
1282
1263
1113
950
753
536
290
32
-221
-394
-500
-615
-696
-689
-738
-798
-853
-890
-839
-772
-734
-705
-625
-574
-448
-309
-114
110
314
473
679
898
1050
1081
1004
920
748
499
236
-33
-282
-527
-763
-928
-980
-931
-881
-782
-624
-446
-314
-253
-215
-201
-222
-270
-298
-251
-164
-33
115
290
524
790
938
1024
1099
1078
954
724
486
271
77
-150
-323
-434
-507
-552
-578
-530
-448
-359
-343
-332
-298
-274
-276
-284
-224
-107
-4
128
315
546
767
876
928
976
954
852
669
463
300
97
-106
-265
-390
-481
-540
-607
-587
-547
-541
-515
-504
-488
-497
-541
-566
-524
-482
-453
-325
-133
79
283
475
664
792
836
795
778
693
555
373
173
27
-117
-285
-412
-468
-487
-514
-544
-511
-459
-420
-393
-356
-256
-141
-87
-79
-37
61
98
127
164
243
381
475
548
626
698
722
677
539
392
257
54
-150
-313
-380
-454
-514
-564
-536
-410
-305
-251
-206
-133
-111
-130
-135
-88
-22
15
73
195
336
520
593
651
708
717
668
547
427
273
94
-74
-216
-287
-278
-347
-385
-380
-378
-367
-360
-331
-298
-330
-363
-380
-412
-399
-379
-336
-223
-60
122
251
393
558
639
648
636
569
473
310
104
-41
-169
-292
-407
-434
-379
-367
-366
-316
-238
-189
-181
-196
-202
-150
-110
-128
-125
-47
13
48
104
218
353
385
375
376
404
369
279
187
135
91
-33
-151
-197
-215
-282
-372
-416
-381
-339
-358
-334
-265
-211
-167
-155
-123
-48
0
16
86
176
263
346
404
495
589
592
578
528
444
338
213
117
10
-60
-148
-208
-262
-285
-251
-228
-186
-149
-121
-123
-64
-66
-128
-186
-218
-173
-154
-71
51
166
231
323
453
523
562
499
401
283
132
-62
-223
-294
-355
-404
-438
-390
-278
-193
-110
-78
-38
-17
-59
-73
-58
-55
-98
-151
-156
-114
-67
3
88
162
203
222
241
252
249
196
123
60
20
-43
-116
-161
-223
-270
-320
-339
-355
-371
-378
-367
-330
-308
-249
-194
-114
12
113
198
302
376
384
378
393
367
324
286
230
171
82
46
-26
-25
-4
-43
-58
-55
-41
-43
-27
-20
-19
-63
-78
-61
-49
-53
-68
-63
-2
35
79
159
208
256
289
313
367
381
341
266
180
92
-15
-144
-241
-265
-301
-335
-330
-274
-172
-107
-49
-3
37
16
-36
-87
-114
-121
-166
-204
-179
-92
-26
25
72
80
110
143
116
124
86
54
-6
-119
-142
-152
-207
-277
-312
-301
-287
-306
-319
-330
-338
-343
-364
-303
-192
-76
17
77
192
296
361
354
334
351
329
250
190
195
186
120
70
95
138
152
105
92
104
73
39
21
53
87
76
62
96
106
86
52
30
81
122
106
126
193
222
224
239
297
326
270
217
182
139
33
-77
-138
-150
-172
-215
-217
-135
-31
-24
-43
-26
16
14
-16
-33
-31
-41
-103
-193
-188
-102
-116
-147
-129
-60
-21
-38
-17
41
41
-4
-60
-90
-86
-152
-238
-280
-333
-379
-400
-404
-391
-397
-415
-443
-425
-387
-315
-283
-239
-167
-120
-28
49
144
185
235
257
246
231
206
163
102
111
102
97
139
152
165
179
198
216
198
188
160
114
98
91
122
126
139
139
148
178
174
181
182
169
156
164
170
196
183
196
189
167
97
56
58
68
16
-55
-46
-16
29
41
56
87
73
25
-44
-72
-72
-133
-214
-244
-193
-130
-93
-44
30
79
105
118
159
219
221
162
76
61
44
-1
-52
-111
-147
-214
-296
-353
-378
-420
-455
-484
-491
-445
-389
-347
-259
-176
-135
-102
-59
-35
-15
13
40
72
78
88
98
115
127
179
201
202
195
154
118
116
130
126
122
100
77
71
28
-24
-76
-121
-156
-150
-133
-104
-38
16
68
114
148
149
158
142
92
56
-2
-31
-50
-52
-50
-66
-31
-18
19
55
65
41
-2
-14
-44
-72
-95
-91
-101
-143
-142
-116
-61
-53
-43
9
61
127
182
272
369
422
441
418
411
388
327
222
138
101
25
-64
-130
-199
-252
-310
-366
-402
-403
-387
-399
-381
-296
-208
-147
-76
-2
75
130
156
191
216
205
145
121
132
159
146
137
143
153
152
159
160
156
147
79
0
-57
-103
-157
-213
-243
-227
-204
-197
-173
-107
-66
-28
-2
61
108
116
115
112
88
65
40
-47
-56
-69
-132
-164
-144
-92
-62
-13
-5
-6
-20
-89
-160
-203
-222
-260
-283
-259
-211
-175
-129
-67
5
107
199
276
318
348
391
392
360
347
333
295
231
143
100
22
-74
-158
-220
-277
-319
-358
-372
-353
-316
-289
-279
-219
-154
-63
19
62
158
213
231
270
293
307
286
252
246
269
231
206
189
181
177
156
142
128
97
22
-59
-91
-153
-221
-286
-315
-307
-304
-290
-226
-158
-107
-42
-14
73
123
132
112
88
63
37
19
16
16
-20
-70
-108
-90
-88
-95
-96
-105
-105
-114
-149
-168
-191
-241
-284
-325
-290
-237
-193
-119
-36
49
160
268
349
432
473
440
404
381
349
284
205
164
104
45
-14
-59
-87
-128
-216
-297
-304
-305
-325
-343
-330
-291
-247
-195
-134
-60
21
95
149
211
289
312
287
293
320
310
305
301
274
252
211
173
158
143
116
88
54
25
-21
-60
-117
-168
-213
-273
-274
-253
-242
-205
-183
-126
-69
-33
3
37
87
116
94
81
81
74
26
-6
-9
-22
-15
-51
-65
-85
-116
-178
-204
-211
-204
-216
-260
-272
-274
-245
-237
-196
-98
-26
40
112
197
262
317
349
354
372
365
319
235
175
106
41
-14
-57
-75
-115
-157
-194
-213
-229
-241
-234
-240
-243
-246
-232
-231
-197
-129
-85
-13
62
140
202
226
237
265
284
275
256
250
240
232
198
154
174
204
174
149
141
103
37
-60
-111
-130
-162
-178
-217
-213
-180
-166
-143
-86
-34
6
0
-22
12
23
9
-16
7
54
71
62
78
64
26
-8
-48
-68
-99
-115
-164
-164
-184
-220
-258
-286
-254
-206
-199
-190
-114
-25
62
126
199
300
334
350
364
365
358
313
233
164
139
92
37
15
-15
-59
-90
-125
-152
-148
-155
-186
-204
-188
-184
-206
-221
-166
-113
-67
-1
30
84
122
119
141
158
163
181
160
167
142
127
129
96
69
77
60
36
25
-5
-31
-75
-120
-162
-187
-211
-225
-214
-209
-201
-182
-162
-119
-76
-60
-31
-3
13
30
45
59
76
99
109
128
147
141
129
89
80
54
14
-23
-57
-89
-139
-183
-208
-218
-220
-217
-180
-126
-54
22
83
156
227
275
284
295
311
298
265
220
187
122
60
1
-56
-57
-90
-126
-168
-192
-187
-189
-170
-140
-138
-152
-141
-118
-101
-97
-71
-49
-18
42
62
90
115
120
146
157
142
145
163
171
161
166
202
215
198
183
141
84
23
-47
-107
-156
-190
-217
-216
-197
-189
-189
-150
-129
-122
-100
-69
-45
-31
-2
40
50
82
106
97
138
153
162
163
184
175
159
102
52
20
-42
-126
-195
-250
-265
-273
-269
-233
-175
-105
-52
8
72
148
191
195
185
172
156
152
117
89
58
31
21
0
-48
-74
-122
-165
-164
-176
-166
-173
-178
-200
-192
-174
-163
-150
-141
-128
-114
-113
-103
-65
-26
22
69
111
150
172
190
189
201
227
218
237
254
241
227
205
194
176
110
54
11
-47
-109
-156
-176
-195
-218
-213
-195
-166
-130
-88
-69
-50
-19
3
-10
3
39
72
98
113
172
182
167
179
204
174
135
85
44
-14
-74
-129
-190
-238
-275
-298
-272
-235
-163
-124
-100
-21
47
107
129
155
184
187
170
139
121
112
76
60
46
41
28
-12
-43
-49
-36
-56
-54
-55
-62
-77
-98
-93
-114
-132
-151
-164
-117
-90
-86
-72
-63
-32
-4
11
50
109
147
135
160
179
215
254
247
281
275
254
218
159
125
84
14
-51
-75
-114
-166
-173
-183
-162
-142
-148
-109
-62
-50
-42
-24
-9
-8
-5
-4
15
52
82
106
139
181
182
179
166
157
112
43
-51
-126
-188
-248
-295
-327
-332
-327
-299
-236
-165
-105
-46
13
38
75
86
58
37
-3
-28
-67
-69
-54
-30
1
10
12
51
50
43
30
-20
-29
-35
-72
-96
-84
-96
-123
-127
-107
-115
-109
-78
-57
-30
-7
-7
21
35
44
86
120
136
178
238
261
270
271
280
270
226
184
149
101
36
-13
-45
-82
-100
-126
-134
-125
-133
-134
-117
-102
-88
-54
-17
20
56
104
124
123
139
144
151
147
178
205
205
173
156
136
81
18
-25
-65
-122
-162
-195
-194
-181
-166
-123
-80
-44
9
43
43
57
85
56
42
1
-10
-15
-32
-29
-24
-6
24
36
60
77
66
55
14
-20
-45
-88
-127
-159
-179
-194
-178
-169
-147
-112
-93
-82
-89
-76
-82
-78
-51
-30
-1
15
68
119
157
190
204
211
189
177
138
103
73
33
-11
-60
-95
-110
-138
-171
-184
-183
-193
-190
-170
-133
-119
-95
-90
-66
-23
-2
57
78
102
119
142
173
194
182
154
138
117
98
54
24
-8
-55
-97
-136
-164
-181
-180
-157
-102
-58
-9
26
36
59
73
63
63
44
36
34
9
6
15
15
28
30
35
50
83
68
60
71
36
9
-17
-41
-71
-80
-93
-102
-96
-85
-62
-33
-13
5
13
2
3
22
37
55
80
101
126
149
181
202
242
253
265
243
197
164
111
66
16
-39
-86
-131
-144
-150
-140
-145
-149
-145
-124
-116
-102
-74
-54
-32
-25
4
35
65
85
88
84
98
80
68
71
48
5
-41
-84
-102
-84
-120
-142
-165
-176
-160
-151
-108
-75
-53
-26
-8
9
19
43
33
24
26
9
-10
-18
-32
-37
-34
-41
-11
12
49
80
75
49
14
-20
-37
-57
-79
-113
-134
-141
-132
-107
-86
-62
-50
-39
-23
-14
-11
13
27
51
77
107
155
186
186
196
231
240
214
181
179
141
117
86
49
8
-17
-58
-89
-77
-93
-110
-127
-112
-97
-93
-72
-45
-38
-38
-25
3
16
25
21
31
40
51
63
60
49
41
24
-13
-27
-54
-92
-124
-154
-185
-150
-120
-133
-111
-70
-55
-21
-10
-9
12
10
0
24
28
11
25
17
32
25
41
41
58
68
53
63
70
74
91
70
53
35
-9
-38
-54
-63
-72
-56
-37
-25
-13
11
6
8
17
32
31
26
34
67
83
97
137
164
177
201
211
193
179
132
105
68
40
2
-47
-67
-85
-97
-95
-86
-87
-86
-93
-71
-45
-6
12
10
-6
12
-4
7
32
35
38
18
10
-5
-3
-18
-34
-48
-50
-72
-96
-98
-108
-125
-118
-135
-124
-133
-135
-124
-111
-90
-71
-56
-53
-26
-25
-27
-43
-42
-54
-58
-64
-38
-17
-19
-24
-19
8
21
50
40
25
-2
-13
-36
-42
-51
-53
-36
-21
-3
30
51
46
55
50
55
68
89
101
99
100
121
128
145
163
179
188
197
188
187
182
169
122
81
52
6
-44
-58
-62
-75
-47
-48
-24
-8
4
18
16
-2
-16
-12
-7
-6
-22
-38
-47
-48
-28
-1
-15
-8
-5
-36
-38
-51
-76
-98
-98
-92
-110
-107
-115
-124
-127
-142
-117
-120
-115
-90
-84
-76
-68
-39
-44
-38
-12
-11
2
-5
-27
-17
-8
-11
-4
9
7
21
29
16
48
44
37
25
13
16
4
0
17
21
28
49
60
76
85
80
72
92
118
128
133
126
138
146
131
121
127
123
99
89
88
93
77
64
52
51
30
-12
-17
-30
-31
-27
-15
-23
-27
-50
-60
-65
-73
-74
-68
-65
-64
-51
-30
-35
-40
-47
-45
-37
-39
-29
-20
-16
-21
-29
-57
-54
-73
-79
-76
-89
-99
-93
-61
-57
-30
-33
-49
-52
-50
-56
-51
-52
-52
-50
-62
-41
-16
-4
6
8
16
16
-5
-20
-10
0
-3
-3
3
3
8
0
8
14
-1
0
8
1
25
57
45
78
73
33
51
57
82
106
107
110
108
108
115
128
112
109
96
71
73
65
38
22
17
16
20
18
33
30
21
27
8
-21
-39
-63
-69
-57
-58
-68
-88
-87
-84
-64
-41
-15
10
-2
2
9
-4
-33
-44
-38
-69
-55
-27
-27
-24
-16
-26
-32
-38
-62
-69
-53
-53
-46
-51
-65
-72
-88
-79
-66
-68
-60
-56
-58
-49
-21
12
29
18
28
40
30
19
13
10
17
8
14
18
16
13
22
39
19
15
23
36
52
56
47
50
77
68
68
74
69
75
70
78
79
90
70
60
76
67
48
17
26
20
10
-2
2
9
7
-5
-25
-21
-27
-31
-56
-53
-92
-112
-119
-117
-81
-68
-32
-21
-30
-3
21
28
31
17
20
28
28
43
39
29
38
40
32
19
8
11
2
-18
-32
-61
-64
-71
-66
-53
-51
-60
-47
-55
-40
-47
-40
-36
-50
-16
-11
7
10
23
9
4
14
22
24
13
26
2
8
23
25
31
47
53
33
40
15
22
26
18
8
8
17
11
28
31
38
36
25
22
19
1
33
34
27
34
33
46
31
21
23
6
-4
-21
-43
-69
-70
-74
-89
-67
-58
-81
-70
-52
-46
-38
-31
-26
-10
23
30
18
29
44
45
40
49
65
41
23
28
27
30
35
14
2
3
-19
-25
-22
-19
-25
-23
-36
-33
-25
-18
-45
-54
-30
-21
16
20
32
26
23
25
22
15
5
9
18
25
23
32
3
-25
-34
-45
-31
-16
2
0
2
10
15
6
14
23
24
9
-7
-8
4
21
31
45
35
42
40
36
33
27
3
6
15
5
-6
-24
-52
-64
-55
-61
-59
-76
-82
-90
-92
-81
-65
-46
-52
-60
-60
-35
-31
-15
0
2
20
38
59
61
73
92
50
35
43
48
44
43
34
7
-13
-43
-30
-21
-10
-11
