4
2
-1
2
-4
3
-1
-2
0
-4
3
0
-1
1
-3
0
-4
1
1
0
4
-2
2
1
-2
4
0
2
2
-1
4
-1
1
-1
-3
0
-1
4
0
1
5
-2
1
-1
-1
0
-5
2
-1
1
0
-3
2
-2
-2
-1
-3
3
-1
0
0
-1
0
-4
0
-1
0
2
-1
2
2
1
4
1
2
-1
2
3
-2
5
0
1
3
-1
4
0
0
3
2
1
-2
4
3
1
4
1
-1
0
-1
-1
-1
0
-2
0
1
-1
4
0
1
1
-4
4
0
-1
0
-3
0
-4
-2
1
-2
4
-1
1
-2
-1
0
-4
0
0
-4
0
-3
-1
0
-3
3
-3
3
-1
-1
1
-2
3
-3
1
3
-3
3
1
-1
1
-2
2
0
-1
2
-3
0
-4
0
-2
-3
0
-2
3
-3
0
2
0
0
-1
-2
1
-2
1
1
-3
-1
-3
4
-2
3
1
-1
2
-4
2
-1
-2
0
-1
3
-1
-1
3
-3
-1
1
-3
3
0
-2
-1
-1
1
-1
2
2
0
3
0
1
-1
-1
2
0
3
-1
0
0
0
0
-2
-2
1
-2
-1
0
-1
-2
-1
-2
-3
0
0
2
3
1
3
3
-1
1
-1
2
1
2
1
0
4
1
-1
1
1
1
-1
-1
0
-2
3
2
3
3
2
2
-2
1
3
0
3
1
1
1
0
4
2
4
3
0
0
0
1
2
1
2
0
1
1
0
0
-2
-1
-1
-2
-2
-2
-1
1
1
2
0
-2
-2
-2
-2
-3
-3
-5
-1
-3
-1
1
0
1
-1
-2
-3
0
-1
-1
-1
-1
0
-1
-4
-1
0
-3
-2
0
-1
-3
-2
-2
-1
-1
1
2
-1
-2
-2
-2
-2
-1
-2
-2
-2
-2
-2
-2
-3
-3
-3
-1
-1
-2
-3
-4
-3
0
0
-2
0
0
-1
0
-2
1
1
1
0
-1
1
2
1
2
1
2
1
2
3
2
4
1
1
4
2
3
4
3
3
2
2
2
3
4
4
3
2
3
1
2
4
2
2
2
3
1
2
3
1
-1
-1
0
2
3
0
1
0
0
2
4
2
1
1
1
0
1
2
1
-2
-4
-5
-2
-2
0
2
-1
-2
-4
-3
-1
1
-1
-3
-4
-5
-2
1
1
1
-1
-2
-2
-2
0
0
-1
-4
-3
0
3
3
2
-2
-2
0
-1
1
0
1
-2
-3
-1
1
3
2
2
-1
-3
-3
-1
1
1
1
-1
-4
-2
0
2
4
-3
-4
-3
-2
-2
1
-2
-4
-3
-8
-6
0
-2
-2
-2
-5
-3
-2
-1
1
3
1
-4
-3
-2
-1
5
1
0
-1
-1
-1
-2
3
0
-1
1
-3
-1
2
3
1
1
0
-3
-1
3
1
0
-2
-2
2
2
3
1
3
1
-1
4
2
1
1
-2
1
-1
-1
3
5
4
1
0
0
2
2
1
1
0
2
1
1
4
5
1
0
1
1
2
0
6
5
3
1
1
2
2
3
2
2
1
0
-2
0
2
4
-1
-2
0
-3
-2
-3
0
1
-3
-4
1
2
-1
-2
-3
-3
-1
-2
-1
2
-3
0
0
2
3
0
-2
-3
-2
2
2
3
-1
-5
-6
-5
0
1
2
-2
-6
-2
0
3
3
-1
-4
-6
-2
-3
3
2
-2
-2
-3
1
4
1
4
-1
-3
-3
-2
-1
0
0
0
-3
-2
0
-1
2
-2
-1
-1
0
0
3
1
-1
0
-2
-2
2
1
-1
-3
-4
-3
-3
4
3
-4
-4
-5
-3
1
1
1
-3
-4
-2
-2
0
1
-1
0
1
2
1
3
1
-1
1
0
2
-1
-1
1
-2
1
6
16
14
18
16
9
12
-1
-11
-9
-8
-12
-6
-7
-9
-2
-6
-8
-8
-6
-2
-1
-9
-9
-7
-5
4
3
13
17
11
16
6
35
47
27
35
6
9
18
-6
-12
6
5
-13
-18
-35
-35
-16
-24
-42
-39
-47
-28
-19
-27
-10
-13
3
16
20
32
27
17
22
22
19
43
39
39
36
23
25
27
23
20
8
2
-1
-14
-17
-17
-15
-12
-20
-18
-15
-9
2
3
7
0
-5
-4
-2
6
14
10
-1
-8
3
7
17
17
13
40
29
10
4
-11
-27
-49
-89
-106
-69
-50
-50
-13
-14
-6
10
-23
-22
-26
-43
-19
-3
-5
17
11
31
72
57
43
32
7
-4
-18
-46
-28
-13
-8
15
5
11
12
-12
-14
-11
-8
-9
-14
-30
-25
-1
-3
37
39
38
42
12
3
-10
-10
-31
-12
0
9
33
26
31
9
-2
-16
-21
-8
-3
-3
1
16
18
30
38
17
21
19
17
28
21
21
16
16
20
30
34
32
38
28
32
22
8
9
4
12
24
26
18
10
-3
-12
-16
-22
-21
-21
-19
-20
-19
-28
-42
-55
-63
-68
-66
-60
-60
-62
-56
-53
-49
-38
-35
-27
-15
-6
-1
6
10
13
17
5
0
7
11
20
32
32
21
14
-1
-7
-2
-4
-4
-2
-3
-7
-5
-11
-17
-22
-27
-32
-29
-27
-26
-22
-15
-5
5
10
17
25
29
34
38
40
48
49
49
53
50
53
57
53
58
64
57
70
78
81
99
104
118
151
187
218
231
207
164
141
128
129
157
155
121
64
-39
-122
-173
-208
-234
-272
-323
-367
-370
-370
-360
-351
-395
-433
-428
-395
-312
-205
-124
-79
-62
-64
-48
15
92
169
223
248
257
266
279
285
290
250
152
86
35
8
22
4
-45
-100
-170
-226
-235
-228
-234
-236
-244
-248
-232
-197
-134
-72
-20
18
41
86
145
198
228
241
215
200
199
207
223
219
209
186
163
140
110
71
36
-9
-43
-59
-66
-46
0
26
49
78
71
88
127
154
185
211
223
273
393
573
739
809
741
594
494
477
451
447
489
463
332
176
-51
-208
-181
-273
-443
-586
-890
-1099
-1058
-1045
-1011
-998
-1175
-1234
-1080
-948
-783
-613
-623
-669
-676
-676
-476
-168
65
307
423
410
453
500
577
687
617
447
378
329
378
518
479
393
285
31
-152
-207
-333
-379
-376
-565
-688
-732
-806
-666
-478
-476
-449
-472
-515
-373
-228
-141
-40
-35
-36
97
255
464
652
661
606
538
413
427
527
556
622
568
424
411
401
350
347
217
33
-41
-108
-81
21
31
6
8
-13
14
117
199
290
386
424
439
503
606
694
776
797
784
813
812
793
827
797
809
1111
1369
1406
1303
897
565
531
391
353
573
550
323
68
-447
-753
-647
-856
-1216
-1547
-2254
-2724
-2660
-2567
-2334
-2173
-2392
-2374
-2068
-1915
-1684
-1479
-1578
-1575
-1496
-1320
-754
-82
474
1011
1253
1204
1225
1257
1405
1606
1465
1163
1072
1054
1104
1263
1220
962
704
306
-155
-394
-679
-1056
-1250
-1501
-1815
-1870
-1773
-1597
-1344
-1278
-1481
-1547
-1467
-1315
-971
-627
-412
-212
23
380
812
1213
1440
1488
1468
1426
1339
1363
1524
1557
1565
1510
1337
1246
1234
1116
991
776
425
137
-12
-58
-6
47
93
131
172
249
327
389
465
476
471
622
778
975
1191
1375
1517
1524
1462
1374
1288
1201
1035
837
660
617
664
1031
1720
2074
2046
1613
865
509
316
88
332
620
549
268
-236
-787
-827
-763
-1256
-1768
-2650
-3758
-4111
-4050
-3834
-3443
-3415
-3540
-3244
-2997
-2861
-2557
-2586
-2759
-2730
-2692
-2146
-1096
-91
902
1653
1797
1798
1942
1995
2039
1914
1352
1002
1036
1062
1272
1511
1322
920
422
-289
-935
-1303
-1852
-2414
-2819
-3382
-3609
-3304
-2676
-1906
-1430
-1415
-1502
-1479
-1284
-844
-347
121
584
987
1584
2382
3101
3632
3790
3525
3115
2720
2481
2580
2748
2605
2277
1857
1576
1554
1556
1477
1082
364
-376
-971
-1222
-1030
-814
-617
-383
-314
-210
68
287
472
593
464
509
726
1046
1575
2120
2505
2618
2474
2210
2004
1730
1426
1160
834
529
417
373
773
1801
2635
2950
2656
1631
731
440
172
259
855
995
800
451
-290
-715
-596
-1004
-1793
-2700
-4143
-5084
-5152
-4960
-4439
-3996
-4195
-4168
-3849
-3798
-3584
-3442
-3719
-3817
-3811
-3571
-2596
-1394
-214
869
1446
1572
1670
1660
1581
1574
1399
1029
901
989
1303
1747
1950
1826
1396
811
124
-450
-1033
-1775
-2411
-2810
-2838
-2429
-1719
-1098
-716
-519
-533
-580
-441
-175
160
439
664
966
1358
2033
2753
3240
3349
3042
2587
2233
2049
1845
1681
1550
1284
1134
1067
1032
1086
963
701
233
-388
-838
-994
-859
-576
-367
-226
-28
249
580
1002
1294
1285
1276
1257
1319
1647
2000
2311
2577
2660
2548
2452
2275
1885
1518
1149
637
329
180
60
295
740
1482
2217
2453
2081
1219
531
147
-132
-87
223
435
303
-81
-674
-1054
-1004
-1453
-2221
-3133
-4442
-5262
-5469
-5301
-4900
-4628
-4632
-4527
-4099
-3967
-3906
-3874
-4114
-4144
-4009
-3556
-2534
-1398
-316
643
1348
1708
1870
1890
1890
2108
1940
1581
1554
1658
1837
2045
1912
1654
1553
1176
541
73
-669
-1494
-1901
-2287
-2253
-1970
-1688
-1237
-742
-393
-299
-128
132
489
827
959
1155
1377
1704
2249
2706
3044
3130
2958
2876
2857
2725
2425
2082
1720
1443
1312
1188
1153
1104
884
624
360
63
-37
-37
-42
-20
-47
-18
119
446
873
1085
1179
1251
1339
1563
1793
1963
2080
1990
1800
1639
1519
1379
1254
968
481
230
-124
-329
-301
-411
-275
222
799
1188
1297
970
288
48
-202
-505
-212
-8
96
-5
-620
-1335
-1564
-1697
-2239
-2695
-3560
-4713
-5078
-5207
-4900
-4377
-4432
-4538
-4576
-4390
-4130
-3749
-3426
-3248
-2895
-2892
-2497
-1761
-1025
189
1224
1927
2352
2474
2544
2530
2408
2010
1797
1873
1918
1920
1695
1383
1137
819
496
112
-407
-1053
-1639
-2031
-2332
-2352
-2156
-1909
-1368
-837
-464
-65
383
846
1230
1638
1933
2122
2367
2640
2920
3251
3482
3503
3522
3556
3493
3347
3079
2596
2138
1676
1263
1010
843
671
456
312
62
-240
-450
-575
-521
-357
-221
-109
-48
90
276
483
825
1096
1289
1532
1642
1637
1551
1452
1378
1339
1238
986
731
424
104
-166
-425
-609
-696
-830
-714
-213
479
908
842
397
-275
-620
-763
-932
-684
-336
-229
-276
-666
-1121
-1440
-1564
-2369
-3266
-4117
-5048
-5039
-4846
-4633
-4435
-4528
-4656
-4442
-3863
-3580
-3365
-3190
-3128
-2709
-2214
-1417
-300
729
1650
2231
2575
2852
3124
3246
2999
2636
2050
1436
1158
949
784
578
178
-413
-976
-1332
-1771
-1998
-2152
-2615
-2978
-3111
-2811
-2029
-1002
-36
601
1232
1835
2490
3324
4049
4485
4605
4503
4342
4339
4538
4668
4556
4227
3666
3151
2683
2259
1711
868
-39
-790
-1313
-1484
-1429
-1403
-1417
-1415
-1431
-1256
-847
-373
98
456
640
880
1381
1914
2417
2759
2762
2630
2680
2659
2576
2410
1997
1396
788
184
-349
-684
-1173
-1759
-2252
-2668
-2840
-2673
-2411
-2078
-1527
-709
241
900
1151
1018
661
388
116
28
350
710
816
429
-252
-968
-1478
-2050
-3095
-4197
-5350
-6151
-6310
-6128
-5535
-4929
-4498
-4193
-3924
-3511
-3193
-2782
-2580
-2475
-2021
-1375
-74
1483
2718
3642
4179
4426
4381
4073
3439
2557
1718
656
-157
-530
-737
-766
-920
-1297
-1805
-2217
-2515
-2703
-2815
-3010
-3093
-2802
-2095
-1020
198
1386
2472
3360
4086
4734
5257
5612
5745
5554
5250
4940
4656
4430
4117
3670
3012
2313
1535
738
45
-739
-1485
-2118
-2549
-2753
-2671
-2489
-2157
-1749
-1334
-752
-159
486
1085
1553
2035
2553
2970
3336
3760
3940
3820
3587
3232
2859
2509
2008
1341
686
11
-729
-1295
-1673
-2095
-2493
-2968
-3438
-3661
-3669
-3390
-2976
-2522
-1947
-1254
-61
1138
2020
2531
2469
2144
1726
1299
917
725
592
160
-563
-1298
-1973
-2494
-3180
-4191
-5240
-6291
-7005
-7346
-7249
-6679
-6042
-5367
-4832
-4188
-3298
-2390
-1572
-1034
-566
141
1007
2128
3231
4228
5069
5564
5688
5473
5101
4529
3664
2519
1184
73
-731
-1430
-2052
-2577
-2913
-3187
-3391
-3473
-3380
-3189
-2995
-2818
-2434
-1644
-669
402
1532
2586
3559
4428
5106
5676
6124
6337
6237
5748
5029
4366
3747
3151
2445
1582
808
143
-488
-1020
-1512
-1970
-2277
-2590
-2788
-2662
-2352
-1863
-1187
-436
344
1150
1893
2533
3131
3609
3880
3941
3945
3787
3619
3351
2867
2422
1971
1451
929
241
-563
-1390
-2130
-2752
-3282
-3613
-3881
-3989
-4039
-3944
-3634
-3146
-2629
-1969
-1251
-404
733
1872
2772
3318
3547
3288
2892
2425
1755
1284
891
173
-717
-1541
-2445
-3224
-3936
-4877
-5756
-6507
-7216
-7522
-7363
-6848
-6219
-5499
-4760
-3963
-2919
-1893
-939
-118
559
1341
2223
3181
4065
4883
5484
5824
5899
5500
4967
4247
3222
2067
784
-402
-1346
-2188
-2934
-3516
-3933
-4206
-4288
-4156
-3837
-3557
-3254
-2820
-2183
-1248
-155
771
1720
2851
3741
4498
5263
5791
6241
6504
6309
5917
5440
4808
4157
3371
2406
1533
700
-18
-716
-1366
-1851
-2098
-2292
-2502
-2591
-2483
-2137
-1747
-1301
-654
106
784
1434
2097
2692
3189
3652
3875
3887
3765
3445
3003
2541
2042
1466
961
403
-300
-903
-1398
-2012
-2531
-2882
-3303
-3596
-3786
-4023
-3972
-3689
-3310
-2896
-2166
-1412
-461
734
1740
2415
2981
3156
2874
2835
2337
1906
1669
1133
225
-638
-1270
-2306
-2862
-3582
-4563
-5143
-5878
-6519
-6619
-6454
-6134
-5695
-5141
-4548
-3745
-2804
-1873
-985
-208
525
1322
2165
3077
4113
4786
5337
5690
5645
5730
5432
4547
3650
2649
1320
245
-539
-1611
-2263
-2688
-3556
-3879
-3859
-4017
-3789
-3531
-3444
-3107
-2472
-1751
-957
91
1065
1933
2865
3697
4498
5216
5780
5985
5862
5691
5234
4618
4074
3380
2479
1632
706
-154
-759
-1365
-1893
-2314
-2686
-2953
-3045
-2911
-2705
-2395
-2070
-1577
-1017
-421
322
963
1612
2207
2654
3090
3373
3422
3357
3127
2767
2416
2048
1576
1111
595
-24
-595
-1133
-1712
-2158
-2642
-3192
-3697
-3985
-3986
-3853
-3514
-3104
-2654
-2021
-1221
-257
895
1969
2795
3391
3685
3664
3514
3353
2977
2513
1941
1091
265
-539
-1483
-2289
-3080
-4019
-4808
-5363
-5795
-6023
-5987
-5895
-5654
-5153
-4682
-4016
-3194
-2440
-1704
-854
-13
911
1900
2797
3560
4326
5079
5455
5680
5701
5436
4936
4229
3140
2047
1260
202
-924
-1606
-2340
-3064
-3355
-3731
-4139
-4130
-3936
-3942
-3652
-2987
-2514
-1785
-725
56
900
2057
2968
3600
4483
5119
5285
5482
5412
4920
4479
4019
3177
2275
1646
902
33
-564
-1202
-1891
-2286
-2618
-3043
-3217
-3139
-3085
-2962
-2534
-2036
-1433
-693
-51
624
1378
2113
2624
2995
3361
3555
3577
3582
3427
3141
2889
2523
1956
1366
799
58
-658
-1348
-2121
-2846
-3431
-3925
-4272
-4267
-4108
-3940
-3627
-3241
-2804
-2211
-1332
-419
692
1868
2681
3372
3941
4291
4442
4507
4229
3717
3195
2329
1315
501
-473
-1512
-2390
-3390
-4268
-4844
-5252
-5614
-5755
-5710
-5689
-5484
-5176
-4784
-4141
-3399
-2578
-1690
-831
117
1114
2117
2967
3766
4321
4783
5249
5315
5305
5290
4683
3968
3281
2203
1168
441
-719
-1909
-2363
-3123
-3942
-4001
-4316
-4747
-4282
-3917
-3823
-2940
-2057
-1565
-546
617
1265
2193
3364
3907
4381
5046
5230
5072
5050
4717
3980
3502
3000
2095
1338
768
-101
-855
-1325
-1955
-2571
-2872
-3081
-3355
-3237
-3017
-2843
-2475
-1956
-1409
-760
31
621
1176
1823
2350
2674
3032
3308
3422
3490
3471
3194
2815
2408
1836
1164
493
-310
-1160
-1968
-2715
-3348
-3767
-3991
-4098
-4038
-3877
-3602
-3215
-2731
-2147
-1415
-597
376
1525
2552
3432
4218
4630
4800
4888
4683
4275
3822
3168
2277
1405
400
-749
-1689
-2622
-3596
-4328
-4959
-5540
-5894
-6014
-6056
-5946
-5622
-5167
-4520
-3761
-2995
-2093
-1145
-266
630
1488
2295
3034
3673
4152
4706
5119
5142
5150
4891
4319
3764
2995
1900
936
77
-1098
-2108
-2863
-3710
-4192
-4343
-4641
-4585
-4163
-3748
-3151
-2321
-1521
-775
197
1139
1912
2770
3553
4096
4429
4679
4754
4638
4474
4148
3632
3058
2445
1728
1021
284
-492
-1234
-1878
-2453
-2864
-3128
-3285
-3320
-3233
-2988
-2547
-2001
-1419
-778
-195
324
875
1405
1868
2321
2782
3023
3172
3284
3208
3095
2986
2651
2171
1646
984
256
-458
-1224
-1962
-2440
-2917
-3337
-3531
-3609
-3594
-3366
-3015
-2627
-2091
-1546
-1023
-218
636
1357
2307
3086
3570
4135
4452
4406
4422
4271
3704
3215
2673
1642
741
-103
-1291
-2190
-2976
-3988
-4778
-5353
-5970
-6249
-6191
-6088
-5756
-5233
-4750
-4112
-3338
-2638
-1867
-1102
-408
387
1185
1870
2567
3255
3699
4193
4603
4808
4880
4710
4350
3929
3301
2552
1684
615
-310
-1011
-2000
-2747
-2985
-3471
-3606
-3338
-3439
-3242
-2510
-1977
-1427
-508
211
663
1447
2072
2415
2910
3348
3435
3450
3636
3565
3308
3202
2785
2134
1669
1157
446
-120
-527
-1075
-1551
-1835
-2154
-2319
-2259
-2224
-2125
-1920
-1678
-1419
-979
-556
-139
295
736
1132
1473
1846
2155
2384
2538
2583
2495
2374
2089
1688
1184
563
-74
-620
-1160
-1731
-2191
-2601
-2946
-3087
-3142
-3163
-2992
-2677
-2373
-1939
-1537
-1184
-720
-201
467
1169
1959
2716
3261
3812
4256
4343
4343
4309
3951
3379
2858
2014
1061
276
-753
-1810
-2701
-3589
-4471
-5009
-5350
-5626
-5547
-5434
-5261
-4883
-4367
-3861
-3250
-2544
-2012
-1297
-665
71
898
1629
2384
3028
3619
3997
4331
4554
4698
4631
4370
4025
3380
2657
1899
999
20
-741
-1563
-2464
-2869
-3253
-3682
-3510
-3405
-3318
-2808
-2217
-1789
-1275
-507
4
577
1398
1896
2352
2870
3275
3495
3631
3686
3391
3142
2934
2472
1913
1450
856
246
-186
-627
-1192
-1581
-1941
-2344
-2537
-2625
-2662
-2590
-2335
-2043
-1650
-1157
-701
-311
136
576
961
1319
1684
1913
2040
2191
2143
2009
1859
1568
1229
924
504
-2
-471
-956
-1490
-1832
-2101
-2341
-2450
-2527
-2490
-2325
-2063
-1726
-1364
-892
-443
-22
529
1129
1767
2380
3123
3729
4097
4508
4601
4429
4286
3835
3132
2512
1760
748
-150
-941
-1983
-2713
-3276
-4062
-4532
-4811
-5153
-5246
-5129
-5037
-4887
-4511
-4102
-3635
-2932
-2279
-1542
-738
-104
623
1334
1984
2576
3104
3473
3772
3942
3935
3974
3762
3393
2948
2320
1700
1066
262
-482
-1007
-1671
-2244
-2430
-2749
-2914
-2718
-2707
-2474
-1994
-1575
-1060
-416
173
596
1193
1743
2057
2431
2743
2891
2908
2885
2779
2509
2273
1951
1459
1000
494
-25
-524
-908
-1284
-1635
-1905
-2140
-2288
-2349
-2260
-2090
-1953
-1749
-1512
-1219
-894
-569
-214
151
486
867
1189
1465
1784
1970
2024
2007
1913
1753
1534
1251
842
426
20
-440
-856
-1201
-1483
-1734
-1882
-1915
-1844
-1662
-1450
-1124
-815
-491
-117
243
625
1012
1555
2049
2522
3061
3379
3640
3837
3716
3509
3264
2817
2243
1644
1003
188
-524
-1224
-2022
-2568
-3190
-3812
-4241
-4620
-4909
-4951
-4784
-4685
-4475
-4077
-3728
-3178
-2528
-1918
-1200
-530
58
693
1400
1998
2551
3077
3338
3634
3848
3741
3841
3768
3333
3044
2590
1843
1326
767
-120
-634
-973
-1755
-2046
-2019
-2435
-2379
-2065
-2270
-2148
-1605
-1407
-1143
-479
-168
80
700
1142
1381
1770
2062
2036
1918
1874
1656
1331
1155
787
268
-30
-264
-675
-881
-1006
-1400
-1631
-1703
-1915
-2023
-1932
-1848
-1852
-1723
-1523
-1328
-1023
-718
-457
-136
217
532
801
1105
1427
1614
1791
1895
1873
1813
1660
1387
1049
706
370
62
-228
-528
-727
-909
-1049
-1072
-1054
-1013
-864
-665
-439
-103
214
558
932
1206
1504
1889
2198
2544
2926
3171
3268
3304
3139
2811
2639
2307
1748
1351
811
118
-423
-1019
-1792
-2323
-2781
-3426
-3782
-4010
-4321
-4359
-4263
-4228
-3980
-3577
-3164
-2664
-2083
-1483
-814
-175
357
976
1566
2051
2602
2987
3160
3365
3382
3233
3227
3027
2744
2508
2150
1622
1122
631
-58
-636
-1043
-1502
-1905
-2208
-2502
-2603
-2592
-2507
-2394
-2140
-1787
-1491
-1103
-646
-336
-19
347
546
753
986
959
898
902
821
691
505
356
139
-105
-299
-594
-833
-985
-1290
-1434
-1557
-1798
-1817
-1754
-1722
-1634
-1491
-1311
-1094
-844
-552
-225
86
413
717
980
1289
1553
1748
1939
2003
2018
1996
1880
1743
1531
1263
940
646
336
72
-100
-248
-363
-412
-382
-273
-149
20
257
447
636
831
1002
1195
1317
1525
1749
1960
2257
2471
2562
2671
2726
2561
2349
2122
1734
1312
1016
493
-115
-562
-1140
-1726
-2154
-2537
-2970
-3235
-3399
-3593
-3598
-3520
-3475
-3271
-2950
-2668
-2234
-1791
-1314
-758
-279
236
798
1255
1689
2107
2379
2590
2744
2796
2680
2648
2542
2153
1929
1560
951
564
87
-494
-942
-1236
-1784
-2097
-2146
-2555
-2608
-2437
-2616
-2532
-2299
-2211
-2008
-1739
-1513
-1329
-1024
-758
-520
-200
36
252
366
467
533
481
503
408
251
124
-51
-193
-332
-433
-556
-681
-715
-852
-964
-978
-1008
-943
-909
-783
-690
-548
-294
-104
143
428
682
969
1186
1419
1601
1743
1868
1896
1944
1906
1799
1682
1494
1303
1120
994
870
740
688
657
645
605
709
787
724
814
880
826
840
929
915
885
977
972
1007
1235
1392
1541
1755
1848
1854
1880
1845
1617
1422
1298
950
715
511
143
-166
-515
-947
-1349
-1710
-2153
-2554
-2865
-3165
-3316
-3326
-3343
-3197
-2879
-2596
-2187
-1706
-1228
-788
-341
55
415
768
966
1181
1346
1445
1629
1675
1742
1877
1709
1564
1417
975
575
143
-483
-998
-1335
-1988
-2516
-2687
-3211
-3514
-3422
-3667
-3706
-3351
-3238
-3093
-2557
-2202
-1972
-1379
-870
-553
-6
508
755
999
1245
1306
1288
1388
1359
1167
1119
1024
729
580
536
273
-10
-145
-424
-667
-703
-784
-900
-913
-845
-785
-615
-262
-7
282
664
965
1309
1619
1878
2133
2308
2473
2570
2624
2650
2600
2440
2215
1985
1790
1564
1283
1087
884
720
642
593
508
500
489
434
445
498
510
521
571
544
503
576
618
665
822
1050
1198
1406
1652
1736
1782
1811
1643
1436
1269
978
607
349
-30
-502
-827
-1245
-1665
-2005
-2358
-2686
-2896
-3074
-3159
-3158
-3133
-3020
-2793
-2628
-2375
-2000
-1697
-1321
-955
-718
-479
-176
21
269
556
757
935
1176
1363
1349
1386
1236
823
531
62
-544
-944
-1381
-2075
-2538
-2746
-3257
-3378
-3268
-3459
-3306
-2886
-2778
-2425
-1834
-1589
-1315
-824
-538
-339
108
407
580
872
1181
1268
1409
1595
1638
1636
1754
1727
1505
1370
1167
788
532
361
26
-269
-432
-649
-835
-800
-807
-715
-541
-311
-38
280
707
1032
1356
1731
1990
2156
2388
2553
2630
2731
2798
2710
2570
2463
2224
2016
1803
1551
1380
1204
1044
896
751
576
440
369
297
236
212
161
140
194
229
231
229
268
264
217
296
344
443
656
864
1026
1158
1247
1239
1132
1009
821
550
349
59
-218
-430
-606
-881
-1177
-1428
-1700
-1963
-2283
-2572
-2818
-3028
-3172
-3266
-3241
-3107
-2933
-2735
-2498
-2186
-1919
-1662
-1376
-1113
-787
-442
-105
186
476
673
735
757
714
581
437
216
-79
-378
-737
-1059
-1302
-1523
-1669
-1816
-1966
-1989
-1944
-1925
-1873
-1746
-1664
-1564
-1343
-1120
-894
-627
-358
-73
271
628
994
1352
1640
1892
2036
2113
2156
2095
1956
1781
1526
1234
1016
774
525
323
172
1
-136
-178
-288
-331
-282
-239
-137
54
245
524
850
1179
1484
1749
1998
2208
2366
2498
2565
2543
2452
2342
2156
1949
1766
1570
1449
1344
1257
1121
971
785
553
345
131
-63
-292
-476
-636
-715
-728
-756
-737
-652
-533
-393
-203
-95
-10
99
182
312
477
600
746
825
817
855
784
644
490
300
85
-123
-353
-608
-851
-1040
-1322
-1646
-1850
-2136
-2414
-2604
-2737
-2852
-2909
-2823
-2789
-2621
-2368
-2170
-1935
-1657
-1334
-1054
-771
-494
-231
5
274
466
625
777
897
933
860
720
483
178
-116
-446
-755
-999
-1273
-1467
-1538
-1535
-1543
-1513
-1407
-1366
-1306
-1144
-1013
-919
-787
-632
-492
-254
73
385
765
1141
1427
1656
1849
1983
1991
1984
1899
1721
1520
1303
1117
929
690
445
251
61
-110
-230
-285
-325
-311
-227
-69
126
358
576
808
1050
1265
1424
1561
1679
1686
1673
1647
1648
1616
1602
1635
1603
1532
1467
1345
1186
1072
898
639
381
94
-184
-369
-540
-704
-777
-837
-868
-837
-749
-694
-604
-516
-460
-221
-83
64
235
355
425
513
581
573
591
615
533
435
371
257
157
75
-14
-161
-244
-342
-489
-660
-877
-1098
-1333
-1557
-1727
-1855
-2009
-2053
-2043
-1920
-1695
-1521
-1362
-1160
-1015
-967
-767
-616
-446
-225
-159
-48
103
181
233
281
184
62
-84
-267
-319
-425
-532
-653
-739
-788
-800
-726
-687
-738
-783
-844
-920
-941
-921
-896
-868
-737
-583
-369
-127
98
346
543
746
885
1047
1191
1281
1345
1351
1305
1237
1114
933
782
618
445
295
200
148
72
22
25
69
160
236
293
349
412
410
404
408
428
447
498
595
649
776
898
987
1086
1116
1141
1065
944
833
649
538
458
344
246
202
120
25
-41
-176
-300
-375
-449
-460
-399
-311
-199
1
193
349
475
576
604
533
526
513
512
581
652
726
801
887
934
929
836
695
554
438
238
53
-56
-181
-329
-458
-541
-711
-893
-1129
-1344
-1492
-1559
-1612
-1639
-1493
-1357
-1180
-969
-803
-623
-501
-400
-392
-441
-459
-510
-530
-511
-511
-520
-432
-406
-384
-336
-350
-436
-479
-495
-552
-610
-623
-650
-712
-708
-712
-769
-847
-930
-952
-931
-835
-768
-628
-410
-225
1
192
408
556
691
791
815
802
711
614
526
527
498
475
410
304
256
186
176
164
107
71
56
103
103
168
142
113
104
76
119
175
233
338
435
464
532
621
666
743
798
808
807
789
731
638
598
502
410
270
134
73
44
96
125
185
239
284
332
356
391
464
520
574
655
781
773
852
907
895
878
846
844
787
767
756
722
627
580
555
491
433
287
162
24
-156
-331
-472
-620
-777
-847
-871
-929
-910
-824
-812
-766
-727
-681
-640
-591
-515
-477
-503
-491
-509
-554
-617
-697
-740
-763
-826
-832
-794
-813
-786
-733
-696
-698
-637
-659
-686
-718
-775
-784
-778
-747
-742
-693
-675
-605
-543
-494
-387
-293
-244
-211
-115
-23
40
148
190
240
215
196
213
138
106
15
-89
-97
-109
-92
-84
-83
-125
-107
-46
-8
71
139
153
160
151
236
279
224
195
249
268
260
369
401
394
422
427
454
482
528
471
410
457
430
442
457
414
388
323
277
291
364
537
694
807
916
962
1014
1088
1129
1127
1126
1135
1098
1137
1208
1247
1253
1201
1024
929
824
605
500
392
250
275
314
255
169
70
-70
-265
-423
-541
-605
-582
-605
-600
-573
-500
-425
-352
-243
-220
-159
-103
-122
-118
-122
-182
-313
-416
-497
-536
-607
-696
-758
-965
-1050
-1158
-1200
-1196
-1179
-1143
-1109
-1085
-1038
-956
-1024
-1103
-1171
-1158
-1087
-968
-863
-675
-479
-391
-300
-176
-70
-43
-97
-52
7
-21
2
-13
-113
-191
-283
-438
-473
-485
-575
-596
-688
-759
-619
-536
-466
-413
-329
-301
-395
-354
-178
-41
61
172
194
265
338
479
519
738
774
685
755
662
726
806
832
749
737
710
548
374
383
334
380
363
249
118
242
389
399
615
911
1132
1343
1377
1196
1058
1228
1246
1304
1531
1571
1487
1436
1422
1491
1442
1363
1199
945
803
766
524
426
525
437
207
84
-163
-428
-407
-558
-762
-674
-543
-498
-430
-235
-66
-8
17
-33
-109
-140
-66
-55
99
172
135
113
-68
-274
-370
-414
-584
-692
-819
-925
-1029
-1124
-1144
-1230
-1167
-1260
-1323
-1306
-1295
-1347
-1395
-1345
-1280
-1171
-1105
-983
-861
-809
-752
-505
-262
-153
-218
-282
-255
-229
-222
-235
-198
-275
-369
-640
-809
-753
-840
-788
-825
-1004
-953
-753
-687
-778
-638
-579
-464
-379
-431
-198
-57
-57
-231
-329
-145
151
384
521
561
789
774
596
562
561
686
646
522
428
500
679
602
429
56
-64
146
215
115
297
591
866
873
832
998
1327
1299
970
1026
1046
1276
1360
1308
1613
1651
1705
1621
1543
1633
1333
919
719
1056
1224
982
917
766
703
402
1
-205
-195
-65
-139
-346
-270
15
212
241
166
-61
77
351
85
-222
-83
13
303
402
131
42
266
18
-282
-279
-383
-240
-141
-358
-515
-536
-381
-352
-408
-798
-1029
-993
-882
-851
-1018
-1089
-938
-697
-769
-913
-876
-935
-1047
-1066
-967
-663
-424
-383
-471
-408
-416
-604
-662
-908
-895
-773
-817
-707
-631
-504
-428
-658
-971
-1068
-791
-735
-923
-899
-625
-192
-75
-593
-802
-507
-444
-627
-740
-525
-174
-43
-328
-372
55
160
55
-26
-68
76
297
249
203
216
133
128
191
2
82
185
395
447
277
421
686
656
413
215
443
676
706
407
663
1295
1087
772
712
727
829
718
685
755
1215
1478
1191
1166
1213
1152
875
618
595
490
868
775
635
909
882
621
303
411
384
325
247
363
700
549
146
147
351
420
257
12
135
367
478
-46
-170
12
403
515
150
78
152
583
485
137
34
-114
66
96
-374
-496
-344
-88
-117
-347
-599
-597
-106
-451
-962
-951
-663
-328
-601
-850
-363
204
-48
-740
-888
-718
-318
-482
-1086
-831
-82
-173
-370
-493
-646
-201
-199
-888
-1211
-865
-758
-735
-733
-1143
-817
-329
-497
-946
-1185
-1076
-1169
-953
-1115
-1163
-538
-403
-343
-504
-323
79
-268
-520
-1096
-994
-518
-286
-318
-394
52
433
320
8
-299
-424
-143
17
-209
-239
117
431
355
314
155
54
274
224
70
67
253
545
798
734
515
655
1073
1127
759
474
984
1309
765
310
212
929
1535
845
343
813
1297
846
245
305
503
880
674
473
725
685
556
253
875
686
325
517
590
521
3
-181
95
726
883
520
618
913
984
701
84
-39
546
619
276
-34
233
907
697
165
-446
-65
416
75
-433
-453
187
96
57
-162
-347
264
87
-464
-564
-623
-560
-353
-312
-620
-63
275
-193
-206
-279
-525
-674
-529
-877
-618
-273
-456
-519
-522
-526
-591
-623
-751
-988
-978
-1232
-1076
-857
-964
-847
-568
-576
-722
-933
-1128
-994
-591
-876
-996
-876
-843
-631
-175
-448
-811
-521
-269
-338
-707
-800
-585
-30
48
-441
-438
30
461
12
-590
-365
-2
-74
-132
-297
72
554
568
233
166
445
523
338
-33
79
486
674
635
313
455
961
814
575
579
671
509
316
294
525
977
897
611
958
1011
661
379
194
289
546
354
332
436
661
646
513
202
238
520
473
292
207
386
575
724
529
442
851
824
620
416
250
423
682
628
442
557
816
728
641
390
193
104
48
215
89
34
23
125
188
-149
-358
-255
-142
-222
-432
-352
-190
65
-94
-332
-15
-7
-260
-246
-455
-458
-281
-384
-383
-260
-227
-349
-411
-513
-725
-656
-789
-935
-948
-737
-803
-768
-561
-893
-956
-936
-1103
-1247
-1086
-934
-882
-586
-517
-592
-486
-614
-760
-607
-580
-769
-460
-248
-155
-101
-161
-208
-358
-385
-499
-557
-245
-310
-204
-11
50
-17
-139
-211
-173
-131
-245
143
378
263
287
341
418
350
312
266
456
517
329
485
626
684
627
443
520
566
491
305
228
355
558
533
339
189
421
480
304
217
52
292
361
292
328
321
498
513
577
659
612
675
617
759
830
608
523
665
681
739
709
642
732
820
675
395
346
241
262
330
161
84
301
295
103
310
205
-53
28
134
59
-99
-105
60
150
251
198
10
1
-30
-97
-205
-203
-244
-122
-16
-224
-140
-264
-429
-414
-577
-750
-854
-659
-661
-642
-677
-718
-499
-636
-863
-944
-857
-743
-852
-946
-918
-679
-591
-641
-578
-617
-579
-569
-690
-579
-754
-627
-669
-549
-246
-449
-431
-452
-426
-432
-476
-553
-410
-166
-133
-197
-75
-136
-84
51
-238
-113
-64
0
98
118
274
337
325
124
131
185
158
62
32
101
324
271
322
445
375
370
263
134
126
193
181
246
442
371
392
424
527
440
516
447
393
486
462
631
809
709
653
824
906
591
335
498
571
636
557
370
679
746
647
559
614
642
431
484
400
302
421
421
410
426
364
344
352
241
30
11
156
120
33
225
129
118
239
31
-76
72
-5
-121
-156
-153
-144
-75
-270
-381
-149
-171
-445
-385
-293
-208
-323
-475
-550
-451
-449
-552
-746
-658
-628
-660
-661
-644
-656
-673
-730
-740
-778
-794
-858
-786
-657
-635
-595
-516
-573
-547
-646
-658
-699
-733
-509
-407
-376
-236
-151
-40
29
-56
-261
-308
-108
-112
-118
-100
-53
176
201
-16
-126
-118
-63
-235
-223
-232
-24
151
189
17
9
143
33
3
-14
-50
57
110
192
274
294
311
283
290
259
147
209
331
491
427
352
584
767
686
482
412
444
455
362
335
344
536
518
498
565
623
697
603
443
435
534
558
577
635
660
720
821
616
465
453
363
323
294
431
485
441
381
505
477
358
213
25
110
275
150
15
33
220
281
268
174
-92
-121
6
-57
-281
-362
-287
-46
-39
-329
-524
-359
-188
-464
-696
-702
-458
-392
-678
-876
-657
-547
-610
-831
-823
-718
-649
-718
-936
-871
-710
-637
-702
-775
-677
-512
-462
-537
-587
-548
-516
-388
-311
-380
-373
-233
-180
-183
-264
-347
-284
-169
-268
-390
-338
-66
10
-77
-216
-77
94
-55
-183
-232
-147
-103
-51
-65
-164
-8
133
62
22
-77
-73
64
124
110
40
85
171
288
262
143
206
246
271
226
349
452
467
380
359
497
445
389
433
473
457
609
527
597
608
545
527
535
509
400
604
740
653
534
452
490
625
689
477
456
751
752
609
582
503
536
570
458
303
360
479
368
321
387
357
330
233
194
167
151
33
-13
141
171
171
129
-2
-69
-173
-194
-277
-365
-304
-257
-153
-206
-345
-357
-471
-488
-531
-632
-585
-516
-490
-472
-490
-565
-724
-656
-668
-693
-729
-795
-698
-626
-553
-602
-657
-559
-557
-583
-581
-566
-531
-510
-460
-453
-417
-351
-354
-403
-430
-412
-389
-320
-289
-312
-289
-244
-205
-283
-274
-230
-232
-248
-278
-266
-164
-161
-211
-170
-151
-100
-67
-89
-82
-23
21
-56
-10
8
84
140
137
95
213
316
291
232
207
257
296
403
472
442
432
499
502
520
431
324
423
570
585
506
527
584
625
684
658
568
525
555
611
585
577
612
666
777
737
630
566
542
607
514
368
339
548
612
546
497
432
451
475
268
164
222
274
297
176
210
287
230
138
26
19
-58
-36
82
-41
-184
-104
-41
-146
-167
-281
-329
-226
-324
-474
-476
-309
-348
-458
-513
-584
-527
-369
-451
-580
-592
-536
-462
-451
-560
-588
-510
-485
-561
-627
-578
-497
-451
-519
-624
-591
-522
-558
-600
-565
-557
-519
-502
-427
-435
-404
-424
-431
-441
-459
-480
-508
-448
-405
-401
-381
-229
-232
-262
-304
-275
-261
-305
-291
-178
-111
-148
-159
-129
-82
-51
-84
-66
-13
-19
-22
60
120
139
188
243
237
306
330
384
394
425
405
466
446
442
544
538
491
556
629
579
625
651
667
682
590
507
560
658
540
508
610
631
698
631
581
556
556
602
625
592
466
529
569
597
537
532
480
388
405
454
362
338
385
309
213
233
242
219
183
146
86
26
20
25
-6
-12
-45
-113
-206
-185
-155
-219
-304
-347
-299
-249
-269
-257
-181
-128
-128
-308
-431
-453
-487
-523
-525
-539
-526
-444
-399
-341
-382
-417
-426
-453
-470
-503
-573
-610
-625
-632
-630
-633
-505
-363
-274
-331
-379
-395
-454
-498
-581
-601
-448
-324
-343
-445
-445
-341
-254
-275
-400
-372
-444
-439
-420
-499
-415
-345
-262
-277
-288
-314
-253
-172
-159
-176
-85
81
141
145
175
232
200
217
211
176
209
168
194
253
253
290
331
358
307
333
430
467
431
378
304
347
386
382
353
386
468
484
488
466
462
548
619
606
536
560
624
609
582
538
536
537
553
513
493
504
486
484
474
482
435
400
380
362
332
345
368
329
329
320
334
339
287
245
194
196
171
72
83
45
40
41
-3
-49
-88
-146
-167
-205
-227
-288
-272
-274
-311
-328
-388
-359
-338
-437
-469
-434
-413
-421
-414
-454
-473
-483
-463
-467
-492
-516
-521
-552
-583
-548
-586
-556
-462
-469
-535
-564
-560
-530
-541
-550
-501
-447
-434
-423
-410
-436
-473
-467
-421
-410
-413
-398
-322
-208
-182
-226
-238
-240
-239
-266
-254
-239
-236
-143
-176
-185
-91
-49
-45
-36
0
55
69
128
137
154
215
273
275
295
324
308
338
325
325
352
383
437
452
476
453
446
525
548
486
422
443
454
461
471
495
557
562
539
480
421
408
385
386
364
346
386
431
452
473
445
381
345
302
231
219
264
300
282
246
246
257
236
198
188
172
154
165
143
104
127
144
112
115
59
74
90
14
-3
-6
-19
-37
-53
-49
-35
-18
-29
-80
-98
-114
-144
-165
-183
-193
-218
-220
-215
-199
-208
-244
-281
-239
-333
-355
-381
-456
-349
-380
-370
-417
-369
-360
-437
-494
-510
-523
-496
-522
-531
-473
-403
-436
-497
-439
-424
-452
-505
-514
-534
-463
-466
-524
-482
-385
-404
-416
-380
-374
-312
-314
-333
-372
-329
-208
-184
-147
-159
-140
-106
-111
-73
-17
45
43
36
92
188
210
192
181
197
244
266
277
343
381
431
440
439
465
447
452
413
421
433
459
504
513
506
521
540
529
510
481
401
397
410
392
390
449
424
403
447
421
392
404
404
374
369
320
256
276
305
303
306
233
183
186
157
119
109
106
113
80
54
46
56
14
-22
-61
-41
-36
-29
-41
-44
-57
-104
-104
-119
-135
-155
-128
-142
-143
-204
-205
-174
-202
-200
-202
-193
-228
-221
-218
-249
-291
-277
-246
-297
-325
-313
-350
-336
-325
-325
-279
-308
-301
-265
-321
-316
-320
-355
-376
-376
-366
-345
-310
-276
-272
-307
-332
-288
-283
-306
-261
-292
-295
-273
-274
-261
-218
-210
-186
-161
-175
-156
-145
-148
-159
-139
-132
-114
-38
0
-12
-13
8
13
24
53
88
101
137
134
124
144
177
144
136
194
172
181
197
195
229
223
213
207
200
221
237
205
222
238
236
276
303
332
320
330
307
309
333
360
379
384
361
334
366
413
388
349
328
359
356
289
287
284
250
218
216
210
230
201
167
175
158
140
134
99
94
71
29
24
62
82
60
25
48
8
-1
26
10
-19
-26
-24
-45
-60
-54
-58
-115
-151
-161
-117
-110
-152
-188
-225
-260
-278
-286
-275
-273
-272
-293
-288
-278
-296
-278
-279
-292
-284
-241
-259
-196
-185
-198
-207
-242
-273
-270
-261
-264
-263
-221
-180
-209
-225
-220
-248
-268
-234
-242
-235
-198
-190
-200
-174
-155
-121
-104
-116
-109
-122
-115
-102
-86
-61
-56
-18
-23
-49
-32
3
4
-32
-21
-15
0
-18
-36
-11
-13
-6
24
15
35
62
49
48
45
58
83
90
105
122
156
170
176
188
197
204
208
259
285
287
245
200
225
253
276
273
256
232
259
269
260
258
213
209
208
220
185
127
152
141
143
161
162
186
179
162
227
233
208
208
171
175
177
170
178
196
169
136
87
130
175
110
93
70
43
43
45
52
27
-32
-93
-97
-92
-64
-80
-101
-113
-116
-101
-104
-74
-102
-119
-143
-136
-123
-135
-172
-191
-157
-187
-188
-131
-108
-148
-208
-243
-245
-234
-227
-223
-199
-271
-258
-209
-217
-184
-224
-238
-265
-248
-221
-196
-148
-155
-175
-186
-158
-149
-181
-164
-159
-153
-138
-144
-139
-110
-138
-156
-169
-177
-148
-146
-127
-115
-107
-112
-103
-72
-59
-74
-70
-58
-44
-31
10
36
43
55
62
81
125
142
129
130
137
129
156
154
158
180
164
199
189
204
197
200
169
142
152
133
150
136
125
174
164
152
174
181
197
226
223
230
240
203
161
190
208
188
189
177
190
186
167
220
248
199
166
146
133
142
148
145
132
132
115
82
88
96
94
80
55
41
56
31
31
13
5
10
-11
6
-14
-11
-8
-11
-43
-58
-43
-59
-74
-87
-91
-110
-129
-142
-113
-104
-113
-126
-132
-131
-142
-136
-111
-135
-178
-181
-188
-189
-180
-200
-225
-216
-207
-201
-206
-225
-229
-252
-257
-225
-236
-245
-252
-260
-269
-260
-217
-198
-193
-227
-234
-233
-211
-179
-174
-180
-199
-217
-185
-166
-135
-117
-109
-100
-99
-68
-35
-42
-32
-20
-23
-14
21
51
85
70
78
117
112
126
124
131
125
126
151
179
165
177
179
189
208
211
224
205
176
197
201
205
225
233
279
252
229
234
250
226
198
202
201
204
187
193
203
170
173
207
175
175
146
106
138
177
185
192
183
148
109
92
100
100
94
84
88
40
39
63
43
27
28
34
5
23
19
19
9
-17
-19
-28
-36
-30
-29
-26
-10
-1
-22
-43
-54
-52
-78
-85
-105
-107
-107
-132
-110
-111
-164
-173
-169
-182
-186
-186
-214
-223
-231
-244
-243
-197
-177
-194
-191
-183
-202
-228
-202
-231
-212
-182
-207
-194
-156
-179
-190
-186
-192
-193
-154
-136
-148
-140
-175
-153
-143
-145
-134
-133
-157
-173
-152
-122
-103
-70
-50
-79
-69
-81
-65
-50
-44
-38
-32
8
46
62
59
70
71
74
71
69
94
151
137
138
131
131
147
153
164
169
153
166
177
207
211
217
239
201
206
224
231
252
260
229
243
267
274
277
245
250
258
226
208
215
181
168
169
170
184
161
159
175
156
128
142
118
91
73
101
91
60
73
81
73
68
58
18
-6
-21
-34
-15
0
-10
-27
-33
-62
-45
-39
-32
-68
-76
-109
-137
-135
-105
-100
-145
-154
-157
-146
-137
-121
-132
-139
-142
-132
-145
-149
-149
-142
-143
-144
-163
-170
-157
-146
-143
-131
-160
-198
-197
-216
-195
-193
-189
-203
-219
-234
-219
-182
-143
-134
-164
-169
-178
-172
-167
-148
-154
-156
-171
-162
-113
-101
-97
-93
-77
-60
-46
-33
-12
-29
-49
-48
-32
-26
-11
-3
-9
-6
22
12
31
43
30
51
64
107
101
100
118
151
164
149
163
160
188
179
184
186
156
177
173
180
202
222
210
203
224
245
232
244
237
231
206
228
256
228
231
196
181
186
221
223
207
216
203
177
166
181
174
154
114
100
86
98
121
114
103
80
42
37
50
26
15
6
-12
-35
-25
-23
-56
-77
-76
-70
-94
-89
-88
-114
-115
-113
-142
-140
-136
-154
-168
-177
-165
-183
-177
-166
-163
-163
-184
-192
-181
-179
-184
-186
-214
-212
-198
-187
-171
-158
-167
-177
-176
-171
-158
-177
-183
-199
-197
-201
-175
-132
-139
-134
-146
-140
-134
-128
-145
-137
-145
-161
-149
-163
-131
-92
-102
-85
-73
-62
-48
-28
-21
-26
-1
3
16
19
29
29
39
65
58
61
89
78
96
91
92
124
137
143
111
133
124
113
146
172
167
178
192
181
180
187
200
188
180
173
167
159
161
183
193
192
212
191
170
168
179
171
167
161
129
138
140
145
140
139
125
112
107
105
105
116
97
82
93
69
48
56
95
76
80
70
44
53
54
41
49
38
10
-10
-22
-14
-29
-35
-31
-44
-45
-46
-51
-74
-104
-110
-108
-104
-115
-136
-155
-150
-151
-157
-143
-155
-191
-195
-189
-180
-177
-187
-187
-179
-176
-185
-184
-174
-162
-182
-183
-174
-165
-184
-193
-185
-169
-159
-168
-164
-163
-159
-162
-150
-148
-129
-127
-135
-103
-89
-88
-101
-91
-70
-66
-49
-39
-37
-37
-39
-33
-13
-4
2
26
28
37
34
41
47
43
45
51
64
87
122
139
127
113
134
135
138
157
154
140
155
179
170
169
164
184
163
166
163
151
151
168
181
187
188
174
179
164
166
165
168
164
148
129
134
122
103
98
97
88
107
116
121
106
73
85
85
84
65
60
62
45
33
32
30
20
15
19
-10
-20
-28
-47
-44
-44
-36
-40
-45
-51
-52
-66
-76
-84
-108
-111
-99
-106
-121
-119
-116
-117
-121
-112
-122
-128
-141
-138
-136
-138
-142
-156
-175
-182
-167
-168
-157
-174
-165
-165
-146
-134
-116
-109
-122
-107
-105
-103
-100
-104
-103
-90
-92
-93
-88
-84
-72
-63
-45
-39
-59
-53
-48
-40
-27
-18
-23
-22
-14
1
9
12
28
27
32
24
26
25
35
27
26
42
39
32
35
50
69
72
73
83
81
77
74
87
94
98
100
121
116
111
119
115
133
142
144
144
137
129
138
155
161
151
147
144
136
140
139
138
144
128
108
103
105
116
113
104
83
69
66
80
70
71
69
44
21
11
17
19
16
5
-12
-6
-18
-30
-17
-16
-27
-35
-40
-45
-44
-66
-67
-54
-58
-71
-76
-78
-73
-82
-96
-109
-113
-106
-114
-112
-105
-116
-119
-102
-99
-107
-115
-130
-130
-112
-104
-94
-100
-98
-101
-105
-106
-109
-114
-136
-131
-120
-122
-97
-87
-79
-81
-93
-93
-90
-93
-93
-80
-64
-62
-71
-57
-40
-42
-51
-48
-52
-46
-31
-9
5
3
0
13
16
18
36
15
20
48
55
59
74
74
54
44
41
60
68
63
73
74
76
76
68
85
104
98
95
89
87
101
94
75
86
92
97
109
117
122
116
105
95
99
106
96
104
110
98
84
78
72
71
68
68
74
70
59
54
58
45
48
56
53
56
52
38
31
40
41
39
45
38
36
21
9
13
3
-5
-1
6
-5
-13
-21
-37
-31
-28
-33
-41
-44
-51
-61
-55
-44
-50
-47
-51
-69
-70
-70
-72
-62
-62
-68
-78
-84
-68
-64
-74
-70
-75
-84
-77
-73
-78
-83
-92
-97
-96
-88
-94
-102
-99
-97
-97
-99
-96
-97
-106
-93
-65
-70
-65
-53
-63
-68
-56
-45
-37
-31
-32
-36
-38
-32
-27
-15
-18
-19
-27
-34
-34
-32
-19
-5
-3
-9
2
-1
-7
2
17
23
33
32
35
38
38
50
53
59
52
58
57
60
73
77
73
65
69
79
72
78
79
86
83
84
97
88
78
75
85
86
93
90
90
96
99
99
93
94
83
74
81
84
80
82
73
69
63
55
44
42
35
35
35
26
14
7
5
1
3
-6
-6
-9
-14
-17
-10
-8
-12
-16
-20
-15
-19
-24
-24
-25
-28
-27
-24
-16
-19
-24
-27
-41
-49
-41
-40
-41
-40
-45
-55
-59
-63
-58
-53
-63
-62
-62
-62
-65
-64
-71
-60
-62
-67
-67
-72
-74
-81
-83
-85
-79
-87
-83
-84
-87
-81
-82
-75
-68
-74
-82
-70
-71
-67
-56
-60
-54
-54
-47
-32
-21
-15
-19
-13
-11
-19
-8
3
7
14
24
19
19
26
25
25
30
44
52
53
62
70
62
58
48
49
51
57
55
51
58
57
68
65
68
64
59
62
57
60
77
70
63
66
74
74
71
76
68
60
60
70
73
78
71
63
56
56
49
44
47
40
40
33
38
44
42
36
20
24
25
16
12
11
-4
-7
-5
-12
-8
-10
-12
-7
-4
-8
-13
-16
-14
-19
-23
-27
-29
-28
-35
-29
-39
-45
-38
-50
-44
-40
-47
-43
-52
-46
-47
-52
-56
-64
-66
-59
-62
-52
-42
-54
-53
-48
-55
-56
-48
-47
-55
-54
-34
-38
-40
-29
-28
-35
-41
-41
-35
-31
-28
-29
-26
-31
-37
-37
-34
-27
-30
-22
-10
-14
-13
-3
-10
-13
-13
-7
-5
-6
-1
-5
-7
3
5
6
9
0
-4
0
10
11
15
14
13
16
19
28
23
25
16
10
22
32
47
48
43
47
44
44
48
53
51
55
40
44
57
53
55
62
49
39
40
38
43
44
45
50
54
56
56
50
44
41
40
47
41
35
33
38
37
28
24
22
24
17
15
19
19
8
1
2
4
2
2
-1
-19
-33
-34
-29
-27
-20
-23
-28
-25
-28
-32
-35
-46
-50
-37
-46
-39
-26
-30
-29
-36
-41
-35
-37
-36
-22
-27
-44
-40
-48
-52
-48
-40
-42
-40
-43
-51
-36
-34
-42
-37
-40
-43
-42
-25
-19
-8
-6
-6
-9
-12
-3
1
2
-7
-10
-13
-9
-17
-10
-6
-9
-12
-10
-11
-1
-6
-11
-3
-5
-3
-1
4
9
14
13
21
24
9
8
8
8
16
17
15
11
15
17
11
16
18
10
12
22
21
15
12
13
17
20
18
30
31
23
21
18
21
23
20
20
27
21
20
16
15
16
12
11
19
15
15
18
15
15
10
9
12
20
20
23
24
21
18
20
28
24
17
21
20
11
14
19
9
7
16
17
11
5
8
11
7
8
3
2
-2
-9
-3
-5
1
-6
-14
-6
-5
-1
-10
-18
-19
-18
-12
-2
0
-6
-8
-8
-6
-8
-8
-13
-16
-14
-17
-15
-14
-16
-26
-33
-25
-31
-32
-32
-31
-31
-33
-37
-31
-29
-28
-33
-35
-34
-37
-43
-33
-27
-26
-23
-24
-21
-24
-21
-25
-16
-18
-27
-27
-20
-17
-11
-4
-12
-11
-5
-1
0
7
2
7
14
9
18
22
21
16
18
15
7
11
15
14
15
19
16
17
26
29
28
22
18
14
17
23
17
17
15
15
20
17
21
15
17
15
9
14
16
21
18
17
14
13
8
6
21
25
21
20
16
17
22
20
17
17
8
9
7
9
15
10
11
10
8
7
8
11
13
16
15
15
12
9
15
9
8
5
2
-2
-7
-4
-5
-6
2
-3
-8
0
0
-3
-5
-9
-8
-9
-8
-5
-8
-11
-15
-18
-20
-19
-25
-22
-21
-24
-15
-26
-28
-25
-25
-29
-29
-26
-30
-27
-27
-27
-31
-30
-27
-28
-23
-21
-18
-28
-25
-22
-22
-21
-21
-15
-19
-14
-12
-11
-11
-8
-12
-13
-10
-12
-10
-9
-15
-11
-12
-10
-3
-2
-4
-11
-12
-6
-2
3
9
10
8
9
12
14
12
14
11
7
14
17
20
22
20
14
15
16
15
18
15
17
17
23
27
28
24
22
28
25
31
34
28
26
30
25
26
27
26
35
36
28
22
19
24
31
22
25
21
18
22
25
25
24
20
19
14
11
11
16
16
9
11
10
11
12
9
1
2
5
7
4
3
0
-3
-9
-12
-12
-14
-14
-14
-12
-18
-23
-30
-32
-33
-33
-33
-38
-39
-34
-29
-33
-31
-33
-32
-32
-30
-29
-21
-23
-33
-33
-30
-26
-26
-25
-17
-17
-26
-27
-27
-15
-13
-12
-15
-16
-16
-22
-16
-11
-11
-13
-12
-8
-8
-6
-4
-7
-8
-10
-11
-8
-8
-4
-16
-13
-11
-13
-8
-8
-6
-3
4
2
2
1
4
7
5
9
8
8
6
9
10
16
15
16
19
19
25
25
22
21
27
28
33
32
28
28
29
28
27
30
28
25
23
22
21
20
15
15
18
18
20
24
26
21
19
18
21
25
23
16
18
22
18
16
20
18
14
15
10
7
9
10
6
9
4
-4
-4
-7
-2
2
4
-1
2
1
2
3
3
3
