-7
-6
-7
-6
-4
-4
-4
-4
-3
-2
-1
0
-3
-6
-5
-5
-8
-8
-8
-6
-6
-5
-6
-7
-6
-6
-3
-1
0
-3
-4
-8
-8
-8
-5
-5
-6
-3
-1
1
-5
-1
-1
-1
-1
-2
-2
-2
0
-1
-1
-1
2
2
3
3
2
3
2
2
1
2
2
3
4
4
3
5
5
3
5
6
6
7
8
6
7
5
4
6
6
5
6
5
3
2
1
2
4
4
3
1
-1
0
0
0
2
1
2
1
0
1
3
4
2
1
1
1
0
0
0
0
-1
-1
0
3
3
4
3
4
3
3
1
-2
-3
-2
-1
0
1
2
1
-1
0
1
4
2
2
2
2
0
-2
-2
-3
-1
-2
3
2
1
0
-1
-2
-2
-3
-3
-3
-3
-2
-3
-4
-1
-2
-2
-1
-2
-2
-1
-1
-2
-2
-2
-4
-3
-2
-4
-4
-7
-8
-6
-6
-5
-4
-5
-3
-5
-5
-6
-3
-5
-3
-4
-5
-4
-3
-1
-2
-3
-5
-4
-5
-4
-3
-2
0
0
1
1
-1
-1
3
2
3
5
3
1
0
2
3
3
1
3
3
6
7
2
6
5
5
4
6
4
4
3
4
5
3
7
5
3
5
4
3
5
3
5
6
4
4
0
0
0
-2
2
2
3
4
2
2
4
4
2
2
3
1
2
-1
-8
-7
-7
-6
-6
-3
-1
-1
-4
-3
-3
-3
-2
-1
-3
-3
-4
-6
-3
-5
-2
-1
0
1
-2
-1
-1
-1
0
-1
-1
0
-2
-2
-2
-1
0
3
4
1
3
-1
1
2
1
4
3
1
2
4
0
4
1
-3
-3
-4
1
7
6
2
-2
-5
-3
-4
-2
0
-1
0
-4
0
-1
-6
-5
-3
-3
-2
-2
-6
-4
-5
-7
-1
0
3
2
-3
-3
-1
-1
-1
0
0
-4
-2
-1
-1
0
1
2
-1
0
1
1
-1
-1
-1
1
0
0
0
3
6
4
6
2
7
7
2
3
1
2
2
0
3
6
0
-1
3
4
9
7
4
4
-1
1
2
2
5
2
1
1
-1
1
-1
0
8
6
5
8
6
11
8
8
6
3
0
2
-1
2
3
2
5
2
2
1
1
0
2
1
-1
-2
-7
-7
-5
-3
-1
-3
-2
-3
-6
-2
-3
-2
-2
-4
-3
-6
-11
-11
-12
-8
-9
-13
-10
-11
-12
-9
-7
-4
-3
-6
-7
-8
-6
-6
-2
0
-2
0
1
-1
1
2
4
5
6
3
4
-4
-4
-1
-2
2
2
4
5
9
10
7
4
-1
-5
-8
-3
-4
-2
3
2
4
5
5
2
0
3
6
4
1
-1
0
-1
-5
-1
4
4
3
1
0
2
0
-1
5
3
3
1
-1
-1
0
4
0
2
1
1
1
4
3
69
111
97
92
36
-19
-98
-164
-161
-78
-38
-37
-28
-46
-44
-63
-66
-29
1
-10
-38
-49
2
52
73
127
134
132
91
36
26
2
5
-9
-8
24
47
34
46
35
16
27
-12
-11
-12
-56
-80
-84
-89
-53
-21
28
88
80
72
52
23
5
-17
-29
-5
6
10
32
40
55
51
53
54
50
23
5
-46
-72
-76
-103
-65
-52
-12
14
14
-3
-7
-6
-34
-14
-44
-28
-31
-38
-19
-26
6
12
20
33
40
16
31
7
-15
-37
-73
-55
-52
-24
-15
-11
24
-6
-12
-29
-38
-15
-18
-17
-29
-29
-15
9
-22
-5
23
17
39
17
-20
37
15
-23
-16
-29
-31
42
-12
-30
10
-24
25
-21
-20
5
39
30
12
0
-12
2
-47
-23
-2
34
73
67
72
72
48
21
21
-20
1
-16
-25
5
-3
35
30
42
51
52
64
43
29
-15
-38
-38
-41
-10
-1
45
64
76
66
36
36
5
-4
-23
-21
-36
-23
-3
-11
27
17
22
40
24
20
4
-11
-36
-48
-76
-75
-46
-40
0
-6
-3
8
-8
-5
-12
-20
-20
-10
-20
-9
-15
-29
-19
-25
-14
-11
-9
-8
-24
-35
-52
-60
-49
-39
-29
-21
-15
-6
-3
-13
-3
-4
-12
2
-11
-13
-12
-31
-30
-14
-17
-4
17
9
31
24
8
10
-6
1
10
5
3
14
16
24
34
25
26
43
36
45
40
38
48
35
12
12
25
35
77
76
59
60
59
52
59
53
42
56
51
45
55
56
74
82
74
85
85
80
73
56
29
-4
-33
-42
-43
-48
-68
-92
-126
-148
-157
-160
-171
-189
-197
-205
-201
-195
-180
-158
-145
-129
-115
-102
-77
-52
-30
-16
-11
-6
17
38
66
83
83
81
66
50
37
30
20
10
-2
-27
-39
-52
-64
-71
-72
-53
-32
-16
-4
2
7
9
12
32
65
93
120
126
129
138
148
174
193
198
205
180
150
121
108
94
82
84
68
56
42
30
37
123
228
304
297
192
89
128
240
356
460
438
320
165
19
-54
100
199
160
23
-290
-507
-536
-431
-285
-184
-353
-598
-702
-765
-615
-459
-393
-370
-447
-541
-504
-349
-173
-8
20
-37
-81
-60
63
225
286
266
225
183
208
234
235
222
146
64
0
-38
-27
-49
-140
-229
-292
-333
-302
-288
-299
-281
-319
-330
-248
-198
-169
-96
-86
-68
-2
28
94
178
195
210
233
239
255
303
323
325
318
288
289
271
239
209
142
96
90
68
81
117
120
57
33
10
15
96
124
158
188
194
164
176
199
215
260
154
179
180
188
395
601
899
1247
1192
834
579
299
396
795
1042
1294
1316
897
380
-109
-465
-416
-469
-755
-1000
-1354
-1421
-1162
-1035
-1135
-1529
-2163
-2444
-2231
-1778
-1206
-855
-868
-1009
-1191
-1119
-643
-76
344
503
412
420
714
1094
1387
1302
832
382
270
548
968
1224
1086
528
-30
-397
-496
-429
-461
-709
-1090
-1371
-1460
-1169
-820
-768
-921
-1238
-1361
-1049
-564
-87
183
75
-145
-219
-63
351
833
1105
1182
1121
981
991
1046
1060
949
701
459
380
417
530
565
373
119
-127
-275
-262
-206
-183
-152
-153
-103
-18
95
237
313
383
496
615
785
989
1067
1123
1199
1194
1250
1208
1158
1129
973
815
729
724
1043
1618
2042
2233
1956
1361
995
795
619
660
762
765
673
272
-187
-305
-484
-1005
-1715
-2584
-3305
-3512
-3402
-3214
-3147
-3293
-3325
-3007
-2518
-2197
-2106
-2192
-2381
-2343
-1978
-1251
-277
551
998
1221
1420
1685
2144
2326
2029
1389
724
502
612
878
1105
979
594
131
-413
-863
-1172
-1654
-2286
-2770
-3067
-2869
-2210
-1637
-1489
-1474
-1685
-1769
-1460
-1303
-1170
-888
-729
-408
346
1141
1872
2491
2568
2294
2049
1897
1896
1898
1565
1128
790
718
1043
1232
1358
1061
484
-57
-449
-647
-526
-377
-450
-307
-112
184
748
1154
1257
962
458
171
306
759
1306
1765
2003
2120
2162
2257
2228
2020
1770
1282
923
741
579
719
831
791
1244
2184
3047
3523
3107
1995
1120
650
372
822
1624
2040
2044
1386
545
110
-332
-1215
-2547
-4116
-5342
-5709
-5413
-4880
-4453
-4316
-4268
-4011
-3728
-3675
-3866
-4189
-4440
-4301
-3509
-2057
-335
1121
1981
2265
2337
2423
2488
2282
1643
850
249
197
677
1245
1525
1434
955
270
-486
-1233
-1885
-2554
-3121
-3544
-3623
-3133
-2321
-1685
-1307
-1269
-1261
-1141
-1138
-1029
-891
-709
-160
757
1728
2617
3252
3347
3260
2968
2420
2012
1715
1491
1451
1488
1481
1527
1512
1276
860
333
-298
-811
-1188
-1470
-1530
-1278
-784
-316
166
536
638
606
363
34
-93
42
368
842
1429
1916
2275
2535
2586
2512
2243
1927
1639
1359
1303
1282
1203
1237
1113
997
1353
2246
3412
4244
3982
2915
1935
1258
1072
1266
1751
2235
2408
2033
1326
712
141
-747
-2167
-3884
-5329
-5997
-5789
-5048
-4371
-4098
-4141
-4241
-4298
-4430
-4580
-4817
-4956
-4843
-4276
-3101
-1626
-184
838
1280
1426
1553
1643
1671
1437
909
420
331
661
1370
2026
2277
2118
1474
531
-387
-1180
-1797
-2231
-2524
-2535
-2245
-1618
-902
-382
-376
-638
-1031
-1475
-1612
-1533
-1192
-270
788
1539
2350
2754
2861
2988
2698
2268
1833
1396
1206
1273
1379
1539
1612
1515
1366
1055
654
246
-200
-581
-829
-945
-755
-340
98
566
844
838
748
570
308
173
131
223
533
987
1425
1895
2265
2323
2340
2225
1980
1842
1569
1210
1187
1115
955
1019
812
597
942
1564
2443
3369
3244
2450
1760
1156
917
1006
1210
1588
1764
1343
759
410
-8
-730
-2049
-3846
-5334
-6118
-6114
-5515
-4908
-4516
-4297
-4265
-4283
-4312
-4440
-4611
-4814
-4884
-4476
-3424
-1882
-328
886
1581
1933
2168
2380
2429
2046
1403
838
619
907
1647
2433
2867
2815
2124
1239
434
-243
-755
-1487
-2416
-2982
-2994
-2424
-1473
-826
-704
-832
-1300
-1760
-1834
-1755
-1402
-840
-312
323
1207
2137
2895
3220
3001
2496
2008
1757
1835
1979
2039
2089
2137
2240
2380
2281
1899
1329
713
217
-56
-19
196
437
530
486
474
520
582
545
345
86
-142
-150
57
404
869
1327
1722
2018
2199
2206
2004
1745
1370
926
681
574
560
737
744
443
260
390
1025
1958
2518
2369
1765
1182
705
466
505
734
1080
1234
911
377
-13
-443
-1066
-2119
-3602
-4891
-5646
-5716
-5152
-4524
-4089
-3850
-3851
-3990
-4056
-4102
-4156
-4258
-4397
-4200
-3460
-2260
-837
429
1285
1820
2118
2281
2266
1897
1364
881
663
863
1357
1943
2358
2514
2272
1715
984
201
-562
-1396
-2189
-2616
-2516
-2010
-1395
-946
-683
-643
-789
-1029
-1270
-1427
-1351
-1015
-420
532
1602
2582
3326
3578
3519
3278
3010
2776
2459
2184
1949
1869
2013
2244
2408
2400
2165
1734
1185
589
93
-154
-261
-381
-420
-450
-313
-58
176
295
185
-74
-372
-545
-617
-449
-33
476
1068
1485
1805
1933
1762
1577
1170
681
510
286
169
323
211
151
361
355
519
1116
1496
1776
1845
1228
717
497
254
525
1054
1413
1609
1284
658
114
-522
-1418
-2486
-3689
-4638
-5088
-5052
-4643
-4187
-3849
-3809
-3943
-4084
-4193
-4178
-4195
-4348
-4419
-4144
-3333
-2057
-661
566
1370
1730
1818
1785
1682
1485
1167
847
683
855
1388
2031
2569
2629
2089
1343
608
-35
-513
-1169
-1915
-2345
-2352
-1887
-1106
-421
-109
-124
-378
-744
-792
-514
-112
266
699
1315
2040
3077
3954
4237
4130
3701
3151
2829
2569
2288
2103
1927
1859
1866
1949
1992
1781
1325
684
84
-336
-523
-630
-664
-692
-711
-555
-367
-298
-292
-340
-493
-620
-595
-408
-107
180
531
999
1496
1864
1897
1617
1242
872
514
287
45
-91
-27
-31
70
225
105
250
615
1008
1512
1534
1220
963
604
488
818
1161
1449
1406
707
-101
-658
-1072
-1495
-2298
-3501
-4587
-5323
-5528
-5167
-4689
-4376
-4421
-4746
-4918
-4840
-4569
-4307
-4282
-4374
-4247
-3565
-2244
-606
790
1552
1821
1908
1983
2207
2394
2299
1988
1726
1716
2066
2673
3132
3226
2779
2076
1415
831
316
-275
-1085
-1633
-1801
-1747
-1341
-858
-440
-99
93
77
140
256
353
558
826
1293
1983
2713
3320
3582
3645
3579
3314
3014
2630
2152
1677
1373
1284
1318
1402
1436
1260
938
607
299
23
-362
-815
-1231
-1372
-1236
-986
-640
-371
-177
-45
-83
-77
-55
-40
78
275
559
952
1443
1742
1848
1773
1463
1010
597
170
-212
-325
-335
-388
-392
-411
-312
286
996
1498
1610
1333
827
393
90
59
324
654
729
388
-120
-397
-639
-1220
-2074
-3306
-4504
-5344
-5689
-5402
-4826
-4351
-4145
-4128
-4055
-3864
-3611
-3453
-3623
-3904
-3901
-3299
-2011
-420
1014
1967
2495
2743
2973
3191
3201
2834
2163
1487
1124
1258
1744
2198
2252
1965
1604
1412
1149
578
-358
-1589
-2635
-3119
-3008
-2183
-1117
-524
-394
-278
0
540
1106
1201
890
479
431
943
1939
3135
3889
4071
4000
3691
3488
3453
3082
2391
1506
748
441
634
1075
1374
1330
978
511
151
-47
-275
-697
-1315
-1826
-1951
-1573
-877
-268
23
145
113
50
103
131
157
186
272
496
967
1464
1769
1624
1196
708
329
127
17
-203
-477
-619
-801
-555
216
1068
1883
2225
1834
1236
608
118
99
185
285
366
147
-97
-224
-425
-797
-1566
-2822
-4139
-5098
-5635
-5495
-5008
-4527
-4146
-4004
-3787
-3377
-2867
-2547
-2645
-3017
-3221
-2864
-1862
-427
967
1986
2527
2820
3069
3403
3570
3285
2554
1605
893
728
1044
1397
1587
1485
1203
904
688
358
-15
-792
-1723
-2677
-3172
-3084
-2662
-1826
-1053
-133
625
1312
1698
1811
1594
1162
1094
1318
2015
2894
3612
4134
4358
4433
4266
3908
3267
2330
1341
332
-437
-867
-960
-763
-579
-543
-712
-1009
-1369
-1788
-2170
-2550
-2871
-2916
-2616
-1968
-1082
-254
392
682
687
645
605
711
893
1096
1360
1699
2038
2232
2237
2027
1550
942
274
-295
-724
-1081
-1090
-494
696
2138
3265
3564
3093
2240
1096
152
-134
-114
4
-81
-382
-582
-659
-844
-1487
-2582
-4039
-5507
-6492
-6742
-6118
-5098
-4164
-3407
-2726
-1729
-685
57
252
-173
-638
-670
-83
1053
2414
3582
4331
4735
4902
4853
4448
3432
1823
-45
-1697
-2758
-3147
-3037
-2740
-2574
-2585
-2627
-2499
-2289
-2225
-2524
-3128
-3475
-3278
-2406
-827
838
2182
3329
4205
4936
5563
5737
5348
4618
3758
2990
2597
2467
2468
2427
2065
1492
819
57
-745
-1708
-2736
-3671
-4301
-4405
-4004
-3303
-2458
-1529
-676
77
757
1319
1683
1811
1825
1760
1750
1959
2284
2644
2851
2747
2282
1550
678
-192
-948
-1506
-1877
-1975
-1826
-1612
-1428
-1264
-1246
-1349
-1387
-1453
-1418
-1269
-963
-569
114
1373
3233
5249
6524
6649
5841
4676
3412
2141
1298
860
582
-40
-960
-1728
-2335
-2850
-3807
-5335
-7101
-8583
-9247
-8931
-7764
-6360
-4946
-3507
-1885
-170
1202
2230
2736
2759
2571
2515
3022
4084
5356
6299
6575
6393
5959
5201
3997
2100
-276
-2711
-4793
-6147
-6714
-6528
-6050
-5542
-5072
-4463
-3610
-2771
-2219
-2076
-2066
-1860
-1113
303
2116
3969
5539
6664
7311
7725
7735
7245
6323
4900
3367
1898
776
-47
-588
-968
-1518
-2106
-2627
-3134
-3584
-4016
-4586
-4968
-4901
-4368
-3378
-1985
-444
943
2288
3354
4109
4684
4821
4657
4125
3471
2925
2459
2237
1902
1412
726
-152
-1174
-2251
-3040
-3611
-3933
-4023
-3886
-3586
-3010
-2335
-1700
-1032
-513
-222
32
334
636
1205
2194
3646
5595
7040
7565
7387
6567
5402
3751
2077
937
66
-877
-2148
-3284
-3960
-4502
-5283
-6486
-7575
-8590
-9308
-9402
-8819
-7350
-5683
-3959
-2128
-251
1802
3455
4532
5075
5127
5015
4834
4780
4972
5203
5263
4965
4367
3674
2859
1590
-303
-2544
-4735
-6546
-7737
-8240
-8076
-7392
-6491
-5397
-4070
-2600
-1123
76
819
1293
1709
2360
3270
4250
5328
6381
7085
7409
7489
7177
6474
5260
3582
1802
163
-1319
-2576
-3429
-3929
-4162
-4110
-3892
-3682
-3357
-3123
-3039
-2837
-2365
-1622
-659
449
1627
2867
4168
5229
5908
6269
6222
5670
4721
3571
2446
1369
464
-422
-1269
-2027
-2845
-3571
-4006
-4184
-4234
-3966
-3725
-3355
-2765
-2129
-1399
-611
142
651
1174
1548
1880
2408
3138
4377
5988
7183
7532
7240
6401
5042
3395
1769
491
-448
-1670
-3156
-4335
-5112
-5655
-6297
-7162
-8003
-8731
-9178
-9226
-8474
-7047
-5441
-3775
-2130
-206
1773
3476
4732
5421
5739
5586
5161
4802
4664
4567
4176
3472
2723
2112
1451
519
-869
-2581
-4437
-6197
-7494
-8121
-8081
-7684
-6997
-5941
-4548
-2832
-948
698
1889
2798
3301
3596
4139
4664
5094
5588
5924
6093
6349
6274
5762
5061
3868
2342
726
-891
-2258
-3304
-4117
-4635
-4718
-4298
-3544
-2767
-1955
-1216
-606
-3
622
1327
2034
2661
3217
3847
4583
5221
5605
5763
5550
4923
3981
2827
1547
350
-741
-1813
-2817
-3632
-4251
-4576
-4459
-4165
-3635
-2975
-2355
-1717
-1076
-439
160
601
879
1251
1527
1865
2201
2490
3182
4260
5602
6469
6720
6341
5302
3803
1951
456
-598
-1477
-2701
-4062
-4956
-5581
-6098
-6756
-7381
-7907
-8374
-8670
-8560
-7637
-6149
-4570
-3046
-1426
319
2004
3416
4424
5069
5242
4895
4344
3952
3796
3629
3176
2482
1813
1248
582
-260
-1345
-2668
-4129
-5640
-6699
-7115
-7003
-6664
-5998
-5154
-3832
-2148
-559
1116
2411
3455
3911
4275
4626
4917
5349
5332
5351
5206
5076
4879
4525
4298
3465
2370
1081
-449
-1607
-2585
-3381
-4061
-4522
-4608
-4347
-3557
-2524
-1517
-432
521
1308
2192
2983
3555
3999
4220
4291
4377
4581
4721
4676
4448
3817
2904
1983
1015
68
-870
-1906
-2907
-3778
-4364
-4514
-4200
-3667
-2972
-2103
-1290
-490
347
932
1172
1343
1339
1203
1255
1425
1549
1937
2713
3846
5285
6175
6231
5773
4711
3146
1456
70
-851
-1768
-3048
-4333
-5158
-5561
-5931
-6519
-7085
-7553
-8039
-8393
-8160
-7078
-5659
-4324
-3059
-1570
180
1867
3226
4193
4788
4800
4329
3784
3470
3412
3172
2603
1954
1423
1156
775
95
-893
-2204
-3706
-5110
-5958
-6260
-6185
-5975
-5651
-4863
-3597
-1993
-323
1192
2396
3174
3590
3917
4343
4730
4935
4793
4575
4508
4418
4339
4250
3931
3254
2271
1097
5
-913
-1860
-2808
-3726
-4408
-4602
-4407
-3824
-3052
-2173
-1159
-229
732
1807
2761
3499
3945
4165
4256
4398
4586
4587
4482
4175
3563
2776
1949
1247
550
-220
-1096
-2142
-3003
-3556
-3864
-3714
-3290
-2703
-2041
-1359
-637
82
729
966
1019
936
727
675
701
822
1272
2164
3429
4778
5688
6051
5878
5145
3956
2474
1158
161
-805
-2149
-3555
-4546
-5232
-5769
-6402
-7077
-7554
-7936
-8273
-8124
-7294
-6107
-4935
-3817
-2444
-738
966
2302
3358
4090
4369
4233
3926
3760
3678
3443
3030
2602
2278
2036
1611
869
-123
-1269
-2632
-4003
-5079
-5789
-6148
-6289
-6146
-5623
-4573
-3174
-1722
-369
779
1693
2266
2858
3487
4085
4584
4724
4690
4729
4699
4762
4898
4712
4266
3555
2569
1493
572
-381
-1476
-2469
-3449
-4159
-4395
-4197
-3713
-3074
-2195
-1355
-460
666
1783
2748
3459
3885
4133
4374
4617
4676
4583
4352
3835
3210
2515
1900
1200
386
-495
-1500
-2229
-2870
-3316
-3541
-3481
-3192
-2723
-2131
-1595
-1045
-546
-307
-214
-71
86
257
354
580
984
1489
2222
3160
4330
5290
5631
5459
4881
4066
2981
1839
787
-215
-1258
-2658
-3943
-4895
-5663
-6305
-7053
-7680
-7992
-8139
-8045
-7541
-6497
-5231
-3962
-2544
-1049
508
1784
2718
3396
3739
3854
3733
3655
3699
3772
3786
3579
3319
2948
2420
1722
798
-333
-1673
-3079
-4357
-5422
-6028
-6237
-6172
-5726
-4893
-3796
-2587
-1416
-310
683
1487
2260
3087
3765
4332
4735
4957
5196
5452
5615
5793
5813
5333
4656
3740
2635
1580
306
-1027
-2182
-3306
-4199
-4667
-4751
-4500
-4038
-3426
-2633
-1678
-630
490
1440
2236
2903
3400
3887
4357
4690
4818
4781
4434
3867
3302
2619
1816
909
-51
-888
-1633
-2275
-2724
-3023
-3116
-3128
-3085
-2837
-2533
-2217
-1987
-1796
-1578
-1288
-889
-418
127
614
1078
1465
1792
2358
3060
3966
4817
5063
5018
4676
3948
3061
2083
1104
178
-717
-2047
-3317
-4175
-5091
-5812
-6593
-7365
-7677
-7929
-7780
-7208
-6129
-4772
-3649
-2337
-1187
145
1394
2116
2732
2931
3073
3142
3207
3532
3715
3801
3607
3329
3047
2721
2293
1380
185
-1161
-2550
-3733
-4636
-5112
-5344
-5371
-5146
-4727
-3862
-2803
-1738
-698
261
1205
2086
2936
3719
4343
4843
5038
5237
5598
5815
5807
5601
5070
4317
3568
2663
1649
650
-453
-1644
-2654
-3340
-3786
-3991
-3968
-3893
-3597
-2986
-2283
-1447
-504
485
1322
2064
2732
3303
3806
4086
4180
4044
3725
3241
2571
1872
1171
470
-153
-682
-1136
-1437
-1592
-1867
-2168
-2267
-2356
-2511
-2577
-2704
-2790
-2648
-2394
-2026
-1454
-739
-247
260
727
1069
1458
1876
2354
2928
3676
4077
4077
4023
3653
3124
2570
1935
1266
621
-197
-1489
-2583
-3551
-4472
-5293
-6224
-6869
-7334
-7459
-7139
-6485
-5365
-4281
-3249
-2164
-1109
-13
907
1656
2175
2486
2711
2812
2948
3162
3388
3530
3512
3378
3030
2573
2016
1206
272
-670
-1589
-2419
-3113
-3580
-3942
-4192
-4170
-3955
-3456
-2683
-1785
-825
152
1134
2057
2986
3801
4296
4793
5072
5103
5077
4940
4691
4344
3928
3324
2722
2172
1450
707
-34
-807
-1571
-2252
-2840
-3422
-3677
-3727
-3670
-3300
-2652
-1825
-925
45
915
1734
2511
2995
3290
3428
3344
2995
2524
2028
1505
993
542
220
47
-117
-257
-467
-826
-1158
-1622
-2161
-2621
-3063
-3373
-3500
-3471
-3255
-2817
-2256
-1656
-1050
-405
226
732
1141
1389
1706
2171
2702
3281
3707
3989
4026
3937
3668
3339
2994
2424
1718
597
-669
-1785
-2981
-4042
-5030
-5970
-6708
-7227
-7292
-7052
-6419
-5550
-4698
-3608
-2510
-1349
-145
892
1704
2211
2588
2819
3039
3368
3565
3744
3780
3678
3579
3410
3247
2877
2283
1463
496
-512
-1512
-2435
-3276
-3983
-4452
-4667
-4529
-3967
-3092
-2138
-1178
-142
875
1825
2660
3392
3959
4351
4549
4555
4562
4561
4420
4094
3753
3356
2854
2374
1745
955
167
-753
-1716
-2523
-3190
-3746
-4138
-4321
-4339
-4015
-3414
-2618
-1717
-677
317
1125
1868
2469
2851
3041
3017
2761
2417
2062
1710
1357
1137
947
680
359
-21
-446
-953
-1547
-2180
-2797
-3336
-3732
-3960
-4060
-3825
-3462
-3035
-2375
-1635
-1056
-449
231
580
1066
1493
1845
2495
3302
4014
4582
5063
5168
5002
4739
4214
3556
2811
1893
689
-594
-1740
-2994
-4019
-4958
-5922
-6656
-7147
-7252
-7119
-6536
-5638
-4685
-3512
-2359
-1158
12
1034
1834
2386
2797
3016
3173
3402
3618
3809
3955
4017
3988
3869
3656
3183
2450
1503
374
-740
-1777
-2694
-3467
-4049
-4323
-4330
-4094
-3553
-2703
-1887
-1085
-125
710
1494
2342
2928
3382
3898
4146
4205
4349
4357
4147
3962
3689
3176
2712
2204
1384
547
-252
-1201
-2116
-2866
-3547
-4157
-4511
-4621
-4590
-4159
-3412
-2673
-1757
-793
40
839
1581
2080
2363
2642
2677
2498
2390
2193
1902
1648
1328
964
637
267
-230
-782
-1302
-1917
-2584
-3172
-3542
-3794
-3880
-3727
-3509
-3128
-2564
-1926
-1296
-548
91
586
1064
1541
2025
2354
2654
3007
3321
3715
4154
4343
4465
4409
4009
3464
3044
2530
1881
1209
192
-953
-2000
-3087
-4161
-5006
-5718
-6391
-6687
-6524
-6038
-5149
-4092
-3088
-2057
-1092
-240
489
1121
1558
1744
1937
2158
2435
2832
3183
3370
3408
3429
3371
3183
2942
2440
1734
946
81
-757
-1415
-1992
-2485
-2846
-3154
-3192
-2940
-2488
-1957
-1401
-859
-298
365
898
1433
2005
2384
2717
2982
3162
3369
3480
3389
3113
2808
2383
1874
1314
607
-150
-879
-1562
-2302
-2778
-3093
-3388
-3490
-3450
-3189
-2809
-2275
-1714
-1152
-527
92
577
956
1412
1723
1793
1791
1767
1788
1645
1436
1219
993
674
264
-98
-486
-851
-1347
-1803
-2170
-2516
-2723
-2820
-2715
-2485
-2086
-1741
-1352
-820
-396
200
717
1159
1593
1954
2134
2241
2480
2630
2739
2892
3120
3466
3644
3712
3659
3399
3148
2756
2130
1391
555
-525
-1677
-2720
-3706
-4491
-5090
-5478
-5672
-5546
-5096
-4528
-3833
-3040
-2315
-1622
-1006
-474
70
580
921
1168
1412
1656
1929
2198
2494
2675
2800
2892
2765
2586
2308
1850
1222
520
-188
-830
-1367
-1799
-2126
-2331
-2436
-2346
-2107
-1789
-1293
-900
-485
-93
190
543
986
1322
1562
1894
2019
2034
2171
2165
2092
2034
1822
1477
1157
840
333
-164
-679
-1306
-1878
-2308
-2669
-2951
-2932
-2820
-2634
-2160
-1647
-1200
-656
-110
267
572
913
1017
1053
1151
1046
931
859
778
679
602
588
449
322
223
-40
-258
-450
-695
-953
-1089
-1191
-1355
-1363
-1276
-1148
-871
-545
-171
269
671
1005
1287
1569
1790
1848
1824
1784
1732
1833
2123
2428
2866
3401
3636
3779
3720
3405
3035
2517
1749
951
148
-848
-1731
-2531
-3263
-3791
-4161
-4474
-4647
-4520
-4345
-4051
-3607
-3194
-2790
-2334
-1880
-1475
-1006
-554
-145
279
706
1091
1536
1941
2239
2498
2688
2766
2707
2553
2273
1852
1396
883
327
-225
-745
-1167
-1561
-1840
-2023
-2071
-2023
-1862
-1642
-1455
-1163
-970
-810
-602
-360
-114
176
529
880
1236
1625
1925
2152
2270
2216
1986
1557
1049
418
-234
-822
-1435
-1933
-2260
-2446
-2499
-2424
-2262
-2055
-1738
-1419
-1124
-751
-446
-215
-9
170
297
441
636
796
953
1142
1251
1371
1494
1614
1694
1651
1502
1237
872
448
-17
-398
-663
-888
-997
-951
-874
-755
-450
-175
91
401
592
740
896
1060
1232
1456
1677
1894
2095
2314
2638
2901
3198
3440
3545
3490
3392
2990
2384
1901
1298
529
-124
-787
-1492
-2146
-2810
-3386
-3810
-4084
-4386
-4535
-4519
-4405
-4140
-3777
-3369
-2869
-2309
-1757
-1267
-719
-208
211
664
1063
1476
1844
2247
2512
2628
2748
2676
2436
2155
1780
1290
796
256
-287
-745
-1025
-1326
-1646
-1753
-1955
-2094
-2051
-2071
-2067
-1909
-1808
-1693
-1361
-1013
-643
-159
317
658
1224
1500
1796
1890
1923
1790
1481
1222
634
245
-270
-779
-1201
-1527
-1692
-1953
-1928
-1893
-1812
-1558
-1380
-1099
-900
-569
-375
-174
87
205
389
569
725
872
1053
1272
1390
1482
1537
1553
1502
1433
1316
1144
967
679
422
174
1
-175
-257
-289
-342
-329
-261
-153
-2
239
456
620
892
1162
1436
1704
1956
2182
2261
2375
2323
2243
2241
2173
2057
1967
1912
1780
1629
1416
1013
612
196
-339
-770
-1130
-1489
-1855
-2195
-2529
-2764
-2806
-2920
-2996
-2962
-2935
-2861
-2700
-2468
-2179
-1895
-1555
-1173
-854
-457
-57
340
661
950
1229
1467
1684
1868
1972
1912
1816
1559
1252
953
589
229
-164
-570
-820
-981
-1205
-1380
-1470
-1608
-1722
-1742
-1815
-1784
-1626
-1598
-1517
-1215
-964
-675
-374
-147
63
324
508
565
652
579
396
256
90
-47
-156
-273
-401
-503
-521
-483
-456
-456
-361
-382
-413
-363
-345
-350
-336
-355
-381
-315
-287
-164
1
179
442
672
920
1154
1363
1493
1577
1608
1620
1590
1478
1311
1092
826
606
413
285
275
235
242
254
334
459
649
828
985
1157
1228
1341
1448
1549
1674
1706
1711
1635
1429
1233
936
708
533
376
331
278
339
473
533
608
628
562
420
320
135
-109
-239
-619
-998
-1345
-1756
-2128
-2427
-2604
-2815
-2866
-2817
-2645
-2283
-1858
-1396
-930
-531
-217
59
305
472
591
646
635
622
627
668
704
785
857
845
778
713
602
435
199
-74
-367
-630
-916
-1199
-1483
-1781
-2082
-2346
-2485
-2607
-2563
-2471
-2350
-2062
-1818
-1430
-1028
-651
-242
45
290
489
663
792
876
912
898
877
831
745
634
531
381
148
-16
-188
-424
-596
-811
-973
-1015
-1021
-927
-782
-567
-345
-81
231
561
896
1201
1453
1635
1777
1853
1859
1853
1809
1738
1640
1510
1390
1266
1119
1023
931
821
759
739
737
693
670
589
525
504
494
523
545
613
636
623
706
703
667
656
612
524
412
359
299
429
531
650
861
939
1026
1011
888
752
572
273
-62
-360
-656
-820
-888
-992
-1036
-1120
-1259
-1339
-1429
-1484
-1509
-1500
-1550
-1546
-1444
-1385
-1263
-1108
-1037
-985
-952
-925
-829
-632
-436
-206
14
268
535
742
940
1045
1067
899
592
281
-114
-504
-865
-1200
-1630
-1880
-2068
-2320
-2263
-2229
-2161
-1927
-1695
-1488
-1331
-1084
-1033
-963
-695
-655
-548
-368
-217
-87
107
412
543
783
992
991
1052
1021
911
729
590
394
147
54
-101
-162
-166
-217
-285
-241
-138
-127
-49
62
107
243
410
598
840
1075
1247
1312
1445
1553
1655
1759
1810
1775
1736
1699
1651
1652
1635
1564
1392
1178
997
817
622
445
248
113
63
95
218
339
433
490
441
423
377
324
252
114
49
16
6
121
356
558
809
1032
1127
1204
1262
1196
1107
1014
888
771
622
460
311
228
100
-49
-282
-619
-983
-1409
-1828
-2184
-2503
-2753
-2877
-2893
-2822
-2586
-2285
-1942
-1607
-1291
-1015
-742
-498
-326
-175
-63
20
89
131
164
171
229
185
82
13
-118
-335
-516
-725
-926
-1010
-1149
-1365
-1560
-1763
-1937
-2079
-2202
-2216
-2097
-2075
-1930
-1733
-1488
-1025
-654
-299
97
453
670
912
1126
1242
1400
1383
1250
1232
1046
947
820
717
582
439
332
141
46
-9
-85
-175
-274
-331
-392
-350
-280
-136
121
346
657
1015
1390
1722
1960
2089
2137
2137
2117
2084
1994
1879
1710
1551
1405
1293
1304
1192
1072
966
750
531
419
247
115
11
-107
-202
-193
-186
-128
38
140
292
445
605
741
855
994
999
1016
1045
1029
1137
1224
1283
1294
1316
1195
1009
865
596
385
247
49
-155
-297
-501
-783
-1022
-1278
-1551
-1722
-1964
-2194
-2262
-2271
-2218
-2108
-1962
-1834
-1726
-1628
-1550
-1516
-1475
-1485
-1482
-1380
-1237
-1050
-758
-507
-292
-99
86
157
80
15
-155
-395
-674
-915
-1168
-1316
-1422
-1634
-1625
-1574
-1515
-1444
-1443
-1459
-1534
-1531
-1565
-1556
-1394
-1215
-1003
-707
-269
126
499
815
1001
1164
1246
1238
1246
1324
1314
1222
1154
1064
942
797
635
442
264
154
61
38
125
207
331
474
591
653
680
676
662
708
751
866
1074
1293
1512
1712
1920
2035
2079
2100
2035
1951
1823
1672
1506
1350
1204
1031
843
609
350
160
-8
-132
-109
-83
-56
1
102
246
427
541
578
675
659
575
526
472
443
489
536
536
659
848
924
1026
1084
1034
911
686
394
132
-31
-213
-399
-453
-492
-609
-721
-806
-983
-1234
-1501
-1796
-1989
-2126
-2189
-2168
-2074
-1920
-1800
-1635
-1518
-1465
-1452
-1440
-1453
-1468
-1431
-1407
-1314
-1213
-1120
-1048
-1004
-988
-998
-1001
-1011
-965
-898
-863
-787
-745
-725
-741
-800
-891
-1086
-1208
-1317
-1363
-1359
-1266
-1130
-932
-623
-300
8
288
534
626
652
632
584
594
615
583
608
673
695
749
849
921
961
998
990
1005
1021
1050
1037
912
835
705
602
529
486
520
597
718
911
1178
1324
1434
1512
1516
1467
1418
1366
1261
1169
1088
1002
1019
1008
1002
987
959
900
819
794
698
632
565
512
440
353
337
342
333
314
362
385
429
487
571
681
746
826
831
769
719
600
587
551
523
557
565
555
442
318
201
94
-97
-248
-405
-630
-775
-929
-1042
-1143
-1230
-1296
-1429
-1450
-1476
-1450
-1429
-1355
-1289
-1309
-1302
-1371
-1380
-1454
-1547
-1563
-1612
-1599
-1553
-1484
-1318
-1219
-1107
-1010
-940
-923
-918
-892
-948
-907
-920
-940
-917
-944
-963
-998
-991
-970
-931
-884
-822
-682
-571
-447
-361
-298
-206
-186
-133
-79
-29
8
77
181
304
469
576
657
706
718
719
719
759
732
688
663
613
582
589
641
664
734
775
783
829
878
876
836
829
791
724
673
649
647
652
615
610
635
654
659
670
663
695
731
753
796
876
945
897
880
854
764
758
741
778
861
913
956
966
1006
1015
1069
1120
1096
999
894
797
644
543
465
388
401
421
418
425
356
287
180
102
39
-1
-11
-73
-99
-156
-215
-241
-281
-342
-455
-545
-625
-724
-767
-780
-836
-917
-1026
-1203
-1318
-1435
-1575
-1672
-1746
-1769
-1736
-1624
-1494
-1399
-1314
-1296
-1299
-1285
-1271
-1239
-1210
-1132
-1064
-986
-856
-774
-687
-621
-572
-547
-519
-528
-571
-579
-620
-610
-621
-599
-566
-569
-531
-515
-424
-345
-291
-181
-91
1
76
172
225
222
261
297
362
414
446
501
545
584
610
619
641
677
680
682
725
754
722
657
573
498
419
316
266
229
279
350
388
433
506
570
622
675
725
784
847
851
863
939
960
946
958
1032
1045
1010
989
1014
1032
1058
1067
1124
1168
1124
1062
965
905
790
688
613
515
439
376
309
238
243
202
140
132
99
135
155
110
89
76
4
-51
-11
36
101
100
42
33
-39
-170
-281
-402
-504
-620
-696
-744
-789
-823
-898
-962
-1014
-1075
-1162
-1228
-1256
-1272
-1282
-1313
-1293
-1253
-1224
-1185
-1118
-1026
-967
-980
-916
-874
-858
-719
-636
-515
-414
-306
-246
-246
-278
-335
-418
-522
-596
-614
-627
-631
-574
-588
-567
-529
-533
-501
-494
-471
-458
-407
-319
-257
-180
-125
-64
32
137
207
258
231
227
217
187
195
286
364
408
448
403
373
344
265
256
314
340
326
287
257
233
184
77
163
262
334
437
621
773
960
1017
1136
1305
1302
1289
1270
1319
1311
1328
1332
1438
1422
1362
1291
1224
1117
984
892
855
827
761
629
499
426
210
97
29
-15
-43
-95
-120
-130
-49
-3
69
186
209
222
201
254
312
373
383
393
434
376
265
169
51
-105
-238
-377
-447
-503
-607
-728
-806
-818
-902
-975
-1007
-1082
-1135
-1176
-1217
-1184
-1141
-1114
-1034
-971
-913
-856
-809
-793
-811
-754
-660
-580
-477
-424
-407
-450
-499
-548
-609
-619
-688
-710
-751
-789
-798
-792
-801
-797
-750
-628
-506
-463
-422
-351
-353
-435
-394
-326
-218
-183
-143
-165
-152
-106
-131
-46
67
77
174
240
195
200
173
234
175
121
59
29
28
-51
-116
49
399
260
234
518
708
701
620
717
895
1207
1110
971
1345
1289
1219
1110
1148
1196
1072
1134
1062
1310
1168
996
1074
954
902
688
504
546
432
322
482
463
373
417
381
344
381
364
375
470
355
293
369
320
296
273
303
257
146
174
124
130
153
123
121
57
38
48
-118
-237
-297
-273
-265
-281
-155
-170
-116
-146
-294
-285
-313
-378
-470
-600
-690
-760
-715
-756
-751
-610
-635
-741
-850
-881
-789
-852
-935
-862
-693
-751
-851
-950
-895
-769
-917
-826
-675
-501
-451
-539
-443
-245
-291
-481
-681
-623
-544
-708
-807
-850
-684
-867
-1063
-1115
-967
-633
-785
-736
-561
-424
-296
-470
-409
-297
-207
-346
-421
-260
-103
-90
111
-52
184
255
250
353
464
719
768
821
551
650
712
626
384
388
569
549
477
370
638
833
895
869
877
1081
1115
1020
745
847
1096
1051
1065
981
876
1039
808
612
691
970
1068
1056
846
688
1060
700
423
254
396
582
491
458
505
1009
711
271
157
199
474
-84
5
460
693
589
164
402
553
445
-51
-49
466
419
154
2
308
576
179
-266
-159
-125
-246
-818
-838
-474
-363
-493
-986
-328
-264
-825
-1185
-1193
-724
-789
-938
-933
-442
-233
-845
-995
-671
-510
-691
-1170
-900
-396
-586
-820
-731
-380
-451
-866
-1185
-816
-798
-1316
-1344
-1068
-849
-828
-994
-789
-646
-894
-1335
-1141
-764
-849
-956
-861
-428
-317
-521
-637
-514
189
-433
-843
-350
-257
422
-350
-21
544
572
334
-456
-210
134
128
-556
-28
600
472
317
254
211
895
675
3
439
792
734
567
622
919
1271
931
230
468
1050
651
680
792
1362
1488
987
892
862
1026
671
656
889
917
1335
1065
922
857
1113
857
676
865
551
872
657
298
470
685
657
474
444
524
550
415
419
703
707
1056
867
504
658
333
378
118
-52
223
191
503
224
278
329
365
92
-419
67
-339
-270
-295
-458
-271
-474
-469
-860
-699
-113
-943
-826
-467
-543
-573
-730
-723
-820
-287
-729
-1265
-718
-648
-387
-800
-1299
-616
-724
-857
-1109
-1423
-751
-778
-1235
-1456
-897
-736
-1675
-1234
-1062
-1248
-965
-1156
-1208
-855
-846
-1276
-913
-453
-753
-760
-805
-790
-454
-354
-549
-594
-173
-421
-363
168
-439
-302
296
174
-415
-198
60
-76
480
-178
-158
442
273
-147
-219
501
130
-66
483
607
487
627
77
613
1272
547
110
823
1417
852
768
845
1242
1709
753
197
1015
1497
874
606
1454
1187
1316
924
330
851
1406
409
539
1183
911
898
834
502
643
1109
214
461
847
1071
885
706
685
625
1045
333
-49
692
782
747
490
684
720
596
458
-406
619
222
-273
472
-149
238
-330
-420
-220
-276
-76
-848
170
-105
-668
-517
-618
-131
-731
-498
-386
-116
-1
-959
-592
83
-622
-669
-988
-531
56
-907
-1035
-1041
-359
-776
-1381
-1353
-941
-530
-1035
-1381
-1394
-746
-664
-1906
-1666
-1306
-677
-949
-1705
-1440
-405
-157
-1599
-1105
-224
-108
-547
-1215
-604
271
-245
-1031
-831
85
-181
-533
-990
-443
492
-106
-1069
-373
395
-244
-186
-454
-9
239
131
-240
201
764
34
192
455
741
540
278
933
844
1007
716
476
957
1059
518
241
562
964
787
389
626
802
987
189
143
683
917
628
544
866
953
1028
482
469
1227
874
521
909
937
1065
997
831
830
1071
1109
386
731
1084
339
342
422
888
482
133
525
436
565
-290
-364
536
825
-182
-408
629
748
-112
-383
-240
644
491
-725
-311
643
521
-328
-526
-84
131
184
-813
-598
252
-526
-528
-733
-828
-179
-305
-888
-856
-728
-677
-844
-1061
-789
-291
-642
-1182
-1012
-682
-849
-912
-1162
-821
-205
-686
-825
-951
-675
-734
-935
-973
-799
-385
-892
-751
-319
-917
-708
-780
-975
-428
-852
-779
-525
-276
-451
-792
-372
-207
-7
-120
-779
456
522
-58
-14
-285
593
214
-221
-237
509
635
-116
-224
410
405
215
-29
50
339
413
212
87
301
659
621
77
-49
320
589
315
307
188
1307
834
315
387
813
982
521
560
706
1375
831
424
887
675
848
528
323
643
1139
613
269
948
407
550
416
371
534
685
343
201
865
420
284
617
710
417
393
729
663
256
173
184
426
647
-219
21
616
510
-342
-172
-139
-104
534
-364
-526
280
310
-420
-557
-775
-149
307
-828
-890
-239
336
-257
-1176
-1032
-72
392
-1580
-1183
-419
190
-688
-1801
-802
-168
125
-1758
-1326
2
-141
-879
-1806
-676
-19
-415
-1429
-1916
422
-237
-1476
-1239
-398
316
-567
-979
-973
558
-29
-1147
-472
141
454
-167
-546
-121
420
34
-469
-304
167
121
-184
-143
-124
347
-99
-133
-12
-316
208
206
39
-189
-38
278
196
-40
-481
392
623
43
56
271
590
309
32
118
543
619
-28
242
950
636
493
125
483
1025
595
17
115
1128
727
145
252
369
1006
391
27
294
915
895
39
534
679
721
658
217
772
751
408
683
251
624
836
422
520
361
464
290
397
302
447
269
-17
255
144
440
245
-63
229
387
-157
287
8
86
350
-24
-254
246
210
-330
-507
-450
-55
-256
-480
-491
-162
100
-457
-1254
-213
51
-294
-1001
-769
-240
-331
-708
-1569
-602
-203
-928
-897
-835
-274
-419
-925
-1113
-582
206
-932
-1103
-442
-312
-199
-1028
-968
73
179
-943
-1422
-223
-20
-720
-941
-668
443
100
-594
-854
-180
389
-655
-467
-492
-50
357
-562
-352
-132
299
-210
-501
94
-9
416
-88
-187
762
644
-172
-201
565
609
-145
11
373
1081
889
-190
163
845
595
239
164
449
759
1025
37
281
998
532
344
113
623
645
741
165
255
1040
785
-25
291
858
627
581
201
227
1122
515
137
818
643
411
412
461
207
808
198
120
892
491
206
148
461
500
480
77
-180
634
512
92
237
-46
193
196
223
-358
205
196
-298
234
-116
-205
-216
-378
-300
-57
-524
-685
-270
-224
-448
-588
-745
-559
-249
-646
-690
-834
-347
-554
-831
-550
-814
-358
-486
-838
-624
-400
-625
-622
-695
-675
-244
-669
-1066
-439
-551
-716
-246
-865
-612
-222
-581
-438
-407
-489
-698
-189
-334
-469
-541
-524
-2
-421
-354
-514
-253
-29
-152
-241
-485
181
127
-300
39
-39
-38
-203
-306
301
38
49
-31
239
531
-95
77
76
483
489
-144
622
604
323
698
379
490
749
372
489
889
892
239
470
1160
609
518
557
727
1036
680
554
679
768
952
415
641
1087
493
682
657
459
910
567
320
304
914
569
199
438
358
846
586
-196
179
879
111
431
-174
-4
712
184
21
-315
246
219
124
-487
-282
344
252
-393
-532
-25
119
-114
-1026
-240
10
-290
-628
-711
-250
-275
-406
-926
-656
-79
-255
-799
-706
-529
-350
-325
-898
-753
-436
-332
-525
-1249
-712
-442
-542
-964
-971
-749
-192
-292
-1164
-627
-317
-143
-953
-720
-581
-229
-329
-1145
-463
-250
-134
-924
-661
-4
-215
-517
-672
-452
199
-34
-966
-74
-53
-78
-378
-507
-38
-13
-24
-259
-139
202
37
-165
182
109
-28
310
553
55
260
571
324
489
444
276
822
747
325
363
777
696
632
71
578
1188
810
363
315
1336
1062
249
249
803
1252
804
22
809
1195
717
294
560
703
721
725
71
809
895
789
470
544
835
647
734
-165
238
793
867
71
-265
660
949
282
-610
-94
717
369
-554
-37
123
468
81
-476
-221
44
118
-797
-368
-218
-292
-46
-459
-735
92
4
-740
-777
-306
-118
-573
-626
-850
-338
-89
-799
-1240
-639
-208
-696
-757
-803
-434
-394
-523
-815
-881
-358
-622
-934
-883
-545
-500
-537
-774
-838
-543
-208
-830
-1009
-234
-240
-546
-756
-475
-437
65
-462
-1016
-200
56
-230
-898
-150
-192
-114
253
-585
-177
373
86
-570
-300
434
58
193
86
-22
351
599
-134
-173
521
425
171
-42
484
402
703
245
-4
504
716
533
-275
576
677
553
616
314
494
800
775
95
392
858
838
433
475
910
560
771
623
285
640
882
419
199
650
541
675
516
490
445
502
643
225
223
675
625
206
438
352
299
538
82
-21
284
479
-86
-49
349
-59
306
-203
2
-38
53
60
-709
211
-211
-200
-313
-165
-325
-379
-93
-883
-100
-410
-431
-385
-615
-338
-373
-289
-621
-601
-562
-230
-600
-1119
-188
-278
-283
-746
-766
-336
-429
-491
-1060
-362
-158
-427
-635
-791
-304
-199
-506
-883
-668
-40
-339
-611
-809
-53
217
-621
-436
-483
-15
-71
-410
-712
-17
233
-517
-168
-388
166
65
-467
-80
109
204
-158
-122
-99
405
190
-424
207
18
478
104
-161
310
76
575
0
76
451
435
383
82
505
139
350
477
479
505
-28
810
487
559
368
-20
931
442
385
-107
541
812
458
361
92
987
551
274
64
322
907
387
77
211
889
719
106
275
479
636
578
-75
111
782
429
262
-32
202
512
239
-304
-17
438
176
-18
61
195
157
-51
-309
173
194
-253
-239
-20
235
-122
-434
-177
84
-120
-391
-306
-198
48
-99
-431
-246
-49
-245
-517
-194
-325
-549
-153
-292
-633
-295
-209
-520
-359
-294
-730
-256
-194
-635
-639
-421
-166
-677
-518
-417
-387
-344
-266
-594
-637
-76
-299
-620
-416
-295
-490
-273
-258
-595
-365
-87
-228
-583
-471
-246
-218
-259
-454
-282
-82
125
-212
-529
34
227
-344
-393
89
346
-27
-47
-49
301
591
71
-393
285
611
14
-242
295
619
78
387
54
117
606
143
-4
495
284
205
346
725
371
172
441
415
561
57
453
497
315
590
404
215
725
497
208
372
570
548
344
600
114
639
690
23
272
503
537
196
39
263
524
381
238
188
188
301
183
41
-48
211
84
247
171
-77
24
159
104
-275
-138
38
105
87
-129
-192
205
97
-235
-392
-187
237
-137
-429
-181
93
18
-23
-488
-520
121
-224
-498
-428
-292
-66
-166
-428
-671
-246
-111
-348
-669
-407
-239
-261
-442
-535
-502
-220
-265
-738
-401
-582
-259
-270
-538
-561
-288
-242
-441
-452
-553
-287
-246
-417
-448
-196
-392
-205
-236
-419
-293
-243
95
-145
-302
-253
159
107
-252
-320
171
278
-57
-94
-69
357
281
-74
-141
350
229
-31
139
17
401
264
-113
107
90
490
0
-3
119
382
458
-30
121
330
532
296
88
286
475
368
250
305
305
333
402
276
398
383
312
478
405
430
186
300
752
397
241
149
597
418
369
86
204
590
374
322
116
281
631
196
136
96
336
599
5
69
-95
354
264
-87
8
-44
653
293
-325
-331
-120
607
7
-371
-420
318
419
-545
-578
-258
381
113
-652
-486
-58
-14
-315
-739
-389
-66
7
-607
-619
-220
-183
-212
-551
-585
-195
-231
-312
-456
-417
-251
-381
-209
-642
-300
-254
-217
-158
-403
-463
-521
-215
-283
-579
-510
-140
-176
-266
-368
-287
-145
-209
-399
-243
-234
44
-104
-160
-37
-168
-52
-58
37
-252
-95
103
104
-21
-105
7
286
0
-80
-2
19
184
-86
150
-21
272
204
26
194
192
109
197
216
216
372
90
227
343
328
174
323
272
376
481
141
258
448
212
229
439
257
198
334
361
198
186
105
420
398
198
182
224
484
296
176
127
319
360
199
153
136
306
364
197
114
114
143
222
104
30
146
212
91
-64
-34
124
123
-53
-43
-42
-51
48
24
-195
-114
-57
-181
-154
-107
-212
-139
-6
-203
-154
-123
-242
-264
-198
-191
-340
-288
-209
-105
-240
-304
-213
-188
-126
-214
-322
-214
-136
-319
-352
-228
-376
-356
-214
-118
-370
-409
-280
-204
-110
-371
-390
-229
156
-278
-567
-274
-217
-110
-141
-239
-305
30
0
-257
-174
-151
-182
-1
-63
-243
-153
-30
9
-70
-62
-199
-185
128
135
-79
-124
106
146
51
-81
99
169
237
160
12
140
254
240
209
361
251
234
292
257
210
215
335
293
227
201
272
283
349
232
133
294
245
183
223
284
244
218
256
285
261
287
252
236
255
394
265
103
269
164
102
220
-51
104
250
204
182
34
191
204
75
25
-30
36
44
90
37
2
62
-131
-80
26
-25
-65
80
-145
36
175
-63
-1
-109
-104
-119
-167
-283
-97
-45
-122
-170
-237
-95
-147
-188
-182
-173
-173
-208
-188
-102
-224
-315
-190
-204
-277
-280
-248
-206
-140
-253
-253
-233
-74
-181
-303
-276
-184
-178
-356
-268
-263
-190
-183
-201
-231
-122
-140
-201
-279
-210
-102
-121
-120
-152
-98
-58
52
-63
-124
-103
-88
-60
-55
-136
-79
34
169
93
-99
3
47
14
33
-38
-31
146
63
7
63
103
96
125
87
42
181
177
213
235
252
228
295
279
223
272
223
165
201
199
225
308
244
203
186
162
181
132
149
167
149
207
200
221
193
192
169
215
214
179
153
163
160
141
22
92
207
105
137
154
44
114
75
-5
73
95
49
36
38
-62
-48
62
-26
-110
94
64
-86
-68
14
-61
-27
3
-103
-71
-44
-36
-77
-104
-78
-40
-93
-125
-158
-124
-150
-205
-192
-174
-136
-194
-198
-152
-178
-257
-241
-235
-244
-209
-188
-236
-232
-207
-207
-232
-222
-194
-154
-155
-214
-133
-122
-186
-167
-216
-188
-47
-104
-147
-133
-92
-38
-81
-80
-92
-50
-31
-56
-97
-32
-64
-71
-55
-28
-44
-85
-7
22
25
39
46
53
63
62
0
52
6
27
61
92
111
117
172
109
119
206
208
115
140
131
107
25
77
161
155
69
128
98
51
138
130
141
212
220
203
244
212
147
90
160
122
185
223
211
265
253
193
201
227
217
145
189
216
196
230
198
181
152
106
37
102
186
156
73
67
73
93
75
28
33
59
74
-45
-70
-25
-32
-63
-104
-42
8
-72
-100
-113
-201
-193
-161
-145
-189
-244
-199
-237
-250
-277
-220
-253
-257
-205
-235
-225
-236
-189
-240
-249
-212
-218
-219
-232
-180
-172
-239
-233
-147
-148
-154
-162
-161
-96
-55
-120
-104
-67
-75
-82
-84
-66
-102
-75
-110
-104
-87
-85
-88
-44
14
-8
-21
-21
15
0
14
32
-5
-48
-12
-3
15
1
-9
-16
22
40
-29
18
25
69
2
64
69
45
47
47
54
79
85
16
69
108
108
98
111
134
186
109
84
100
137
121
159
215
229
250
171
216
293
290
238
282
271
222
237
235
223
239
201
189
196
234
219
187
209
171
219
129
101
154
103
111
117
72
50
117
102
68
71
96
84
52
39
-48
-48
-49
-115
-135
-150
-95
-60
-90
-146
-148
-16
-85
-152
-144
-115
-108
-183
-209
-202
-124
-118
-195
-239
-147
-154
-203
-192
-173
-151
-122
-136
-146
-108
-131
-188
-249
-203
-200
-226
-262
-209
-128
-171
-152
-163
-118
-135
-201
-184
-113
-121
-139
-142
-205
-191
-173
-158
-177
-126
-96
-179
-157
-100
-152
-153
-132
-123
-125
-89
-133
-93
-54
-73
-42
-18
31
-15
-6
-22
-34
12
106
108
61
102
146
137
108
136
189
187
203
213
173
245
246
195
181
191
227
195
226
203
218
274
265
223
263
290
290
261
215
242
246
259
270
200
170
217
256
230
179
193
221
220
119
90
117
190
149
91
92
149
108
111
84
62
74
54
77
40
25
56
50
-36
-7
9
30
55
20
1
7
-35
-54
-95
-103
-101
-121
-110
-167
-164
-182
-177
-147
-150
-103
-106
-139
-189
-190
-212
-169
-186
-184
-189
-202
-214
-272
-273
-266
-226
-250
-265
-261
-183
-201
-203
-210
-170
-192
-234
-199
-195
-221
-223
-203
-241
-211
-210
-229
-227
-213
-178
-191
-208
-199
-169
-159
-149
-143
-95
-80
-82
-75
-64
-79
-61
-38
-11
17
23
0
-9
9
-2
15
31
102
88
35
77
124
102
80
51
78
100
121
122
128
174
208
197
241
234
254
311
263
278
327
322
321
309
290
307
311
302
290
274
307
312
314
298
296
289
293
269
234
208
165
170
178
194
159
179
172
158
137
134
142
157
110
68
81
37
14
11
39
36
1
35
12
-23
-7
-2
-14
-59
-89
-105
-122
-134
-137
-145
-114
-150
-176
-188
-225
-200
-203
-224
-140
-137
-195
-152
-184
-193
-189
-224
-240
-225
-237
-248
-270
-257
-223
-232
-267
-262
-228
-232
-275
-239
-228
-217
-218
-220
-224
-237
-229
-252
-239
-198
-211
-203
-177
-130
-87
-148
-155
-98
-85
-144
-135
-58
8
-50
-68
-62
-41
-23
-30
-39
16
22
23
68
52
123
132
114
60
29
50
80
89
116
85
94
116
110
167
185
176
177
183
163
166
167
200
201
188
182
225
233
224
261
278
291
252
242
294
310
237
217
230
202
184
211
229
244
237
246
251
241
277
231
190
158
143
149
133
104
88
95
79
77
42
41
59
43
22
12
-15
-39
-41
-71
-75
-113
-100
-89
-128
-128
-147
-109
-139
-154
-128
-116
-123
-127
-132
-188
-215
-222
-202
-220
-220
-228
-191
-194
-226
-217
-202
-197
-235
-234
-180
-134
-134
-189
-194
-188
-219
-198
-183
-161
-171
-182
-196
-178
-133
-104
-133
-143
-99
-103
-107
-84
-50
-71
-78
-67
-78
-35
-44
-76
-46
-48
-53
1
1
1
28
1
13
38
65
85
53
82
74
38
45
57
75
81
51
65
101
66
66
70
95
110
114
125
116
117
105
98
97
121
119
114
97
120
150
148
165
155
154
137
166
185
167
168
182
139
126
141
109
110
111
107
98
131
140
115
125
125
116
92
98
109
75
69
69
92
97
71
74
70
58
37
20
31
25
17
-6
-29
-30
-39
-43
-42
-50
-70
-73
-60
-59
-78
-72
-78
-92
-79
-98
-103
-120
-116
-90
-76
-93
-99
-86
-92
-102
-135
-119
-111
-136
-139
-153
-146
-140
-143
-171
-164
-157
-146
-152
-154
-139
-105
-105
-103
-106
-109
-94
-110
-109
-132
-130
-95
-56
-96
-77
-29
-31
-34
-44
-53
-54
-41
-27
-27
-23
-21
-21
-19
-21
28
27
9
14
18
16
22
12
23
59
60
62
80
111
104
88
96
127
115
112
104
95
90
74
77
95
114
87
100
116
121
117
119
95
78
88
82
82
59
73
57
44
47
66
80
80
74
63
76
75
55
76
64
62
68
34
43
47
27
18
20
9
-6
8
4
-21
-7
-6
-25
-26
-27
-20
-16
-47
-41
-22
-17
-15
10
-5
-28
-30
-30
-35
-34
-45
-41
-36
-47
-26
1
-3
2
-8
-36
-6
-12
-28
-37
-31
-48
-52
-42
-61
-53
-32
-28
-56
-36
-23
-26
-24
-63
-48
-23
-23
-9
-16
-32
-32
-38
-6
-12
-24
-35
-37
-17
-28
-22
-35
-32
-28
-49
-33
-9
-16
-37
-60
-51
-65
-62
-32
-36
-26
-37
-58
-62
-51
-43
-30
-29
-25
-17
-22
-8
-18
-16
-4
-10
-14
7
7
-18
-10
-2
7
5
12
31
22
20
32
20
37
40
32
34
53
63
67
67
67
47
51
66
67
61
56
50
38
36
19
38
59
49
51
44
42
48
42
50
46
24
10
11
20
26
37
16
14
25
27
30
39
53
49
45
49
57
52
27
5
33
42
18
6
11
21
12
8
25
24
26
23
13
10
6
-2
-8
-3
10
-6
-19
-37
-37
-28
-30
-30
-31
-34
-45
-46
-46
-27
-24
-54
-61
-59
-56
-44
-46
-51
-43
-58
-69
-59
-51
-44
-57
-74
-62
-62
-54
-52
-59
-69
-77
-68
-75
-64
-43
-36
-52
-47
-18
-15
-36
-38
-34
-29
-36
-51
-49
-39
-15
-16
-20
-23
-13
-6
-27
-20
-11
-5
-8
11
-1
-11
3
6
16
31
43
41
29
22
28
27
43
50
60
73
83
73
65
58
77
78
66
81
79
68
61
62
45
44
45
46
54
61
58
62
56
62
61
44
42
33
46
56
54
45
53
48
38
28
35
27
17
9
8
29
25
12
19
13
-1
-12
-12
-7
-14
-13
-11
-2
-2
2
1
-15
-16
-23
-23
-23
-30
-30
-17
-38
-23
-7
-16
-19
-20
-23
-31
-33
-33
-46
-55
-53
-61
-66
-83
-81
-84
-68
-57
-60
-49
-40
-45
-48
-51
-47
-50
-48
-33
-28
-20
-8
-29
-24
-31
-26
-17
-11
-7
-24
-2
-5
-15
-7
-4
-4
-5
-15
-7
-16
-15
-7
-13
-23
-23
-16
-16
-6
-1
-2
-2
-5
-2
8
8
12
15
6
13
-1
-1
13
11
0
1
11
15
4
19
30
35
42
33
27
17
20
23
15
6
19
30
28
31
41
51
53
58
57
50
39
38
32
30
38
29
42
44
47
52
39
49
50
56
51
48
41
30
29
26
18
22
24
10
5
14
12
17
8
3
2
4
-4
-19
-1
-5
-9
-7
-8
-1
-6
-23
-38
-40
-42
-35
-42
-43
-32
-20
-17
-24
-26
-12
-16
-41
-44
-39
-25
-26
-41
-32
-29
-43
-38
-46
-35
-19
-24
-25
-23
-19
-20
-38
-41
-37
-39
-43
-42
-45
-51
-29
-30
-30
-18
-25
-27
-21
-23
-22
-25
-25
-27
-14
-8
-8
-5
-3
6
12
13
11
14
15
12
9
16
32
26
17
16
10
24
25
28
37
38
32
23
24
29
32
31
28
34
27
30
36
17
10
11
18
11
19
24
22
26
27
25
25
25
18
7
9
8
14
12
14
14
12
16
7
12
19
21
14
5
2
-1
-4
4
20
8
7
-1
-13
-3
4
11
10
14
15
13
28
22
12
12
3
11
10
12
13
6
13
7
5
17
16
9
9
-4
-12
-9
-8
-11
-10
5
-7
-12
-9
-16
-33
-34
-29
-27
-22
-28
-25
-28
-33
-31
-25
-25
-27
-30
-26
-27
-36
-46
-37
-43
-37
-33
-40
-38
-39
-46
-47
-36
-39
-32
-31
-37
-37
-36
-29
-35
-44
-33
-22
-33
-23
-7
-13
-11
-11
0
0
6
12
15
20
19
20
14
12
3
9
15
8
10
14
19
27
39
38
35
36
37
35
27
26
34
37
38
41
38
47
50
46
41
52
56
48
45
40
39
23
18
17
19
14
15
21
20
19
17
18
17
10
16
18
20
12
-4
-4
-1
7
8
4
6
-1
-5
-4
-6
2
0
11
2
-7
-5
-11
-11
-18
-15
-19
-22
-24
-18
-12
-24
-21
-26
-31
-33
-23
-10
-11
-10
-10
-8
-11
-10
-15
-14
-17
-27
-21
-25
-33
-33
-22
-24
-14
-2
7
-3
-6
-6
-13
-14
-19
-18
-22
-23
-18
-10
-7
-1
-6
-8
-2
-4
10
0
1
-8
-11
1
-1
-10
-9
-2
-12
-17
-15
-12
-13
-11
-6
-3
-6
-8
-5
-6
-7
-4
-15
-12
-12
-17
-14
-8
-8
-8
-1
-6
-7
1
0
4
15
24
21
20
15
21
22
19
7
11
16
15
21
21
23
20
21
25
29
27
37
36
31
35
27
21
19
25
18
22
18
16
16
14
20
23
24
24
22
10
8
9
5
4
5
15
17
10
5
7
2
4
6
5
0
-8
-3
-4
-7
-3
-1
-2
-6
-6
-5
-6
-12
-18
-13
-10
-8
-5
-14
-20
-22
-23
-18
-12
-19
-10
-10
-18
-12
-13
-14
-18
-18
-16
-11
-13
-22
-21
-19
-19
-14
-14
-15
-17
-22
-16
-13
-14
-16
-19
-20
-15
-12
-11
-9
-11
-14
-12
-12
-16
-9
-5
-4
-2
-4
-5
-2
3
5
13
9
-1
0
-5
-9
-10
-8
-6
-11
-9
-15
-17
-8
-5
-1
3
7
2
-5
-1
-6
-9
6
12
17
17
13
10
10
18
17
21
20
20
19
19
14
14
15
26
27
15
15
13
12
16
22
30
28
27
30
31
35
28
33
39
29
22
21
13
12
