1
2
1
1
-1
2
3
-1
-1
0
-3
-5
-3
-4
-5
-3
-2
-5
-2
-2
-1
-1
0
1
0
0
3
1
-1
-1
0
0
-1
-1
-1
0
1
1
1
2
1
0
1
4
5
4
4
4
0
-3
-4
-5
-4
-5
-2
-2
-3
1
-2
2
3
3
0
0
-2
1
-2
-4
0
-4
-2
2
-1
-1
-1
-2
-2
2
0
-4
-2
-2
-1
-3
-2
-2
0
2
-2
-2
-2
-1
-2
1
2
0
-2
-2
-2
1
0
-1
1
1
-1
2
4
2
0
-4
-7
-3
0
2
5
5
6
4
3
5
3
2
2
2
1
4
5
1
4
1
0
3
3
5
4
1
-1
2
3
2
-1
-2
2
-4
-1
-3
-3
-4
-3
-3
-3
-4
-2
-3
-5
-3
-3
-1
-2
-2
-3
1
0
-2
0
-1
0
2
2
0
0
-2
-2
-3
0
-3
-1
2
1
3
3
3
3
-2
-3
-3
-3
-2
-3
1
-2
-4
0
-1
-1
1
-1
-4
2
-1
-2
1
1
5
0
-1
-3
-1
2
1
1
1
0
0
3
4
-1
0
-4
-2
3
1
0
-2
-5
-4
-3
3
2
0
2
-1
2
2
1
0
0
-2
-4
-3
-3
0
-1
0
-1
1
2
0
2
5
3
3
1
-1
1
1
2
0
1
0
-1
5
6
5
5
3
5
4
3
2
0
1
1
0
-1
3
-1
-2
4
3
1
2
1
-2
-3
-5
-3
-4
-3
-5
-3
-2
-3
-3
1
4
5
1
-2
-1
-4
-2
0
3
3
0
2
0
3
3
3
4
3
2
1
0
-1
-2
2
0
0
3
2
4
3
4
3
-1
-2
-1
-1
0
1
-4
-5
0
1
2
2
3
1
-2
2
2
3
-2
-5
-5
-3
-1
-3
-2
-4
-5
-2
-8
-5
-2
-3
-2
2
1
-2
-3
-4
-4
-3
-4
-3
-3
-5
-5
-3
-5
-2
2
-3
-2
-4
-6
-5
-7
-6
-5
-7
-7
-5
-5
-5
-2
-2
0
0
1
3
3
-1
-1
-2
-1
1
1
-1
-3
-2
3
5
3
7
8
4
6
7
4
6
10
8
8
10
3
2
1
3
5
5
4
6
5
7
8
6
7
8
8
10
10
8
8
8
5
6
3
4
2
0
0
1
3
1
2
-1
0
-1
-3
-4
-2
-2
-1
-2
-6
-3
-4
-4
-3
-4
-5
-1
-6
-10
-9
-10
-10
-9
-14
-10
-9
-10
-7
-7
-5
-10
-6
-2
-2
-1
2
-2
-1
1
0
1
0
2
-1
-4
-2
-2
1
3
-1
0
-2
1
1
4
3
6
2
2
0
1
2
5
6
4
5
2
3
5
6
6
9
7
8
6
7
6
4
4
1
3
3
-3
-4
-1
-4
-4
1
-1
0
-5
-6
-5
-5
-5
-1
-3
-2
-2
-5
-4
-2
0
-2
-2
-2
-3
1
1
1
7
10
3
0
10
5
1
0
1
2
-4
-5
-2
-1
-1
-3
-6
-4
-4
-6
-2
2
4
1
0
-3
-9
-5
-7
-7
-3
-5
-9
-9
-4
-4
-1
-3
-3
0
3
0
-3
-5
-4
-1
0
4
7
4
4
3
5
7
4
6
6
9
8
9
6
5
7
8
6
5
6
3
3
-2
4
2
1
0
-3
-1
-1
-1
-2
0
-2
-3
-3
-3
-1
-1
-1
-2
1
0
4
-1
-1
-1
-4
-1
-3
-4
-8
-7
-4
-1
-3
-1
-2
-3
1
-1
-5
-1
1
-1
-1
1
5
2
0
-1
1
3
3
4
7
2
0
0
-1
0
-1
2
3
3
7
-1
-1
0
1
3
1
4
7
8
7
5
4
4
4
2
-5
0
2
0
2
3
3
5
1
1
3
2
2
1
1
2
0
1
-1
1
-2
-1
-7
3
-8
23
122
103
91
31
-22
-38
-60
-120
-108
-52
-79
-63
-107
-113
-43
-24
-40
-33
-57
-53
1
-9
34
67
62
89
76
59
41
21
0
27
22
16
31
34
42
31
2
-15
0
6
1
-25
-52
-54
-57
-58
-29
-1
36
40
31
29
32
64
95
84
69
52
-2
8
40
24
66
45
32
19
-34
-82
-78
-76
-68
-47
-78
-75
-54
-59
-56
-52
-70
-26
-11
21
56
80
74
91
89
61
66
28
8
-3
-20
-35
-18
-8
10
17
-4
-42
-65
-82
-82
-65
-56
-58
-54
-66
-68
-52
-42
-9
34
48
65
85
72
66
56
28
8
4
-5
20
33
57
76
65
40
31
10
-9
-29
-68
-85
-97
-98
-86
-57
-14
18
25
16
-2
-7
1
26
32
57
61
64
54
57
70
66
66
46
17
-9
-32
-45
-30
-8
3
13
14
3
-4
-27
-43
-58
-56
-55
-42
-36
-20
9
2
20
19
27
38
39
27
10
-5
-22
7
5
13
14
-2
-6
-11
-12
-5
7
4
1
-20
-42
-39
-34
-32
-36
-49
-58
-47
-27
-11
15
18
26
32
22
20
13
2
-8
-11
-32
-37
-33
-39
-22
-13
-10
-1
6
-1
1
-9
-26
-21
-14
-8
13
18
19
17
10
1
10
20
12
23
14
6
17
15
19
46
47
45
54
32
20
43
47
46
63
52
45
60
43
36
55
63
57
78
71
56
68
63
74
96
97
83
80
52
31
34
13
-4
-6
-37
-68
-80
-104
-114
-115
-139
-158
-168
-195
-214
-200
-200
-189
-170
-179
-172
-160
-165
-160
-137
-130
-110
-91
-86
-62
-32
-17
6
34
42
58
70
50
55
60
43
49
50
41
43
45
33
41
55
45
50
48
27
18
16
12
23
47
61
73
85
76
79
90
89
91
102
100
103
121
114
116
133
133
157
168
144
143
202
285
364
388
339
313
335
351
366
381
355
302
211
104
60
104
102
28
-96
-287
-449
-517
-501
-424
-352
-427
-577
-672
-699
-650
-561
-520
-513
-547
-633
-631
-494
-285
-65
68
54
1
-51
-71
-8
90
120
83
70
65
154
279
376
410
398
294
141
53
7
3
14
-15
-57
-68
-72
-47
9
-1
-64
-163
-268
-292
-254
-226
-209
-210
-227
-214
-174
-98
-12
15
-20
-36
-54
-31
44
129
181
206
173
154
224
306
395
426
365
298
226
179
211
256
266
253
209
173
187
208
225
233
203
106
67
63
92
168
224
228
260
330
488
754
900
881
736
575
506
570
536
684
786
673
565
335
225
280
210
-202
-522
-994
-1341
-1276
-1178
-957
-748
-959
-1244
-1331
-1450
-1343
-1235
-1271
-1251
-1317
-1372
-1108
-655
-199
157
162
-66
-256
-380
-334
-122
99
137
123
136
282
517
730
737
534
222
-111
-307
-258
43
303
476
445
257
82
62
83
71
28
-240
-455
-540
-498
-337
-194
-200
-298
-463
-576
-525
-394
-261
-196
-264
-373
-313
-154
129
442
555
507
474
431
496
680
794
847
846
757
703
748
815
872
867
723
547
426
414
495
543
490
343
188
87
93
172
252
305
277
239
238
316
430
643
1041
1438
1610
1535
1251
1074
1128
1083
928
914
943
935
869
547
289
209
-318
-1069
-1694
-2276
-2515
-2433
-2256
-1884
-1644
-1867
-2050
-2031
-2048
-2114
-2175
-2270
-2082
-1766
-1521
-975
-286
180
449
435
229
212
251
271
380
408
249
261
493
749
1027
1028
730
395
41
-357
-469
-391
-305
-231
-269
-377
-340
-305
-296
-291
-507
-849
-1162
-1316
-1172
-833
-632
-483
-393
-469
-443
-341
-224
-40
-34
-145
-188
-114
109
462
772
981
1105
1037
1008
1130
1239
1291
1271
1129
1074
1101
1152
1307
1366
1269
1094
864
643
540
463
344
201
70
2
58
180
282
288
264
228
214
264
383
475
561
628
884
1562
2197
2501
2400
1956
1677
1527
1200
1087
1429
1691
1649
1366
794
430
106
-724
-1675
-2498
-3164
-3525
-3434
-3060
-2766
-2556
-2909
-3152
-3060
-3125
-3306
-3297
-3300
-3096
-2557
-2253
-1353
-169
384
740
841
459
494
563
507
855
862
623
719
876
1138
1516
1455
1188
812
49
-565
-745
-702
-545
-477
-509
-514
-463
-509
-622
-698
-917
-1318
-1674
-1825
-1716
-1378
-934
-570
-144
160
189
311
409
345
340
268
231
523
795
1014
1515
1856
1965
2047
1888
1722
1673
1468
1316
1350
1345
1272
1251
1165
1077
995
686
389
161
-169
-454
-551
-530
-400
-185
-31
85
159
90
6
99
191
223
331
416
543
945
1660
2774
3886
4407
4135
3364
2618
2198
1883
1750
2243
2766
2762
2333
1505
845
463
-641
-1981
-3123
-4258
-4900
-4904
-4520
-3804
-3324
-3524
-3811
-4059
-4402
-4699
-4718
-4506
-4048
-3694
-3326
-2406
-1137
23
647
708
498
181
-155
-350
-263
69
309
603
1082
1463
1691
1789
1599
1093
363
-372
-913
-932
-738
-504
-268
27
320
225
64
-112
-570
-1094
-1680
-2250
-2187
-1700
-1256
-666
1
369
555
487
301
271
147
0
80
288
649
1180
1660
2246
2798
2893
2700
2460
2160
1955
1865
1795
1864
2006
1959
1823
1767
1748
1528
1227
890
409
-102
-385
-480
-322
-56
150
304
436
461
421
436
350
259
174
199
333
837
1497
2469
3667
4277
4181
3528
2610
1977
1620
1135
1226
1914
2280
2136
1607
775
306
-269
-1713
-3078
-4154
-4975
-5165
-4960
-4493
-3816
-3555
-3766
-3914
-4036
-4340
-4719
-4923
-4821
-4522
-4106
-3413
-2243
-929
11
320
267
163
-4
-188
-440
-522
-335
-68
438
1207
1947
2340
2378
2098
1577
1027
523
224
91
81
175
294
708
1231
1349
1189
836
1
-887
-1563
-2109
-2191
-1786
-1445
-1018
-393
-17
215
386
212
-24
-297
-741
-791
-446
-21
724
1525
2093
2599
2799
2684
2560
2418
2232
2188
2122
2051
2189
2409
2562
2735
2783
2548
2136
1531
833
290
6
-133
-46
206
387
648
919
884
796
652
259
-47
-140
-204
-41
383
769
1557
2739
3379
3499
3180
2256
1541
1122
557
601
1228
1549
1509
1164
384
-85
-385
-1300
-2698
-3693
-4625
-4976
-4623
-4437
-3828
-3532
-3577
-3914
-4076
-4277
-4560
-4557
-4739
-4681
-4412
-3897
-2757
-1400
-307
120
-70
-232
-316
-331
-485
-685
-659
-474
-115
553
1406
2157
2576
2503
1956
1222
685
393
472
797
880
853
762
1010
1270
1367
1272
759
274
-349
-1011
-1464
-1425
-1059
-757
-572
-536
-464
-308
-153
-74
-101
-317
-524
-482
-181
489
1161
1690
2179
2449
2597
2672
2767
2876
2949
2774
2506
2421
2524
2766
2927
3008
2876
2517
1987
1501
1069
700
474
288
152
96
157
267
393
547
409
22
-255
-444
-561
-440
-207
-49
284
942
1822
2634
3098
2846
2131
1516
890
337
399
836
1165
1305
805
35
-238
-588
-1337
-2310
-3434
-4427
-4965
-5127
-4853
-4101
-3469
-3403
-3621
-3819
-4031
-4135
-4197
-4179
-4112
-4031
-3832
-3207
-2099
-927
-140
140
74
-81
-216
-390
-455
-250
-130
-13
393
817
1442
2070
2327
2217
1786
1070
485
331
360
579
628
591
757
991
1078
1190
1183
750
57
-804
-1437
-1501
-1107
-786
-546
-387
-302
-99
174
383
433
343
81
-87
24
426
1057
1742
2332
2757
2965
2958
3015
3157
3238
3074
2755
2500
2456
2630
2835
2887
2784
2492
2026
1489
1037
691
472
263
45
-105
-134
-57
81
190
224
110
-218
-414
-556
-628
-506
-452
-423
21
901
1941
2734
2956
2466
1832
1342
686
316
627
1052
1282
1065
222
-317
-405
-691
-1444
-2385
-3377
-4183
-4686
-4922
-4635
-3964
-3591
-3687
-4000
-4212
-4296
-4347
-4213
-4175
-4144
-4244
-4269
-3566
-2383
-1365
-653
-453
-461
-478
-584
-679
-588
-293
-151
-115
-22
428
1309
2131
2539
2459
2007
1517
1268
1229
1193
1106
909
702
714
954
1243
1653
1944
1745
1088
194
-466
-569
-447
-377
-277
-123
68
376
786
1157
1412
1426
1114
726
473
492
743
1275
1952
2435
2697
2787
2906
3109
3112
2773
2299
1881
1623
1371
1211
1334
1616
1803
1686
1376
1030
696
329
-115
-512
-732
-830
-795
-399
2
230
362
251
105
3
-242
-381
-303
-176
383
1269
2072
2828
3026
2574
2177
1571
877
652
694
792
715
103
-649
-898
-1016
-1455
-2067
-2776
-3491
-4222
-4946
-5282
-5045
-4543
-4256
-4325
-4425
-4419
-4366
-4170
-3971
-3860
-3743
-3748
-3576
-2916
-1980
-1059
-386
45
282
367
339
377
528
670
678
625
756
1230
1864
2393
2713
2758
2733
2491
1989
1664
1331
918
782
612
564
1000
1321
1360
1372
1008
334
-84
-535
-846
-777
-906
-866
-511
-97
397
865
1050
1091
953
654
369
201
375
735
1163
1629
1977
2478
2964
3197
3248
3052
2620
2130
1719
1450
1365
1388
1438
1580
1712
1638
1482
1164
774
314
-269
-700
-866
-781
-499
-359
-122
89
201
207
-5
-212
-355
-404
-359
298
800
1557
2078
2583
2998
2992
2642
1616
976
242
-14
54
80
390
375
102
-840
-2229
-3314
-4411
-5003
-5537
-6037
-5975
-5811
-5520
-5337
-4987
-4612
-4334
-4248
-4541
-4688
-4477
-3917
-2930
-1737
-503
430
1092
1539
2025
2727
3042
2890
2344
1736
1418
1596
2248
2833
3133
2978
2599
2413
2316
2041
1197
-284
-1642
-2575
-2777
-2182
-1241
-518
-385
-625
-959
-756
-242
-206
-531
-1141
-1427
-880
260
1738
2946
3601
3648
3376
3372
3551
3655
3275
2427
1689
1488
1889
2597
3234
3383
2928
2202
1439
885
450
-145
-900
-1561
-1821
-1528
-835
-59
391
395
111
-188
-167
-65
-56
-102
-127
32
469
1027
1567
1890
1941
1758
1368
1301
1961
3077
3922
3904
3113
1960
1260
896
624
604
459
-101
-1051
-2104
-2980
-3184
-3397
-4293
-5638
-6904
-7438
-7303
-6803
-6136
-5516
-5120
-5081
-4910
-4177
-2831
-1640
-1292
-1370
-1413
-568
924
2351
3667
4204
4257
4127
4102
4542
4764
4332
3054
1456
390
-86
-122
-98
-440
-1073
-1976
-2622
-2587
-2167
-1953
-2374
-3339
-4128
-4272
-3601
-2385
-971
310
1079
1656
2235
2974
3830
4154
3953
3545
3140
3097
3345
3766
4105
4237
4026
3440
2693
2020
1262
396
-663
-1758
-2487
-2705
-2331
-1774
-1129
-840
-669
-374
-110
221
392
350
316
415
914
1703
2579
3408
3898
4038
3801
3541
3311
2865
2154
1313
381
-258
-493
-437
-440
-610
-1081
-1635
-1285
-92
1116
1634
1018
-27
-583
-653
-589
-483
-76
167
-47
-702
-1471
-1522
-1272
-1927
-3485
-5237
-6177
-6175
-5834
-5411
-4972
-4377
-4029
-3860
-3233
-2420
-1470
-1040
-1238
-1298
-964
-141
904
2013
2901
3149
3166
3323
3638
4053
3709
2548
1169
-155
-1072
-1665
-1970
-2022
-2239
-2528
-2901
-2784
-2104
-1614
-1497
-1856
-2378
-2549
-2211
-1435
-467
491
1256
1972
2953
3893
4699
5146
4914
4353
3540
2829
2510
2506
2537
2160
1629
1149
956
952
666
34
-859
-1807
-2480
-2782
-2631
-2130
-1554
-974
-509
324
1389
2347
3102
3301
3175
3019
2902
2961
3172
3371
3428
3340
3151
2912
2771
2521
1971
1194
179
-790
-1431
-1842
-2125
-2213
-2171
-1398
-32
1137
1873
1946
1646
1290
889
456
326
698
622
-139
-1148
-1830
-1828
-1877
-2512
-3703
-4921
-5754
-6320
-6457
-6194
-5935
-5650
-5587
-5302
-4390
-3222
-2105
-1296
-889
-655
-275
649
1821
2757
3302
3248
3226
3461
3647
3661
3437
2767
1609
283
-726
-1253
-1624
-2392
-3555
-4459
-4868
-4609
-4078
-3570
-3057
-2702
-2519
-2178
-1488
-540
421
1206
1780
2401
3180
3995
4825
5289
5370
5136
4824
4448
3955
3461
2862
2110
1305
342
-458
-831
-1081
-1362
-1879
-2418
-2754
-2808
-2569
-2219
-1815
-1327
-810
-93
759
1637
2564
3323
3875
4241
4386
4554
4746
4759
4565
4220
3829
3442
3104
2662
2017
1352
617
-60
-516
-890
-1230
-1639
-1675
-783
340
1205
1692
1656
1450
1246
942
751
1003
1243
613
-400
-1395
-2029
-2124
-2528
-3510
-4724
-5682
-6322
-6614
-6435
-6126
-5783
-5404
-5377
-5091
-4244
-3251
-2223
-1584
-1283
-662
319
1406
2353
3075
3498
3502
3491
3449
3411
3296
2698
1631
368
-728
-1596
-2141
-2693
-3387
-4065
-4637
-4848
-4576
-4322
-4125
-3779
-3461
-3072
-2427
-1519
-457
800
1931
2750
3481
4263
4855
5288
5633
5681
5534
5132
4517
3784
3238
2571
1834
835
-236
-1021
-1625
-2121
-2595
-3107
-3713
-3861
-3862
-3476
-2900
-2324
-1702
-995
-267
603
1584
2602
3593
4208
4540
4774
5063
5164
5304
5125
4766
4362
3991
3525
3076
2658
2065
1303
532
-220
-850
-1180
-1135
-207
835
1375
1796
1887
1817
1950
1730
1461
1653
1636
899
121
-635
-1389
-1675
-2289
-3419
-4366
-5064
-5711
-6010
-6008
-5978
-5843
-5671
-5610
-5250
-4476
-3779
-3029
-2378
-1804
-1036
-245
625
1560
2410
2920
3221
3473
3416
3215
2921
2312
1565
715
-417
-1445
-2049
-2792
-3588
-4191
-4702
-4890
-4850
-4859
-4713
-4342
-3947
-3482
-2879
-2148
-1206
-112
750
1618
2374
3068
3801
4402
4728
4894
4997
4797
4435
4009
3495
2917
2369
1474
371
-569
-1314
-1888
-2379
-2849
-3203
-3270
-3151
-2832
-2364
-1788
-1144
-590
-4
702
1516
2404
3217
3911
4375
4779
5077
5289
5348
5209
4851
4274
3763
3373
2833
2208
1621
978
392
-73
-418
-535
162
1104
1560
1956
2133
2025
2240
2199
1807
1971
2283
1817
1041
405
-488
-1078
-1617
-2793
-3901
-4682
-5442
-5905
-5887
-5786
-5634
-5462
-5380
-5177
-4549
-3819
-3206
-2525
-2057
-1544
-760
82
1083
2126
2608
2949
3228
3324
3266
3087
2700
1949
1151
77
-1021
-1781
-2465
-3267
-4026
-4758
-5359
-5612
-5543
-5377
-5072
-4563
-4152
-3572
-2856
-2131
-1158
-218
538
1272
2032
2830
3714
4426
4577
4554
4538
4269
3850
3383
2794
2231
1627
794
6
-548
-1025
-1536
-1942
-2450
-2885
-2928
-2815
-2565
-2125
-1593
-951
-109
848
1825
2739
3570
4198
4575
4901
5077
5268
5297
5185
4935
4578
4236
3813
3402
2817
2124
1394
619
-130
-652
-959
-736
125
807
1244
1619
1717
1875
2137
2065
2054
2381
2201
1478
883
197
-405
-793
-1732
-3015
-3956
-4830
-5545
-5827
-5776
-5731
-5628
-5359
-5215
-4683
-3904
-3278
-2663
-2232
-1924
-1458
-815
48
969
1744
2286
2700
3142
3357
3457
3414
2845
2062
1120
34
-824
-1587
-2405
-3358
-4195
-4837
-5312
-5268
-5124
-5036
-4871
-4674
-4306
-3644
-2745
-1833
-880
-10
609
1217
1952
2741
3440
3817
3982
4007
3936
3941
3868
3599
3167
2687
1922
1097
441
-248
-912
-1510
-2095
-2549
-2734
-2608
-2324
-2047
-1671
-1283
-680
185
1010
1823
2583
3119
3659
4200
4597
4929
5080
5019
4866
4626
4245
3827
3394
2874
2246
1663
1079
502
26
-285
-228
242
839
1127
1322
1434
1481
1596
1529
1498
1727
1694
1186
621
7
-589
-1001
-1759
-2824
-3714
-4385
-5008
-5342
-5407
-5430
-5282
-4987
-4786
-4384
-3697
-2993
-2248
-1636
-1258
-869
-324
313
1004
1562
1930
2218
2484
2687
2883
3049
2873
2354
1663
803
-111
-928
-1753
-2721
-3659
-4524
-5202
-5409
-5344
-5249
-4957
-4583
-4203
-3603
-2904
-2155
-1205
-387
55
585
1153
1592
2176
2712
2952
3038
3014
2828
2689
2694
2511
2170
1839
1348
769
281
-209
-717
-1135
-1670
-2106
-2303
-2299
-2103
-1743
-1367
-859
-108
651
1584
2593
3366
3920
4289
4458
4646
4816
4910
4862
4691
4421
3934
3462
3070
2699
2275
1805
1306
854
909
1496
2107
2534
2747
2662
2546
2406
2076
1856
1752
1309
546
-255
-1029
-1540
-1810
-2298
-3051
-3829
-4502
-4952
-5019
-4934
-4944
-5022
-4945
-4758
-4363
-3692
-3043
-2403
-1816
-1340
-833
-172
631
1236
1626
1901
2021
2242
2543
2695
2581
2136
1535
800
149
-470
-1246
-2081
-2962
-3776
-4407
-4827
-5077
-5136
-5158
-5211
-5043
-4602
-4093
-3380
-2543
-1826
-1074
-189
493
1186
1940
2338
2573
2884
3028
2910
2825
2611
2184
1879
1556
1176
935
646
163
-274
-585
-988
-1335
-1545
-1711
-1766
-1716
-1586
-1298
-871
-331
275
954
1740
2548
3332
3934
4382
4653
4749
4829
4837
4663
4393
4107
3715
3220
2809
2411
1970
1499
1095
860
1036
1554
2000
2295
2528
2647
2604
2620
2527
2452
2278
1729
880
-35
-816
-1488
-2081
-2776
-3505
-4107
-4541
-4718
-4609
-4431
-4298
-4160
-4049
-3839
-3441
-2981
-2597
-2194
-1770
-1382
-912
-203
534
1086
1561
1790
1934
2173
2324
2353
2119
1606
991
348
-220
-690
-1304
-2196
-3105
-3869
-4475
-4732
-4703
-4759
-4825
-4725
-4609
-4263
-3476
-2653
-2046
-1379
-799
-310
403
1060
1426
1641
1872
1901
1955
2155
2143
2037
1851
1466
1071
818
617
413
126
-236
-676
-1081
-1276
-1326
-1421
-1461
-1355
-1277
-1064
-602
-45
552
1225
1888
2468
3060
3652
4168
4512
4625
4645
4438
4061
3665
3245
2776
2365
2046
1614
1271
1290
1532
2168
2926
3320
3642
3789
3786
3683
3462
3232
2804
2274
1459
474
-340
-1195
-1916
-2700
-3608
-4258
-4749
-4907
-4922
-4768
-4450
-4321
-3990
-3603
-3160
-2568
-2140
-1834
-1632
-1368
-963
-446
259
824
1258
1753
2110
2460
2808
2955
2826
2342
1698
977
225
-406
-1084
-1913
-2792
-3611
-4248
-4706
-4998
-5109
-5170
-5127
-4898
-4591
-4075
-3354
-2589
-1823
-1081
-432
225
934
1397
1789
2123
2170
2235
2285
2170
2031
1855
1560
1223
907
567
160
-98
-368
-794
-1077
-1346
-1687
-1909
-1984
-1953
-1813
-1472
-1089
-650
-112
436
1104
1772
2429
2991
3370
3674
4024
4218
4368
4439
4296
3966
3651
3270
2727
2351
1852
1174
906
1086
1410
2053
2755
3039
3244
3602
3669
3581
3601
3328
2675
2021
1115
61
-691
-1432
-2378
-3261
-4036
-4675
-4851
-4727
-4590
-4384
-4110
-3882
-3516
-2979
-2472
-2043
-1678
-1397
-1087
-687
-259
232
771
1153
1533
2001
2335
2593
2797
2750
2415
2052
1512
800
109
-752
-1779
-2676
-3429
-4157
-4706
-5023
-5267
-5350
-5122
-4875
-4498
-3899
-3399
-2881
-2194
-1590
-991
-203
433
935
1481
1861
2061
2360
2520
2379
2280
2072
1696
1427
1222
863
527
234
-158
-479
-727
-1032
-1401
-1683
-1988
-2235
-2175
-1987
-1700
-1215
-623
12
804
1648
2412
3172
3744
4116
4334
4489
4508
4373
4159
3792
3336
2898
2483
2027
1681
1547
1520
1838
2310
2653
3072
3440
3565
3690
3735
3542
3266
2799
2056
1091
176
-778
-1737
-2601
-3416
-4247
-4786
-4960
-4955
-4719
-4461
-4092
-3661
-3168
-2665
-2182
-1800
-1543
-1331
-1157
-944
-607
-208
184
660
1145
1608
2152
2706
2988
3040
2841
2383
1875
1326
573
-323
-1227
-2216
-3061
-3725
-4290
-4667
-4935
-5204
-5274
-5190
-4964
-4469
-3868
-3364
-2740
-1986
-1360
-574
230
687
1134
1638
1881
2177
2546
2701
2615
2589
2475
2104
1837
1542
1114
714
220
-344
-793
-1066
-1294
-1586
-1806
-2031
-2117
-2006
-1783
-1423
-1063
-654
-68
511
1203
2049
2828
3429
3946
4314
4458
4724
4815
4595
4321
3821
3132
2637
2162
1670
1561
1742
1807
2072
2497
2641
2972
3256
3180
3110
3120
2708
2086
1575
603
-499
-1226
-2153
-3155
-3884
-4485
-4935
-5028
-4801
-4670
-4292
-3700
-3275
-2694
-2120
-1744
-1333
-1032
-830
-706
-471
-268
-76
268
584
975
1509
1936
2257
2533
2527
2411
2169
1790
1191
501
-323
-1356
-2229
-3046
-3806
-4405
-4907
-5293
-5385
-5226
-4998
-4575
-4104
-3616
-3062
-2472
-1822
-1125
-511
-5
465
882
1244
1739
2134
2284
2565
2667
2628
2619
2474
2174
1764
1418
927
386
114
-309
-739
-982
-1346
-1695
-1847
-1864
-1819
-1618
-1285
-984
-532
156
818
1566
2344
3056
3665
4131
4517
4680
4804
4729
4338
3989
3519
2992
2522
2059
1914
1975
2190
2426
2629
2876
3004
3155
3196
3058
2935
2493
1903
1172
238
-654
-1594
-2592
-3561
-4364
-4979
-5343
-5389
-5255
-5057
-4566
-3972
-3289
-2520
-1854
-1327
-961
-710
-565
-505
-349
-187
-12
234
502
897
1406
1983
2456
2739
2818
2728
2490
2136
1596
901
24
-911
-1807
-2727
-3450
-4089
-4628
-4959
-5268
-5361
-5253
-5068
-4642
-4131
-3606
-3084
-2406
-1672
-1050
-391
129
550
945
1317
1582
1843
2171
2325
2443
2550
2484
2378
2246
1849
1407
939
427
-97
-516
-885
-1320
-1645
-1842
-1965
-1901
-1695
-1400
-972
-593
-129
384
963
1618
2273
2973
3621
4134
4579
4924
5087
5104
4966
4590
4180
3704
3239
3105
3124
2983
2929
2981
2881
2984
3037
2970
2898
2646
2082
1431
769
-168
-1041
-1898
-2958
-3853
-4544
-5111
-5397
-5464
-5397
-5259
-4801
-4245
-3637
-2822
-2111
-1528
-965
-510
-166
112
379
533
655
826
883
1068
1307
1493
1754
1888
1949
2002
1949
1728
1351
851
169
-597
-1307
-2121
-2918
-3572
-4260
-4696
-5030
-5198
-5166
-5047
-4733
-4427
-4065
-3475
-2750
-2105
-1493
-771
-235
253
939
1361
1601
1969
2192
2229
2313
2399
2260
2078
2007
1675
1363
1075
699
310
-77
-467
-898
-1195
-1368
-1508
-1555
-1553
-1477
-1273
-986
-514
-22
523
1196
1900
2583
3233
3864
4340
4685
4934
4877
4739
4520
4168
4049
4020
4026
3960
3923
3853
3701
3662
3513
3319
3209
2897
2364
1712
878
-55
-1013
-1990
-3084
-4052
-4800
-5471
-5755
-5814
-5840
-5566
-5144
-4554
-3847
-3033
-2284
-1641
-1029
-552
-193
212
557
751
917
1006
1180
1372
1659
1928
2111
2191
2142
2051
1845
1546
1130
579
-71
-688
-1340
-1976
-2460
-2958
-3504
-3894
-4277
-4638
-4744
-4774
-4834
-4673
-4314
-3962
-3342
-2671
-2063
-1331
-540
120
787
1330
1713
2007
2261
2333
2338
2384
2204
1955
1739
1447
1114
904
619
270
25
-279
-582
-704
-801
-901
-970
-1064
-1111
-1106
-1020
-821
-526
-133
303
1009
1660
2329
3155
3791
4343
4794
5069
5101
4951
4953
4825
4747
4751
4435
4197
4059
3843
3562
3344
3198
2773
2323
1847
1184
509
-252
-1081
-2093
-3100
-3932
-4769
-5276
-5557
-5802
-5817
-5654
-5230
-4662
-3964
-3130
-2366
-1693
-1013
-420
142
582
960
1189
1294
1475
1576
1677
1852
1875
1716
1592
1464
1185
884
639
232
-292
-776
-1341
-1872
-2257
-2726
-3170
-3578
-3889
-4116
-4313
-4285
-4245
-4092
-3864
-3593
-3160
-2811
-2294
-1705
-1285
-698
-123
424
1018
1512
1961
2218
2369
2481
2411
2317
2087
1746
1356
927
546
147
-86
-234
-414
-453
-454
-400
-304
-292
-281
-396
-471
-512
-457
-330
-107
283
757
1345
1978
2700
3399
3991
4437
4732
4898
5095
5332
5467
5393
5232
4996
4645
4367
3968
3547
3266
2865
2346
1808
1273
632
-54
-739
-1705
-2663
-3459
-4213
-4775
-5187
-5541
-5706
-5633
-5335
-4943
-4323
-3589
-2912
-2174
-1452
-770
-84
544
1074
1479
1796
2050
2214
2324
2293
2144
1832
1409
1048
625
92
-334
-736
-1254
-1670
-1891
-2178
-2394
-2684
-3096
-3495
-3826
-4142
-4359
-4365
-4399
-4361
-4178
-3850
-3422
-2886
-2249
-1609
-1019
-413
146
725
1203
1617
1987
2149
2308
2352
2265
2120
1867
1596
1236
915
591
261
61
-189
-341
-313
-267
-223
-165
-116
-174
-233
-184
-167
-115
-9
141
414
772
1168
1691
2211
2727
3201
3585
3859
4240
4820
5190
5531
5685
5494
5379
5224
4797
4332
3959
3392
2656
2119
1465
778
349
-347
-1147
-1875
-2636
-3296
-3759
-4216
-4747
-5025
-5126
-5145
-4846
-4497
-4076
-3451
-2883
-2288
-1540
-754
-19
712
1366
1795
2254
2704
2898
3107
3103
2740
2268
1722
1074
390
-175
-790
-1460
-2018
-2461
-2769
-2927
-3140
-3397
-3800
-4112
-4238
-4424
-4378
-4259
-4281
-4241
-4033
-3673
-3353
-2726
-2113
-1752
-1175
-647
-60
602
1220
1639
1791
2038
2145
2137
2137
1955
1626
1190
803
495
192
71
-71
-165
-185
-220
-36
72
164
176
-8
-101
-114
12
173
417
668
866
1292
1692
2081
2497
2671
2738
2733
2787
3117
3640
4110
4450
4791
4826
4915
5087
4917
4698
4417
3854
3098
2441
1762
1009
447
-197
-1063
-1737
-2308
-2793
-3057
-3317
-3600
-3780
-3867
-3877
-3727
-3446
-3228
-2901
-2566
-2214
-1575
-899
-207
562
1220
1798
2377
2947
3325
3476
3436
3056
2521
1883
1121
472
-266
-1004
-1621
-2285
-2874
-3234
-3506
-3880
-4124
-4279
-4581
-4670
-4638
-4815
-4792
-4733
-4681
-4434
-4059
-3621
-3250
-2630
-1981
-1451
-705
-102
490
1027
1398
1744
1914
2012
2015
1927
1712
1428
1202
891
597
430
200
176
244
204
291
299
273
210
170
74
66
251
400
625
953
1272
1586
1987
2287
2403
2547
2531
2394
2341
2487
2862
3326
3789
4051
4230
4383
4347
4335
4133
3837
3501
2893
2315
1766
1271
832
320
-189
-918
-1497
-1934
-2391
-2608
-2944
-3235
-3345
-3474
-3351
-3129
-2791
-2389
-2155
-1871
-1521
-964
-330
202
728
1204
1655
2106
2561
2945
3044
3059
2841
2388
2058
1536
972
463
-313
-1219
-1976
-2662
-3280
-3711
-4105
-4611
-4841
-4925
-5088
-4906
-4712
-4758
-4599
-4376
-4202
-3853
-3306
-2802
-2301
-1683
-1190
-599
69
541
974
1237
1379
1505
1574
1556
1524
1474
1284
1113
955
683
626
554
309
266
150
-77
-184
-203
-319
-324
-100
123
412
922
1290
1653
2055
2320
2481
2642
2669
2576
2558
2414
2298
2538
2756
3079
3455
3527
3471
3267
3028
2636
2418
2268
1919
1753
1506
1170
1091
980
675
376
-82
-763
-1263
-1690
-2157
-2383
-2516
-2714
-2638
-2430
-2218
-1772
-1362
-1140
-905
-676
-543
-266
63
302
658
1053
1312
1756
2116
2292
2492
2555
2331
1932
1456
813
144
-470
-1154
-1885
-2407
-2781
-3248
-3670
-3834
-4138
-4323
-4276
-4359
-4526
-4493
-4380
-4384
-4092
-3775
-3499
-3038
-2525
-2016
-1480
-938
-415
-28
313
613
897
1171
1318
1483
1535
1518
1526
1389
1181
1033
876
670
572
407
140
34
-62
-137
-33
139
271
533
807
976
1273
1520
1639
1733
1875
1853
1915
2142
2260
2310
2464
2752
2951
3168
3448
3308
2877
2521
2021
1534
1377
1371
1193
1205
1340
1263
1363
1408
1194
818
258
-407
-1064
-1535
-1907
-2117
-2107
-2084
-1804
-1438
-1148
-722
-512
-498
-496
-528
-547
-515
-295
-90
208
722
1167
1610
2184
2476
2370
2170
1711
1011
493
-34
-697
-1069
-1262
-1552
-1654
-1706
-2038
-2293
-2667
-3335
-3847
-4180
-4535
-4668
-4615
-4559
-4215
-3716
-3249
-2737
-2309
-2044
-1832
-1671
-1562
-1355
-1069
-787
-249
260
746
1314
1629
1676
1679
1544
1204
899
673
466
446
560
579
659
732
641
614
602
500
422
409
342
288
450
657
911
1205
1405
1645
1712
1819
1907
1820
1872
2043
2105
2203
2434
2474
2401
2334
2014
1770
1701
1637
1553
1608
1639
1529
1534
1446
1122
874
500
8
-394
-640
-870
-905
-818
-881
-795
-608
-551
-494
-617
-847
-979
-1056
-1023
-836
-392
-21
438
965
1243
1548
1705
1517
1238
889
468
122
-31
-165
-303
-318
-481
-626
-816
-1124
-1483
-1988
-2410
-2868
-3311
-3494
-3522
-3465
-3408
-3170
-3018
-2970
-2714
-2630
-2596
-2518
-2453
-2269
-2036
-1584
-1104
-662
-250
48
388
503
688
841
802
879
951
1081
1216
1369
1476
1416
1201
951
733
522
319
237
177
85
149
242
319
478
633
631
557
530
491
475
576
719
801
1094
1476
1675
1895
2061
1975
1902
1771
1615
1504
1627
1761
1850
2117
2133
2096
1991
1560
1148
604
101
-382
-674
-658
-699
-444
-228
-168
9
-91
-213
-433
-772
-986
-1099
-1036
-923
-504
-47
360
937
1183
1308
1366
1193
946
598
423
253
171
210
173
239
146
-73
-373
-797
-1213
-1635
-2016
-2341
-2544
-2546
-2574
-2469
-2356
-2324
-2266
-2344
-2418
-2515
-2552
-2488
-2422
-2215
-1946
-1633
-1206
-913
-607
-451
-379
-246
-208
-101
69
347
631
939
1312
1521
1599
1515
1311
1150
850
644
575
519
544
630
656
558
550
369
181
139
1
-46
47
164
283
414
556
638
746
776
662
638
567
520
641
795
1030
1332
1671
1921
2026
2076
1912
1659
1353
898
671
323
137
143
123
289
360
447
337
184
121
-251
-444
-613
-793
-690
-613
-381
-166
51
290
352
480
502
469
465
292
325
304
357
425
375
427
326
288
69
-209
-461
-837
-1035
-1303
-1508
-1487
-1597
-1598
-1544
-1604
-1669
-1737
-1757
-1859
-1827
-1691
-1604
-1453
-1352
-1221
-1124
-1109
-1074
-1023
-984
-878
-686
-469
-246
84
321
496
761
945
1094
1214
1238
1165
1084
1033
978
967
961
913
780
570
354
164
73
67
144
127
127
135
83
-85
-271
-372
-438
-485
-466
-363
-225
-105
-73
33
145
224
330
446
578
709
777
888
1077
1224
1228
1121
1120
993
831
832
705
659
584
400
304
186
138
-93
-240
-240
-333
-224
-181
-45
154
220
400
367
439
460
268
135
-35
-21
-81
-65
74
100
224
301
371
363
206
128
-118
-357
-580
-782
-856
-1082
-1138
-1136
-1144
-1026
-1013
-940
-966
-1000
-948
-995
-840
-820
-908
-902
-886
-774
-784
-731
-567
-395
-294
-290
82
300
289
431
369
477
548
558
726
1038
1025
968
881
690
317
49
12
-137
21
-18
-99
-108
-306
-449
-454
-407
-457
-516
-500
-603
-605
-607
-574
-358
-289
-273
-294
-184
-92
-51
-95
-11
162
218
325
619
874
1037
1189
1227
1296
1218
1067
818
703
593
398
370
370
446
468
409
441
469
506
467
439
527
448
448
417
346
361
249
188
109
64
37
-20
-9
32
104
154
170
227
121
34
-45
-144
-270
-536
-669
-788
-785
-753
-628
-594
-446
-468
-474
-469
-524
-430
-493
-529
-527
-498
-543
-256
-525
-658
-355
-488
-444
-459
-291
-315
-60
-440
-646
-59
-222
-291
230
598
606
711
587
166
19
-276
-562
-460
-265
-440
-340
14
-19
-200
-357
-333
-265
-568
-633
-561
-484
-584
-630
-545
-305
-375
-635
-654
-639
-612
-680
-586
-289
132
343
475
723
971
1136
1072
953
1047
1140
1017
961
1012
1311
1458
1420
1430
1463
1294
975
696
564
608
577
543
665
840
826
688
592
434
155
-82
-251
-366
-435
-315
-208
-49
121
39
44
-30
-83
-80
-314
-262
-281
-100
-119
-184
12
104
66
-184
-284
-278
-392
-696
-1014
-841
-428
-410
-591
-465
84
-248
-748
-1035
-980
-813
-755
-1031
-838
-345
-275
-512
-522
-175
-138
-195
-421
-145
-35
-214
-12
-28
-172
-268
-64
-233
-863
-837
-778
-627
-755
-812
-250
1
-141
-494
-577
-595
-654
-919
-883
-573
-172
-506
-531
-368
17
10
-221
-204
19
303
134
156
644
1176
1247
1207
1106
1292
1278
736
678
1105
1309
1189
1209
1508
1764
1561
1181
1052
1202
858
754
712
1174
1444
1165
1212
1167
1070
656
254
265
222
169
5
-28
449
453
327
28
-108
185
-139
-423
-619
-27
1
-187
-118
-345
10
-94
-792
-805
-410
-488
-599
-634
-507
-181
219
-730
-671
80
-691
-946
-1261
-1195
-876
-1296
-1272
-1403
-404
-344
-1391
-1084
-534
-487
-1304
-1367
-1017
-243
-599
-861
-1060
-133
-162
-1251
-1440
-1276
-22
-975
-1113
-180
45
140
-926
-998
-440
-259
-878
-1300
-452
288
-117
-567
-484
389
17
-499
-586
-105
483
88
-178
494
1031
965
539
650
1004
1315
1041
1013
1377
1735
1694
1218
952
1341
1480
1195
960
1278
1816
1663
1069
1100
1515
1679
1006
660
866
1492
1505
545
482
723
1171
501
11
170
1256
1010
139
-124
584
1261
201
-428
239
1193
567
-495
-574
417
430
-834
-1403
-278
690
-88
-979
-257
459
-91
-1069
-1472
-491
-419
-1342
-1451
-1114
-509
-1123
-1394
-1595
-1144
-1055
-1616
-1450
-1331
-1017
-1035
-1328
-1255
-1201
-1026
-1198
-965
-1208
-1402
-1333
-1144
-1198
-1468
-1147
-605
-719
-436
-1032
-585
-155
-741
-970
-1074
-490
-261
-568
-635
188
751
-35
-478
63
-158
24
-76
-453
525
853
929
294
834
1514
954
618
717
1051
1210
987
859
1533
1522
1520
1349
1102
1463
1287
1334
719
1082
1561
1118
1375
1036
1475
1442
1192
1087
728
870
760
913
497
766
1031
951
789
452
439
789
673
299
266
623
707
418
208
372
419
373
-138
-249
34
-100
-82
-228
-181
-176
-531
-425
-649
-480
-672
-720
-475
-892
-1027
-1669
-930
-1082
-1414
-1371
-1300
-582
-1334
-1206
-1484
-1059
-1098
-1196
-1490
-1271
-542
-1134
-1539
-1165
-815
-1090
-1396
-1455
-880
-898
-1082
-913
-912
-490
-487
-1098
-559
-369
-537
-312
-518
-188
228
-149
-752
-537
315
-75
-566
73
557
741
-66
141
313
630
897
-255
560
897
1051
389
438
1125
803
827
741
800
1019
1476
1135
515
1558
1453
858
756
1291
1268
1069
1210
966
1028
1307
1067
523
1193
1324
551
1129
1095
771
771
1001
542
569
1000
773
373
258
999
314
390
494
-79
632
413
385
-347
-139
16
-489
-449
-410
-320
-164
85
-446
-1304
-470
-476
-1403
-1173
-1090
-820
-978
-1134
-1379
-1279
-713
-1562
-1460
-847
-1168
-1345
-1122
-694
-1037
-1129
-1216
-1077
-804
-970
-1257
-1331
-764
-785
-992
-1188
-587
-586
-475
-664
-553
-330
-78
-245
-494
178
-52
-347
-608
118
-89
-108
0
-139
435
776
30
39
796
633
286
141
679
628
551
366
223
846
1259
439
43
1063
1539
512
495
1000
1088
1393
904
660
1118
1775
989
755
1244
1292
1019
1038
1040
853
1307
709
901
1040
422
1024
810
799
762
143
379
741
512
-309
59
631
461
178
-193
260
494
147
-853
-338
-124
-23
-629
-872
-48
-306
-563
-1005
-839
-882
-919
-1430
-1380
-1068
-1082
-1382
-1271
-1167
-1137
-1283
-1280
-1232
-1257
-1028
-1329
-954
-1343
-1041
-987
-1066
-832
-1084
-940
-851
-767
-986
-537
-377
-633
-449
-43
-140
-271
-354
-92
132
-205
-233
275
283
95
201
327
16
420
466
53
210
375
495
263
242
-12
315
794
470
321
437
691
924
711
67
738
1162
825
446
861
1283
1040
1141
859
1201
1216
1269
989
1195
1806
1149
1207
1114
1490
962
945
957
629
1038
683
784
733
741
709
421
391
215
238
185
73
273
70
304
245
-16
-53
-110
-326
-240
-281
-513
-386
-360
-666
-558
-893
-785
-791
-745
-1325
-1328
-1278
-1044
-1441
-1711
-1281
-1086
-1031
-1317
-1538
-1407
-1034
-1255
-1767
-1354
-1025
-1050
-1454
-793
-1021
-588
-823
-837
-793
-495
-656
-1047
-617
-38
-340
-502
-352
128
-53
-403
-285
95
202
84
-191
229
436
125
87
103
524
214
-140
249
384
370
167
178
527
611
425
107
638
715
590
505
822
1090
580
725
1154
917
978
1028
1117
1305
1314
1162
1265
1060
1615
1250
925
1226
1666
1086
951
1399
1072
875
994
353
1109
551
228
619
705
370
282
350
314
305
48
-2
101
262
-108
-126
105
-225
-57
-257
-375
-491
-318
-422
-858
-779
-741
-895
-1138
-1086
-859
-1011
-1016
-1097
-1013
-1062
-1135
-1265
-1150
-1222
-1268
-1113
-1241
-1134
-1119
-1011
-755
-892
-858
-1082
-750
-734
-816
-849
-845
-287
-581
-667
-498
-349
-206
-473
-423
-216
-302
-238
-342
-72
-16
-88
-27
-159
71
-179
-228
41
-138
119
-3
-54
256
214
123
50
346
564
350
176
287
839
772
470
733
1008
1246
980
526
1035
1112
1127
1085
1133
1380
1531
1289
1153
1196
1263
839
892
1188
1089
982
734
971
1012
616
628
186
512
433
141
369
173
180
347
418
110
-16
320
12
68
-153
-216
57
-79
-371
-206
-282
-169
-671
-405
-554
-644
-445
-823
-619
-521
-591
-836
-801
-466
-966
-933
-808
-951
-704
-826
-794
-690
-731
-729
-888
-631
-768
-838
-504
-774
-444
-444
-406
-484
-435
-300
-520
-565
-587
-564
-358
-538
-564
-177
-253
-328
-418
-262
-112
-286
-338
-497
-131
58
-370
-98
-184
-229
-111
-249
-218
-116
101
84
31
257
423
334
491
241
501
680
687
507
576
948
1062
771
868
917
1188
1239
831
997
1115
1323
1140
691
911
1053
1010
648
491
722
697
524
395
360
382
452
370
93
262
443
309
-15
5
78
45
-23
-57
-184
70
-43
-133
-297
-209
-246
-329
-330
-549
-422
-284
-540
-447
-452
-489
-438
-514
-410
-699
-557
-393
-589
-447
-383
-614
-491
-81
-497
-776
-472
-370
-460
-536
-597
-152
-103
-241
-465
-459
48
-132
-681
-642
-293
-198
-424
-573
-276
193
52
-292
-518
-277
-58
-440
-609
-451
-86
-27
-322
-435
6
1
-232
-378
-433
-326
-269
3
-28
71
500
549
197
171
538
248
47
319
529
731
962
712
734
1055
1063
637
556
747
777
796
624
680
829
933
667
441
614
348
182
124
232
393
266
207
137
333
576
-37
-410
129
153
-246
-381
53
207
6
-59
-122
-74
127
-231
-515
-251
126
-412
-650
-86
-149
-216
-262
-153
-261
-334
-353
-364
-433
-212
-341
-289
-52
-48
-358
-279
178
-293
-474
-150
22
-254
-264
-319
93
64
-204
-247
-149
-71
-102
-644
-463
383
-136
-535
-137
84
-231
-246
-581
-394
79
-273
-617
-401
-156
-226
-448
-538
-256
-24
-281
-483
-352
-286
117
-161
-210
53
200
97
33
88
223
385
157
143
614
543
347
655
691
591
569
417
530
693
480
382
778
637
545
453
302
334
488
142
-170
275
329
156
313
162
-12
367
50
-133
211
-72
-83
28
-2
-78
148
53
-123
122
-87
-431
-176
-180
-339
-113
-133
-28
16
15
-148
-24
-125
-445
-183
-202
-189
-20
-211
-188
154
-124
-230
54
-37
-267
-158
3
-243
28
-5
-236
111
-108
-359
-173
11
-202
-358
-171
-102
-31
-149
-351
-100
29
-301
-363
-327
-282
-203
-335
-436
-74
48
-240
-392
-249
-129
-280
-511
-504
-146
67
-66
-159
-62
265
23
-263
135
115
81
191
111
295
420
505
170
419
432
410
205
209
449
623
564
346
545
534
429
129
171
148
164
207
143
173
226
228
69
44
144
9
-78
13
-36
105
75
74
44
148
205
-73
-323
-68
25
-160
-76
119
90
223
162
-120
-71
126
54
-99
14
30
0
27
12
-196
35
319
52
-45
11
-2
153
-27
-193
-171
35
48
-94
-268
-39
83
8
-304
-332
-226
-255
-314
-520
-246
-78
-202
-424
-344
-241
-182
-429
-630
-489
-338
-291
-353
-371
-250
-30
-297
-437
-364
-360
-333
-122
-341
-285
68
48
-105
-5
50
41
15
-49
-88
-3
206
129
155
284
387
280
392
289
146
266
193
137
269
389
223
249
307
423
309
295
165
189
380
65
-92
116
416
365
75
57
318
412
-37
-330
65
296
4
-130
-66
401
325
76
244
263
249
70
25
112
270
172
83
260
397
278
156
171
95
138
32
20
84
304
208
35
84
96
32
-42
-152
-103
1
-51
-162
-298
-45
-49
-172
-284
-178
-160
-267
-315
-476
-314
-214
-376
-522
-217
-86
-274
-547
-329
-129
-269
-513
-598
-331
-122
-334
-615
-332
-29
-158
-509
-472
-205
-114
-405
-480
-279
74
-61
-355
-291
60
219
-90
-292
-68
182
68
-61
-104
185
291
148
-98
109
281
263
123
-110
124
310
158
-61
5
275
358
171
1
111
302
267
-66
-77
73
300
281
65
132
386
416
194
63
131
376
383
171
146
460
577
319
233
303
486
462
308
167
301
548
453
256
305
414
463
265
94
101
203
244
120
71
69
234
213
-13
-143
-58
63
-45
-241
-274
-105
90
-79
-373
-263
-104
-121
-333
-368
-286
-73
-189
-513
-494
-279
-195
-419
-566
-413
-264
-330
-463
-498
-401
-307
-341
-484
-550
-372
-307
-419
-504
-386
-353
-329
-307
-378
-249
-177
-152
-205
-140
60
-27
-157
-131
-99
-106
-84
-55
168
250
211
157
165
139
98
16
16
168
163
159
287
290
208
135
51
157
151
140
150
194
353
233
177
254
312
376
258
259
320
341
330
328
349
372
445
369
352
397
344
263
224
214
186
168
273
226
140
154
141
201
142
-19
-27
18
55
-17
-104
-44
37
-67
-219
-225
-190
-186
-222
-303
-174
-183
-216
-216
-309
-210
-184
-282
-307
-280
-226
-207
-304
-353
-253
-174
-161
-231
-154
-99
-62
-82
-187
-246
-131
-129
-252
-266
-241
-71
-103
-190
-269
-136
-118
-183
-276
-191
5
26
-68
-159
-13
85
20
-99
-15
189
215
114
61
81
184
204
103
8
159
328
187
141
162
227
225
88
15
100
217
192
115
182
307
238
123
148
107
187
257
252
261
351
447
347
289
339
315
273
261
193
320
376
279
250
242
164
119
67
64
15
-43
-65
-49
-34
-7
-102
-216
-233
-312
-356
-349
-332
-230
-235
-277
-216
-298
-277
-334
-444
-423
-342
-345
-261
-155
-180
-248
-213
-196
-313
-335
-292
-292
-210
-193
-217
-159
-85
-153
-249
-270
-231
-236
-333
-294
-198
-158
-135
-139
-113
-83
-123
-243
-219
-194
-177
-51
30
109
179
186
167
99
38
105
102
101
146
199
360
372
309
342
340
258
228
190
166
220
256
291
307
396
490
420
320
263
230
257
263
154
213
429
444
395
394
460
418
268
188
165
246
278
233
269
351
332
304
290
190
116
55
-8
-93
-76
-37
-53
-3
-21
-66
-103
-141
-263
-367
-371
-313
-297
-336
-297
-265
-203
-246
-320
-364
-412
-373
-469
-488
-411
-294
-296
-268
-238
-228
-232
-294
-356
-377
-343
-364
-379
-334
-250
-185
-214
-212
-231
-255
-292
-338
-314
-308
-225
-197
-133
-152
-147
-111
-71
-118
-153
-136
-74
-76
-97
36
71
83
113
88
170
172
123
87
67
173
220
190
208
294
362
307
266
308
327
303
285
301
350
406
362
348
375
410
393
375
380
379
370
375
402
369
474
497
431
372
386
354
333
340
342
347
348
300
246
286
261
212
116
93
66
-15
-76
-67
-75
-79
-107
-140
-167
-189
-203
-276
-324
-318
-302
-374
-365
-303
-357
-362
-349
-398
-352
-367
-441
-431
-375
-364
-392
-268
-300
-311
-323
-349
-356
-344
-291
-289
-298
-304
-311
-301
-267
-288
-259
-227
-251
-241
-234
-174
-159
-136
-156
-144
-119
-128
-130
-117
-73
-36
-53
-34
24
18
6
52
65
59
88
76
120
114
121
157
182
178
159
200
267
235
232
232
233
233
240
258
292
287
300
348
298
333
308
345
359
339
363
347
338
345
414
404
368
374
367
317
306
313
251
232
235
241
257
277
231
153
127
119
95
29
5
30
-4
-26
-13
-54
-64
-123
-141
-181
-174
-199
-204
-209
-233
-273
-236
-247
-290
-283
-280
-274
-352
-359
-352
-365
-347
-343
-343
-304
-283
-322
-362
-337
-336
-367
-345
-317
-321
-324
-302
-266
-220
-231
-264
-271
-276
-250
-259
-242
-185
-154
-143
-108
-119
-108
-50
-66
-72
-62
1
15
23
85
106
103
135
135
155
173
209
213
181
216
278
264
248
287
297
272
265
282
322
285
266
254
277
298
343
389
369
418
412
362
358
318
319
351
297
282
308
312
310
293
254
202
156
131
109
106
128
52
57
53
-9
-36
-74
-80
-137
-162
-182
-156
-168
-208
-201
-206
-215
-231
-241
-215
-229
-254
-229
-236
-226
-247
-234
-192
-214
-267
-221
-251
-262
-231
-197
-198
-239
-218
-209
-201
-185
-171
-198
-204
-181
-119
-174
-149
-129
-121
-47
-64
-101
-81
-52
-95
-105
-75
-59
-93
-75
-84
-67
-17
-10
-72
-52
-45
-32
-59
-61
9
39
51
42
86
52
57
80
101
126
122
173
205
248
236
214
241
234
284
269
302
314
272
269
312
303
284
296
281
276
228
258
287
280
247
237
205
184
164
170
184
145
109
70
84
56
37
27
7
-14
-38
-92
-82
-77
-106
-101
-115
-98
-100
-159
-187
-171
-151
-199
-174
-191
-191
-167
-229
-234
-185
-167
-175
-200
-163
-156
-200
-198
-218
-200
-180
-232
-224
-199
-159
-111
-162
-158
-152
-181
-211
-220
-207
-204
-181
-170
-193
-162
-143
-198
-139
-124
-143
-129
-125
-153
-142
-115
-109
-95
-115
-92
-61
-32
-50
-8
60
55
44
73
87
155
142
114
175
187
202
226
230
286
298
281
299
324
352
323
322
340
364
391
390
368
419
412
349
386
395
353
348
308
260
298
284
239
203
179
203
180
178
151
136
138
81
65
75
13
-22
0
-22
-69
-72
-90
-61
-84
-134
-123
-157
-198
-224
-218
-176
-174
-222
-222
-204
-198
-216
-212
-220
-233
-238
-255
-262
-235
-260
-285
-313
-326
-295
-284
-302
-263
-226
-270
-302
-301
-314
-280
-240
-260
-236
-277
-262
-253
-208
-236
-268
-259
-229
-172
-198
-179
-156
-183
-187
-143
-88
-78
-75
-41
-42
-56
-21
4
19
47
68
87
130
167
165
253
248
224
241
222
273
283
301
291
290
313
309
330
307
319
328
324
311
310
314
292
271
286
299
248
248
206
224
253
256
249
201
193
188
193
239
227
191
218
157
108
63
61
91
86
73
63
41
5
23
28
13
-10
-25
-54
-54
-38
-73
-78
-120
-153
-153
-145
-154
-172
-196
-228
-210
-216
-179
-138
-155
-166
-179
-195
-188
-173
-206
-188
-183
-211
-226
-203
-214
-221
-248
-257
-232
-223
-234
-219
-213
-222
-211
-203
-179
-191
-194
-223
-251
-236
-217
-223
-184
-138
-152
-143
-92
-106
-86
-65
-76
-59
-49
-33
4
63
33
43
8
34
66
45
44
76
119
174
175
159
248
254
225
212
234
253
230
226
234
279
291
274
259
267
271
250
251
249
247
287
291
266
316
279
253
247
219
247
207
188
163
127
165
160
107
106
94
60
44
48
42
43
24
-3
-14
-35
-52
-64
-88
-107
-115
-108
-122
-135
-103
-101
-104
-108
-133
-149
-144
-145
-182
-189
-178
-167
-209
-166
-120
-180
-168
-162
-176
-211
-198
-243
-286
-256
-234
-204
-214
-216
-213
-228
-232
-275
-278
-253
-245
-252
-260
-224
-231
-225
-208
-174
-140
-109
-139
-131
-137
-100
-51
-62
-72
-45
-3
32
24
5
76
82
80
101
144
186
146
148
191
184
194
184
172
190
236
246
260
263
248
266
267
284
284
264
274
259
234
252
277
252
244
247
257
234
184
207
178
162
167
118
140
130
100
126
126
148
127
77
75
55
23
8
21
12
5
-15
-29
-33
-77
-91
-58
-52
-65
-49
-39
-48
-103
-97
-77
-112
-89
-74
-94
-96
-90
-100
-117
-124
-131
-145
-132
-118
-139
-162
-181
-173
-199
-199
-165
-193
-220
-218
-250
-269
-259
-231
-229
-213
-201
-191
-153
-154
-143
-95
-81
-84
-131
-105
-130
-97
-76
-83
-33
-6
-31
-35
-2
-6
2
-15
-9
22
59
48
43
68
81
63
69
70
86
78
72
85
93
116
113
115
155
172
151
149
157
133
130
133
138
127
132
108
92
100
103
125
105
96
111
94
56
101
116
98
64
27
48
51
48
47
52
44
15
19
13
54
45
52
50
14
14
23
36
8
4
44
67
9
33
30
39
46
-11
-2
10
-8
-42
-20
-9
-29
-29
-69
-46
-57
-77
-97
-133
-114
-98
-112
-117
-114
-135
-162
-162
-162
-147
-168
-176
-173
-159
-160
-192
-185
-161
-171
-152
-146
-125
-83
-68
-47
-49
-36
-11
-39
-55
-44
-38
-12
-2
27
36
43
71
91
73
83
92
74
74
85
127
115
92
109
120
128
121
110
135
140
133
128
109
105
105
112
98
95
106
95
65
100
97
85
79
85
93
58
58
56
57
70
97
73
91
111
74
54
50
63
51
48
23
35
54
33
20
17
70
49
0
21
25
11
-12
-2
20
4
-30
-56
-94
-90
-83
-95
-82
-79
-86
-110
-119
-122
-149
-155
-149
-185
-182
-178
-180
-163
-177
-188
-188
-182
-200
-216
-193
-187
-189
-164
-148
-149
-120
-127
-154
-145
-130
-102
-89
-74
-58
-37
-60
-53
-47
-34
16
3
20
14
22
36
41
49
51
69
97
97
94
133
128
140
150
149
145
162
153
151
181
181
169
165
158
147
165
164
152
168
184
176
181
151
114
114
114
109
121
123
116
114
101
102
93
76
38
54
27
8
42
27
6
16
22
22
4
-1
19
7
9
31
-10
-11
-11
-35
-46
-28
-18
-58
-60
-84
-90
-83
-103
-100
-69
-86
-90
-102
-124
-127
-108
-154
-168
-164
-184
-168
-152
-158
-195
-166
-167
-176
-158
-162
-165
-140
-135
-124
-152
-142
-127
-117
-115
-133
-114
-114
-99
-95
-75
-84
-55
-41
-41
3
9
12
4
3
21
29
35
45
33
24
50
45
46
76
64
97
113
107
128
114
78
77
93
72
85
89
97
118
124
133
132
126
146
147
149
160
155
159
154
178
183
166
161
185
168
169
170
149
141
133
107
133
136
120
124
122
143
115
90
67
71
38
36
31
6
31
21
27
16
7
-2
1
2
-23
-27
-45
-47
-57
-79
-84
-102
-101
-108
-125
-142
-161
-179
-196
-196
-182
-175
-181
-204
-199
-171
-203
-180
-177
-209
-211
-218
-167
-165
-149
-167
-166
-148
-132
-127
-131
-126
-131
-125
-131
-119
-100
-89
-104
-97
-99
-85
-60
-58
-32
-13
-5
-20
-33
-20
9
24
34
30
41
44
42
75
102
102
97
100
94
92
107
103
111
133
127
128
111
99
125
117
131
129
139
144
138
147
154
149
128
123
135
143
140
124
113
122
132
143
136
116
89
45
47
70
57
54
49
29
28
39
40
52
37
20
13
18
4
-4
-16
-35
-28
-35
-45
-43
-45
-59
-57
-66
-68
-52
-72
-82
-85
-106
-106
-115
-125
-116
-94
-97
-107
-107
-109
-94
-86
-75
-74
-90
-89
-83
-75
-75
-57
-66
-64
-45
-22
-9
-15
-20
-45
-57
-50
-65
-55
-58
-58
-34
-21
-24
-25
-2
-3
6
6
14
27
18
30
43
39
47
35
28
40
37
43
63
65
80
84
79
75
56
53
44
48
45
32
30
30
38
65
63
58
47
39
39
20
47
42
28
46
53
51
47
48
26
36
47
53
50
34
36
27
20
20
-2
-13
-6
-21
-27
-33
-25
-29
-40
-28
-53
-65
-76
-91
-64
-67
-59
-45
-51
-49
-57
-44
-43
-52
-45
-47
-47
-40
-39
-45
-35
-34
-43
-53
-49
-47
-42
-50
-62
-50
-32
-16
-20
-18
-6
-6
-18
-15
2
3
-5
5
8
9
-8
-2
14
24
33
43
48
32
40
37
49
36
27
36
35
31
39
46
58
55
68
67
54
62
69
73
64
70
62
60
54
54
63
31
23
11
11
25
25
9
2
4
-7
2
15
12
18
8
18
15
11
8
-13
-19
-41
-32
-35
-40
-32
-23
-18
-34
-28
-35
-42
-33
-32
-38
-35
-42
-49
-59
-62
-56
-53
-52
-51
-54
-63
-63
-55
-53
-43
-42
-54
-41
-44
-40
-38
-46
-46
-42
-35
-27
-19
-9
-27
-29
-21
-13
-19
-14
8
-16
-14
-9
-2
9
4
8
9
8
10
17
33
37
29
30
3
-2
22
32
30
46
46
37
39
16
26
23
25
23
37
29
28
38
41
36
40
53
46
73
65
64
59
54
61
61
58
66
61
66
72
61
54
50
46
45
42
36
40
39
46
38
44
52
48
39
22
19
7
13
12
15
12
-5
-10
-7
3
-6
-6
-23
-25
-24
-27
-24
-33
-43
-55
-69
-68
-76
-79
-71
-80
-86
-86
-90
-86
-76
-66
-64
-63
-63
-73
-68
-70
-79
-79
-69
-48
-52
-36
-44
-59
-66
-60
-45
-51
-34
-28
-32
-33
-24
-26
-27
-21
-26
-22
-21
-28
-31
-20
-9
7
10
10
8
0
9
4
19
28
22
38
33
43
33
17
24
28
31
35
38
41
33
44
59
56
68
63
52
36
44
46
46
60
67
64
61
60
58
59
55
53
49
58
50
50
48
48
33
29
33
29
29
26
26
25
19
6
9
15
10
6
15
27
29
15
7
-6
-3
-14
-22
-8
-16
-16
-7
-11
-18
-26
-35
-38
-30
-32
-37
-40
-42
-45
-39
-37
-39
-43
-41
-49
-53
-42
-35
-31
-36
-43
-44
-44
-41
-35
-30
-34
-46
-41
-39
-27
-21
-34
-45
-47
-46
-35
-33
-28
-27
-26
-32
-23
-23
-17
-9
-1
4
5
-4
-1
10
6
19
26
22
19
24
25
27
33
23
10
6
12
21
30
21
23
32
24
32
46
36
29
30
26
29
24
30
17
20
27
28
30
36
40
34
33
27
16
23
33
31
22
26
36
26
25
14
11
-4
-5
2
-5
11
-1
-9
7
10
21
9
16
11
10
15
7
14
12
0
0
0
-8
-14
-18
-20
-28
-26
-22
-20
-25
-22
-15
-25
-24
-21
-20
-30
-30
-32
-33
-28
-32
-25
-33
-36
-35
-35
-30
-34
-42
-39
-30
-31
-26
-33
-36
-28
-41
-38
-27
-40
-39
-33
-21
-17
-18
-17
-27
-22
-6
2
-9
0
-6
-7
-2
4
8
4
9
23
18
27
22
20
17
7
18
13
14
16
22
29
33
27
27
34
43
43
51
46
40
35
30
40
45
44
47
40
33
42
27
24
24
25
30
29
28
27
18
16
23
32
26
15
20
16
15
13
8
9
8
5
4
6
5
-1
6
3
7
5
-1
-2
-3
-1
-5
-18
-19
-21
-28
-27
-32
-39
-41
-40
-49
-43
-31
-31
-31
-31
-35
-43
-38
-39
-35
-23
-27
-20
-31
-43
-31
-39
-36
-29
-34
-33
-31
-26
-24
-13
-17
-20
-19
-12
-12
-12
-10
-6
-6
2
14
13
22
2
-3
2
6
16
12
14
5
1
16
30
37
27
37
27
20
22
15
21
22
22
25
28
25
25
22
26
24
17
15
14
13
11
21
23
19
8
11
13
8
9
13
20
17
26
22
14
14
4
10
7
8
9
-1
1
-6
-3
-7
-8
-4
-9
-12
-7
-17
-14
-24
-18
-4
-7
-13
-16
-15
-26
-21
-23
-30
-31
-29
-24
-21
-19
-23
-33
-37
-32
-19
-22
-19
-15
-18
-12
-9
-11
-13
-20
-28
-21
-15
-17
-16
-21
-20
-9
2
4
6
7
4
7
10
9
13
9
13
17
21
25
9
16
19
18
11
14
12
9
11
14
14
12
10
17
22
20
15
7
20
15
6
6
4
-1
6
17
14
24
16
15
25
25
28
24
29
28
27
32
22
23
15
19
21
21
19
22
10
14
23
15
21
12
5
-1
1
5
4
3
-4
-11
-17
-13
-11
-12
-9
-10
-8
-15
-21
-23
-26
-21
-24
-22
-23
-20
-33
-37
-32
-31
-29
-26
-21
-20
-18
-24
-25
-31
-33
-31
-33
-36
-31
-30
-18
-19
-23
-23
-23
-22
-22
-20
-21
-17
-15
-14
-17
-16
-22
-21
-11
-6
-4
-10
-5
0
1
5
-4
-4
1
5
14
27
28
18
17
21
22
23
22
22
20
26
32
32
40
31
30
30
26
26
31
27
30
30
32
34
35
36
28
22
19
23
22
31
31
39
25
15
24
21
27
29
20
22
12
3
-1
-3
0
-4
0
-11
-14
-11
-13
-18
-19
-19
-21
-20
-7
-12
-20
-23
-22
-23
-27
-25
-21
-28
-34
-38
-30
-28
-26
-27
-26
-25
-33
-32
-30
-26
-24
-30
-33
-31
-33
-29
-31
-31
-31
-37
-36
-27
-26
-30
-24
-27
-22
-16
-10
-3
0
-5
-11
-8
-4
-4
-1
9
6
6
15
18
11
13
12
17
21
25
30
29
32
25
20
28
30
27
31
33
37
36
39
41
38
35
32
38
34
32
37
40
39
39
36
28
25
27
24
28
31
28
25
21
15
20
19
18
