0
0
0
1
0
1
1
0
-1
1
0
-1
0
0
1
1
-1
1
0
-2
-1
-2
-1
1
0
0
1
1
1
2
2
1
1
2
2
1
3
2
2
2
2
2
2
3
2
0
0
0
1
0
0
-2
-2
-1
2
2
2
1
0
-1
-1
0
1
0
0
0
1
2
2
-1
0
-1
-2
-2
-1
0
-1
-1
-1
-1
-1
-1
-2
-2
-2
-1
-3
-3
-2
-1
0
0
0
-2
-1
0
1
1
2
0
-1
0
-1
0
-1
0
0
-1
-1
0
0
-3
-1
-2
-1
0
0
2
1
2
1
-1
-1
-1
0
-1
0
1
2
0
1
2
1
1
1
-2
-1
-1
-3
-2
0
-2
0
-2
-1
-1
-1
1
1
0
-1
-2
-2
-1
-1
0
1
1
0
0
1
2
1
2
1
0
1
2
2
3
3
3
2
1
0
1
1
1
1
1
2
2
1
1
1
2
1
1
2
2
3
3
2
2
2
1
0
0
0
-1
-1
-2
-2
-1
-2
-1
0
-2
-2
-1
-1
-1
-2
-2
-2
-3
-1
-1
-1
-1
0
0
1
0
-1
-1
-2
-3
-3
-3
-3
-2
-1
1
1
1
0
-1
-1
0
0
0
1
1
0
1
0
0
0
0
1
1
2
2
2
2
3
3
4
4
3
4
4
4
4
2
2
0
1
0
0
0
1
1
1
3
1
1
1
0
0
1
0
0
2
1
-2
-1
0
0
-1
-1
-1
-1
-3
-1
-1
-2
-2
-2
-2
-2
-3
-3
-4
-3
-3
-3
-4
-4
-2
-2
-3
0
-1
0
0
0
-1
1
0
-1
1
1
2
1
2
3
3
1
1
2
0
-1
3
-1
1
2
1
1
0
0
-1
1
0
0
0
-2
-1
-2
-1
-1
-3
-3
-1
-1
-4
-1
-1
-3
-2
-1
-3
-1
0
1
0
0
0
0
0
0
0
-1
-1
-2
-1
0
-1
-2
-2
-1
-1
0
1
1
1
3
4
3
2
3
1
2
2
2
1
1
2
2
3
4
4
3
2
1
0
0
2
1
2
0
0
0
1
0
0
0
-2
-1
-1
-2
-1
0
-1
0
-1
-2
-1
0
2
2
0
2
1
2
2
3
1
-2
0
0
1
2
5
1
0
0
0
2
2
1
0
0
-1
0
3
3
2
4
3
2
1
0
1
1
-1
-1
1
1
-1
-1
-3
-4
-3
-4
-5
-2
-3
-2
-2
-2
-4
-4
-5
-3
-4
-5
-4
-4
-3
-2
-1
-2
-1
0
-3
-3
-3
-2
-1
0
1
2
1
2
5
3
3
1
2
1
-1
-2
1
2
1
-2
1
-1
-2
-1
-2
0
4
5
3
3
4
3
3
0
-2
-2
-2
0
3
1
1
-1
-4
-2
-3
-1
-2
-8
-4
-3
-3
-1
-1
2
1
-1
5
0
0
5
-4
2
1
-1
4
-2
4
2
-3
3
-1
2
4
-3
7
3
2
3
-4
2
-2
-4
-2
2
2
2
2
3
1
-1
2
2
3
2
0
2
3
2
1
1
1
0
0
-2
-2
-1
-2
-4
2
3
-1
-2
-1
-4
-1
0
-2
-1
0
1
-1
-1
3
3
3
2
3
0
1
2
5
4
5
2
4
0
-2
2
-1
4
-4
1
-2
-1
0
-2
4
4
1
0
1
2
-1
2
-2
-3
-4
-5
-1
-3
-2
-2
-3
-2
-1
0
-4
-2
-3
-4
-3
-4
-2
-3
-11
-4
-3
-8
-3
-4
-3
-2
-3
-4
-2
2
-2
-3
5
5
-1
2
-1
0
0
-6
4
3
3
4
-2
3
1
0
-1
-1
1
-1
-1
-3
3
1
-3
-1
-1
-1
2
0
1
0
-3
-1
-3
0
3
-4
-4
-1
1
2
-1
2
3
0
0
0
0
1
-3
-3
3
3
2
-1
5
5
2
4
1
1
5
6
1
5
5
-1
-1
3
2
2
3
4
4
1
5
5
3
6
3
7
3
3
4
4
3
4
8
4
7
8
9
4
3
2
-1
3
2
4
2
2
4
3
3
1
-1
-3
-5
-3
-5
46
71
61
66
25
-3
-43
-93
-111
-84
-41
-34
-27
-6
6
3
7
-24
-30
-25
-83
-97
-100
-81
-32
4
48
93
118
100
67
26
11
-16
-37
-25
-25
0
25
33
53
77
58
39
24
-6
-24
-57
-70
-74
-74
-47
-43
7
54
58
71
66
42
15
-8
-36
-42
-16
-13
-23
0
21
32
61
66
65
69
49
3
-32
-33
-60
-52
-36
-33
-3
22
18
18
30
16
3
-13
-41
-44
-50
-55
-9
2
39
45
19
32
12
-6
-35
-55
-48
-52
-38
-32
-20
11
11
13
46
52
24
2
-30
-38
-32
-50
-62
-22
15
40
32
24
23
5
-4
-19
-45
-29
-28
-33
-8
-4
1
33
59
53
49
25
-5
-20
-30
-42
-30
12
31
51
76
89
98
78
44
-2
-25
-28
-56
-56
-28
-9
7
21
45
59
67
57
27
8
-7
-29
-33
-28
-13
5
24
52
59
55
55
37
15
7
-25
-43
-24
-22
-27
-15
-2
-1
7
-4
-18
-15
-23
-46
-48
-54
-48
-33
-36
-36
-34
-36
-47
-58
-76
-73
-67
-73
-65
-47
-39
-33
-23
-19
-19
-17
-32
-38
-16
-21
-15
-1
7
13
18
20
11
12
5
-8
-13
-17
-22
-21
-15
-1
8
16
36
38
34
34
22
14
23
32
31
39
62
68
80
98
97
95
109
115
103
95
88
72
70
71
64
78
92
93
106
150
197
224
220
171
114
75
54
32
29
47
46
42
18
-24
-47
-83
-149
-239
-331
-405
-415
-393
-359
-326
-312
-296
-285
-262
-244
-240
-230
-248
-219
-175
-97
19
116
188
231
254
286
325
355
335
252
167
87
65
71
118
92
74
52
-12
-51
-96
-143
-212
-259
-336
-391
-318
-241
-165
-93
-76
-101
-130
-83
-88
-17
13
-19
-12
28
113
177
245
247
183
142
110
117
154
158
120
44
19
-9
6
45
70
58
25
-7
-30
0
74
115
109
94
116
117
159
208
203
202
241
235
300
491
685
811
823
697
515
476
443
289
224
226
257
345
365
321
264
125
-210
-671
-968
-1116
-1133
-1010
-941
-953
-979
-968
-911
-853
-812
-941
-1115
-1233
-1252
-1061
-677
-192
125
242
324
387
467
543
489
383
283
255
306
520
797
917
847
652
401
261
261
158
-51
-282
-548
-604
-509
-442
-293
-151
-227
-413
-538
-722
-799
-652
-695
-787
-571
-387
-180
162
198
1
-75
-121
-133
5
228
291
276
329
371
475
680
794
598
352
238
152
197
382
442
369
374
353
267
326
340
183
80
50
70
265
513
669
693
657
605
564
554
634
579
462
459
426
513
804
1159
1460
1629
1512
1221
978
798
601
365
211
251
494
659
634
518
160
-420
-1056
-1847
-2341
-2419
-2553
-2577
-2433
-2338
-2159
-1917
-1825
-1867
-1975
-2271
-2545
-2453
-2138
-1504
-658
69
550
795
915
1093
1227
1104
978
843
754
909
1201
1440
1697
1677
1282
839
397
16
-87
-248
-624
-897
-1114
-1056
-798
-804
-935
-1062
-1274
-1522
-1690
-1640
-1597
-1425
-1226
-1198
-840
-402
-171
53
119
20
-10
172
482
804
1066
1178
1093
1006
1057
1196
1310
1352
1088
697
593
694
884
1078
1127
891
706
622
491
455
427
228
98
129
318
609
890
972
873
784
705
779
863
907
983
943
838
798
805
944
1095
1248
1559
2008
2417
2400
2109
1674
1147
858
524
280
599
1043
1141
861
458
-111
-789
-1497
-2542
-3397
-3778
-4117
-4157
-3845
-3506
-3109
-2888
-2932
-3133
-3438
-3693
-3812
-3620
-3088
-2204
-1197
-309
508
1095
1571
1983
2049
1768
1442
1253
1235
1481
1823
2076
2186
2092
1620
1010
436
-83
-568
-1159
-1600
-1912
-2002
-1797
-1779
-1790
-1786
-2055
-2261
-2255
-2320
-2508
-2286
-1943
-1679
-928
-310
46
621
879
838
1107
1368
1446
1655
1850
1919
2067
2242
2284
2208
2024
1842
1522
1238
1165
1085
987
939
852
662
638
693
513
350
218
-109
-283
-265
-117
265
652
939
1074
1106
1224
1224
1125
1261
1238
1016
1189
1328
1341
1513
1615
1604
1743
2204
2512
3071
3617
3200
2789
2459
1679
1327
1127
1039
1532
1906
1757
1136
558
-187
-1273
-2256
-3445
-4350
-4724
-5091
-5097
-4727
-4303
-4028
-3952
-4056
-4348
-4581
-4874
-4923
-4517
-3848
-2781
-1642
-639
258
860
1297
1591
1558
1198
927
875
941
1326
1776
2061
2190
2001
1524
994
454
35
-341
-825
-1041
-1250
-1457
-1118
-1061
-1316
-1308
-1465
-1790
-1774
-1663
-1823
-1572
-960
-906
-630
41
76
262
740
622
700
1125
1210
1448
1874
2005
1972
1938
1806
1660
1586
1536
1417
1134
928
905
777
812
984
995
823
704
466
265
366
300
195
191
175
311
707
1076
1348
1524
1551
1675
1710
1621
1709
1688
1489
1420
1390
1357
1569
1810
1878
2219
2863
3354
3726
3578
3064
2480
1680
1027
513
382
843
1313
1328
787
228
-409
-1375
-2324
-3596
-4780
-5324
-5795
-5885
-5322
-4632
-4182
-3974
-4117
-4555
-4704
-4846
-4953
-4656
-4230
-3486
-2413
-1295
-162
840
1513
1746
1664
1357
1032
1087
1264
1440
1754
2085
2351
2380
2274
1816
1295
844
88
-393
-396
-567
-535
-357
-738
-898
-818
-1299
-1577
-1414
-1718
-2053
-1634
-1461
-1410
-466
-79
-193
498
616
398
842
1068
895
1141
1437
1482
1747
2021
2074
1943
1862
1788
1565
1413
1412
1228
1095
1345
1441
1331
1463
1460
1110
906
677
306
206
334
459
619
962
1288
1510
1508
1489
1573
1436
1355
1323
1195
1360
1674
1630
1540
1619
1420
1239
1589
1975
2430
3038
2979
2496
2166
1538
865
465
268
312
491
454
64
-234
-638
-1451
-2421
-3508
-4673
-5398
-5803
-5935
-5652
-5172
-4793
-4538
-4391
-4426
-4503
-4648
-4811
-4728
-4305
-3612
-2641
-1514
-364
625
1473
1983
2102
1994
1776
1583
1508
1535
1666
1939
2252
2468
2407
2147
1729
1162
601
61
-345
-431
-556
-814
-813
-976
-1320
-1273
-1363
-1674
-1538
-1435
-1677
-1472
-982
-820
-299
261
181
398
834
828
1035
1571
1720
1920
2317
2437
2561
2768
2723
2580
2461
2192
2059
1957
1929
1995
1929
1972
2043
1853
1678
1577
1261
825
534
204
11
134
258
349
627
859
928
1083
1152
1054
945
995
895
770
893
767
608
700
559
419
656
955
1226
1807
2550
2649
2427
2141
1269
580
292
-195
-334
36
156
-179
-451
-751
-1370
-2033
-2965
-4322
-5174
-5606
-5910
-5647
-5106
-4562
-4171
-4071
-4143
-4090
-4096
-4261
-4347
-4261
-3906
-3044
-2004
-920
347
1282
1766
2039
2105
1863
1608
1418
1105
1058
1303
1546
1943
2202
2132
1838
1287
766
426
-76
-573
-725
-1112
-1388
-1136
-1288
-1343
-846
-876
-1163
-907
-790
-1088
-668
-102
-325
187
949
869
1423
2133
2104
2302
2609
2519
2437
2723
2864
2751
2729
2778
2695
2481
2418
2378
2120
1939
1822
1480
1295
1352
1216
951
878
744
356
146
45
-135
-120
110
322
432
573
828
859
951
1150
910
777
779
534
525
651
603
597
566
495
617
1106
1647
2217
2761
2532
1964
1593
812
231
140
-132
-102
225
116
-259
-304
-662
-1551
-2398
-3599
-4895
-5481
-5863
-6059
-5603
-5074
-4708
-4432
-4319
-4356
-4355
-4396
-4676
-4798
-4624
-4153
-3095
-1895
-767
312
1111
1501
1696
1743
1573
1385
1200
899
900
1363
1811
2271
2571
2474
2233
1972
1516
792
286
-204
-890
-1001
-1060
-1112
-477
-51
-197
-259
-168
-260
-370
-117
-221
-329
349
709
906
1829
2505
2653
2919
2980
2741
2699
2730
2428
2189
2322
2419
2333
2302
2390
2260
1957
1675
1219
803
669
606
387
236
235
159
164
222
93
-75
-109
-159
-90
210
533
942
1369
1480
1462
1514
1341
1053
950
757
578
700
760
695
801
900
993
1368
1796
2075
2215
1972
1470
896
99
-428
-485
-505
-424
-232
-357
-642
-911
-1542
-2421
-3288
-4275
-5292
-5987
-6233
-6100
-5732
-5207
-4848
-4650
-4453
-4317
-4249
-4287
-4390
-4396
-4190
-3593
-2517
-1233
101
1251
2061
2485
2720
2795
2681
2421
2126
1943
1960
2194
2488
2846
3032
2903
2707
2445
1962
1356
580
-293
-964
-1370
-1584
-1722
-1352
-844
-594
-326
-148
-311
-365
-241
-503
-591
-176
188
649
1463
2117
2405
2788
3052
2870
2746
2592
2089
1634
1533
1599
1654
1889
2155
2183
2057
1861
1541
1355
1070
739
235
-188
-187
-110
121
319
445
581
552
462
357
298
327
573
817
967
1073
1129
1180
1231
1383
1243
723
375
261
182
477
943
1589
2474
3309
3589
3111
2258
951
-523
-1291
-1538
-1552
-1392
-1395
-1644
-1708
-1781
-2398
-3491
-4879
-6308
-7414
-7845
-7673
-7091
-6058
-5004
-3966
-2992
-2236
-1690
-1472
-1552
-1768
-1822
-1374
-482
854
2364
3684
4792
5426
5577
5274
4468
3235
1761
560
-385
-1018
-1218
-1339
-1249
-1120
-1182
-1385
-1513
-1831
-2427
-2959
-3514
-3887
-3267
-2378
-1480
26
1466
2272
3124
3993
3966
3879
3949
3397
2879
3170
3275
3209
3789
3972
3391
3045
2484
1296
381
-469
-1449
-2148
-2285
-2165
-1924
-1258
-548
-111
133
335
638
886
1252
1721
1978
2420
2970
3279
3534
3712
3599
3300
2807
2163
1576
1185
731
229
-64
-434
-607
-808
-1330
-1839
-2197
-2583
-2825
-2846
-2697
-2385
-1491
-379
1053
2961
4275
4632
4430
3502
2299
1330
392
-186
-117
112
-125
-524
-878
-1465
-2328
-3650
-5492
-7289
-8465
-9146
-9124
-8206
-6886
-5522
-4158
-2895
-1713
-739
-198
-67
-126
-89
350
1403
2837
4242
5598
6544
6948
7002
6293
4966
3375
1416
-580
-2183
-3269
-3775
-3762
-3540
-3308
-3009
-2694
-2638
-2883
-3148
-3365
-3508
-3228
-2583
-1482
276
2122
3578
4792
5833
6267
6287
5970
5126
4219
3597
2911
2275
2211
2136
1780
1516
1007
50
-847
-1723
-2858
-3738
-4073
-4043
-3624
-2695
-1516
-448
594
1647
2404
2874
3288
3526
3502
3559
3642
3599
3764
3892
3608
3187
2544
1692
871
17
-842
-1585
-2030
-2411
-2645
-2612
-2621
-2565
-2380
-2465
-2335
-2004
-1747
-911
304
1762
3815
5332
5884
5984
5391
4208
3040
1918
775
57
-156
-845
-1449
-1589
-2227
-3009
-4023
-5776
-7479
-8718
-9556
-9837
-9284
-8112
-6762
-5080
-3295
-1584
130
1265
1817
2122
2116
2333
2853
3378
4147
5067
5720
6167
6420
6093
5137
3740
1831
-457
-2536
-4264
-5597
-6287
-6333
-5989
-5343
-4378
-3372
-2571
-1859
-1250
-1008
-756
-217
297
1128
2369
3473
4510
5664
6548
6858
6987
6681
5467
4193
3015
1488
303
-382
-1122
-1632
-1729
-1781
-2019
-2049
-2081
-2563
-2888
-2969
-3034
-2709
-1923
-965
50
1450
2982
4113
5139
5920
5989
5643
5127
4293
3325
2599
1974
1134
667
403
-168
-591
-841
-1577
-2172
-2344
-3050
-3550
-3398
-3494
-3508
-2777
-2183
-1576
-446
700
1661
3249
5023
5787
6175
6235
5241
4269
3323
1868
765
107
-588
-1364
-2127
-2667
-3315
-4043
-4986
-6546
-7934
-8964
-9739
-9891
-9403
-8293
-6924
-5296
-3377
-1500
426
1985
2870
3478
3735
3902
4096
4303
4709
4976
5225
5444
5497
5290
4581
3419
1786
-175
-2076
-3943
-5434
-6373
-6927
-6933
-6375
-5451
-4168
-2904
-1619
-455
281
957
1597
1870
2192
2750
3143
3715
4626
5215
5585
6103
6056
5263
4540
3409
1742
398
-985
-2499
-3263
-3506
-3732
-3478
-2924
-2523
-2032
-1499
-1206
-764
-340
-132
277
855
1631
2716
3827
4934
5879
6339
6450
6161
5353
4437
3385
2069
864
-45
-1172
-1861
-1884
-2201
-2373
-2160
-2312
-2592
-2383
-2362
-2579
-2296
-1960
-1974
-1357
-631
110
1488
2900
4499
5814
6415
6601
6200
5228
4107
2609
990
-311
-1215
-2448
-3531
-3880
-4563
-5096
-5354
-6374
-7337
-7969
-8741
-9248
-9010
-8360
-7561
-6111
-4347
-2679
-436
1561
2924
4187
4895
5244
5378
5305
5135
4761
4418
3983
3565
3273
2765
2131
1207
-12
-1296
-2825
-4141
-5203
-6183
-6686
-6736
-6404
-5471
-4183
-2808
-1347
201
1472
2620
3495
3767
4050
4184
3966
3883
3990
3918
4033
4309
4057
3744
3619
2809
1530
432
-1049
-2631
-3555
-4196
-4704
-4476
-3784
-3152
-2231
-982
41
963
1873
2295
2475
2867
3312
3655
4202
4887
5271
5524
5651
5346
4791
4155
3196
1893
772
-380
-1503
-2177
-2539
-2912
-3033
-2853
-2616
-2381
-1813
-1398
-1287
-969
-771
-621
-276
251
1088
1923
3253
4746
5509
6193
6424
5689
4857
3740
2248
769
-449
-1659
-3196
-4167
-4901
-5815
-6020
-6391
-7256
-7727
-8112
-8461
-8384
-7817
-7152
-6403
-5105
-3787
-2336
-416
1265
2667
3755
4407
4921
5178
5373
5318
4822
4296
3519
2718
2004
1242
486
-508
-1514
-2573
-3708
-4463
-5098
-5710
-6003
-5998
-5653
-4983
-3911
-2607
-1267
153
1373
2322
3224
3988
4246
4325
4414
4143
3902
3867
3769
3576
3549
3356
2811
2411
1811
759
-182
-1061
-2152
-2886
-3172
-3370
-3258
-2658
-1974
-1163
-45
904
1687
2435
2937
3346
3696
4055
4386
4577
4761
4786
4571
4347
4033
3400
2710
1920
884
23
-699
-1339
-1783
-2213
-2420
-2413
-2264
-1928
-1567
-1194
-883
-608
-410
-284
104
612
1171
2426
3634
4398
5282
5638
5337
5091
4317
3002
1863
728
-721
-2172
-3379
-4607
-5555
-5970
-6670
-7397
-7731
-8163
-8376
-8159
-7816
-7285
-6562
-5713
-4813
-3617
-2032
-593
740
1897
2849
3779
4422
4981
5253
5179
4917
4282
3558
2659
1687
792
-251
-1212
-2186
-3202
-3898
-4488
-4981
-5154
-5147
-5039
-4726
-4084
-3290
-2269
-1014
197
1391
2449
3406
4038
4363
4584
4523
4312
4120
3924
3695
3520
3386
3093
2673
2378
1768
931
192
-610
-1444
-2031
-2405
-2797
-2908
-2584
-2192
-1499
-514
417
1293
2027
2710
3288
3787
4219
4463
4518
4475
4262
4082
3766
3369
2996
2451
1965
1243
599
176
-460
-1016
-1309
-1672
-1824
-1612
-1448
-1356
-1041
-767
-833
-556
-203
-57
749
1582
2319
3402
4217
4618
4854
4854
4339
3497
2750
1587
370
-784
-2338
-3631
-4752
-5717
-6307
-7061
-7675
-8144
-8352
-8239
-8053
-7429
-6873
-6137
-5130
-4267
-3142
-1855
-715
405
1428
2339
3095
3853
4540
4787
5001
4945
4432
3966
3188
2238
1246
140
-918
-2029
-2990
-3754
-4311
-4590
-4875
-4917
-4622
-4222
-3581
-2747
-1787
-847
132
1110
1862
2675
3369
3647
3914
4068
3982
3896
3849
3687
3364
3089
2822
2393
1995
1569
946
288
-363
-1070
-1755
-2152
-2370
-2534
-2395
-2072
-1618
-892
-78
767
1594
2438
3111
3614
4097
4375
4488
4528
4424
4097
3702
3339
2839
2301
1875
1386
929
618
233
-208
-496
-775
-1100
-1108
-1097
-1233
-1127
-881
-910
-842
-449
-461
-549
22
556
1209
2469
3430
3944
4465
4700
4283
3788
3314
2123
927
-117
-1868
-3310
-4249
-5339
-6077
-6548
-7149
-7671
-7804
-7741
-7586
-7088
-6613
-6128
-5326
-4623
-3787
-2601
-1578
-745
59
854
1686
2527
3369
3945
4371
4587
4504
4414
4004
3352
2675
1642
427
-702
-1766
-2703
-3376
-3740
-4179
-4492
-4409
-4227
-3871
-3172
-2483
-1847
-1119
-280
411
1132
1915
2273
2649
3119
3236
3591
4050
4093
4107
4130
3948
3513
3277
2896
2182
1634
990
121
-603
-1087
-1553
-2018
-2144
-2178
-2134
-1595
-1005
-428
321
1085
1843
2467
3104
3525
3783
4069
4055
3948
3841
3694
3400
2943
2592
2183
1717
1310
869
493
214
-52
-497
-748
-923
-1355
-1493
-1556
-1864
-2110
-2188
-2177
-2217
-1606
-708
82
1455
2777
3481
4375
4881
4796
4530
4188
3320
2085
1183
-106
-1694
-2595
-3718
-4862
-5456
-6345
-7073
-7504
-7715
-7825
-7816
-7349
-7049
-6491
-5616
-4893
-3873
-2849
-1900
-839
-43
804
1701
2483
3306
3826
4333
4766
4939
4977
4639
4178
3403
2327
1317
144
-966
-1955
-2853
-3577
-4136
-4347
-4434
-4328
-4066
-3736
-3163
-2502
-1770
-984
-114
640
1292
2031
2677
3210
3750
4176
4443
4639
4788
4764
4563
4417
4134
3590
2973
2213
1393
608
-166
-1056
-1853
-2421
-2863
-3008
-2775
-2402
-1880
-1098
-375
339
1204
2054
2628
3162
3672
3893
4025
4018
3920
3810
3587
3351
2998
2521
2121
1798
1441
1064
665
136
-425
-792
-1286
-1946
-2199
-2637
-3208
-3171
-3154
-3173
-2396
-1435
-558
877
2289
3153
3990
4709
4699
4434
4265
3444
2440
1619
287
-1018
-2028
-3224
-4363
-5230
-6111
-6981
-7460
-7665
-8012
-7853
-7503
-7229
-6548
-5798
-5046
-4142
-3189
-2194
-1300
-371
599
1475
2482
3316
4114
4800
5193
5454
5476
5215
4708
3891
2989
1978
719
-551
-1611
-2481
-3380
-3977
-4293
-4493
-4508
-4351
-3959
-3441
-2777
-1978
-1204
-278
576
1293
2132
2826
3379
3966
4403
4682
4895
4933
4844
4725
4539
4117
3579
3035
2367
1550
741
-72
-911
-1616
-2177
-2620
-2763
-2671
-2456
-2003
-1322
-587
161
1105
1950
2643
3268
3788
4132
4201
4253
4189
3985
3713
3327
2865
2509
2159
1628
1167
722
239
-286
-899
-1400
-1793
-2272
-2762
-3059
-3257
-3375
-3320
-3014
-2713
-2110
-1198
-336
915
2248
3153
3899
4309
4301
4034
3671
3065
2088
1288
111
-1367
-2360
-3434
-4604
-5387
-6222
-7093
-7676
-7849
-7911
-7715
-7127
-6767
-6219
-5312
-4486
-3482
-2447
-1615
-904
-203
575
1360
2231
3086
3761
4330
4685
4973
5187
5059
4721
4091
3178
2169
1085
4
-1147
-2136
-2987
-3812
-4119
-4183
-4135
-3776
-3366
-2810
-2139
-1414
-598
274
1085
1734
2411
2950
3355
3900
4205
4329
4571
4720
4689
4619
4530
4128
3583
3063
2289
1502
772
-77
-909
-1636
-2119
-2461
-2565
-2343
-2060
-1604
-993
-297
441
1142
1834
2373
2799
3117
3247
3303
3398
3384
3193
2992
2744
2426
2089
1735
1326
979
551
-8
-450
-931
-1379
-1643
-2007
-2365
-2578
-2760
-2949
-2890
-2692
-2597
-2234
-1565
-841
131
1324
2289
2912
3461
3715
3681
3519
3080
2312
1467
589
-651
-1829
-2721
-3688
-4566
-5314
-6072
-6732
-7157
-7244
-7211
-6898
-6339
-5879
-5224
-4359
-3606
-2876
-2166
-1457
-866
-257
456
1166
1901
2571
3176
3805
4298
4696
4855
4702
4392
3811
3048
2139
1208
223
-862
-1795
-2571
-3241
-3599
-3629
-3589
-3339
-2773
-2200
-1485
-553
146
641
1332
2026
2346
2816
3388
3462
3751
4278
4203
4107
4281
4109
3723
3605
3241
2357
1817
1436
463
-328
-788
-1474
-2076
-2184
-2155
-2167
-1660
-1053
-668
-48
618
1081
1501
2005
2322
2399
2639
2862
2743
2721
2696
2431
2120
1885
1665
1312
1052
726
197
-190
-485
-902
-1235
-1498
-1876
-2308
-2544
-2652
-2752
-2723
-2612
-2493
-2242
-1785
-1252
-602
294
1216
1968
2552
3081
3316
3200
3084
2704
1918
1205
483
-589
-1702
-2529
-3521
-4442
-4923
-5540
-6177
-6273
-6174
-6141
-5897
-5465
-5199
-4847
-4121
-3587
-3054
-2326
-1667
-1119
-443
466
1275
2086
2978
3583
4005
4454
4816
4895
4666
4351
3799
2887
2061
1149
74
-798
-1640
-2427
-3004
-3235
-3291
-3190
-2815
-2327
-1878
-1299
-601
86
675
1245
1773
2169
2527
2964
3386
3610
3842
4165
4174
4091
4033
3713
3243
2800
2280
1422
737
212
-637
-1217
-1518
-1899
-2057
-1949
-1851
-1760
-1317
-782
-470
20
454
758
1121
1505
1883
1984
2144
2334
2306
2342
2383
2206
1954
1770
1485
1066
644
310
-196
-570
-834
-1237
-1532
-1928
-2386
-2657
-2791
-2855
-2915
-2828
-2730
-2551
-2141
-1808
-1456
-848
-205
433
1227
1993
2522
2993
3413
3406
3228
3000
2545
1849
1170
341
-672
-1376
-2122
-3038
-3583
-4096
-4766
-5181
-5470
-5749
-5789
-5578
-5382
-5156
-4678
-4175
-3683
-2907
-2108
-1319
-423
465
1338
2209
3116
3875
4406
4745
4885
4815
4658
4318
3745
2984
2230
1453
563
-205
-884
-1472
-2008
-2401
-2666
-2686
-2399
-2198
-1900
-1435
-1085
-623
-43
433
928
1613
2273
2521
3029
3559
3507
3920
4129
3620
3474
3243
2556
1967
1718
1102
267
-8
-593
-1344
-1493
-1634
-1916
-2036
-1884
-1835
-1867
-1358
-953
-790
-317
152
506
863
1286
1554
1634
1934
2107
2065
2098
2072
1893
1615
1455
1236
785
531
96
-597
-1088
-1542
-2020
-2455
-2828
-3185
-3356
-3363
-3398
-3207
-2807
-2574
-2171
-1613
-1223
-732
-106
570
1345
2149
2938
3479
3903
4331
4292
4042
3756
3171
2373
1601
758
-196
-1047
-1846
-2728
-3439
-4064
-4745
-5232
-5592
-5876
-5934
-5707
-5394
-4959
-4266
-3536
-2744
-1805
-939
-29
866
1591
2384
3038
3490
3849
4085
4202
4198
4094
3862
3554
3156
2622
1941
1238
544
-238
-1019
-1649
-2155
-2466
-2609
-2690
-2551
-2211
-1805
-1228
-608
51
599
1208
1740
2046
2349
2508
2684
2864
2921
3029
3021
2776
2523
2233
1957
1508
956
349
-343
-812
-1395
-2013
-2324
-2640
-2717
-2546
-2330
-1969
-1635
-1240
-880
-509
-77
244
613
917
1116
1358
1436
1546
1694
1704
1700
1694
1522
1190
890
519
13
-369
-820
-1344
-1696
-2027
-2451
-2783
-2900
-3005
-3111
-2882
-2520
-2228
-1789
-1211
-735
-250
339
775
1085
1539
1994
2277
2678
3271
3685
3932
4278
4284
4006
3734
3288
2609
1841
1012
-34
-1140
-2006
-2825
-3645
-4135
-4509
-4900
-5025
-4849
-4645
-4439
-3964
-3477
-3073
-2610
-2162
-1673
-1241
-719
-143
338
902
1471
1994
2623
3182
3572
3832
4010
3947
3572
3160
2589
1794
1068
407
-256
-825
-1282
-1482
-1663
-1671
-1435
-1339
-1145
-842
-696
-518
-296
-54
258
515
817
1036
1230
1613
1788
1968
2198
2097
1949
1891
1648
1207
880
476
-121
-587
-925
-1360
-1633
-1770
-2001
-2164
-2225
-2196
-2142
-1866
-1483
-1217
-883
-545
-222
82
303
579
752
822
819
792
888
955
989
890
710
582
312
91
-60
-322
-710
-1066
-1336
-1715
-1946
-1895
-1936
-1831
-1487
-1292
-952
-445
-72
206
554
921
1030
1264
1592
1646
1830
2224
2589
2946
3459
3946
4151
4387
4343
3808
3231
2561
1692
771
-76
-876
-1685
-2251
-2619
-2968
-3104
-3207
-3345
-3626
-3877
-3882
-3965
-3950
-3729
-3601
-3373
-2881
-2264
-1625
-870
-76
589
1264
1934
2399
2800
3099
3242
3270
3072
2856
2520
2142
1787
1373
929
521
196
-154
-373
-528
-802
-1041
-1176
-1313
-1361
-1332
-1316
-1270
-1222
-1165
-995
-594
-214
95
534
726
864
1127
1330
1298
1273
1192
766
383
111
-242
-623
-903
-1190
-1481
-1570
-1531
-1626
-1645
-1528
-1520
-1522
-1292
-1051
-990
-797
-603
-541
-366
-117
67
186
390
471
488
676
810
810
791
789
703
671
662
619
489
409
301
1
-223
-384
-430
-458
-454
-286
-99
71
352
570
721
1039
1201
1391
1744
1953
2125
2313
2520
2641
2792
3257
3476
3554
3760
3595
3144
2585
1874
1130
250
-605
-1358
-2043
-2366
-2653
-2794
-2790
-2884
-2984
-3138
-3280
-3432
-3667
-3699
-3659
-3607
-3318
-2945
-2388
-1800
-1091
-233
485
1222
1727
2025
2443
2711
2742
2691
2549
2290
2086
1940
1758
1516
1258
914
603
278
4
-238
-685
-993
-1392
-1941
-2116
-2165
-2297
-2181
-1874
-1659
-1371
-811
-506
-333
101
221
83
236
258
40
64
199
41
-79
31
-136
-298
-313
-589
-966
-1262
-1515
-1773
-1877
-1738
-1709
-1672
-1369
-1096
-911
-627
-356
-399
-401
-217
-136
-49
244
570
864
1306
1698
1935
2181
2306
2132
1866
1634
1314
975
735
478
281
266
193
183
305
362
413
585
644
636
805
866
894
1151
1413
1490
1755
2024
2011
2174
2485
2548
2721
3049
3045
2924
2900
2543
1840
1118
409
-276
-832
-1309
-1609
-1776
-1879
-1926
-2022
-2158
-2290
-2549
-3008
-3492
-3838
-4148
-4242
-3944
-3497
-2905
-1998
-1156
-366
411
998
1421
1711
1760
1651
1589
1562
1576
1675
1719
1701
1764
1854
1809
1702
1448
1071
558
-61
-558
-1112
-1533
-1866
-2189
-2288
-2247
-2294
-2125
-1809
-1698
-1657
-1303
-1165
-1249
-866
-688
-819
-436
-117
-301
-165
43
-295
-527
-399
-660
-1006
-888
-962
-1233
-1066
-946
-1120
-965
-640
-724
-759
-497
-528
-725
-589
-422
-440
-211
118
323
630
1065
1344
1521
1856
2014
1914
1952
1936
1711
1551
1463
1423
1358
1333
1296
1179
1092
1046
979
841
829
750
602
645
698
705
841
1032
1130
1244
1489
1466
1391
1453
1389
1265
1356
1451
1459
1719
1968
1872
1896
1873
1357
796
372
-90
-657
-956
-1154
-1393
-1357
-1259
-1389
-1408
-1542
-1977
-2471
-2836
-3159
-3365
-3274
-3108
-2821
-2263
-1625
-1078
-571
-125
156
236
334
431
533
752
989
1307
1618
1903
2168
2257
2207
1938
1502
962
396
-238
-636
-900
-1215
-1368
-1579
-1765
-1821
-1959
-2152
-2268
-2380
-2570
-2693
-2558
-2466
-2297
-1936
-1618
-1299
-965
-659
-534
-334
-90
-81
-41
38
62
73
149
287
285
283
313
246
129
49
-133
-310
-344
-424
-412
-220
-31
40
162
329
418
479
726
927
1071
1346
1624
1750
1840
1912
1883
1842
1816
1740
1650
1669
1514
1368
1311
1268
1111
1044
987
735
672
608
320
230
356
442
542
740
854
798
898
920
857
945
940
721
858
1158
1230
1374
1537
1438
1328
1209
812
430
267
11
-271
-378
-521
-635
-627
-761
-1079
-1426
-1827
-2349
-2753
-2995
-3092
-2924
-2626
-2307
-1839
-1367
-962
-671
-525
-465
-449
-505
-510
-325
-109
196
641
933
1222
1482
1545
1444
1235
980
618
265
-81
-376
-625
-878
-1130
-1462
-1799
-2103
-2379
-2587
-2733
-2783
-2769
-2631
-2376
-2044
-1571
-1152
-899
-672
-476
-401
-280
-81
24
200
503
702
891
1119
1183
1087
994
843
587
440
321
127
53
85
89
98
177
221
198
178
92
-28
-53
33
220
488
736
973
1180
1297
1370
1451
1522
1486
1422
1422
1356
1418
1554
1692
1743
1712
1647
1446
1155
828
578
337
147
153
120
133
281
314
329
500
595
475
480
478
329
342
545
607
804
1093
1146
1082
982
727
451
353
348
352
398
426
418
319
113
-148
-499
-918
-1333
-1708
-2011
-2160
-2148
-2042
-1831
-1612
-1473
-1390
-1416
-1522
-1592
-1648
-1675
-1573
-1353
-1058
-602
-126
292
605
723
796
742
559
309
242
207
138
197
99
-84
-116
-372
-768
-942
-1169
-1593
-1765
-1681
-1852
-1717
-1233
-1261
-1317
-1051
-1192
-1409
-1174
-1166
-1278
-917
-527
-460
-47
471
568
635
887
914
710
762
794
640
737
905
883
979
1109
947
654
519
331
-39
-140
-147
-261
-190
-58
-2
60
212
277
227
252
357
455
596
896
1146
1298
1527
1722
1823
1753
1704
1653
1513
1375
1275
1145
1074
1093
1074
996
921
781
507
435
403
201
85
18
-247
-466
-356
-350
-301
-32
107
172
382
502
515
628
694
585
641
744
711
745
705
510
363
204
-7
-244
-456
-669
-904
-1086
-1206
-1253
-1320
-1487
-1643
-1811
-2017
-2106
-2166
-2232
-2160
-1954
-1770
-1486
-1045
-711
-416
-122
23
65
199
263
306
388
453
522
605
602
572
514
233
-53
-323
-594
-857
-1058
-1237
-1334
-1360
-1360
-1290
-1236
-1240
-1244
-1261
-1201
-975
-732
-511
-307
-64
113
244
408
494
531
510
503
506
522
661
820
890
963
976
896
745
649
572
470
317
164
152
127
87
49
50
39
25
102
183
271
500
738
996
1313
1529
1642
1783
1790
1683
1485
1217
977
750
623
639
708
709
768
853
832
710
549
311
0
-206
-334
-483
-561
-547
-540
-512
-400
-301
-298
-116
95
175
339
443
350
295
315
234
109
220
264
167
212
125
56
72
-57
-196
-338
-463
-615
-788
-964
-1109
-1228
-1288
-1227
-1202
-1235
-1194
-1159
-1137
-1054
-967
-900
-828
-682
-521
-411
-291
-249
-132
147
259
173
121
324
422
329
306
243
198
109
-244
-505
-522
-574
-731
-846
-784
-693
-682
-602
-532
-468
-534
-607
-697
-742
-687
-671
-638
-473
-281
-188
-71
72
200
269
376
506
544
585
666
751
785
785
773
713
591
511
392
325
332
344
370
450
593
611
640
705
696
694
557
525
546
503
454
442
537
567
559
557
534
584
663
597
595
718
785
721
603
548
327
21
-189
-393
-509
-455
-447
-343
-129
-36
16
-35
-16
-124
-283
-362
-447
-480
-392
-344
-232
-9
153
227
221
200
135
94
113
145
223
300
319
286
295
230
98
-26
-94
-203
-280
-309
-355
-299
-269
-298
-357
-475
-619
-710
-682
-669
-596
-486
-424
-257
-107
-45
16
43
59
-56
-134
-180
-265
-338
-426
-401
-436
-474
-517
-532
-537
-595
-648
-667
-664
-674
-670
-545
-456
-458
-330
-304
-325
-337
-356
-384
-362
-267
-215
-135
25
106
161
276
406
554
460
514
536
487
460
351
434
454
507
528
378
474
352
301
282
282
401
376
423
338
224
273
38
3
251
182
270
362
341
378
381
519
329
300
325
15
-10
146
34
-207
-100
-64
-127
-233
-60
-128
-143
54
-99
-107
-80
-167
-191
-241
-166
-144
-222
-59
96
209
421
377
499
617
586
607
532
530
555
475
476
503
503
456
337
366
431
401
353
368
368
306
264
157
106
15
-140
-255
-300
-288
-221
-190
-101
4
-11
-80
-43
-71
-186
-276
-311
-380
-453
-474
-543
-631
-664
-780
-818
-782
-729
-698
-747
-758
-736
-658
-690
-654
-688
-681
-632
-615
-580
-526
-421
-332
-279
-127
-217
-163
-146
-112
-19
-94
-9
48
70
122
154
209
301
131
100
7
143
123
78
8
20
135
138
-232
-97
26
-191
-142
-374
-215
-180
15
-117
-376
276
308
114
178
53
246
196
-92
11
29
268
102
-147
213
9
218
-52
-307
257
113
-86
187
-30
275
705
460
121
288
573
342
350
715
576
901
1176
712
817
1240
1402
744
672
1053
795
591
544
734
1083
916
805
634
462
817
336
-189
110
492
383
-167
176
412
-38
11
-54
-218
58
133
-156
-137
421
134
-79
-28
-41
-89
-256
-243
-403
-343
-127
-587
-652
-456
-778
-711
-629
-909
-976
-996
-826
-988
-908
-661
-817
-846
-788
-940
-819
-786
-783
-926
-656
-328
-603
-668
-460
-323
-370
-307
-367
-399
-309
-105
-571
-396
-61
-288
-330
-453
-464
-480
-496
-571
-865
-635
-330
-671
-661
-611
-302
-254
-545
-399
-399
-11
-283
-576
114
-17
-6
176
-2
149
346
163
22
277
646
181
-41
226
509
343
355
180
22
500
423
249
180
526
933
491
285
925
854
996
864
1089
1206
1604
1684
838
1522
1975
1440
996
1223
1717
1359
1027
1003
947
1729
955
388
771
752
803
103
-190
579
127
330
37
-274
689
224
-102
33
-44
516
59
-1
475
153
383
303
-11
96
290
-128
-201
-161
-62
-558
-513
-522
-532
-772
-832
-775
-826
-942
-1048
-1083
-868
-798
-1041
-1140
-1191
-942
-818
-1318
-872
-623
-869
-614
-577
-680
-555
-297
-404
-566
-438
-131
-502
-780
-471
-676
-730
-681
-893
-969
-979
-463
-1012
-961
-516
-847
-811
-712
-743
-830
-695
-211
-660
-509
-161
-549
-282
-335
-418
-308
-375
137
-463
251
369
88
368
324
43
337
155
-31
-178
254
236
-292
92
373
12
153
336
164
549
716
555
681
1019
1235
1133
746
1424
1540
1159
1167
1298
1359
1554
1663
1277
1116
1882
1211
962
1053
1146
919
721
472
566
447
421
168
106
439
-200
170
182
22
249
289
363
668
-42
629
206
493
496
151
388
382
625
89
-450
628
283
-409
84
-298
-249
-156
-483
-904
-543
45
-565
-1136
-281
-367
-718
-875
-532
-861
-194
-793
-608
-397
-275
-71
-392
-601
67
-237
-756
-387
-646
-256
-635
-340
-626
-855
-168
-1037
-934
-631
-928
-960
-1002
-764
-926
-632
-618
-763
-359
-342
-878
-405
-494
-426
-480
-390
-434
-576
131
-579
-374
143
-319
-153
-38
-81
103
-90
128
-260
-83
70
-708
-180
25
-534
-107
-114
-284
189
-57
179
-15
495
423
324
361
759
250
607
521
362
644
786
332
712
524
958
670
639
731
574
876
911
303
803
628
106
731
366
6
609
460
155
358
628
303
275
871
253
111
791
306
226
452
262
355
522
-27
295
215
353
13
-48
-120
137
-30
-71
-41
194
114
-326
193
-161
-213
172
-295
-104
486
-263
132
58
-232
-42
-150
-57
-167
-237
-94
-121
-269
37
-383
-369
-7
-243
-498
28
-603
-102
-344
-418
-216
-286
-292
-53
-237
161
-24
-204
429
-74
-139
271
28
-266
143
-292
-82
-228
-371
-177
-400
-373
-306
-619
-151
-292
-775
-314
-441
-406
-334
-778
-475
51
-482
-620
-236
-308
-55
-241
-341
-5
-122
-52
-26
-318
371
-20
-108
208
-121
9
-20
-464
39
14
-434
52
-5
-162
47
51
-59
154
267
133
-178
346
427
-191
304
357
-51
483
382
-54
827
617
-106
297
584
196
26
261
107
6
-117
18
-589
288
100
-478
-24
245
-93
-239
-154
55
-153
-22
54
-32
246
76
-48
46
394
280
156
291
500
325
321
266
535
469
262
-2
366
461
133
338
220
239
347
-139
-33
392
-69
55
137
288
287
270
391
268
257
510
91
201
642
97
167
498
302
570
157
324
315
161
286
-221
-164
155
-90
-200
-280
-101
-168
-388
-92
-386
-309
-9
-313
-504
-446
-70
-256
-560
-246
-470
-347
-434
-337
-450
-347
-284
-451
-677
-350
-389
-783
-364
-383
-597
-419
-474
-360
-626
-494
-189
-532
-487
-223
-608
-404
-85
-330
-72
-307
41
-128
-516
107
-86
-274
152
99
-35
5
-8
95
69
25
168
-61
227
103
-240
-61
173
-48
-13
49
48
42
226
100
-15
173
266
-223
5
31
113
-115
8
-57
59
134
245
-44
139
489
73
169
227
475
186
209
340
631
231
457
574
374
362
698
403
523
805
875
211
621
837
282
524
478
592
443
478
465
403
563
467
313
456
495
495
180
236
253
261
163
2
387
154
-67
226
78
224
20
252
-127
-2
-25
-138
-234
-188
-286
-307
-266
-196
-429
-360
-614
-576
-245
-1037
-452
-669
-586
-759
-437
-841
-657
-436
-825
-728
-428
-667
-614
-536
-457
-424
-628
-165
-758
-333
-253
-530
-402
-126
-432
-187
-517
-149
-542
-320
-179
-664
-370
-140
-594
-290
-93
-52
-483
-95
89
-499
297
-221
-202
117
34
94
-284
310
205
-227
259
-43
142
237
-80
208
156
291
1
-59
59
132
180
-4
23
259
273
47
230
243
381
428
373
370
476
522
717
389
1085
682
809
771
824
921
615
765
786
847
970
603
551
1005
438
649
176
491
639
326
289
510
385
668
37
372
274
481
355
-102
188
464
217
398
-137
299
321
-92
141
-354
342
-122
-211
8
-468
-171
-125
-657
-93
-795
-319
-652
-859
-517
-656
-668
-670
-929
-577
-815
-491
-1081
-687
-601
-652
-592
-689
-598
-310
-739
-410
-765
-524
-391
-762
-355
-573
-377
-319
-602
-449
-389
-547
-313
-721
-1
-444
-137
-317
-277
-244
-122
-312
20
-458
310
-202
-61
184
100
93
-12
118
215
-114
308
6
-187
421
-212
55
-65
236
-133
-17
-25
351
-275
362
-263
299
54
311
101
331
276
539
188
508
428
489
648
217
871
496
754
590
839
410
838
573
653
497
669
540
584
687
567
345
652
574
357
465
563
410
526
305
440
406
381
252
354
427
233
332
291
326
218
279
175
192
77
233
-135
-11
-148
10
-216
-256
-42
-306
-166
-328
-239
-579
-97
-670
-295
-374
-399
-475
-457
-397
-649
-362
-576
-371
-770
-263
-853
-514
-657
-455
-1003
-420
-730
-643
-590
-711
-430
-786
-475
-538
-537
-774
-207
-680
-413
-562
-25
-448
-246
78
-236
-367
93
110
-497
77
118
13
16
317
-44
241
59
174
-169
10
228
-139
-148
120
31
-6
-78
68
291
-145
73
111
201
4
117
151
110
201
218
141
-38
371
324
74
188
548
182
279
562
326
241
473
585
167
490
518
313
161
579
413
71
492
343
527
211
329
377
406
295
392
330
559
307
376
368
171
529
75
402
360
73
252
217
255
205
-18
303
296
-85
180
-42
257
-3
60
-124
-90
232
-179
6
-5
-66
1
113
-109
-33
-171
226
-191
-247
-126
-437
-34
-477
-418
-369
-323
-330
-529
-570
-297
-423
-601
-472
-578
-329
-664
-351
-520
-750
-289
-420
-485
-445
-231
-525
-407
-163
-273
-704
59
-62
-442
-82
-54
-87
-281
-18
0
-304
-72
213
-465
91
58
-125
-194
33
114
-373
-153
217
-297
-58
126
-239
-45
27
162
-326
-32
207
-228
-57
111
-45
84
54
30
-104
43
302
-245
-49
182
110
134
65
127
401
43
297
196
35
552
133
335
403
284
445
221
357
391
214
434
473
313
544
327
505
358
337
421
220
495
468
199
311
539
282
455
129
336
345
116
425
57
229
411
136
206
115
269
296
-11
195
200
-17
277
-5
14
110
-50
163
-127
-70
265
-237
-157
-102
-187
-67
-214
-319
-58
-404
-207
-358
-392
-26
-499
-209
-429
-468
-65
-535
-490
-58
-573
-210
-484
-422
-101
-549
-273
-147
-401
-171
-539
-237
-80
-426
-119
-304
-261
-70
-505
-142
-151
-354
-37
-245
-119
-40
-379
-140
-167
-241
-114
-303
-91
-179
-292
10
-344
-208
-109
-339
-33
-233
-258
89
-334
-202
-30
-300
-84
-93
-149
-71
18
-111
13
-139
142
5
-79
202
-31
216
174
64
378
251
-83
316
202
197
294
177
268
309
219
326
193
405
513
280
441
368
266
564
323
292
577
381
353
357
386
284
454
478
326
324
498
441
236
580
532
234
530
216
212
500
165
217
430
281
257
338
361
105
267
175
-120
79
252
-42
-73
300
-77
-81
56
-88
-169
227
-236
-380
52
-159
-341
-291
-133
-373
-185
-27
-410
-432
44
-348
-515
-142
-254
-353
-114
-139
-430
-294
-70
-509
-452
-228
-432
-358
-183
-382
-384
-125
-218
-533
-351
-184
-449
-423
-240
-453
-403
-205
-303
-482
-379
-173
-510
-463
-214
-425
-416
-156
-294
-497
-218
-138
-576
-313
-40
-404
-367
39
-205
-342
-46
40
-285
-156
103
-227
-136
249
3
-102
235
171
56
164
346
154
91
422
196
219
424
455
102
309
533
226
120
477
401
137
387
330
296
331
573
249
244
532
385
72
392
523
210
296
504
368
228
530
406
243
572
493
206
375
559
314
277
550
410
86
316
439
215
79
444
324
11
197
311
125
-40
296
134
-84
48
242
28
-148
54
69
-212
-81
49
-184
-123
12
-46
-254
-80
4
-277
-320
-103
-259
-397
-183
-158
-357
-297
-153
-266
-435
-344
-353
-413
-406
-338
-297
-381
-427
-357
-363
-468
-367
-292
-455
-502
-326
-373
-510
-380
-342
-432
-391
-255
-335
-429
-248
-287
-461
-346
-266
-361
-404
-272
-249
-359
-274
-186
-207
-158
-196
-131
-91
-118
-86
-31
65
22
-4
83
16
72
105
45
159
187
139
25
153
170
177
109
185
218
122
225
194
160
219
312
225
244
343
347
322
320
342
461
440
289
385
511
392
324
414
428
405
381
417
429
458
407
359
385
377
450
429
264
270
333
301
197
190
247
222
180
75
88
284
181
104
103
108
128
94
71
43
89
165
78
-16
51
39
-84
-29
-134
-121
-100
-68
-158
-226
-251
-121
-125
-281
-258
-154
-89
-284
-319
-180
-142
-226
-188
-308
-239
-120
-249
-353
-317
-262
-265
-255
-355
-326
-257
-244
-377
-418
-337
-293
-320
-349
-377
-367
-286
-328
-327
-298
-331
-223
-279
-330
-330
-291
-140
-194
-272
-238
-159
-130
-148
-220
-226
-89
3
-138
-169
-67
-40
-21
-148
-146
-34
6
28
-113
-61
-30
36
-1
4
54
46
55
144
77
83
142
176
272
192
231
232
338
312
212
234
289
317
350
321
245
256
346
350
261
325
366
336
308
297
333
338
307
307
295
300
285
270
327
336
258
314
282
368
276
251
221
215
273
204
137
158
158
137
141
116
158
39
-5
-34
12
-54
-10
-18
-49
-6
-79
-114
-93
-48
-42
-62
-92
-68
-83
-65
-94
-169
-86
-102
-63
-94
-122
-68
-94
-108
-170
-195
-147
-199
-205
-160
-160
-144
-200
-143
-155
-174
-227
-245
-246
-292
-265
-215
-283
-341
-219
-232
-356
-257
-169
-271
-291
-263
-240
-250
-346
-302
-240
-318
-360
-246
-207
-243
-223
-208
-199
-223
-185
-186
-191
-173
-133
-165
-118
-107
-97
-91
-3
54
42
69
45
11
24
87
94
106
136
185
137
123
201
184
148
154
101
103
124
162
141
248
276
311
313
281
304
242
236
217
160
229
223
109
156
176
151
157
222
221
184
225
259
168
238
266
208
129
152
130
120
137
145
107
106
142
100
143
92
72
4
7
4
39
105
148
141
138
160
154
133
69
98
64
2
6
54
20
3
29
45
32
-5
23
13
37
15
46
-22
-77
-82
-56
-38
-85
-68
-96
-141
-126
-66
-93
-112
-125
-119
-181
-192
-210
-231
-267
-273
-251
-221
-207
-207
-192
-223
-236
-196
-225
-242
-237
-237
-214
-218
-214
-213
-233
-200
-207
-192
-167
-211
-205
-226
-205
-155
-131
-147
-73
-96
-153
-138
-116
-67
-13
1
24
1
-17
44
29
30
112
108
8
57
31
55
47
69
59
48
93
95
58
93
90
40
77
111
87
82
103
106
125
134
146
117
82
127
145
111
168
160
175
164
172
194
171
118
142
118
130
155
107
121
100
119
114
114
154
180
119
108
116
71
76
69
45
111
77
103
147
131
161
153
160
162
194
176
180
144
111
129
122
95
54
67
-10
-23
-31
-36
-51
-43
-32
-58
-88
-80
-65
-101
-124
-120
-151
-164
-141
-166
-230
-176
-137
-171
-146
-148
-106
-110
-127
-137
-133
-155
-163
-141
-158
-206
-166
-182
-177
-169
-184
-134
-133
-189
-167
-166
-173
-165
-153
-113
-123
-98
-108
-113
-145
-107
-124
-93
-84
-61
-18
-42
-79
-85
-78
-51
-25
-48
19
-19
-34
-15
-7
-70
-53
-21
-53
-56
-61
-23
48
15
-33
24
42
63
36
82
138
127
153
213
230
206
224
225
212
195
171
199
231
183
203
237
234
195
150
154
124
119
122
141
146
148
154
99
67
95
120
146
125
85
111
100
82
79
78
34
32
77
45
38
43
71
43
8
33
52
14
-15
-29
-39
-64
-80
-51
-56
-81
-75
-94
-81
-54
-90
-75
-56
-64
-86
-65
-80
-102
-47
-60
-68
-20
-29
-81
-49
-25
-87
-74
-27
-28
-20
-28
-42
-36
-71
-76
-47
-52
-50
-81
-74
-79
-51
-55
-18
-35
-27
-40
-73
-83
-53
-25
-35
-3
-40
-52
-60
-43
-91
-112
-59
-69
-78
-96
-110
-132
-118
-105
-98
-126
-140
-172
-195
-129
-125
-120
-137
-128
-108
-76
-41
-38
-27
-25
-28
-22
10
92
92
69
60
29
35
86
107
102
99
99
64
84
87
96
114
89
78
82
92
76
74
71
23
38
33
31
72
89
113
61
102
102
68
64
79
53
55
63
61
49
48
51
36
75
66
82
71
26
33
50
66
53
25
19
3
-13
20
42
46
65
43
63
37
34
80
86
81
70
68
69
94
72
75
91
53
57
56
73
53
69
28
-8
36
48
-6
35
41
11
2
-10
2
-35
-32
-18
4
-4
4
-26
-7
-17
-44
-34
-58
-64
-86
-85
-91
-112
-97
-101
-150
-169
-170
-130
-98
-117
-141
-101
-99
-125
-129
-111
-123
-144
-157
-153
-129
-126
-156
-113
-138
-138
-91
-82
-82
-107
-85
-55
-69
-77
-58
-107
-103
-81
-61
-34
-33
-16
-19
-27
-45
-59
-67
-63
-57
-32
22
9
19
16
16
18
10
74
88
37
65
74
49
57
60
70
30
64
91
75
58
98
106
98
100
135
164
149
169
138
147
116
106
141
152
143
156
179
167
184
170
158
150
120
122
106
83
83
118
107
101
98
110
81
86
97
98
118
77
88
90
57
27
36
36
44
36
40
25
-10
-7
0
-2
-8
-18
-27
-12
-11
-31
-44
-50
-78
-79
-77
-116
-123
-152
-179
-151
-156
-175
-140
-141
-163
-145
-147
-135
-144
-136
-164
-160
-163
-175
-189
-163
-164
-159
-139
-141
-135
-149
-112
-105
-143
-153
-160
-186
-164
-139
-116
-91
-85
-92
-82
-59
-35
-49
-36
-24
-47
-53
-22
-4
-2
0
26
28
26
22
34
32
28
60
63
48
57
81
87
60
73
96
82
72
88
99
89
101
89
120
113
136
144
140
130
118
172
158
157
162
164
140
133
152
159
141
132
136
96
83
89
113
108
145
128
107
109
108
82
61
68
71
87
57
84
76
57
58
88
82
73
53
11
-2
12
1
-9
-24
-20
-8
-26
-31
-27
-39
-70
-77
-93
-111
-111
-95
-91
-115
-117
-118
-115
-123
-134
-111
-118
-111
-93
-98
-80
-91
-118
-93
-81
-91
-91
-64
-78
-108
-100
-90
-102
-91
-78
-86
-71
-72
-96
-116
-92
-91
-86
-68
-60
-90
-81
-68
-78
-58
-45
-34
-26
-28
-43
-43
-36
-6
-17
-13
-10
-11
-30
-45
-3
11
1
-3
-8
6
-4
-4
26
40
38
32
2
22
31
26
32
37
29
31
43
61
73
75
63
68
91
61
58
61
72
53
69
77
71
63
56
73
57
77
86
90
78
78
93
81
69
59
62
70
79
78
81
70
71
65
36
60
71
58
70
62
54
49
41
37
28
16
18
37
20
-5
-14
0
-5
8
7
-8
11
3
-11
-8
-6
-7
-6
-27
-34
-38
-43
-36
-27
-22
-31
-40
-42
-39
-54
-33
-31
-34
-42
-27
-8
-30
-35
-18
-3
-9
-15
-23
-28
-39
-43
-23
-27
-16
-25
-41
-34
-34
-38
-65
-60
-44
-41
-51
-54
-62
-51
-65
-81
-72
-68
-71
-71
-65
-84
-77
-66
-59
-73
-54
-50
-71
-72
-61
-61
-71
-61
-59
-45
-40
-31
-22
-17
-15
-16
3
15
23
19
26
26
20
39
36
42
52
56
56
48
47
45
43
46
52
60
63
72
76
54
58
63
65
77
77
64
63
62
63
64
61
62
63
64
63
59
66
75
52
41
53
35
16
10
12
38
36
41
55
50
57
51
30
23
9
1
-4
8
12
1
3
23
25
24
37
28
5
-2
8
4
8
-1
-2
-10
-21
-18
-10
-20
-35
-33
-38
-53
-45
-43
-31
-36
-42
-58
-76
-67
-64
-67
-63
-49
-53
-49
-54
-63
-55
-38
-52
-64
-59
-67
-61
-47
-40
-56
-67
-50
-55
-37
-40
-56
-50
-49
-45
-42
-45
-51
-50
-66
-39
-21
-23
-29
-49
-45
-47
-36
-24
-26
-29
-50
-53
-30
-15
-14
0
-1
-14
-19
-10
-1
-1
4
-12
-15
-6
0
28
35
38
41
37
31
32
44
52
59
61
71
73
79
84
101
98
89
87
94
101
90
96
92
93
85
94
92
86
84
75
70
63
68
56
54
57
63
57
55
59
48
57
58
56
32
10
16
29
45
36
35
40
43
30
18
18
13
22
13
17
8
-18
-19
-23
-6
-11
-17
-27
-41
-44
-38
-28
-28
-38
-50
-44
-42
-30
-29
-34
-48
-58
-57
-55
-65
-68
-72
-80
-80
-88
-79
-76
-82
-94
-97
-87
-78
-85
-75
-77
-90
-87
-92
-95
-89
-93
-93
-74
-68
-72
-84
-74
-67
-57
-42
-36
-37
-28
-30
-36
-29
-30
-33
-33
-21
0
4
0
2
-3
-9
-3
-3
-7
-11
2
14
25
34
45
32
20
35
52
55
46
45
42
43
44
55
60
51
62
65
67
69
79
77
76
78
67
63
66
69
79
83
78
83
89
86
84
82
76
65
74
77
75
83
74
72
69
74
64
48
45
39
28
20
23
10
9
9
16
14
14
20
4
13
10
5
3
4
-3
-7
-8
-6
-10
-30
-24
-31
-31
-24
-22
-33
-37
-28
-38
-40
-43
-39
-41
-54
-68
-63
-54
-65
-67
-67
-70
-70
-72
-70
-72
-83
-75
-64
-57
-60
-59
-69
-82
-82
-79
-82
-87
-89
-87
-83
-92
-90
-88
-76
-71
-75
-60
-56
-55
-39
-24
-22
-32
-37
-30
-25
-20
-20
-14
-3
-5
10
25
20
23
30
31
30
36
44
38
46
49
38
47
53
59
60
64
56
51
50
51
55
60
59
65
74
76
95
86
75
76
81
76
91
92
88
89
79
72
72
71
83
75
64
68
68
62
51
54
41
36
42
49
41
53
47
25
36
31
25
36
31
20
12
11
18
2
-8
-13
-25
-28
-35
-36
-36
-39
-40
-50
-48
-53
-66
-65
-65
-68
-69
-63
-74
-81
-77
-72
-74
-61
-71
-73
-88
-88
-76
-82
-73
-56
-66
-76
-61
-53
-45
-50
-53
-56
-66
-48
-48
-34
-20
-36
-23
-28
-34
-32
-25
-24
-23
-19
-22
-17
-20
-7
-4
-11
-9
-9
-8
-14
-9
-9
-10
-16
-18
-8
-11
-6
-2
2
7
3
-2
6
18
26
27
20
22
27
35
35
47
56
57
42
37
38
38
45
51
51
56
47
41
56
51
60
66
57
57
55
58
61
62
65
59
58
57
50
54
53
53
60
54
46
43
41
42
33
28
25
24
23
17
13
2
-5
-16
-7
-4
0
-5
-14
-1
-9
-1
-4
-6
3
-8
-18
-17
-12
-23
-23
-23
-23
-18
-23
-13
-19
-30
-26
-19
-20
-29
-34
-35
-29
-26
-30
-25
-23
-33
-37
-40
-42
-42
-46
-43
-32
-33
-44
-37
-37
-40
-32
-33
-36
-38
-37
-43
-43
-49
-56
-50
-44
-42
-38
-36
-37
-31
-31
-32
-27
-19
-24
-4
-2
-9
-4
-1
8
10
12
6
5
-3
0
1
7
13
3
9
6
16
8
3
10
7
17
17
20
19
21
17
17
10
16
15
12
16
21
23
27
30
32
33
31
34
28
31
39
39
37
33
27
27
25
26
27
30
28
31
31
27
26
24
27
16
19
19
13
17
12
13
14
4
11
16
10
8
7
3
4
0
5
3
-8
-7
-5
-7
-9
-12
-17
-11
-13
-22
-15
-10
-5
-1
-7
-6
-3
-4
-7
-6
-10
-4
-1
-4
3
2
3
5
7
10
9
4
2
4
3
-1
5
-3
-6
-10
-8
-1
-10
-9
-7
-12
-14
-9
-10
-6
-8
-8
-15
-11
-12
-13
-14
-20
-14
-11
-10
-10
-18
-20
-19
-25
-27
-16
-17
-18
-10
-14
-10
-5
3
5
1
-5
-6
-4
-4
-4
-5
-11
-16
-13
-6
-15
-14
-13
-17
-22
-12
-13
-20
-16
-21
-16
-7
-9
-8
-5
-9
-13
-10
-17
-16
-16
-10
-7
-9
-8
-10
-13
-4
8
11
10
3
-2
0
6
14
21
15
16
17
10
20
27
23
20
16
17
24
30
37
34
25
28
31
37
35
39
35
25
31
28
22
20
15
18
15
11
12
7
9
13
7
1
4
-4
0
7
6
10
8
0
-1
2
3
-2
-6
-7
-7
-4
1
5
18
16
11
12
9
4
-5
-1
7
5
6
-4
-6
-3
-9
2
-3
-1
-4
-14
-17
-14
-5
-3
-6
-7
-16
-20
-11
-19
-23
-19
-19
-23
-29
-29
-29
-24
-24
-26
-28
-26
-26
-24
-22
-30
-28
-23
-22
-21
-23
-29
-33
-32
-27
-20
-10
-7
-8
-6
-1
-1
1
7
-1
6
7
3
2
1
-2
1
2
10
10
9
11
4
9
5
5
7
11
9
5
12
7
2
7
13
14
14
18
17
16
18
16
13
13
9
11
15
15
17
11
15
19
21
23
22
16
17
18
11
13
23
24
27
35
33
24
24
24
23
21
17
13
11
13
11
14
11
4
1
6
4
2
2
-3
-7
-11
-11
-13
-14
-12
-12
-12
-8
-11
-12
-8
-12
-9
-10
-14
-17
-16
-16
-12
-12
-14
-13
-11
-9
-10
-12
-9
-12
-15
-13
-13
-15
-16
-13
-15
-18
-16
-16
-15
-10
-12
-15
-13
-12
-16
-13
-5
-4
-11
-18
-16
-14
-15
-14
-18
-18
-10
-11
-13
-12
-15
-15
-16
-16
-10
-7
-3
-6
-8
-5
-8
-5
-1
-6
1
8
7
14
14
16
20
13
16
19
14
16
14
12
14
11
9
9
7
2
7
12
10
11
13
10
6
3
5
2
4
4
3
10
3
5
8
9
8
8
8
7
10
10
9
8
9
11
12
9
11
7
7
12
14
18
11
11
12
15
20
17
14
9
2
3
9
10
11
7
5
7
3
7
8
2
-2
-1
-1
2
-3
-7
-4
-9
-6
-8
-9
-10
-11
-15
-12
-11
-9
-3
-12
-18
-15
-16
-10
-7
-8
-10
-12
-9
-9
-9
-3
